# Run ; Subrun ; Event ; Track ; Charge Ratios View 0 ; Charge Ratios View 1 #
833 ; 0 ; 0 ; 0 ; [0.28402960061240173, 0.27477430427938132] ; [0.30342320059552386, 0.23632312620538595]
833 ; 0 ; 0 ; 1 ; [0.51726249785550082] ; [0.15974822307293918]
833 ; 0 ; 1 ; 0 ; [0.17333818793957059] ; [0.30837805923795769]
833 ; 0 ; 1 ; 2 ; [0.1635404279829272] ; [1.9340422594311577]
833 ; 0 ; 1 ; 3 ; [0.39555960347991076] ; [0.67208370519012905]
833 ; 0 ; 1 ; 4 ; [0.93038683190473348] ; [1.3026590029864871]
833 ; 0 ; 1 ; 5 ; [0.42409676720156514] ; [1.8264260501455236]
833 ; 0 ; 1 ; 6 ; [3.1020178895598098] ; [3.0354153149671461]
833 ; 0 ; 2 ; 0 ; [0.67938219296167723] ; [-0.012676308638106822]
833 ; 0 ; 2 ; 1 ; [0.31623415359255996] ; [0.07408625921858196]
833 ; 0 ; 3 ; 0 ; [0.48440786827149956, 0.25680250509497476, 0.099739936630541925] ; [0.72599709431195047, 0.37540658190063403, 0.12661835441824607]
833 ; 0 ; 5 ; 0 ; [0.48569284275311797] ; [3.0138806303369994]
833 ; 0 ; 5 ; 1 ; [1.2677442847151841] ; [0.5107178167560672]
833 ; 0 ; 5 ; 3 ; [0.47366924330692978] ; [0.21682096973507334]
833 ; 0 ; 5 ; 11 ; [0.57765408697907639] ; [0.13448290447696792]
833 ; 0 ; 5 ; 19 ; [0.10688113614466421] ; [1.6591789086735407]
833 ; 0 ; 7 ; 0 ; [0.19818232744275624, 0.1838466228423962, 0.12683184321068394] ; [0.39698306555098906, 0.27731273600008799, 0.19859109395908381]
833 ; 0 ; 8 ; 0 ; [0.13312157584226986] ; [0.22551264352469502]
833 ; 0 ; 8 ; 2 ; [0.78165818405650755] ; [0.40091785695994681]
833 ; 0 ; 8 ; 4 ; [0.6247131666763367] ; [1.3691937057367369]
833 ; 0 ; 8 ; 6 ; [-0.018546807739077638] ; [0.15752251588891189]
833 ; 0 ; 8 ; 11 ; [0.57894439461521241] ; [1.3969449006258947]
833 ; 0 ; 8 ; 12 ; [0.73713706141641799] ; [0.81515203345063592]
833 ; 0 ; 9 ; 0 ; [0.34118886233184614] ; [0.023637583291488469]
833 ; 0 ; 9 ; 3 ; [1.5234649995371556] ; [0.53510218096316675]
833 ; 0 ; 9 ; 7 ; [1.6710605388821906] ; [0.63080236376689558]
833 ; 0 ; 10 ; 0 ; [0.99694829111966154, 0.21327453304500013] ; [0.99042022849091338, 0.4102669280185644]
833 ; 0 ; 11 ; 0 ; [0.19802431465929884, 0.096627188802699729] ; [0.7145332553755962, 0.094275390382281096]
833 ; 0 ; 11 ; 1 ; [0.10404227208996546] ; [0.20201001032230737]
833 ; 0 ; 11 ; 3 ; [-2.1988763286124014e-05] ; [9.8015123308826198]
833 ; 0 ; 12 ; 0 ; [0.47196674048762688] ; [1.7705028828148712]
833 ; 0 ; 12 ; 1 ; [0.3089110528112945] ; [0.32997555833894465]
833 ; 0 ; 12 ; 3 ; [0.048496487408235298] ; [1.6339911373700222]
833 ; 0 ; 12 ; 4 ; [0.27661007820219957] ; [1.12609237005535]
833 ; 0 ; 12 ; 6 ; [0.39056867770008818, 0.48109774043078191] ; [0.33316812266266849, 0.37339192035311414]
833 ; 0 ; 13 ; 0 ; [0.18364372248519259, 0.12300304446410604] ; [0.22796837874836659, 0.27918415016595088]
833 ; 0 ; 14 ; 0 ; [0.19937599693079622, 0.17229247950112264, 0.0044378107186570787] ; [0.39415540563389229, 0.70808926582119924, 0.13365338584862793]
833 ; 0 ; 14 ; 1 ; [-0.021070604778437054] ; [0.0017592596867379354]
833 ; 0 ; 15 ; 0 ; [1.2903898720180083] ; [0.2735825395837993]
833 ; 0 ; 16 ; 0 ; [0.45159996691687404] ; [0.41157719515609614]
833 ; 0 ; 16 ; 3 ; [0.075788464047236034] ; [0.049375848858768279]
833 ; 0 ; 17 ; 0 ; [1.6791446115579893] ; [1.8375114748468406]
833 ; 0 ; 17 ; 7 ; [6.8760712659180898] ; [2.2548217354737137]
833 ; 0 ; 18 ; 4 ; [0.13227078936567552] ; [1.3907404041474172]
833 ; 0 ; 18 ; 9 ; [0.73449036310898341] ; [0.7949797954388037]
833 ; 0 ; 18 ; 10 ; [1.5913906587152946] ; [2.2952629107854654]
833 ; 0 ; 18 ; 12 ; [0.098017163327526483] ; [1.7614758179930952]
833 ; 0 ; 19 ; 0 ; [0.37420125101238055, 1.1234881458107908] ; [0.29565391636120791, 0.30692123718066427]
833 ; 0 ; 20 ; 1 ; [0.24142444443254951] ; [0.50345784603596666]
833 ; 0 ; 20 ; 3 ; [1.2310424023218791] ; [1.5677785703210452]
833 ; 0 ; 20 ; 5 ; [1.2774756091382002] ; [0.35628867243842893]
833 ; 0 ; 20 ; 6 ; [0.037619104677590769] ; [1.9001091866532864]
833 ; 0 ; 20 ; 8 ; [0.66882145776618551, 0.33783996921795068, 0.66831399670861391] ; [0.38153608046270532, 0.29523535542648977, 1.2290763003470602]
833 ; 0 ; 21 ; 0 ; [0.060250519270753949, 0.0016311157653159159] ; [0.36053717623435355, 0.26468995230336517]
833 ; 0 ; 22 ; 0 ; [0.53293446987309878] ; [0.53055888358547998]
833 ; 0 ; 22 ; 2 ; [1.5765172584557623] ; [0.16813829354351501]
833 ; 0 ; 22 ; 5 ; [1.6350131457675647] ; [0.88157968268050091]
833 ; 0 ; 22 ; 8 ; [1.6663920781083645] ; [0.84018973416257425]
833 ; 0 ; 22 ; 11 ; [1.9408893265503817] ; [0.93951725675341347]
833 ; 0 ; 22 ; 12 ; [0.96380137475879157] ; [0.96479304208357419]
833 ; 0 ; 22 ; 13 ; [1.471678582312804] ; [1.5634696409260953]
833 ; 0 ; 22 ; 14 ; [1.069840575687399] ; [1.2229863693978416]
833 ; 0 ; 22 ; 15 ; [1.0355335910663261] ; [1.4489914957330541]
833 ; 0 ; 23 ; 0 ; [0.30361291958141268] ; [0.54493862122860137]
833 ; 0 ; 23 ; 1 ; [0.3516143662923773, 0.44070317868411096] ; [0.28708372732639253, 0.58322845133874179]
833 ; 0 ; 23 ; 2 ; [0.19291317870958083] ; [0.37715293908436937]
833 ; 0 ; 24 ; 0 ; [0.055971220156266009] ; [0.069388355893169121]
833 ; 0 ; 24 ; 1 ; [0.03605395337580964] ; [0.15775008142064112]
833 ; 0 ; 24 ; 3 ; [0.014113622010055222] ; [0.016116118935727401]
833 ; 0 ; 25 ; 0 ; [0.37573645228582242, 0.54729693900740972, 0.56088571255834796] ; [0.33390233745977393, 0.61625540570636672, 0.23070668512097542]
833 ; 0 ; 26 ; 0 ; [0.29413976557172467, 0.26673151705400672, 0.34369131817895193, 0.31976591607607313, 0.20497718879934954] ; [0.19148238215714036, 0.33904416536155818, 0.40701756305710046, 0.24728444830125382, 0.22981606288633796]
833 ; 0 ; 26 ; 1 ; [0.04013981558835978] ; [0.24237780246612786]
833 ; 0 ; 27 ; 0 ; [0.77258130520030055] ; [1.2157529448766569]
833 ; 0 ; 27 ; 1 ; [0.20574205043800636] ; [0.2914434411873888]
833 ; 0 ; 27 ; 5 ; [0.73798185054544141] ; [0.53265106001212204]
833 ; 0 ; 27 ; 9 ; [0.93769083020842847] ; [10.785928511853877]
833 ; 0 ; 27 ; 12 ; [0.45799364784657426] ; [0.19579972278049246]
833 ; 0 ; 28 ; 0 ; [0.56288546695985564, 0.31674955439497587] ; [0.6927233872046874, 0.2710961022385513]
833 ; 0 ; 29 ; 0 ; [0.26151989666840475] ; [0.21815254204858206]
833 ; 0 ; 31 ; 0 ; [1.4763288966333867, 0.12113224087933544] ; [0.0073788131363851312, 0.030107349955637588]
833 ; 0 ; 31 ; 3 ; [1.3679669201059708] ; [0.63605089276684557]
833 ; 0 ; 31 ; 4 ; [2.4187948164360757] ; [1.3010597572708307]
833 ; 0 ; 31 ; 5 ; [0.056340669608534164] ; [0.60959161296794617]
833 ; 0 ; 31 ; 6 ; [0.082403734781075988] ; [0.62020539972749755]
833 ; 0 ; 33 ; 0 ; [0.15964879120618755, 0.26867268285548973] ; [0.21404831303143551, 0.30818765448141711]
833 ; 0 ; 34 ; 0 ; [0.14606591607177305] ; [0.28907699411468096]
833 ; 0 ; 34 ; 2 ; [0.16788556018629405] ; [0.36319789451046824]
833 ; 0 ; 35 ; 0 ; [0.29585368216685443, 0.13419344357664323] ; [0.36617477867926596, 0.24556544047324222]
833 ; 0 ; 36 ; 0 ; [0.12338309801155746, 0.15263234719821517] ; [0.32258597354428187, 0.17964957612000551]
833 ; 0 ; 36 ; 1 ; [0.023290698403387631] ; [0.20675694004245462]
833 ; 0 ; 37 ; 0 ; [0.3414469126081987, 0.021232312223221472, 0.016828465314376109] ; [0.53331173675343357, 0.27668163258004264, 0.4290916984666267]
833 ; 0 ; 37 ; 1 ; [0.093346811690062981] ; [0.57246101392502036]
833 ; 0 ; 39 ; 0 ; [0.28921445261770096, 0.38479088583558457, 0.64954104147507874] ; [0.26846826792045275, 0.26569342530303208, 0.67286796022019257]
833 ; 0 ; 40 ; 0 ; [0.72218507470610593] ; [0.4110826075988453]
833 ; 0 ; 41 ; 0 ; [0.29639325054440779] ; [0.43849319494711558]
833 ; 0 ; 41 ; 1 ; [1.2356037252838397] ; [1.598114050877333]
833 ; 0 ; 42 ; 0 ; [0.88795284950640474] ; [0.36435786268995579]
833 ; 0 ; 42 ; 2 ; [0.085935033014725104] ; [2.0284470727998736]
833 ; 0 ; 43 ; 0 ; [0.21800037154781277, 0.39837364837385708, 0.69163596387708937] ; [0.30601666156992163, 0.34440599791801313, 0.20389846850620474]
833 ; 0 ; 43 ; 1 ; [0.59213236018621984] ; [0.11015104575985117]
833 ; 0 ; 44 ; 0 ; [0.11547182784081293, -0.0060380464155118238] ; [0.33955073727310769, 0.054489308183049479]
833 ; 0 ; 44 ; 1 ; [0.0091454652327144798] ; [0.065185017843505888]
833 ; 0 ; 45 ; 0 ; [1.7600888207088641] ; [0.5613417913148494]
833 ; 0 ; 45 ; 1 ; [0.32293680145080222] ; [0.14125889434502562]
833 ; 0 ; 45 ; 2 ; [0.027379156239267854] ; [0.45638470232299222]
833 ; 0 ; 45 ; 3 ; [0.15254409909749553] ; [0.26453941798190933]
833 ; 0 ; 45 ; 4 ; [0.18686970620774548] ; [0.039149599738975124]
833 ; 0 ; 46 ; 0 ; [0.070598518689504758] ; [0.7868046020277546]
833 ; 0 ; 46 ; 1 ; [0.049888869544782173] ; [0.02878110835205611]
833 ; 0 ; 46 ; 2 ; [0.39320246406738313] ; [2.4195183892123837]
833 ; 0 ; 46 ; 6 ; [0.111385199352912] ; [-0.080214300675581426]
833 ; 0 ; 47 ; 0 ; [1.1354383872070102] ; [0.3847086359839138]
833 ; 0 ; 47 ; 1 ; [1.0958105960542355] ; [0.23509780447195375]
833 ; 0 ; 47 ; 4 ; [6.728516011620874] ; [2.0028419193851814]
833 ; 0 ; 47 ; 5 ; [0.77643058643866247] ; [3.1205829960033395]
833 ; 0 ; 47 ; 10 ; [1.4415717143707036] ; [2.7985171690895703]
833 ; 0 ; 48 ; 0 ; [0.95835109537419194] ; [1.3505128192805775]
833 ; 0 ; 48 ; 4 ; [0.43256643645186948] ; [2.2418720566623125]
833 ; 0 ; 48 ; 5 ; [0.58555603563362113] ; [2.3538965845988717]
833 ; 0 ; 48 ; 6 ; [1.0805545587713048] ; [1.9057888266584266]
833 ; 0 ; 48 ; 7 ; [0.14893984661032519] ; [0.54688159689854099]
833 ; 0 ; 48 ; 8 ; [0.88550019878721142] ; [1.6015490647912825]
833 ; 0 ; 48 ; 9 ; [0.94886772614314119] ; [0.44454908821045663]
833 ; 0 ; 48 ; 10 ; [1.0012389687146093] ; [1.8294186126384488]
833 ; 0 ; 48 ; 14 ; [0.87621443711265679] ; [4.4913503889650706]
833 ; 0 ; 48 ; 15 ; [1.0692064082922828] ; [0.57852805535456575]
833 ; 0 ; 48 ; 18 ; [1.7968843825389389] ; [1.6867784767381999]
833 ; 0 ; 48 ; 20 ; [4.408528980506178] ; [1.6884848500420573]
833 ; 0 ; 48 ; 22 ; [1.6288023050489522] ; [1.2788762416084829]
833 ; 0 ; 48 ; 27 ; [2.1508948728649822] ; [1.5407787154110597]
833 ; 0 ; 48 ; 28 ; [1.7346520717727598] ; [1.3155123696341697]
833 ; 0 ; 48 ; 31 ; [1.4997653133740851] ; [1.1163659244211706]
833 ; 0 ; 49 ; 0 ; [0.20466134131487215] ; [0.54890872134216873]
833 ; 0 ; 49 ; 1 ; [0.38408667682346975] ; [0.61775754973795294]
833 ; 0 ; 49 ; 4 ; [0.15797006203885938] ; [0.58797408117526895]
833 ; 0 ; 50 ; 0 ; [0.49467091835773402] ; [0.39428267230432434]
833 ; 0 ; 50 ; 1 ; [0.43761416286074295] ; [0.087972064238108785]
833 ; 0 ; 50 ; 4 ; [0.15609498780922601] ; [0.14313171917863338]
833 ; 0 ; 51 ; 0 ; [0.58317938042755335, 0.48370709515569821, 0.42113564209738785] ; [0.63407745459225717, 1.039233196634352, 0.64015230748308405]
833 ; 0 ; 52 ; 0 ; [0.094811918077032556, 0.13000289774378893, 0.082608738919571184, 0.16449548008671422] ; [0.2782679794986288, 0.30972119523488362, 0.22018831225093807, 0.068745864039392021]
833 ; 0 ; 53 ; 0 ; [-0.044623153501140475] ; [0.19462980327559351]
833 ; 0 ; 53 ; 2 ; [0.019820569040664537] ; [0.013667066284852359]
833 ; 0 ; 53 ; 3 ; [0.12155372204476156] ; [0.46876530471687572]
833 ; 0 ; 53 ; 4 ; [0.17819431157603804] ; [0.84118341535148422]
833 ; 0 ; 53 ; 5 ; [0.32962412685313053] ; [1.9783076812405418]
833 ; 0 ; 53 ; 8 ; [0.30873081435701122] ; [0.68694952664704068]
833 ; 0 ; 53 ; 9 ; [0.33981126924314142] ; [1.4622401313595017]
833 ; 0 ; 54 ; 0 ; [0.53831179926118822] ; [0.19166311318606252]
833 ; 0 ; 54 ; 1 ; [0.11381073289408558] ; [0.29024542652454138]
833 ; 0 ; 54 ; 3 ; [0.46279190075373683] ; [-0.0028508862618214599]
833 ; 0 ; 54 ; 4 ; [3.730522701183844] ; [0.024123037372012521]
833 ; 0 ; 55 ; 0 ; [0.13847966203077264, 0.14345432392026936, 0.34111163999434096, 0.14225437187714987, 0.054903671891067499] ; [0.22887046077952863, 0.24722101625687676, 0.52078554425892087, 0.35970749703710686, 0.10944672045595434]
833 ; 0 ; 55 ; 2 ; [0.022431231653598192] ; [0.01680641649918618]
833 ; 0 ; 59 ; 0 ; [0.2478731960637596, 1.2091365798199165] ; [0.43980986719841209, 0.27520316866400119]
833 ; 0 ; 59 ; 1 ; [0.48335991030087266] ; [0.19548643304897192]
833 ; 0 ; 59 ; 6 ; [0.35441347189094163] ; [0.39951746410517947]
833 ; 0 ; 60 ; 0 ; [0.061279004534067913] ; [0.13485395212487794]
833 ; 0 ; 61 ; 0 ; [0.3239915406161743, 0.35172317290122557, 0.094310133717972061] ; [0.20224978629953269, 0.56991463118514074, 0.35268931572077367]
833 ; 0 ; 61 ; 1 ; [0.36601366561819665, 0.29622702605337481] ; [0.02068583186470218, 0.013102951298663942]
833 ; 0 ; 61 ; 2 ; [1.3237167707361739] ; [0.077471833629883718]
833 ; 0 ; 63 ; 0 ; [0.077479477613117492] ; [1.3675979385215598]
833 ; 0 ; 63 ; 1 ; [1.2529350513183342] ; [0.87275104871649578]
833 ; 0 ; 63 ; 2 ; [0.73383808416323826] ; [2.4473295521700962]
833 ; 0 ; 64 ; 0 ; [0.3881816341796257, 0.35571091272176503, 0.28944445828515042, 0.30184902254061435, 0.3114238163226406, 0.24978640575830843] ; [0.12809252180792194, 0.36154540616783098, 0.3729334120587503, 0.2854801920018451, 0.30895997654489077, 0.092924193530585175]
833 ; 0 ; 65 ; 0 ; [0.087367519565575549] ; [0.49662089596309011]
833 ; 0 ; 65 ; 1 ; [0.084149004326626697] ; [0.33885169160224599]
833 ; 0 ; 65 ; 2 ; [0.42393892753008261] ; [0.070554148237603781]
833 ; 0 ; 65 ; 6 ; [1.4346495747615027] ; [1.868104443667564]
833 ; 0 ; 65 ; 7 ; [0.39907834011340465] ; [1.8376955293357378]
833 ; 0 ; 66 ; 0 ; [0.20415488668356382, 0.93705368645408127, 0.25955015141503995] ; [0.24329051717529437, 0.85179188494595859, 0.17456112989109329]
833 ; 0 ; 66 ; 1 ; [0.46940710982797174] ; [0.040700976972657212]
833 ; 0 ; 66 ; 2 ; [0.34595874817296146] ; [0.48156136857666915]
833 ; 0 ; 67 ; 0 ; [0.78872529649125911] ; [0.15112198152891568]
833 ; 0 ; 68 ; 0 ; [0.0021442354968430662] ; [0.013265696531557758]
833 ; 0 ; 69 ; 0 ; [0.16384980110503822, 0.32037876606668209, 0.030004994775703436] ; [0.48213913484768717, 0.62736075222743715, 0.30814600642556061]
833 ; 0 ; 70 ; 0 ; [0.066647943254029604] ; [0.48757096970965702]
833 ; 0 ; 70 ; 1 ; [0.10723858756647996] ; [0.16428413674966491]
833 ; 0 ; 71 ; 0 ; [0.39116379101510734, 0.2474897103379112, 0.33435542608047586, 0.36682474614455363] ; [0.46512093461219373, 0.35418810697805247, 0.46433446421568819, 0.56832115798234106]
833 ; 0 ; 71 ; 1 ; [0.11311115628531751] ; [0.15629302576707199]
833 ; 0 ; 71 ; 3 ; [0.048994523494087096] ; [0.014010671718276703]
833 ; 0 ; 73 ; 1 ; [1.2807896996910699] ; [0.6758391533695125]
833 ; 0 ; 73 ; 2 ; [3.2228700604785416] ; [0.52993392218767965]
833 ; 0 ; 73 ; 4 ; [1.2427824332910042] ; [1.6029442859037613]
833 ; 0 ; 73 ; 5 ; [1.0571245732192192] ; [0.091339218729931615]
833 ; 0 ; 73 ; 6 ; [0.96815214669368455] ; [1.3173010344465144]
833 ; 0 ; 73 ; 9 ; [0.42144918140157356] ; [2.360387354541845]
833 ; 0 ; 73 ; 10 ; [1.0081249776107541] ; [2.1111505056409938]
833 ; 0 ; 73 ; 12 ; [0.65609724772292111] ; [1.740394780995576]
833 ; 0 ; 73 ; 16 ; [0.5808180455440598] ; [0.93345369036517856]
833 ; 0 ; 73 ; 17 ; [0.5171059229585917] ; [1.4271775736144094]
833 ; 0 ; 73 ; 19 ; [3.2787618095846067] ; [2.0585559355906251]
833 ; 0 ; 74 ; 1 ; [0.17085086141858136] ; [0.54503812179977074]
833 ; 0 ; 74 ; 4 ; [0.55715884763340418] ; [0.72082766013904909]
833 ; 0 ; 74 ; 6 ; [0.47940490535619829] ; [1.0928916292137354]
833 ; 0 ; 74 ; 7 ; [0.34473529603128844] ; [0.28257956089914915]
833 ; 0 ; 75 ; 0 ; [0.21294002955478314, 0.36429991288911806, 0.39277997351178584, 0.37514353795660665] ; [0.28000007273673783, 0.71760385395297699, 0.50293223002459175, 0.43998681986954941]
833 ; 0 ; 75 ; 2 ; [0.69041314488498906] ; [1.3027341643216983]
833 ; 0 ; 76 ; 0 ; [0.35950124216620449] ; [0.76218762385549177]
833 ; 0 ; 77 ; 0 ; [0.17248115278192647] ; [0.18712563281276862]
833 ; 0 ; 77 ; 1 ; [0.12655104446941234] ; [0.42186860509209795]
833 ; 0 ; 77 ; 2 ; [0.10488110144822836] ; [0.10211923164383264]
833 ; 0 ; 77 ; 4 ; [0.12903702229189015] ; [0.59601674760089984]
833 ; 0 ; 78 ; 0 ; [0.033828827183497945, 0.04304159090069639, 0.0016575857099979214, -0.010122233339456044] ; [0.46897179678237688, 0.17271065231160065, 0.3083969431275434, 0.088794698304818356]
833 ; 0 ; 78 ; 1 ; [0.019035065901453246] ; [0.11669851780420273]
833 ; 0 ; 78 ; 3 ; [0.11160779470135596] ; [0.1562583401734452]
833 ; 0 ; 79 ; 0 ; [0.19850103885029385, 0.37129298402210564] ; [0.1712308496610053, 0.66527725024340911]
833 ; 0 ; 80 ; 0 ; [0.13887420831718925] ; [0.27023123881837108]
833 ; 0 ; 80 ; 1 ; [0.53933369469634762] ; [0.34797341190856984]
833 ; 0 ; 80 ; 2 ; [0.72405266526705425] ; [0.0088939369157219929]
833 ; 0 ; 81 ; 0 ; [0.1964134582957891] ; [0.8532457716880576]
833 ; 0 ; 81 ; 1 ; [0.13833361152085022] ; [0.16772251380203296]
833 ; 0 ; 81 ; 2 ; [1.5471468188701973] ; [1.5657771466710857]
833 ; 0 ; 81 ; 12 ; [1.534729124812751] ; [1.1142898718233825]
833 ; 0 ; 81 ; 15 ; [0.88884646183521632] ; [1.4894303195726135]
833 ; 0 ; 81 ; 17 ; [0.96491108606023146] ; [0.0033247758157792765]
833 ; 0 ; 82 ; 0 ; [0.35810782285065323, 0.20705535872062639, 0.22565067375456993, 0.14381784263476799] ; [0.23636464829757373, 0.23354444586963585, 0.33528765771019015, 0.24488382802093214]
833 ; 0 ; 83 ; 0 ; [0.30107682817819004, 0.015357185770398404, 0.047661981136554739, 0.39971767652772272] ; [0.25913106632867705, 0.37703985898382331, 0.5331485628321645, 0.086136142960804477]
833 ; 0 ; 84 ; 0 ; [0.034258881643852691] ; [0.22926048678082811]
833 ; 0 ; 84 ; 1 ; [0.061085571023606476] ; [1.0377882425960796]
833 ; 0 ; 85 ; 0 ; [0.25062362314634873, 0.93263719934627654] ; [0.54374583776011221, 1.1497157400914317]
833 ; 0 ; 85 ; 1 ; [0.76156828612120608] ; [0.8436290920884153]
833 ; 0 ; 86 ; 1 ; [0.52002295392416675] ; [1.3254840910243557]
833 ; 0 ; 86 ; 3 ; [0.33593442538706603] ; [3.826304009638148]
833 ; 0 ; 87 ; 0 ; [0.036196879393911564, 0.067968006137400144, 0.049079435801891093, -0.0030958675275896703] ; [0.31321274193681559, 0.23449249877688316, 0.33511267264738603, 0.076644689491067966]
833 ; 0 ; 87 ; 1 ; [0.13732563157617922] ; [0.17215522251570922]
833 ; 0 ; 87 ; 2 ; [0.020766242256175182] ; [-0.0015251343459432749]
833 ; 0 ; 88 ; 0 ; [0.5711806320801549] ; [1.1802077544915208]
833 ; 0 ; 88 ; 1 ; [0.059328425234679669] ; [0.2070991961179709]
833 ; 0 ; 88 ; 5 ; [1.2593020299907178] ; [0.42202450349514153]
833 ; 0 ; 88 ; 7 ; [1.3145170549357141] ; [0.89080482941526351]
833 ; 0 ; 89 ; 1 ; [0.62712380942533941] ; [0.4162444895596038]
833 ; 0 ; 89 ; 2 ; [0.56031456322168494] ; [1.3364372432564637]
833 ; 0 ; 89 ; 3 ; [0.57085806417844287] ; [1.5165113759760724]
833 ; 0 ; 89 ; 5 ; [0.34462314915467529] ; [0.92416419549125794]
833 ; 0 ; 89 ; 12 ; [0.43690262093003895] ; [0.45392530472029363]
833 ; 0 ; 89 ; 13 ; [0.48867960302430385] ; [0.84760263629313859]
833 ; 0 ; 90 ; 0 ; [0.21105122535034537, 0.063023692640740744, 0.25525743665517825, 0.41698364898024032, 0.14621092916053705] ; [0.33563278078465603, 0.48589591213765126, 0.69157194161733826, 0.62509842599915277, 0.062799229181316724]
833 ; 0 ; 90 ; 1 ; [0.055786168181319463, 0.082729772348363553] ; [0.40556180304730333, 0.22251757960810717]
833 ; 0 ; 90 ; 3 ; [0.14211010338709429, 0.21286735164523921] ; [0.32119293913420516, 0.95896422926320579]
833 ; 0 ; 91 ; 0 ; [0.012013122605704774, 0.14680761200488057, 0.0022788711906586165] ; [0.25288375047329431, 0.60927043820403326, 0.23356548946089556]
833 ; 0 ; 91 ; 1 ; [0.089269965599880124] ; [0.64311397062758768]
833 ; 0 ; 91 ; 2 ; [0.096568396359238501] ; [0.69561719061593208]
833 ; 0 ; 93 ; 0 ; [0.045864866342911557, 0.066530696015098006, 0.065648344710132117, 0.0086203086212005547] ; [0.36360636889836401, 0.3393522640287136, 0.41367452490671763, -0.028669006667409191]
833 ; 0 ; 95 ; 0 ; [0.3951167944884223] ; [0.34326983858734467]
833 ; 0 ; 95 ; 1 ; [0.20563688652218476] ; [0.37415245066058661]
833 ; 0 ; 95 ; 3 ; [0.016963520008504047] ; [0.080594000341900382]
833 ; 0 ; 95 ; 7 ; [0.16359532903083529] ; [1.0207043400069595]
833 ; 0 ; 95 ; 8 ; [0.082319003064639629] ; [2.7329153555738528]
833 ; 0 ; 96 ; 0 ; [-0.031493246217011737, 0.091155094600396627] ; [0.2081776443451723, 0.056600305702525298]
833 ; 0 ; 96 ; 1 ; [0.026970796842249345] ; [0.0056433183081360016]
833 ; 0 ; 97 ; 0 ; [0.087715243353486419, 1.3086070755393215, 0.72386241604637847, 0.22370638267897949] ; [0.36193405541031071, 0.30151456627783174, 0.23893979312955302, 0.25887762007875065]
833 ; 0 ; 97 ; 1 ; [0.13933402876618345] ; [0.066205695703082962]
833 ; 0 ; 98 ; 0 ; [0.4414623007632057] ; [4.7384871707967999]
833 ; 0 ; 98 ; 1 ; [0.023598501480460974] ; [0.023275621655370528]
833 ; 0 ; 99 ; 0 ; [0.48386941384536186, 0.53664403201844069] ; [0.51393805958402772, 0.5544961796276715]
833 ; 0 ; 99 ; 1 ; [0.13042477595052146] ; [0.70343528016617518]
833 ; 0 ; 101 ; 0 ; [0.37640554946095628] ; [0.20086090972806056]
833 ; 0 ; 101 ; 1 ; [1.7469223255501309] ; [1.6016156262884835]
833 ; 0 ; 101 ; 2 ; [0.17646658619122127] ; [0.88328382991545484]
833 ; 0 ; 101 ; 5 ; [0.3138383909248858] ; [1.6652523449406091]
833 ; 0 ; 101 ; 7 ; [0.22903776745300786] ; [2.0770406325502382]
833 ; 0 ; 101 ; 8 ; [0.111580978751985] ; [1.1692864499354609]
833 ; 0 ; 101 ; 9 ; [0.035218894053373188] ; [1.1597610323683607]
833 ; 0 ; 102 ; 0 ; [0.24096622663579725] ; [0.41467078500224547]
833 ; 0 ; 102 ; 1 ; [0.68284108228254081] ; [3.4129582315858715]
833 ; 0 ; 102 ; 3 ; [0.60085169912085334] ; [6.2036649636547248]
833 ; 0 ; 102 ; 4 ; [2.8110802187872954] ; [1.2844339580799269]
833 ; 0 ; 102 ; 6 ; [2.7755289801331937] ; [1.7752048119963362]
833 ; 0 ; 102 ; 8 ; [0.49754169005848398] ; [0.20607676089502644]
833 ; 0 ; 102 ; 9 ; [2.1699562814364324] ; [0.18248600557427025]
833 ; 0 ; 103 ; 0 ; [0.93258169124265333, 0.026203752505676463] ; [0.79318451009465496, 0.20324652417639291]
833 ; 0 ; 103 ; 5 ; [0.11889254317295542] ; [0.73839995973892714]
833 ; 0 ; 103 ; 6 ; [5.9454814361572144] ; [1.5773653810137875]
833 ; 0 ; 103 ; 7 ; [0.28130991192313842] ; [0.84247676286872986]
833 ; 0 ; 104 ; 0 ; [0.33373166405684968] ; [0.25792817502069088]
833 ; 0 ; 104 ; 1 ; [0.024596307774476765] ; [0.076811010654783143]
833 ; 0 ; 105 ; 1 ; [0.51561878318364929] ; [0.0061651998101102364]
833 ; 0 ; 105 ; 2 ; [1.7783705920750446] ; [0.58808508076804034]
833 ; 0 ; 105 ; 3 ; [2.1087684208145854] ; [1.2983485716576593]
833 ; 0 ; 105 ; 5 ; [0.038851641378886609] ; [0.73544282134896133]
833 ; 0 ; 105 ; 6 ; [1.1222187020183396] ; [1.9175064923514031]
833 ; 0 ; 105 ; 7 ; [4.8937851099380074] ; [1.7036893577024759]
833 ; 0 ; 105 ; 8 ; [2.0401195279019086] ; [0.67696297261889193]
833 ; 0 ; 105 ; 11 ; [2.5412954889657691] ; [2.4958916814095198]
833 ; 0 ; 105 ; 13 ; [1.2820047500041365] ; [0.81311206405718717]
833 ; 0 ; 105 ; 20 ; [0.58324847815306224] ; [0.69593738584029363]
833 ; 0 ; 105 ; 21 ; [1.0763203862305883] ; [2.0420538036170206]
833 ; 0 ; 105 ; 23 ; [2.1725066585285355] ; [2.8133556347583633]
833 ; 0 ; 105 ; 25 ; [1.7228685727661432] ; [1.7505678133609801]
833 ; 0 ; 105 ; 26 ; [4.5844041756610201] ; [2.3273897993921113]
833 ; 0 ; 105 ; 27 ; [1.7227216285197151] ; [1.4268516369544963]
833 ; 0 ; 105 ; 30 ; [1.9416459434174227] ; [0.97055748975926293]
833 ; 0 ; 105 ; 31 ; [1.7977882399945697] ; [0.74329390807272766]
833 ; 0 ; 105 ; 33 ; [3.9665140726278074] ; [0.72414880912284985]
833 ; 0 ; 105 ; 37 ; [1.5958620057477901] ; [0.896237665997625]
833 ; 0 ; 105 ; 39 ; [0.50325883785585224] ; [2.3559149972811095]
833 ; 0 ; 106 ; 0 ; [0.75859247954892184] ; [0.11498943687313921]
833 ; 0 ; 106 ; 1 ; [1.8479592817661425] ; [1.5347300983644163]
833 ; 0 ; 107 ; 0 ; [0.63895323690296624, 0.45717878939974033] ; [0.63553596901468734, 0.39000036409222238]
833 ; 0 ; 107 ; 1 ; [0.88850732792538689] ; [0.3091835500781388]
833 ; 0 ; 107 ; 3 ; [0.037581100353642836] ; [0.49251858306656948]
833 ; 0 ; 107 ; 5 ; [0.48442464750467135] ; [0.27035968217938389]
833 ; 0 ; 108 ; 0 ; [0.23237571552191072, 0.18061033048753786] ; [0.17976417255107061, 0.27576473895910691]
833 ; 0 ; 108 ; 1 ; [1.3057178316954754] ; [0.90316603937823359]
833 ; 0 ; 108 ; 2 ; [0.15520364374336756] ; [-0.011313697801532633]
833 ; 0 ; 108 ; 6 ; [5.0374799479505956] ; [0.33724489105937905]
833 ; 0 ; 108 ; 7 ; [0.5365137079707063] ; [0.45329830176359609]
833 ; 0 ; 109 ; 0 ; [2.6609961968514924, 0.28675876768784953, 0.33172881526506476, 0.24777524320854843, 0.15561331026772435] ; [0.57339885568982785, 0.56308144891082923, 0.33508299672087288, 0.3030869047433235, 0.27585880338230356]
833 ; 0 ; 110 ; 0 ; [0.46246767078571938] ; [0.25077823567915858]
833 ; 0 ; 110 ; 2 ; [1.1945629907768218] ; [1.7119668882147987]
833 ; 0 ; 111 ; 0 ; [0.00073082041377044561, 0.019044149598207053, 0.065271255959158572, 0.0085089268707129011] ; [0.20905484779824468, 0.33429852536220095, 0.78755209235004631, 0.21622962164254464]
833 ; 0 ; 111 ; 1 ; [0.10627306607280859] ; [0.2558440026015027]
833 ; 0 ; 112 ; 0 ; [0.71012424899138571] ; [1.0813921424349788]
833 ; 0 ; 113 ; 0 ; [0.30236750474012131] ; [0.082143321929432259]
833 ; 0 ; 113 ; 1 ; [0.6500640493415073] ; [1.1397421916923913]
833 ; 0 ; 113 ; 2 ; [0.79849394669980822] ; [1.3153779796257101]
833 ; 0 ; 113 ; 5 ; [9.3783633512591891] ; [0.23064461166140632]
833 ; 0 ; 113 ; 7 ; [0.0065440442514670977] ; [0.37794272076432006]
833 ; 0 ; 114 ; 0 ; [0.57137457048328477] ; [0.084676063229286627]
833 ; 0 ; 114 ; 1 ; [0.51981240720840904] ; [0.20942124876433119]
833 ; 0 ; 114 ; 2 ; [0.15579190211074362] ; [0.55475908120531148]
833 ; 0 ; 114 ; 4 ; [0.67240737883433555] ; [0.31016825964472217]
833 ; 0 ; 114 ; 5 ; [0.27521022017012342] ; [0.12095356617339566]
833 ; 0 ; 114 ; 8 ; [0.45027959455739802] ; [8.5418691940091378]
833 ; 0 ; 115 ; 0 ; [0.067311131656685549, 0.00032368353052454163, 0.10746770714279701] ; [0.31818778609448201, 0.64002334540089667, 0.26653266136555775]
833 ; 0 ; 115 ; 2 ; [0.058612052735106446] ; [0.47493237514118536]
833 ; 0 ; 116 ; 0 ; [0.32646225416895402] ; [0.95826548755907492]
833 ; 0 ; 116 ; 1 ; [0.59146844487598449] ; [0.090436095350244022]
833 ; 0 ; 116 ; 2 ; [0.31561050262330193] ; [0.62283659232125199]
833 ; 0 ; 116 ; 3 ; [2.1530468401630114] ; [0.35613898582149767]
833 ; 0 ; 116 ; 6 ; [0.57103382658507162] ; [1.3285230079556392]
833 ; 0 ; 116 ; 9 ; [0.029552255362080764] ; [0.60883939062018588]
833 ; 0 ; 116 ; 12 ; [0.54470659099358987] ; [0.47973361483815619]
833 ; 0 ; 116 ; 13 ; [0.20587066539804144] ; [0.41653420713810457]
833 ; 0 ; 117 ; 0 ; [1.0252653794820794, 0.10352546263553024, 0.25942744319227146, 0.011579827530005894] ; [0.23983678934301594, 0.48567789315039905, 0.81948128969574718, 0.24980762034306936]
833 ; 0 ; 118 ; 0 ; [0.17189783224060609, 0.17933856952005198, 0.33079609997379728, 0.30105536045226344] ; [0.27987388956102116, 0.28234314829315904, 0.32397888872072655, 0.088008366487848239]
833 ; 0 ; 119 ; 1 ; [-0.23560344681141701] ; [0.34806891587073258]
833 ; 0 ; 119 ; 5 ; [0.66679135354023433] ; [0.24809249588793805]
833 ; 0 ; 121 ; 0 ; [0.41281348331299494, 0.08841880878236609] ; [0.31250511536191788, 0.30599184181228012]
833 ; 0 ; 122 ; 0 ; [0.41344840821594853] ; [0.019909123254897541]
833 ; 0 ; 122 ; 1 ; [0.15966351684318722] ; [0.9272191923552896]
833 ; 0 ; 122 ; 2 ; [1.4983967951057] ; [0.43583657244589286]
833 ; 0 ; 122 ; 3 ; [0.11045177763534572] ; [0.42445403074276467]
833 ; 0 ; 123 ; 0 ; [0.20147568499864227, 0.36377123455550564, 0.06069224951367036] ; [0.38764654826172629, 0.39358631744571432, 0.095860743762067491]
833 ; 0 ; 124 ; 1 ; [1.4001570303789515] ; [2.0877530313251973]
833 ; 0 ; 124 ; 4 ; [1.3629596985634402] ; [2.8252989773311348]
833 ; 0 ; 124 ; 6 ; [1.2261859741578878] ; [2.1052088262031394]
833 ; 0 ; 124 ; 7 ; [1.6491161400953904] ; [2.353352292224443]
833 ; 0 ; 124 ; 8 ; [1.7325370455503404] ; [2.2499318339124295]
833 ; 0 ; 124 ; 10 ; [2.7374612404035013] ; [1.1721251855037751]
833 ; 0 ; 124 ; 11 ; [2.0877314343709217] ; [1.1355403515374503]
833 ; 0 ; 124 ; 12 ; [2.2390768036316704] ; [1.5378014277507508]
833 ; 0 ; 124 ; 16 ; [2.1122339893526689] ; [1.6844403298353599]
833 ; 0 ; 124 ; 17 ; [1.4981493860954664] ; [1.3860857645890681]
833 ; 0 ; 125 ; 0 ; [0.78846618722506812] ; [0.45365232029014763]
833 ; 0 ; 125 ; 1 ; [1.1007799446636823] ; [0.8618521979671655]
833 ; 0 ; 125 ; 2 ; [2.1105947842622443] ; [1.3831705553226579]
833 ; 0 ; 125 ; 3 ; [1.3315079852785776] ; [0.55392735786505665]
833 ; 0 ; 125 ; 8 ; [1.3315091721030088] ; [2.1254560294111706]
833 ; 0 ; 125 ; 12 ; [1.779282353638832] ; [1.7247777560500814]
833 ; 0 ; 125 ; 13 ; [0.88921794204529936] ; [1.6521238130831579]
833 ; 0 ; 125 ; 14 ; [1.0147039961141864] ; [1.4864441999963729]
833 ; 0 ; 125 ; 17 ; [2.1686236692979581] ; [1.8159694360875989]
833 ; 0 ; 125 ; 18 ; [1.6147660148348049] ; [1.5867930854245824]
833 ; 0 ; 125 ; 19 ; [2.3356834677928395] ; [0.86414511436270913]
833 ; 0 ; 125 ; 23 ; [0.55830939272720959] ; [3.1622814098313552]
833 ; 0 ; 125 ; 25 ; [1.1014142438362313] ; [0.98476527970197036]
833 ; 0 ; 125 ; 32 ; [0.46766498821707192] ; [1.2422221813727368]
833 ; 0 ; 125 ; 33 ; [0.62953437637011234] ; [1.6810630381816494]
833 ; 0 ; 125 ; 34 ; [0.50105874966006991] ; [0.44623699183884546]
833 ; 0 ; 125 ; 35 ; [1.4607345960575737] ; [0.66979977858197437]
833 ; 0 ; 126 ; 0 ; [2.348498992909724] ; [0.23561290689393782]
833 ; 0 ; 126 ; 1 ; [4.3328251397564417] ; [0.37233871179560529]
833 ; 0 ; 126 ; 2 ; [0.118882015993684] ; [0.26055284836155312]
833 ; 0 ; 127 ; 1 ; [-0.28751038081467772] ; [0.0367299614463482]
833 ; 0 ; 128 ; 0 ; [0.90712506616682453] ; [0.33957009912740743]
833 ; 0 ; 128 ; 1 ; [0.49373750513359599] ; [0.20064922125128154]
833 ; 0 ; 128 ; 2 ; [0.29854493956491174] ; [0.41841095382127558]
833 ; 0 ; 128 ; 5 ; [0.43648083874401317] ; [1.9874412808841755]
833 ; 0 ; 128 ; 7 ; [0.092181647895488231] ; [0.44278899484233547]
833 ; 0 ; 129 ; 0 ; [1.8567490590482107] ; [1.2371964269900679]
833 ; 0 ; 129 ; 2 ; [0.39515302382019118] ; [0.79730239119520629]
833 ; 0 ; 130 ; 0 ; [0.49205336615913697, 0.68493440127255723, 0.23953255272003748] ; [0.41295295404433013, 0.44429439797734022, 0.8991265275361181]
833 ; 0 ; 130 ; 1 ; [0.68973114892634202] ; [0.29035385577604278]
833 ; 0 ; 131 ; 0 ; [0.20302563517681141] ; [0.030575913540743772]
833 ; 0 ; 131 ; 1 ; [0.11325407712779362] ; [0.2755097018891442]
833 ; 0 ; 132 ; 0 ; [0.49635041107397598] ; [0.83351532925020733]
833 ; 0 ; 132 ; 1 ; [0.79861343607165025] ; [1.0450264796408977]
833 ; 0 ; 132 ; 2 ; [1.1294535066562787] ; [0.72199715114064167]
833 ; 0 ; 132 ; 6 ; [0.8750936440368341] ; [0.45368006088852791]
833 ; 0 ; 132 ; 13 ; [0.84259208842316979] ; [1.5378489102005772]
833 ; 0 ; 133 ; 0 ; [0.16786122061024034] ; [0.009376051621260215]
833 ; 0 ; 134 ; 0 ; [0.07380977077283507, 0.010426184407495811, 0.020336437548282311, -0.022701071874686566] ; [0.30709270866673688, 0.34942688875111194, 0.34476235661317628, 0.073390711629247138]
833 ; 0 ; 135 ; 0 ; [0.47724921054772845] ; [0.15563817956542292]
833 ; 0 ; 135 ; 2 ; [0.83592190558808221] ; [0.25861692284817223]
833 ; 0 ; 135 ; 3 ; [1.3662638979598474] ; [0.057681094051688975]
833 ; 0 ; 135 ; 4 ; [1.5421891648410035] ; [0.3770457021899733]
833 ; 0 ; 135 ; 6 ; [0.90049543779405827] ; [0.72313720813105997]
833 ; 0 ; 135 ; 7 ; [3.3011490518838693] ; [2.4711590983759328]
833 ; 0 ; 135 ; 8 ; [1.2511757971677426] ; [0.19278402314765938]
833 ; 0 ; 136 ; 0 ; [0.24338455810181936] ; [0.17786951425178688]
833 ; 0 ; 137 ; 0 ; [0.40229675093805289, 0.67074481076405224, 0.28904147476458752] ; [0.31684800184664391, 0.39633303774909678, 0.32696034923706052]
833 ; 0 ; 138 ; 0 ; [0.31141136330256297] ; [0.37812703409370491]
833 ; 0 ; 138 ; 1 ; [0.1935089884693976] ; [3.0399053805103011]
833 ; 0 ; 138 ; 10 ; [0.15583657548495103] ; [1.2832721568532452]
833 ; 0 ; 139 ; 0 ; [0.54594470068851431] ; [0.1562045001955015]
833 ; 0 ; 139 ; 1 ; [0.47235789049125337] ; [1.701594036050986]
833 ; 0 ; 140 ; 1 ; [0.24554633181063393] ; [0.045358048454533888]
833 ; 0 ; 140 ; 2 ; [1.8048082421653984] ; [0.71009132860539848]
833 ; 0 ; 141 ; 0 ; [0.11722843502201209, 0.055530605487668978, 0.035607952398446545] ; [0.17500068276554173, 0.34171185611528199, 0.1331952277955526]
833 ; 0 ; 142 ; 0 ; [-0.011268715228460359, 0.03949975434507396, -0.0056950532905727684] ; [0.34297491480434694, 0.37568487455503796, 0.13312781491145637]
833 ; 0 ; 143 ; 0 ; [0.12664908824864166, 0.21265267924880626, 0.18253844751405759, 0.093153136961873745] ; [0.31457369768937143, 0.24540149807404779, 0.32897583657479712, 0.036190999826463295]
833 ; 0 ; 144 ; 0 ; [0.24730092339085286, 0.15106746285018974] ; [0.23591815863439702, 0.22903940186949634]
833 ; 0 ; 144 ; 1 ; [0.58239373222474133] ; [0.44581666629060457]
833 ; 0 ; 144 ; 2 ; [0.062609662746877501] ; [0.011461703392273905]
833 ; 0 ; 144 ; 3 ; [0.14723121809043771] ; [0.022850311694197229]
833 ; 0 ; 145 ; 0 ; [0.27086085652027747, 0.25820585925444756, 0.22950716838301727, 0.82722739460324091] ; [0.31606999119904444, 0.36792384323575916, 0.33233140489835639, 0.050450634209689864]
833 ; 0 ; 146 ; 1 ; [1.7696701486223021] ; [0.15513823322967127]
833 ; 0 ; 146 ; 2 ; [1.4038960816798549] ; [0.61100671638844206]
833 ; 0 ; 146 ; 5 ; [0.051592142839818028] ; [0.33291159973903939]
833 ; 0 ; 146 ; 10 ; [0.43969217367211699] ; [0.0089307911641609023]
833 ; 0 ; 147 ; 0 ; [-0.013673282094120999] ; [0.00020005997078648244]
833 ; 0 ; 147 ; 3 ; [0.0047867314967999022] ; [0.034590617647304124]
833 ; 0 ; 147 ; 4 ; [0.00051025258822598712] ; [0.043604774356275883]
833 ; 0 ; 147 ; 5 ; [0.01024431205281834, 0.032822042829652641, 0.0006062081393081476] ; [0.32779256573793297, 0.46892837986189229, 0.13450046256532475]
833 ; 0 ; 148 ; 0 ; [0.3237921525696898] ; [2.4810859230345517]
833 ; 0 ; 148 ; 1 ; [0.24887752482530193] ; [0.32276576930838441]
833 ; 0 ; 148 ; 8 ; [0.73895268565421612] ; [0.60667954289370152]
833 ; 0 ; 148 ; 9 ; [0.58929926148464074] ; [2.5491984790552573]
833 ; 0 ; 148 ; 10 ; [0.46808606796916113] ; [0.61830635711645821]
833 ; 0 ; 148 ; 11 ; [2.0676116100805806] ; [0.65238419034440143]
833 ; 0 ; 149 ; 0 ; [0.40936029315608763, 0.014185079557341648, 0.0054668533358906138, 0.17245450663003956, 0.25999644449084475] ; [0.11931731541342651, 0.25593374765806232, 0.21028082790077041, 0.43124258320014736, 0.36553869674532047]
833 ; 0 ; 150 ; 0 ; [0.015879234858271096, 0.14279302611930886] ; [0.38501196598448545, 0.60813694569131804]
833 ; 0 ; 150 ; 2 ; [0.15993294902276212] ; [0.012662043481477911]
833 ; 0 ; 151 ; 2 ; [0.38252558661717673] ; [0.11548944994778587]
833 ; 0 ; 153 ; 0 ; [-0.0036311083327096047, 0.0060439799761358775, 0.0095255113195368887, 0.00021950362459874183] ; [0.22728882261712791, 0.34915982058776568, 0.36566873772017344, 0.16679170951667596]
833 ; 0 ; 153 ; 1 ; [0.016685916600789608] ; [0.058827554531757691]
833 ; 0 ; 154 ; 0 ; [0.45396144970635194] ; [0.32966879019671158]
833 ; 0 ; 154 ; 1 ; [0.18498720085447884, 0.11700642383973074] ; [0.1549311494425229, 0.33044507199178741]
833 ; 0 ; 154 ; 2 ; [0.23366786023992067] ; [0.061798755922031594]
833 ; 0 ; 154 ; 3 ; [0.29011674659013043] ; [0.20310183427387288]
833 ; 0 ; 154 ; 4 ; [0.40314135126633988] ; [0.18193088422914352]
833 ; 0 ; 154 ; 5 ; [1.1667867261481402] ; [0.28531932242876978]
833 ; 0 ; 154 ; 6 ; [2.1401429341721756] ; [0.079164840356902078]
833 ; 0 ; 156 ; 0 ; [0.38310672733577567] ; [0.20765803976102432]
833 ; 0 ; 156 ; 1 ; [-0.037492158042895088] ; [0.017137716357081723]
833 ; 0 ; 157 ; 2 ; [0.27416386899481254] ; [1.6731259619998333]
833 ; 0 ; 157 ; 3 ; [-0.0038938947179164929] ; [0.0048679311236594601]
833 ; 0 ; 158 ; 0 ; [0.52700140929499772, 0.5037108347086986, 0.48878044388561187, 1.088989482943248] ; [0.25270691491445002, 0.68202769772368677, 0.39728034204230989, 0.25901518274880075]
833 ; 0 ; 159 ; 0 ; [0.21103666455485467] ; [1.906207298293372]
833 ; 0 ; 159 ; 1 ; [1.5977265431701457] ; [0.86424575006337734]
833 ; 0 ; 159 ; 5 ; [1.8707121506008988] ; [1.9251827913819366]
833 ; 0 ; 159 ; 7 ; [1.3998231962963861] ; [0.99477356712707277]
833 ; 0 ; 159 ; 10 ; [1.998986430561227] ; [2.0120500262608796]
833 ; 0 ; 159 ; 12 ; [1.6689562157244144] ; [1.4670240541687849]
833 ; 0 ; 159 ; 13 ; [0.28472936801673832] ; [1.189868686930218]
833 ; 0 ; 159 ; 14 ; [0.1280240613649952] ; [0.84144162985529392]
833 ; 0 ; 160 ; 0 ; [0.53659082755656551] ; [0.26461569417410574]
833 ; 0 ; 160 ; 1 ; [0.79643301138138356] ; [2.1893275713117228]
833 ; 0 ; 160 ; 2 ; [0.85152173730942504] ; [0.037634867878073477]
833 ; 0 ; 161 ; 0 ; [0.52951434941264386, 0.30018369247403048] ; [0.5255590148506446, 0.2887128083608278]
833 ; 0 ; 162 ; 0 ; [0.23323564062273025, 0.30390911959971667, 0.20801546005155094] ; [0.23664890397723398, 0.3377667487662715, 0.35678257930634982]
833 ; 0 ; 162 ; 1 ; [0.20206740945078125] ; [0.15310565317276426]
833 ; 0 ; 163 ; 0 ; [0.2337777318944653, 0.10145698163230103, 0.13592608030372375] ; [0.32025452332927667, 0.27833248686411499, 0.20623949328593305]
833 ; 0 ; 164 ; 0 ; [0.60575724361879935] ; [0.37181729880336828]
833 ; 0 ; 164 ; 1 ; [1.0510382813599366] ; [0.490658833689189]
833 ; 0 ; 164 ; 2 ; [0.94657650138175864] ; [0.22115134477351928]
833 ; 0 ; 164 ; 3 ; [2.0452883658945447] ; [0.9105547704333421]
833 ; 0 ; 164 ; 12 ; [0.076112472366043668] ; [0.3492271418676467]
833 ; 0 ; 164 ; 13 ; [0.15333698315633335] ; [0.91538073480917437]
833 ; 0 ; 165 ; 0 ; [0.34223316049341918] ; [0.35208591809881989]
833 ; 0 ; 165 ; 1 ; [0.23581159512693045] ; [0.48929158452232174]
833 ; 0 ; 166 ; 0 ; [0.37225898561276838] ; [0.91485191389794884]
833 ; 0 ; 166 ; 1 ; [3.3848966755149488] ; [0.32463263495732886]
833 ; 0 ; 166 ; 2 ; [0.85277533019536966] ; [0.36924449323747971]
833 ; 0 ; 166 ; 3 ; [0.19544558325358122] ; [0.042880647653214241]
833 ; 0 ; 166 ; 4 ; [1.1547569269317992] ; [0.72930975542769183]
833 ; 0 ; 166 ; 6 ; [0.48037223710606108] ; [0.093056589438293605]
833 ; 0 ; 167 ; 0 ; [0.32010139859454029, 0.45497902254935063, 0.28313231145824863, 0.17955438062374743] ; [0.33727360655068933, 0.29088772526301748, 0.3790982996286002, 0.031362750143800792]
833 ; 0 ; 168 ; 0 ; [3.2737865654922937, 0.11225221687704399] ; [-0.0056734210224554599, 0.026686750832131033]
833 ; 0 ; 168 ; 1 ; [0.02888944524242492] ; [5.3880702218379897]
833 ; 0 ; 168 ; 2 ; [0.91562167802396888] ; [0.6280183506804653]
833 ; 0 ; 168 ; 3 ; [2.1118446112659064] ; [0.64804931595479043]
833 ; 0 ; 168 ; 4 ; [0.045748840009982902] ; [3.2497978010584201]
833 ; 0 ; 168 ; 5 ; [0.026790450928895464] ; [2.0067155345392069]
833 ; 0 ; 168 ; 6 ; [7.2285191304851315] ; [0.59131700979499469]
833 ; 0 ; 168 ; 7 ; [0.39126806531082675] ; [0.85207969265763372]
833 ; 0 ; 168 ; 8 ; [0.29509643672805452] ; [1.6447866727734104]
833 ; 0 ; 169 ; 0 ; [0.18273506407631335, 0.25754312549694919, 0.092770521973081152] ; [0.34195284289702882, 0.33519486313079078, 0.31386427344905848]
833 ; 0 ; 169 ; 1 ; [4.8792855804711817] ; [0.20282053868496891]
833 ; 0 ; 169 ; 3 ; [0.11554976231241769] ; [0.050230565741287758]
833 ; 0 ; 170 ; 0 ; [0.45768663716349917] ; [0.15422503746375976]
833 ; 0 ; 170 ; 1 ; [0.87701282204594233] ; [5.2797203352370419]
833 ; 0 ; 170 ; 2 ; [0.017167852636149426] ; [3.8209877486707193]
833 ; 0 ; 170 ; 3 ; [1.9602612572503655] ; [0.50942609073238121]
833 ; 0 ; 170 ; 4 ; [0.0009937689147097421] ; [0.017339580824449977]
833 ; 0 ; 171 ; 0 ; [0.23522964918229997] ; [0.49502686533210577]
833 ; 0 ; 171 ; 1 ; [1.5124056183599566] ; [0.61204074076351089]
833 ; 0 ; 171 ; 7 ; [1.6876704545206918] ; [0.40060156178928824]
833 ; 0 ; 171 ; 8 ; [0.11291135388959009] ; [0.57649434972317404]
833 ; 0 ; 171 ; 9 ; [0.071852473576959008] ; [0.0011749349351719862]
833 ; 0 ; 171 ; 10 ; [1.2493912856544187] ; [0.58040279255061289]
833 ; 0 ; 171 ; 14 ; [1.9668349558474014] ; [0.92098700010644163]
833 ; 0 ; 173 ; 0 ; [0.05220715506187653, 0.10948551005334796, -0.0084046945178513632] ; [0.37922108527081344, 0.51347202960809257, 0.12451036282415334]
833 ; 0 ; 174 ; 0 ; [4.2291964184178976] ; [2.819036763374505]
833 ; 0 ; 174 ; 1 ; [3.6905956329109042] ; [0.89627504937840285]
833 ; 0 ; 174 ; 2 ; [1.0749256041418125] ; [2.5195915998008158]
833 ; 0 ; 174 ; 3 ; [0.59639445723443529] ; [3.1330141746242228]
833 ; 0 ; 174 ; 4 ; [0.017062336639072806] ; [0.39384606673250211]
833 ; 0 ; 174 ; 11 ; [1.184997900539301] ; [3.194709225088578]
833 ; 0 ; 174 ; 12 ; [1.8878506664562478] ; [1.3548574468102874]
833 ; 0 ; 174 ; 13 ; [0.28151967797768201] ; [1.5929070061755879]
833 ; 0 ; 174 ; 14 ; [0.20454045450491037] ; [1.486150373411111]
833 ; 0 ; 175 ; 1 ; [2.5622358199307862] ; [0.3848294514830532]
833 ; 0 ; 175 ; 2 ; [1.4660109231198053] ; [0.3396308304804907]
833 ; 0 ; 175 ; 3 ; [5.2094529713455913] ; [0.78676208812865844]
833 ; 0 ; 175 ; 5 ; [1.1399012206443764] ; [2.4136236501524335]
833 ; 0 ; 175 ; 7 ; [1.3137242677502248] ; [2.1901338634967762]
833 ; 0 ; 176 ; 0 ; [0.025689304179995705, 0.036040970688411042, 0.1093539367903824] ; [0.38925376944766982, 0.30355671000911394, 0.11935588437776228]
833 ; 0 ; 177 ; 0 ; [0.17381396872338481, 0.0079001525205836757] ; [0.31415781953786864, 0.20379224018877087]
833 ; 0 ; 178 ; 3 ; [1.4419036727837928] ; [1.5337230455377691]
833 ; 0 ; 178 ; 6 ; [0.0046662125026116314] ; [1.2422323864378297]
833 ; 0 ; 178 ; 8 ; [0.19894135213375758] ; [1.4327149801891392]
833 ; 0 ; 179 ; 0 ; [2.1500207386537644, 0.48558069781872509] ; [0.32782020885091406, 0.43005385271286684]
833 ; 0 ; 179 ; 1 ; [0.28765172051421795] ; [0.022382455131378983]
833 ; 0 ; 179 ; 2 ; [0.51538176177297101] ; [0.11185940259650237]
833 ; 0 ; 179 ; 4 ; [0.70623466387993128] ; [0.3457776005076002]
833 ; 0 ; 179 ; 7 ; [0.6913370742706042] ; [0.25060938774882241]
833 ; 0 ; 179 ; 8 ; [0.080258343078079455] ; [0.31153202984423367]
833 ; 0 ; 179 ; 12 ; [0.24066207269269638] ; [-0.01215766329918516]
833 ; 0 ; 179 ; 13 ; [0.28632111615595052] ; [1.2416638744599713]
833 ; 0 ; 179 ; 18 ; [0.86021052207454352] ; [0.23663046043575456]
833 ; 0 ; 180 ; 2 ; [0.24430821853799684, 0.4643063361030515] ; [0.45999082694370386, 0.28155439044819752]
833 ; 0 ; 180 ; 3 ; [0.33868004134627466] ; [0.4933536561411383]
833 ; 0 ; 181 ; 0 ; [0.33168888259973206] ; [0.90720005544103177]
833 ; 0 ; 181 ; 1 ; [0.93601408310542411] ; [0.20897571684483027]
833 ; 0 ; 183 ; 0 ; [0.6893807152548096] ; [0.42558149887754054]
833 ; 0 ; 183 ; 1 ; [0.29890404566647516] ; [0.079315855117544937]
833 ; 0 ; 183 ; 2 ; [0.41084460927058192] ; [0.1971487833141615]
833 ; 0 ; 183 ; 3 ; [1.4407707207931828] ; [0.13140521528042828]
833 ; 0 ; 184 ; 0 ; [0.005369120626298368, -0.011946795688524334, 0.012055620409698964] ; [0.50698910796590857, 0.2806648009065113, 0.16948151559022934]
833 ; 0 ; 184 ; 1 ; [0.14134306244133826] ; [0.20150094741162122]
833 ; 0 ; 184 ; 2 ; [-0.0015880640231578226] ; [0.72251197951456703]
833 ; 0 ; 184 ; 3 ; [0.17193869794267636] ; [0.018683909628958214]
833 ; 0 ; 185 ; 0 ; [0.30298061173266549] ; [0.41186243323226918]
833 ; 0 ; 185 ; 1 ; [0.78308872438241051] ; [0.35406754403279517]
833 ; 0 ; 185 ; 2 ; [0.20081705199646474] ; [0.03963927908783161]
833 ; 0 ; 185 ; 3 ; [0.20430456953358886] ; [0.40117548654535362]
833 ; 0 ; 185 ; 4 ; [0.58888224990708304] ; [0.47090049696313702]
833 ; 0 ; 186 ; 0 ; [0.14231567210605878] ; [0.031459875377347353]
833 ; 0 ; 187 ; 4 ; [0.10382174187506266] ; [8.8650008355298322]
833 ; 0 ; 188 ; 0 ; [0.47046001659564773, 0.51709241926320659, 0.40157082907866171, 0.39413347905558799, 0.058408889889899424] ; [0.27062798891154821, 0.46517198240647262, 0.38358302943477268, 0.34253264467801176, 0.427182695124387]
833 ; 0 ; 188 ; 1 ; [0.14708506981220063] ; [0.10915914044277711]
833 ; 0 ; 189 ; 0 ; [0.12998896707462301, 0.11714483538413908] ; [0.35444125108431218, 0.27386362365973338]
833 ; 0 ; 189 ; 1 ; [0.076083257135653365] ; [0.038073572572933881]
833 ; 0 ; 190 ; 0 ; [0.015792227646329701] ; [0.42768595855425651]
833 ; 0 ; 190 ; 1 ; [0.63793964285135019, 0.098543981341378151] ; [0.11500785387343737, 0.56980748686643024]
833 ; 0 ; 190 ; 2 ; [0.24306836641019369] ; [0.48110338373370742]
833 ; 0 ; 190 ; 4 ; [0.24145325012584498] ; [0.049471638879672465]
833 ; 0 ; 190 ; 6 ; [0.0042831666643470016] ; [0.49838232321451098]
833 ; 0 ; 191 ; 0 ; [0.29557755430105448] ; [0.20040781461767818]
833 ; 0 ; 192 ; 0 ; [0.16177290279476897, 0.018506162931928208, 0.06468544239572882, 0.52510744338499404] ; [0.23578249397069481, 0.23413012068116051, 0.59243982344322144, 0.58399222963154518]
833 ; 0 ; 193 ; 0 ; [0.26061142756148481] ; [0.44185565743338784]
833 ; 0 ; 194 ; 0 ; [0.11962026858007051, 0.057233587185562929, 0.053552666872672003] ; [0.18702446336544046, 0.31504096806561094, 0.15782369577520206]
833 ; 0 ; 195 ; 0 ; [0.35519528978291159] ; [1.050062768325301]
833 ; 0 ; 195 ; 1 ; [0.15779592398011993] ; [0.031357922992387106]
833 ; 0 ; 195 ; 2 ; [0.64310006834780109] ; [1.0535118058320627]
833 ; 0 ; 195 ; 3 ; [0.83072796877212152] ; [0.88024379455233226]
833 ; 0 ; 195 ; 5 ; [0.19195313566633684] ; [1.4262937785236165]
833 ; 0 ; 195 ; 6 ; [0.47241655920372311] ; [0.60965347718041851]
833 ; 0 ; 195 ; 9 ; [1.5123582921439298] ; [0.40314158544700568]
833 ; 0 ; 195 ; 11 ; [0.92343313689694584] ; [-0.0029289926623442017]
833 ; 0 ; 195 ; 12 ; [3.1178673720168097] ; [1.1834981629700072]
833 ; 0 ; 195 ; 13 ; [0.11218889450783852] ; [2.0470817948147459]
833 ; 0 ; 195 ; 14 ; [3.7409112543956669] ; [2.6976239246997302]
833 ; 0 ; 195 ; 15 ; [0.2143249704744489] ; [1.2671308059894759]
833 ; 0 ; 195 ; 16 ; [0.147892646255707] ; [1.2979541765334797]
833 ; 0 ; 195 ; 18 ; [2.7975855443366577] ; [1.2148957027723841]
833 ; 0 ; 196 ; 0 ; [0.18217555751582382, 0.16215719243949381, 0.11222368353722401, 0.023430394396150658] ; [0.24723375487888041, 0.23669308748332296, 0.22422485606038406, 0.056241021957921203]
833 ; 0 ; 197 ; 0 ; [0.7526601677925947] ; [0.58461666504916721]
833 ; 0 ; 197 ; 3 ; [3.6811828351404676] ; [2.2522911689852401]
833 ; 0 ; 197 ; 4 ; [3.7727191340457202] ; [2.6715822168116712]
833 ; 0 ; 197 ; 6 ; [0.4401213738365809] ; [4.7056725692581951]
833 ; 0 ; 197 ; 7 ; [0.71375372146505633] ; [0.49847398331648546]
833 ; 0 ; 197 ; 8 ; [3.2923724945621049] ; [2.3360969177460906]
833 ; 0 ; 197 ; 10 ; [0.0025778083998607825] ; [0.84177432982213873]
833 ; 0 ; 197 ; 11 ; [2.7564843745121901] ; [2.2949652600113808]
833 ; 0 ; 197 ; 12 ; [3.2835225104920651] ; [8.7936868941889479]
833 ; 0 ; 197 ; 13 ; [2.8249761014888852] ; [0.77496421460003606]
833 ; 0 ; 197 ; 16 ; [0.62670359209361048] ; [2.9661080950201884]
833 ; 0 ; 197 ; 20 ; [0.60224249958966103] ; [4.6358536692966039]
833 ; 0 ; 197 ; 27 ; [0.29664037016343248] ; [3.0456792412140641]
833 ; 0 ; 197 ; 28 ; [0.29202520165372692] ; [2.4557837987323436]
833 ; 0 ; 198 ; 0 ; [0.099456913659736912, 0.040610945654701837, 0.067998597669521002] ; [0.38540069043964975, 0.34385963354552945, 0.10282087358189075]
833 ; 0 ; 200 ; 2 ; [1.0551432322088548] ; [1.0396008441191189]
833 ; 0 ; 200 ; 3 ; [1.1776987195355995] ; [1.5463973888837599]
833 ; 0 ; 200 ; 4 ; [0.41421987172488817] ; [0.54675103460786212]
833 ; 0 ; 200 ; 5 ; [0.78257696559388068] ; [0.23326277487063973]
833 ; 0 ; 200 ; 9 ; [1.0891657397157162] ; [2.062727569639947]
833 ; 0 ; 200 ; 10 ; [0.49112007714960837] ; [2.0345694715296183]
833 ; 0 ; 200 ; 11 ; [2.0139851728289409] ; [1.6803819334510566]
833 ; 0 ; 200 ; 13 ; [5.236493141982657] ; [2.4469791430024523]
833 ; 0 ; 200 ; 17 ; [2.0904956794872134] ; [0.55537491983302023]
833 ; 0 ; 201 ; 0 ; [0.49517286945939448] ; [0.55337957048780217]
833 ; 0 ; 201 ; 3 ; [1.7005705833030653] ; [1.1307732980777827]
833 ; 0 ; 202 ; 0 ; [0.44274268361297425] ; [0.1166640751652334]
833 ; 0 ; 203 ; 1 ; [0.99584873578991662] ; [0.78848501122384074]
833 ; 0 ; 203 ; 2 ; [0.92018114253911343, 0.44689673174654304] ; [1.9791517397076499, 0.86824128890373875]
833 ; 0 ; 203 ; 3 ; [1.0410943570916351] ; [0.39359542777993961]
833 ; 0 ; 203 ; 5 ; [2.5949114542545395] ; [1.1576533536523992]
833 ; 0 ; 203 ; 6 ; [1.3761633127655766] ; [0.29547360166806935]
833 ; 0 ; 203 ; 9 ; [0.35539047356869485] ; [1.8083618890213782]
833 ; 0 ; 203 ; 10 ; [1.7172568717826131] ; [4.7337558277265908]
833 ; 0 ; 203 ; 12 ; [2.9730453813342623] ; [4.5643241660397438]
833 ; 0 ; 203 ; 14 ; [1.8666033062318885] ; [0.31406732613520266]
833 ; 0 ; 203 ; 16 ; [1.2238991394116228] ; [2.5237093888191211]
833 ; 0 ; 203 ; 18 ; [1.4951575201960297] ; [3.8183378402858512]
833 ; 0 ; 203 ; 19 ; [4.1681652552394324] ; [2.8812475717484971]
833 ; 0 ; 203 ; 20 ; [1.5076686360842027] ; [1.7308855260909073]
833 ; 0 ; 203 ; 21 ; [5.6225075098873987] ; [6.5469939042367216]
833 ; 0 ; 203 ; 22 ; [0.64978350177721611] ; [1.3749788468466644]
833 ; 0 ; 203 ; 23 ; [1.1339695114767729] ; [1.8183190878654849]
833 ; 0 ; 203 ; 24 ; [5.5201842135841117] ; [0.68489803208799283]
833 ; 0 ; 203 ; 25 ; [1.6578223207608236] ; [2.8984364102956617]
833 ; 0 ; 203 ; 26 ; [-0.015175976801143964] ; [0.41052940548890687]
833 ; 0 ; 203 ; 27 ; [1.6520137247921862] ; [3.0964494215323946]
833 ; 0 ; 203 ; 28 ; [1.4948923240521419] ; [2.1443722631552209]
833 ; 0 ; 203 ; 29 ; [1.4786951409227669] ; [5.2578056888697091]
833 ; 0 ; 203 ; 34 ; [4.4605497686263291] ; [1.1586750399447747]
833 ; 0 ; 203 ; 40 ; [1.829213314227675] ; [1.6548898271387265]
833 ; 0 ; 203 ; 41 ; [1.764388756737546] ; [1.243104394469789]
833 ; 0 ; 203 ; 43 ; [2.0218800183877996] ; [1.1351299592371769]
833 ; 0 ; 203 ; 45 ; [12.889802641868052] ; [1.4965223722988668]
833 ; 0 ; 203 ; 46 ; [2.0664094304668734] ; [0.59065250425334725]
833 ; 0 ; 203 ; 47 ; [3.3901468368454499] ; [2.127796586438651]
833 ; 0 ; 203 ; 48 ; [1.9100509533969414] ; [1.4435206721126594]
833 ; 0 ; 204 ; 0 ; [2.1005435418293246] ; [0.61389937507925196]
833 ; 0 ; 204 ; 1 ; [1.875718373874502] ; [2.0374237457697659]
833 ; 0 ; 204 ; 3 ; [1.1811788968402077] ; [1.8088110241465041]
833 ; 0 ; 204 ; 5 ; [1.8316995719222016] ; [1.0307204716143641]
833 ; 0 ; 204 ; 8 ; [0.074929821681353398] ; [0.63128001877533302]
833 ; 0 ; 204 ; 10 ; [0.41322966113578674] ; [0.98008505951044189]
833 ; 0 ; 205 ; 0 ; [0.39145331279603474] ; [0.27664236310999279]
833 ; 0 ; 205 ; 1 ; [0.22201385853160335] ; [0.33593528369882997]
833 ; 0 ; 205 ; 3 ; [0.21654739187551666] ; [0.01934886123630114]
833 ; 0 ; 206 ; 0 ; [0.010686849007631857, 0.15793916288362164, 0.72940055334874843] ; [0.1491214086230217, 0.22832831573443121, 0.058533396072343778]
833 ; 0 ; 207 ; 0 ; [0.44496069795298288, 0.08153469796627355] ; [0.55734172382101133, 0.44959339942052784]
833 ; 0 ; 207 ; 1 ; [0.98807555177177708] ; [0.03298998160406804]
833 ; 0 ; 207 ; 2 ; [0.49297508953766134] ; [0.20234250394115216]
833 ; 0 ; 207 ; 3 ; [0.19089603026545607] ; [0.0095047783588792026]
833 ; 0 ; 208 ; 0 ; [0.27189061971233336, 0.25693000027924523] ; [0.36124738986603361, 0.22038197485385366]
833 ; 0 ; 209 ; 0 ; [-0.0092692961986797617, -0.00042092038175503647, 0.40938764835227048] ; [0.36259798254819076, 0.37686011678457559, 0.20607271507855829]
833 ; 0 ; 209 ; 1 ; [0.10112752350868226] ; [0.027229763260834785]
833 ; 0 ; 210 ; 0 ; [0.37570226076167734] ; [0.30905068867530272]
833 ; 0 ; 210 ; 1 ; [0.11522529103036022, 0.044109418781763589, 0.11329156181663538] ; [0.28098714286117799, 0.22855611179742674, 0.055228836332661221]
833 ; 0 ; 211 ; 0 ; [0.059317769391946711, -0.014770357241077564] ; [0.21021650595208963, 0.055065494833392535]
833 ; 0 ; 212 ; 0 ; [0.46092492659035178] ; [0.56829494867151575]
833 ; 0 ; 212 ; 2 ; [0.16615895533267869] ; [0.52146025363554471]
833 ; 0 ; 213 ; 0 ; [0.27336454739470628, 0.10929998655339598] ; [0.16290723349680511, 0.23702012006512135]
833 ; 0 ; 213 ; 1 ; [-0.00065571360231322039] ; [0.24588444749455352]
833 ; 0 ; 213 ; 6 ; [0.017634935955209107] ; [-0.01340203183293077]
833 ; 0 ; 213 ; 7 ; [0.0014699963263548901] ; [-0.075401643827884307]
833 ; 0 ; 214 ; 0 ; [1.9544673748960111] ; [0.60104663031070138]
833 ; 0 ; 215 ; 0 ; [0.19400567932490764, 0.0021584954489628364, 0.26955942233012969] ; [0.33384714575289037, 0.25787784361954791, 0.19087921995604429]
833 ; 0 ; 216 ; 0 ; [0.0020291921585133608, -0.001168741046372458, 0.043168049779372226, 0.0053728065812470166] ; [0.31622985773032325, 0.14376616241704768, 0.2847748395227675, 0.12059990737767935]
833 ; 0 ; 216 ; 1 ; [0.014574757720026248] ; [0.013754080249611439]
833 ; 0 ; 217 ; 0 ; [0.097315152278482628, 0.11412431893924059, 0.14455784592522067, 0.062783051592591912] ; [0.47429897747045457, 0.19991193861231965, 0.44768749300305294, 0.18641904458727807]
833 ; 0 ; 217 ; 1 ; [1.0661275645808204] ; [0.42060175945412326]
833 ; 0 ; 219 ; 0 ; [0.11936486555943539] ; [0.17235445263803012]
833 ; 0 ; 219 ; 1 ; [0.83599479918328878] ; [0.73336299775406832]
833 ; 0 ; 219 ; 3 ; [0.83918868002973668] ; [2.1335142390610398]
833 ; 0 ; 219 ; 4 ; [0.31675010221499589] ; [0.48704056905484494]
833 ; 0 ; 220 ; 0 ; [0.45912037338931488, 0.36114306281958591] ; [0.39312121513601428, 0.15320569229392844]
833 ; 0 ; 220 ; 1 ; [0.32848882218340442] ; [0.071863995228461167]
833 ; 0 ; 220 ; 3 ; [0.14990353635752751] ; [0.049794836743506293]
833 ; 0 ; 221 ; 1 ; [0.71373134910516656] ; [0.04642183735335087]
833 ; 0 ; 222 ; 0 ; [0.25595602149313679, 0.33015718164212809, 0.049450308357008421] ; [0.36014793536756307, 0.37250272165114673, 0.071209857377700428]
833 ; 0 ; 223 ; 0 ; [0.016490752067274905, 0.072092989221373083, 0.055888165339232847] ; [0.27171277450656195, 0.40358633520847825, 0.17500515572907108]
833 ; 0 ; 225 ; 0 ; [0.24730103807406115, 0.14743529845110198, 1.1569432350505915] ; [0.24434898821410111, 0.33777574370067648, 0.15457803242922913]
833 ; 0 ; 226 ; 1 ; [0.94324503437636287] ; [0.56297243944123143]
833 ; 0 ; 227 ; 0 ; [0.25831694992771198] ; [0.28740658599009461]
833 ; 0 ; 227 ; 1 ; [0.13858828815046056] ; [0.014063493398599808]
833 ; 0 ; 228 ; 0 ; [0.19234276725444885] ; [0.14363929845081191]
833 ; 0 ; 228 ; 6 ; [0.88489959057718026] ; [0.68330500103316683]
833 ; 0 ; 228 ; 8 ; [0.60801972441123042] ; [0.54561175691813424]
833 ; 0 ; 228 ; 10 ; [0.94602496039788353] ; [0.61879064744105117]
833 ; 0 ; 228 ; 11 ; [0.45762489437515397] ; [0.59620218552225945]
833 ; 0 ; 229 ; 0 ; [1.3461511631507415] ; [0.47668421363307167]
833 ; 0 ; 229 ; 1 ; [0.49435708351595919] ; [0.58457823181798552]
833 ; 0 ; 229 ; 2 ; [3.6018525728944852] ; [6.7558548221109112]
833 ; 0 ; 229 ; 3 ; [3.1419232302984677] ; [4.1314795420977948]
833 ; 0 ; 231 ; 0 ; [1.4133299495773379, 0.14770221211557027, 0.38907489922569455, 0.14801662034778723] ; [0.51873480050527043, 0.42669895547056869, 0.41136905704507665, 0.42669441702490729]
833 ; 0 ; 232 ; 0 ; [0.35041492201823632] ; [0.42643468184214595]
833 ; 0 ; 232 ; 1 ; [0.80612284043281945] ; [0.096994418739066071]
833 ; 0 ; 232 ; 2 ; [0.001365592216068451, 0.025686725284053625, -0.00010453801246125575] ; [0.49522141338982456, 0.37576849989769479, 0.065510638755356385]
833 ; 0 ; 232 ; 3 ; [0.0023840109604247759] ; [1.7845362458334226]
833 ; 0 ; 233 ; 1 ; [0.15781136411650773] ; [0.21688710628941132]
833 ; 0 ; 234 ; 0 ; [0.40320902883460608] ; [0.29497639643693058]
833 ; 0 ; 234 ; 2 ; [0.53542132236468831] ; [0.99212494111513316]
833 ; 0 ; 235 ; 0 ; [0.19063867514101474, 0.1520866871600608] ; [0.34758279975073453, 0.14179763560441119]
833 ; 0 ; 236 ; 0 ; [0.96239654050143986] ; [0.02712888934646274]
833 ; 0 ; 236 ; 2 ; [1.1162998827857296] ; [3.2515901879005651]
833 ; 0 ; 237 ; 0 ; [0.33727316271205493] ; [0.23568047735388903]
833 ; 0 ; 237 ; 1 ; [1.2341552871997072] ; [-0.00072828982438671581]
833 ; 0 ; 239 ; 0 ; [0.63208355060292343] ; [0.73746602235327285]
833 ; 0 ; 239 ; 1 ; [1.4259034818593213] ; [0.21961287138593891]
833 ; 0 ; 239 ; 4 ; [0.0965814490664956] ; [0.5597342547395282]
833 ; 0 ; 239 ; 5 ; [0.083749310440615232] ; [0.86117347807347588]
833 ; 0 ; 240 ; 4 ; [0.31352034003776752] ; [0.058570996122162218]
833 ; 0 ; 241 ; 0 ; [0.076128849105941601, 0.32538837754247063] ; [0.027800313043052124, 0.0076642748324162345]
833 ; 0 ; 241 ; 1 ; [0.69886188514715064] ; [0.025318138345966485]
833 ; 0 ; 241 ; 3 ; [0.18250665415458397] ; [0.071186939102727262]
833 ; 0 ; 242 ; 0 ; [0.18917971722532456, 0.24689280169380637, 0.024462582630038525] ; [0.36803738801042835, 0.55987086583018664, 0.16341054702705843]
833 ; 0 ; 242 ; 1 ; [0.39701768383946895, 0.0021592851152276715] ; [0.20380008578033329, 0.23735828652285917]
833 ; 0 ; 242 ; 2 ; [0.008957978846553704] ; [0.34946316378430342]
833 ; 0 ; 243 ; 0 ; [0.5527032145579589, 0.32178520431560598] ; [0.42377430431935587, 0.26252354561928259]
833 ; 0 ; 243 ; 1 ; [0.086064588792035601, 0.0066885050396177925] ; [0.098975762472710088, 0.016101934427549459]
833 ; 0 ; 243 ; 4 ; [-0.012809428546845995] ; [0.0039884301104487329]
833 ; 0 ; 245 ; 0 ; [0.27822915674324505] ; [0.31271820095328035]
833 ; 0 ; 245 ; 1 ; [0.11693973550739757] ; [0.096353581430941249]
833 ; 0 ; 245 ; 2 ; [8.4279480031840102] ; [0.40363000460369231]
833 ; 0 ; 246 ; 0 ; [0.15011214181158916, 0.096832061513869888, 0.011967297631266315] ; [0.26730083357773587, 0.48625382195104777, 0.1838398188831955]
833 ; 0 ; 247 ; 2 ; [2.0823239473065991] ; [0.31761490867005959]
833 ; 0 ; 248 ; 0 ; [0.16145529699716268] ; [0.16383599109604888]
833 ; 0 ; 248 ; 1 ; [0.070723238179033962, 0.61095373797964003] ; [0.16331492098066719, 0.05182528318950666]
833 ; 0 ; 249 ; 4 ; [0.60611243202851017] ; [1.3135041384762938]
833 ; 0 ; 249 ; 6 ; [0.30122024302015066] ; [2.2525035263554569]
833 ; 0 ; 250 ; 0 ; [0.057257572690182654, 0.038372502556096942, 0.014468089271226905, 0.028778948859824408] ; [0.27272464482579917, 0.56237362206399666, 0.27271689399283805, 0.11226534881884748]
833 ; 0 ; 250 ; 1 ; [1.5717555081329755] ; [-0.012123621808752883]
833 ; 0 ; 251 ; 0 ; [0.12820335500655639, 0.23284795664578381, 0.2930345884292041, 0.26283532312453933, 0.096896511910205638] ; [0.38890088815804502, 0.29986281156034311, 0.22467590174347732, 0.37875822942543408, 0.19038287665318826]
833 ; 0 ; 252 ; 0 ; [0.23087305554195914] ; [0.88999209826582792]
833 ; 0 ; 252 ; 1 ; [0.76015903329615675] ; [0.82787659311674677]
833 ; 0 ; 252 ; 12 ; [0.30496685389461387] ; [1.6852514843644453]
833 ; 0 ; 252 ; 14 ; [0.97024182841647921] ; [1.29625555635915]
833 ; 0 ; 253 ; 0 ; [0.75420922699014925] ; [0.62917739107039528]
833 ; 0 ; 253 ; 2 ; [0.32759483991601862, 0.52407316524494651] ; [0.53946095804206307, 1.0119263301238801]
833 ; 0 ; 254 ; 0 ; [0.75665886090108203] ; [0.69895812938030866]
833 ; 0 ; 254 ; 3 ; [0.029232563968672427] ; [0.037362212070318382]
833 ; 0 ; 254 ; 4 ; [0.23684952782655666] ; [0.77134919703732785]
833 ; 0 ; 254 ; 5 ; [1.1775858351151269] ; [2.1243728710535774]
833 ; 0 ; 254 ; 6 ; [1.3531738071491519] ; [0.78777783710955851]
833 ; 0 ; 254 ; 10 ; [0.38013877126750245] ; [0.53003597770297239]
833 ; 0 ; 255 ; 0 ; [0.0036003063880145876, 0.0041105487054444254, 0.0054637879652667471] ; [0.5344121144905738, 0.26788858719503728, 0.1709047230878967]
833 ; 0 ; 256 ; 0 ; [0.2378198878757615, 0.021285351400009454] ; [0.38994123113850204, 0.57238817958473853]
833 ; 0 ; 256 ; 2 ; [1.3978411244088049] ; [0.12759431769840912]
833 ; 0 ; 257 ; 0 ; [0.14917075704942787, 0.10510663022347981] ; [0.21655926113527457, 0.22727105116302651]
833 ; 0 ; 257 ; 1 ; [0.49919479921747928] ; [5.0442731156613405]
833 ; 0 ; 257 ; 2 ; [0.077896968585923126] ; [0.019453598831449356]
833 ; 0 ; 257 ; 3 ; [2.0190503803250692] ; [1.305022005380466]
833 ; 0 ; 258 ; 0 ; [0.481275089276617, 0.10087021687966183, 0.1060975626945444, 0.79617963319304763] ; [0.23764374990228826, 0.25773215969550134, 0.36305966058882505, 0.078213342904654051]
833 ; 0 ; 260 ; 0 ; [0.090420559154132052] ; [0.0065245434958897171]
833 ; 0 ; 260 ; 1 ; [0.4423141960805117] ; [0.53323316525104847]
833 ; 0 ; 260 ; 5 ; [0.031531500127172478] ; [-0.0063061838463181934]
833 ; 0 ; 260 ; 8 ; [0.025751433038836667] ; [0.80547078956274132]
833 ; 0 ; 261 ; 0 ; [1.4425210468948062, 0.3970657029494537] ; [0.74057886283062846, 0.3800918574283712]
833 ; 0 ; 261 ; 1 ; [0.90187471951368137, 0.16684227067383708] ; [0.014986582903930831, 0.028545699516791846]
833 ; 0 ; 262 ; 1 ; [0.19058001927083892] ; [0.183389828574653]
833 ; 0 ; 262 ; 2 ; [0.10915793944139078] ; [0.24411063225618279]
833 ; 0 ; 262 ; 3 ; [0.78246095849968023] ; [0.66897460308396006]
833 ; 0 ; 262 ; 4 ; [0.67484373150155552] ; [1.6011259616471292]
833 ; 0 ; 263 ; 0 ; [0.11665287981876185, -0.010700263611031028, -0.015738229972966283] ; [0.59116572246313126, 0.35082902890021955, 0.18351256664664678]
833 ; 0 ; 265 ; 5 ; [0.19134878943493536] ; [3.1808278284248512]
833 ; 0 ; 266 ; 0 ; [1.7396508435607156, 0.038008440545546023] ; [0.19141789718239388, 0.058089019171007596]
833 ; 0 ; 267 ; 0 ; [0.32270723662235329, 0.18928874655559413, 0.14437143140370903] ; [0.58061350697885705, 0.31553738856898411, 0.20809029818438218]
833 ; 0 ; 268 ; 0 ; [0.92386593739139899] ; [0.15939881958840965]
833 ; 0 ; 268 ; 1 ; [0.19660689951711491] ; [0.25034171720782278]
833 ; 0 ; 268 ; 2 ; [0.25020499948616615] ; [0.24068601687194721]
833 ; 0 ; 269 ; 0 ; [0.54819180809349854, 1.3379675781469225] ; [0.39560195523409569, 0.31246899926852023]
833 ; 0 ; 270 ; 0 ; [0.0041724518299051739] ; [0.27678795614666651]
833 ; 0 ; 270 ; 2 ; [0.016877581774098645] ; [0.061968013048651863]
833 ; 0 ; 270 ; 3 ; [0.92361996006973757] ; [0.31291020772751021]
833 ; 0 ; 271 ; 0 ; [0.56079724892517224, 0.76813493440061542] ; [0.69453612199634374, 0.40183186062054849]
833 ; 0 ; 272 ; 0 ; [0.26473920535063333, 0.19401996460824245, 0.041591796378981867] ; [0.29765938181118839, 0.5149385816734936, 0.062814956895002466]
833 ; 0 ; 272 ; 1 ; [-0.019939986459855435] ; [0.20134425642655809]
833 ; 0 ; 273 ; 0 ; [0.13871291722269799, 0.007285722550470059, -0.0029292209520933496, 0.11246740377340313, 0.29646109804910925] ; [0.32797523058325601, 0.24468267929296947, 0.44890329325229039, 0.25193768114376142, 0.81949391811418792]
833 ; 0 ; 273 ; 1 ; [0.15497688860432374] ; [0.34091645252411884]
833 ; 0 ; 275 ; 0 ; [0.20020440791550809, 0.10512920753766419, 0.035272835226819808] ; [0.35719065584452764, 0.38937871441787447, 0.11676709359528679]
833 ; 0 ; 277 ; 0 ; [-0.0015830300807515125, 0.034230576245859796, 0.32017033747476276] ; [0.30841029376765439, 0.31911488475305194, 0.1761854562073685]
833 ; 0 ; 277 ; 2 ; [0.040355637649343044] ; [-0.024980366148325921]
833 ; 0 ; 277 ; 3 ; [-5.4491952749546965e-05] ; [-0.043510084687263618]
833 ; 0 ; 278 ; 0 ; [0.23809728936149432] ; [0.14135636387880499]
833 ; 0 ; 278 ; 1 ; [0.63658432496442441] ; [0.0097901128278557476]
833 ; 0 ; 279 ; 0 ; [2.0942206956874183] ; [0.68909438737396655]
833 ; 0 ; 279 ; 2 ; [0.66429466662166914] ; [0.027834337954228783]
833 ; 0 ; 279 ; 3 ; [1.3852186559745716] ; [1.3588053845860804]
833 ; 0 ; 279 ; 4 ; [2.4532395090908881] ; [0.53389293170461161]
833 ; 0 ; 279 ; 10 ; [2.2259127255846276] ; [0.64773636881760921]
833 ; 0 ; 280 ; 2 ; [2.269405222843079] ; [3.1119579809298847]
833 ; 0 ; 280 ; 3 ; [0.083114701732462354] ; [0.7549998140718599]
833 ; 0 ; 281 ; 0 ; [0.35095943799592089, 0.11752560047619694] ; [0.20532231142663068, 0.35263950620293005]
833 ; 0 ; 281 ; 1 ; [0.46895991014649713, 0.27621574243076402, 0.46948500653823427, 0.18965792489184174] ; [0.18113312389741512, 0.17149522177641688, 0.59757546349563362, 0.29763543148322003]
833 ; 0 ; 281 ; 2 ; [0.25154656290674754] ; [0.087387702226159686]
833 ; 0 ; 282 ; 0 ; [0.40456343913772769, 0.41837189485087778, 0.47053438230124572, 0.1639820954009121] ; [0.32504827554513477, 0.42068468344339199, 0.20208140319520773, 0.14521653579168017]
833 ; 0 ; 282 ; 1 ; [0.52568306046995728, 0.1169520227468738] ; [0.35581142917188407, 0.17647667447308779]
833 ; 0 ; 283 ; 0 ; [0.45403191276239646] ; [0.37139477131064091]
833 ; 0 ; 284 ; 0 ; [0.90459851180343764] ; [0.03043376325850098]
833 ; 0 ; 284 ; 1 ; [4.2912825486307309] ; [1.4108449157879241]
833 ; 0 ; 284 ; 4 ; [0.64780754148496655] ; [2.1643255674471242]
833 ; 0 ; 284 ; 5 ; [4.8789247779940492] ; [1.5601487673099241]
833 ; 0 ; 284 ; 6 ; [2.2667414437478359] ; [2.4253618691786416]
833 ; 0 ; 284 ; 7 ; [1.853498831362939] ; [1.5252600795141551]
833 ; 0 ; 284 ; 9 ; [0.784939546009634] ; [4.9207901399093661]
833 ; 0 ; 284 ; 14 ; [1.112825245181492] ; [2.6976974048100129]
833 ; 0 ; 284 ; 15 ; [1.3486598322827905] ; [2.7577755384716771]
833 ; 0 ; 284 ; 16 ; [0.66816896996273367] ; [0.43107587201990261]
833 ; 0 ; 284 ; 17 ; [0.042411059852072129] ; [0.96008801652364817]
833 ; 0 ; 284 ; 19 ; [0.48988913712886839] ; [0.57180111041331505]
833 ; 0 ; 284 ; 24 ; [1.7545111932352828] ; [4.8291594903257629]
833 ; 0 ; 284 ; 25 ; [0.92254644520670126] ; [0.17173088595773658]
833 ; 0 ; 284 ; 26 ; [0.75779417660950732] ; [5.36174256268158]
833 ; 0 ; 284 ; 27 ; [7.1231419690381061] ; [4.3845948979251332]
833 ; 0 ; 285 ; 0 ; [0.0035649053120372439] ; [0.063075852245515304]
833 ; 0 ; 286 ; 1 ; [0.78750832590517617] ; [0.80355569234521929]
833 ; 0 ; 286 ; 7 ; [0.085097767270727279] ; [5.1879769479654279]
833 ; 0 ; 287 ; 0 ; [0.12272014828000635] ; [-0.040726058413971922]
833 ; 0 ; 288 ; 0 ; [0.051667277707163568] ; [0.0039298552925660377]
833 ; 0 ; 289 ; 0 ; [0.33831436496021638] ; [0.29123900597954988]
833 ; 0 ; 289 ; 1 ; [0.2186903872701404] ; [0.15852171403151752]
833 ; 0 ; 289 ; 3 ; [0.074977716216410834] ; [0.053738485294427207]
833 ; 0 ; 290 ; 0 ; [0.066327268263798173, 0.099301136849938632, 0.035058000401469093] ; [0.17985060342216364, 0.28702377861040662, 0.068054420257687584]
833 ; 0 ; 291 ; 1 ; [1.0867003735095446] ; [0.52864593906711732]
833 ; 0 ; 291 ; 2 ; [0.98564167710702555] ; [1.5395025305559351]
833 ; 0 ; 291 ; 5 ; [0.065985369297494295] ; [0.95496761360213245]
833 ; 0 ; 292 ; 0 ; [-0.010097479625411699, 0.10473226359217541, 0.17168042180830112] ; [0.5353901762791291, 0.34768315590775944, 0.15029544084039051]
833 ; 0 ; 292 ; 1 ; [0.010132665483017753] ; [0.54010361044721433]
833 ; 0 ; 292 ; 2 ; [2.721113725557661] ; [0.077406827800258524]
833 ; 0 ; 292 ; 3 ; [0.15237629298289321] ; [-0.016044164453243033]
833 ; 0 ; 293 ; 0 ; [0.20749273316240674] ; [0.19362627287320763]
833 ; 0 ; 293 ; 2 ; [0.13153195208028087] ; [0.18836966453038975]
833 ; 0 ; 294 ; 0 ; [0.17169028015330545, 0.31044261438072585, 0.039262679655839169, 0.0019877113217079334] ; [0.63746616297286518, 0.54076601959327275, 0.36712049947279307, 0.09448702454151664]
833 ; 0 ; 295 ; 0 ; [0.36233888146534315] ; [0.17622011701450674]
833 ; 0 ; 295 ; 1 ; [2.3159318811028946] ; [0.08239000675566184]
833 ; 0 ; 295 ; 3 ; [0.41540737520863241] ; [5.4076482814955567]
833 ; 0 ; 295 ; 10 ; [0.0032879941579590194] ; [0.89723056510923604]
833 ; 0 ; 295 ; 16 ; [0.018146283733938649] ; [5.5829780626332175]
833 ; 0 ; 295 ; 17 ; [0.063578845791387284] ; [2.1538246253437614]
833 ; 0 ; 296 ; 0 ; [5.278116674629123] ; [0.20691036615253036]
833 ; 0 ; 296 ; 1 ; [0.079418388850337099] ; [0.035532579898056547]
833 ; 0 ; 296 ; 2 ; [0.93300690535692976] ; [0.5985981231731401]
833 ; 0 ; 296 ; 5 ; [0.023124310383228396] ; [0.49197909337615914]
833 ; 0 ; 296 ; 6 ; [4.8763129287121902] ; [0.080380984814149875]
833 ; 0 ; 296 ; 9 ; [0.034524040767297627] ; [1.064471262939271]
833 ; 0 ; 296 ; 10 ; [0.45717200502784261] ; [0.24696881659876427]
833 ; 0 ; 297 ; 0 ; [0.22615823465964846, 0.38945840824673306, 0.24935768249163751] ; [0.30084791094935842, 0.44475749401241621, 0.22415336606000841]
833 ; 0 ; 297 ; 2 ; [0.35042960741520274] ; [0.0067490512819390648]
833 ; 0 ; 298 ; 0 ; [0.4541896951850698] ; [0.13442586525165989]
833 ; 0 ; 298 ; 1 ; [0.018604422759393072] ; [0.3285792779947318]
833 ; 0 ; 298 ; 5 ; [0.60077381373531757] ; [2.1776295091346727]
833 ; 0 ; 298 ; 7 ; [1.0373610131773916] ; [1.3938622276161714]
833 ; 0 ; 299 ; 2 ; [1.1123351256727723] ; [0.36633795708319739]
833 ; 0 ; 299 ; 4 ; [0.7589065868456385] ; [0.21461713019062756]
833 ; 0 ; 299 ; 6 ; [3.505372668392245] ; [1.1781770977819646]
833 ; 0 ; 299 ; 8 ; [3.0971306244059846] ; [3.3990025201608915]
833 ; 0 ; 299 ; 9 ; [1.6056028130638178] ; [0.012172044685078664]
833 ; 0 ; 299 ; 11 ; [0.15346435924706717] ; [2.8324666539826664]
833 ; 0 ; 301 ; 0 ; [1.3733007190123683] ; [0.90014096126972654]
833 ; 0 ; 301 ; 5 ; [1.007668771802861] ; [0.86169283012170372]
833 ; 0 ; 301 ; 10 ; [0.53079350883491017] ; [1.0865000130274156]
833 ; 0 ; 301 ; 12 ; [1.7543194356612939] ; [1.8383801729369116]
833 ; 0 ; 301 ; 13 ; [1.8523903014878151] ; [1.3872385175453039]
833 ; 0 ; 301 ; 17 ; [1.8907834589718879] ; [1.3429966088743757]
833 ; 0 ; 302 ; 0 ; [1.1931852856870757] ; [1.6045965519680749]
833 ; 0 ; 302 ; 1 ; [1.7214678840496289] ; [1.9984689289916355]
833 ; 0 ; 302 ; 3 ; [1.6350731044601992] ; [2.3107770571210224]
833 ; 0 ; 302 ; 4 ; [1.9500695146799509] ; [2.1548486910377358]
833 ; 0 ; 302 ; 10 ; [1.5829795804159794] ; [2.0073919295650913]
833 ; 0 ; 303 ; 0 ; [0.083624293887334791, -0.0027775318028228774, 0.08945150563200048] ; [0.33526227299685768, 0.34800834079544002, 0.29501850225622522]
833 ; 0 ; 304 ; 0 ; [0.27122400998874191, 0.4720711734722739, 0.43864188207033072] ; [0.46504268462177345, 0.41577526786140778, 0.50537425988429363]
833 ; 0 ; 305 ; 0 ; [0.14120186762746756, 0.72158627279986276, 0.2044210351315712] ; [0.26538510649909103, 0.31581988094753821, 0.18178739285020165]
833 ; 0 ; 305 ; 1 ; [0.41863413500737306, 0.18874414017133045] ; [0.28568735003858153, 0.4338839120543343]
833 ; 0 ; 306 ; 0 ; [0.026768627010762137, 0.14218768630895187] ; [0.31626352994400214, 0.5405041125934853]
833 ; 0 ; 306 ; 1 ; [0.26810874322839423] ; [0.30705865461828952]
833 ; 0 ; 307 ; 0 ; [0.34002158037551444] ; [1.7126318867127088]
833 ; 0 ; 307 ; 2 ; [2.3339548182601249] ; [1.3123199853160483]
833 ; 0 ; 307 ; 3 ; [1.1868023482246612] ; [0.98067081202377149]
833 ; 0 ; 307 ; 4 ; [0.90273965620970531] ; [3.8111177752287659]
833 ; 0 ; 307 ; 5 ; [0.18820293957220532] ; [3.7629562853877578]
833 ; 0 ; 307 ; 6 ; [0.74581782489884052] ; [3.3372516685888582]
833 ; 0 ; 307 ; 7 ; [3.6676272708919608] ; [1.8522720391025591]
833 ; 0 ; 307 ; 8 ; [1.5454344623989709] ; [0.80916924042676142]
833 ; 0 ; 307 ; 9 ; [0.04257761906604645] ; [0.44609472265024935]
833 ; 0 ; 307 ; 14 ; [1.2675813021942939] ; [0.84722578977811891]
833 ; 0 ; 307 ; 19 ; [1.9194848472912733] ; [4.5286907645074415]
833 ; 0 ; 307 ; 20 ; [4.246596432464723] ; [2.3986175324716998]
833 ; 0 ; 307 ; 21 ; [0.061968661577435712] ; [4.9239066100150533]
833 ; 0 ; 307 ; 25 ; [1.3460670845384577] ; [5.9296313418190856]
833 ; 0 ; 307 ; 27 ; [0.046295517499510865] ; [0.79074371714807823]
833 ; 0 ; 307 ; 28 ; [0.054160102052756981] ; [0.44973326006590547]
833 ; 0 ; 309 ; 0 ; [0.15492205468728573] ; [0.1398677295647327]
833 ; 0 ; 309 ; 1 ; [0.4265869157584829] ; [2.4360963508385329]
833 ; 0 ; 309 ; 3 ; [2.3600606506851838] ; [0.60418403040940594]
833 ; 0 ; 309 ; 4 ; [0.064288154770796122] ; [1.3583132054991229]
833 ; 0 ; 309 ; 7 ; [0.057108739262024595] ; [3.5342560946820489]
833 ; 0 ; 309 ; 10 ; [5.7539803936826566] ; [5.8225935757809379]
833 ; 0 ; 309 ; 12 ; [0.91336716551066788] ; [2.8078990080604895]
833 ; 0 ; 309 ; 13 ; [0.3796749743097842] ; [1.2675022233835527]
833 ; 0 ; 310 ; 0 ; [0.45952217431723147] ; [1.2200885264569128]
833 ; 0 ; 311 ; 0 ; [0.00053603278161334326, 0.066642652873724312, 0.15118507153046631] ; [0.29714217357683859, 0.3993750680364625, 0.45432612649014315]
833 ; 0 ; 312 ; 6 ; [1.5378583193289386] ; [1.9261267626556431]
833 ; 0 ; 312 ; 7 ; [0.0021939000016086801] ; [1.3753286901596271]
833 ; 0 ; 312 ; 9 ; [1.9526084781395137] ; [1.1072546547367954]
833 ; 0 ; 313 ; 0 ; [0.2002801027195826] ; [0.24075525763558994]
833 ; 0 ; 314 ; 0 ; [-0.0012986470658607101, 0.81530039523835407] ; [0.20158763881633218, 0.92544213241412199]
833 ; 0 ; 314 ; 1 ; [0.93652064234663968] ; [0.56624685895416316]
833 ; 0 ; 314 ; 2 ; [0.27659084359981995] ; [0.62109620158689605]
833 ; 0 ; 314 ; 12 ; [0.12522048961151991] ; [0.76814836482672777]
833 ; 0 ; 314 ; 13 ; [1.162450109824104] ; [1.1742832003086723]
833 ; 0 ; 315 ; 0 ; [0.11788197117898169, 0.24216494721217269, 0.26956106427753346, 0.049635801652327484] ; [0.60572259190022781, 0.26584563833338321, 0.26458241818820682, 0.047704219347532516]
833 ; 0 ; 315 ; 1 ; [0.31171955426093406] ; [0.15165373972494142]
833 ; 0 ; 316 ; 0 ; [0.43569402578352251] ; [0.014618647045005449]
833 ; 0 ; 316 ; 5 ; [1.732678675159163] ; [0.51349514809493613]
833 ; 0 ; 316 ; 13 ; [0.44421294914739745] ; [0.41749789734054282]
833 ; 0 ; 317 ; 0 ; [0.25125446388778577, 0.53199919733137435] ; [0.17935059582105134, 0.23948864614382809]
833 ; 0 ; 317 ; 1 ; [0.19126837064783075] ; [0.015985893447035857]
833 ; 0 ; 318 ; 0 ; [0.0043797023173399001] ; [1.1089820383067119]
833 ; 0 ; 318 ; 2 ; [1.8063531037822347] ; [0.90243663747953895]
833 ; 0 ; 318 ; 5 ; [0.034593663228689939] ; [0.60639255367890499]
833 ; 0 ; 318 ; 10 ; [1.1492491720311164] ; [0.83484543204797002]
833 ; 0 ; 319 ; 0 ; [0.039847664328065038] ; [0.47269063191914079]
833 ; 0 ; 319 ; 4 ; [0.15905985847488122] ; [0.73081413657683547]
833 ; 0 ; 319 ; 7 ; [0.15243894652812348] ; [1.4002019811596327]
833 ; 0 ; 320 ; 0 ; [0.20505605560965032, 0.10687980477180997, 1.4272331840148922] ; [0.23595192949833019, 0.15581150243418024, 0.13679614469289197]
833 ; 0 ; 320 ; 2 ; [0.10875362949592496] ; [-0.046954965912865049]
833 ; 0 ; 321 ; 0 ; [0.23913317761948161, 0.34259821108066596] ; [0.31265367351288026, 0.15715860905558143]
833 ; 0 ; 321 ; 1 ; [0.22287622448561026, 0.28629695626306367] ; [0.28087387790277757, 0.27765612234209625]
833 ; 0 ; 321 ; 2 ; [0.36520391885635312] ; [0.012060790096126614]
833 ; 0 ; 322 ; 1 ; [1.4835749949927624] ; [0.069458091260832855]
833 ; 0 ; 322 ; 13 ; [1.0162828333599605] ; [1.9095477624991974]
833 ; 0 ; 322 ; 14 ; [1.035840974508019] ; [2.1537694645033212]
833 ; 0 ; 322 ; 19 ; [1.1482014232382216] ; [1.3774364770315832]
833 ; 0 ; 323 ; 0 ; [0.18433489904662553, 0.14583433896512649] ; [0.28873019165652103, 0.041256005130483872]
833 ; 0 ; 323 ; 1 ; [0.056393986833718143, 0.75937494820182039] ; [0.21590670672578252, 0.34932925436116025]
833 ; 0 ; 323 ; 2 ; [0.22278990876712743] ; [-0.006829963412929024]
833 ; 0 ; 323 ; 3 ; [0.050230789117473494] ; [-0.00085971248143965854]
833 ; 0 ; 324 ; 0 ; [0.32901832348778182, 0.44829564171533159, 0.4086027247782667] ; [0.23538620466711779, 0.36651000508794818, 0.34555692015400508]
833 ; 0 ; 325 ; 0 ; [0.93555806343609327] ; [0.40287781940946271]
833 ; 0 ; 325 ; 1 ; [0.13132682751693822, -0.025317111243774722] ; [0.21222832490766533, 0.14087848000652384]
833 ; 0 ; 325 ; 6 ; [0.22190525140847725] ; [0.48753871973389579]
833 ; 0 ; 326 ; 0 ; [0.1871534880986348] ; [0.079547859136623739]
833 ; 0 ; 326 ; 1 ; [1.4763355147732693] ; [0.21942127104704934]
833 ; 0 ; 327 ; 0 ; [0.58518570835500594] ; [0.28707059822401121]
833 ; 0 ; 328 ; 0 ; [0.20026452096537264, 0.29555200204020049, 0.34294302387708964, 0.36799686667228826, 0.21439304499750836] ; [0.1106661196205808, 0.21020082629904943, 0.30612646286315992, 0.47367720974613198, 0.18889531882345048]
833 ; 0 ; 328 ; 1 ; [0.20971799068425637] ; [0.21978941694869664]
833 ; 0 ; 329 ; 0 ; [0.27204895511749327, 0.25670908840603524, 0.10125235327261274] ; [0.20626614202152316, 0.40819692122333129, 0.34110099380450426]
833 ; 0 ; 329 ; 1 ; [-0.013271033817164397] ; [0.0045849970967530808]
833 ; 0 ; 331 ; 0 ; [0.41107441911511705] ; [0.16064515271596103]
833 ; 0 ; 331 ; 3 ; [0.25832490626321541] ; [0.70329343613318673]
833 ; 0 ; 331 ; 6 ; [0.53438902772993213] ; [0.31248811919046121]
833 ; 0 ; 331 ; 12 ; [0.31670840505136366, 0.40766746965228312] ; [0.33276976133998742, 0.51562088920069693]
833 ; 0 ; 333 ; 0 ; [0.2124924245321258, 0.13058939479609202] ; [0.30967897215278589, 0.26296437012327456]
833 ; 0 ; 334 ; 0 ; [0.029150370005653434, 0.024997546607086873, -0.028935677185514316] ; [0.30343583793520001, 0.36494750463244746, 0.088770175041765348]