# Run ; Subrun ; Event ; Track ; Charge Ratios View 0 ; Charge Ratios View 1 #
833 ; 1 ; 0 ; 0 ; [0.41078441096967222, 0.76814878923456675, 0.42702772800358202] ; [0.38529682910197321, 0.55331307620551162, 0.48516160902374872]
833 ; 1 ; 0 ; 5 ; [1.292856269078408] ; [1.5132186711461457]
833 ; 1 ; 1 ; 0 ; [0.30914567754987199, 0.16988373384169553] ; [0.33756962219867248, 0.12847201764470614]
833 ; 1 ; 1 ; 1 ; [0.10479810793259541] ; [0.064344715057170015]
833 ; 1 ; 2 ; 0 ; [1.7020264536939045] ; [0.69722934025416816]
833 ; 1 ; 3 ; 0 ; [0.12476829417429952, 0.26979577049853409, 0.75645446814543937] ; [0.42140655786335313, 0.33973778438172908, 0.23454836390650877]
833 ; 1 ; 3 ; 4 ; [-0.0004435080844178796] ; [0.68923967399257946]
833 ; 1 ; 4 ; 2 ; [0.33641280158072062] ; [0.068438998603071247]
833 ; 1 ; 4 ; 4 ; [0.12256763957954465] ; [0.087550650905172958]
833 ; 1 ; 6 ; 5 ; [1.3271962786150446] ; [0.96751550462071789]
833 ; 1 ; 6 ; 6 ; [0.63747586063843964] ; [1.5828442385040038]
833 ; 1 ; 7 ; 4 ; [0.29684569582794029] ; [0.014857688901359105]
833 ; 1 ; 8 ; 0 ; [0.23949377373413178] ; [0.11550668487223621]
833 ; 1 ; 8 ; 1 ; [0.87805925951077679] ; [0.71959064251047522]
833 ; 1 ; 8 ; 2 ; [0.20246240156943032] ; [1.6943885842409179]
833 ; 1 ; 8 ; 3 ; [-0.19626336666354749] ; [0.5327494500725074]
833 ; 1 ; 8 ; 4 ; [0.87432956134650275] ; [0.63587873141920093]
833 ; 1 ; 8 ; 5 ; [1.198977740279034] ; [1.073855088976519]
833 ; 1 ; 8 ; 6 ; [1.751067292838244] ; [1.1987741326213552]
833 ; 1 ; 8 ; 7 ; [0.2353736134999504] ; [0.59437920831444468]
833 ; 1 ; 9 ; 0 ; [0.60220441710968375] ; [0.61533497665886139]
833 ; 1 ; 9 ; 3 ; [1.3883375187403226] ; [0.068904387518501115]
833 ; 1 ; 9 ; 4 ; [0.75928395491682354] ; [0.36647585796322291]
833 ; 1 ; 9 ; 5 ; [0.32516804268194549] ; [0.56328087665887949]
833 ; 1 ; 9 ; 6 ; [0.016945272760828804] ; [0.69699992122538124]
833 ; 1 ; 9 ; 10 ; [0.12062113868730666] ; [-0.0014288674947147508]
833 ; 1 ; 10 ; 0 ; [1.2191946261994178, 0.38811036913115915, 0.30252964235216384, 0.083998313311892364] ; [0.27219556064712092, 0.33127677412414119, 0.25943668922576352, 0.029381459483344783]
833 ; 1 ; 11 ; 0 ; [0.75920702940037277, 0.9753701704825567] ; [0.58047395966616411, 0.29422452040967617]
833 ; 1 ; 11 ; 1 ; [0.068521241971632438] ; [0.12196727595711258]
833 ; 1 ; 12 ; 0 ; [0.50918590095046234, 0.78101684299696739] ; [0.0020084302168144473, 0.61518570662584104]
833 ; 1 ; 12 ; 1 ; [0.29748978180231678] ; [0.044899625076839103]
833 ; 1 ; 12 ; 2 ; [0.89599010894645759] ; [0.050289737948521637]
833 ; 1 ; 12 ; 3 ; [0.25550343831244271] ; [0.25273891119072178]
833 ; 1 ; 12 ; 13 ; [0.92945646699302609] ; [0.55628485921969473]
833 ; 1 ; 13 ; 0 ; [0.14046159470885991, 0.11288752545984938] ; [0.23577474786837391, 1.6499262075602454]
833 ; 1 ; 14 ; 0 ; [0.20193764170671052] ; [0.070990973012948294]
833 ; 1 ; 14 ; 1 ; [0.40393034418293305] ; [0.21336256835153652]
833 ; 1 ; 14 ; 2 ; [0.9102780701791825] ; [0.35032908578732452]
833 ; 1 ; 14 ; 3 ; [2.0183272149879112] ; [1.8197983832832898]
833 ; 1 ; 14 ; 8 ; [1.2261599563534125] ; [0.44971634323065074]
833 ; 1 ; 15 ; 0 ; [0.3048355246716089] ; [0.1870706878641461]
833 ; 1 ; 15 ; 1 ; [0.51575974785611145] ; [0.098775400339554731]
833 ; 1 ; 16 ; 0 ; [0.23001382280938562] ; [0.32039373696785745]
833 ; 1 ; 16 ; 1 ; [0.30985011934096135] ; [1.1835490669393807]
833 ; 1 ; 17 ; 0 ; [0.12375595382641512, 0.23183245374448705, 0.14701246613323041] ; [0.26758647083369425, 0.29315086477430347, 0.094735595145791676]
833 ; 1 ; 18 ; 0 ; [0.32554545315532507, 0.24542502708294187] ; [0.18406446509927973, 0.046362799891038226]
833 ; 1 ; 19 ; 0 ; [0.46763933833634175, 0.7409237623236361] ; [0.31393640572169179, 0.63407883372054541]
833 ; 1 ; 20 ; 0 ; [1.0272734621062487] ; [1.2512243541531132]
833 ; 1 ; 20 ; 4 ; [0.083984817806180181] ; [0.19664091518954593]
833 ; 1 ; 21 ; 0 ; [0.31696087854949123, 0.29041854693587044, 0.33900582586018857, 0.50617132470755766, 0.31160146601893685, 0.3475029427297594] ; [0.28352823787729625, 0.47815943714537806, 0.24279423918266371, 0.5487992825713941, 0.28790359931704995, 0.13576986564770294]
833 ; 1 ; 21 ; 1 ; [0.51133467485997464, 0.53336089985687563] ; [0.77841262038660008, 0.25968204862566191]
833 ; 1 ; 21 ; 2 ; [0.40255258711460129] ; [0.050081345065344472]
833 ; 1 ; 22 ; 0 ; [0.87731754366168091] ; [1.3436797090534944]
833 ; 1 ; 22 ; 4 ; [1.6439227522623423] ; [1.9239398613963345]
833 ; 1 ; 22 ; 5 ; [4.0876196000507656] ; [0.88458845286171128]
833 ; 1 ; 23 ; 1 ; [1.3757396766022048] ; [0.6969666272233096]
833 ; 1 ; 23 ; 2 ; [-0.0023670601160873288] ; [0.10932893977866498]
833 ; 1 ; 24 ; 1 ; [0.28414295861302541] ; [0.00052837419182674521]
833 ; 1 ; 24 ; 6 ; [0.13766781696698616] ; [0.28882471749083349]
833 ; 1 ; 26 ; 0 ; [0.3796356264278703, 1.4477244105296676] ; [0.25369477011857222, 0.21012111849399806]
833 ; 1 ; 26 ; 1 ; [0.13520322880680402] ; [0.18248512460500516]
833 ; 1 ; 26 ; 2 ; [0.13386175926485022] ; [0.16291042829201352]
833 ; 1 ; 27 ; 0 ; [0.030007122129087283, 0.86530734565330092] ; [0.044344870140635415, 0.012282622057403495]
833 ; 1 ; 27 ; 1 ; [0.29990157666739792] ; [0.54268222623856954]
833 ; 1 ; 28 ; 3 ; [0.32078144530253216] ; [0.089328945369352028]
833 ; 1 ; 28 ; 6 ; [0.69868167547279103] ; [0.068812100935135803]
833 ; 1 ; 29 ; 1 ; [2.6554391550605381] ; [0.12782503674038453]
833 ; 1 ; 29 ; 2 ; [0.014408843378562401] ; [0.41216403464299478]
833 ; 1 ; 29 ; 14 ; [0.063328401865516359] ; [1.0444374909857617]
833 ; 1 ; 30 ; 0 ; [0.31191753158852276] ; [0.5167126618534974]
833 ; 1 ; 30 ; 2 ; [1.412684251622204] ; [0.90087784385010705]
833 ; 1 ; 30 ; 4 ; [0.70687163325267011] ; [1.655140040064667]
833 ; 1 ; 30 ; 5 ; [4.907699203927927] ; [0.62414429789238168]
833 ; 1 ; 30 ; 6 ; [0.18839946858199469] ; [0.40146388883952022]
833 ; 1 ; 30 ; 8 ; [3.5921836666166618] ; [0.30112691327292079]
833 ; 1 ; 30 ; 14 ; [1.1281536189376564] ; [0.79158171139913269]
833 ; 1 ; 30 ; 20 ; [1.4539985515552354] ; [0.73458929311037047]
833 ; 1 ; 30 ; 24 ; [0.32808840986584897] ; [0.95120497214315469]
833 ; 1 ; 30 ; 33 ; [1.3216851432420964] ; [0.90553364434394201]
833 ; 1 ; 31 ; 0 ; [0.11780517651686298] ; [0.067677400423960712]
833 ; 1 ; 31 ; 1 ; [0.097662719242347762] ; [1.3462314366952188]
833 ; 1 ; 31 ; 2 ; [0.31468880065700755] ; [0.74699797774990995]
833 ; 1 ; 31 ; 3 ; [0.29540704146313712] ; [0.63590534615153527]
833 ; 1 ; 31 ; 4 ; [0.44592305925617254] ; [0.039399508305421507]
833 ; 1 ; 32 ; 0 ; [1.2794496593707725] ; [0.90468019360983842]
833 ; 1 ; 32 ; 4 ; [0.17840055599849797] ; [1.6133141757074907]
833 ; 1 ; 32 ; 5 ; [0.31485142027907592] ; [0.14757332502015427]
833 ; 1 ; 32 ; 9 ; [0.48005034664279544] ; [2.6130182710195151]
833 ; 1 ; 32 ; 11 ; [4.8098982500519165] ; [0.83410200605969176]
833 ; 1 ; 32 ; 25 ; [0.3832061757186439] ; [0.45948689084293853]
833 ; 1 ; 32 ; 35 ; [0.70013053865671127] ; [1.3380828397734714]
833 ; 1 ; 33 ; 0 ; [0.042869625447071791] ; [-0.025111074596700141]
833 ; 1 ; 33 ; 3 ; [0.59799920859600275, 0.50736915241270675, 0.76037945717138733] ; [0.51078304686830078, 0.40920712646638568, 0.97843712663205262]
833 ; 1 ; 33 ; 4 ; [0.45559307481757944] ; [0.35850082667350758]
833 ; 1 ; 35 ; 0 ; [0.48508106495314895] ; [1.7658505640905009]
833 ; 1 ; 35 ; 1 ; [1.0674012842256237] ; [0.68822421622872965]
833 ; 1 ; 35 ; 2 ; [0.77179634924325435] ; [0.75211234613330591]
833 ; 1 ; 35 ; 3 ; [1.0392000757600133] ; [0.89000865397920847]
833 ; 1 ; 35 ; 4 ; [1.3547506561023168] ; [2.2738628431999763]
833 ; 1 ; 35 ; 5 ; [1.4370407090185955] ; [0.58147505896267104]
833 ; 1 ; 35 ; 7 ; [1.606825703564533] ; [2.0441649174281271]
833 ; 1 ; 35 ; 10 ; [2.0254882805825032] ; [1.0669531007318966]
833 ; 1 ; 35 ; 14 ; [2.1259671885289726] ; [1.2962173865980575]
833 ; 1 ; 35 ; 15 ; [1.7552711978200066] ; [2.1057358070907886]
833 ; 1 ; 35 ; 17 ; [1.6153502167478337] ; [2.2484020622788399]
833 ; 1 ; 35 ; 20 ; [2.3089907495503268] ; [2.4616331517862493]
833 ; 1 ; 35 ; 21 ; [1.7367626107567868] ; [1.4619711013993972]
833 ; 1 ; 35 ; 22 ; [3.7450566641666381] ; [3.2866294112647219]
833 ; 1 ; 35 ; 23 ; [2.0120000447234623] ; [1.1900169250110746]
833 ; 1 ; 35 ; 24 ; [2.0516932301786208] ; [2.421099994780858]
833 ; 1 ; 35 ; 27 ; [3.2498357658327999] ; [1.9270628311626845]
833 ; 1 ; 35 ; 30 ; [1.2259414029368849] ; [1.982006452436057]
833 ; 1 ; 35 ; 31 ; [2.1225492054929314] ; [1.5759562820278006]
833 ; 1 ; 35 ; 33 ; [0.76497346297546842] ; [2.2470359954944246]
833 ; 1 ; 35 ; 34 ; [3.1810595309223926] ; [2.1855787761937746]
833 ; 1 ; 35 ; 37 ; [1.8023111229206579] ; [1.702382748961244]
833 ; 1 ; 35 ; 38 ; [0.90530629564062592] ; [1.9703864659515034]
833 ; 1 ; 35 ; 39 ; [2.0625946449374082] ; [0.040153649026951704]
833 ; 1 ; 35 ; 40 ; [2.2999186650931418] ; [2.2055610263423873]
833 ; 1 ; 35 ; 42 ; [0.52940254402403797] ; [1.1034812226424324]
833 ; 1 ; 35 ; 45 ; [1.740318549219547] ; [2.548057134610588]
833 ; 1 ; 35 ; 46 ; [1.8304462000956221] ; [1.9143013721898234]
833 ; 1 ; 35 ; 47 ; [1.8770840390671819] ; [1.9346746378565294]
833 ; 1 ; 35 ; 50 ; [2.4118190222803499] ; [2.2113385947144524]
833 ; 1 ; 36 ; 0 ; [0.33541981963295575, -0.044404735185802055] ; [0.063492109218956733, 0.14039399264652797]
833 ; 1 ; 36 ; 2 ; [0.2978685368535034] ; [0.12171705441609613]
833 ; 1 ; 36 ; 5 ; [0.24955693934592152] ; [0.26185536959658701]
833 ; 1 ; 37 ; 1 ; [1.4691816591822622] ; [3.4306108352823781]
833 ; 1 ; 37 ; 2 ; [0.41132811158558358] ; [-0.023977103472897575]
833 ; 1 ; 37 ; 3 ; [1.2520789969157047] ; [0.48065605743548334]
833 ; 1 ; 37 ; 6 ; [4.2854791317765608] ; [11.957455100517844]
833 ; 1 ; 37 ; 8 ; [0.15646087921086405] ; [1.3737039626473679]
833 ; 1 ; 37 ; 11 ; [0.063776956972580207] ; [1.6799066501674109]
833 ; 1 ; 38 ; 0 ; [1.5584569480330235] ; [1.9833743723916779]
833 ; 1 ; 38 ; 1 ; [1.5914413784094266] ; [1.2352373456217187]
833 ; 1 ; 38 ; 3 ; [0.078156718500275599] ; [0.81289193750084066]
833 ; 1 ; 38 ; 5 ; [1.9753486260596247] ; [0.92380516424080972]
833 ; 1 ; 39 ; 0 ; [0.11565719594182475] ; [0.32899356281543651]
833 ; 1 ; 39 ; 2 ; [0.084056760410093773] ; [0.26767047687758427]
833 ; 1 ; 39 ; 5 ; [0.043613749592582809] ; [0.39719306438778634]
833 ; 1 ; 41 ; 0 ; [0.14171640694625609] ; [0.58533844392394485]
833 ; 1 ; 41 ; 1 ; [0.12671313899920159] ; [0.30817811871466083]
833 ; 1 ; 41 ; 2 ; [0.29702877149964668] ; [1.1610602349823154]
833 ; 1 ; 41 ; 7 ; [1.3099556580550158] ; [1.8051019826273864]
833 ; 1 ; 42 ; 0 ; [0.048994017412211668] ; [0.18920894105995717]
833 ; 1 ; 42 ; 2 ; [0.022183339462245419] ; [1.5331975757838527]
833 ; 1 ; 43 ; 0 ; [0.27176260476946246, 0.25575872904849001, 0.36077378969998608] ; [0.34541071345506791, 0.29891935474677117, 0.11206012333661115]
833 ; 1 ; 44 ; 0 ; [0.70282523290238053] ; [0.13568633694979032]
833 ; 1 ; 44 ; 3 ; [0.34463605404180414, 0.72264327005414541] ; [0.3704463767157104, 0.52158511008372832]
833 ; 1 ; 45 ; 0 ; [-0.0086194239150963834, 0.0029733867264531912, 0.1570795217414557] ; [0.28687500841044578, 0.31658034163705684, 0.20114936776676975]
833 ; 1 ; 45 ; 1 ; [-0.018456596615543747] ; [0.040854330866671236]
833 ; 1 ; 46 ; 0 ; [0.97390037043133237] ; [0.85833539164393857]
833 ; 1 ; 46 ; 2 ; [1.9842235226336695] ; [0.56174485623846682]
833 ; 1 ; 46 ; 4 ; [0.075495215987876535] ; [-0.014118512891863458]
833 ; 1 ; 46 ; 5 ; [0.65499074940800772] ; [1.8701551824386642]
833 ; 1 ; 46 ; 7 ; [3.404574509896297] ; [0.81636224238642952]
833 ; 1 ; 46 ; 10 ; [0.027505427363952777] ; [3.7256308102167242]
833 ; 1 ; 47 ; 0 ; [0.055507036365331261, 0.038630882863767341] ; [0.074009319110418317, 0.18298057212631849]
833 ; 1 ; 47 ; 2 ; [1.1050815411250974] ; [0.48918912048879881]
833 ; 1 ; 47 ; 3 ; [0.18512964875131616] ; [0.55018305482107976]
833 ; 1 ; 48 ; 0 ; [-0.0041041532383221972, 0.049093219434885579] ; [0.3022603749394297, 0.19551922205801667]
833 ; 1 ; 48 ; 8 ; [0.39786734216755953] ; [1.2458689004010872]
833 ; 1 ; 49 ; 0 ; [0.18926458496925661] ; [0.36352402418418994]
833 ; 1 ; 49 ; 1 ; [5.9723208305387292] ; [0.58403210771401304]
833 ; 1 ; 49 ; 2 ; [0.077439745301693771] ; [0.41818494699298103]
833 ; 1 ; 49 ; 3 ; [0.69305576250722178] ; [0.49621749152469607]
833 ; 1 ; 50 ; 1 ; [0.64214090188676842] ; [2.0528894508095137]
833 ; 1 ; 50 ; 2 ; [4.7403500822455999] ; [0.236449038575269]
833 ; 1 ; 50 ; 3 ; [0.35771170672896468] ; [1.4326625200660341]
833 ; 1 ; 50 ; 4 ; [1.4715207180792602] ; [1.5750666367788428]
833 ; 1 ; 50 ; 6 ; [4.7108520208780114] ; [2.1471639763993537]
833 ; 1 ; 50 ; 8 ; [1.5758324146506668] ; [1.6474982696416163]
833 ; 1 ; 51 ; 0 ; [0.36563685462740197, 0.10627633170325797] ; [0.35120694995769675, 0.072485632399087493]
833 ; 1 ; 51 ; 1 ; [0.63577660721911478] ; [0.19478769882012489]
833 ; 1 ; 52 ; 0 ; [0.44016138261669513] ; [0.60436592488526308]
833 ; 1 ; 52 ; 1 ; [0.031637028571287473] ; [0.045722775282496707]
833 ; 1 ; 53 ; 0 ; [0.30285693891013526] ; [0.22122038799298482]
833 ; 1 ; 53 ; 1 ; [0.58918253352183769] ; [0.46455967360645628]
833 ; 1 ; 53 ; 2 ; [0.10691494550053701] ; [0.00056684405619281748]
833 ; 1 ; 54 ; 1 ; [0.15694060928082346] ; [0.82192198174465925]
833 ; 1 ; 54 ; 3 ; [1.0611260528997171] ; [1.6098726949699778]
833 ; 1 ; 55 ; 0 ; [0.63282808125765755] ; [1.9914223847187089]
833 ; 1 ; 55 ; 1 ; [1.0972701834570469] ; [1.3874357350856066]
833 ; 1 ; 55 ; 3 ; [1.3127703819310736] ; [0.48907468007423788]
833 ; 1 ; 55 ; 4 ; [0.73401604672817322] ; [1.13273560468208]
833 ; 1 ; 56 ; 0 ; [0.27247130796281521, 0.077567801768715361] ; [0.29314992931334616, 1.5245272505236867]
833 ; 1 ; 57 ; 0 ; [1.0552557894244321] ; [1.3746394075370321]
833 ; 1 ; 57 ; 1 ; [1.228635245162625] ; [0.56526178938724558]
833 ; 1 ; 57 ; 4 ; [0.18485048726015763] ; [0.3958831405612801]
833 ; 1 ; 58 ; 1 ; [0.77063642133194787] ; [0.14290175064607979]
833 ; 1 ; 59 ; 0 ; [0.67197312719737257, 1.8432557773907567] ; [0.2912515579057719, 0.21918611721828288]
833 ; 1 ; 59 ; 2 ; [0.92624054136156009] ; [0.73923022297724472]
833 ; 1 ; 59 ; 5 ; [1.6104854452577684] ; [0.80860472479525147]
833 ; 1 ; 59 ; 7 ; [1.8750186446189461] ; [1.8153803724939481]
833 ; 1 ; 60 ; 0 ; [0.10224127958872271, 0.60009021186611089] ; [0.25403005748693863, 0.52016048663558079]
833 ; 1 ; 61 ; 0 ; [0.5205213224805646] ; [0.54672652569004598]
833 ; 1 ; 61 ; 2 ; [1.1413026658048726] ; [0.96060287157390356]
833 ; 1 ; 61 ; 6 ; [1.1870336270853346] ; [0.87780301063221788]
833 ; 1 ; 61 ; 7 ; [0.10694152153658699] ; [0.097280726762357522]
833 ; 1 ; 62 ; 2 ; [0.071031198088633632] ; [0.13888191678525577]
833 ; 1 ; 62 ; 5 ; [0.26586854896268952, 0.23868192580888309] ; [0.31501979172633382, 0.13734692751988117]
833 ; 1 ; 63 ; 0 ; [0.63509622921756903] ; [0.3708216557821622]
833 ; 1 ; 63 ; 1 ; [0.21836752035855755] ; [0.34085742959837578]
833 ; 1 ; 63 ; 2 ; [0.10664650309080895] ; [0.090913142807667491]
833 ; 1 ; 64 ; 1 ; [0.14711582176547003] ; [0.12169768262626501]
833 ; 1 ; 65 ; 0 ; [0.22420316244554941] ; [0.29118105308668862]
833 ; 1 ; 65 ; 1 ; [0.97399891478404577] ; [0.40768540837547079]
833 ; 1 ; 66 ; 0 ; [1.8139742714581772] ; [0.70113501054774763]
833 ; 1 ; 66 ; 5 ; [0.78732899352035357] ; [1.9690618031410689]
833 ; 1 ; 66 ; 14 ; [2.3920296842611712] ; [1.5379434284758262]
833 ; 1 ; 68 ; 0 ; [0.20789841481195515] ; [0.96498704199051666]
833 ; 1 ; 68 ; 2 ; [1.4989267458118558] ; [0.96116431741727981]
833 ; 1 ; 68 ; 3 ; [0.60171453339342118] ; [0.10204905356618467]
833 ; 1 ; 68 ; 4 ; [2.3726828540563241] ; [0.31389104202415435]
833 ; 1 ; 68 ; 6 ; [2.2780348653637321] ; [0.011050347695681915]
833 ; 1 ; 68 ; 7 ; [0.51682694391198414] ; [0.73867668373431294]
833 ; 1 ; 68 ; 8 ; [1.3988519814617524] ; [2.2106336643247597]
833 ; 1 ; 68 ; 11 ; [0.033944354335273159] ; [0.5820568548592483]
833 ; 1 ; 68 ; 13 ; [2.2426475673188815] ; [0.19230615188961275]
833 ; 1 ; 68 ; 14 ; [1.4182738258736887] ; [1.3675317025792382]
833 ; 1 ; 68 ; 16 ; [1.2015852575932706] ; [14.2155407586568]
833 ; 1 ; 68 ; 19 ; [0.23280094329540851] ; [6.2645970464334004]
833 ; 1 ; 68 ; 20 ; [1.9409504794308721] ; [1.137986268797379]
833 ; 1 ; 68 ; 31 ; [0.17116328875565398] ; [0.59675333776344297]
833 ; 1 ; 69 ; 0 ; [1.0223086127951397] ; [3.6764891958000105]
833 ; 1 ; 70 ; 0 ; [0.80883215925724905, 0.67535561761953133] ; [0.69921432962505692, 0.62383104918323762]
833 ; 1 ; 71 ; 0 ; [0.51277425355409378] ; [0.60772003024858823]
833 ; 1 ; 71 ; 2 ; [1.1011033905608687] ; [0.8660020610285768]
833 ; 1 ; 71 ; 3 ; [1.8799527670994214] ; [1.0282882637931936]
833 ; 1 ; 71 ; 12 ; [2.1763506829015875] ; [1.707000233021545]
833 ; 1 ; 71 ; 13 ; [0.8254432791620786] ; [1.3355397070778676]
833 ; 1 ; 71 ; 14 ; [0.42088921637033322] ; [0.74008461667118874]
833 ; 1 ; 71 ; 17 ; [2.081587048124756] ; [2.7255380090718146]
833 ; 1 ; 71 ; 19 ; [0.4518082817939203] ; [1.9573331292929634]
833 ; 1 ; 71 ; 20 ; [0.01724905563990059] ; [2.6195540425497632]
833 ; 1 ; 71 ; 22 ; [10.711063478989431] ; [3.5076528878625504]
833 ; 1 ; 71 ; 26 ; [0.41665806754577772] ; [2.3365416113695758]
833 ; 1 ; 71 ; 30 ; [1.099366969912676] ; [1.1535101318550822]
833 ; 1 ; 72 ; 0 ; [1.2803980608042052] ; [-0.0069908491018428548]
833 ; 1 ; 73 ; 0 ; [0.20357294407241683] ; [0.070703975398682631]
833 ; 1 ; 74 ; 0 ; [0.18651908713367357, 0.25745910334413508, 0.25649638473911041, 0.26868013319889245] ; [0.27482500652711844, 0.30344415893760307, 0.32761642865979285, 0.24609855418755866]
833 ; 1 ; 75 ; 0 ; [0.54086886632574482] ; [0.72657449618416692]
833 ; 1 ; 77 ; 1 ; [0.58086398865714417] ; [0.26533139207063866]
833 ; 1 ; 77 ; 2 ; [1.5988719324735479] ; [1.3141676152764366]
833 ; 1 ; 77 ; 4 ; [0.25144274644540021] ; [0.87825691330357958]
833 ; 1 ; 77 ; 11 ; [0.26570496477656907] ; [0.22652643488631874]
833 ; 1 ; 78 ; 0 ; [0.3007013535743937, 0.50005157523178556] ; [0.30580916591915086, 0.67386615936272309]
833 ; 1 ; 78 ; 1 ; [0.13418890082198748] ; [0.019828754551883383]
833 ; 1 ; 78 ; 4 ; [0.0023651822353783218] ; [0.10300872389432615]
833 ; 1 ; 79 ; 0 ; [0.0044676625497165187, 0.0022197146763550837, -0.0073893148428429666, 0.096454393923906923] ; [0.28167567866869042, 0.32272526570982396, 0.28838493279689881, 0.14763929801982048]
833 ; 1 ; 80 ; 0 ; [0.17070356296150316, 0.059688828300454307] ; [0.23613065756828938, 0.25292566503669001]
833 ; 1 ; 80 ; 1 ; [0.41749956632007468] ; [0.12063031780963111]
833 ; 1 ; 80 ; 2 ; [0.38620565930973061] ; [0.0027974494919443082]
833 ; 1 ; 81 ; 0 ; [0.22882516503778802, 0.025110358397583174] ; [1.0866447927477327, 0.50029515041666939]
833 ; 1 ; 82 ; 0 ; [1.5924649474587278] ; [0.478027166472062]
833 ; 1 ; 82 ; 1 ; [1.5245017241131709] ; [2.1494888080170704]
833 ; 1 ; 82 ; 3 ; [2.2931556562911224] ; [1.427573589841078]
833 ; 1 ; 83 ; 0 ; [1.5229844865813082] ; [1.1672535994783011]
833 ; 1 ; 83 ; 4 ; [1.5213429860426897] ; [0.32936867428944344]
833 ; 1 ; 83 ; 8 ; [1.7896772969725652] ; [1.1376607091655182]
833 ; 1 ; 83 ; 10 ; [1.480334366400907] ; [1.9626925281190968]
833 ; 1 ; 83 ; 19 ; [1.0469213750839359] ; [2.1077759801840594]
833 ; 1 ; 83 ; 20 ; [3.7697487810071686] ; [0.49751345463615498]
833 ; 1 ; 83 ; 21 ; [1.9183654515255324] ; [1.7810951481009218]
833 ; 1 ; 83 ; 23 ; [0.93167634705536406] ; [0.92911953790835178]
833 ; 1 ; 84 ; 0 ; [0.5851466359405918] ; [0.18151734194442809]
833 ; 1 ; 85 ; 0 ; [0.16257863392550556] ; [0.041953772905088602]
833 ; 1 ; 85 ; 1 ; [0.20815510268725765] ; [0.18814019173640853]
833 ; 1 ; 86 ; 0 ; [-0.000225729189197159, 0.016851179716068615] ; [0.22893158943910738, 0.27863910935676478]
833 ; 1 ; 87 ; 1 ; [1.3729234412729399] ; [1.1080815659958123]
833 ; 1 ; 87 ; 3 ; [1.6596677160263014] ; [0.46718185679374685]
833 ; 1 ; 87 ; 4 ; [2.331800647229433] ; [0.96502624467473941]
833 ; 1 ; 87 ; 8 ; [2.4700205485362625] ; [2.5396029614908291]
833 ; 1 ; 88 ; 0 ; [0.27916448374916614] ; [0.33654493971932775]
833 ; 1 ; 88 ; 1 ; [0.81941340545635311] ; [0.32099487135488969]
833 ; 1 ; 89 ; 0 ; [0.46965159110454779, 0.54096308306810048, 0.51877245800219074, 0.53129675632173101, 0.24063127522842925] ; [0.37968363792480297, 0.4585476460695484, 0.53388509394370909, 0.56073977429044586, 0.43866797745298985]
833 ; 1 ; 91 ; 0 ; [0.76616057839845741] ; [0.92836269353421197]
833 ; 1 ; 91 ; 1 ; [0.12819280088931884] ; [0.016834075269463945]
833 ; 1 ; 91 ; 2 ; [0.093076293180751682] ; [0.41833272998576776]
833 ; 1 ; 91 ; 3 ; [0.75495292938274039] ; [1.0827077306627459]
833 ; 1 ; 92 ; 2 ; [0.20617602747131991] ; [0.1694472224237222]
833 ; 1 ; 92 ; 4 ; [0.25139575946841436] ; [0.044538766199448347]
833 ; 1 ; 92 ; 5 ; [0.53746561521526659] ; [0.13881552223864738]
833 ; 1 ; 92 ; 6 ; [0.37747247054667615] ; [0.02300574673892461]
833 ; 1 ; 92 ; 15 ; [0.89045659746947037, 0.038211190045114078] ; [0.44578757425392523, 0.043505222322260034]
833 ; 1 ; 93 ; 1 ; [0.66573306581286706] ; [0.34569452685192259]
833 ; 1 ; 94 ; 0 ; [0.62413077432781494, 0.38072367516493977] ; [0.37530313678803529, 0.072015790425356233]
833 ; 1 ; 94 ; 1 ; [1.4556842603634141] ; [0.17455102805626732]
833 ; 1 ; 94 ; 3 ; [0.40090951662572538] ; [3.2501157702435033]
833 ; 1 ; 95 ; 7 ; [0.84848383323455412] ; [0.33795211485451992]
833 ; 1 ; 95 ; 8 ; [0.01408145718021179] ; [0.48483613132664255]
833 ; 1 ; 96 ; 0 ; [0.25680850065943006, 0.27325149532900317, 0.28824726716375842] ; [0.37247736659810682, 0.54431464945160069, 0.33977787955979005]
833 ; 1 ; 96 ; 1 ; [0.35823821352426266] ; [0.36858264729170981]
833 ; 1 ; 97 ; 0 ; [0.10710615300904626, 0.052015189414796929] ; [0.45559838615202097, 0.31042028676919692]
833 ; 1 ; 97 ; 1 ; [0.056657209645417449, 0.27264493996058103] ; [0.31971351621139737, 0.49098969468523246]
833 ; 1 ; 97 ; 2 ; [0.1287630722939033] ; [0.27217103521658503]
833 ; 1 ; 98 ; 0 ; [0.55341799489867216] ; [0.61247739875336549]
833 ; 1 ; 99 ; 0 ; [0.61179430584340677, 0.11769196869461271, 0.062072955958863807, 0.013611876932254545] ; [0.56505513671096308, 0.13861619359400393, 0.18850349602303931, 0.40886523096396837]
833 ; 1 ; 100 ; 2 ; [0.21389831654556146] ; [1.9311022065158654]
833 ; 1 ; 100 ; 3 ; [0.24629573702873997] ; [1.5721131021713863]
833 ; 1 ; 100 ; 4 ; [0.22256993932432503] ; [2.5432802223314663]
833 ; 1 ; 100 ; 5 ; [0.22067157226247239] ; [2.1112194373669944]
833 ; 1 ; 100 ; 8 ; [0.30402212110698595] ; [1.5696161728335769]
833 ; 1 ; 100 ; 9 ; [0.22912474590859308] ; [1.7759155010041192]
833 ; 1 ; 102 ; 0 ; [1.3516013675307124, 0.32853541779602957, 0.25817733450965547, 0.2798278882839606, 0.20152995482371749, 0.2951699435907803] ; [0.083655858959996277, 0.26335356165724139, 0.36140123410201652, 0.36421601278172566, 0.23319257546721744, 0.21572886929519233]
833 ; 1 ; 102 ; 1 ; [0.093566365995703726] ; [0.17635783848924888]
833 ; 1 ; 103 ; 0 ; [0.14627361001052649, 0.086938747133174996] ; [0.59885006927835183, 0.13215443111339584]
833 ; 1 ; 104 ; 0 ; [0.92119061550122916] ; [0.54028270588056282]
833 ; 1 ; 104 ; 1 ; [0.015685970349498094] ; [0.17798415390443972]
833 ; 1 ; 104 ; 2 ; [0.90185943682753611] ; [0.84598348905231324]
833 ; 1 ; 105 ; 0 ; [0.24367688108538393] ; [0.25018398178869716]
833 ; 1 ; 105 ; 3 ; [0.50739661864497132] ; [0.4806866945376756]
833 ; 1 ; 106 ; 0 ; [0.22359328109466034, 0.26021400244103815, 0.22139900369769633, 0.15970273218764036] ; [0.35948176724493663, 0.39114056555304516, 0.30971767051617161, 0.19954506498772961]
833 ; 1 ; 106 ; 1 ; [-0.0052660909478812338] ; [0.025518836057020641]
833 ; 1 ; 107 ; 0 ; [0.52694915145235577] ; [-0.0059944497472928931]
833 ; 1 ; 107 ; 2 ; [0.85399221917299628] ; [1.6484919963944147]
833 ; 1 ; 107 ; 3 ; [1.6975729148061476] ; [0.87190017272576492]
833 ; 1 ; 107 ; 4 ; [0.77457504866929816] ; [1.1286548414340385]
833 ; 1 ; 107 ; 5 ; [0.34314669555281851] ; [0.2374011217538278]
833 ; 1 ; 107 ; 7 ; [2.527194363353138] ; [1.2400263169712626]
833 ; 1 ; 107 ; 11 ; [0.9525289679037352] ; [1.9294133974720691]
833 ; 1 ; 107 ; 12 ; [0.6704411805843814] ; [0.97023822434618268]
833 ; 1 ; 107 ; 14 ; [0.025929666078435231] ; [0.090649716396569699]
833 ; 1 ; 107 ; 15 ; [10.340931692615762] ; [2.0946415557240758]
833 ; 1 ; 107 ; 17 ; [1.0532819494093777] ; [1.3376150716786597]
833 ; 1 ; 107 ; 18 ; [1.7701421496018566] ; [2.9735485177836622]
833 ; 1 ; 107 ; 20 ; [1.0285825520930689] ; [1.8798648514744727]
833 ; 1 ; 107 ; 21 ; [1.1494125265169268] ; [0.0078431338426192057]
833 ; 1 ; 107 ; 22 ; [2.0071010466493333] ; [2.1549815355232904]
833 ; 1 ; 108 ; 0 ; [0.0024385700006410338] ; [0.013242074423122665]
833 ; 1 ; 109 ; 0 ; [0.0048767730005032719] ; [0.37552433607841257]
833 ; 1 ; 109 ; 4 ; [0.30314758783319345] ; [0.42039368945253303]
833 ; 1 ; 109 ; 5 ; [0.34788982377275834] ; [0.45093776666010277]
833 ; 1 ; 111 ; 0 ; [1.2744731307544961, 0.42714244594113321, 0.27635789505354902, 0.1654225461072488, 0.03783087557621647] ; [0.32047881915212878, 0.33354207553081333, 0.25470505019980422, 0.37353759757913407, 0.15414910332029991]
833 ; 1 ; 111 ; 3 ; [0.32445529646337207] ; [0.015875115822175906]
833 ; 1 ; 112 ; 0 ; [0.48021195231312291, 0.27823595210862528, 0.16542629456323543, 2.58207369324073] ; [0.27393091744076681, 0.29583988231259079, 0.34097070168813542, 0.28051046338937791]
833 ; 1 ; 112 ; 1 ; [0.073097423392023769] ; [0.072730752607791188]
833 ; 1 ; 113 ; 0 ; [0.16388223508446689, 0.080316522936813475] ; [0.32206322895023243, 0.2871006387506409]
833 ; 1 ; 114 ; 0 ; [0.91513780591643279] ; [0.037712475396248467]
833 ; 1 ; 114 ; 1 ; [0.35236597917568269] ; [0.60475175693977867]
833 ; 1 ; 114 ; 2 ; [0.065344740849558408] ; [0.044608258418092385]
833 ; 1 ; 115 ; 0 ; [0.14877725497943342, 0.015534062585805383] ; [0.32987209491735975, 0.37109633042056539]
833 ; 1 ; 116 ; 7 ; [0.88428597233736916] ; [5.3390073491298633]
833 ; 1 ; 117 ; 0 ; [0.032440880159829218, 0.08684467365803028] ; [0.28749270889825357, 0.17308681390177111]
833 ; 1 ; 117 ; 1 ; [0.0088941620119354376] ; [0.30377569885370004]
833 ; 1 ; 118 ; 0 ; [0.20042024296871871] ; [0.62837999030589364]
833 ; 1 ; 118 ; 2 ; [0.29213972619243544] ; [0.9240969950222917]
833 ; 1 ; 118 ; 3 ; [0.72625334027519395] ; [1.0933702999301778]
833 ; 1 ; 119 ; 0 ; [0.14407133764305485, 0.16709532065070407, 1.0457072273577059] ; [0.45049908595029703, 0.5425970454041833, 0.25713443582181839]
833 ; 1 ; 120 ; 0 ; [0.0003339105041682849] ; [2.5864352196429774]
833 ; 1 ; 121 ; 0 ; [0.43853473081817279, 0.044397000961589078, 0.11219638968855193] ; [0.66629041617782114, 0.54548075071545865, 0.45974975558428577]
833 ; 1 ; 121 ; 1 ; [0.50188666228587009] ; [1.7499581574133638]
833 ; 1 ; 122 ; 0 ; [0.046578273917568851, 0.023441546420345894, -0.0095820682727661335] ; [0.42643247106798837, 0.30095999997726558, 0.11351065532440716]
833 ; 1 ; 123 ; 1 ; [0.99062115619674496] ; [0.76590713890578499]
833 ; 1 ; 123 ; 2 ; [0.52607800835029228] ; [1.3862467634080626]
833 ; 1 ; 123 ; 3 ; [0.51040744852910824] ; [1.693409086964017]
833 ; 1 ; 123 ; 7 ; [1.5688013272866421] ; [1.7889354595802456]
833 ; 1 ; 123 ; 8 ; [1.2622154224484579] ; [1.6460698074063844]
833 ; 1 ; 123 ; 9 ; [2.9103858417525874] ; [1.5528212566563064]
833 ; 1 ; 123 ; 10 ; [0.11884491930096108] ; [1.8297095239811896]
833 ; 1 ; 123 ; 11 ; [0.052936971999686333] ; [1.97082420339258]
833 ; 1 ; 123 ; 12 ; [0.052246346059923295] ; [1.3919022041969278]
833 ; 1 ; 123 ; 14 ; [2.2698540621220205] ; [1.4211412948316009]
833 ; 1 ; 124 ; 0 ; [0.60069634256553461] ; [0.60263730220693312]
833 ; 1 ; 125 ; 0 ; [0.15325412630247931, 0.18327265853173783] ; [0.060465464095934611, 0.16841843366034809]
833 ; 1 ; 125 ; 1 ; [1.0507427584955951] ; [0.48991189057159773]
833 ; 1 ; 125 ; 6 ; [0.023592968473302705] ; [1.6207311178619608]
833 ; 1 ; 126 ; 0 ; [0.61293960804721059, 0.47388869547614515] ; [0.67762734925275636, 0.29181188829655047]
833 ; 1 ; 126 ; 1 ; [0.15798295353688657] ; [0.044518011527753629]
833 ; 1 ; 126 ; 3 ; [0.24729950959513078] ; [0.16404886439320207]
833 ; 1 ; 126 ; 4 ; [2.1495431706608024] ; [0.0035536551788063028]
833 ; 1 ; 126 ; 5 ; [2.1347646551680697] ; [2.1769163585393705]
833 ; 1 ; 126 ; 7 ; [0.012549595239643984] ; [0.1752742429719297]
833 ; 1 ; 126 ; 10 ; [0.78142257035046558] ; [0.14188884999207957]
833 ; 1 ; 126 ; 11 ; [0.4748793440635487] ; [0.16713583660743289]
833 ; 1 ; 127 ; 0 ; [0.74998405768120124, 0.72486203190098619] ; [0.7305714337683924, 0.6743506337291395]
833 ; 1 ; 127 ; 1 ; [0.47294075262791402, 3.8996976764696876] ; [0.71628722533155498, 1.1971212166267202]
833 ; 1 ; 127 ; 7 ; [1.9559609578531714] ; [1.5484859399090787]
833 ; 1 ; 128 ; 0 ; [0.003699824417092476] ; [0.84637208180858936]
833 ; 1 ; 129 ; 0 ; [0.35271069810351241, 0.2947206301148585, 0.34673751943180781, 0.24867198790760037, 0.026330704989440533] ; [0.35017634992969571, 0.17083598041896422, 0.63887693394651812, 0.27986965540052777, 0.056445613076326222]
833 ; 1 ; 129 ; 1 ; [0.96329381191380037] ; [0.33613509238840655]
833 ; 1 ; 129 ; 2 ; [-0.0068445310080317186] ; [0.060646350485031107]
833 ; 1 ; 130 ; 0 ; [0.5252641848844023] ; [0.080457147091871586]
833 ; 1 ; 130 ; 1 ; [0.81322837365958911] ; [0.38012302911698342]
833 ; 1 ; 130 ; 2 ; [0.84335573422117271] ; [0.8935931899224171]
833 ; 1 ; 131 ; 0 ; [0.3055746607972491, 0.17924131451025513, 0.24160756289684959, 0.11985181590926761] ; [0.47909309334290523, 0.28708601403915068, 0.29402461764886328, 0.22283844420880058]
833 ; 1 ; 132 ; 0 ; [0.11094985125103306] ; [0.26928161789304494]
833 ; 1 ; 132 ; 1 ; [0.29606780111583231] ; [0.21163259354800684]
833 ; 1 ; 132 ; 2 ; [0.21953629147840892] ; [0.01885253963109905]
833 ; 1 ; 133 ; 2 ; [0.32494775684787891, 0.44402971689951243, 0.31924496009977266, 0.4418022504696057, 0.25970750242567264] ; [0.14970934238243275, 0.18018489043921565, 0.335984520370742, 0.21117025257193295, 0.096839962256003387]
833 ; 1 ; 135 ; 0 ; [0.90224626161875854] ; [0.44221039801350948]
833 ; 1 ; 135 ; 2 ; [0.52197959241774772] ; [0.63988166951200787]
833 ; 1 ; 135 ; 4 ; [-0.00029912871199505901] ; [0.54342136699776]
833 ; 1 ; 136 ; 0 ; [0.23800606291644283, 0.24830822699669347, 1.1473147128558159] ; [0.34015135229686699, 0.28683017637680353, 0.32270178912977049]
833 ; 1 ; 137 ; 0 ; [0.79820507067908519] ; [0.28113398272621992]
833 ; 1 ; 137 ; 1 ; [0.31686802174781226] ; [0.46299035304929609]
833 ; 1 ; 137 ; 2 ; [0.56587373772626082] ; [0.073197929601335907]
833 ; 1 ; 137 ; 3 ; [0.027578717918080482] ; [0.481864046180497]
833 ; 1 ; 137 ; 4 ; [0.4443670856738911] ; [-0.16010968623878336]
833 ; 1 ; 139 ; 0 ; [0.61322967079088564, 0.14080770756878316] ; [0.69548101897009329, 0.28082902652306091]
833 ; 1 ; 140 ; 0 ; [0.43611427100168043, 0.25385389655658569] ; [0.46242514343884011, 0.3490994509687288]
833 ; 1 ; 141 ; 0 ; [0.090133625263905739, 0.050954004439579273, 0.09891288259294749] ; [0.42055778847833525, 0.32085806071243483, 0.43639350790232961]
833 ; 1 ; 142 ; 3 ; [0.011495241713268715] ; [1.0137542679264568]
833 ; 1 ; 142 ; 5 ; [0.71176992260280536] ; [4.1963654689306402]
833 ; 1 ; 142 ; 7 ; [-0.0049943345564945427] ; [1.7511155202631066]
833 ; 1 ; 142 ; 10 ; [0.0043762841503093694] ; [3.4189438863871073]
833 ; 1 ; 143 ; 0 ; [0.59807659333352292] ; [0.31703691343850515]
833 ; 1 ; 143 ; 8 ; [1.8858405880853177] ; [1.5116767394864457]
833 ; 1 ; 143 ; 10 ; [0.32837324229160608] ; [1.1367894843638333]
833 ; 1 ; 143 ; 15 ; [2.6251324253133062] ; [0.65206687474940772]
833 ; 1 ; 143 ; 20 ; [0.38175002436118916] ; [2.4977644274495359]
833 ; 1 ; 143 ; 21 ; [0.057576322993212595] ; [1.7817035907891501]
833 ; 1 ; 144 ; 0 ; [0.23989127830533583, 0.054273696163190256] ; [0.46785515411909778, 0.090333840615083233]
833 ; 1 ; 145 ; 0 ; [0.027581294331054183] ; [0.0047023566502488552]
833 ; 1 ; 145 ; 1 ; [0.21657650272840204, 0.9450480290407165] ; [0.34688273431102945, 0.33542327777479136]
833 ; 1 ; 146 ; 2 ; [0.85048002285159185] ; [1.2114333513082454]
833 ; 1 ; 146 ; 10 ; [2.4197254611622232] ; [3.7987630518816595]
833 ; 1 ; 147 ; 0 ; [0.10441452034315094, 0.23850656085647412, 0.061168997101983445] ; [0.3490359315519323, 0.33844749107947819, 0.018943461900007945]
833 ; 1 ; 148 ; 0 ; [-0.0091693262700124848] ; [0.2431251631775137]
833 ; 1 ; 148 ; 4 ; [0.25775190652599295] ; [0.35779399679279417]
833 ; 1 ; 149 ; 0 ; [0.28507805928403829] ; [4.2360483118966297]
833 ; 1 ; 149 ; 2 ; [0.40737213478690659] ; [0.43681667375396172]
833 ; 1 ; 149 ; 3 ; [1.2497123468820444] ; [0.70053841910480219]
833 ; 1 ; 150 ; 0 ; [0.39529122839441, 0.17864184776869149] ; [0.40017518194583623, 0.13828356482074058]
833 ; 1 ; 151 ; 0 ; [0.012349064831834115] ; [0.29443180578065031]
833 ; 1 ; 151 ; 1 ; [0.18699232405321675] ; [0.17471437191197717]
833 ; 1 ; 152 ; 0 ; [0.0028003252170576945, 0.0058833224864052996] ; [0.43018388735671592, 0.21259749038427364]
833 ; 1 ; 152 ; 1 ; [0.073450551617997115] ; [0.099835234501775658]
833 ; 1 ; 153 ; 0 ; [1.2749432400352143, 0.040885883186481384] ; [0.21985845953095526, 0.57737577593857214]
833 ; 1 ; 153 ; 1 ; [0.48769189321016659] ; [0.12889306635211645]
833 ; 1 ; 154 ; 0 ; [0.11599606408409523] ; [0.42123238505650917]
833 ; 1 ; 154 ; 1 ; [1.8669647205653292] ; [0.18931412326261399]
833 ; 1 ; 154 ; 2 ; [0.010473474336143596] ; [0.0038007934323408005]
833 ; 1 ; 155 ; 2 ; [1.5380628264814016] ; [0.011338562557032602]
833 ; 1 ; 155 ; 8 ; [0.67922392736197024] ; [0.6673328814490429]
833 ; 1 ; 155 ; 9 ; [2.7808607252126518] ; [0.57929338425407828]
833 ; 1 ; 158 ; 0 ; [0.014914774040190164, 1.1051081713996158] ; [-0.0050639504080122336, 0.17362956619540881]
833 ; 1 ; 158 ; 1 ; [0.060289820754126242, 0.011669024810499138] ; [0.36802295037272675, 0.39946538092192929]
833 ; 1 ; 159 ; 0 ; [0.51809049106245131] ; [0.19154781224781889]
833 ; 1 ; 159 ; 3 ; [0.47997447271579691] ; [0.22447321770539225]
833 ; 1 ; 159 ; 4 ; [1.0350418937938923] ; [1.1549122105042791]
833 ; 1 ; 159 ; 8 ; [0.65236773204303611] ; [0.64142554151030007]
833 ; 1 ; 160 ; 1 ; [0.10078787282319338] ; [0.0080620606176363772]
833 ; 1 ; 160 ; 2 ; [1.3744097155905888] ; [0.014872619868568937]
833 ; 1 ; 161 ; 0 ; [0.4215728723453635] ; [0.0072002987233392053]
833 ; 1 ; 161 ; 3 ; [0.1287338457513087] ; [0.0078215006474317457]
833 ; 1 ; 161 ; 5 ; [2.255685286851739] ; [0.055279552338974462]
833 ; 1 ; 161 ; 9 ; [0.094338548583708479] ; [0.4269375959482189]
833 ; 1 ; 161 ; 11 ; [0.16184748514600755] ; [4.7685873100540066]
833 ; 1 ; 161 ; 12 ; [0.14966133728096606] ; [3.9581131851378646]
833 ; 1 ; 162 ; 0 ; [1.6303345601822106] ; [0.23816196794641148]
833 ; 1 ; 162 ; 1 ; [0.29034646878159842] ; [1.143481743965409]
833 ; 1 ; 162 ; 2 ; [1.3703285999349275] ; [0.3970097737010001]
833 ; 1 ; 162 ; 3 ; [0.12173409923149245] ; [0.22707042509487413]
833 ; 1 ; 162 ; 4 ; [0.15540132333280987] ; [0.31296797655628328]
833 ; 1 ; 163 ; 0 ; [0.058201559998694384, 0.0031780441283008722] ; [0.34460020078866532, 0.28279901517489647]
833 ; 1 ; 163 ; 1 ; [0.071252049245587312, 0.011496901247395754, 0.61732770676371806] ; [0.094370920518603144, 0.30719548015007309, 0.42367181635068468]
833 ; 1 ; 164 ; 0 ; [0.22870467031996808] ; [1.0928452072487638]
833 ; 1 ; 164 ; 1 ; [0.059841957392727296] ; [1.4104870016508571]
833 ; 1 ; 164 ; 2 ; [2.3700693752330322] ; [0.090880468614811763]
833 ; 1 ; 164 ; 11 ; [0.27400252317806095] ; [2.0738022072121276]
833 ; 1 ; 164 ; 14 ; [0.87978220019592368] ; [1.0252433057569048]
833 ; 1 ; 164 ; 15 ; [0.044479893191181341] ; [0.97927988353464224]
833 ; 1 ; 165 ; 1 ; [3.3984954471883633] ; [1.4749601740495035]
833 ; 1 ; 166 ; 0 ; [0.65833961276838859, 0.48812216100299582] ; [0.16127263788299434, 0.31490199566812166]
833 ; 1 ; 166 ; 1 ; [1.5089154606370958] ; [0.25733264760372571]
833 ; 1 ; 167 ; 0 ; [0.11260844904874291, 0.10432653108514241] ; [0.28311850783916342, 0.28076788034788247]
833 ; 1 ; 167 ; 1 ; [0.16909571785030442] ; [0.036379782863505315]
833 ; 1 ; 167 ; 3 ; [0.09692742601234583] ; [0.22062065462295127]
833 ; 1 ; 169 ; 0 ; [0.289992591080177, 0.20481919393084205, 0.2554233773302591] ; [0.2053772385869452, 0.30118096741052147, 0.47169568010280843]
833 ; 1 ; 169 ; 1 ; [1.5554761322688653] ; [0.037501306495762186]
833 ; 1 ; 170 ; 0 ; [0.30953302960490692, 0.30158623398932716, 0.53450787571649105, 0.2526947313375385, 0.092561412802892748] ; [0.24505574316835599, 0.21886160866882845, 0.40353221699496544, 0.27625798946065, 0.18648683974052549]
833 ; 1 ; 171 ; 0 ; [0.33461993638484039, 0.24802997926805187, 0.26285631084341787] ; [0.54028454015168892, 0.38194706046853089, 0.31696584282360191]
833 ; 1 ; 171 ; 1 ; [0.30564114411704479, 1.6654612289390514] ; [0.27703542693775801, 0.17930377194228278]
833 ; 1 ; 172 ; 0 ; [0.19889970834926177, 0.1402411530110301, 0.14553316345799999, 0.11408951335105426, 0.083473260101159144] ; [0.25602746052585817, 0.24728819683355993, 0.24609050726397344, 0.47866432985323792, -0.0096587778239611809]
833 ; 1 ; 173 ; 4 ; [1.1828220672250427] ; [3.4617169485689745]
833 ; 1 ; 173 ; 10 ; [1.6912266094839505] ; [1.013713111838336]
833 ; 1 ; 174 ; 17 ; [0.12407447137244017] ; [0.76367274647408201]
833 ; 1 ; 175 ; 0 ; [0.66832605184357852] ; [1.7846114596956113]
833 ; 1 ; 175 ; 4 ; [0.025554706069789046] ; [0.54716812683503047]
833 ; 1 ; 176 ; 2 ; [0.073647982490891342] ; [3.9159519816038619]
833 ; 1 ; 176 ; 3 ; [0.24828610419697406] ; [2.6216713814978867]
833 ; 1 ; 176 ; 5 ; [6.3836260335915673] ; [3.3938802349462347]
833 ; 1 ; 176 ; 8 ; [3.5995946514726946] ; [2.7439557191290707]
833 ; 1 ; 176 ; 12 ; [0.5567040599429155] ; [5.4543290166698153]
833 ; 1 ; 176 ; 17 ; [2.2506344998025853] ; [0.7822199141298134]
833 ; 1 ; 176 ; 18 ; [6.0566050868001069] ; [3.0608316099654558]
833 ; 1 ; 177 ; 0 ; [0.24203848848251241, 0.64147087446045503, 0.28715586487332884] ; [0.36587468107377152, 0.62182646545153897, 0.55941908054457756]
833 ; 1 ; 177 ; 1 ; [0.16075844205044962] ; [0.32207099144225176]
833 ; 1 ; 178 ; 0 ; [0.19245001920810301] ; [0.076469324687547496]
833 ; 1 ; 178 ; 4 ; [0.40711186483579781] ; [0.67279028275712482]
833 ; 1 ; 178 ; 8 ; [1.5268149306171928] ; [0.37173552102466945]
833 ; 1 ; 179 ; 5 ; [0.43346560546647384, -0.33884589930924408] ; [0.51667566872504689, 0.78551468201456176]
833 ; 1 ; 180 ; 0 ; [2.2104625123581929] ; [0.062255360882611813]
833 ; 1 ; 180 ; 1 ; [0.30420746811726401, 0.299485066289707, 0.28721933167609387, 0.25307883741219045] ; [0.30515377989746389, 0.28275173607690057, 0.23399015398568432, 0.218273501968761]
833 ; 1 ; 181 ; 0 ; [0.0033855790059170664, -0.01553907916019634, -0.01789538561106286] ; [0.33571881706332435, 0.30688526912789221, 0.028149173114880764]
833 ; 1 ; 181 ; 1 ; [3.4575734046273077] ; [-0.0058493798583509251]
833 ; 1 ; 182 ; 0 ; [-0.011189694743163694] ; [0.0048199457198108524]
833 ; 1 ; 183 ; 0 ; [0.26548079359337018, 0.236583273712137, 0.22883287602523614, 0.20867809801281489, 0.58199893774113909] ; [0.16340875210175984, 0.23609232465484678, 0.38392025328905516, 0.23061867955134036, 0.27948284069418633]
833 ; 1 ; 183 ; 1 ; [0.24007422074959059, 0.61910575838934778] ; [0.40875074111838405, 0.20292961792120118]
833 ; 1 ; 183 ; 2 ; [0.023719148776847995] ; [0.083413736464684848]
833 ; 1 ; 183 ; 3 ; [-0.0047063571111519171] ; [0.074084073886427806]
833 ; 1 ; 183 ; 5 ; [0.00070466360423717431] ; [0.031081093106540159]
833 ; 1 ; 185 ; 0 ; [0.16401127535637647, 0.093187274757261906, 0.12433079588684648, 0.078438736072014612, 0.1443203858077928] ; [0.19473700754462078, 0.2629557007689966, 0.20077095177048984, 0.26479112443504038, 0.14043457177091515]
833 ; 1 ; 186 ; 0 ; [0.24599332262446488, 0.39959946569917532, 0.20060954286895527, 0.21031897920798345] ; [0.59200643841968037, 0.33475593970461187, 0.33210062157894277, 0.15691452580380189]
833 ; 1 ; 186 ; 1 ; [0.39064935881204993] ; [0.42960241611814909]
833 ; 1 ; 187 ; 0 ; [0.41303305452005851, 0.064866909523118563] ; [0.32155694582655481, 0.047213770395418075]
833 ; 1 ; 187 ; 1 ; [0.40430722149946041] ; [0.62431973262167362]
833 ; 1 ; 188 ; 0 ; [0.15378101215648912, 0.1170305472549221, 0.12175919194152804, 0.18660338631554271, 0.18868996730050763] ; [0.13430501396725089, 0.23710759146718924, 0.1439819739426389, 0.212676967718326, 0.26010584870641895]
833 ; 1 ; 189 ; 0 ; [0.21936241117546296] ; [0.60150733076280782]
833 ; 1 ; 190 ; 2 ; [0.26687487573584112] ; [4.8190601695625643]
833 ; 1 ; 190 ; 4 ; [1.2015519958115775] ; [0.58852042479194255]
833 ; 1 ; 190 ; 5 ; [0.99025969075351383] ; [0.56632923994577244]
833 ; 1 ; 190 ; 6 ; [0.028739050523952439] ; [3.0919194483786723]
833 ; 1 ; 190 ; 9 ; [4.6616727365516981] ; [3.9757284618682363]
833 ; 1 ; 190 ; 14 ; [1.0145058167066341] ; [0.89043390026002112]
833 ; 1 ; 190 ; 18 ; [3.7648961896748134] ; [1.1931984975042942]
833 ; 1 ; 190 ; 19 ; [1.6678948792115438] ; [0.9968637982878632]
833 ; 1 ; 190 ; 20 ; [0.22165143424142389] ; [1.8031264749805085]
833 ; 1 ; 190 ; 21 ; [1.4574617652564006] ; [2.0218844252010317]
833 ; 1 ; 190 ; 25 ; [0.09826181304187602] ; [1.3447086257905452]
833 ; 1 ; 190 ; 26 ; [1.6255599191339483] ; [1.4304345097558913]
833 ; 1 ; 190 ; 29 ; [1.9212754870338955] ; [1.5396729012418269]
833 ; 1 ; 190 ; 32 ; [3.3663348732388325] ; [1.0508296145684326]
833 ; 1 ; 190 ; 37 ; [0.05726735876365955] ; [0.92932457975886107]
833 ; 1 ; 190 ; 38 ; [0.065277618248534966] ; [0.75311968432721799]
833 ; 1 ; 191 ; 0 ; [0.063815683941812668] ; [0.29298338762239134]
833 ; 1 ; 191 ; 1 ; [0.4188686689295737] ; [0.38701301785753167]
833 ; 1 ; 192 ; 0 ; [-0.00011715804448119773, -0.00015580892151151088, 0.16521168204581668] ; [0.25002427359860252, 0.29948272971736856, 0.34239465910265898]
833 ; 1 ; 192 ; 1 ; [0.20520695180057508] ; [0.24002623241969248]
833 ; 1 ; 192 ; 2 ; [1.0537257428125797] ; [0.084848181397455216]
833 ; 1 ; 193 ; 2 ; [1.8522596487926644] ; [1.1737926877987717]
833 ; 1 ; 193 ; 5 ; [0.81366647845193396] ; [0.019473453246832861]
833 ; 1 ; 193 ; 7 ; [0.96341182936559533] ; [-0.053390821774806793]
833 ; 1 ; 193 ; 8 ; [0.84465248425620698] ; [1.1614631966253608]
833 ; 1 ; 193 ; 9 ; [1.0798562128483884] ; [0.059572031650880319]
833 ; 1 ; 193 ; 11 ; [1.7264473363643107] ; [-0.0046776677915800107]
833 ; 1 ; 194 ; 2 ; [1.9288303980881807] ; [2.8787227547096186]
833 ; 1 ; 194 ; 4 ; [1.8889105604499894] ; [1.2911932697354698]
833 ; 1 ; 194 ; 5 ; [0.98669432571738169] ; [2.2546405020065414]
833 ; 1 ; 194 ; 7 ; [0.25984956053602309] ; [1.473278617878077]
833 ; 1 ; 194 ; 11 ; [1.7605051600420092] ; [1.8016850137648333]
833 ; 1 ; 194 ; 12 ; [1.4838003879786581] ; [1.8473954414028886]
833 ; 1 ; 194 ; 19 ; [1.517584489134175] ; [2.1982542974228969]
833 ; 1 ; 195 ; 0 ; [0.37332235415386389] ; [1.0049972186061775]
833 ; 1 ; 195 ; 3 ; [0.012608074927753688] ; [0.26935388166738466]
833 ; 1 ; 195 ; 4 ; [0.017862706509411189] ; [0.7097817488657211]
833 ; 1 ; 195 ; 6 ; [0.4017347200050298] ; [1.906441384742797]
833 ; 1 ; 195 ; 7 ; [0.60352414461205661] ; [0.25014493630233836]
833 ; 1 ; 196 ; 0 ; [0.95255682870196523] ; [0.56995798138895215]
833 ; 1 ; 196 ; 1 ; [0.13131800960148496] ; [0.87640605294331908]
833 ; 1 ; 196 ; 4 ; [0.10649285650104365] ; [0.79324097242955549]
833 ; 1 ; 196 ; 5 ; [0.0029760563050749258] ; [0.04337278184560428]
833 ; 1 ; 196 ; 6 ; [0.11569662669210945] ; [1.2748353162052142]
833 ; 1 ; 197 ; 0 ; [1.5695661697407139] ; [0.082520265155652653]
833 ; 1 ; 197 ; 1 ; [1.3319604788939827] ; [3.4482020683552688]
833 ; 1 ; 197 ; 5 ; [0.22497477907778923] ; [1.6531147348904363]
833 ; 1 ; 198 ; 0 ; [0.066837513927977169, 0.11257435227975982, 0.17923475170168332] ; [0.33624580099894968, 0.97058987021245724, 0.5334242469471453]
833 ; 1 ; 198 ; 1 ; [0.74898931187086248] ; [0.07094798994531995]
833 ; 1 ; 198 ; 5 ; [0.27275630504630988] ; [0.15176962846864325]
833 ; 1 ; 198 ; 7 ; [4.4645342446649323] ; [0.19433028944489109]
833 ; 1 ; 199 ; 0 ; [0.098049176585545753, 0.23803197714539984, 0.060397361897603002] ; [0.35094543190137006, 0.32297329800801527, 0.11126094964234716]
833 ; 1 ; 200 ; 0 ; [1.8135170982647397] ; [1.2260206956324471]
833 ; 1 ; 200 ; 2 ; [3.2446661221265298] ; [6.8454966668735464]
833 ; 1 ; 200 ; 5 ; [1.3341456077693099] ; [0.70269293098221597]
833 ; 1 ; 200 ; 6 ; [4.1347919429443163] ; [1.4874079785974552]
833 ; 1 ; 200 ; 7 ; [5.5601344196583247] ; [0.30797042563745886]
833 ; 1 ; 200 ; 8 ; [1.0387249945617179] ; [2.6266811643438612]
833 ; 1 ; 200 ; 11 ; [0.59355485612841863] ; [1.8042550298686433]
833 ; 1 ; 200 ; 12 ; [0.99274566730513947] ; [0.23637563737322398]
833 ; 1 ; 200 ; 14 ; [1.888759412350308] ; [1.6307387445095725]
833 ; 1 ; 200 ; 17 ; [3.0968799058549323] ; [1.60015097123581]
833 ; 1 ; 200 ; 21 ; [2.5744557273505104] ; [1.4654393499091585]
833 ; 1 ; 200 ; 22 ; [3.1710430966567782] ; [0.20733026542298141]
833 ; 1 ; 200 ; 24 ; [1.1542002719676829] ; [0.94522319152405132]
833 ; 1 ; 200 ; 25 ; [2.4178981021048536] ; [3.0323805988021308]
833 ; 1 ; 200 ; 26 ; [1.5771625393010476] ; [1.9890565076114197]
833 ; 1 ; 200 ; 30 ; [0.56811215241103818] ; [2.0311505668854295]
833 ; 1 ; 200 ; 34 ; [1.1446430140553288] ; [0.64596933365206688]
833 ; 1 ; 200 ; 35 ; [2.8879540043305671] ; [1.8554575199751413]
833 ; 1 ; 200 ; 37 ; [3.250509421871115] ; [1.5826675757785602]
833 ; 1 ; 200 ; 40 ; [1.1398398934109459, 1.9739167526537464] ; [0.80256665738563315, 1.1013749013371321]
833 ; 1 ; 200 ; 41 ; [1.7668449087720171] ; [0.80847322284696277]
833 ; 1 ; 201 ; 0 ; [0.37880207073131289, 0.40099042229533383, 0.52702148697801909, 0.97141765611539743] ; [0.28195730054517526, 0.31560113652627714, 0.37856543867362302, 0.35401865380658987]
833 ; 1 ; 201 ; 1 ; [0.16903785660076132] ; [-0.025523848599048413]
833 ; 1 ; 202 ; 0 ; [0.0027862219441062517] ; [0.29921607864194855]
833 ; 1 ; 202 ; 3 ; [0.030025592006990599] ; [-0.14597383802919262]
833 ; 1 ; 203 ; 0 ; [0.19306219742206079, 0.045155838877067943, 0.00055063328904943795, 0.0048865368811031517] ; [0.62908302413055039, 0.15835304596019353, 0.46932355691461408, 0.23150774664782758]
833 ; 1 ; 204 ; 0 ; [0.0057598983521425628, 0.018767328169509798] ; [1.3423304688611142, 0.39886800633079372]
833 ; 1 ; 205 ; 0 ; [0.29069883974710031, 0.42197379926065531, 0.23837814658095674, 0.24586046856460222] ; [0.26245618566314466, 0.34692103323437362, 0.23899106360374542, 0.11884889542160071]
833 ; 1 ; 206 ; 0 ; [0.63518233454275774, 0.20504708378909703, 0.056396974234726817, 0.27746691028175191, 0.81144288799804243] ; [0.32029570979555333, 0.25544237529121516, 0.26803650728506534, 0.24723439248179924, 0.18364265340894528]
833 ; 1 ; 207 ; 0 ; [0.016675877258643151, 0.14530834480063146] ; [0.404553801866258, 0.23963408598477667]
833 ; 1 ; 207 ; 1 ; [0.065370459162761865] ; [0.015631944673920983]
833 ; 1 ; 208 ; 1 ; [0.71749139986376598] ; [0.95258302915702742]
833 ; 1 ; 208 ; 5 ; [0.71408486787736303] ; [0.49804938721569292]
833 ; 1 ; 208 ; 6 ; [0.53651632810877237] ; [0.55712876392380684]
833 ; 1 ; 209 ; 0 ; [0.33267670599595017, 0.20296126783009252, 0.08859566645139888] ; [0.2584365011341444, 0.3188794648643124, 0.08793524737934641]
833 ; 1 ; 210 ; 2 ; [1.2206228385543227] ; [1.0746378708920374]
833 ; 1 ; 210 ; 3 ; [0.29494093136382127] ; [0.94360798213013086]
833 ; 1 ; 210 ; 4 ; [1.2775929690336034] ; [2.1238544056482915]
833 ; 1 ; 210 ; 5 ; [2.4642307758333861] ; [1.7403424060082362]
833 ; 1 ; 210 ; 6 ; [0.12149481811731425] ; [5.2160843139104722]
833 ; 1 ; 210 ; 7 ; [2.4384013415779031] ; [0.94866263822687702]
833 ; 1 ; 210 ; 10 ; [1.6516831185229512] ; [2.0222923059477251]
833 ; 1 ; 210 ; 12 ; [0.2277876387746661] ; [0.8275160012622792]
833 ; 1 ; 210 ; 13 ; [0.27381829548590458] ; [1.2981363374269375]
833 ; 1 ; 211 ; 0 ; [1.8513064370391639] ; [0.6391397380578181]
833 ; 1 ; 211 ; 3 ; [0.11361775789573149] ; [0.54934527870054317]
833 ; 1 ; 212 ; 0 ; [0.4951143208560167, 0.71136403662985714, 0.29913230094530302, 0.29586416826567086] ; [0.57171006251963041, 0.68489650382374456, 0.30643040254957954, 0.11825424906275449]
833 ; 1 ; 213 ; 0 ; [0.89916176217533217] ; [0.0095447867155831999]
833 ; 1 ; 213 ; 1 ; [0.14696022181002599] ; [0.095673418609831654]
833 ; 1 ; 214 ; 4 ; [0.32474613063258567] ; [1.8982910673705298]
833 ; 1 ; 214 ; 5 ; [2.166514540581999] ; [1.0972288242272874]
833 ; 1 ; 214 ; 14 ; [0.74379232925154926] ; [2.4905405755860621]
833 ; 1 ; 214 ; 15 ; [2.5087575384958316] ; [1.0764298812554214]
833 ; 1 ; 214 ; 16 ; [1.2962847512775726] ; [1.3904539332685995]
833 ; 1 ; 215 ; 0 ; [0.0018509380092260714, 0.053972592245766102] ; [0.39799543689478289, 0.32340866441506044]
833 ; 1 ; 216 ; 2 ; [2.0609865113498302] ; [1.8655578018862826]
833 ; 1 ; 216 ; 3 ; [1.0461269782811262] ; [1.5244295330204536]
833 ; 1 ; 216 ; 4 ; [1.2903594733323711] ; [2.2038057679386505]
833 ; 1 ; 216 ; 5 ; [2.281910518408504] ; [1.7669093146296759]
833 ; 1 ; 216 ; 6 ; [1.4701726424215458] ; [1.7355551080114828]
833 ; 1 ; 216 ; 7 ; [0.70158298272732755] ; [1.7669388505427026]
833 ; 1 ; 216 ; 8 ; [1.3528472336024071] ; [1.8657134002253022]
833 ; 1 ; 216 ; 9 ; [1.0680844187180514] ; [2.0559065542039163]
833 ; 1 ; 216 ; 10 ; [2.4158198670477069] ; [1.7651667879616166]
833 ; 1 ; 216 ; 11 ; [1.0706278944026504] ; [0.95727918431637882]
833 ; 1 ; 216 ; 12 ; [1.2147714153527263] ; [1.9767621184349127]
833 ; 1 ; 216 ; 13 ; [1.942540473063038] ; [1.6562929954527725]
833 ; 1 ; 216 ; 14 ; [1.4169993997613526] ; [1.7167286897429666]
833 ; 1 ; 216 ; 15 ; [2.8530818124593562] ; [1.7038158533674375]
833 ; 1 ; 216 ; 16 ; [2.0808722909135655] ; [2.0955645698164691]
833 ; 1 ; 216 ; 17 ; [2.0008999893405441] ; [2.268592576653047]
833 ; 1 ; 216 ; 18 ; [2.6785626468485777] ; [1.796529353067517]
833 ; 1 ; 216 ; 19 ; [5.0689619355767022] ; [1.3154169714263246]
833 ; 1 ; 216 ; 20 ; [4.8532458646303756] ; [1.6055102567373647]
833 ; 1 ; 216 ; 22 ; [1.5106749245410731] ; [1.3134702452521558]
833 ; 1 ; 216 ; 23 ; [1.793441417855862] ; [2.0799154456446205]
833 ; 1 ; 216 ; 24 ; [5.1505839449280675] ; [1.9651055228774332]
833 ; 1 ; 216 ; 25 ; [2.2602567008653973] ; [1.5579213180119078]
833 ; 1 ; 216 ; 26 ; [2.9593301108605687] ; [1.8484835526841494]
833 ; 1 ; 216 ; 27 ; [1.879741259269688] ; [2.6325017095702457]
833 ; 1 ; 216 ; 28 ; [2.1438668169244592] ; [2.0899591831423314]
833 ; 1 ; 216 ; 29 ; [2.4282631991624273, 3.1610499066263151] ; [2.8393065635906405, 1.9665757950325211]
833 ; 1 ; 219 ; 0 ; [0.12740386528024325] ; [0.1802156549667959]
833 ; 1 ; 219 ; 1 ; [0.18520471659515014] ; [0.51550235808363343]
833 ; 1 ; 219 ; 2 ; [2.2657588521162402] ; [1.9073701293892773]
833 ; 1 ; 219 ; 3 ; [0.042533037358921902] ; [0.84253049587099471]
833 ; 1 ; 219 ; 4 ; [0.054705732073176964] ; [1.7573030504553735]
833 ; 1 ; 220 ; 0 ; [0.36218405454179642] ; [0.68687944642223275]
833 ; 1 ; 221 ; 0 ; [0.373157634905878, 0.43866522210553388, 0.45827173227059875, 0.59835648662917629] ; [0.32722876095093201, 0.27272120310212677, 0.32403439074689538, 0.32338071804958751]
833 ; 1 ; 223 ; 0 ; [0.16244491841273118] ; [-0.12145679431977049]
833 ; 1 ; 224 ; 0 ; [0.25165275342378229, 0.27560517084331781, 0.27588356590612906, 0.073890861953860285] ; [0.24476228128248168, 0.35831609884484411, 0.35744441719298986, 0.17665685073989318]
833 ; 1 ; 224 ; 1 ; [2.1950855896167809] ; [0.078583484232741446]
833 ; 1 ; 225 ; 0 ; [0.38759696961501555, 0.23250609185262375] ; [0.53380839022879545, 0.18091848968059665]
833 ; 1 ; 225 ; 2 ; [0.73675057085660589] ; [2.0841752546438022]
833 ; 1 ; 226 ; 0 ; [0.14774374732021683] ; [0.087993787833528195]
833 ; 1 ; 226 ; 1 ; [0.04022278799140936] ; [0.042413537358533954]
833 ; 1 ; 226 ; 2 ; [0.13939299579567241] ; [0.050504932381628294]
833 ; 1 ; 227 ; 0 ; [1.3046622175172176] ; [0.21822901622918947]
833 ; 1 ; 227 ; 4 ; [0.3945885329446176, 0.056791766853937831, 0.49976608073335632] ; [0.26880621359202922, 0.33927148101630061, 0.51989462863298519]
833 ; 1 ; 228 ; 0 ; [0.52289208624351469, 0.20873595321019658] ; [0.90450242229626632, 1.1090576560166603]
833 ; 1 ; 229 ; 0 ; [-0.00053262588166567385, -0.0016680743874617067, -0.015728364846296101] ; [0.34369240231887338, 0.28311755975109953, 0.14622423610043905]
833 ; 1 ; 230 ; 0 ; [0.013309661270752168] ; [0.036864281428147426]
833 ; 1 ; 230 ; 1 ; [0.10235590618422957] ; [0.0060831323348709259]
833 ; 1 ; 230 ; 2 ; [0.19654131506223446] ; [0.75636714444723918]
833 ; 1 ; 230 ; 3 ; [0.51034844857015205] ; [2.3799481387051258]
833 ; 1 ; 231 ; 0 ; [0.65579136055465936] ; [0.53708144373844091]
833 ; 1 ; 231 ; 1 ; [0.45461867264445277] ; [0.23855541791632062]
833 ; 1 ; 231 ; 3 ; [1.01211117420416] ; [1.1557287030613466]
833 ; 1 ; 233 ; 0 ; [0.23140052887496243] ; [0.14700891141520539]
833 ; 1 ; 234 ; 0 ; [0.079176089495261101] ; [0.011290631866455842]
833 ; 1 ; 235 ; 1 ; [0.49075732177093939] ; [0.25504945823807923]
833 ; 1 ; 236 ; 0 ; [0.33590626557517672] ; [1.4904107337312658]
833 ; 1 ; 236 ; 2 ; [0.003053185935008384] ; [0.5546219966195477]
833 ; 1 ; 236 ; 6 ; [0.10204093577149448] ; [3.19882063153978]
833 ; 1 ; 237 ; 1 ; [0.15797370280293432] ; [0.68644422520113024]
833 ; 1 ; 238 ; 0 ; [0.052902353650104358, 0.014417423805222073, 0.0057165358380010826] ; [0.34161266410985464, 0.2324877596445343, 0.24936080796005711]
833 ; 1 ; 238 ; 1 ; [1.2410387812200128] ; [-0.010888893648458456]
833 ; 1 ; 239 ; 1 ; [0.60751889501126199] ; [0.076196119031081921]
833 ; 1 ; 239 ; 2 ; [0.9589768664446825] ; [0.02111996222251317]
833 ; 1 ; 239 ; 5 ; [0.92611760771445417] ; [0.39954310617970501]
833 ; 1 ; 239 ; 6 ; [1.369707583466685] ; [0.13888476128846738]
833 ; 1 ; 239 ; 7 ; [1.1096516781702594] ; [0.98034704113968507]
833 ; 1 ; 239 ; 8 ; [0.23579440577801652] ; [1.0380372939803373]
833 ; 1 ; 239 ; 10 ; [0.89881057385517371] ; [0.65682837747328515]
833 ; 1 ; 239 ; 13 ; [0.34225548062622296] ; [-0.011787366347902855]
833 ; 1 ; 239 ; 15 ; [0.316508169111963] ; [0.87647717238255263]
833 ; 1 ; 239 ; 16 ; [0.14132402937406541] ; [-0.087202840113958846]
833 ; 1 ; 240 ; 1 ; [1.2582520032306392] ; [-0.022933641652840234]
833 ; 1 ; 240 ; 2 ; [1.407159238394464] ; [0.46807957352124024]
833 ; 1 ; 240 ; 3 ; [0.05542247272472782] ; [0.16366205797593469]
833 ; 1 ; 240 ; 4 ; [0.24166167195476368] ; [0.15326057596851156]
833 ; 1 ; 241 ; 0 ; [0.15667807468231465] ; [0.28610530810019641]
833 ; 1 ; 241 ; 1 ; [0.093433106912994945] ; [0.037289048210544358]
833 ; 1 ; 242 ; 0 ; [0.30481098674608648, 0.048164780111709368] ; [0.35375170968558844, 0.047437535647082571]
833 ; 1 ; 242 ; 2 ; [1.4195291684515658] ; [5.0425475816552634]
833 ; 1 ; 242 ; 3 ; [0.5079019988257808] ; [1.4302584362676469]
833 ; 1 ; 242 ; 4 ; [10.489542413558967] ; [1.1010816585648133]
833 ; 1 ; 242 ; 5 ; [0.73187993076580382] ; [4.1602882585043384]
833 ; 1 ; 242 ; 7 ; [0.39438462827770554] ; [2.2134007736242287]
833 ; 1 ; 243 ; 0 ; [0.27898391420055524] ; [0.90014822310156695]
833 ; 1 ; 243 ; 1 ; [1.9023324257153482] ; [1.1310807532314802]
833 ; 1 ; 243 ; 10 ; [1.0857044689864201] ; [2.4418025568183941]
833 ; 1 ; 243 ; 14 ; [0.32609952821008081] ; [1.9156969519854092]
833 ; 1 ; 243 ; 16 ; [2.3209474378179928] ; [4.575179895950428]
833 ; 1 ; 243 ; 19 ; [2.2344667809585159] ; [2.3575693066453609]
833 ; 1 ; 243 ; 20 ; [0.30056663007235235] ; [1.7478786219509714]
833 ; 1 ; 243 ; 23 ; [1.4156552589610765] ; [1.2290863512406032]
833 ; 1 ; 243 ; 27 ; [1.6094195473686042] ; [1.6707711129447196]
833 ; 1 ; 243 ; 28 ; [0.22065805695614593] ; [1.1265940469711002]
833 ; 1 ; 243 ; 29 ; [0.11537817267018548] ; [2.1344705257368508]
833 ; 1 ; 244 ; 0 ; [0.95377734525195079] ; [1.0002190593230065]
833 ; 1 ; 244 ; 1 ; [0.48606123267210427] ; [0.010045234138026424]
833 ; 1 ; 244 ; 2 ; [0.6103839763662221] ; [0.59159485048311511]
833 ; 1 ; 244 ; 4 ; [0.33510870546089211] ; [0.25062742746098732]
833 ; 1 ; 244 ; 7 ; [0.29224242718314813] ; [0.93359310426602549]
833 ; 1 ; 244 ; 11 ; [0.95942353467908381] ; [0.0073353006971902538]
833 ; 1 ; 245 ; 0 ; [0.15780424643308136, 0.095002877294451976] ; [0.32037181282091404, 0.24094009988961246]
833 ; 1 ; 245 ; 1 ; [0.24285011098491954] ; [-0.0098024088470473978]
833 ; 1 ; 245 ; 2 ; [0.18448810069030031] ; [1.4740590966640619]
833 ; 1 ; 245 ; 6 ; [0.24910659712887859] ; [0.16590429314805913]
833 ; 1 ; 246 ; 0 ; [-0.011848570038033785, 0.062925901084726912] ; [0.31536394524719713, 0.23980886382301103]
833 ; 1 ; 247 ; 0 ; [0.30742551368115834] ; [0.44125454138494047]
833 ; 1 ; 247 ; 2 ; [0.07660709031247602] ; [1.3028279500094073]
833 ; 1 ; 248 ; 0 ; [0.11618510630407236] ; [0.48816946746483059]
833 ; 1 ; 249 ; 0 ; [0.11157530459935465] ; [0.61604409037313568]
833 ; 1 ; 249 ; 1 ; [0.20576296697865057] ; [1.6978364343625656]
833 ; 1 ; 249 ; 2 ; [0.54487948924748908] ; [0.090957098843457457]
833 ; 1 ; 250 ; 0 ; [0.63141808418399703] ; [0.17775030195284305]
833 ; 1 ; 250 ; 2 ; [0.64820344602246172] ; [0.077558324665257347]
833 ; 1 ; 250 ; 8 ; [0.34299088790578097] ; [0.62816807518811879]
833 ; 1 ; 250 ; 10 ; [0.34031278592970854] ; [0.36642416578579889]
833 ; 1 ; 251 ; 0 ; [-0.0050133937034907436, 0.040402706192206234] ; [0.022915327450151225, 0.0088218679746281375]
833 ; 1 ; 251 ; 2 ; [0.0017737111673549245] ; [0.16940003722346542]
833 ; 1 ; 252 ; 0 ; [0.046794328060687361] ; [0.060273211698833977]
833 ; 1 ; 252 ; 4 ; [0.025279988558567005] ; [0.44111311603031955]
833 ; 1 ; 252 ; 5 ; [-0.0052500468436990034] ; [0.2720796047898969]
833 ; 1 ; 253 ; 0 ; [1.374320709652078] ; [0.34925050159456622]
833 ; 1 ; 253 ; 4 ; [0.668200593686611] ; [0.29279139467097437]
833 ; 1 ; 253 ; 8 ; [0.11787360792045558] ; [0.69823336126955826]
833 ; 1 ; 253 ; 9 ; [1.5377733843465069] ; [1.0045390348044501]
833 ; 1 ; 253 ; 12 ; [2.1786893976088697] ; [0.054007489216935413]
833 ; 1 ; 253 ; 13 ; [2.7007613289183436] ; [0.39655302239914619]
833 ; 1 ; 254 ; 0 ; [0.055791705581215802, -0.0070681993512624261] ; [0.42310072286983763, 0.099319193962674537]
833 ; 1 ; 255 ; 0 ; [8.3951130667558989] ; [0.10464057923005383]
833 ; 1 ; 255 ; 2 ; [1.6401730359158244] ; [1.2230527675714107]
833 ; 1 ; 256 ; 1 ; [0.10436512211051199] ; [0.060151647157344508]
833 ; 1 ; 257 ; 0 ; [0.5113967630176196] ; [0.26512293253871955]
833 ; 1 ; 258 ; 1 ; [0.49162598034336913] ; [0.82014441736830146]
833 ; 1 ; 258 ; 2 ; [3.8133679584151077] ; [3.4330155372675772]
833 ; 1 ; 258 ; 3 ; [0.42035870384511426] ; [1.7868549625664965]
833 ; 1 ; 259 ; 0 ; [0.14379057932953854] ; [-0.0021796605754154917]
833 ; 1 ; 259 ; 2 ; [0.43350682471481955] ; [0.23820958432813208]
833 ; 1 ; 259 ; 3 ; [0.017101829515172171] ; [1.4518428138152271]
833 ; 1 ; 259 ; 5 ; [0.015364774900846371] ; [2.4184229997937545]
833 ; 1 ; 260 ; 0 ; [0.73472669108655031] ; [0.47334277327926161]
833 ; 1 ; 260 ; 1 ; [0.3900973064039191] ; [0.65065180628331143]
833 ; 1 ; 260 ; 2 ; [0.31817886003804208] ; [0.84594800293105299]
833 ; 1 ; 260 ; 10 ; [0.209868015576299] ; [1.27858688514935]
833 ; 1 ; 260 ; 12 ; [0.12246580098568972] ; [0.058005968137362821]
833 ; 1 ; 261 ; 0 ; [0.439533660452255, 0.18145637977434817] ; [0.34771657117367255, 0.22670856753444055]
833 ; 1 ; 261 ; 4 ; [1.679755083511244] ; [1.6539854980383955]
833 ; 1 ; 261 ; 5 ; [1.8847624815072852] ; [1.8678138870635053]
833 ; 1 ; 261 ; 8 ; [1.5027478077745191] ; [1.6785337264875038]
833 ; 1 ; 261 ; 9 ; [1.265750340797865] ; [1.9268114473249012]
833 ; 1 ; 261 ; 12 ; [1.2315084555942233] ; [1.4659401057422459]
833 ; 1 ; 261 ; 13 ; [0.82515197618986635] ; [1.8348978550469697]
833 ; 1 ; 261 ; 14 ; [0.01999487984549312] ; [1.6406586029469192]
833 ; 1 ; 261 ; 15 ; [1.4936966905414673] ; [1.3423830312279117]
833 ; 1 ; 261 ; 16 ; [1.6249438295052696] ; [1.2489408101969597]
833 ; 1 ; 261 ; 17 ; [0.022095693980461108] ; [1.5785306271928732]
833 ; 1 ; 261 ; 21 ; [0.012008151338021713] ; [0.62397034205060331]
833 ; 1 ; 261 ; 23 ; [1.0604028288757881] ; [1.3009006960890801]
833 ; 1 ; 261 ; 24 ; [0.050828248624805179] ; [2.9557820589284254]
833 ; 1 ; 261 ; 25 ; [0.057288679913940502] ; [0.94687373828078158]
833 ; 1 ; 262 ; 0 ; [0.14097258173098096, 0.19034386995857047, 0.21533440672907972, 0.23268710044372659, 0.17333729458197231] ; [0.1964755132780934, 0.24768365584595045, 0.31886738945137483, 0.36108625388520843, 0.1470798042192365]
833 ; 1 ; 263 ; 0 ; [1.2130098976870838] ; [0.32187276121219371]
833 ; 1 ; 263 ; 1 ; [5.2388155816214947] ; [4.0090236845790717]
833 ; 1 ; 263 ; 2 ; [3.261429046451096] ; [5.7963981097794255]
833 ; 1 ; 264 ; 0 ; [0.32836333205115581] ; [1.1884659613633375]
833 ; 1 ; 264 ; 1 ; [1.044374738057106] ; [2.1552194483498388]
833 ; 1 ; 264 ; 3 ; [0.023310108741743954] ; [0.44120619855120641]
833 ; 1 ; 265 ; 0 ; [2.8782285047461715] ; [1.4461785269024146]
833 ; 1 ; 265 ; 1 ; [1.7992874968243597] ; [1.4019829964667561]
833 ; 1 ; 265 ; 2 ; [0.48073804981588419] ; [3.0442192807588393]
833 ; 1 ; 265 ; 3 ; [0.13230044401589922] ; [1.4285039493832512]
833 ; 1 ; 265 ; 4 ; [0.39824834386888236] ; [2.31440285469832]
833 ; 1 ; 265 ; 5 ; [0.20493871179130793] ; [1.3815965327469]
833 ; 1 ; 265 ; 6 ; [1.7377092302690806] ; [2.3636450422740576]
833 ; 1 ; 265 ; 7 ; [0.031201521417815261] ; [1.6735298439972313]
833 ; 1 ; 265 ; 8 ; [0.97960900464947698] ; [1.5895664051280851]
833 ; 1 ; 265 ; 9 ; [2.0937683343646483] ; [1.4755374301657274]
833 ; 1 ; 265 ; 10 ; [3.0055403197196275] ; [2.2871821359101245]
833 ; 1 ; 265 ; 11 ; [0.1105164436359766] ; [2.6624654816200315]
833 ; 1 ; 265 ; 13 ; [1.5189892808482648] ; [1.7690322304132617]
833 ; 1 ; 265 ; 14 ; [2.5066329745643872] ; [2.4684734781587405]
833 ; 1 ; 265 ; 17 ; [2.2354578146835049] ; [2.2043135618581817]
833 ; 1 ; 265 ; 19 ; [1.0925643679742616] ; [1.9616528510301725]
833 ; 1 ; 265 ; 23 ; [0.38516807360586436] ; [1.8112494182272085]
833 ; 1 ; 266 ; 0 ; [0.15498832707466309, 0.32924860394894545] ; [0.5568001644324726, 0.30289351651569102]
833 ; 1 ; 266 ; 1 ; [0.50744928480573148] ; [1.1944978904703525]
833 ; 1 ; 266 ; 2 ; [1.9745375293896041] ; [0.12696491590875705]
833 ; 1 ; 267 ; 0 ; [1.1663980382724279] ; [0.61604926938826954]
833 ; 1 ; 267 ; 3 ; [0.12773516440276358] ; [0.59507001724140229]
833 ; 1 ; 267 ; 4 ; [0.17268098427381748] ; [1.2462904950916673]
833 ; 1 ; 267 ; 6 ; [0.073441909791908538] ; [0.89362533861021365]
833 ; 1 ; 268 ; 0 ; [1.1132070412663861] ; [2.2788716490713385]
833 ; 1 ; 268 ; 1 ; [0.24335972851424489] ; [0.40271954607865112]
833 ; 1 ; 268 ; 13 ; [2.3423191164986821] ; [1.8224901194897258]
833 ; 1 ; 268 ; 14 ; [0.85923452079376783] ; [1.8655465656083599]
833 ; 1 ; 268 ; 15 ; [1.0278833860406491] ; [1.2839564412366313]
833 ; 1 ; 269 ; 0 ; [0.11910648840044837, 0.44820261670582429] ; [0.39546801115778385, 1.3927890248029233]
833 ; 1 ; 269 ; 2 ; [0.16849337896482874] ; [0.25043816162106686]
833 ; 1 ; 269 ; 3 ; [3.7696987750904927] ; [2.1985463108131933]
833 ; 1 ; 270 ; 0 ; [1.3212992189063615] ; [0.71229827130526147]
833 ; 1 ; 270 ; 1 ; [0.18412898081826151] ; [0.14401482069332724]
833 ; 1 ; 270 ; 3 ; [1.4961862702200963] ; [5.9523516534953087]
833 ; 1 ; 270 ; 6 ; [1.4565138996254192] ; [1.6268339940493421]
833 ; 1 ; 270 ; 7 ; [0.6933335285203529] ; [0.4459570392925219]
833 ; 1 ; 271 ; 0 ; [0.56418463248044071, 1.3363707157254305] ; [1.0910264761531385, 1.4163176313374923]
833 ; 1 ; 271 ; 1 ; [0.49857277480981277] ; [0.72731734913463009]
833 ; 1 ; 271 ; 2 ; [1.2053042121847688] ; [1.2687549309474553]
833 ; 1 ; 272 ; 0 ; [0.4334309843033185, 0.31393099565251315, 0.22423000970071347] ; [0.29539448515130151, 0.32857637461915845, 0.18450284531614697]
833 ; 1 ; 272 ; 1 ; [0.20902540419980098] ; [0.012542499206097298]
833 ; 1 ; 273 ; 1 ; [1.2712130838902558] ; [0.11332711195609839]
833 ; 1 ; 273 ; 2 ; [0.48735957634528582] ; [0.46189628579649611]
833 ; 1 ; 273 ; 3 ; [2.2645336204704498] ; [0.99272948191732946]
833 ; 1 ; 273 ; 4 ; [0.053846087514145491] ; [0.88467245493379487]
833 ; 1 ; 273 ; 6 ; [0.65065271218608522] ; [0.55956783498816498]
833 ; 1 ; 273 ; 13 ; [2.6497973079294868] ; [1.5484979931202356]
833 ; 1 ; 273 ; 17 ; [0.37898600777054892] ; [2.3403554070209442]
833 ; 1 ; 273 ; 18 ; [0.34887550234025688] ; [1.0765274605889592]
833 ; 1 ; 274 ; 5 ; [0.22790472051358321] ; [0.54670125329933561]
833 ; 1 ; 274 ; 6 ; [0.42608296707291593] ; [0.4288744623354751]
833 ; 1 ; 275 ; 0 ; [0.36914299046224902, 0.18083681571325114] ; [0.46162004735513484, 0.2177636926573058]
833 ; 1 ; 275 ; 1 ; [0.15341842170840325] ; [0.17617885099340888]
833 ; 1 ; 276 ; 0 ; [1.4417657813566211] ; [0.039324415780364053]
833 ; 1 ; 276 ; 1 ; [0.52870528549699181] ; [0.28431548598870959]
833 ; 1 ; 276 ; 2 ; [0.68448692491685692] ; [0.39609095694876489]
833 ; 1 ; 276 ; 3 ; [6.0917498844558491] ; [0.28058151872037512]
833 ; 1 ; 276 ; 13 ; [0.31677719729356829] ; [0.10669986713708449]
833 ; 1 ; 277 ; 0 ; [0.081949043799567897] ; [0.065539084837192715]
833 ; 1 ; 277 ; 1 ; [0.78590904175510656] ; [0.506490137033063]
833 ; 1 ; 277 ; 4 ; [0.10266207084786272] ; [2.3851791189630807]
833 ; 1 ; 277 ; 9 ; [0.014367921852601497] ; [0.71562542570970034]
833 ; 1 ; 277 ; 10 ; [0.067907833023672079] ; [0.9233564286338507]
833 ; 1 ; 278 ; 1 ; [0.0053216827510965533] ; [0.42044226610653457]
833 ; 1 ; 278 ; 2 ; [1.7875707193248065] ; [0.31402748730082625]
833 ; 1 ; 278 ; 4 ; [2.1457631345813715] ; [1.1596283797616762]
833 ; 1 ; 279 ; 0 ; [0.3891368793204501, 0.25648904634143049] ; [0.44015126909790664, 0.38132233011782701]
833 ; 1 ; 280 ; 0 ; [1.8262820474255932] ; [0.038597721329361977]
833 ; 1 ; 280 ; 1 ; [0.26360747980376464] ; [2.448785466769948]
833 ; 1 ; 280 ; 2 ; [-0.099159324226022555] ; [2.906174759825682]
833 ; 1 ; 280 ; 3 ; [1.6061613814763729] ; [2.0824952751375081]
833 ; 1 ; 280 ; 7 ; [1.5172969290341134] ; [-0.29327622008615173]
833 ; 1 ; 280 ; 8 ; [0.66476302068555448] ; [2.087186441637829]
833 ; 1 ; 280 ; 10 ; [4.1388796889532493] ; [1.6938201034737332]
833 ; 1 ; 280 ; 11 ; [0.27146081213263679] ; [1.6335614523785233]
833 ; 1 ; 280 ; 12 ; [1.3823631975540571] ; [0.30216418509790144]
833 ; 1 ; 281 ; 0 ; [0.10921177377249133, 0.26146708768519633] ; [0.39896905386933246, 1.0197400808101162]
833 ; 1 ; 281 ; 2 ; [0.12995324905748112] ; [0.0042425086407208278]
833 ; 1 ; 282 ; 3 ; [1.7913534147431616] ; [1.4108617128410224]
833 ; 1 ; 282 ; 4 ; [0.28002595741712355] ; [1.9792523416680381]
833 ; 1 ; 282 ; 8 ; [0.39043773427522788] ; [0.69884618728413117]
833 ; 1 ; 283 ; 0 ; [0.44960335896904741, 0.018431530270202393, 0.074632050050968554, 0.1877248901549565] ; [0.15946142290992657, 0.52555158870934204, 0.18028286280804398, 0.16700153121140082]
833 ; 1 ; 284 ; 0 ; [0.098059831978175319, 0.0048244658779652673, 0.095621224479929184] ; [0.44982200941543338, 0.49393006456538435, 0.29613020033478987]
833 ; 1 ; 285 ; 0 ; [0.91955881052649546] ; [0.1480879280499576]
833 ; 1 ; 285 ; 1 ; [0.069135038302606949] ; [0.012453651132701088]
833 ; 1 ; 286 ; 0 ; [0.12304005720002029] ; [0.76799504401545104]
833 ; 1 ; 286 ; 4 ; [0.065177602668586784, 0.34501276235867895, 0.18351216647100749] ; [0.32932466764289264, 0.70494917278062175, 0.7746926331921572]
833 ; 1 ; 287 ; 0 ; [0.98444461715893261] ; [1.5258404003269885]
833 ; 1 ; 287 ; 1 ; [1.6556780249637737] ; [1.6822875655209562]
833 ; 1 ; 287 ; 2 ; [1.0427305331796386] ; [2.4362579654812393]
833 ; 1 ; 288 ; 0 ; [0.012098242278984744] ; [0.64843806947562665]
833 ; 1 ; 288 ; 3 ; [0.4320559840793623] ; [0.83840438550044083]
833 ; 1 ; 289 ; 2 ; [0.8042304849928581] ; [0.30490769990301497]
833 ; 1 ; 290 ; 0 ; [0.43295396589072388] ; [0.080703863296254424]
833 ; 1 ; 290 ; 4 ; [0.97249628592235149] ; [0.53624287671294102]
833 ; 1 ; 291 ; 0 ; [0.12947729977355946] ; [0.50156287035245517]
833 ; 1 ; 291 ; 4 ; [1.1142710298094307] ; [2.3113299700104353]
833 ; 1 ; 291 ; 5 ; [0.49628730898340179] ; [2.7560523005041531]
833 ; 1 ; 292 ; 0 ; [5.7082288001365988, 9.2924337560114125] ; [0.25811721297456858, 0.24039879043818313]
833 ; 1 ; 292 ; 1 ; [0.082307985289263974] ; [0.4793060488098364]
833 ; 1 ; 292 ; 2 ; [0.47805002375683692] ; [1.0546095644956308]
833 ; 1 ; 292 ; 3 ; [0.052028315056876703] ; [0.1017966305240154]
833 ; 1 ; 293 ; 0 ; [0.53718846960111188] ; [0.35258295969420994]
833 ; 1 ; 293 ; 2 ; [0.17656694422285701] ; [6.0402794979898431]
833 ; 1 ; 293 ; 3 ; [5.7639540400386489] ; [2.8603793525748773]
833 ; 1 ; 294 ; 0 ; [-0.00515759326714653, -0.0059981891131416151, 1.533779097405723, 0.9380179583416165] ; [0.40154540430293334, 0.31889901190208486, 0.27264145238356685, 0.30040697423241369]
833 ; 1 ; 294 ; 1 ; [0.44637652419657647, 0.23303485124260775] ; [0.10783977919835309, 0.31589605221680261]
833 ; 1 ; 294 ; 2 ; [0.594218042795712] ; [0.012208526439630852]
833 ; 1 ; 294 ; 3 ; [0.29273988424197522] ; [0.22514798679047587]
833 ; 1 ; 295 ; 0 ; [0.17353181560237776] ; [1.1565582440237283]
833 ; 1 ; 295 ; 3 ; [0.42667760341436106] ; [1.9289308631600692]
833 ; 1 ; 296 ; 0 ; [0.34385262519307164, 0.20891370080751859] ; [0.42296531090808998, 0.12941812908067879]
833 ; 1 ; 296 ; 3 ; [0.91749025269325113] ; [0.39243050705454124]
833 ; 1 ; 297 ; 0 ; [0.12003415881739417, 0.41950424588836788] ; [0.52970606722017965, 0.31346506617478687]
833 ; 1 ; 297 ; 4 ; [1.7392909270454218] ; [1.2673606595271028]
833 ; 1 ; 297 ; 10 ; [1.6765331414086131] ; [1.5309164051878605]
833 ; 1 ; 297 ; 12 ; [0.97867305231373747] ; [1.5478119113653066]
833 ; 1 ; 297 ; 13 ; [0.06469415332254301] ; [3.0309540126880492]
833 ; 1 ; 298 ; 0 ; [0.071222938595333629] ; [0.1655179081932566]
833 ; 1 ; 298 ; 1 ; [3.2402658399278215] ; [1.8421419651490696]
833 ; 1 ; 298 ; 2 ; [0.33363068938089213] ; [2.8719614692075028]
833 ; 1 ; 298 ; 4 ; [0.2862376856027799] ; [0.6017868682180354]
833 ; 1 ; 298 ; 6 ; [2.7851486892763071] ; [2.3351002882707417]
833 ; 1 ; 298 ; 8 ; [0.89530046937926155] ; [2.2704125580562202]
833 ; 1 ; 298 ; 10 ; [2.4610596394888105] ; [5.0733202035370066]
833 ; 1 ; 298 ; 11 ; [0.68175423088569675] ; [4.0673048203891673]
833 ; 1 ; 298 ; 12 ; [0.11049614546808653] ; [0.97536916892602643]
833 ; 1 ; 298 ; 13 ; [0.45981395316045443] ; [2.8210558551942984]
833 ; 1 ; 298 ; 14 ; [1.8710397947121975] ; [3.2959106546783756]
833 ; 1 ; 298 ; 15 ; [3.7213243702465952] ; [1.896496013181451]
833 ; 1 ; 298 ; 18 ; [0.32682689199138448] ; [0.77254764287460764]
833 ; 1 ; 298 ; 21 ; [0.34063830804583067] ; [7.5922628080515233]
833 ; 1 ; 298 ; 22 ; [0.32503486084407829] ; [7.0317697003360999]
833 ; 1 ; 299 ; 0 ; [0.073961004707290209, 0.060033923587488561, 0.068567828897034985] ; [0.33743154180768448, 0.30000430489030866, 0.093119392925813574]
833 ; 1 ; 299 ; 1 ; [0.098765815514257671] ; [0.18755478536403569]
833 ; 1 ; 300 ; 0 ; [2.7532173947570504] ; [0.11114079608198031]
833 ; 1 ; 300 ; 1 ; [1.10686328488856] ; [0.64549793411462553]
833 ; 1 ; 300 ; 3 ; [1.9374353886316282] ; [2.1896327693096147]
833 ; 1 ; 300 ; 5 ; [1.345214904232866] ; [1.5105225434411595]
833 ; 1 ; 300 ; 7 ; [0.17991572673307812] ; [2.0283063220064759]
833 ; 1 ; 300 ; 8 ; [0.54241712137499687] ; [1.4548740917630969]
833 ; 1 ; 300 ; 9 ; [7.2055630811657716] ; [1.7076032797484975]
833 ; 1 ; 300 ; 10 ; [1.6235458186645557] ; [1.9548024071146588]
833 ; 1 ; 300 ; 11 ; [3.8045052480528159] ; [2.533180979993757]
833 ; 1 ; 300 ; 12 ; [0.23267198277755075] ; [0.41693914760107142]
833 ; 1 ; 300 ; 14 ; [0.33113832902541324] ; [2.7241967307961046]
833 ; 1 ; 300 ; 15 ; [0.48451758741846579] ; [0.94510035471234566]
833 ; 1 ; 300 ; 16 ; [3.2892189371382035] ; [2.5611980924349513]
833 ; 1 ; 300 ; 18 ; [2.6208904387093557] ; [1.8698231035343396]
833 ; 1 ; 300 ; 20 ; [2.2973630778943139] ; [1.5548716796144444]
833 ; 1 ; 300 ; 25 ; [0.41430526221304775] ; [0.44568791441653743]
833 ; 1 ; 300 ; 31 ; [0.12096274463324194] ; [1.2815474016460249]
833 ; 1 ; 301 ; 0 ; [1.0080108922797248, 0.056387532284096244] ; [0.53472725205883398, 0.22326975943918403]
833 ; 1 ; 301 ; 1 ; [0.5417985876720407] ; [0.043802948280162173]
833 ; 1 ; 301 ; 3 ; [0.10812671485428901] ; [0.012171932467454955]
833 ; 1 ; 301 ; 5 ; [0.049057936871652372] ; [0.084303280824051988]
833 ; 1 ; 301 ; 6 ; [0.4949173172631145] ; [0.64972466267418794]
833 ; 1 ; 301 ; 7 ; [0.12063609255644434] ; [0.40155690818889733]
833 ; 1 ; 302 ; 0 ; [0.051263569778664878, 0.046757660532734766, -0.00071145397308699002] ; [0.38100469746665416, 0.24769335737785966, 0.29179959536802735]
833 ; 1 ; 302 ; 1 ; [0.25434421341205177] ; [0.013072391286887248]
833 ; 1 ; 303 ; 0 ; [0.67548560635109445] ; [0.37345612499876518]
833 ; 1 ; 303 ; 6 ; [0.12322667134032297] ; [0.80317508659384595]
833 ; 1 ; 303 ; 7 ; [0.022814084766038426] ; [0.8646025075162036]
833 ; 1 ; 304 ; 3 ; [1.2591948564993871] ; [1.4873841917351274]
833 ; 1 ; 305 ; 0 ; [0.69020582866159286, 0.35760077913877719] ; [3.0051679039171053, 20.092602166641598]
833 ; 1 ; 305 ; 2 ; [0.00040829925529687624] ; [5.416283867511714]
833 ; 1 ; 305 ; 4 ; [0.1981680019610024] ; [5.0786891311013624]
833 ; 1 ; 305 ; 6 ; [0.0016908812339349673] ; [6.4154714165587334]
833 ; 1 ; 305 ; 11 ; [0.0045383125089043319] ; [1.6149461471190136]
833 ; 1 ; 305 ; 12 ; [0.012042454998286494] ; [1.1495772074270461]
833 ; 1 ; 306 ; 0 ; [0.09200650483996424, 0.25165713234339759, 1.4802415097335273] ; [0.33403155342711771, 0.58317885130302016, 2.1282105447851341]
833 ; 1 ; 306 ; 1 ; [0.65078699791015737] ; [0.80946911926923149]
833 ; 1 ; 306 ; 2 ; [0.12084551727680502] ; [0.51120437762143867]
833 ; 1 ; 306 ; 4 ; [0.00038353660302165883] ; [0.79291378890516329]
833 ; 1 ; 307 ; 0 ; [0.030366315615618825] ; [0.30922164926388468]
833 ; 1 ; 308 ; 0 ; [1.1682150898348] ; [2.7809675717544455]
833 ; 1 ; 308 ; 1 ; [0.45509875754156681] ; [3.704995316683755]
833 ; 1 ; 309 ; 1 ; [0.040210631752049537] ; [0.58974523694248193]
833 ; 1 ; 309 ; 2 ; [0.080244172441055278] ; [2.5332607994887844]
833 ; 1 ; 309 ; 3 ; [0.25474864832038874, 0.1069171881171108] ; [0.66094837635201276, 0.47668231753393142]
833 ; 1 ; 309 ; 4 ; [0.1694641209907311] ; [0.37847986721018551]
833 ; 1 ; 311 ; 0 ; [0.54306036295718774, 0.19524750582457848, 0.90901680976192401] ; [0.23796587699659386, 0.29831558233136019, 0.042945596352035695]
833 ; 1 ; 311 ; 1 ; [0.14875842035106493] ; [-0.0050865365936239634]
833 ; 1 ; 313 ; 0 ; [0.19594314158671849, 0.30895100094250788, 0.38668589968985906, 0.2982192399397634, 0.097864242107243399] ; [0.1540535529677102, 0.31716414018382849, 0.48531441965816291, 0.49626758325958864, 0.037105750372639572]
833 ; 1 ; 314 ; 0 ; [1.334070038174352] ; [0.92297344722302765]
833 ; 1 ; 314 ; 1 ; [0.50138093917531834] ; [0.46090184500377485]
833 ; 1 ; 314 ; 2 ; [0.7046144814000973] ; [1.9520618761203261]
833 ; 1 ; 314 ; 3 ; [0.90009300780822432] ; [0.57126851757206865]
833 ; 1 ; 314 ; 4 ; [0.020796739370102246] ; [0.23963286632596242]
833 ; 1 ; 314 ; 5 ; [0.34968937051132826] ; [1.3602949703473906]
833 ; 1 ; 314 ; 8 ; [1.4912188289531598] ; [0.6486992147245515]
833 ; 1 ; 314 ; 13 ; [0.6281485301810682] ; [2.3244439866365934]
833 ; 1 ; 314 ; 14 ; [3.3032048459873158] ; [0.80003498631243264]
833 ; 1 ; 314 ; 16 ; [0.20410485032938122] ; [11.51336700730457]
833 ; 1 ; 314 ; 17 ; [0.46256149413415443] ; [0.67766681846333165]
833 ; 1 ; 314 ; 19 ; [0.42862237435321587] ; [2.6470442171433586]
833 ; 1 ; 314 ; 20 ; [0.94298483590593984] ; [1.7474054924660698]
833 ; 1 ; 314 ; 22 ; [2.4752339913133983] ; [2.1222394703517682]
833 ; 1 ; 314 ; 23 ; [0.29114458417715922] ; [8.2750292805775985]
833 ; 1 ; 314 ; 24 ; [0.18639599395736184] ; [0.95606677327627154]
833 ; 1 ; 314 ; 28 ; [0.044576093004009658] ; [1.3989716088531372]
833 ; 1 ; 314 ; 30 ; [0.190740792503026] ; [1.4712852927266638]
833 ; 1 ; 315 ; 2 ; [0.3329415729027011] ; [0.28747412185885146]
833 ; 1 ; 316 ; 0 ; [0.85219535148538073] ; [0.42518970224837388]
833 ; 1 ; 316 ; 1 ; [1.9650152955025892] ; [0.029817923098121202]
833 ; 1 ; 317 ; 0 ; [0.58360865145776719] ; [0.30237461165056873]
833 ; 1 ; 317 ; 1 ; [0.015969499464853574, 0.096227728732655782] ; [0.57604466925430065, 0.30331036015540191]
833 ; 1 ; 317 ; 2 ; [0.26148273542726691] ; [0.61188577961288815]
833 ; 1 ; 317 ; 5 ; [1.1478008906900334] ; [1.109221461165915]
833 ; 1 ; 319 ; 0 ; [0.15435048325509643, 0.15734083159636036, 0.13666233167386635] ; [0.33170885188203703, 0.27150690134732097, 0.25016567505304005]
833 ; 1 ; 319 ; 1 ; [0.097089893065803928] ; [0.35026026837562763]
833 ; 1 ; 320 ; 0 ; [0.0012779099946303326] ; [1.2974276965423472]
833 ; 1 ; 320 ; 3 ; [0.25725174924846789, 0.41644159249387824, 0.82211992182847604, 0.3069551404080853, 0.14457989193136089] ; [0.16348015165683605, 0.54244714489275003, 0.81760813641221353, 0.4714263725994885, 0.23340431212267188]
833 ; 1 ; 321 ; 0 ; [0.15335469673718752] ; [0.21602112380186009]
833 ; 1 ; 321 ; 1 ; [0.3975680480094928] ; [0.063238870948516601]
833 ; 1 ; 321 ; 11 ; [0.11148070666736233] ; [0.43992119744448899]
833 ; 1 ; 321 ; 12 ; [0.044703156524954331] ; [4.5986803469842741]
833 ; 1 ; 322 ; 0 ; [0.24916599516617671, 0.3644731636743278, 0.22031367143758054, 0.19417939963895464] ; [0.16964030158348875, 0.40138912186610592, 0.26703454907464413, 0.27240858877196072]
833 ; 1 ; 323 ; 2 ; [1.6473221742477442] ; [1.4847677980822869]
833 ; 1 ; 323 ; 4 ; [1.3513841683490597] ; [1.5670034724837363]
833 ; 1 ; 323 ; 5 ; [1.84162819477655] ; [0.92056701950665065]
833 ; 1 ; 324 ; 1 ; [1.8617074267250628] ; [1.2934266803239425]
833 ; 1 ; 324 ; 9 ; [1.6937609144995378] ; [2.217317011602856]
833 ; 1 ; 325 ; 0 ; [0.01782787965512108] ; [0.035887822554466153]
833 ; 1 ; 326 ; 0 ; [1.1528317074956158] ; [0.28171576370140927]
833 ; 1 ; 326 ; 2 ; [0.43145189225508657] ; [1.2930110871103959]
833 ; 1 ; 326 ; 3 ; [0.97760102902699553] ; [1.7896444600817782]
833 ; 1 ; 326 ; 5 ; [1.8974664724526524] ; [0.58111091652671487]
833 ; 1 ; 327 ; 0 ; [0.14164939081783057, 0.084359432831998524, 0.81249720534916714, 4.2964290794173143] ; [0.30877357147193224, 0.23839486545163449, 0.29104988566567797, 0.14947012727757439]
833 ; 1 ; 327 ; 1 ; [0.13360532252718763] ; [0.24371396271130485]
833 ; 1 ; 327 ; 2 ; [0.1856449853823719] ; [0.040833580288787245]
833 ; 1 ; 328 ; 0 ; [0.78314501762147326] ; [0.98868025589003972]
833 ; 1 ; 328 ; 1 ; [0.88599839398987856] ; [0.56337878490543347]
833 ; 1 ; 328 ; 4 ; [0.83077592242098441] ; [0.69165658981034428]
833 ; 1 ; 328 ; 5 ; [0.18183688159640007] ; [0.83169353689364756]
833 ; 1 ; 329 ; 0 ; [-0.00020965749247185372] ; [0.19731623270473439]
833 ; 1 ; 329 ; 1 ; [0.19250842577974484] ; [0.77627356652217772]
833 ; 1 ; 329 ; 2 ; [0.80196420822298453] ; [0.47296842458299915]
833 ; 1 ; 329 ; 3 ; [1.1240607543097687] ; [0.63267580280054292]
833 ; 1 ; 329 ; 6 ; [0.011483767586790603] ; [0.90649145614085336]
833 ; 1 ; 329 ; 10 ; [1.511032406784117] ; [0.31182446124541136]
833 ; 1 ; 330 ; 4 ; [1.5391322068998319] ; [1.7464689741299215]
833 ; 1 ; 330 ; 8 ; [1.5182568727894672] ; [1.977469100774748]
833 ; 1 ; 330 ; 9 ; [1.1899732421207747] ; [0.45703840099724041]
833 ; 1 ; 330 ; 11 ; [12.349156614451582] ; [0.89137260273269803]
833 ; 1 ; 331 ; 0 ; [0.48712723242197359, 0.7942870169973687] ; [0.56991552913546584, 0.28103667734582644]
833 ; 1 ; 332 ; 0 ; [1.3686766119941407] ; [0.0022651917324851413]
833 ; 1 ; 332 ; 8 ; [0.22597601553476002] ; [0.54381082447965179]
833 ; 1 ; 332 ; 9 ; [0.1740268694304036] ; [1.7698825431061842]
833 ; 1 ; 333 ; 0 ; [0.255660507574069, -0.0043066512150958837, 0.19075463047694211] ; [0.621665446110792, 0.31195591756785218, 0.034350641784059936]
833 ; 1 ; 333 ; 2 ; [0.052037077788497046] ; [0.72838868351797426]
833 ; 1 ; 333 ; 5 ; [0.44666310947825827, 0.50349846259399034] ; [0.27173960629750099, 0.19049067690076751]
833 ; 1 ; 334 ; 1 ; [1.1036781563324605] ; [2.7212550887737978]
833 ; 1 ; 334 ; 2 ; [1.766656034140446] ; [0.81302236939525663]
833 ; 1 ; 334 ; 3 ; [1.1255799173292476] ; [1.1561373077538823]
833 ; 1 ; 334 ; 5 ; [0.77719476355069572] ; [1.6504555377532992]
833 ; 1 ; 334 ; 6 ; [2.2251221263558776] ; [1.0209756500327201]
833 ; 1 ; 334 ; 8 ; [0.58559018862198287] ; [0.89005430704237187]
833 ; 1 ; 334 ; 13 ; [2.3999551766625467] ; [1.8286768977027894]
833 ; 1 ; 334 ; 14 ; [2.485914615115091] ; [1.9331525066222424]
833 ; 1 ; 334 ; 17 ; [0.8819900417185379] ; [1.7214365872537516]
833 ; 1 ; 334 ; 18 ; [0.8175556961527034] ; [1.239195364110613]
833 ; 1 ; 334 ; 19 ; [0.47102002674117838, 1.9252527453342811] ; [0.64658092688050206, 1.9968396607753514]
833 ; 1 ; 334 ; 20 ; [4.2770604863742454] ; [1.4427157459549464]
833 ; 1 ; 334 ; 21 ; [5.8719221163682009] ; [1.9219369963974902]
833 ; 1 ; 334 ; 22 ; [0.21553125432723566] ; [0.73269557292713883]
833 ; 1 ; 334 ; 24 ; [3.7001979836632155] ; [1.5406864494066013]
833 ; 1 ; 334 ; 25 ; [2.908831288413154] ; [1.1678447401446765]