# Run ; Subrun ; Event ; Track ; Charge Ratios View 0 ; Charge Ratios View 1 #
783 ; 1 ; 0 ; 1 ; [1.2630292865805597] ; [0.82809524107988386]
783 ; 1 ; 0 ; 2 ; [0.44819996067130008] ; [0.99842275428203886]
783 ; 1 ; 0 ; 5 ; [0.0037632013267707132] ; [0.70986353073758302]
783 ; 1 ; 0 ; 8 ; [0.57554074135866051] ; [0.14455415572186978]
783 ; 1 ; 1 ; 0 ; [0.12758096566627081] ; [0.14762893726758014]
783 ; 1 ; 1 ; 1 ; [3.5192013350271574] ; [0.31360273528188753]
783 ; 1 ; 1 ; 2 ; [0.094712875464898774] ; [1.6621680656845244]
783 ; 1 ; 2 ; 1 ; [1.842699187749494] ; [0.87185800590583717]
783 ; 1 ; 2 ; 3 ; [1.1472950614510531] ; [0.46209955691747107]
783 ; 1 ; 2 ; 6 ; [1.1422362951403344] ; [2.9606362925095731]
783 ; 1 ; 2 ; 7 ; [2.7338780279985784] ; [2.1840287120536601]
783 ; 1 ; 3 ; 0 ; [0.23315062833081091, 0.19033018080459166, 0.067881698229646473] ; [0.27012357955320354, 0.46268901965015824, 0.068805322786768874]
783 ; 1 ; 3 ; 2 ; [0.066339787210609583] ; [-0.041566505644714126]
783 ; 1 ; 4 ; 0 ; [0.29928808881431851] ; [0.36893351221230913]
783 ; 1 ; 4 ; 1 ; [0.11934347430856361] ; [0.79525949130770146]
783 ; 1 ; 4 ; 2 ; [0.42148471774531987] ; [0.0064943410177429467]
783 ; 1 ; 4 ; 5 ; [0.26622152806641347] ; [2.4686965883949576]
783 ; 1 ; 4 ; 6 ; [0.26168822992641522] ; [1.1818235955051426]
783 ; 1 ; 4 ; 8 ; [0.19146311248373951] ; [0.32929798755485412]
783 ; 1 ; 6 ; 0 ; [-0.0029553529072040988, 0.19106697159529434, -0.017010618475130232] ; [0.4135998630126333, 0.3059686421172686, 0.37069201074646202]
783 ; 1 ; 7 ; 0 ; [0.023978206541932005] ; [0.41887843145628317]
783 ; 1 ; 7 ; 3 ; [4.388958958489491] ; [2.6820958144833624]
783 ; 1 ; 8 ; 0 ; [0.24620170494652832, 0.20397871912121551, 0.35257141339189801] ; [0.25255784422988581, 0.27163137406269366, 0.41238090364129459]
783 ; 1 ; 8 ; 2 ; [0.036161988358611376] ; [0.64205697700532527]
783 ; 1 ; 8 ; 4 ; [3.1517675316295852] ; [3.7959852057975514]
783 ; 1 ; 8 ; 10 ; [1.4746435899009138] ; [1.4190513852624425]
783 ; 1 ; 9 ; 0 ; [0.034313275227082211, 0.049105131415970699, 0.088493882411534525] ; [0.33529836648292144, 0.42657669673391008, 0.34172061578824858]
783 ; 1 ; 10 ; 0 ; [0.37725955951457008, 0.37866507349831263] ; [0.45928350123568368, 0.22965596999068669]
783 ; 1 ; 11 ; 0 ; [0.41942660329543968] ; [0.43664919105245786]
783 ; 1 ; 12 ; 1 ; [3.6716297534485749] ; [1.5055092920409325]
783 ; 1 ; 12 ; 2 ; [1.3166415434388661] ; [0.51266596307371848]
783 ; 1 ; 12 ; 3 ; [0.94802227544818141] ; [0.92865893457837956]
783 ; 1 ; 12 ; 5 ; [0.99308839488502054] ; [0.52258965843939187]
783 ; 1 ; 12 ; 6 ; [3.8508906922932056] ; [0.47447429296580867]
783 ; 1 ; 12 ; 7 ; [5.0060392745016138] ; [2.4714278905291649]
783 ; 1 ; 12 ; 8 ; [11.923071788278731] ; [0.50451858497486168]
783 ; 1 ; 13 ; 0 ; [0.98390664520970428, 0.25770193246117717] ; [0.50463123837265011, 0.50936660467290595]
783 ; 1 ; 14 ; 0 ; [2.8690891031583154] ; [1.185602390941594]
783 ; 1 ; 17 ; 0 ; [0.32512246251103699] ; [0.28096274242919678]
783 ; 1 ; 18 ; 3 ; [0.81598600920460185] ; [1.7928561082514352]
783 ; 1 ; 20 ; 0 ; [0.2224424337936422] ; [0.50894522448958301]
783 ; 1 ; 20 ; 1 ; [0.26906908857252787] ; [0.45379428156752255]
783 ; 1 ; 21 ; 1 ; [0.20468230042212388] ; [0.089044564448894914]
783 ; 1 ; 21 ; 2 ; [0.093671008543031953] ; [-0.12195853259336657]
783 ; 1 ; 21 ; 3 ; [1.9479894332876113] ; [1.5712658457327664]
783 ; 1 ; 21 ; 5 ; [0.10095308410490236] ; [2.7290029697643146]
783 ; 1 ; 21 ; 7 ; [0.10894577320334292] ; [0.92651688065740168]
783 ; 1 ; 21 ; 8 ; [2.1286562581562203] ; [0.43838436897483635]
783 ; 1 ; 22 ; 2 ; [0.33557338444794665] ; [2.2574767012949919]
783 ; 1 ; 22 ; 7 ; [0.0050124107203942487] ; [0.5927931361116634]
783 ; 1 ; 22 ; 8 ; [1.6304268142109934] ; [0.74078404123606356]
783 ; 1 ; 24 ; 3 ; [0.46874521749461068] ; [0.56841777090555834]
783 ; 1 ; 24 ; 5 ; [0.82438667202384852] ; [1.3567282510969838]
783 ; 1 ; 25 ; 0 ; [0.53448062329586665] ; [0.34322563367813158]
783 ; 1 ; 25 ; 1 ; [0.15296051037052313] ; [0.12166096573659367]
783 ; 1 ; 25 ; 9 ; [0.098370230515253385] ; [0.57226618491826975]
783 ; 1 ; 26 ; 0 ; [0.35360104049372826] ; [0.48962801320700028]
783 ; 1 ; 28 ; 0 ; [0.7819416616842475] ; [0.51190452860843727]
783 ; 1 ; 28 ; 1 ; [2.7715196930252812] ; [1.371972022979534]
783 ; 1 ; 28 ; 4 ; [0.6903727140173016] ; [1.2440681060295062]
783 ; 1 ; 28 ; 6 ; [0.60742330410872725] ; [3.7245036456609508]
783 ; 1 ; 28 ; 7 ; [0.22026504102065553] ; [0.66997679601429438]
783 ; 1 ; 28 ; 8 ; [1.3269778351199983] ; [3.8656223539555534]
783 ; 1 ; 28 ; 12 ; [2.2202303632520302] ; [1.4953882463833736]
783 ; 1 ; 29 ; 0 ; [0.089064028689551544, 0.14291678823635476, 0.11255665123434509] ; [0.53552020524659627, 0.2508647369780076, 0.20535265333648775]
783 ; 1 ; 30 ; 0 ; [0.14315739086910173] ; [0.11702074965928624]
783 ; 1 ; 30 ; 1 ; [0.84849234933840023] ; [0.56338298482417148]
783 ; 1 ; 31 ; 0 ; [0.52872192471683643] ; [0.0031304583483115927]
783 ; 1 ; 31 ; 1 ; [0.42536509282277807] ; [0.74352129433064762]
783 ; 1 ; 31 ; 2 ; [0.15475543621142024] ; [0.020319143365612788]
783 ; 1 ; 31 ; 5 ; [0.0043135310735299519] ; [0.34440641099424052]
783 ; 1 ; 31 ; 7 ; [0.014400701628615117] ; [0.002929349769551867]
783 ; 1 ; 31 ; 10 ; [0.037868603912677309] ; [0.06072091702409891]
783 ; 1 ; 32 ; 0 ; [1.2827281171827836, 0.38340945854158243] ; [1.6752948630941535, 4.5697882759004296]
783 ; 1 ; 32 ; 1 ; [-0.0010695661572514615] ; [1.2924060337107033]
783 ; 1 ; 33 ; 0 ; [0.48058579311013244, 0.25761340294675511] ; [0.046231741442821446, 0.1163691393804434]
783 ; 1 ; 33 ; 1 ; [0.34788894472241672] ; [0.26722298243513148]
783 ; 1 ; 33 ; 2 ; [0.50443706222667684] ; [0.91143047548552369]
783 ; 1 ; 33 ; 4 ; [1.0724634631431869] ; [0.80214392698097803]
783 ; 1 ; 33 ; 6 ; [1.5625837257654533] ; [0.46812805348006298]
783 ; 1 ; 33 ; 12 ; [0.057082744597045515] ; [1.296538019160965]
783 ; 1 ; 33 ; 13 ; [2.6644685805605781] ; [0.36517389988091864]
783 ; 1 ; 34 ; 0 ; [0.091190222093088968] ; [0.19083133846754705]
783 ; 1 ; 34 ; 1 ; [0.33217291134028815, 0.27456382254447476, 0.28003293627034415] ; [0.41049750950792746, 0.12397763147808337, 0.22792906009603689]
783 ; 1 ; 35 ; 0 ; [0.034400729880949853, 0.01925197928427351, 0.0037318891582113919] ; [0.44437121996298157, 0.23660276266864949, -0.0047321208257043038]
783 ; 1 ; 35 ; 1 ; [1.1589972628692078] ; [0.075041924582303493]
783 ; 1 ; 35 ; 3 ; [0.33667415695370861] ; [0.0032761493317644227]
783 ; 1 ; 37 ; 0 ; [0.17401324631468629, 0.039556923101476668] ; [0.53114608990221379, 0.47166906839878014]
783 ; 1 ; 37 ; 1 ; [0.76727394447336128] ; [0.97504729659272171]
783 ; 1 ; 37 ; 2 ; [0.3880607478458073] ; [0.23247028312316259]
783 ; 1 ; 37 ; 3 ; [0.96352883283059509] ; [0.53093314430607752]
783 ; 1 ; 37 ; 6 ; [0.83817741558729231] ; [0.55905557070551581]
783 ; 1 ; 38 ; 0 ; [0.22265139174867563, 0.23969583392896796, 0.17183445952478918, 0.15321737014568856] ; [0.3374565683917416, 0.3863780372134053, 0.27084228501386359, 0.018711838468432961]
783 ; 1 ; 39 ; 0 ; [0.32272377058801516, 0.28050706587547225, 0.2098809045066902, 0.14336680418170511] ; [0.29936759389694706, 0.31259337589040803, 0.22085605661309612, -0.068828262584479827]
783 ; 1 ; 40 ; 0 ; [1.5724012390053925] ; [0.52621862024588273]
783 ; 1 ; 40 ; 7 ; [1.0966679982419578] ; [0.50050424180174102]
783 ; 1 ; 40 ; 8 ; [1.2132548988440475] ; [2.4230337556182029]
783 ; 1 ; 41 ; 1 ; [0.062332832708501706] ; [0.30666964863936541]
783 ; 1 ; 41 ; 4 ; [0.94159014161557697] ; [1.5379806536887848]
783 ; 1 ; 42 ; 0 ; [0.5117968493530658] ; [1.3521706862779612]
783 ; 1 ; 43 ; 0 ; [0.13455316704595144] ; [0.21272849870695559]
783 ; 1 ; 43 ; 2 ; [0.019786578891108946] ; [0.88041456745558444]
783 ; 1 ; 43 ; 3 ; [1.6483919171956269] ; [0.1513547787597361]
783 ; 1 ; 45 ; 0 ; [0.7904855132271833] ; [11.038909667205457]
783 ; 1 ; 47 ; 0 ; [0.07652677225787069] ; [1.0400131680548483]
783 ; 1 ; 47 ; 1 ; [0.44242400806142468] ; [1.5969979964724927]
783 ; 1 ; 50 ; 0 ; [0.53920001500633152, 1.0749879551722969] ; [0.4563292874731269, 0.11415587066616495]
783 ; 1 ; 50 ; 1 ; [0.16249279052062873] ; [0.22698512176523952]
783 ; 1 ; 51 ; 0 ; [0.31708857153440062] ; [0.13984732651868642]
783 ; 1 ; 51 ; 1 ; [0.15839332968438261] ; [0.26763503050440945]
783 ; 1 ; 51 ; 2 ; [0.1699505099466864] ; [0.12439982379529628]
783 ; 1 ; 52 ; 0 ; [0.25090936508956102, 0.17008001938292083, 0.016500193898520754] ; [0.23929509581564981, 0.30888123304283432, -0.098847335293586552]
783 ; 1 ; 53 ; 0 ; [2.051136531773269] ; [0.11124224962372524]
783 ; 1 ; 53 ; 1 ; [0.025933781752290663] ; [0.041993491963867598]
783 ; 1 ; 55 ; 0 ; [0.81933112500963201] ; [0.011418866646919275]
783 ; 1 ; 56 ; 0 ; [2.3633994120114985] ; [0.22335130949890794]
783 ; 1 ; 56 ; 2 ; [0.99499066335732644] ; [0.25640724367837808]
783 ; 1 ; 56 ; 4 ; [0.027925405917684731] ; [0.050772505278016945]
783 ; 1 ; 56 ; 5 ; [0.044920222091260183] ; [0.29182325875249482]
783 ; 1 ; 56 ; 9 ; [0.41329127268163357] ; [0.25742091341230006]
783 ; 1 ; 56 ; 10 ; [0.12667993684755116] ; [0.78734872144790824]
783 ; 1 ; 58 ; 1 ; [0.26017449435941797] ; [0.63808585477543622]
783 ; 1 ; 58 ; 6 ; [1.5787957733496265] ; [2.4293258224529057]
783 ; 1 ; 59 ; 0 ; [0.8823861322927915] ; [0.084839340109253661]
783 ; 1 ; 59 ; 1 ; [0.38800079329943671] ; [0.27118836445347522]
783 ; 1 ; 61 ; 0 ; [0.095143661826871714] ; [0.54443571855678807]
783 ; 1 ; 61 ; 2 ; [0.35650038846552201] ; [1.1756000324435736]
783 ; 1 ; 62 ; 0 ; [0.28476055077883683] ; [1.5523282949517916]
783 ; 1 ; 62 ; 1 ; [0.22415951210657101] ; [1.2960360586212216]
783 ; 1 ; 62 ; 2 ; [0.15988938992882884] ; [1.760209936877756]
783 ; 1 ; 62 ; 3 ; [1.5171930163957801] ; [1.184490039492393]
783 ; 1 ; 62 ; 4 ; [0.16277375658894477] ; [2.5370684633221261]
783 ; 1 ; 62 ; 6 ; [5.1598864876929262] ; [5.6393395778846358]
783 ; 1 ; 63 ; 0 ; [0.059067400934938744] ; [0.25930560242507605]
783 ; 1 ; 64 ; 0 ; [0.23060922886401522] ; [0.53937594060497152]
783 ; 1 ; 64 ; 1 ; [0.19665718769259977] ; [0.35266750115673745]
783 ; 1 ; 64 ; 2 ; [0.87373592757336671] ; [0.033547109481324312]
783 ; 1 ; 64 ; 3 ; [1.0416824470916033] ; [0.20577583340065517]
783 ; 1 ; 65 ; 0 ; [1.0084311834692217] ; [0.57084610333249153]
783 ; 1 ; 65 ; 1 ; [0.25107988926024993] ; [0.44081329765642052]
783 ; 1 ; 65 ; 2 ; [0.40397263220535318] ; [2.1680413108680501]
783 ; 1 ; 65 ; 3 ; [0.50122123601630797] ; [1.0751468580783461]
783 ; 1 ; 65 ; 4 ; [0.92634272937620765] ; [0.032623091947773582]
783 ; 1 ; 65 ; 5 ; [0.75194943738203468] ; [1.6390095078140337]
783 ; 1 ; 65 ; 6 ; [0.2020905643063044] ; [0.26041968644017149]
783 ; 1 ; 65 ; 8 ; [1.4584311432438382] ; [1.3812351753045133]
783 ; 1 ; 65 ; 9 ; [0.74001405944639975] ; [2.9690070380849942]
783 ; 1 ; 65 ; 15 ; [4.970134555107351] ; [0.21282265601659037]
783 ; 1 ; 65 ; 18 ; [0.6226562688368642] ; [1.3087116941582206]
783 ; 1 ; 66 ; 0 ; [0.61938505823655154] ; [0.39342597324000289]
783 ; 1 ; 66 ; 3 ; [1.8143379788391798] ; [1.7219381072236188]
783 ; 1 ; 66 ; 4 ; [2.473330741220487] ; [1.9558849730629251]
783 ; 1 ; 66 ; 5 ; [1.2890030329861855] ; [2.3773764938303534]
783 ; 1 ; 66 ; 6 ; [0.69423528809098234] ; [1.9044210731335709]
783 ; 1 ; 66 ; 7 ; [0.68818553061525245] ; [1.8040769854536711]
783 ; 1 ; 66 ; 8 ; [1.7944606999788135] ; [1.8332847833931241]
783 ; 1 ; 66 ; 9 ; [1.5447339884754652] ; [1.8959622317520883]
783 ; 1 ; 66 ; 11 ; [0.89630922756935916] ; [1.7955159664958344]
783 ; 1 ; 66 ; 12 ; [0.43680858631456865] ; [1.4984693446812141]
783 ; 1 ; 66 ; 13 ; [2.2677013619309419] ; [1.748939115120471]
783 ; 1 ; 66 ; 14 ; [3.6054310746977483] ; [1.729629119310006]
783 ; 1 ; 66 ; 17 ; [1.4132933662981986] ; [1.7452977478965372]
783 ; 1 ; 66 ; 18 ; [2.9851534027808859] ; [1.2858705396209176]
783 ; 1 ; 66 ; 21 ; [2.962934814261911] ; [1.943996664464926]
783 ; 1 ; 66 ; 23 ; [3.3617625284998947] ; [1.5889797378880737]
783 ; 1 ; 66 ; 24 ; [0.79532447036762932] ; [1.5231178898360813]
783 ; 1 ; 66 ; 26 ; [0.81050591386725324] ; [1.5802116405399775]
783 ; 1 ; 66 ; 27 ; [0.94931241163705182] ; [1.6218929238115372]
783 ; 1 ; 67 ; 0 ; [0.18967885867123535, 0.20144569380363564, 0.1430430190992972] ; [0.40171065166206937, 0.24740775178579713, 0.25043946854753163]
783 ; 1 ; 67 ; 1 ; [0.55239662461609007] ; [0.6492546050465472]
783 ; 1 ; 68 ; 0 ; [0.13790583989738064] ; [0.23328919080628893]
783 ; 1 ; 68 ; 1 ; [0.030665958647208228] ; [0.48913688911103703]
783 ; 1 ; 69 ; 0 ; [0.2227066664447363, 0.29164328819224189] ; [0.49196295618551639, 0.36441553635762314]
783 ; 1 ; 70 ; 0 ; [0.19397819522125218] ; [0.41403781940635187]
783 ; 1 ; 70 ; 1 ; [0.43452459745370214] ; [0.10184417135387841]
783 ; 1 ; 72 ; 0 ; [0.26821238574737877] ; [2.065688233012879]
783 ; 1 ; 73 ; 0 ; [0.24968758192196705] ; [0.63931940405434629]
783 ; 1 ; 73 ; 1 ; [0.24022399933596869, 0.091212871813645041] ; [0.36342112608115079, 0.53466406135129663]
783 ; 1 ; 73 ; 4 ; [0.27724758409541495] ; [0.26018625751228075]
783 ; 1 ; 74 ; 0 ; [0.0038002751880951203, 0.02391524624693267] ; [0.30253688550098989, 0.092110938159000649]
783 ; 1 ; 74 ; 2 ; [-0.019397627040986784] ; [0.0091743369242278609]
783 ; 1 ; 75 ; 0 ; [-0.0083336985302817686, 0.0082952636889219999, -0.03893904174309689] ; [0.45437227384819434, 0.38414423251524099, 0.20468209668830678]
783 ; 1 ; 77 ; 0 ; [0.33118328206041764] ; [0.69096055722867111]
783 ; 1 ; 77 ; 3 ; [1.1582359679481293] ; [0.40286542030250644]
783 ; 1 ; 79 ; 0 ; [0.026787618669726069] ; [0.34743587739311499]
783 ; 1 ; 80 ; 0 ; [0.24296051128653609] ; [-0.0042931491780279869]
783 ; 1 ; 82 ; 0 ; [0.28167298165693722] ; [0.43647236886162966]
783 ; 1 ; 83 ; 4 ; [0.01435913354462412] ; [0.037342265556350791]
783 ; 1 ; 84 ; 0 ; [0.048660773493417964] ; [0.35078227680721341]
783 ; 1 ; 84 ; 2 ; [0.35950057417482806] ; [0.21286491444478137]
783 ; 1 ; 84 ; 3 ; [0.15362010630719281] ; [0.17937789652324987]
783 ; 1 ; 87 ; 0 ; [0.45710983459467469] ; [0.37319423155470088]
783 ; 1 ; 87 ; 1 ; [0.040296331697171402] ; [0.45334130134882478]
783 ; 1 ; 87 ; 3 ; [0.0031478902284840663] ; [0.049463463251526861]
783 ; 1 ; 88 ; 0 ; [0.38929279252480831] ; [0.23275824848942955]
783 ; 1 ; 88 ; 3 ; [2.0296350477867602] ; [0.16863738435687362]
783 ; 1 ; 88 ; 4 ; [2.1379597469588441] ; [1.5343983458446149]
783 ; 1 ; 88 ; 5 ; [1.8872410971590194] ; [2.2835718513331846]
783 ; 1 ; 88 ; 7 ; [1.5612213241375341] ; [1.4714775271660887]
783 ; 1 ; 89 ; 2 ; [0.12897663268499279] ; [0.33136666095203998]
783 ; 1 ; 91 ; 0 ; [0.40544581647383859] ; [0.65142822567293501]
783 ; 1 ; 91 ; 2 ; [-0.0072946632167452275] ; [0.11906935830571645]
783 ; 1 ; 92 ; 0 ; [3.421223488669463] ; [0.90968295553192269]
783 ; 1 ; 92 ; 10 ; [0.36599133789885446] ; [1.4134612384686467]
783 ; 1 ; 92 ; 11 ; [0.29203590751262271] ; [1.1670587583311576]
783 ; 1 ; 93 ; 0 ; [0.9639052851776162] ; [0.46732860055296321]
783 ; 1 ; 93 ; 1 ; [0.35241719506088226] ; [0.34512437047091515]
783 ; 1 ; 93 ; 2 ; [0.47952948935105627] ; [0.80666217978071286]
783 ; 1 ; 93 ; 8 ; [1.4757308618805602] ; [0.34832128906003634]
783 ; 1 ; 93 ; 10 ; [0.038306134491161048] ; [1.9691890040550322]
783 ; 1 ; 95 ; 0 ; [1.5236244315075163, 0.11804502074560605] ; [0.29554242684874288, 0.27034571265065249]
783 ; 1 ; 96 ; 0 ; [0.025743733202399071] ; [0.27879829880126794]
783 ; 1 ; 96 ; 1 ; [0.29892018088192412] ; [0.7141209013899843]
783 ; 1 ; 97 ; 0 ; [0.17173139219749914, 0.49729740887113327] ; [1.1405970775536751, 0.95165578316505561]
783 ; 1 ; 97 ; 1 ; [0.35268031296350222] ; [0.48739280533223134]
783 ; 1 ; 97 ; 4 ; [0.37968388155418398] ; [0.088875963718214962]
783 ; 1 ; 97 ; 5 ; [0.69650178388311912] ; [0.281499711836116]
783 ; 1 ; 97 ; 6 ; [0.033732309354413577] ; [0.26567314767040534]
783 ; 1 ; 97 ; 7 ; [1.2935116813905581] ; [0.49899901417666792]
783 ; 1 ; 97 ; 11 ; [0.84396800754766121] ; [1.5415063174518544]
783 ; 1 ; 98 ; 0 ; [0.073108844986089605] ; [0.61793990291701051]
783 ; 1 ; 98 ; 1 ; [0.22361862372038765] ; [0.27398568315884109]
783 ; 1 ; 98 ; 2 ; [0.43738693096062625] ; [0.38121202427486106]
783 ; 1 ; 98 ; 3 ; [0.11166103030571613] ; [0.39257362846777477]
783 ; 1 ; 98 ; 4 ; [0.44053686819945059] ; [0.016550362031988831]
783 ; 1 ; 98 ; 5 ; [0.41515111483890643] ; [0.33836783127835945]
783 ; 1 ; 99 ; 0 ; [0.67075135557598486] ; [0.36115687245819689]
783 ; 1 ; 99 ; 1 ; [0.58156960681976566] ; [0.1154841742099378]
783 ; 1 ; 100 ; 0 ; [0.19547517929110778, 0.15988002464923837, 2.3515062680823235] ; [0.31139653158684438, 0.25212085109349508, -0.15784216983655758]
783 ; 1 ; 101 ; 1 ; [0.28998812934642065] ; [0.4819035171698533]
783 ; 1 ; 101 ; 2 ; [0.0038302974768922387] ; [0.54796799326348311]
783 ; 1 ; 101 ; 7 ; [0.29481927303707212] ; [0.63196594118004545]
783 ; 1 ; 102 ; 0 ; [0.012009526288890647] ; [1.1837618530337808]
783 ; 1 ; 102 ; 5 ; [0.38134163635733326] ; [0.76846007495551805]
783 ; 1 ; 102 ; 7 ; [1.462708441789669] ; [1.4264543759111235]
783 ; 1 ; 102 ; 16 ; [0.11978498117840916] ; [-0.09494627114079783]
783 ; 1 ; 104 ; 0 ; [0.15318754199586906] ; [0.012240850998545737]
783 ; 1 ; 104 ; 1 ; [0.095300607079405047] ; [0.72512726156051632]
783 ; 1 ; 104 ; 2 ; [0.55967820474050334] ; [0.44742590305247104]
783 ; 1 ; 104 ; 3 ; [0.086215241963966169] ; [1.8535542236881606]
783 ; 1 ; 105 ; 2 ; [1.62505136161805] ; [0.09068588158528515]
783 ; 1 ; 105 ; 3 ; [0.1523355482061827] ; [0.71875172506772189]
783 ; 1 ; 105 ; 6 ; [0.043163537299080491] ; [3.9956546871943077]
783 ; 1 ; 105 ; 7 ; [0.052430973037571785] ; [0.048719000218583476]
783 ; 1 ; 105 ; 8 ; [0.38099528965377288] ; [1.9095841269838336]
783 ; 1 ; 105 ; 10 ; [0.017842648786871682] ; [0.49383141301035266]
783 ; 1 ; 105 ; 11 ; [0.033710712990309803] ; [1.1723986710810648]
783 ; 1 ; 107 ; 1 ; [0.016293135755728563] ; [2.1354837164283658]
783 ; 1 ; 107 ; 2 ; [0.58400299572402359] ; [0.33461227604911392]
783 ; 1 ; 107 ; 3 ; [1.69138190135642] ; [0.53092369835394293]
783 ; 1 ; 108 ; 0 ; [0.16806989354085167, 0.21571747259485013, 0.13133031922571745] ; [0.27474130703424587, 0.27703027426212601, 0.5082093721584181]
783 ; 1 ; 108 ; 1 ; [0.14669287956759225, 0.31157823919188687] ; [0.026005720618969309, 0.20760954295797523]
783 ; 1 ; 109 ; 0 ; [1.1631394612143382] ; [0.34021123774146794]
783 ; 1 ; 109 ; 1 ; [1.0531212840570172] ; [1.0968285430644351]
783 ; 1 ; 109 ; 2 ; [0.047225576389193925] ; [0.41111632326073644]
783 ; 1 ; 111 ; 0 ; [0.000728958421513649, -0.0011227316071064778, 0.13853464644648508] ; [0.46260210634639976, 0.39921769110950833, 0.17795864179709184]
783 ; 1 ; 112 ; 0 ; [0.51565983755458689] ; [0.78229848368808164]
783 ; 1 ; 112 ; 1 ; [0.018944673951605664] ; [0.68117309682749183]
783 ; 1 ; 112 ; 4 ; [0.54645409643652099] ; [0.62748779928119702]
783 ; 1 ; 112 ; 7 ; [1.4648708157319246] ; [0.34055379543563374]
783 ; 1 ; 112 ; 8 ; [0.038518609952264873] ; [1.3950629474129173]
783 ; 1 ; 112 ; 13 ; [0.088441492031856694] ; [0.76533971532864975]
783 ; 1 ; 112 ; 15 ; [0.67246541781987401] ; [1.5768741076963007]
783 ; 1 ; 112 ; 16 ; [0.67065520017384661] ; [0.53585174586001982]
783 ; 1 ; 113 ; 0 ; [0.14451720310547769, 0.088414533442061488] ; [0.35713436220456618, 0.24073489746943558]
783 ; 1 ; 114 ; 0 ; [0.54048725664725683, 0.17726384181639643] ; [0.58969234077921184, -0.0027590985621907629]
783 ; 1 ; 114 ; 1 ; [0.48556898910408725] ; [0.022525976214678532]
783 ; 1 ; 114 ; 2 ; [0.025863387234853305] ; [0.1168464937659261]
783 ; 1 ; 114 ; 3 ; [0.64678881419798717] ; [-0.01198553300727585]
783 ; 1 ; 115 ; 0 ; [0.67862574817950472] ; [0.76037097585792601]
783 ; 1 ; 115 ; 4 ; [0.22232980066439256] ; [0.39093516775012443]
783 ; 1 ; 115 ; 13 ; [0.22111712113283666] ; [0.65197983401365767]
783 ; 1 ; 115 ; 14 ; [0.20770002483330449] ; [0.5492594491074706]
783 ; 1 ; 115 ; 15 ; [0.13667126259311077] ; [2.6498850006936512]
783 ; 1 ; 116 ; 0 ; [0.053296353809861967] ; [0.27084775135812439]
783 ; 1 ; 116 ; 1 ; [0.15929064456381845] ; [0.0024726798764014425]
783 ; 1 ; 116 ; 3 ; [0.1025571787768683] ; [0.026328735340244776]
783 ; 1 ; 116 ; 4 ; [0.074313760446504853] ; [0.40404819588157825]
783 ; 1 ; 117 ; 0 ; [0.11942319549391969, 0.13616204261475787, 0.10736978791644267, 0.053776455973666773] ; [0.0062710315152193991, 0.28888343886854478, 0.23584981245603981, 0.22487056095109464]
783 ; 1 ; 117 ; 1 ; [0.070566263667877924] ; [0.083482094572168666]
783 ; 1 ; 118 ; 0 ; [4.267480226116759] ; [0.29038169002753411]
783 ; 1 ; 118 ; 1 ; [1.4159282908457527] ; [4.6155359488664782]
783 ; 1 ; 118 ; 2 ; [2.2533305309091123] ; [1.0234831719858977]
783 ; 1 ; 118 ; 3 ; [1.9115594075654139] ; [6.6088370848750557]
783 ; 1 ; 118 ; 4 ; [2.531047396500663] ; [1.3569617991895211]
783 ; 1 ; 118 ; 5 ; [25.413793375312359] ; [8.5122082978754552]
783 ; 1 ; 119 ; 0 ; [2.1636147740022764, 0.9029289033910709] ; [0.75214975928472327, 1.5025704830334055]
783 ; 1 ; 119 ; 1 ; [0.49663309186136978] ; [0.33716281493176803]
783 ; 1 ; 119 ; 3 ; [1.330618022599432] ; [0.13720634887324182]
783 ; 1 ; 119 ; 4 ; [0.55695228737076297] ; [0.92832919735163677]
783 ; 1 ; 119 ; 5 ; [-0.0013958321493777461] ; [0.79543167705818008]
783 ; 1 ; 119 ; 6 ; [0.064378680278225978] ; [0.3627662165279964]
783 ; 1 ; 119 ; 8 ; [1.7673306573153298] ; [0.57226767671424972]
783 ; 1 ; 119 ; 10 ; [0.45682438647767276] ; [0.33887058874469805]
783 ; 1 ; 119 ; 13 ; [1.64148076594684] ; [0.13505188922157116]
783 ; 1 ; 119 ; 15 ; [0.52260572876507672] ; [1.1492536610889446]
783 ; 1 ; 119 ; 16 ; [0.62713904132031617] ; [3.701732007452935]
783 ; 1 ; 119 ; 19 ; [0.96353992668213051] ; [4.0713381988640966]
783 ; 1 ; 119 ; 22 ; [0.7332904498105336] ; [1.1131037222936389]
783 ; 1 ; 120 ; 0 ; [0.24611147379800655] ; [0.27726515840684907]
783 ; 1 ; 120 ; 1 ; [-0.0045486872011303442] ; [0.36948795918712485]
783 ; 1 ; 120 ; 2 ; [0.14732634151217144] ; [1.5600894664210716]
783 ; 1 ; 122 ; 0 ; [0.42584966074442371, 0.64541674373841007, 0.32904104876480977, 0.75961363311338337] ; [0.64068367781319846, 0.59386485536584077, 0.51551703560935125, 0.3824787214325443]
783 ; 1 ; 122 ; 1 ; [0.41254516230075988, 0.048955820460110856] ; [0.36354232321259639, 0.27909002663384186]
783 ; 1 ; 122 ; 2 ; [0.14267850986225095] ; [0.23551682117726341]
783 ; 1 ; 123 ; 0 ; [0.39376851246071037, 2.0706885883421324] ; [0.42063962177540754, 0.23154323201988714]
783 ; 1 ; 124 ; 0 ; [0.3516448067149297] ; [1.6057481877773891]
783 ; 1 ; 124 ; 1 ; [0.086816916193782373] ; [-0.015674270855451467]
783 ; 1 ; 125 ; 1 ; [4.3613252814781012] ; [3.5473240374712045]
783 ; 1 ; 125 ; 2 ; [1.5772532820694507] ; [0.70155054095558389]
783 ; 1 ; 125 ; 3 ; [0.0078373216769215444] ; [0.63614746319143467]
783 ; 1 ; 125 ; 5 ; [1.9764167508644466] ; [1.7251727285451093]
783 ; 1 ; 125 ; 9 ; [0.37399398354401781] ; [0.47496713094243831]
783 ; 1 ; 125 ; 10 ; [0.27577221690614628] ; [0.49378744693879179]
783 ; 1 ; 126 ; 0 ; [0.35938812353995686, 0.13998180691151516] ; [0.29018078678947645, -0.071647127952034179]
783 ; 1 ; 126 ; 1 ; [0.010073885952924988] ; [-0.16576764545132683]
783 ; 1 ; 127 ; 0 ; [0.024828344700981973] ; [0.84448431575210658]
783 ; 1 ; 127 ; 1 ; [0.089695125152229174] ; [0.59874863798089173]
783 ; 1 ; 128 ; 0 ; [0.0095800059707076141, 0.4248476606391503] ; [0.27217032289127174, -0.13498195159960663]
783 ; 1 ; 128 ; 1 ; [0.079658453082649058] ; [-0.034853656826746689]
783 ; 1 ; 128 ; 3 ; [0.041140880208535485] ; [-0.030588120830912589]
783 ; 1 ; 129 ; 1 ; [0.87447694442487867] ; [0.40938754892107443]
783 ; 1 ; 130 ; 0 ; [0.26926844920282006] ; [0.11063364716290312]
783 ; 1 ; 130 ; 1 ; [0.14379832757689462] ; [0.17983450095908704]
783 ; 1 ; 130 ; 2 ; [0.24059043775217631] ; [1.5128501965987604]
783 ; 1 ; 132 ; 1 ; [3.8139971881406254] ; [11.367420849390651]
783 ; 1 ; 132 ; 4 ; [0.14713557839326333] ; [0.38507911345240692]
783 ; 1 ; 133 ; 1 ; [2.3018331902123514] ; [0.87141462176053897]
783 ; 1 ; 133 ; 2 ; [0.73254047441516357] ; [0.18921456523928382]
783 ; 1 ; 133 ; 5 ; [0.024835010589927878] ; [-0.0049292164762200644]
783 ; 1 ; 133 ; 10 ; [0.58630581684199878] ; [1.7794897500046423]
783 ; 1 ; 133 ; 12 ; [1.7007330251040775] ; [1.2601383444381971]
783 ; 1 ; 133 ; 13 ; [0.041549186180957313] ; [3.0558273190595591]
783 ; 1 ; 133 ; 17 ; [0.6660755212249021] ; [1.9826235575859474]
783 ; 1 ; 133 ; 18 ; [3.0565287753048214] ; [1.3724136814933117]
783 ; 1 ; 134 ; 0 ; [0.061521984054377914, 0.027235355138503118] ; [0.35419692723140433, 0.13841601986375721]
783 ; 1 ; 136 ; 0 ; [0.0012839634034525276] ; [0.28281557257442602]
783 ; 1 ; 137 ; 0 ; [1.0458463669245051] ; [0.3023959633582336]
783 ; 1 ; 137 ; 1 ; [-0.07583999814302618] ; [0.023028470806263877]
783 ; 1 ; 138 ; 1 ; [0.062416180376244412] ; [0.093642641938366411]
783 ; 1 ; 138 ; 2 ; [0.0039989247933017785] ; [0.80014410918565781]
783 ; 1 ; 139 ; 0 ; [0.6771036715535812] ; [1.0228062289934015]
783 ; 1 ; 139 ; 2 ; [0.085628967537910688] ; [1.335689803358969]
783 ; 1 ; 140 ; 0 ; [0.074040585582720114] ; [0.0052554177862333788]
783 ; 1 ; 140 ; 2 ; [1.5871549708354462] ; [0.028543026505882144]
783 ; 1 ; 141 ; 0 ; [2.0370704469814993] ; [0.016933622813380133]
783 ; 1 ; 142 ; 0 ; [0.11313023856091088, 0.25320112543778056] ; [0.38753218999355116, 0.52497001837531354]
783 ; 1 ; 142 ; 1 ; [0.36195698241527741] ; [0.25650188406051527]
783 ; 1 ; 142 ; 2 ; [1.0893898171105756] ; [0.52263131852045319]
783 ; 1 ; 142 ; 4 ; [0.32438313949874692] ; [2.8520283441284153]
783 ; 1 ; 142 ; 5 ; [0.23447123676739692] ; [0.32715375735625435]
783 ; 1 ; 142 ; 6 ; [0.097823217421839109] ; [-0.018888154754152044]
783 ; 1 ; 145 ; 0 ; [0.5664733252424623] ; [0.48148893360013362]
783 ; 1 ; 145 ; 1 ; [0.32379989817747712] ; [0.59709741536547278]
783 ; 1 ; 145 ; 2 ; [3.6838917492244923] ; [1.5257072144831436]
783 ; 1 ; 145 ; 3 ; [0.96081315130760914] ; [1.2645660529465872]
783 ; 1 ; 145 ; 7 ; [1.7777239353602925] ; [0.74674871791439135]
783 ; 1 ; 145 ; 8 ; [0.90347499077543925] ; [3.2975856039238653]
783 ; 1 ; 145 ; 11 ; [0.1918117818049819] ; [0.48143093514929514]
783 ; 1 ; 145 ; 16 ; [0.048313134125951437] ; [0.023480817539730341]
783 ; 1 ; 147 ; 0 ; [0.88864030314371878] ; [0.29857468908479662]
783 ; 1 ; 147 ; 6 ; [0.28299195315997183] ; [0.15018531026026874]
783 ; 1 ; 148 ; 0 ; [0.35614398725231666] ; [0.43431163088114216]
783 ; 1 ; 148 ; 2 ; [0.15478067865489537] ; [0.45400877638426507]
783 ; 1 ; 148 ; 3 ; [0.33142498067929893] ; [0.27685614105257628]
783 ; 1 ; 148 ; 4 ; [2.7798900195736174] ; [2.1344702681938843]
783 ; 1 ; 150 ; 0 ; [1.018995253344062] ; [0.18667772799410781]
783 ; 1 ; 150 ; 3 ; [0.0054399239777595688] ; [0.45125933795420325]
783 ; 1 ; 151 ; 0 ; [0.20728459413209424, 0.86887492203502081] ; [0.22881131850947278, 0.79443894842887774]
783 ; 1 ; 151 ; 1 ; [0.64230850093574277] ; [0.34842115486980652]
783 ; 1 ; 151 ; 2 ; [2.2556938096009445] ; [0.50233662862537032]
783 ; 1 ; 151 ; 3 ; [0.92396405289418981] ; [0.51682521745494203]
783 ; 1 ; 152 ; 0 ; [0.062155269665235414] ; [0.55027938003967414]
783 ; 1 ; 152 ; 4 ; [-0.33257416109819077] ; [0.91094492666176918]
783 ; 1 ; 152 ; 5 ; [1.1627576169237244] ; [1.2740100390410289]
783 ; 1 ; 152 ; 7 ; [0.50033799462198714] ; [0.79177443924203039]
783 ; 1 ; 154 ; 0 ; [0.1309678462615797] ; [0.24057597975102454]
783 ; 1 ; 154 ; 1 ; [0.47906548505208035] ; [0.033278540958733151]
783 ; 1 ; 154 ; 4 ; [2.2281269989231958] ; [3.5043078128908922]
783 ; 1 ; 154 ; 5 ; [0.077910895393401888] ; [2.0713321902651343]
783 ; 1 ; 154 ; 6 ; [0.095338444918351362] ; [2.9923594340932769]
783 ; 1 ; 154 ; 10 ; [1.0769246583469922] ; [1.3205010555494185]
783 ; 1 ; 154 ; 11 ; [2.7721286226552762] ; [3.3415367368882629]
783 ; 1 ; 154 ; 12 ; [0.59193633981355664] ; [0.48725666686615193]
783 ; 1 ; 154 ; 14 ; [5.2130825296383092] ; [2.5381536588766238]
783 ; 1 ; 154 ; 16 ; [1.7330445339972684] ; [-0.0020587943395929563]
783 ; 1 ; 154 ; 22 ; [0.10463021390248163] ; [2.1813400721375213]
783 ; 1 ; 154 ; 23 ; [0.087443682054177768] ; [2.2900415071269111]
783 ; 1 ; 155 ; 0 ; [0.28884325832739982] ; [0.045428174523241611]
783 ; 1 ; 155 ; 1 ; [0.74336219101584455] ; [0.11346663879273337]
783 ; 1 ; 157 ; 0 ; [-0.0022906970568772793] ; [0.26602772233965372]
783 ; 1 ; 157 ; 4 ; [0.16815444097852641] ; [-0.003029789506433012]
783 ; 1 ; 157 ; 6 ; [0.22140950330373438] ; [0.028441140961514573]
783 ; 1 ; 157 ; 7 ; [0.68182338838682854] ; [0.32301218256211484]
783 ; 1 ; 158 ; 0 ; [0.099013149643503606, 0.10546756360956827] ; [0.46635633247655828, 0.30660736791381049]
783 ; 1 ; 158 ; 1 ; [1.4449601246757229] ; [0.15422412932760818]
783 ; 1 ; 159 ; 0 ; [0.5378267381352988] ; [0.50931275351524075]
783 ; 1 ; 159 ; 1 ; [1.1034205781442643] ; [0.092921172879704889]
783 ; 1 ; 159 ; 3 ; [0.050246749017710819] ; [0.99639149811395833]
783 ; 1 ; 159 ; 4 ; [1.7279834841723072] ; [0.54306543049972555]
783 ; 1 ; 160 ; 0 ; [0.36392703926403741] ; [0.54000627881383734]
783 ; 1 ; 160 ; 1 ; [0.2162827168954527] ; [0.52298894524470585]
783 ; 1 ; 160 ; 2 ; [0.78287316617134561] ; [0.48487072435549861]
783 ; 1 ; 160 ; 14 ; [0.42723542236304107] ; [0.65064174682063824]
783 ; 1 ; 161 ; 0 ; [1.7158357201949108, 0.63909872831915349, 0.7792512889118024, 0.4718005600675606] ; [0.22517337367189053, 0.71500394298929815, 0.78891696646757958, 0.40853090067576447]
783 ; 1 ; 161 ; 1 ; [0.10396108512405938] ; [0.25113658602606653]
783 ; 1 ; 162 ; 0 ; [0.38439835503263714] ; [0.90089674078051918]
783 ; 1 ; 162 ; 1 ; [-0.00014062613475292375] ; [1.2243830780099481]
783 ; 1 ; 162 ; 6 ; [0.00025456538718897695] ; [0.6730866775717832]
783 ; 1 ; 163 ; 0 ; [0.66857206197606489] ; [0.56330283377677426]
783 ; 1 ; 163 ; 1 ; [0.11371529897438547] ; [0.57206382643093989]
783 ; 1 ; 163 ; 3 ; [-0.030359863584631643, -0.006044035714667698] ; [0.065679804803198127, 0.020330293565200341]
783 ; 1 ; 164 ; 0 ; [0.00088212989810870096] ; [-0.0054614902834562639]
783 ; 1 ; 164 ; 1 ; [0.1889926349702957] ; [0.49219564993624265]
783 ; 1 ; 164 ; 2 ; [1.1709371857596] ; [0.28613419079931435]
783 ; 1 ; 165 ; 0 ; [0.33097124362397001, 0.51454565028297516, 1.4833177386190481] ; [0.30706939210930512, 0.59569412326372995, 0.32073702907535739]
783 ; 1 ; 166 ; 0 ; [0.46374834639327428] ; [0.18174037544260596]
783 ; 1 ; 167 ; 0 ; [0.25513047377002834] ; [0.5065781572151572]
783 ; 1 ; 169 ; 0 ; [0.43857956694570199] ; [0.33843305484555414]
783 ; 1 ; 169 ; 1 ; [1.3663457904132941] ; [1.3190220159885595]
783 ; 1 ; 170 ; 0 ; [0.38953546240358011, 0.052761590101863133] ; [0.35024208356698872, 0.2542741470138537]
783 ; 1 ; 172 ; 0 ; [0.031499614453041003, 0.01025564040390845] ; [0.75483352279700933, 0.77571278471600102]
783 ; 1 ; 173 ; 1 ; [0.71870202389228643] ; [0.78216689617364554]
783 ; 1 ; 174 ; 0 ; [0.35668049054949924] ; [2.3140161029462121]
783 ; 1 ; 174 ; 1 ; [1.7946673109448659] ; [2.3639663214004005]
783 ; 1 ; 174 ; 2 ; [1.3873177653488273] ; [3.2109894863884478]
783 ; 1 ; 174 ; 3 ; [1.3328233829816281] ; [2.1610425341588462]
783 ; 1 ; 174 ; 4 ; [3.358079938125146] ; [1.3035131007992435]
783 ; 1 ; 174 ; 7 ; [0.027141059637884483] ; [2.4445851414023205]
783 ; 1 ; 175 ; 0 ; [0.40125217093235693] ; [0.22278556863601809]
783 ; 1 ; 175 ; 1 ; [0.49095944864571517] ; [0.46684853704579071]
783 ; 1 ; 176 ; 1 ; [0.084147252350193991] ; [0.20379853047600213]
783 ; 1 ; 177 ; 0 ; [3.9559734744009996] ; [6.0671303357681019]
783 ; 1 ; 177 ; 1 ; [0.99711477474326726, 3.9098289797289603] ; [1.5551393728330771, 3.8099740753610676]
783 ; 1 ; 177 ; 2 ; [1.4491687023634956] ; [3.3603081347726373]
783 ; 1 ; 177 ; 3 ; [0.98952532010845162] ; [2.1902956952033557]
783 ; 1 ; 177 ; 5 ; [2.5748089336165312] ; [3.6833385984556677]
783 ; 1 ; 177 ; 6 ; [1.8070578162332616] ; [1.4251770213999568]
783 ; 1 ; 177 ; 7 ; [2.8854749498149821] ; [2.2390934180358104]
783 ; 1 ; 177 ; 8 ; [2.2408828464264006] ; [4.5614569140961674]
783 ; 1 ; 177 ; 13 ; [0.11031844869488121] ; [1.9666046748257173]
783 ; 1 ; 177 ; 17 ; [5.6381734318801504] ; [2.54066502658877]
783 ; 1 ; 178 ; 0 ; [0.61050249562495273] ; [0.3329507691347473]
783 ; 1 ; 178 ; 2 ; [0.075323375420177474] ; [0.04377561938618299]
783 ; 1 ; 179 ; 0 ; [0.55107288681003863] ; [-0.094282588056303906]
783 ; 1 ; 180 ; 1 ; [0.17149144170240668] ; [0.22319468925217742]
783 ; 1 ; 180 ; 3 ; [0.61443376804374106] ; [1.3453231367280634]
783 ; 1 ; 180 ; 6 ; [0.21315526854511035] ; [0.26792932740215353]
783 ; 1 ; 181 ; 2 ; [0.12495021178834824] ; [0.25043406464563173]
783 ; 1 ; 181 ; 3 ; [0.12935292984530428] ; [0.83203091221989767]
783 ; 1 ; 182 ; 0 ; [0.83519536735893141] ; [-0.020459919627085432]
783 ; 1 ; 182 ; 2 ; [2.5012071484896334] ; [1.8972224974095515]
783 ; 1 ; 182 ; 3 ; [0.072443266169103612] ; [1.214274682658036]
783 ; 1 ; 182 ; 5 ; [0.23755373664847296] ; [1.68315504329136]
783 ; 1 ; 182 ; 7 ; [0.0046506403742314923] ; [1.596146371112366]
783 ; 1 ; 182 ; 12 ; [0.50385570344379371] ; [0.47734469792732526]
783 ; 1 ; 182 ; 22 ; [1.6086319883932638] ; [1.9303778410706329]
783 ; 1 ; 182 ; 23 ; [0.15664955750779341] ; [1.8908679049097721]
783 ; 1 ; 182 ; 24 ; [0.00088621766464230974] ; [1.4080123272734109]
783 ; 1 ; 183 ; 1 ; [0.52594354500898877] ; [0.49628333691434318]
783 ; 1 ; 183 ; 3 ; [0.046603445981914238] ; [-0.0011607740721679639]
783 ; 1 ; 184 ; 0 ; [5.4359049212844957] ; [1.2373192193676137]
783 ; 1 ; 184 ; 9 ; [3.6852401533526091] ; [2.7945698034767856]
783 ; 1 ; 184 ; 10 ; [0.19569074917265736] ; [1.0137999139723]
783 ; 1 ; 184 ; 14 ; [0.16994455811667802] ; [0.033197292126490432]
783 ; 1 ; 186 ; 0 ; [1.6213954757792159] ; [0.10294425242629492]
783 ; 1 ; 186 ; 1 ; [0.8168253460571353] ; [0.48247435995607363]
783 ; 1 ; 186 ; 3 ; [0.42145952023896394] ; [0.16861056461028198]
783 ; 1 ; 186 ; 4 ; [0.017653388513798485] ; [1.3968720579495957]
783 ; 1 ; 186 ; 5 ; [0.052400010687787595] ; [0.61688495260302378]
783 ; 1 ; 187 ; 0 ; [0.13059358499611165] ; [0.14192319387610369]
783 ; 1 ; 187 ; 1 ; [0.26666837675296584] ; [0.34767724094934627]
783 ; 1 ; 188 ; 0 ; [0.20502593188019719] ; [0.32011678156526374]
783 ; 1 ; 188 ; 2 ; [0.25084224228013169] ; [8.6647065279548503]
783 ; 1 ; 188 ; 3 ; [1.5302255764410184] ; [5.3430813213990556]
783 ; 1 ; 189 ; 0 ; [33.451695920317505] ; [0.36212798026849224]
783 ; 1 ; 190 ; 0 ; [0.8622903443194414] ; [0.56361839809593239]
783 ; 1 ; 191 ; 0 ; [0.0042314613062427505, 1.0543594899908373] ; [0.72795836206589859, 0.20431486765807538]
783 ; 1 ; 191 ; 1 ; [0.40072268155635671] ; [0.39101634504312149]
783 ; 1 ; 192 ; 0 ; [0.31485289970903757] ; [0.13653142432000581]
783 ; 1 ; 192 ; 1 ; [-0.0002493454429626506, 0.13484078955861417] ; [0.13184441773880562, 0.016434436499498564]
783 ; 1 ; 192 ; 5 ; [0.30239648473480618] ; [0.020616212332875302]
783 ; 1 ; 193 ; 0 ; [0.42518652861760325] ; [0.3881526707814052]
783 ; 1 ; 193 ; 1 ; [0.17907767172891434] ; [-0.0011912564757356934]
783 ; 1 ; 193 ; 2 ; [0.033714946827425804] ; [0.017006148831900648]
783 ; 1 ; 193 ; 4 ; [-0.0022712148987144342] ; [0.41741414116928521]
783 ; 1 ; 194 ; 0 ; [0.041461696295060448] ; [0.0243307937720663]
783 ; 1 ; 194 ; 1 ; [0.099272907967079868] ; [-0.017013296911493454]
783 ; 1 ; 194 ; 2 ; [0.14425588175054219] ; [0.014312235685453525]
783 ; 1 ; 195 ; 4 ; [1.3229489555917797] ; [1.5203171502134505]
783 ; 1 ; 195 ; 14 ; [2.0324087614658155] ; [1.752515686510792]
783 ; 1 ; 197 ; 0 ; [0.38644307038595588, 0.2012845649924028, 0.0054230883238115431] ; [0.35060586013290346, 0.98370850921274944, 0.35631311256696468]
783 ; 1 ; 197 ; 1 ; [0.2765483966636979] ; [0.6760358245815471]
783 ; 1 ; 198 ; 0 ; [0.03628652997266428, 0.025010564810705228, 0.037792946506532525, -0.0071110208408797356] ; [0.10392821239120932, 0.3549702645956565, 0.25681724953670304, -0.093884520900582441]
783 ; 1 ; 199 ; 0 ; [0.46030052160254892] ; [0.3424389611216187]
783 ; 1 ; 199 ; 3 ; [0.47897996397813031] ; [0.056710772925659049]
783 ; 1 ; 199 ; 4 ; [0.69564302063897587] ; [0.17517733424518933]
783 ; 1 ; 199 ; 5 ; [2.2635062799366157] ; [0.55577090597335821]
783 ; 1 ; 199 ; 6 ; [0.72146549375004798] ; [0.23636803564015493]
783 ; 1 ; 199 ; 7 ; [1.2806789706564914] ; [2.7321633385170578]
783 ; 1 ; 199 ; 10 ; [0.55019295732464291] ; [2.4535027816404069]
783 ; 1 ; 199 ; 11 ; [1.9839061284486943] ; [0.86299347732429377]
783 ; 1 ; 200 ; 0 ; [0.078173819219317028] ; [0.95155707295993897]
783 ; 1 ; 200 ; 1 ; [0.011247591743717658] ; [0.13413779043607504]
783 ; 1 ; 200 ; 3 ; [0.00066631481513143803] ; [2.6421899446231669]
783 ; 1 ; 200 ; 4 ; [1.9506043434610671] ; [1.3208293587897009]
783 ; 1 ; 201 ; 5 ; [0.059181322210999109] ; [1.6751365519570851]
783 ; 1 ; 202 ; 0 ; [0.61604728476796622, 0.80263830664971902] ; [0.32383594660107567, 0.60126905461394364]
783 ; 1 ; 204 ; 0 ; [0.091023155613836823] ; [0.095889006440897817]
783 ; 1 ; 205 ; 0 ; [2.9870254818094968, 0.15868191458537104] ; [0.17504273531199988, 0.22008543226032007]
783 ; 1 ; 205 ; 2 ; [0.24325726338500711] ; [-0.042928957508188446]
783 ; 1 ; 206 ; 0 ; [0.89407968737019283, 0.14876239229182239] ; [-0.035446878707685904, -0.062264379838908396]
783 ; 1 ; 206 ; 1 ; [0.013678516243962595] ; [0.52578680716946824]
783 ; 1 ; 206 ; 2 ; [0.34755070717615177] ; [-0.13459045088033053]
783 ; 1 ; 207 ; 0 ; [0.89299929717005877, 1.3836058720944626] ; [0.90306236796426997, 0.57301215574056719]
783 ; 1 ; 210 ; 0 ; [0.097238867605887583] ; [0.1736691474037772]
783 ; 1 ; 210 ; 3 ; [0.26454012856303766] ; [0.077188991437665014]
783 ; 1 ; 210 ; 4 ; [0.35091799377491817] ; [0.79092168740265012]
783 ; 1 ; 210 ; 5 ; [0.3325313627057136] ; [3.014032427743714]
783 ; 1 ; 210 ; 6 ; [1.1530800820587324] ; [0.99027281427434044]
783 ; 1 ; 210 ; 7 ; [0.25881150054574287] ; [0.062308469206080311]
783 ; 1 ; 211 ; 0 ; [0.25624175984151537] ; [0.40228382587547318]
783 ; 1 ; 211 ; 1 ; [0.072444520692117112] ; [1.3101996470811925]
783 ; 1 ; 211 ; 2 ; [-0.0007589166824000128] ; [0.0026622264910778643]
783 ; 1 ; 211 ; 3 ; [0.079538724219908249] ; [0.62381891657039401]
783 ; 1 ; 213 ; 0 ; [0.37780030323915204] ; [0.33504982293889507]
783 ; 1 ; 213 ; 4 ; [1.1374139829845475] ; [1.5158768886944076]
783 ; 1 ; 214 ; 1 ; [0.34183997358422608] ; [1.338775090576573]
783 ; 1 ; 214 ; 2 ; [2.3263301141867969] ; [1.4728209560814942]
783 ; 1 ; 214 ; 5 ; [3.4527260969833389] ; [0.85650761468838343]
783 ; 1 ; 215 ; 0 ; [0.064230654446276486, 0.051155866767718848, 0.12611549638815586] ; [0.10275470493489863, 0.21747680129123362, 0.078538261214145838]
783 ; 1 ; 216 ; 0 ; [0.23951672637162416, 0.65659370199100731] ; [0.6881336827616632, 0.65016244224285125]
783 ; 1 ; 216 ; 1 ; [0.48053975063684939] ; [0.4802461482471983]
783 ; 1 ; 217 ; 0 ; [0.14332516650309488] ; [0.39334937308255774]
783 ; 1 ; 218 ; 0 ; [0.36856069545021014] ; [0.41775571195353739]
783 ; 1 ; 218 ; 1 ; [0.78987263006056951] ; [0.0062988958650445417]
783 ; 1 ; 218 ; 2 ; [0.93936147824654248] ; [0.070212805944652748]
783 ; 1 ; 218 ; 4 ; [0.11198360243317511] ; [2.1889407812228123]
783 ; 1 ; 218 ; 5 ; [0.3053979482609282] ; [0.0079545997839624884]
783 ; 1 ; 218 ; 6 ; [0.14019897040368881] ; [0.017969014981401025]
783 ; 1 ; 218 ; 7 ; [0.60937199472586412, 0.052533724560628679] ; [0.71136230773834153, 0.61671915111199527]
783 ; 1 ; 219 ; 0 ; [0.42990476694792357, 0.28146800048788029] ; [0.33716619348012139, 0.16109126198160659]
783 ; 1 ; 220 ; 1 ; [1.1363478715949626] ; [0.55503063473406367]
783 ; 1 ; 221 ; 0 ; [0.78542032319962707] ; [0.93758138521199663]
783 ; 1 ; 221 ; 2 ; [0.37176042308030344] ; [0.036236641319342046]
783 ; 1 ; 221 ; 3 ; [1.1352109140193072] ; [0.77042937159049718]
783 ; 1 ; 221 ; 5 ; [0.19401800862687557] ; [0.19688821883880508]
783 ; 1 ; 222 ; 0 ; [-0.010905795209914648, 0.019946192750077928, -0.007674328023773918] ; [0.31287191215550408, 0.32133827294648054, 0.077620965954096455]
783 ; 1 ; 223 ; 0 ; [0.075301553953314712] ; [1.6898607906366192]
783 ; 1 ; 223 ; 1 ; [0.05590597690318426] ; [2.6533496504047056]
783 ; 1 ; 224 ; 0 ; [-0.0047461483282619319, 0.064830759229693169, -0.01576420271770251] ; [0.61865749524148839, 0.48417700895629256, 0.36031005427858559]
783 ; 1 ; 224 ; 1 ; [0.011074674830318253] ; [0.57856121898015811]
783 ; 1 ; 225 ; 0 ; [1.0160289757160621] ; [0.77348924998838431]
783 ; 1 ; 225 ; 1 ; [0.18910436098620981] ; [0.11672442553285137]
783 ; 1 ; 225 ; 2 ; [0.36535827715181796] ; [0.39086817066651214]
783 ; 1 ; 225 ; 4 ; [0.76985996361832965] ; [0.52938248266654675]
783 ; 1 ; 225 ; 5 ; [0.25711328720946108] ; [0.32311436690580564]
783 ; 1 ; 226 ; 0 ; [0.051530831510288089] ; [0.055487111804495309]
783 ; 1 ; 227 ; 0 ; [0.45340789597950981, 1.261424205193207] ; [0.49813845787093164, 1.4544971018841433]
783 ; 1 ; 228 ; 0 ; [1.644611865576419] ; [1.8323362472109193]
783 ; 1 ; 228 ; 1 ; [1.1255209980320122] ; [1.7290511098389572]
783 ; 1 ; 228 ; 3 ; [1.6919602642622997] ; [1.4443879084577831]
783 ; 1 ; 228 ; 4 ; [0.11613120197785592] ; [1.2614288235592102]
783 ; 1 ; 228 ; 5 ; [2.3119114235007796] ; [2.0765124790759963]
783 ; 1 ; 228 ; 6 ; [1.4078883851417487] ; [2.2335341113498548]
783 ; 1 ; 228 ; 7 ; [2.0416955262878895] ; [1.4952274403767161]
783 ; 1 ; 228 ; 9 ; [1.4537509904924941] ; [1.7320330051789909]
783 ; 1 ; 229 ; 2 ; [0.68661041570990466] ; [0.77032019070575941]
783 ; 1 ; 229 ; 3 ; [1.926015441322966] ; [1.6789002999464859]
783 ; 1 ; 229 ; 6 ; [1.8827871189872152] ; [0.27314010391626303]
783 ; 1 ; 229 ; 12 ; [1.3122008064532735, 1.7833946887993066] ; [0.36051818068338148, 0.3640668076462229]
783 ; 1 ; 229 ; 14 ; [1.8909514849344888] ; [1.2963816322418342]
783 ; 1 ; 229 ; 16 ; [1.0394252167106204] ; [2.0253351766166841]
783 ; 1 ; 229 ; 23 ; [1.5324616876780659] ; [1.3831853623067272]
783 ; 1 ; 230 ; 0 ; [0.27455065036005605, -0.03181354284364004] ; [0.65425983639589091, 0.40013803711456197]
783 ; 1 ; 231 ; 0 ; [0.14802886624156814, 2.9936511576848073] ; [0.57751574950508522, 0.28294595499986047]
783 ; 1 ; 231 ; 1 ; [0.58667506770677058] ; [-0.24334350953816125]
783 ; 1 ; 232 ; 0 ; [0.005600647389422125] ; [0.57058253969117401]
783 ; 1 ; 232 ; 1 ; [0.0080754263839879579] ; [0.040362412845616591]
783 ; 1 ; 232 ; 3 ; [0.021699902762719745] ; [0.31949639019958981]
783 ; 1 ; 233 ; 0 ; [0.4482495330210971] ; [0.12782427212647884]
783 ; 1 ; 233 ; 1 ; [0.093669836312653701] ; [-0.035361225277685732]
783 ; 1 ; 233 ; 2 ; [1.3430752794851766] ; [0.086194941888779339]
783 ; 1 ; 233 ; 4 ; [0.59649919842903865] ; [-0.00044106565695184468]
783 ; 1 ; 234 ; 0 ; [0.23955936670985647, 0.16386863226934542] ; [0.52579629229634628, 0.35063446915499569]
783 ; 1 ; 235 ; 2 ; [0.33502775521043865] ; [0.51053939418719929]
783 ; 1 ; 235 ; 3 ; [0.0023688250722573088] ; [1.0321411213881928]
783 ; 1 ; 237 ; 0 ; [-0.0061159127002788118, 0.012350643449966616, 0.0026594435651808297] ; [0.019719123153131801, 0.1801763641998527, 0.426912873324237]
783 ; 1 ; 239 ; 0 ; [0.37815250679082563] ; [0.35336908092785935]
783 ; 1 ; 239 ; 1 ; [0.032163866927748849] ; [2.9896638836126188]
783 ; 1 ; 240 ; 1 ; [0.010290719239571072] ; [0.28155407394245852]
783 ; 1 ; 240 ; 2 ; [0.20434318967879578] ; [0.23627057133289203]
783 ; 1 ; 241 ; 0 ; [1.043376563371875] ; [0.068382788942020795]
783 ; 1 ; 241 ; 1 ; [0.2329669248702616] ; [0.24865022608935342]
783 ; 1 ; 241 ; 2 ; [0.75095771522086641] ; [0.14173188549768287]
783 ; 1 ; 241 ; 3 ; [0.63031027887942903] ; [0.40752305613470685]
783 ; 1 ; 241 ; 4 ; [2.4164134268498918] ; [0.30127014378516803]
783 ; 1 ; 241 ; 6 ; [0.028767061025414781] ; [2.7109913436894377]
783 ; 1 ; 242 ; 0 ; [-0.0030283891023086922, 0.0050297632573064067, 0.060058691430391671, -0.011702810228621813] ; [0.15711809982060593, 0.20512537664332123, 0.30222713568490661, 0.14876086246148074]
783 ; 1 ; 243 ; 0 ; [1.3080556967617001, 0.068060827418021372] ; [0.01904883854790013, 0.97708673192368667]
783 ; 1 ; 243 ; 2 ; [0.86196194825016426] ; [0.63675982484813709]
783 ; 1 ; 243 ; 3 ; [0.52258957991286181] ; [1.1041249539378735]
783 ; 1 ; 244 ; 0 ; [0.52842278394891995] ; [2.1964703117751383]
783 ; 1 ; 244 ; 1 ; [1.3595284616538184] ; [1.5880535901991186]
783 ; 1 ; 244 ; 2 ; [7.9536746666766955] ; [-0.0079388677869009459]
783 ; 1 ; 244 ; 4 ; [0.39956710090283054] ; [1.2621043275057469]
783 ; 1 ; 244 ; 8 ; [-0.0088977380446317502, -0.016850723530208857] ; [0.90123455277945519, 0.69103543924637523]
783 ; 1 ; 245 ; 0 ; [0.35024082890379193, 0.15338973274846016] ; [0.57236204574637306, 0.35533323263038308]
783 ; 1 ; 246 ; 0 ; [0.39412648008820428] ; [0.35898827656162907]
783 ; 1 ; 247 ; 1 ; [0.69719773598305079] ; [3.1972971741346106]
783 ; 1 ; 247 ; 3 ; [2.6785435408678442] ; [1.3357415049491934]
783 ; 1 ; 247 ; 4 ; [3.3008669093842604] ; [2.516550983307376]
783 ; 1 ; 247 ; 5 ; [0.40343746699965072] ; [1.1438189071619955]
783 ; 1 ; 247 ; 13 ; [0.63131813501984912] ; [1.1201350709783544]
783 ; 1 ; 247 ; 16 ; [2.6708363879807062] ; [2.9615267072563927]
783 ; 1 ; 247 ; 20 ; [0.52352549705403906] ; [2.5214210440240832]
783 ; 1 ; 248 ; 0 ; [0.14071604416972844] ; [-0.12537213284608154]
783 ; 1 ; 248 ; 1 ; [0.069566870301550801] ; [0.83639105102250577]
783 ; 1 ; 249 ; 0 ; [0.074738342274522876] ; [-0.004459054658826885]
783 ; 1 ; 249 ; 1 ; [-0.0037291326738024171] ; [0.0019966743093343606]
783 ; 1 ; 250 ; 0 ; [1.4299512574264854] ; [1.0386227296118433]
783 ; 1 ; 250 ; 2 ; [0.4260648917026677] ; [0.076885333209602447]
783 ; 1 ; 250 ; 3 ; [0.26172981873724821] ; [1.2147445384295765]
783 ; 1 ; 250 ; 6 ; [3.3743416591979787] ; [0.23719816407506117]
783 ; 1 ; 251 ; 0 ; [0.29748472165713258] ; [0.68275484181575463]
783 ; 1 ; 251 ; 1 ; [-0.0046787886325453665] ; [-0.02887617987171593]
783 ; 1 ; 252 ; 0 ; [0.11603834019401994, 0.0075091546810965191, 0.36650630727338723] ; [1.3066742858088665, 0.42397688280106327, 0.38414127712319923]
783 ; 1 ; 252 ; 1 ; [8.4706184038618293] ; [0.15557133147235944]
783 ; 1 ; 252 ; 3 ; [0.066849584546982213] ; [3.254618086175463]
783 ; 1 ; 254 ; 0 ; [0.22712610804594294] ; [0.30041175359542932]
783 ; 1 ; 254 ; 2 ; [0.73072459688995872] ; [0.87902902286968165]
783 ; 1 ; 254 ; 6 ; [2.6898179162331628] ; [1.5016063175135714]
783 ; 1 ; 254 ; 7 ; [0.041471155271643634] ; [1.0339749490285017]
783 ; 1 ; 254 ; 10 ; [1.3878061828884092] ; [1.2053631211902658]
783 ; 1 ; 255 ; 1 ; [0.36987696557849487, 0.49052134849996271] ; [0.36082346101104135, 0.60489324242995479]
783 ; 1 ; 255 ; 2 ; [0.069109259561574779] ; [-0.011296004389291779]
783 ; 1 ; 256 ; 1 ; [0.26540411351563714, 0.64120452735882039] ; [0.37497522981682357, 0.6219294736188079]
783 ; 1 ; 257 ; 0 ; [0.3829243769048794, -0.002094343118248214] ; [0.4181151773402329, 0.6054405122157509]
783 ; 1 ; 259 ; 0 ; [0.019303506728297781, 0.089402141367231888, 0.12755339031485557] ; [0.35945289117194223, 0.41483575795562982, 0.09408616946535886]
783 ; 1 ; 260 ; 0 ; [0.65507060363842262] ; [0.27890076911306672]
783 ; 1 ; 260 ; 1 ; [0.024747648317535651] ; [3.5683742054573759]
783 ; 1 ; 261 ; 0 ; [0.16195365146767748, 0.12091772019898371, 0.084018318384323998, 0.015907032093742828] ; [0.25945429266139097, 0.5746618416316277, 0.11104425368018728, -0.22166396511257949]
783 ; 1 ; 261 ; 1 ; [0.00084058752300212409, 0.047712223924065163] ; [0.34282888339587658, 0.47816022855744034]
783 ; 1 ; 261 ; 3 ; [0.24089139658512071] ; [0.063678672641238387]
783 ; 1 ; 262 ; 0 ; [0.21001457512609986] ; [0.37557480699844459]
783 ; 1 ; 262 ; 1 ; [0.21899673567554592] ; [0.321783107741071]
783 ; 1 ; 262 ; 6 ; [0.20052789432154219] ; [0.2245818998145]
783 ; 1 ; 263 ; 0 ; [0.15431328979997258] ; [0.039487422808610867]
783 ; 1 ; 263 ; 1 ; [1.9304397331759064] ; [0.40617342273384965]
783 ; 1 ; 263 ; 2 ; [0.78042269901256955] ; [0.44543241757076379]
783 ; 1 ; 263 ; 3 ; [0.085434079428629767] ; [2.9226735227374427]
783 ; 1 ; 264 ; 0 ; [0.61159027100308683] ; [0.12693721044063586]
783 ; 1 ; 264 ; 3 ; [1.3211267807554297] ; [3.3373245691967699]
783 ; 1 ; 264 ; 4 ; [0.029527407569585745] ; [1.0470308606699958]
783 ; 1 ; 264 ; 10 ; [0.48940762260483395] ; [0.45536204772573446]
783 ; 1 ; 265 ; 0 ; [0.94705189511101806] ; [0.33732491760982219]
783 ; 1 ; 265 ; 1 ; [0.43274760174136218] ; [0.40382975853735104]
783 ; 1 ; 265 ; 3 ; [2.4042867531960281] ; [0.38187519074616277]
783 ; 1 ; 265 ; 5 ; [0.021756256815711274] ; [1.0228109125540814]
783 ; 1 ; 268 ; 0 ; [0.0022838998014772034] ; [-7.6569627468749598e-05]
783 ; 1 ; 269 ; 0 ; [0.21475574344401197] ; [-0.0065838686569318593]
783 ; 1 ; 269 ; 2 ; [-0.13132274287956797] ; [-0.022571186635951701]
783 ; 1 ; 271 ; 9 ; [0.17406843204772793] ; [1.2195153013381572]
783 ; 1 ; 272 ; 0 ; [0.17269831711992542] ; [0.15889799193553136]
783 ; 1 ; 274 ; 0 ; [0.090173557604112178, 0.12489270697875719] ; [0.37062044887502615, 0.85321108177544724]
783 ; 1 ; 275 ; 0 ; [0.22583237991141777] ; [0.24987404279921752]
783 ; 1 ; 275 ; 1 ; [0.031713637541882694, 0.021141412998895048, 0.074451965266113029, -0.017469160398289444] ; [0.34226348250103111, 0.7951541767841549, 0.38868580514547957, 0.16208763899053605]
783 ; 1 ; 277 ; 2 ; [2.2654370014225957] ; [2.4186671810743565]
783 ; 1 ; 277 ; 5 ; [1.8394855601907509] ; [1.2203181243770045]
783 ; 1 ; 278 ; 0 ; [0.23599571072766046] ; [0.56507877302586107]
783 ; 1 ; 278 ; 1 ; [1.4635002040543346] ; [0.44227748768886099]
783 ; 1 ; 278 ; 2 ; [1.1866405430628828] ; [-0.012519065214634331]
783 ; 1 ; 279 ; 0 ; [1.813009910494491] ; [0.7824443437430415]
783 ; 1 ; 279 ; 1 ; [3.9620478937948076] ; [0.53512750747013682]
783 ; 1 ; 279 ; 2 ; [0.66053573342069183] ; [0.25763810364887407]
783 ; 1 ; 279 ; 6 ; [0.43552907343477132] ; [0.0074915901252553445]
783 ; 1 ; 280 ; 0 ; [0.085930327933590525, 0.00944386902393567] ; [0.12178986453762673, 0.18864304264976769]
783 ; 1 ; 280 ; 2 ; [0.97821639862153242] ; [1.7687547313256513]
783 ; 1 ; 280 ; 3 ; [0.50168466322799354] ; [0.78971021447666301]
783 ; 1 ; 280 ; 4 ; [1.006296126426385] ; [2.8789535892340705]
783 ; 1 ; 280 ; 6 ; [1.1565571166077413] ; [0.81027457902169653]
783 ; 1 ; 280 ; 8 ; [0.16199524968675483] ; [2.1205055364995271]
783 ; 1 ; 280 ; 13 ; [0.54988399458224235] ; [1.1202057935695662]
783 ; 1 ; 280 ; 16 ; [1.180495722448399] ; [2.7789134192428273]
783 ; 1 ; 280 ; 17 ; [0.88481480773460275] ; [0.3879146881743803]
783 ; 1 ; 281 ; 0 ; [0.67191842919657352] ; [0.70623733384259457]
783 ; 1 ; 283 ; 0 ; [0.11786925883585507] ; [0.5960159209766438]
783 ; 1 ; 283 ; 1 ; [0.293743985430518] ; [-0.011984228789865447]
783 ; 1 ; 284 ; 0 ; [0.52966936949198484, 0.77431129081105121] ; [-0.001745428242219218, 0.23715905262501424]
783 ; 1 ; 284 ; 2 ; [0.97635424708565688] ; [3.2077139343151182]
783 ; 1 ; 284 ; 3 ; [0.30047894905422229] ; [0.50273736057976759]
783 ; 1 ; 284 ; 6 ; [0.39717607924134946] ; [0.75654735872531109]
783 ; 1 ; 284 ; 7 ; [0.59662674146517114] ; [1.693736406077933]
783 ; 1 ; 284 ; 9 ; [0.24714375504826724] ; [0.81007141770169822]
783 ; 1 ; 284 ; 10 ; [3.2957053371209324] ; [1.4429352937208044]
783 ; 1 ; 285 ; 1 ; [-0.0011251460866918558] ; [1.5587899747707121]
783 ; 1 ; 285 ; 3 ; [0.068783553078122547] ; [0.16574365117507966]
783 ; 1 ; 285 ; 4 ; [-0.0057308306223623501] ; [2.6687081522920097]
783 ; 1 ; 285 ; 6 ; [1.6115315505625596] ; [0.15336327311581902]
783 ; 1 ; 285 ; 7 ; [2.2583614864005326] ; [-0.0072930334138214866]
783 ; 1 ; 285 ; 8 ; [3.0301872969547206] ; [2.0633768692695575]
783 ; 1 ; 286 ; 2 ; [0.20840919254413665] ; [1.0385188332696516]
783 ; 1 ; 287 ; 0 ; [0.13712941250655128, 0.18699438696474033, 0.23078403758864813, 0.081837254181894803] ; [0.53255957648408137, 0.26172316601222828, 0.34021934801820131, 0.11505757387169033]
783 ; 1 ; 287 ; 1 ; [0.024019962578058864] ; [0.098771842081470121]
783 ; 1 ; 288 ; 2 ; [1.3914001435976253] ; [1.8633888079141527]
783 ; 1 ; 288 ; 6 ; [0.35687589269110259] ; [1.1016318772025011]
783 ; 1 ; 288 ; 15 ; [0.025075488295315803] ; [-0.0098516758972242401]
783 ; 1 ; 288 ; 17 ; [0.30789262007982821] ; [1.4933661971961656]
783 ; 1 ; 288 ; 18 ; [0.16657181535638349] ; [1.4144704757150117]
783 ; 1 ; 289 ; 0 ; [0.29208213903699509] ; [0.38346477358771569]
783 ; 1 ; 290 ; 0 ; [-0.0026490215106964102, 0.00281715306019594] ; [0.32801322238269304, 0.44734619188228775]
783 ; 1 ; 291 ; 0 ; [0.11390911029069924] ; [0.76527955923880941]
783 ; 1 ; 291 ; 1 ; [0.55508477430126202] ; [0.12042874956913029]
783 ; 1 ; 291 ; 2 ; [1.0675858735347303] ; [2.174369590525187]
783 ; 1 ; 291 ; 5 ; [0.095114279780852767] ; [2.5231906695475046]
783 ; 1 ; 292 ; 0 ; [-0.048490026894334889] ; [0.0068957037791331464]
783 ; 1 ; 294 ; 0 ; [0.052368125222804936] ; [0.0026460952359007375]
783 ; 1 ; 295 ; 0 ; [0.19178244230867178] ; [0.45909803459407789]
783 ; 1 ; 296 ; 0 ; [1.6859812975639445] ; [3.0037152595608552]
783 ; 1 ; 296 ; 1 ; [1.7531052951091042] ; [2.6981164015447652]
783 ; 1 ; 296 ; 4 ; [1.8786108836600659] ; [1.9811257921193115]
783 ; 1 ; 296 ; 6 ; [1.753116808774466] ; [1.6728553008848135]
783 ; 1 ; 296 ; 7 ; [2.2899811699043755] ; [1.8401298923996703]
783 ; 1 ; 296 ; 8 ; [2.4656531128579711] ; [2.3284029033879645]
783 ; 1 ; 296 ; 9 ; [1.8856454072078068] ; [1.5897441631299183]
783 ; 1 ; 296 ; 10 ; [2.570354586732706] ; [0.8823814661378695]
783 ; 1 ; 296 ; 12 ; [1.3432487927519701] ; [1.2916688816353257]
783 ; 1 ; 298 ; 1 ; [0.31393533929689338] ; [0.088384363148893946]
783 ; 1 ; 298 ; 2 ; [-0.066107201208661898] ; [0.1314364746851846]
783 ; 1 ; 298 ; 3 ; [0.033682340710942588] ; [0.074860002294595759]
783 ; 1 ; 301 ; 0 ; [2.8349861937309582] ; [0.47638359920655299]
783 ; 1 ; 301 ; 3 ; [1.5942460638273765] ; [0.25389369828630748]
783 ; 1 ; 301 ; 4 ; [0.68234870425829597] ; [1.897461047817792]
783 ; 1 ; 301 ; 5 ; [1.6907665909719773] ; [0.30832071591561994]
783 ; 1 ; 301 ; 8 ; [0.75165931772409] ; [0.18257653572041654]
783 ; 1 ; 301 ; 20 ; [1.7652089654141732] ; [1.3917063219311463]
783 ; 1 ; 302 ; 0 ; [0.27470173681517396, 0.21274408454816693] ; [0.14716262388107273, 0.1546600355762211]
783 ; 1 ; 302 ; 1 ; [0.28691317088705209] ; [0.2556083596414836]
783 ; 1 ; 303 ; 0 ; [0.91380145615476183] ; [0.11277754155836123]
783 ; 1 ; 304 ; 0 ; [0.57387970564188318] ; [0.41186154864816582]
783 ; 1 ; 304 ; 1 ; [0.039921325599105016] ; [0.32837625640779472]
783 ; 1 ; 304 ; 2 ; [5.4667785915532132] ; [0.0089376971424582011]
783 ; 1 ; 306 ; 0 ; [0.64651581346214415] ; [0.32730609415998041]
783 ; 1 ; 306 ; 1 ; [0.050530802454503247, 0.43168532026130652] ; [0.57594584123123183, 0.344196618946637]
783 ; 1 ; 307 ; 0 ; [0.13746852736411169, 0.20456306159030946, 0.20612470929798485, 0.024202662721493833] ; [0.33207806851855998, 0.53984435523950569, 0.36314482077274846, 0.23426382155403414]
783 ; 1 ; 307 ; 1 ; [0.26333214814249017] ; [0.025032696992521516]
783 ; 1 ; 307 ; 3 ; [-0.0023024358286554713] ; [-0.21053857956023087]
783 ; 1 ; 308 ; 0 ; [1.0995389771771356] ; [0.60966223833644828]
783 ; 1 ; 308 ; 1 ; [0.94338047685565263] ; [0.21856819885778839]
783 ; 1 ; 308 ; 2 ; [0.33562814791763262] ; [-0.28318931700994909]
783 ; 1 ; 308 ; 4 ; [0.23390904174328575] ; [-0.080824695711604194]
783 ; 1 ; 308 ; 5 ; [0.13600757725831997] ; [2.4125782584383217]
783 ; 1 ; 309 ; 0 ; [0.069436766030010574, 0.19477490715505494, 0.30043863862271969] ; [0.49192140993001299, 0.80899125226603552, 0.64002062896874345]
783 ; 1 ; 310 ; 0 ; [1.4358931053772943] ; [0.45171247627666639]
783 ; 1 ; 310 ; 1 ; [0.095502336412497016] ; [0.6209269462340018]
783 ; 1 ; 311 ; 0 ; [0.57261428579839446, 0.63852515270528754, 1.7417413764106049] ; [0.30874671064532178, 0.57549688033581736, 0.25904704338794138]
783 ; 1 ; 312 ; 0 ; [0.61411902143299546] ; [0.81843397977636978]
783 ; 1 ; 312 ; 1 ; [0.15365917467661866] ; [-0.074933066103129192]
783 ; 1 ; 313 ; 2 ; [0.0011126758078802061] ; [1.6563576209107711]
783 ; 1 ; 314 ; 0 ; [0.91642040316058127] ; [0.39045714514851676]
783 ; 1 ; 315 ; 0 ; [0.13624871379083925] ; [1.4968595692551911]
783 ; 1 ; 315 ; 3 ; [1.3917768868282516] ; [1.6822824622878907]
783 ; 1 ; 315 ; 4 ; [0.082405064462402908] ; [1.6153954059462097]
783 ; 1 ; 315 ; 9 ; [4.0343609291426494] ; [1.9177792403285909]
783 ; 1 ; 316 ; 0 ; [2.3413554036837412] ; [0.066980468114960459]
783 ; 1 ; 316 ; 1 ; [7.5804390223717499] ; [2.1734646648172622]
783 ; 1 ; 316 ; 3 ; [0.0037062699465801648] ; [3.6315579238017897]
783 ; 1 ; 316 ; 5 ; [0.066103390577199495] ; [1.3465404921819986]
783 ; 1 ; 316 ; 9 ; [0.033775634868179624] ; [1.0566691017534093]
783 ; 1 ; 317 ; 0 ; [0.41061846877516905, 0.31036658275881213, 2.3160055319739103] ; [0.098619899054537177, 0.3179054950057903, 0.084667186829233201]
783 ; 1 ; 317 ; 1 ; [0.18745547129055787] ; [0.15356599617015104]
783 ; 1 ; 318 ; 0 ; [0.89380358894455259] ; [0.39241857226478594]
783 ; 1 ; 318 ; 1 ; [-0.043518343171831737] ; [-0.032776646870756827]
783 ; 1 ; 321 ; 0 ; [0.098976664928724464] ; [0.20528773485257626]
783 ; 1 ; 322 ; 0 ; [0.063413766283770254] ; [0.24058012312706134]
783 ; 1 ; 322 ; 6 ; [0.22134456801989441] ; [0.0004504895145404525]
783 ; 1 ; 323 ; 0 ; [0.027393574798447892] ; [0.042855509273039889]
783 ; 1 ; 324 ; 0 ; [0.22630081319908113, 0.15687501892321173] ; [0.54428967730309086, 0.057720580897931494]
783 ; 1 ; 324 ; 1 ; [0.078769903279109529] ; [-0.0036082358898900102]
783 ; 1 ; 325 ; 0 ; [0.86076118487809061] ; [2.6831539337501296]
783 ; 1 ; 325 ; 5 ; [1.6580189354024555] ; [1.5799808696682391]
783 ; 1 ; 326 ; 0 ; [0.46539242313054441] ; [0.90597088107309842]
783 ; 1 ; 328 ; 0 ; [0.20461938229776733, 0.017244439693426608] ; [0.021056735725466035, 0.01336498945049812]
783 ; 1 ; 328 ; 2 ; [2.7381683791653089] ; [2.0372667165687091]
783 ; 1 ; 329 ; 0 ; [2.1915269014094267] ; [0.17636995181994028]
783 ; 1 ; 329 ; 1 ; [0.12551880922760897] ; [0.086679761309809644]
783 ; 1 ; 329 ; 3 ; [0.057209007700285398] ; [0.052787261331887575]
783 ; 1 ; 330 ; 0 ; [0.11637807139534588] ; [0.59431277401038485]
783 ; 1 ; 330 ; 1 ; [1.3922475888607833] ; [0.13490340218584432]
783 ; 1 ; 330 ; 4 ; [0.051651780558807613] ; [0.32875034291589567]
783 ; 1 ; 331 ; 0 ; [0.93845651521693374] ; [0.84854713315543051]
783 ; 1 ; 331 ; 2 ; [0.62876488453180368] ; [0.36945199420671432]
783 ; 1 ; 331 ; 3 ; [1.6746736012019072] ; [0.058264176606752191]
783 ; 1 ; 331 ; 4 ; [0.25770215663264462] ; [0.45212924561257822]
783 ; 1 ; 331 ; 5 ; [0.27997939137165839] ; [0.30918417538830206]
783 ; 1 ; 331 ; 9 ; [2.5515222157784305] ; [0.32910190565751496]
783 ; 1 ; 333 ; 0 ; [0.074157018729715959] ; [0.0023160368664131878]
783 ; 1 ; 333 ; 1 ; [0.32896723744430645] ; [0.29656842736919803]
783 ; 1 ; 333 ; 2 ; [2.9612563931150793] ; [0.055045648745901718]
783 ; 1 ; 334 ; 1 ; [-0.0041004553354102493] ; [-0.052473962553572111]