# Run ; Subrun ; Event ; Track ; Charge Ratios View 0 ; Charge Ratios View 1 #
793 ; 0 ; 0 ; 0 ; [0.00028861155911639232, 1.6947625795154331] ; [1.1221159829788514, 0.98033261939497107]
793 ; 0 ; 0 ; 2 ; [1.0085656342707463] ; [0.5191541345687829]
793 ; 0 ; 0 ; 5 ; [1.1012562548148919] ; [0.93819942624601749]
793 ; 0 ; 0 ; 9 ; [0.39343140886933481] ; [0.46723674052572128]
793 ; 0 ; 0 ; 10 ; [0.6857557351693554] ; [2.9832337809031531]
793 ; 0 ; 0 ; 12 ; [0.31861402983360176] ; [1.5079146106014167]
793 ; 0 ; 0 ; 15 ; [0.35716798740863687] ; [1.3863779124587259]
793 ; 0 ; 0 ; 16 ; [1.8311878414667688] ; [1.0442172515925596]
793 ; 0 ; 0 ; 17 ; [0.62239929164446794] ; [1.6237060792802147]
793 ; 0 ; 0 ; 20 ; [0.93526829947840429] ; [0.87201120652021757]
793 ; 0 ; 0 ; 21 ; [1.7593093025831361] ; [0.80857911367097568]
793 ; 0 ; 0 ; 22 ; [4.285989185117633] ; [0.15838679839191402]
793 ; 0 ; 0 ; 26 ; [1.2380773773554077] ; [1.4217128438487978]
793 ; 0 ; 0 ; 28 ; [7.7907373437911724] ; [1.1196656487363608]
793 ; 0 ; 0 ; 29 ; [0.43858232598216096] ; [1.8087273820936975]
793 ; 0 ; 0 ; 33 ; [0.73319175930710179] ; [0.095663904695645507]
793 ; 0 ; 0 ; 39 ; [1.2181521867280201] ; [0.92484201584966919]
793 ; 0 ; 0 ; 40 ; [2.6857061968822942] ; [0.71588710030790303]
793 ; 0 ; 0 ; 42 ; [1.4981874736773453] ; [0.45627840703350747]
793 ; 0 ; 0 ; 43 ; [0.4919079776888019] ; [0.3563360258549903]
793 ; 0 ; 1 ; 0 ; [0.16136952150607836, 0.61522322253879025] ; [0.098700180346144167, 0.18456263620184257]
793 ; 0 ; 1 ; 2 ; [0.71735271495758213] ; [0.040214957619956158]
793 ; 0 ; 1 ; 10 ; [1.4450019260338136] ; [1.4179190205258416]
793 ; 0 ; 1 ; 14 ; [0.73250487199009251] ; [2.0346764371807025]
793 ; 0 ; 1 ; 17 ; [2.6452402905705799] ; [1.3568476559633453]
793 ; 0 ; 1 ; 24 ; [2.8851476441598449] ; [0.60155255966854237]
793 ; 0 ; 1 ; 25 ; [2.8087064179426524] ; [1.090565408424085]
793 ; 0 ; 1 ; 26 ; [0.57680752108828304] ; [1.836378717602873]
793 ; 0 ; 2 ; 0 ; [0.001902174667476353] ; [0.0095756950247974804]
793 ; 0 ; 3 ; 0 ; [0.41455199747800531] ; [0.41449306151739052]
793 ; 0 ; 4 ; 0 ; [0.53580250134350449] ; [0.84385175099238829]
793 ; 0 ; 5 ; 0 ; [0.12237738457870107, -0.004413248235776001, 0.061573321125415977] ; [0.3939516548353153, 0.12235558426272132, -0.11779141935207461]
793 ; 0 ; 6 ; 0 ; [0.30262676968221547, 0.0081575139869048494, 0.57915447940223153] ; [0.37220103826058126, 0.17289396325853179, 1.078101557670839]
793 ; 0 ; 7 ; 0 ; [0.17704620699676302, 0.018851518883679225, 0.044504951581142045] ; [0.24831671394242003, 0.094188543051317367, 0.073794070527106903]
793 ; 0 ; 9 ; 0 ; [1.8179209060367223] ; [0.56955003761668321]
793 ; 0 ; 10 ; 0 ; [0.031100790394500102, 0.10292818017199389] ; [0.21895136328514897, 0.20559367222974587]
793 ; 0 ; 10 ; 3 ; [0.068423340399532892] ; [0.1113886340673436]
793 ; 0 ; 11 ; 0 ; [-0.0078908689346662442, -0.012366298869939162] ; [0.09039866243774819, 0.12067838267194832]
793 ; 0 ; 12 ; 0 ; [0.3828651565025491] ; [0.38122246543129368]
793 ; 0 ; 12 ; 1 ; [0.016066317318666333] ; [2.2944706064369926]
793 ; 0 ; 12 ; 2 ; [0.3283443734408022] ; [0.00050417546835389401]
793 ; 0 ; 13 ; 0 ; [-0.033183329589773831, -0.0028033363631073511, 0.012485861161046361, 0.084942393368506841, 0.54714852070875941] ; [-0.13597541740219823, 0.095648223169307864, 0.15178260482375697, 0.20071550927713155, 0.3501685668680245]
793 ; 0 ; 14 ; 0 ; [0.39332230848841426] ; [0.44066204414857424]
793 ; 0 ; 14 ; 4 ; [0.99761046644784479] ; [0.90550575852551674]
793 ; 0 ; 14 ; 5 ; [0.26564226866106239] ; [0.39538627084070238]
793 ; 0 ; 14 ; 6 ; [0.074403973830124481] ; [0.55314540051042094]
793 ; 0 ; 14 ; 7 ; [0.43693904596162908] ; [0.55523002059713678]
793 ; 0 ; 14 ; 8 ; [0.11654444659221606] ; [0.55831534604603561]
793 ; 0 ; 15 ; 0 ; [0.32233980492642328] ; [0.24364600794168215]
793 ; 0 ; 16 ; 0 ; [0.4817986239581234] ; [0.25436527811522647]
793 ; 0 ; 16 ; 1 ; [0.21228053163594909] ; [0.27350159576634392]
793 ; 0 ; 17 ; 0 ; [0.11256172093859829, -0.013836740260342088, -0.013036595572774359, 0.0057163895330098538] ; [0.2054331342779914, 0.11091329800098232, 0.10677010844384059, 0.068379405838570426]
793 ; 0 ; 17 ; 1 ; [0.014981015547592166] ; [-0.039844495258493838]
793 ; 0 ; 18 ; 0 ; [0.00078884884849776704, 0.0025583881052481014] ; [0.096741044595493556, 0.047989199823665715]
793 ; 0 ; 19 ; 2 ; [1.230158345455109] ; [1.4037192766391713]
793 ; 0 ; 20 ; 0 ; [1.256256771189221] ; [1.0204515619512187]
793 ; 0 ; 20 ; 1 ; [0.89820673606530155] ; [0.99367861241588618]
793 ; 0 ; 20 ; 4 ; [1.5901648111964857] ; [1.7813069003675668]
793 ; 0 ; 20 ; 5 ; [0.6513313744719198] ; [1.3291797720840099]
793 ; 0 ; 22 ; 0 ; [1.5142509648499494] ; [0.35039700013614067]
793 ; 0 ; 22 ; 2 ; [2.0298524060821372] ; [0.1851121532078838]
793 ; 0 ; 22 ; 4 ; [2.3601773845589133] ; [0.27843920718378345]
793 ; 0 ; 22 ; 7 ; [0.90395985237607079] ; [2.3845621791249583]
793 ; 0 ; 22 ; 13 ; [0.8920516648490765] ; [1.4679093439893662]
793 ; 0 ; 23 ; 0 ; [0.21933996974369613] ; [0.35123624066030962]
793 ; 0 ; 24 ; 0 ; [0.14814641708645424] ; [0.045227420690348262]
793 ; 0 ; 25 ; 0 ; [0.16939969218677475, 0.045759210872880041] ; [0.16419663451972072, 0.037838767700963075]
793 ; 0 ; 26 ; 0 ; [0.0074811671202748061, 0.020849576034097254, 0.039264842719720978] ; [0.19356142703741966, 0.43118721156517381, -0.013697809061885162]
793 ; 0 ; 27 ; 0 ; [0.0015337670193006265, -0.0017056554529253762, 0.055238555567242671, -0.0065449822852259292, -0.0026278426550437003] ; [0.10829761105448303, 0.0705855341696945, 0.13818127573413272, 0.15082617302636542, 0.022944351113982537]
793 ; 0 ; 28 ; 0 ; [0.08195137586840677, 0.27200152242649384] ; [0.088828341166799329, 0.054301692348437382]
793 ; 0 ; 28 ; 1 ; [0.14527568690173642, 0.89744663983712236] ; [0.0072080848531178906, -0.0017400971287075951]
793 ; 0 ; 28 ; 2 ; [0.046202167566946624] ; [0.17931556897339077]
793 ; 0 ; 28 ; 3 ; [0.28462219462847871] ; [0.2042702559628394]
793 ; 0 ; 29 ; 0 ; [0.014750672264437511, -0.0052186323606178272, 0.065005801783023953] ; [0.14121813286166729, 0.21078150983961483, 0.11349504477685329]
793 ; 0 ; 29 ; 1 ; [0.0066120087634722003] ; [0.084516552071762591]
793 ; 0 ; 30 ; 0 ; [0.022548440984599863] ; [-0.10046737767442983]
793 ; 0 ; 30 ; 1 ; [0.075625765568697725, 0.11806206269454501, 0.083819543004555838] ; [0.1940289788021668, 0.12129074165231571, 0.10779530313865773]
793 ; 0 ; 31 ; 0 ; [0.061624310496106019, 0.016241029820963062] ; [0.13087454638535281, 0.10106868633256431]
793 ; 0 ; 31 ; 1 ; [0.026978961196453204] ; [-0.016055275975121415]
793 ; 0 ; 32 ; 0 ; [0.037354507051670656] ; [0.017800572786285034]
793 ; 0 ; 33 ; 0 ; [0.24359871411645623, 0.14814530428522793, 0.19539113501007338] ; [0.095713327351211991, 0.086588872470108713, 0.11163128115136996]
793 ; 0 ; 34 ; 0 ; [0.53533254029470156] ; [0.51558409085432322]
793 ; 0 ; 35 ; 0 ; [0.05771200432144559] ; [0.039802881606302645]
793 ; 0 ; 35 ; 1 ; [2.4746560832529378] ; [0.96818496181168434]
793 ; 0 ; 35 ; 4 ; [-0.023027988407463972] ; [-0.001390287028958197]
793 ; 0 ; 36 ; 0 ; [0.77747700403825859] ; [4.0589242055965515]
793 ; 0 ; 36 ; 2 ; [1.3353441500436958] ; [1.8149644607198163]
793 ; 0 ; 36 ; 3 ; [2.2328589877205709] ; [1.3876563172318706]
793 ; 0 ; 36 ; 4 ; [2.6407428805511866] ; [2.0900722360178099]
793 ; 0 ; 36 ; 5 ; [1.2054612114293146] ; [0.54948501771966796]
793 ; 0 ; 36 ; 7 ; [1.5162452470741212] ; [1.1150665810952296]
793 ; 0 ; 36 ; 8 ; [1.9560211079708891] ; [1.7054295946404694]
793 ; 0 ; 36 ; 11 ; [2.7248035817563743] ; [2.0082876646606884]
793 ; 0 ; 36 ; 12 ; [1.619103091923457] ; [2.2446086224119011]
793 ; 0 ; 36 ; 13 ; [1.5817044096829522] ; [1.2863603404662589]
793 ; 0 ; 36 ; 15 ; [1.0785485287270513] ; [1.651851823931056]
793 ; 0 ; 36 ; 19 ; [1.7975071150941597] ; [5.2365089179226745]
793 ; 0 ; 36 ; 20 ; [1.9062504835898246] ; [1.4519351546920285]
793 ; 0 ; 36 ; 21 ; [3.3952190337842181] ; [1.2515461357413471]
793 ; 0 ; 36 ; 24 ; [2.1475288765049956] ; [1.2355727854711116]
793 ; 0 ; 36 ; 26 ; [3.9717942516666347] ; [0.86226051319814401]
793 ; 0 ; 36 ; 28 ; [3.8713768776130584] ; [0.5577874694102386]
793 ; 0 ; 36 ; 30 ; [1.5318894861542742] ; [1.0465010403713386]
793 ; 0 ; 36 ; 31 ; [2.350488160141893] ; [1.1523433968919801]
793 ; 0 ; 36 ; 32 ; [3.4086230716997203] ; [1.2045951630121985]
793 ; 0 ; 36 ; 33 ; [1.1732731241323515] ; [3.1825221130688033]
793 ; 0 ; 36 ; 35 ; [1.4800445040115957] ; [5.519260943414225]
793 ; 0 ; 36 ; 37 ; [2.6996093134320631] ; [1.4640200439511186]
793 ; 0 ; 36 ; 38 ; [1.939130783726569] ; [0.45219891312874033]
793 ; 0 ; 36 ; 39 ; [1.9163794635474758] ; [2.6682671747058837]
793 ; 0 ; 36 ; 40 ; [1.7752045846555888] ; [0.65796329608751603]
793 ; 0 ; 36 ; 41 ; [2.0353039147214593] ; [1.7092276695511162]
793 ; 0 ; 36 ; 42 ; [1.7349628060391342] ; [0.83815495352006109]
793 ; 0 ; 36 ; 44 ; [2.313093614485374] ; [2.2820373505561258]
793 ; 0 ; 36 ; 45 ; [1.2382619267363537] ; [1.0333303472196795]
793 ; 0 ; 36 ; 47 ; [0.73551590691081237] ; [0.66008391654990983]
793 ; 0 ; 36 ; 48 ; [1.4311897246200609] ; [4.0253308866368798]
793 ; 0 ; 36 ; 49 ; [1.7606231204620275] ; [3.186421021110351]
793 ; 0 ; 36 ; 50 ; [1.6424568768187453] ; [1.2118280997529027]
793 ; 0 ; 36 ; 51 ; [2.2175594997619172] ; [2.0945447592519635]
793 ; 0 ; 36 ; 52 ; [1.5594081626412599] ; [2.1120931003182672]
793 ; 0 ; 36 ; 53 ; [2.486257558632901] ; [0.96195616024577202]
793 ; 0 ; 36 ; 54 ; [1.6345691687306845] ; [1.6601947548400322]
793 ; 0 ; 36 ; 55 ; [1.5278211596668538] ; [1.5149473037877124]
793 ; 0 ; 36 ; 57 ; [1.3213732298977969] ; [1.4850799502069489]
793 ; 0 ; 36 ; 59 ; [0.88115317200306986] ; [0.21149879347106285]
793 ; 0 ; 36 ; 61 ; [1.6597909190526541] ; [1.2411991416978525]
793 ; 0 ; 36 ; 62 ; [2.2846226977017183] ; [1.9926352650260117]
793 ; 0 ; 36 ; 63 ; [1.5929313070643105] ; [1.5217012422844083]
793 ; 0 ; 36 ; 64 ; [1.772208501107297] ; [0.95270579846219738]
793 ; 0 ; 36 ; 66 ; [2.6820594386777499] ; [0.64604646790712195]
793 ; 0 ; 36 ; 71 ; [1.2059700401670095] ; [1.0101585516457789]
793 ; 0 ; 36 ; 76 ; [2.6499980503975196] ; [1.5488801302123458]
793 ; 0 ; 36 ; 80 ; [1.3575645819342499] ; [1.2473990595381363]
793 ; 0 ; 38 ; 0 ; [0.020983934215260982] ; [0.14655658816173212]
793 ; 0 ; 38 ; 1 ; [3.6502444399892644] ; [0.37436787651025821]
793 ; 0 ; 38 ; 3 ; [0.25292396441316839] ; [0.47237840228244649]
793 ; 0 ; 39 ; 0 ; [0.084998739351379513] ; [-0.0097574478737834751]
793 ; 0 ; 39 ; 1 ; [0.6557999840936054] ; [1.2659489647976014]
793 ; 0 ; 40 ; 0 ; [0.58150200863933244] ; [0.23262732387144985]
793 ; 0 ; 40 ; 4 ; [0.075405938366520209] ; [0.042513174284664383]
793 ; 0 ; 40 ; 5 ; [-0.020579220011884298] ; [0.22606631264555571]
793 ; 0 ; 42 ; 0 ; [0.28869229777509203, 0.10851304865240467, 0.033717412647909221] ; [0.35178326262539977, 0.099736304926599378, 0.091278050346603912]
793 ; 0 ; 42 ; 1 ; [0.27453154678445629] ; [0.023731028827159717]
793 ; 0 ; 43 ; 0 ; [0.47143571767765219] ; [0.014342034987452536]
793 ; 0 ; 43 ; 1 ; [0.5612554598202808] ; [0.24497416865095609]
793 ; 0 ; 43 ; 2 ; [0.56717804854069509] ; [0.167959053755902]
793 ; 0 ; 43 ; 7 ; [2.0925658971478454] ; [2.3981502131726526]
793 ; 0 ; 44 ; 0 ; [0.1527512837059915, 0.1928073578707129, -0.0088131017303113655, 0.048587573650332894, -0.017684579625824495] ; [0.49550814029058921, 0.72516362620534336, 0.10286304677831096, 0.18444342476821959, 0.035358441769533316]
793 ; 0 ; 45 ; 0 ; [0.060089990587692405, 0.12826600055914669] ; [0.076434238897198081, 0.15517522693093919]
793 ; 0 ; 47 ; 0 ; [0.046355485043988488, 0.12394374865094394, 0.046351413201887556] ; [0.13752423974397254, 0.17545642385102367, 0.1353832169793594]
793 ; 0 ; 48 ; 0 ; [0.10770047327161671, 0.036685052557193489, 0.079602563314682295, -0.0011516604284615753] ; [0.20588424493532298, 0.32165466221904693, 0.15383535973823911, 0.065882746170727507]
793 ; 0 ; 49 ; 0 ; [1.4233069671292433] ; [2.0513004928158969]
793 ; 0 ; 49 ; 1 ; [0.52660344645014878] ; [0.79461257063644897]
793 ; 0 ; 49 ; 2 ; [0.41068630406180617] ; [0.80748160926506651]
793 ; 0 ; 49 ; 3 ; [0.6263204004723123] ; [0.46054468546495242]
793 ; 0 ; 49 ; 4 ; [1.5349261070297215] ; [0.33840076544221132]
793 ; 0 ; 49 ; 14 ; [0.42297959055854528] ; [0.57086907113982077]
793 ; 0 ; 50 ; 1 ; [-0.0010288067514395058] ; [-0.0026531695652188708]
793 ; 0 ; 50 ; 2 ; [0.067820928910283573] ; [0.0025763577537449298]
793 ; 0 ; 50 ; 4 ; [0.14315354455096005] ; [0.7306069876911]
793 ; 0 ; 50 ; 9 ; [1.0930339658215495] ; [1.025736587368723]
793 ; 0 ; 51 ; 0 ; [1.7489709261339912] ; [0.095780787008120177]
793 ; 0 ; 51 ; 1 ; [1.8881223979060575] ; [2.4073767022736816]
793 ; 0 ; 51 ; 2 ; [0.3076724505118838] ; [0.8354776592141584]
793 ; 0 ; 51 ; 9 ; [2.5916382091502093] ; [0.83232188233634785]
793 ; 0 ; 51 ; 10 ; [0.92220895844939843] ; [1.6475742414480918]
793 ; 0 ; 56 ; 0 ; [0.2633252918755058, 0.36375551283416391, 0.22233708846742117] ; [0.1525126858807645, 0.20969792221105876, 0.31389952342793154]
793 ; 0 ; 57 ; 0 ; [0.056515784994539228, 0.038122075441412592, 0.0023457002292796318] ; [0.24269121125221624, 0.10574041567706052, 0.055772978891897779]
793 ; 0 ; 58 ; 0 ; [0.059203967347144205, 0.053159593933592229, 0.033594662392638933, 0.0084087046978461935] ; [0.26645260341125859, 0.16779891375575634, 0.10334915306047175, 0.010198039339034334]
793 ; 0 ; 58 ; 1 ; [0.093736901181115148] ; [0.11561085846947862]
793 ; 0 ; 59 ; 0 ; [0.22699003043730537] ; [0.35531535236688616]
793 ; 0 ; 60 ; 0 ; [0.47489870151880043] ; [0.41023141608695918]
793 ; 0 ; 61 ; 1 ; [0.17914760487263812] ; [0.53245371203046599]
793 ; 0 ; 62 ; 0 ; [0.32714220416084822] ; [0.17209741485626243]
793 ; 0 ; 62 ; 2 ; [0.23595759617288573] ; [0.64581232639570052]
793 ; 0 ; 62 ; 4 ; [0.11317852303701295] ; [0.17220139838001949]
793 ; 0 ; 62 ; 8 ; [0.31766728243513548] ; [0.51277201694054331]
793 ; 0 ; 64 ; 0 ; [0.66458506967252351, 0.29039244414766452] ; [0.1579216308437261, 0.46405113557173727]
793 ; 0 ; 64 ; 1 ; [0.018677299802142465] ; [0.057802950978927514]
793 ; 0 ; 65 ; 1 ; [2.7268320102167043] ; [0.77847678022180899]
793 ; 0 ; 65 ; 6 ; [3.0560337927557524] ; [0.27692393741127114]
793 ; 0 ; 65 ; 7 ; [1.1535013540208745] ; [1.9119078476076228]
793 ; 0 ; 65 ; 8 ; [0.64855078755176299] ; [0.97591249713575923]
793 ; 0 ; 65 ; 9 ; [0.62307563181712755] ; [0.98887016246653348]
793 ; 0 ; 65 ; 10 ; [1.7969259861596214] ; [0.45437998230568927]
793 ; 0 ; 65 ; 11 ; [2.3295653575597055] ; [0.94287389210875339]
793 ; 0 ; 65 ; 12 ; [1.2638297511659271] ; [1.0956805588178973]
793 ; 0 ; 65 ; 14 ; [1.7740543748392759] ; [1.0319413241797304]
793 ; 0 ; 65 ; 16 ; [1.97919415443667] ; [1.1094654729610851]
793 ; 0 ; 65 ; 20 ; [1.493546159607799] ; [1.0290102422983596]
793 ; 0 ; 65 ; 23 ; [2.289630955406889] ; [0.90497429953436503]
793 ; 0 ; 65 ; 24 ; [1.2851871512441382] ; [0.73153874251813078]
793 ; 0 ; 65 ; 26 ; [0.86667002124500592] ; [1.5490421306015394]
793 ; 0 ; 65 ; 27 ; [1.6072761427108173] ; [0.78652054630031465]
793 ; 0 ; 65 ; 28 ; [1.5696237313393475] ; [1.7995093637785444]
793 ; 0 ; 65 ; 31 ; [1.6864055019485309] ; [1.2822281294008266]
793 ; 0 ; 65 ; 33 ; [0.75097321132127248] ; [0.76127999091116461]
793 ; 0 ; 65 ; 34 ; [1.9500154089193846] ; [0.67492773423744867]
793 ; 0 ; 65 ; 37 ; [3.7064632115837139] ; [1.232216877355272]
793 ; 0 ; 65 ; 38 ; [0.98629726062858314] ; [0.27948286070283146]
793 ; 0 ; 65 ; 39 ; [1.2772818088040594] ; [1.150036719289248]
793 ; 0 ; 65 ; 41 ; [2.2249481828077804] ; [1.2960640579998863]
793 ; 0 ; 65 ; 45 ; [2.5814775423439782] ; [1.1208631784818148]
793 ; 0 ; 65 ; 50 ; [2.5221256162359476] ; [1.2460911687316099]
793 ; 0 ; 65 ; 53 ; [1.3165323001863207] ; [0.89537449909176126]
793 ; 0 ; 65 ; 54 ; [1.8727124006142175] ; [1.2345176482049685]
793 ; 0 ; 65 ; 55 ; [1.7208127952590615] ; [1.8422392748023879]
793 ; 0 ; 65 ; 56 ; [2.013977396699369] ; [1.1701871826654087]
793 ; 0 ; 65 ; 58 ; [0.66728166116406284] ; [0.42834281908714528]
793 ; 0 ; 65 ; 59 ; [4.3328201498388079] ; [0.75011567826212999]
793 ; 0 ; 65 ; 60 ; [2.5479164748431402] ; [1.6313452786461904]
793 ; 0 ; 65 ; 65 ; [1.6543165144604617] ; [1.1377757315348125]
793 ; 0 ; 65 ; 70 ; [1.2500265469544574] ; [0.66505823507928885]
793 ; 0 ; 65 ; 71 ; [2.8329554896235227] ; [0.67313585015112876]
793 ; 0 ; 65 ; 72 ; [1.907361367089301] ; [2.8274757191628468]
793 ; 0 ; 65 ; 73 ; [2.7987505075533217] ; [1.9382426096344965]
793 ; 0 ; 65 ; 74 ; [2.6356504959462361] ; [0.87126244039315415]
793 ; 0 ; 65 ; 75 ; [0.97940748617799511] ; [0.92062208660891998]
793 ; 0 ; 65 ; 77 ; [2.8477228533186514] ; [0.8531456642587637]
793 ; 0 ; 65 ; 79 ; [1.8502128313012391] ; [1.7493519210553519]
793 ; 0 ; 65 ; 80 ; [2.5223651056667684] ; [0.72944737543102478]
793 ; 0 ; 65 ; 82 ; [2.3323849147264832] ; [-0.044834029316758679]
793 ; 0 ; 66 ; 0 ; [0.018201836147048494] ; [0.3983771673939373]
793 ; 0 ; 66 ; 16 ; [0.94371552532594705] ; [0.37174271069601872]
793 ; 0 ; 67 ; 0 ; [0.078630820583498393] ; [0.46299794494813268]
793 ; 0 ; 67 ; 5 ; [0.10105052114978337] ; [0.07775782806222678]
793 ; 0 ; 68 ; 0 ; [0.065344634869407753] ; [0.20767257224568117]
793 ; 0 ; 69 ; 0 ; [-0.0030009336974031629, 0.034368799571376639, -0.0071119666906632358, 0.073382700188249814] ; [0.10608046471770415, 0.12398100563483326, 0.11939308634244031, -0.022137634319200107]
793 ; 0 ; 70 ; 13 ; [1.7990833018412471] ; [1.927147832519418]
793 ; 0 ; 70 ; 15 ; [1.9897134942569705, 1.9399085293593969] ; [2.5504432052687243, 2.3721500117508825]
793 ; 0 ; 70 ; 20 ; [2.2969620442081706] ; [1.5160575627881641]
793 ; 0 ; 70 ; 21 ; [3.3399799211384855] ; [2.1867215232568586]
793 ; 0 ; 70 ; 22 ; [2.0195293665947065] ; [1.855115027271695]
793 ; 0 ; 70 ; 23 ; [1.6603976868307] ; [1.3882278696580845]
793 ; 0 ; 70 ; 25 ; [0.70974794959196696] ; [0.43026952279629171]
793 ; 0 ; 71 ; 0 ; [0.41148631822864062] ; [0.067326932281535912]
793 ; 0 ; 72 ; 0 ; [0.095673177731672776] ; [0.039142172005133681]
793 ; 0 ; 72 ; 3 ; [0.078657671566577284, 0.060598428217441651, 0.6203989402427087] ; [0.13681299394559379, 0.11721277108095657, -0.13274591734764127]
793 ; 0 ; 73 ; 0 ; [0.31879185330676779, 0.615747675211887] ; [0.11417603579369963, 0.0009178458208001848]
793 ; 0 ; 73 ; 1 ; [0.21267853796057284] ; [0.34575009262832201]
793 ; 0 ; 73 ; 2 ; [0.40892908281410234] ; [0.53614411128926409]
793 ; 0 ; 73 ; 3 ; [0.28341863771112807] ; [0.50596343357094109]
793 ; 0 ; 74 ; 0 ; [0.12403174281947002, 0.25461236299827344, 0.56062884743031394, 1.003731394904972] ; [0.070404839648034068, 0.1351188738832301, 0.64337786315337131, 0.88956037265960552]
793 ; 0 ; 74 ; 1 ; [0.36084367077033558] ; [0.10513239141531168]
793 ; 0 ; 75 ; 0 ; [0.15603874960861397] ; [0.81958157800273335]
793 ; 0 ; 75 ; 7 ; [0.3307263287338108] ; [0.2913190796257174]
793 ; 0 ; 75 ; 8 ; [0.66748381669616264] ; [0.43869254967167015]
793 ; 0 ; 76 ; 0 ; [0.0022361792298876038, 0.00043828324027680982, 0.0041036825902030696] ; [0.16661114333378349, 0.18097659791234849, 0.13762136023717747]
793 ; 0 ; 76 ; 1 ; [-0.00038891115256287507] ; [0.0067664378315236877]
793 ; 0 ; 76 ; 2 ; [-0.077527978874945142] ; [0.045048740423152489]
793 ; 0 ; 79 ; 0 ; [0.77294561914683912] ; [0.094469252552019004]
793 ; 0 ; 79 ; 1 ; [0.099928385440274103] ; [0.14804393786946801]
793 ; 0 ; 79 ; 2 ; [1.4757296543412493] ; [0.15605900256315441]
793 ; 0 ; 79 ; 4 ; [0.81495688737031002] ; [0.29090907151051043]
793 ; 0 ; 80 ; 0 ; [0.084729978688804039, 0.23414073765593107, 0.5007477173629814] ; [0.11311531899109341, 0.19810204388346292, 0.38846613172363587]
793 ; 0 ; 81 ; 0 ; [1.0182976028510997] ; [0.071470941408959612]
793 ; 0 ; 82 ; 0 ; [1.757116003015605] ; [0.57736532527312689]
793 ; 0 ; 82 ; 3 ; [1.8230711112283005] ; [1.7518578697915421]
793 ; 0 ; 82 ; 5 ; [1.5761701282153877] ; [1.9217170925126581]
793 ; 0 ; 82 ; 7 ; [0.99215324442478481, 2.0250151462426338] ; [29.147432210943524, 1.8887071148569283]
793 ; 0 ; 82 ; 10 ; [1.7996861125990464] ; [2.2976527021291764]
793 ; 0 ; 82 ; 15 ; [5.3265145225232944] ; [2.6880173088447625]
793 ; 0 ; 82 ; 27 ; [1.9303233193680096] ; [1.5131120182025122]
793 ; 0 ; 82 ; 29 ; [1.4958845826906546] ; [2.550319497632326]
793 ; 0 ; 83 ; 0 ; [0.91577368134803527] ; [0.11890093462102362]
793 ; 0 ; 83 ; 3 ; [1.1305677712448943, 2.8297748605383792] ; [1.7700016838352586, 0.56200203285808426]
793 ; 0 ; 83 ; 4 ; [1.8760292820994116] ; [0.96123836960760722]
793 ; 0 ; 83 ; 5 ; [0.43590576961976935] ; [0.98379918976221092]
793 ; 0 ; 83 ; 6 ; [1.0716494979943123] ; [0.0064743896799233855]
793 ; 0 ; 83 ; 9 ; [1.0925751337036016] ; [1.0416898112927355]
793 ; 0 ; 83 ; 10 ; [0.88961989278917331] ; [2.7754466947489411]
793 ; 0 ; 83 ; 14 ; [3.8294007235073466] ; [1.6324398440521031]
793 ; 0 ; 83 ; 19 ; [0.77034594795481337] ; [1.2881877977695551]
793 ; 0 ; 83 ; 20 ; [2.2943127836858754] ; [1.9209271035648243]
793 ; 0 ; 83 ; 21 ; [1.4282107186671411] ; [0.58550132938559274]
793 ; 0 ; 83 ; 22 ; [1.8652147323854864] ; [1.9641488667580682]
793 ; 0 ; 83 ; 24 ; [2.0501321463893736] ; [1.831180793630875]
793 ; 0 ; 83 ; 25 ; [8.5344271250153234] ; [1.8641398415831583]
793 ; 0 ; 83 ; 29 ; [1.5928128328504645] ; [1.7665955801615956]
793 ; 0 ; 83 ; 30 ; [1.3393721832412075] ; [1.3152908474402505]
793 ; 0 ; 83 ; 31 ; [1.6980865179255571] ; [1.2775335166186081]
793 ; 0 ; 83 ; 32 ; [2.6753892867590179] ; [1.5834900900423396]
793 ; 0 ; 83 ; 36 ; [0.9683466082122405] ; [1.3449348167145159]
793 ; 0 ; 83 ; 37 ; [3.3896462157762173] ; [1.743664954272663]
793 ; 0 ; 83 ; 39 ; [5.5704170776352822] ; [4.1320985206778778]
793 ; 0 ; 83 ; 40 ; [0.42652864665019563] ; [1.5636609948877318]
793 ; 0 ; 83 ; 41 ; [1.5064825572030931] ; [1.0653153170669745]
793 ; 0 ; 83 ; 45 ; [2.0345056617767092] ; [0.71821824679756774]
793 ; 0 ; 83 ; 51 ; [1.793215258724145] ; [2.1224777491983988]
793 ; 0 ; 83 ; 52 ; [1.4045852416003675] ; [2.5969526198801112]
793 ; 0 ; 83 ; 56 ; [2.3271546272803869] ; [3.4319685108766538]
793 ; 0 ; 83 ; 65 ; [2.0331994292447448] ; [1.5646243887147964]
793 ; 0 ; 83 ; 66 ; [2.2105170400733769] ; [0.67292783372629716]
793 ; 0 ; 83 ; 68 ; [0.88024959943851544] ; [1.1347226944154973]
793 ; 0 ; 83 ; 69 ; [2.6405342990394645] ; [0.77670369826549324]
793 ; 0 ; 83 ; 70 ; [3.0868364682622547] ; [1.519317012173397]
793 ; 0 ; 83 ; 71 ; [1.2501372325110038] ; [1.0383754071205102]
793 ; 0 ; 83 ; 72 ; [0.7965232000826219] ; [2.1920480926304076]
793 ; 0 ; 84 ; 0 ; [-0.0087854664810468105, -0.015004229527826275, -0.00023724350397058864, 0.047345351550062476, 0.31469473246655089] ; [0.073618702985755777, 0.16793805951577667, 0.076182743958471119, 0.11433028849631248, 0.29933909150406146]
793 ; 0 ; 85 ; 1 ; [0.019758122406390865] ; [0.081673361479359205]
793 ; 0 ; 85 ; 3 ; [1.179872097457612] ; [0.64092343649540451]
793 ; 0 ; 86 ; 0 ; [-0.0040918103116193713, 0.034221680465487368, 0.02989510927214218, 0.020079915286961039] ; [0.095379253171731515, 0.25721772279936272, 0.14738923045371319, 0.13434770312950628]
793 ; 0 ; 87 ; 0 ; [-0.01256871470722414] ; [-0.029660185791234386]
793 ; 0 ; 88 ; 0 ; [-0.00826651977829858, 0.0030093001380590949, -0.02892945310416057] ; [0.16336336264642595, 0.11417824717357322, 0.058927569905011801]
793 ; 0 ; 88 ; 1 ; [0.097467318300944766] ; [0.020923586796594389]
793 ; 0 ; 88 ; 2 ; [-0.014981993897617379] ; [0.1421284392759341]
793 ; 0 ; 89 ; 0 ; [0.28876761207179402] ; [1.1911038323213545]
793 ; 0 ; 89 ; 1 ; [0.23262489887081816] ; [0.029763163076811157]
793 ; 0 ; 91 ; 0 ; [0.85418976259795221] ; [0.76696780163021649]
793 ; 0 ; 91 ; 1 ; [1.2885490110062474] ; [0.12256745330731231]
793 ; 0 ; 92 ; 1 ; [0.691976963911621] ; [0.10313000054323358]
793 ; 0 ; 92 ; 4 ; [0.63907479586377069] ; [0.61473505987448218]
793 ; 0 ; 93 ; 0 ; [1.3955673671022935, 1.5375748922173615, 1.6322194387885522, 1.5454932606541203] ; [0.1643321275970038, 0.065685131379884146, 0.10799214486287233, 0.06763870858826429]
793 ; 0 ; 94 ; 0 ; [0.72144970207521897] ; [0.31319847984685978]
793 ; 0 ; 94 ; 2 ; [1.9085587812924394] ; [2.101500508651549]
793 ; 0 ; 94 ; 5 ; [1.5015246828604261] ; [1.3248696121084969]
793 ; 0 ; 95 ; 0 ; [0.26515308308341001] ; [0.33335745458814603]
793 ; 0 ; 95 ; 1 ; [0.4420700028885704] ; [0.59312797952494822]
793 ; 0 ; 96 ; 0 ; [0.41732401534130997, 0.039760387944824616, 0.0078581273429868641] ; [0.22169413279432945, 0.10017807344853363, 0.051005532247803929]
793 ; 0 ; 97 ; 0 ; [0.35082467295611874, 0.13345000341515925] ; [0.13707516335185951, 0.10379249819518109]
793 ; 0 ; 97 ; 1 ; [0.91954891895623569, 0.095282157199308451] ; [0.4603330807415158, -0.03822974088274695]
793 ; 0 ; 100 ; 1 ; [0.83238860618729382] ; [1.3027804562449441]
793 ; 0 ; 100 ; 9 ; [0.34319035485188099] ; [0.37935123711467383]
793 ; 0 ; 101 ; 0 ; [1.0376110825785123, 0.92218839252375528] ; [1.1509353731069922, 0.86036033713891025]
793 ; 0 ; 101 ; 1 ; [0.3073849214065445] ; [0.50382033752327748]
793 ; 0 ; 101 ; 5 ; [0.23783123027153436] ; [0.4931212536113902]
793 ; 0 ; 101 ; 14 ; [0.5506321757981395] ; [0.68515272523342408]
793 ; 0 ; 101 ; 15 ; [0.58157321420941499] ; [0.42067500936242525]
793 ; 0 ; 102 ; 1 ; [0.21923214594539006, 0.30981110776775778] ; [0.1998433724469599, 0.34365462836053351]
793 ; 0 ; 103 ; 0 ; [0.00060737984730398068, -0.015092663653181033, -0.0032256014819106345] ; [0.080839100536326133, 0.077844420268436229, 0.014014967674184612]
793 ; 0 ; 103 ; 1 ; [0.067362632935050737] ; [0.10446341924095333]
793 ; 0 ; 104 ; 0 ; [0.62906573266415533, 0.31015682145433449, 0.36972774515064433] ; [0.39923949724207247, 0.29110043407469272, 0.21888669782526685]
793 ; 0 ; 106 ; 0 ; [0.054168679136387884] ; [0.013131300075387806]
793 ; 0 ; 107 ; 0 ; [-0.092031164122542697] ; [0.080324959205218344]
793 ; 0 ; 107 ; 1 ; [0.23485366546492398] ; [0.34678480949753582]
793 ; 0 ; 107 ; 2 ; [2.9055054632582928] ; [-0.0030433244593916328]
793 ; 0 ; 107 ; 3 ; [1.3146038899545389] ; [5.3032346858626562]
793 ; 0 ; 108 ; 0 ; [0.084619691542111838, 0.15025847668573325, 0.86642188587828983, 0.07805086960776314] ; [0.33867158509398787, 0.42742568478599685, 0.1818123758505423, 0.44109016187996758]
793 ; 0 ; 108 ; 1 ; [-0.010866052725795638] ; [0.17227062388529985]
793 ; 0 ; 109 ; 8 ; [1.5160933684004432] ; [2.1858278185195417]
793 ; 0 ; 109 ; 9 ; [1.3267810634295245] ; [1.3189625427397145]
793 ; 0 ; 109 ; 10 ; [1.8943552681398554] ; [2.4658827074021827]
793 ; 0 ; 110 ; 0 ; [0.10379564301715735, 0.27049649771821699, 0.14527026819076658, 0.13845475759039111] ; [0.090827238055994117, 0.25631925954339435, 0.17442518266782114, 0.19001462080302248]
793 ; 0 ; 111 ; 0 ; [0.072197421603930501, 0.026668180102400556, 0.039657569350319305, 0.094944186193421945, 0.18546943600267821] ; [0.024853097653965865, 0.093115272642438088, 0.094677342203098841, 0.13069492146210193, 0.13235930511230806]
793 ; 0 ; 111 ; 1 ; [0.080549266050687574, 0.13613602902697902] ; [0.15439696372829681, 0.082072996277167701]
793 ; 0 ; 112 ; 1 ; [1.3727554735107594] ; [0.41786392872061479]
793 ; 0 ; 113 ; 0 ; [0.27689665844311756, 0.007294979103436826, 0.0088912953845216545] ; [0.24313055567731437, 0.13892447216387696, -0.061384417275017519]
793 ; 0 ; 114 ; 0 ; [0.1005256163907845, 0.054638743572769141] ; [0.13051840987542801, 0.088577181156809182]
793 ; 0 ; 115 ; 0 ; [0.52786268663307367] ; [1.5059728937542658]
793 ; 0 ; 115 ; 1 ; [1.6760364924614832] ; [2.1085593971079648]
793 ; 0 ; 115 ; 3 ; [1.3471683458587214] ; [0.8382647931420979]
793 ; 0 ; 115 ; 4 ; [0.81279453756675413] ; [2.4353461371374974]
793 ; 0 ; 116 ; 0 ; [0.014724857516328833, 0.0028936750535340935] ; [0.12892293610472458, 0.055276616513414478]
793 ; 0 ; 116 ; 1 ; [-0.036240464017605133] ; [0.019322261486259165]
793 ; 0 ; 117 ; 0 ; [1.1185406704289622, 0.77290510571482229] ; [-0.017561222504149075, 0.0399659414687401]
793 ; 0 ; 118 ; 0 ; [0.13476668536464784, 0.038304677447908352, 0.081300348557711538, 0.007890962478369833] ; [0.4494689970013972, 0.15087977796115817, 0.36859800025660927, 0.029824707834905016]
793 ; 0 ; 119 ; 0 ; [-0.0074308264002684388, 0.0041366858341139465, 0.044992427251194497] ; [0.093892529445643372, 0.042653372131881036, 0.10651154822140728]
793 ; 0 ; 120 ; 0 ; [0.013323196082934134] ; [0.12140858172307492]
793 ; 0 ; 120 ; 1 ; [0.0097543423322036978] ; [0.03868159867416579]
793 ; 0 ; 120 ; 2 ; [0.29765362084038782, 0.1802148590807591, 0.16292631461772952, 0.062721155079734414] ; [0.26103701736916968, 0.31285600202205788, 0.25678712543680365, 0.09087058247696217]
793 ; 0 ; 121 ; 0 ; [0.24819201416878436] ; [0.18738593597970593]
793 ; 0 ; 121 ; 1 ; [0.19924012278383646] ; [0.075698248219020686]
793 ; 0 ; 122 ; 1 ; [0.0036964165642304056, 0.00039124696723953119, 0.036851585010919938, 0.48829222800703842, 0.086330519329608196] ; [0.06869167410690781, 0.10299609731911401, 0.15039321396190042, 0.67842468647550436, 0.40795811109640212]
793 ; 0 ; 123 ; 0 ; [-0.0082382306299647531] ; [0.059039582157004167]
793 ; 0 ; 124 ; 0 ; [0.15397175110273476] ; [0.53141066611051979]
793 ; 0 ; 124 ; 1 ; [0.81805945839752403] ; [0.3997626144728087]
793 ; 0 ; 124 ; 2 ; [0.63931107131008691] ; [0.40929219790278193]
793 ; 0 ; 124 ; 4 ; [0.21284863027962445] ; [0.043818476894807459]
793 ; 0 ; 124 ; 9 ; [0.63047056201292262] ; [0.41725840539301962]
793 ; 0 ; 124 ; 16 ; [0.4509720719104115] ; [0.62941789829661221]
793 ; 0 ; 125 ; 0 ; [0.16264147324670727, 0.12108717455540542, 0.21286051895147037] ; [0.15972437862561634, 0.10171028940033283, -0.073333745927351229]
793 ; 0 ; 126 ; 0 ; [0.020837422292968949] ; [0.17972213011588384]
793 ; 0 ; 126 ; 1 ; [0.011418056338143055] ; [0.38756473829294569]
793 ; 0 ; 127 ; 0 ; [-0.010458195631557306, -0.0096319619384812732, -0.014945521369421996] ; [0.048229577692482865, 0.08381480895466778, 0.20826728445292345]
793 ; 0 ; 127 ; 1 ; [-0.017653654455045714] ; [0.1107200808880021]
793 ; 0 ; 128 ; 0 ; [0.010310801923021893, 0.081659528541843968, 0.96256809767463114] ; [0.070851269077993384, 0.43115973719543899, 0.091270643117989561]
793 ; 0 ; 129 ; 1 ; [1.7241240015365815] ; [0.76330653986589303]
793 ; 0 ; 129 ; 3 ; [0.977530786907578] ; [0.262580113305865]
793 ; 0 ; 129 ; 4 ; [2.7067074355211886] ; [0.46782379617834252]
793 ; 0 ; 129 ; 5 ; [2.9790656438544376] ; [0.50746339246199523]
793 ; 0 ; 131 ; 0 ; [0.02102378851847439, 0.07676524745709784, 0.32301900084330665] ; [0.11541504216391495, 0.12041554579298687, 0.005773378041331545]
793 ; 0 ; 132 ; 0 ; [0.074194468159430635, 0.17668325465019191, -0.00074109934873267376] ; [0.17059508368740472, 0.23531739028579254, 0.040060061962951088]
793 ; 0 ; 132 ; 1 ; [0.42249486767810612, 0.030868248855210917] ; [0.14069366855529183, -0.01065758452346606]
793 ; 0 ; 132 ; 2 ; [0.39529130347926772] ; [0.17674295617094374]
793 ; 0 ; 133 ; 1 ; [0.2699457518956363] ; [0.62727038014705472]
793 ; 0 ; 134 ; 0 ; [0.028320856390024258, 0.082840825792458161, 0.15343843752673339, 0.013899747651570902, 0.024348876452013144] ; [0.077652104321270746, 0.13781435263730876, 0.10150894029884497, 0.18279486718271235, 0.10217975401095843]
793 ; 0 ; 135 ; 0 ; [0.17604144437701097, 0.24634891100104547] ; [0.24125503110671584, 0.19474342411666509]
793 ; 0 ; 136 ; 0 ; [-0.0079581869162838551] ; [0.68875949783113499]
793 ; 0 ; 136 ; 8 ; [0.37926636119803353, 1.1514892532357663] ; [0.33703485206637102, 0.99047239924993724]
793 ; 0 ; 137 ; 0 ; [0.51265299689269772] ; [0.48973085916004511]
793 ; 0 ; 137 ; 1 ; [0.3450377703774688] ; [0.23527539343349763]
793 ; 0 ; 137 ; 6 ; [1.7079162486572328] ; [1.2469463577025939]
793 ; 0 ; 137 ; 9 ; [0.94889177852113316] ; [0.43292601366850009]
793 ; 0 ; 137 ; 11 ; [0.15187124400398103] ; [0.59788273228908251]
793 ; 0 ; 138 ; 0 ; [1.3929327223870249] ; [1.017201904829097]
793 ; 0 ; 138 ; 4 ; [1.3325492743102465] ; [0.58402999541281142]
793 ; 0 ; 138 ; 6 ; [1.6143751979684513] ; [0.70594732488480982]
793 ; 0 ; 139 ; 1 ; [0.35966372127887536] ; [0.16826467573855261]
793 ; 0 ; 139 ; 3 ; [0.52402165778788712] ; [0.68003047983591747]
793 ; 0 ; 141 ; 0 ; [0.016523014815802775] ; [0.51329922740890466]
793 ; 0 ; 141 ; 2 ; [2.1014178493605078] ; [1.3622545602037113]
793 ; 0 ; 142 ; 0 ; [0.040278739911851914] ; [0.1197582364606419]
793 ; 0 ; 142 ; 1 ; [0.1448464761089448] ; [0.096838667538027196]
793 ; 0 ; 144 ; 0 ; [1.0506045952571186] ; [0.0019112296816895683]
793 ; 0 ; 145 ; 0 ; [-0.0087224671375492439, 0.010972118470608789, 0.036750367149230932] ; [0.10510988672430004, 0.18212323196111596, 0.0097347416331401478]
793 ; 0 ; 145 ; 1 ; [0.0096282839579096141] ; [0.078542693872383995]
793 ; 0 ; 146 ; 1 ; [0.14159515379772483] ; [0.3768259850575541]
793 ; 0 ; 146 ; 2 ; [0.40759174816147431] ; [0.026881181891432345]
793 ; 0 ; 146 ; 4 ; [0.20800121074785285] ; [0.14565988122591264]
793 ; 0 ; 148 ; 0 ; [0.12484290753405917] ; [0.13018075359361428]
793 ; 0 ; 148 ; 1 ; [1.0287692806521249] ; [0.18121632827123454]
793 ; 0 ; 149 ; 0 ; [0.19796632723369764, 1.0340925717869935] ; [0.20877132790216818, 0.17360795134834625]
793 ; 0 ; 149 ; 1 ; [1.9398950000292132] ; [0.28032977180479357]
793 ; 0 ; 149 ; 7 ; [2.6273960255690123] ; [2.8082660497210599]
793 ; 0 ; 149 ; 9 ; [1.1953941359682563] ; [0.4153758033662342]
793 ; 0 ; 149 ; 11 ; [0.47589788903964825] ; [1.9566401360167442]
793 ; 0 ; 149 ; 14 ; [0.64908962115499347] ; [0.1160659432787849]
793 ; 0 ; 149 ; 15 ; [0.87069379371656341] ; [2.5080770701393242]
793 ; 0 ; 149 ; 18 ; [1.8400426667628151] ; [1.2547264352560679]
793 ; 0 ; 149 ; 28 ; [2.0639134385052702] ; [1.3649240053429896]
793 ; 0 ; 149 ; 29 ; [1.0915214256751125] ; [2.3454587173821131]
793 ; 0 ; 150 ; 0 ; [0.30775939843300332, 0.3560423899104746, 0.11615692902667882] ; [0.26839372878804396, 0.38476446452542529, 0.14267405816100015]
793 ; 0 ; 151 ; 1 ; [0.19824045320406569] ; [1.8165277015200676]
793 ; 0 ; 151 ; 3 ; [1.9425027800020718] ; [0.18136592375985455]
793 ; 0 ; 152 ; 0 ; [0.034151642541931732, 0.0027988620817971529] ; [0.87173827741843102, 0.93837318583961182]
793 ; 0 ; 153 ; 1 ; [1.8077851356441879] ; [0.78495824473796827]
793 ; 0 ; 153 ; 2 ; [1.9083308828859931] ; [3.0848424651802628]
793 ; 0 ; 153 ; 3 ; [1.8778201693010885] ; [1.8003598700333803]
793 ; 0 ; 153 ; 6 ; [1.7636915841473275] ; [0.86048789742314202]
793 ; 0 ; 153 ; 9 ; [2.5777009285320047] ; [1.7769904003762012]
793 ; 0 ; 153 ; 10 ; [2.2055278713260931] ; [0.77176335172735344]
793 ; 0 ; 153 ; 11 ; [1.9436027959652815] ; [1.7120811034313885]
793 ; 0 ; 153 ; 17 ; [1.878475417565868] ; [1.6726951984575003]
793 ; 0 ; 153 ; 21 ; [1.778919984640519] ; [1.5562150789341591]
793 ; 0 ; 154 ; 0 ; [0.0006015428900773477, 0.068458514812584706, 0.57395675995735018] ; [0.1027703502357296, 0.14987915769972054, 0.1403459405740928]
793 ; 0 ; 154 ; 1 ; [0.98014020020177905] ; [0.020632104378178924]
793 ; 0 ; 155 ; 2 ; [1.7043937857753426, 2.3962740765170238] ; [0.99877282821294633, 1.2342420325625449]
793 ; 0 ; 155 ; 4 ; [1.9536852128730937] ; [0.81391663235758593]
793 ; 0 ; 155 ; 6 ; [1.9612805611489197, 1.2374163488672825] ; [0.96813204810233, 0.73962094409516987]
793 ; 0 ; 155 ; 8 ; [2.3026776615372437] ; [0.85061844692595912]
793 ; 0 ; 155 ; 10 ; [3.1112318921154496] ; [1.8103048194433635]
793 ; 0 ; 155 ; 11 ; [2.3055221950166489] ; [0.95363581243164752]
793 ; 0 ; 155 ; 12 ; [1.638057576632693] ; [0.88367680668554383]
793 ; 0 ; 155 ; 13 ; [1.767563570304673] ; [0.30311961726065256]
793 ; 0 ; 155 ; 15 ; [5.1331870427559014] ; [3.4264439058877425]
793 ; 0 ; 155 ; 17 ; [1.2803747821935982] ; [0.53881108768833053]
793 ; 0 ; 155 ; 19 ; [3.7804988668862074] ; [0.68924669682744788]
793 ; 0 ; 156 ; 0 ; [0.08924973277514861] ; [0.0075846879615685025]
793 ; 0 ; 156 ; 1 ; [-0.18712068115163843] ; [0.063068222004632066]
793 ; 0 ; 157 ; 0 ; [0.0032278557599187689, 0.20624625529721405, 0.13415233858881132] ; [0.16292701834257378, 0.31724086890235087, 0.55274045998221444]
793 ; 0 ; 158 ; 0 ; [0.19681729953858898, 0.1039560146792172] ; [0.071879195205522647, 0.090843158117546632]
793 ; 0 ; 158 ; 1 ; [2.4031521119740136] ; [0.88200529265094219]
793 ; 0 ; 158 ; 2 ; [1.3944498020007032] ; [0.7706840510703109]
793 ; 0 ; 159 ; 0 ; [0.86259042886866355] ; [1.4846723968851594]
793 ; 0 ; 159 ; 1 ; [0.15513802255791934] ; [0.14124387436417885]
793 ; 0 ; 159 ; 2 ; [0.012531510043420143] ; [-0.0026484246396262343]
793 ; 0 ; 159 ; 3 ; [0.18217933426496116] ; [0.11699547510366143]
793 ; 0 ; 160 ; 0 ; [0.044893191499867861] ; [0.17998443244051315]
793 ; 0 ; 162 ; 0 ; [0.61374819660626001] ; [0.39803027982475986]
793 ; 0 ; 162 ; 1 ; [1.5280999918733178] ; [1.0862709856186912]
793 ; 0 ; 162 ; 2 ; [0.419449045378816] ; [0.32462104714625828]
793 ; 0 ; 162 ; 3 ; [0.93035680764687345] ; [1.76943008376734]
793 ; 0 ; 163 ; 0 ; [0.079697183556326351, 0.056547647505916655, 0.052588922489870592, 0.15642131830060618, -0.0035084496837383739] ; [0.029846769110694463, 0.11139941394704632, 0.10391434976110644, 0.13600380309316909, 0.043521906871497491]
793 ; 0 ; 164 ; 0 ; [1.7049600902304649] ; [1.1689377760188746]
793 ; 0 ; 165 ; 0 ; [0.082996758651511376] ; [0.19674610550846544]
793 ; 0 ; 165 ; 1 ; [0.079843510568509538] ; [0.046535794988119619]
793 ; 0 ; 165 ; 2 ; [2.858280848934279] ; [3.0185945847729903]
793 ; 0 ; 165 ; 4 ; [0.83462276485379538] ; [0.51193548761756702]
793 ; 0 ; 166 ; 0 ; [0.35045037825218012] ; [0.34374827927668655]
793 ; 0 ; 167 ; 0 ; [0.010809078419893958, 0.00079530399462678721, -0.0047589330114531439] ; [0.076975238002370494, 0.067604081143734215, 0.1577525535422474]
793 ; 0 ; 168 ; 0 ; [0.12822858798535813] ; [0.43746506201856145]
793 ; 0 ; 168 ; 2 ; [0.39898731546286342] ; [0.40301832483208888]
793 ; 0 ; 168 ; 3 ; [1.5715350465906446] ; [0.17198523126458889]
793 ; 0 ; 168 ; 5 ; [0.30997266150048525] ; [1.2140825555127621]
793 ; 0 ; 168 ; 6 ; [0.6112279367318374] ; [0.04170789752008229]
793 ; 0 ; 168 ; 16 ; [0.11254201033638153] ; [0.002198101317014459]
793 ; 0 ; 169 ; 5 ; [0.27079462286062495] ; [0.18028800815437476]
793 ; 0 ; 170 ; 0 ; [0.36287728342042364] ; [-0.11791138948134779]
793 ; 0 ; 170 ; 4 ; [1.3031855552688154, 1.6921833019506576] ; [0.086817589048017188, 0.10329413817412682]
793 ; 0 ; 171 ; 1 ; [0.49554275014305366] ; [0.38974872293117141]
793 ; 0 ; 171 ; 6 ; [0.21822139911907654] ; [0.40490997369111581]
793 ; 0 ; 171 ; 11 ; [1.0693379485647927] ; [1.9542769018366142]
793 ; 0 ; 171 ; 13 ; [0.50647482800755173] ; [0.52572448480531775]
793 ; 0 ; 171 ; 14 ; [3.6523830986982464] ; [1.6618193556687486]
793 ; 0 ; 171 ; 17 ; [1.8383692743532947] ; [0.896687597309753]
793 ; 0 ; 171 ; 20 ; [0.38638347433651044] ; [1.809908927052587]
793 ; 0 ; 172 ; 0 ; [0.45474281622863322] ; [0.25540915943174514]
793 ; 0 ; 172 ; 8 ; [0.8507102358647709] ; [0.29874956409573378]
793 ; 0 ; 173 ; 0 ; [0.016919927147051209, 0.001786351617769146, -0.0050690223166781449, 0.03556990338715442, 0.10960699301367044] ; [0.10860471559902803, 0.092417687717480559, 0.28989616358478992, 0.17680072392668225, 0.12210185370234274]
793 ; 0 ; 174 ; 0 ; [2.5856139008256456, 0.11527841363947812] ; [-0.0054468911155103614, 0.15752335964675152]
793 ; 0 ; 174 ; 2 ; [0.2864917532830123, 0.19278719729066709] ; [0.069339593768831864, 0.23188550617916762]
793 ; 0 ; 174 ; 4 ; [0.23665697437147559, 0.03626531508660872] ; [0.22807125504716508, 0.11955397528377257]
793 ; 0 ; 175 ; 0 ; [0.067178146694962984, 0.054345221202880607, 0.035821316728996092] ; [0.08936287785083416, 0.097680822935557562, 0.14501157052451499]
793 ; 0 ; 176 ; 0 ; [0.081434862024530305, 0.097714710992402865, 0.03392944790520367] ; [0.33354596211017373, 0.049155497792650674, 0.03548498889372511]
793 ; 0 ; 177 ; 0 ; [0.1376713599812982, 0.26237601758263612] ; [0.29382167926657077, 0.15030858782770651]
793 ; 0 ; 178 ; 0 ; [2.2110644062284082] ; [0.70816303823085602]
793 ; 0 ; 178 ; 2 ; [0.42168256895933998] ; [0.0018522504790592256]
793 ; 0 ; 179 ; 0 ; [0.17452476267109282, 0.39585240069562122] ; [0.28972719729574964, 0.048394612229288529]
793 ; 0 ; 179 ; 1 ; [-0.089242974821624271, -0.053128552412540761] ; [0.030656707528586038, 0.003767132987579502]
793 ; 0 ; 180 ; 0 ; [0.11255024115401503, 0.46135024685759324] ; [0.17775166842022999, 0.28173960962736883]
793 ; 0 ; 180 ; 1 ; [0.17622190018256492] ; [0.11856673070494286]
793 ; 0 ; 180 ; 3 ; [0.58742929975952307] ; [0.64861408490558481]
793 ; 0 ; 180 ; 5 ; [0.061423677089217796] ; [0.38083903005453074]
793 ; 0 ; 180 ; 13 ; [1.8516814776505648] ; [1.0321588218050031]
793 ; 0 ; 181 ; 3 ; [0.8593576535538503] ; [0.40230564205164737]
793 ; 0 ; 181 ; 4 ; [1.3648358171289297] ; [2.0024542031663768]
793 ; 0 ; 182 ; 0 ; [0.020111230511293758, 0.043733805556874963, 0.097359632916222558] ; [0.10121704505489901, 0.13071583913148807, 0.17119094990185454]
793 ; 0 ; 183 ; 1 ; [0.79901216749765636] ; [0.27247974608645603]
793 ; 0 ; 184 ; 0 ; [1.0474142516811693] ; [0.5055438192123477]
793 ; 0 ; 184 ; 2 ; [0.0052022577242046867] ; [-0.086489179021268583]
793 ; 0 ; 184 ; 10 ; [1.0596645856068234] ; [0.27466379099666072]
793 ; 0 ; 184 ; 12 ; [1.0678396435097199] ; [0.25876756244311439]
793 ; 0 ; 185 ; 0 ; [1.6326579463312705] ; [0.10847335359912386]
793 ; 0 ; 185 ; 1 ; [0.21168052012956823] ; [1.0962322753064011]
793 ; 0 ; 185 ; 5 ; [1.3244489071411816] ; [0.29109466139316242]
793 ; 0 ; 185 ; 8 ; [2.4256072827354207] ; [0.44286665329258512]
793 ; 0 ; 185 ; 11 ; [0.67300840121901162] ; [2.02800965677742]
793 ; 0 ; 187 ; 0 ; [0.56817935622798665] ; [0.33292867965284595]
793 ; 0 ; 187 ; 4 ; [0.61932557962129609] ; [1.1167892884889057]
793 ; 0 ; 188 ; 0 ; [1.15005477859579] ; [0.35936494739756658]
793 ; 0 ; 189 ; 0 ; [0.10098675159124688] ; [0.1186786885992525]
793 ; 0 ; 190 ; 0 ; [0.19623935625614317] ; [0.17277515115811945]
793 ; 0 ; 191 ; 1 ; [0.90141286977515334] ; [0.38372190266259965]
793 ; 0 ; 191 ; 2 ; [1.0710627189309663] ; [0.19432137101944397]
793 ; 0 ; 192 ; 0 ; [0.080413344608726248] ; [0.047849731828286418]
793 ; 0 ; 193 ; 0 ; [1.16183325998369] ; [0.5747207343239944]
793 ; 0 ; 193 ; 1 ; [0.29656781248425307] ; [2.1873438064843298]
793 ; 0 ; 194 ; 0 ; [-0.025677622643838213] ; [-0.015916394924893492]
793 ; 0 ; 194 ; 1 ; [1.0202399206263313] ; [0.26643104432843306]
793 ; 0 ; 194 ; 2 ; [1.7239774906979717] ; [0.48921669900119669]
793 ; 0 ; 194 ; 3 ; [0.70488485783930122] ; [0.44079786312819702]
793 ; 0 ; 194 ; 4 ; [0.34892749053131833] ; [1.147764668783132]
793 ; 0 ; 194 ; 10 ; [0.40268229126709587] ; [0.44290480679305544]
793 ; 0 ; 194 ; 16 ; [3.015287996900653] ; [4.4158320616298896]
793 ; 0 ; 194 ; 19 ; [1.1829688317107316] ; [2.070788995116541]
793 ; 0 ; 195 ; 0 ; [0.32632560563208518] ; [0.60290326956088736]
793 ; 0 ; 195 ; 1 ; [0.099705336799706015] ; [0.11965973097057532]
793 ; 0 ; 195 ; 2 ; [2.8158749593036285] ; [2.6592145765813537]
793 ; 0 ; 197 ; 0 ; [0.12029684645919755, 0.014780121958106523, 0.00061493797399497004, 0.0016083376592102973, -0.11907316700969198] ; [0.16388284743355597, 0.13871868480907176, 0.098100499231191199, 0.12823949904819479, 0.14048843382171439]
793 ; 0 ; 197 ; 1 ; [0.22064331718708857] ; [0.029793564032430973]
793 ; 0 ; 198 ; 0 ; [0.19617314596943083] ; [0.068963379217711951]
793 ; 0 ; 198 ; 2 ; [0.092177038977540954] ; [0.34698383659549031]
793 ; 0 ; 199 ; 0 ; [0.14353592227952597, 0.068086515030172615, 0.35186397851582185] ; [0.092573951963311557, 0.10716870270256695, 0.11031065412979298]
793 ; 0 ; 199 ; 1 ; [1.1061129216425336] ; [0.0010610943001556369]
793 ; 0 ; 200 ; 0 ; [0.12618727431478377, 0.053730874672517019] ; [0.28019988678118807, 0.025923158921488412]
793 ; 0 ; 200 ; 1 ; [-0.018920721957416592] ; [0.0068165247141935056]
793 ; 0 ; 201 ; 1 ; [0.12147708346219054, 0.23569945394865954] ; [0.20105090885620064, 0.3904844784158466]
793 ; 0 ; 202 ; 0 ; [0.06110583595124635, 0.045322981874413505, 0.23260471007093547, 0.0021730978802575961] ; [0.16455338000876082, 0.07873822229275039, 0.49062941726489545, 0.10165956166655246]
793 ; 0 ; 202 ; 1 ; [-0.0040942050812133009] ; [0.048529438312610425]
793 ; 0 ; 203 ; 0 ; [0.30569565797762027] ; [0.2561453933040001]
793 ; 0 ; 204 ; 0 ; [0.094412940908198337, 0.06410254598673408, 0.09562655370427367, 0.14010713828418919] ; [0.18321900283239892, 0.082764741895387892, 0.11437788454538826, 0.13507014196485959]
793 ; 0 ; 205 ; 1 ; [0.56750824316924109] ; [0.82096969687464927]
793 ; 0 ; 206 ; 0 ; [0.27129167387844622] ; [3.9690367666285131]
793 ; 0 ; 206 ; 1 ; [0.98293002091692128] ; [0.024807532926373808]
793 ; 0 ; 206 ; 3 ; [3.2829994360017176] ; [2.6667567893155146]
793 ; 0 ; 206 ; 4 ; [2.4156011889384583] ; [5.8307021466479645]
793 ; 0 ; 207 ; 0 ; [0.07268996893485373] ; [0.16575320807642613]
793 ; 0 ; 207 ; 1 ; [0.029152321104834487] ; [0.30058817109501279]
793 ; 0 ; 207 ; 3 ; [0.030725708187816718] ; [0.20451579077200133]
793 ; 0 ; 208 ; 0 ; [0.66706919474860804] ; [0.28831976646862295]
793 ; 0 ; 208 ; 1 ; [-0.0046942753150948464] ; [0.28132087344621565]
793 ; 0 ; 208 ; 2 ; [0.76870263985906806] ; [0.28689084226178124]
793 ; 0 ; 209 ; 0 ; [0.13079093048741189, 0.14977178438586269, 0.11853790307188859, 0.18933710177065421, 0.098631472862675137] ; [0.085784266771671933, 0.068674951556109268, 0.077094915666556116, 0.12559274884432142, 0.23858561047305735]
793 ; 0 ; 210 ; 1 ; [0.88028215739195703] ; [3.17592969941041]
793 ; 0 ; 210 ; 3 ; [1.5374814220509994] ; [0.97751164640997423]
793 ; 0 ; 210 ; 4 ; [1.2225939047003322] ; [1.8982947800800061]
793 ; 0 ; 211 ; 0 ; [1.54038428050266] ; [0.050328080466738215]
793 ; 0 ; 211 ; 2 ; [1.1476089569416659] ; [1.8164299263860724]
793 ; 0 ; 211 ; 4 ; [2.1245216250154146] ; [1.597216880387538]
793 ; 0 ; 213 ; 0 ; [0.079561149323716093, 0.051128303641163636, 0.10597086846719464, 0.010648571571932912] ; [0.10734225116169849, 0.091894014056799297, 0.11954595822572732, 0.14431322514280917]
793 ; 0 ; 213 ; 1 ; [0.10404492378042314] ; [0.047710130056688012]
793 ; 0 ; 214 ; 0 ; [0.034753662569124662] ; [0.0077262952481527859]
793 ; 0 ; 214 ; 2 ; [0.24889090339971359] ; [0.92664367807652459]
793 ; 0 ; 214 ; 6 ; [1.8747782391521357] ; [1.2842372599394554]
793 ; 0 ; 214 ; 7 ; [0.39966616898740254] ; [0.61377428216201679]
793 ; 0 ; 214 ; 8 ; [1.1887144000367622] ; [0.88674214465046886]
793 ; 0 ; 215 ; 0 ; [-0.0031885076279641851, -0.0015287185698440774, 0.024851642551370186, -0.0038417572593562842] ; [0.064284931836120912, 0.096750631724564107, 0.13968550959434789, -0.024567660946293042]
793 ; 0 ; 215 ; 1 ; [0.044443204286488576] ; [0.039442407521363916]
793 ; 0 ; 216 ; 0 ; [0.016486599228277745, 0.096885874508662997] ; [0.061584379147521219, 0.12069573769227425]
793 ; 0 ; 216 ; 1 ; [0.70213344008834944] ; [0.37028198079055608]
793 ; 0 ; 217 ; 0 ; [0.017310193820225847, -0.0024762764427410499, -0.013332493650126285] ; [0.18661499332299461, 0.15366743399734226, 0.062723967769270361]
793 ; 0 ; 218 ; 0 ; [0.0045636225314575792, 0.00031088986946618873, 0.52298099230440342] ; [0.21337193198982532, 0.17059871175189584, 0.26573493161262707]
793 ; 0 ; 219 ; 0 ; [0.47220321968372464] ; [0.49773099625832795]
793 ; 0 ; 220 ; 0 ; [0.54644526174321051, 0.067419638791716058, 0.068271627200642518] ; [0.25424606552145362, 0.10465413095022935, 0.078662606241679103]
793 ; 0 ; 221 ; 0 ; [0.58948843004438112] ; [0.70403338107251623]
793 ; 0 ; 221 ; 3 ; [0.076704311168480255] ; [-0.013064358457969114]
793 ; 0 ; 221 ; 8 ; [1.0905896916936737] ; [0.49082286626840937]
793 ; 0 ; 221 ; 9 ; [1.9607717141646275] ; [0.48348341452862392]
793 ; 0 ; 221 ; 11 ; [1.206902592780547] ; [0.48615636775200444]
793 ; 0 ; 221 ; 13 ; [0.61593235106249089] ; [0.59434731818014608]
793 ; 0 ; 221 ; 15 ; [1.01524573053616] ; [0.3934551511660867]
793 ; 0 ; 221 ; 17 ; [1.418100472518532] ; [1.9108726366307862]
793 ; 0 ; 221 ; 19 ; [1.8840715486636479] ; [1.1525420174556782]
793 ; 0 ; 223 ; 0 ; [0.77444008259386177] ; [0.70687152595006875]
793 ; 0 ; 223 ; 1 ; [0.048005887245183107] ; [0.2385287934211561]
793 ; 0 ; 223 ; 3 ; [2.820071698386585] ; [1.830034967318547]
793 ; 0 ; 224 ; 0 ; [-0.0096916110594659072, 0.0079923431903656129, 0.56322377817163927, -0.018085159220547431] ; [0.10081156125222675, 0.11728559335877684, 0.1521337141181493, -0.0042545480953517407]
793 ; 0 ; 225 ; 0 ; [0.16889446873232347, 0.10910864050021174, 0.54832198340520055] ; [0.13660724333779789, 0.10565839135709622, -0.11376654824650567]
793 ; 0 ; 226 ; 0 ; [-0.081085837784817039] ; [0.44542587091679486]
793 ; 0 ; 226 ; 1 ; [1.2608543257397922] ; [0.010260529590870702]
793 ; 0 ; 226 ; 4 ; [1.1915986882365162] ; [0.016464867220189416]
793 ; 0 ; 226 ; 5 ; [1.4181626828887459] ; [0.31781585136477691]
793 ; 0 ; 226 ; 6 ; [1.9220090806788919] ; [1.9710465732616056]
793 ; 0 ; 227 ; 0 ; [0.19456343544093496, 0.016505373861352656, 0.5598826300714691] ; [0.27760059617289301, 0.071494819369134391, -0.10829038489442307]
793 ; 0 ; 228 ; 0 ; [0.086954584181890143] ; [0.034245252857243384]
793 ; 0 ; 229 ; 0 ; [0.48810859748719387] ; [0.52289043129397383]
793 ; 0 ; 229 ; 9 ; [0.87090682771570138] ; [0.64120945627478065]
793 ; 0 ; 229 ; 10 ; [1.0363220851506525] ; [3.2546627562888091]
793 ; 0 ; 230 ; 0 ; [1.0079748669370305] ; [0.83583130727682853]
793 ; 0 ; 230 ; 2 ; [0.27504443848426136] ; [0.34168237055052764]
793 ; 0 ; 232 ; 0 ; [0.29841417269631587] ; [0.016109094171667136]
793 ; 0 ; 232 ; 1 ; [0.79914634216292746] ; [0.19785064109017128]
793 ; 0 ; 233 ; 0 ; [0.011541491219300629] ; [0.091229977800846254]
793 ; 0 ; 234 ; 0 ; [0.045153284731317703] ; [0.11221770585862237]
793 ; 0 ; 234 ; 1 ; [1.0266374639783824] ; [0.26688826273678024]
793 ; 0 ; 234 ; 2 ; [0.99313336713713007] ; [0.61650188389648752]
793 ; 0 ; 234 ; 8 ; [1.1025787292522642] ; [0.50769472835146046]
793 ; 0 ; 235 ; 0 ; [0.18988120586051579, 0.15357786702257734] ; [0.32683152974859697, 0.027459318556467067]
793 ; 0 ; 236 ; 0 ; [0.36307891015283139] ; [-0.035502527954846215]
793 ; 0 ; 236 ; 1 ; [0.58516204722010012] ; [0.4386209980100535]
793 ; 0 ; 236 ; 2 ; [0.85664624470563711] ; [-0.0034582092456532359]
793 ; 0 ; 236 ; 6 ; [0.56598507340706183] ; [0.4509314524178038]
793 ; 0 ; 237 ; 0 ; [0.16430458908707229, 0.12279741078378746, 0.15793744675153315] ; [0.090735516843500785, 0.14083378260681642, 0.13584787033149562]
793 ; 0 ; 238 ; 0 ; [0.17648987139175701] ; [0.046732867536243214]
793 ; 0 ; 238 ; 2 ; [0.028856561545560457] ; [0.054375993207584634]
793 ; 0 ; 239 ; 0 ; [0.25076175172681631, 0.30046035082379569, -0.014406055790196874] ; [0.22187061023053914, 0.13945431797731353, -0.19201950579301774]
793 ; 0 ; 239 ; 1 ; [1.1358080836870674] ; [0.13845647646281659]
793 ; 0 ; 240 ; 0 ; [0.21221285674891485] ; [0.47307659766311727]
793 ; 0 ; 240 ; 1 ; [0.2575990441813874] ; [0.37599419289074526]
793 ; 0 ; 240 ; 2 ; [1.044110597065689] ; [0.28413255712226637]
793 ; 0 ; 240 ; 3 ; [0.31902815816164992] ; [0.12240408451420763]
793 ; 0 ; 240 ; 8 ; [4.2211681151850353] ; [0.19266271705002999]
793 ; 0 ; 241 ; 0 ; [0.10624355170935447, 0.13442802637411505, -0.0090198056464807722] ; [0.11942737588526384, 0.21455136677273723, 0.11978575758408276]
793 ; 0 ; 242 ; 0 ; [0.19900850490262106, 0.54082628573410874] ; [0.079813974932282442, 0.22339017103845907]
793 ; 0 ; 242 ; 1 ; [0.19946945481781023] ; [0.00027737308344711085]
793 ; 0 ; 242 ; 2 ; [0.31864043220825927] ; [0.2439878937466835]
793 ; 0 ; 242 ; 6 ; [0.45011571041870607] ; [0.018839611575519832]
793 ; 0 ; 243 ; 0 ; [0.1345165996615528, 0.12071335621729806, 0.63547429221047536] ; [0.048448460710848761, 0.099067874598060185, 0.019345505478823775]
793 ; 0 ; 244 ; 0 ; [0.15850383946699026, 0.0052927052744020679, -0.0087274696861805931] ; [0.16671302257230736, 0.28365752457363197, 0.07195408201375332]
793 ; 0 ; 245 ; 2 ; [1.6054924933352668] ; [0.69836435393657514]
793 ; 0 ; 245 ; 10 ; [3.839551175387089] ; [0.58255526557712733]
793 ; 0 ; 247 ; 0 ; [0.43809580219985639] ; [0.10933824271668965]
793 ; 0 ; 247 ; 1 ; [3.5539841339697018] ; [0.24817257656944955]
793 ; 0 ; 247 ; 2 ; [1.6567956154335923] ; [0.61805947029572983]
793 ; 0 ; 247 ; 8 ; [3.3187972342434127] ; [1.7877471633824171]
793 ; 0 ; 247 ; 10 ; [1.306151494473778] ; [2.1230805544141389]
793 ; 0 ; 247 ; 14 ; [0.68222857935935688] ; [1.2650155845411684]
793 ; 0 ; 247 ; 15 ; [2.0598526059557298] ; [1.7168828470298283]
793 ; 0 ; 247 ; 16 ; [1.2187976319281666] ; [1.4114673813750207]
793 ; 0 ; 247 ; 17 ; [0.60773403858595898] ; [1.7404366091689145]
793 ; 0 ; 247 ; 21 ; [1.8563314577680154] ; [2.7760276718614314]
793 ; 0 ; 247 ; 25 ; [4.6760991395363165] ; [1.9969901862892956]
793 ; 0 ; 247 ; 33 ; [3.0183958581683732] ; [4.1584472411357876]
793 ; 0 ; 247 ; 37 ; [1.9650542175794843] ; [2.8499585966884253]
793 ; 0 ; 247 ; 39 ; [1.7569705394487192] ; [1.3891506346859839]
793 ; 0 ; 247 ; 40 ; [1.5694769663869779] ; [1.6099940305505311]
793 ; 0 ; 247 ; 41 ; [2.7143856963194688] ; [1.6235158124460773]
793 ; 0 ; 247 ; 42 ; [1.3605342530638114] ; [1.6410094465653606]
793 ; 0 ; 247 ; 43 ; [1.8009557755423415] ; [1.4735702746815613]
793 ; 0 ; 250 ; 0 ; [0.20874209710861838] ; [0.24033822340781349]
793 ; 0 ; 250 ; 1 ; [0.23142614430766392] ; [0.18828032505347439]
793 ; 0 ; 250 ; 2 ; [0.39391875117680503] ; [0.072481473385510892]
793 ; 0 ; 252 ; 3 ; [2.5375561885510645] ; [2.355672877729083]
793 ; 0 ; 252 ; 4 ; [1.5252295305390298] ; [1.703743926241313]
793 ; 0 ; 252 ; 5 ; [2.2258159565356728] ; [1.6724786325820298]
793 ; 0 ; 252 ; 8 ; [1.2475578462517023] ; [1.4584761228978116]
793 ; 0 ; 253 ; 0 ; [-0.0076005627398237057, 0.0031955060921077462, -0.0026967962684207205] ; [0.20493558167546991, 0.087358776855154696, 0.0075363825185874632]
793 ; 0 ; 254 ; 4 ; [1.7543434779114031] ; [1.7102386856781226]
793 ; 0 ; 254 ; 5 ; [1.843116798944288] ; [1.5522158709770975]
793 ; 0 ; 254 ; 8 ; [1.9907172052581277] ; [1.3661040274147909]
793 ; 0 ; 254 ; 10 ; [1.9890728124863117] ; [0.14223725206867829]
793 ; 0 ; 254 ; 11 ; [2.8134449417275351] ; [1.1702508334417487]
793 ; 0 ; 254 ; 12 ; [2.3677857763761549] ; [1.044564182132135]
793 ; 0 ; 255 ; 0 ; [0.061727479407312408, 0.013669699436130891, 0.0037289030031885145] ; [0.18638295925539991, 0.28058356046460242, 0.070463677716974801]
793 ; 0 ; 257 ; 0 ; [0.044729111424008566, 0.017059460913849314, 0.082111017049899385, 0.16794214147978881] ; [0.10288504629692831, 0.10931874623872456, 0.14795528589993812, 0.20645925972857612]
793 ; 0 ; 258 ; 1 ; [0.23782602283192794, 0.096481427270304745, 0.11504038055309421] ; [0.21254035112675992, 0.1015946085720149, 0.087702735563458034]
793 ; 0 ; 259 ; 0 ; [0.75134629597181235] ; [0.52106611465608477]
793 ; 0 ; 259 ; 1 ; [0.56970245080309712] ; [0.25026199641250368]
793 ; 0 ; 260 ; 0 ; [0.011799446505967323] ; [0.10292733597269697]
793 ; 0 ; 261 ; 0 ; [0.064025084949656877] ; [0.13686948313276556]
793 ; 0 ; 261 ; 6 ; [0.25697474338068288] ; [1.3559676609349061]
793 ; 0 ; 261 ; 14 ; [0.33314063552758777] ; [1.956559427257307]
793 ; 0 ; 261 ; 19 ; [1.2055776157057918] ; [1.6446368666498044]
793 ; 0 ; 263 ; 0 ; [0.076132024267795695] ; [0.078652334812284272]
793 ; 0 ; 263 ; 2 ; [0.17123957544454677] ; [0.96616824661061806]
793 ; 0 ; 263 ; 3 ; [0.33779395565959153] ; [0.56458041673866644]
793 ; 0 ; 263 ; 4 ; [0.26321544045403084] ; [0.66144254826001625]
793 ; 0 ; 264 ; 0 ; [0.098168746727922279, 0.30129458469824344, 0.45651382713247779, 0.48958537840006117, 0.066819167333790411] ; [0.096491118062097689, 0.13757879347270008, 0.20033291007707668, 0.54802485414756086, 0.46207307064418229]
793 ; 0 ; 264 ; 1 ; [0.42412951216938627, 0.19584402680226776] ; [0.19610204306554402, 0.35894115016102401]
793 ; 0 ; 265 ; 0 ; [0.97247038894791737] ; [-0.0045732806849535391]
793 ; 0 ; 265 ; 1 ; [0.47628092940967864] ; [1.2245414875679033]
793 ; 0 ; 265 ; 3 ; [1.3276526508075703] ; [1.272529939437149]
793 ; 0 ; 265 ; 6 ; [1.915739002228587] ; [0.37122586128442775]
793 ; 0 ; 265 ; 7 ; [1.858646826589621] ; [0.098657709428905435]
793 ; 0 ; 265 ; 8 ; [1.4017116752427716] ; [1.9807247962059618]
793 ; 0 ; 265 ; 11 ; [1.8681392506016368] ; [0.65786782774012909]
793 ; 0 ; 265 ; 12 ; [0.94050444202884642] ; [1.9707761932610171]
793 ; 0 ; 265 ; 13 ; [1.9927956413426049] ; [0.54759779314640922]
793 ; 0 ; 265 ; 14 ; [1.4278012200090033] ; [1.1744148953164637]
793 ; 0 ; 266 ; 2 ; [1.459702323513167] ; [0.15685443364319157]
793 ; 0 ; 266 ; 4 ; [0.75034201368766729] ; [0.68838580939029448]
793 ; 0 ; 266 ; 13 ; [0.59000156250017588] ; [0.16832115379745302]
793 ; 0 ; 269 ; 0 ; [0.20620263094393995] ; [0.11212434028554236]
793 ; 0 ; 269 ; 2 ; [1.002169814142738] ; [0.2664672356358922]
793 ; 0 ; 269 ; 5 ; [0.95941575380818955] ; [0.35558113615995501]
793 ; 0 ; 269 ; 6 ; [0.70563245600501645] ; [0.26938209423499221]
793 ; 0 ; 270 ; 0 ; [-0.00036605956170571602, 0.026217830835786968] ; [0.539025433398586, 0.12422523440869095]
793 ; 0 ; 270 ; 2 ; [1.1453980604971334] ; [1.2424320466738876]
793 ; 0 ; 271 ; 1 ; [1.4555696435666938] ; [1.0759000683845856]
793 ; 0 ; 271 ; 5 ; [2.3872552379469494] ; [1.7081587470686272]
793 ; 0 ; 271 ; 6 ; [2.5131543361235349] ; [1.3624528937950955]
793 ; 0 ; 272 ; 0 ; [1.1185930590536646] ; [0.14949320551147435]
793 ; 0 ; 272 ; 1 ; [0.12463439315318622] ; [0.040242519545518579]
793 ; 0 ; 272 ; 2 ; [0.33402695834242685] ; [0.2559342373944879]
793 ; 0 ; 272 ; 3 ; [1.1797762425903862] ; [0.48991217595264869]
793 ; 0 ; 272 ; 5 ; [0.35607214476836463] ; [0.13575290034000576]
793 ; 0 ; 272 ; 8 ; [1.7559117318930955] ; [1.9035768892169458]
793 ; 0 ; 272 ; 13 ; [0.4189411741465614] ; [2.6498483020274524]
793 ; 0 ; 273 ; 0 ; [0.014839147489922756, 0.037781241887330334] ; [0.17783677309459511, 0.069263448117764762]
793 ; 0 ; 274 ; 5 ; [0.10307047663860369, 0.37801377437717942, 0.28488706637460903] ; [0.10239888945963749, 0.72600447878721441, 0.56271039111618593]
793 ; 0 ; 275 ; 0 ; [1.8010978597877869] ; [0.48289433390565856]
793 ; 0 ; 276 ; 0 ; [0.083376848300125123, 0.094629929472258012, 0.046701772112701677, 0.085405137357502534] ; [0.21198602608853262, 0.17190871959171874, 0.10055020122834564, -0.013396307377871695]
793 ; 0 ; 276 ; 1 ; [-0.035665362357980568] ; [0.098242223635905318]
793 ; 0 ; 277 ; 0 ; [0.11712472010133994, 0.65855402852037448, 0.88783523647097395] ; [0.17388973300538879, 0.52092550297608842, 0.65354024899873808]
793 ; 0 ; 277 ; 1 ; [0.62981941962905952] ; [0.58483945170403528]
793 ; 0 ; 278 ; 0 ; [0.047299174525212546, 0.092047666988469265, 0.23853090159667023, -0.0194212155081319] ; [0.19967614563675687, 0.11846813750732814, 0.574146547497006, 0.040534669961756066]
793 ; 0 ; 278 ; 1 ; [0.047953460655593659] ; [0.0099942323174196327]
793 ; 0 ; 279 ; 0 ; [0.69681226487304293] ; [0.26373904655065206]
793 ; 0 ; 279 ; 1 ; [-0.1252278347399875] ; [0.46638847988414539]
793 ; 0 ; 279 ; 2 ; [0.27672627616088979] ; [0.14609636015123423]
793 ; 0 ; 279 ; 3 ; [0.2652936967296981] ; [0.5509731333565947]
793 ; 0 ; 280 ; 0 ; [0.46749051356960103] ; [0.99996984680223322]
793 ; 0 ; 280 ; 2 ; [1.8990667201004843] ; [2.4073318288159489]
793 ; 0 ; 280 ; 5 ; [3.6895561771661112] ; [1.1630181676281899]
793 ; 0 ; 280 ; 9 ; [2.3284436525039416] ; [1.2875107643454393]
793 ; 0 ; 281 ; 0 ; [0.3125251518096378, 0.43988012903437085] ; [0.094613533649180195, 0.024252626851989038]
793 ; 0 ; 281 ; 1 ; [0.51400339187062039] ; [0.1172698167498217]
793 ; 0 ; 281 ; 2 ; [0.26896538748813914] ; [0.084369998372861049]
793 ; 0 ; 282 ; 0 ; [0.15056781027606711] ; [0.43175686485051062]
793 ; 0 ; 282 ; 1 ; [0.85743961346350817] ; [0.39399511983917301]
793 ; 0 ; 282 ; 3 ; [0.63045509740982553] ; [0.52273009568175244]
793 ; 0 ; 282 ; 6 ; [0.35136146645738303] ; [0.38219541260016343]
793 ; 0 ; 283 ; 0 ; [0.11099075396303104, 0.065553713800677718, -0.0069461441594878392] ; [0.12179914039834168, 0.10286932225160628, 0.050004885601301875]
793 ; 0 ; 284 ; 0 ; [0.0036758326840702188, 0.0055539715865774364] ; [0.093949376901717854, 0.22474905155657598]
793 ; 0 ; 284 ; 1 ; [0.12757621675316022] ; [0.16667847734777727]
793 ; 0 ; 286 ; 0 ; [0.33236783355398564] ; [0.41781777106007173]
793 ; 0 ; 287 ; 0 ; [0.64436380596515097] ; [0.2676415073227551]
793 ; 0 ; 288 ; 0 ; [0.50746027447020725] ; [0.044122070408578573]
793 ; 0 ; 288 ; 1 ; [0.91539432819834265] ; [0.36880514528595704]
793 ; 0 ; 289 ; 0 ; [-0.0072852475236642291, 0.011527861964897313, 0.04098796690608382] ; [0.18776671652233015, 0.20810195235111476, 0.087740581423989925]
793 ; 0 ; 290 ; 0 ; [0.0029437019286534219, -0.015352708594857717, 0.015124257494327605] ; [0.085094866211752787, 0.10275839806688913, 0.22679898792973821]
793 ; 0 ; 290 ; 1 ; [-0.0086724141637328726] ; [0.075198112839888823]
793 ; 0 ; 291 ; 0 ; [0.38419679024245385] ; [0.26577884193239482]
793 ; 0 ; 291 ; 1 ; [0.31425514119806569] ; [0.28529701582734113]
793 ; 0 ; 291 ; 3 ; [0.032010067038496917] ; [0.1269070303716871]
793 ; 0 ; 291 ; 6 ; [0.45417194677708944] ; [0.22892297250178248]
793 ; 0 ; 292 ; 0 ; [0.14041080122555902] ; [0.05023028956963653]
793 ; 0 ; 292 ; 1 ; [1.4876548519336861] ; [1.6187211514256659]
793 ; 0 ; 292 ; 3 ; [0.67651845371670816] ; [0.048312963234362995]
793 ; 0 ; 292 ; 4 ; [1.6684040773786448] ; [2.3509055668885903]
793 ; 0 ; 292 ; 5 ; [1.4562253782974259] ; [2.8547855805039548]
793 ; 0 ; 292 ; 6 ; [0.31500253127285682] ; [0.56789265473124551]
793 ; 0 ; 292 ; 10 ; [2.997431442849122] ; [1.3278833150759786]
793 ; 0 ; 292 ; 11 ; [3.5841416383613205] ; [1.2727032047566385]
793 ; 0 ; 292 ; 16 ; [0.82397065180906892] ; [3.605748438390771]
793 ; 0 ; 293 ; 0 ; [0.22513674666180372] ; [0.13162251958556889]
793 ; 0 ; 294 ; 0 ; [0.18340504108970385] ; [0.0430436527794444]
793 ; 0 ; 294 ; 1 ; [0.37025920261299333] ; [0.16462667887276061]
793 ; 0 ; 295 ; 0 ; [0.086405029716027995, 0.044028527291725336] ; [0.15724508193508721, 0.090661872087579393]
793 ; 0 ; 296 ; 0 ; [0.20566650543721982, 1.1437596843991795] ; [0.13272342476922827, 1.1499480817541181]
793 ; 0 ; 296 ; 3 ; [1.4712789956127363] ; [1.2810920486297976]
793 ; 0 ; 297 ; 0 ; [0.026379018046292516, 0.029403758554968913, 0.074555415342301368, 0.11853874531224111, 0.048485001639814305] ; [0.1428154987660416, 0.29248038064859616, 0.16912805948995288, 0.22665485278955788, 0.5526866994095746]
793 ; 0 ; 298 ; 0 ; [0.066406415582897685, 0.043443786442876657, 0.020265023177139692] ; [0.082254327337085154, 0.076422361179981357, -0.16592430673530678]
793 ; 0 ; 299 ; 0 ; [0.80000322719549544] ; [0.75560120355242522]
793 ; 0 ; 300 ; 4 ; [-0.056421302043447696] ; [0.026923047994584889]
793 ; 0 ; 301 ; 1 ; [0.088816453429326217] ; [0.056468632703432255]
793 ; 0 ; 301 ; 2 ; [0.091358905918984767] ; [0.017349723045910079]
793 ; 0 ; 302 ; 0 ; [0.14831323706437791, 0.64046733957068069] ; [0.4093202960194734, 0.938027209084766]
793 ; 0 ; 302 ; 1 ; [0.53580445752371286] ; [0.91464605896861628]
793 ; 0 ; 302 ; 2 ; [0.15309052610175408] ; [0.55454024011109238]
793 ; 0 ; 302 ; 6 ; [1.2556427477391217] ; [-0.053111738310429729]
793 ; 0 ; 304 ; 0 ; [0.0048271944520547616, 0.11489698448726518, 0.024746184114921861] ; [0.090448119165237734, 0.093298210410519083, 0.15620733083580313]
793 ; 0 ; 304 ; 1 ; [0.10780258787675277] ; [0.13679938122372584]
793 ; 0 ; 304 ; 2 ; [-0.0045223266336374334] ; [0.23685106839796582]
793 ; 0 ; 305 ; 0 ; [0.21442686323198379, 0.49909236837112558] ; [0.20889571296441151, 0.45649137663281336]
793 ; 0 ; 305 ; 1 ; [0.20087377930227265, 0.063998250865983347, 0.18916514559430778] ; [0.13616627165707187, 0.10061736899268491, 0.0058558305993917752]
793 ; 0 ; 306 ; 0 ; [0.14549407755820915] ; [4.0259798008163834]
793 ; 0 ; 308 ; 0 ; [0.069616028260324661, 1.7515121494229002] ; [0.037217225946545467, 0.083563706033878526]
793 ; 0 ; 308 ; 1 ; [0.70041976204878953] ; [2.8468019474650652]
793 ; 0 ; 308 ; 4 ; [0.17935021683194716] ; [0.84446132792944151]
793 ; 0 ; 310 ; 0 ; [1.7078307657217038] ; [0.52362171943621594]
793 ; 0 ; 310 ; 1 ; [0.51615331228615235] ; [0.7273684060752833]
793 ; 0 ; 310 ; 3 ; [0.10858238159742481] ; [0.29158808917494106]
793 ; 0 ; 310 ; 6 ; [2.3647159255492518] ; [0.61094855872301068]
793 ; 0 ; 311 ; 0 ; [0.022372700776011899] ; [0.079529571029733931]
793 ; 0 ; 312 ; 0 ; [0.05070606809550196, 0.25306100154792233, 0.11682889208089077, 0.18959812651695887] ; [0.12776817549638364, 0.22987026022826881, 0.1766477822133117, 0.035742201401113657]
793 ; 0 ; 312 ; 1 ; [-0.030141987531128213] ; [-0.00706867577116836]
793 ; 0 ; 313 ; 0 ; [0.068995782009828102] ; [1.7291073306150995]
793 ; 0 ; 313 ; 1 ; [0.18495744076673357] ; [0.44407360106674998]
793 ; 0 ; 313 ; 2 ; [0.39339968564605043] ; [0.28969273525575751]
793 ; 0 ; 313 ; 3 ; [0.13651959585373868] ; [0.054705142721589474]
793 ; 0 ; 313 ; 7 ; [0.13087121648938704] ; [0.42674673514650763]
793 ; 0 ; 314 ; 0 ; [0.094383838800903466, 0.11288972343422528, 0.15284336507749258, 0.13756971440823446, 0.10876986939554073] ; [0.015818482942278601, 0.1031685885949666, 0.071325409649098809, 0.099345188505705367, 0.076344809397456498]
793 ; 0 ; 315 ; 0 ; [0.53522634182784556] ; [0.27554682451445872]
793 ; 0 ; 315 ; 1 ; [1.4686309454348672] ; [0.63660168455443333]
793 ; 0 ; 316 ; 0 ; [1.7223989005128739] ; [0.32188110384039903]
793 ; 0 ; 316 ; 1 ; [0.52298769798185096] ; [0.65339322255031806]
793 ; 0 ; 316 ; 9 ; [0.81463746678287374] ; [0.43680373225863889]
793 ; 0 ; 316 ; 13 ; [2.0136564706703468] ; [2.2018772144567773]
793 ; 0 ; 317 ; 0 ; [0.13420730957290122, 0.14668141715938934, 0.02769884882970558] ; [0.13380413345024206, 0.35401095788991999, -0.046515158627473165]
793 ; 0 ; 318 ; 0 ; [0.19424448305920919, 0.12139380925737275, 0.28848570416681113, 0.087883173943693674] ; [0.18494095598468779, 0.1419374028951027, 0.16652988462310456, 0.15255078067625014]
793 ; 0 ; 319 ; 0 ; [0.16196785991735571] ; [0.031631798616024956]
793 ; 0 ; 320 ; 4 ; [1.4379627644475443] ; [0.91706949875305122]
793 ; 0 ; 320 ; 9 ; [0.44458455819161535] ; [1.0646295135570889]
793 ; 0 ; 320 ; 18 ; [0.72333008237922292] ; [1.1996736990229186]
793 ; 0 ; 321 ; 0 ; [0.014417623832811177, 0.062446018824679018, 0.098892473278730159] ; [0.12898163682087432, 0.093497368136424758, -0.067538548286135078]
793 ; 0 ; 321 ; 1 ; [0.15253247933784717] ; [0.013034641463972745]
793 ; 0 ; 321 ; 2 ; [1.0807747725397117] ; [0.067500415065492481]
793 ; 0 ; 322 ; 1 ; [0.067782105870363249] ; [0.022353269687594331]
793 ; 0 ; 322 ; 3 ; [0.10004846137584759, 0.11522978147004809, 0.082788299705246898] ; [0.12890919580873109, 0.11371098721770637, 0.095119529879741052]
793 ; 0 ; 323 ; 0 ; [0.060653638253437711] ; [0.62764210138027787]
793 ; 0 ; 323 ; 1 ; [2.6686134647614543] ; [0.77597084593366539]
793 ; 0 ; 325 ; 3 ; [0.00131287915037049] ; [0.13055759108178247]
793 ; 0 ; 325 ; 4 ; [0.7903795390741104] ; [0.17660691800837078]
793 ; 0 ; 326 ; 0 ; [0.29695052159212315] ; [0.0021540273778017831]
793 ; 0 ; 326 ; 1 ; [0.093443674015601483] ; [1.3739397784826011]
793 ; 0 ; 326 ; 3 ; [0.27438649306890778] ; [0.24362305083501959]
793 ; 0 ; 326 ; 7 ; [1.5806694855519534] ; [1.8443026145656487]
793 ; 0 ; 326 ; 27 ; [2.2965287862134054] ; [0.32137399076577866]
793 ; 0 ; 327 ; 0 ; [0.082148827888883516, 0.1657353642812483, 0.10536071525646307, 0.074157489507805596] ; [0.32703696387700132, 0.10660796255251487, 0.11967742181096826, 0.48168629974096261]
793 ; 0 ; 327 ; 1 ; [0.42109427787936543, 0.12278167894710702, 0.14384386289301007] ; [0.21810789550672258, 0.10758430821105418, 0.10572125993251848]
793 ; 0 ; 327 ; 2 ; [0.48330702581979607, -0.088978355847287652] ; [0.07313410004510347, 0.037706258427625663]
793 ; 0 ; 327 ; 3 ; [0.01176256368787928] ; [0.011716318800331131]
793 ; 0 ; 327 ; 4 ; [3.8852840051337045] ; [0.26754515246809274]
793 ; 0 ; 329 ; 0 ; [1.0153517923678927, 0.3855933076368333, 0.33840794817365843] ; [0.97696607944123848, 0.25384326471022844, 0.10773833866133037]
793 ; 0 ; 329 ; 5 ; [0.75071978714002219] ; [0.61090960240048353]
793 ; 0 ; 330 ; 0 ; [0.043000014738510568, 0.35613717815501206] ; [0.21683949429143828, 0.47016311477593181]
793 ; 0 ; 331 ; 0 ; [0.48149705363046064] ; [0.13484758708698491]
793 ; 0 ; 332 ; 5 ; [1.3010429726947079] ; [2.4473616483469662]
793 ; 0 ; 333 ; 0 ; [0.45974572488244658, 0.10749759961070413] ; [0.35571519490745723, 0.040554281994250353]
793 ; 0 ; 334 ; 0 ; [1.6782245712296995, 0.81135765867268184] ; [0.29469917468110335, 0.12177330376302993]
793 ; 0 ; 334 ; 3 ; [1.4664340446506228] ; [0.11211150148766771]