# Run ; Subrun ; Event ; Track ; Charge Ratios View 0 ; Charge Ratios View 1 #
783 ; 0 ; 0 ; 2 ; [0.82638471808997926] ; [2.7182601882327053]
783 ; 0 ; 1 ; 0 ; [0.61174013187352572] ; [0.20093039649981678]
783 ; 0 ; 1 ; 1 ; [0.15824345461106928] ; [0.02989967839782106]
783 ; 0 ; 2 ; 0 ; [1.6497079176995659] ; [1.0414424813358627]
783 ; 0 ; 2 ; 1 ; [1.5303295610815608] ; [0.42815189304484447]
783 ; 0 ; 2 ; 3 ; [1.1823751709430459] ; [0.34194240773965728]
783 ; 0 ; 2 ; 4 ; [2.0789946733938063] ; [2.1940602182057369]
783 ; 0 ; 2 ; 5 ; [1.718712403770936, 2.0818508521750045] ; [1.5299672062163261, 2.4889307602205681]
783 ; 0 ; 2 ; 6 ; [1.8735884645746053] ; [1.7593587756096987]
783 ; 0 ; 2 ; 8 ; [1.8467898417053104, 0.89806252416861332] ; [1.6343635384519755, 2.9896446121022655]
783 ; 0 ; 2 ; 10 ; [1.451046552687421] ; [1.7170380527827032]
783 ; 0 ; 2 ; 11 ; [2.1154897002848045] ; [1.4508813922850221]
783 ; 0 ; 2 ; 12 ; [2.0121696844287325] ; [0.34472807554893131]
783 ; 0 ; 2 ; 13 ; [2.27687151806014, 2.03974186244483] ; [2.5167214591965443, 0.96038726810707897]
783 ; 0 ; 2 ; 14 ; [2.1629488794753224] ; [2.3809221341540723]
783 ; 0 ; 2 ; 15 ; [1.470992592409837] ; [2.3209081127837665]
783 ; 0 ; 2 ; 16 ; [1.9598179028412372] ; [0.88835140704879256]
783 ; 0 ; 2 ; 17 ; [0.87435188487703808] ; [1.0296005556612571]
783 ; 0 ; 2 ; 18 ; [2.1178569234458839] ; [1.7384191945000238]
783 ; 0 ; 2 ; 20 ; [1.926370345120286] ; [2.1888224384485144]
783 ; 0 ; 2 ; 21 ; [1.9448592382567738] ; [1.4343120310747652]
783 ; 0 ; 2 ; 22 ; [1.8315277788854845] ; [1.3212716116193202]
783 ; 0 ; 2 ; 23 ; [1.7327284281309079] ; [1.0823660295482065]
783 ; 0 ; 2 ; 25 ; [2.080606322675715] ; [1.5288790529833831]
783 ; 0 ; 2 ; 26 ; [2.0425331167499037] ; [2.7525118193591744]
783 ; 0 ; 2 ; 28 ; [1.1540276465646189] ; [2.3194968699656919]
783 ; 0 ; 2 ; 29 ; [1.7219076570184333] ; [1.6619138915019505]
783 ; 0 ; 2 ; 31 ; [1.6265237690211749] ; [2.169151639917164]
783 ; 0 ; 2 ; 32 ; [1.5738681712912292] ; [2.1298817211159307]
783 ; 0 ; 2 ; 33 ; [0.86594707020718242] ; [2.1443912482518743]
783 ; 0 ; 2 ; 34 ; [1.3468947765529145] ; [1.4164002861021519]
783 ; 0 ; 2 ; 37 ; [1.5100898440539392] ; [2.2843520281343572]
783 ; 0 ; 2 ; 38 ; [1.766650098584128] ; [3.4250892044136778]
783 ; 0 ; 2 ; 39 ; [1.4494984104634983] ; [2.5429829330632496]
783 ; 0 ; 2 ; 40 ; [2.2758345316036381] ; [1.693533918254998]
783 ; 0 ; 2 ; 44 ; [1.7555237667376506] ; [2.5207546546833743]
783 ; 0 ; 2 ; 45 ; [1.7421549771701588] ; [3.3029499074446691]
783 ; 0 ; 4 ; 1 ; [0.77182754596326131] ; [0.31699285768366248]
783 ; 0 ; 5 ; 1 ; [2.7711988381617787] ; [0.50347561649958528]
783 ; 0 ; 5 ; 4 ; [1.5329520021074088] ; [1.8217533598356757]
783 ; 0 ; 5 ; 6 ; [3.1176440551849778] ; [4.6345119376542536]
783 ; 0 ; 5 ; 8 ; [0.060706157908129117] ; [0.7118970866471741]
783 ; 0 ; 6 ; 0 ; [0.64100808802787668] ; [1.1907750790154197]
783 ; 0 ; 6 ; 1 ; [0.51627487873916722] ; [1.0394948455745086]
783 ; 0 ; 6 ; 3 ; [0.54558905608322172] ; [3.7759173329006712]
783 ; 0 ; 6 ; 5 ; [0.47936782615342988] ; [0.84948106562027015]
783 ; 0 ; 6 ; 6 ; [1.6405367319182793] ; [0.79628541787150664]
783 ; 0 ; 7 ; 0 ; [0.72741719784437264] ; [0.16949187614887204]
783 ; 0 ; 8 ; 0 ; [0.59706489052151335, 0.27251601660750979, 0.14690119575407753] ; [0.79830368138829844, 0.65335769528436849, 0.37064048894971829]
783 ; 0 ; 9 ; 0 ; [0.34329109793313889] ; [0.076428604758721957]
783 ; 0 ; 9 ; 1 ; [0.24592793028430016] ; [0.36447480244900171]
783 ; 0 ; 10 ; 0 ; [0.19775358233527504, 0.052823059794523529] ; [0.21745526004962329, 0.12422032908051871]
783 ; 0 ; 10 ; 1 ; [0.78988860534607208] ; [0.22475878468585522]
783 ; 0 ; 10 ; 2 ; [13.724434032954198] ; [6.4082934564240688]
783 ; 0 ; 11 ; 0 ; [0.036438989172940257] ; [0.085663084848068463]
783 ; 0 ; 13 ; 0 ; [0.77252663470964844] ; [0.69523183949021394]
783 ; 0 ; 13 ; 3 ; [1.3818896616193812] ; [1.2666021427779337]
783 ; 0 ; 13 ; 5 ; [1.830554235816886] ; [1.8087801842351601]
783 ; 0 ; 13 ; 6 ; [1.764169395478282] ; [2.4176393040735107]
783 ; 0 ; 14 ; 0 ; [0.23365311058789789, 0.0030966945294446089] ; [0.20145321697241075, 0.1902206307193946]
783 ; 0 ; 15 ; 1 ; [1.1206511740972607] ; [1.5445643100165856]
783 ; 0 ; 15 ; 3 ; [0.70068589420939242] ; [2.0973512081218186]
783 ; 0 ; 15 ; 5 ; [-0.16278035815945677] ; [1.757761517072155]
783 ; 0 ; 15 ; 6 ; [0.63598134742241186] ; [0.60879824877937216]
783 ; 0 ; 17 ; 0 ; [0.60439706388433345] ; [0.28651474019283213]
783 ; 0 ; 17 ; 1 ; [0.024164503026273716] ; [0.25039266840687097]
783 ; 0 ; 17 ; 4 ; [0.94526025413060588] ; [0.091950579821908296]
783 ; 0 ; 19 ; 1 ; [0.51754268717589258, 0.11795612038237049] ; [0.67229373120673042, 0.1832296751102179]
783 ; 0 ; 20 ; 0 ; [0.56578438208907955, 0.52110672756044152, 0.15033427620817497] ; [0.43000706589513404, 0.51423694035150869, 0.062481920550659216]
783 ; 0 ; 21 ; 0 ; [-0.0050858248737924066, 0.0091302683508193896] ; [0.51674118605775099, 0.55916975299956984]
783 ; 0 ; 21 ; 6 ; [1.6681013454196429] ; [0.95652630761404145]
783 ; 0 ; 26 ; 1 ; [1.8048901994468229] ; [0.32486671714680571]
783 ; 0 ; 27 ; 0 ; [0.77066173618227007] ; [0.1838694895444053]
783 ; 0 ; 27 ; 1 ; [0.1535306592244893, 0.074517391759454446] ; [-0.009510059958529082, -0.023305971507734179]
783 ; 0 ; 28 ; 0 ; [0.67280939285870867] ; [0.065514547660512415]
783 ; 0 ; 28 ; 1 ; [0.85298529352779429] ; [0.090275330311846466]
783 ; 0 ; 29 ; 0 ; [0.18404737169474436, 1.0476018976234041] ; [0.20742297390159015, 0.38009998270109391]
783 ; 0 ; 29 ; 3 ; [0.036426162150951312] ; [3.4729099725917356]
783 ; 0 ; 30 ; 2 ; [0.00039867583974330167] ; [1.0661058880676677]
783 ; 0 ; 31 ; 0 ; [-0.033242118836931671] ; [-0.00068569894394022697]
783 ; 0 ; 31 ; 1 ; [0.37738135453666966] ; [-0.00042893647015779181]
783 ; 0 ; 32 ; 0 ; [0.026916054841897179] ; [-0.035491237866296974]
783 ; 0 ; 32 ; 1 ; [0.33096760168937528] ; [1.1084780869231436]
783 ; 0 ; 33 ; 1 ; [0.059609917036154002] ; [0.35944711278468378]
783 ; 0 ; 34 ; 0 ; [0.39744533776264768, 0.14904422354016852] ; [0.63525429617358908, 0.47743019369266004]
783 ; 0 ; 34 ; 1 ; [0.20277868390357082] ; [0.47381339179456206]
783 ; 0 ; 35 ; 1 ; [2.4946480778213598] ; [0.07876044871884752]
783 ; 0 ; 35 ; 2 ; [0.0078052493759507291] ; [0.01702726297070252]
783 ; 0 ; 38 ; 0 ; [0.075180386587206938] ; [0.077896950428097037]
783 ; 0 ; 38 ; 1 ; [0.21831032526473368] ; [0.16120853114250699]
783 ; 0 ; 38 ; 2 ; [1.3275507509976154] ; [0.25091257098237985]
783 ; 0 ; 38 ; 4 ; [0.96919559611236938] ; [0.010103271745902085]
783 ; 0 ; 39 ; 0 ; [0.014480392443400811, 0.025416543296531816, -0.022427788892020642] ; [0.39012854419841203, 0.28289288006550134, -0.052690124091795784]
783 ; 0 ; 40 ; 0 ; [0.029327202124217844, 0.068435943654369016] ; [0.38737100428667848, 0.35111611705334778]
783 ; 0 ; 41 ; 0 ; [0.47545678998282564] ; [0.48098927141518355]
783 ; 0 ; 41 ; 1 ; [1.2151387061904442] ; [1.1847937601219205]
783 ; 0 ; 41 ; 2 ; [1.425945260533759] ; [0.47308504736038376]
783 ; 0 ; 41 ; 6 ; [0.54866752506301597] ; [1.2204678194861849]
783 ; 0 ; 41 ; 8 ; [0.53890530199100051] ; [-0.014136588123266071]
783 ; 0 ; 41 ; 10 ; [3.2685459561783783] ; [1.8764875324232868]
783 ; 0 ; 42 ; 0 ; [0.57008964023969855] ; [0.26260238262467794]
783 ; 0 ; 42 ; 1 ; [0.56306851185114837] ; [0.44259382741654923]
783 ; 0 ; 42 ; 5 ; [1.5455682300382707] ; [0.042195415820158344]
783 ; 0 ; 43 ; 0 ; [0.10210397084864137, 0.10938665429246605, 0.33876007641694972, 0.29714931229928382] ; [0.2940566261896721, 0.065901541651243442, 0.34685634290211032, 0.5905278898580929]
783 ; 0 ; 45 ; 0 ; [0.12412972715000335, 0.15329191671210393, -0.001455261829547426] ; [0.17584211243668235, 0.36984139188218118, -0.065685185032655635]
783 ; 0 ; 46 ; 0 ; [0.0026455040058384221, 0.21910363528716043, 0.0039901059357120554] ; [0.33530970690452905, 0.75032578081659029, 0.35925348122015061]
783 ; 0 ; 47 ; 1 ; [1.8284662913352567] ; [1.9745155741990539]
783 ; 0 ; 48 ; 0 ; [0.52166819608347115] ; [0.51500544747654531]
783 ; 0 ; 49 ; 0 ; [0.34135821361709345] ; [0.58012916378339796]
783 ; 0 ; 49 ; 3 ; [1.9351377021383227] ; [1.5137511087634463]
783 ; 0 ; 49 ; 4 ; [3.362366312202524] ; [0.83124330887828557]
783 ; 0 ; 51 ; 3 ; [2.1228986134773127] ; [1.7269116644855245]
783 ; 0 ; 51 ; 5 ; [3.0759193718227342] ; [1.3486855251488568]
783 ; 0 ; 51 ; 6 ; [1.6645525460622674] ; [1.1175896672855568]
783 ; 0 ; 51 ; 10 ; [2.0806450948921138] ; [1.3976702579496225]
783 ; 0 ; 51 ; 11 ; [2.4865311138289927] ; [3.2087674384695632]
783 ; 0 ; 51 ; 12 ; [0.69711081359604321] ; [1.905148424488694]
783 ; 0 ; 51 ; 13 ; [1.9958139168820601] ; [1.6267667007525268]
783 ; 0 ; 52 ; 2 ; [0.71518001143568555] ; [1.2218772102345188]
783 ; 0 ; 52 ; 4 ; [1.2719336097002694] ; [0.11869457209363621]
783 ; 0 ; 52 ; 5 ; [0.024379456201827552] ; [-0.166118379608102]
783 ; 0 ; 52 ; 6 ; [0.13249886948064396] ; [1.8915961224224629]
783 ; 0 ; 52 ; 7 ; [0.33460117516896931] ; [2.8002864117927428]
783 ; 0 ; 53 ; 0 ; [0.8846910723369581] ; [0.17709392942318675]
783 ; 0 ; 53 ; 3 ; [0.3612418343483183] ; [0.66616760891868843]
783 ; 0 ; 54 ; 0 ; [0.50434967290149635] ; [0.63247750604867303]
783 ; 0 ; 56 ; 0 ; [0.3967757312851114] ; [0.23171026085569976]
783 ; 0 ; 57 ; 0 ; [0.84033588090607647] ; [0.15742181612105893]
783 ; 0 ; 57 ; 2 ; [0.53896951941534443] ; [0.32597692897348945]
783 ; 0 ; 58 ; 0 ; [0.033135646438724624] ; [0.64818049964546365]
783 ; 0 ; 58 ; 1 ; [0.053524600300227682] ; [-0.014382827486318812]
783 ; 0 ; 59 ; 0 ; [0.033017216562886254, 0.030638053399407856] ; [0.18143200483283384, 0.17427570972156128]
783 ; 0 ; 61 ; 0 ; [0.10601365100214145, 0.10857477052315408, 0.04958181196748692, 0.00048922114114237803] ; [0.12665838672965757, 0.22446338392460299, 0.24366631807654859, 0.013580098683314921]
783 ; 0 ; 62 ; 0 ; [0.17944329992133815] ; [0.033190446665601225]
783 ; 0 ; 63 ; 0 ; [0.010075433419840889, -0.011501327588205662] ; [0.020143380735280016, -0.00076388369718159146]
783 ; 0 ; 63 ; 1 ; [0.23004229401061474] ; [-0.021389806469441518]
783 ; 0 ; 64 ; 0 ; [0.10034912242624072] ; [0.059702792628910005]
783 ; 0 ; 64 ; 1 ; [0.52302721675787822] ; [0.60849227893607183]
783 ; 0 ; 66 ; 0 ; [0.60004119551109203] ; [1.7378798939173485]
783 ; 0 ; 68 ; 0 ; [0.60105068248615157] ; [0.19133022808399858]
783 ; 0 ; 69 ; 0 ; [0.81062022340227557] ; [0.32236304242522934]
783 ; 0 ; 69 ; 2 ; [1.7158770730072321] ; [2.9608260280942127]
783 ; 0 ; 69 ; 9 ; [-0.00093142680795177022] ; [0.85106154547004265]
783 ; 0 ; 71 ; 0 ; [1.8772844824377499] ; [1.4769396151403691]
783 ; 0 ; 71 ; 1 ; [0.67482267000867457] ; [1.4863136765011546]
783 ; 0 ; 72 ; 0 ; [0.020220151070933463] ; [0.3916522272442316]
783 ; 0 ; 72 ; 1 ; [0.092746094998817252] ; [0.37940279155870954]
783 ; 0 ; 73 ; 0 ; [0.11563385565620579] ; [0.33135280268426326]
783 ; 0 ; 74 ; 0 ; [-0.024178809297039604] ; [0.22891513215350018]
783 ; 0 ; 74 ; 1 ; [1.8649152927209296] ; [0.14717402336368857]
783 ; 0 ; 74 ; 2 ; [-0.046891596647955287] ; [0.78574859080372406]
783 ; 0 ; 74 ; 3 ; [0.1325972379364557] ; [1.8387452399994444]
783 ; 0 ; 74 ; 4 ; [0.056233576262944701] ; [2.4197880552295157]
783 ; 0 ; 75 ; 0 ; [0.4893463044760053] ; [0.17700252722181975]
783 ; 0 ; 75 ; 1 ; [0.86116953663503404] ; [0.29870427561906654]
783 ; 0 ; 75 ; 2 ; [0.40139025872328249] ; [0.77926848874062893]
783 ; 0 ; 75 ; 3 ; [3.2363324538996583] ; [0.58452361041674528]
783 ; 0 ; 75 ; 8 ; [0.89950173279795298] ; [1.0172515026926923]
783 ; 0 ; 76 ; 0 ; [0.82062880995158904, 0.4898833792554268] ; [0.22183040799598497, 0.28397618583954259]
783 ; 0 ; 77 ; 2 ; [0.5429834961344514] ; [-0.0014754732285046012]
783 ; 0 ; 78 ; 0 ; [0.29808839020568695] ; [0.25253836848982636]
783 ; 0 ; 78 ; 1 ; [0.89490653845585078] ; [0.083119852218713514]
783 ; 0 ; 78 ; 2 ; [0.28200972643203642] ; [1.0273477303916145]
783 ; 0 ; 78 ; 4 ; [1.3812554648662929] ; [1.9631120273988933]
783 ; 0 ; 78 ; 5 ; [0.023252639670707662] ; [0.57124061245573721]
783 ; 0 ; 78 ; 6 ; [3.0911883081170264] ; [0.49533762797185804]
783 ; 0 ; 78 ; 7 ; [0.31513917152797588] ; [2.1141863945283115]
783 ; 0 ; 78 ; 8 ; [1.143200061715254] ; [11.955696058662387]
783 ; 0 ; 79 ; 1 ; [0.13047420138981819] ; [0.0023792332430158242]
783 ; 0 ; 80 ; 0 ; [0.2861254021580692] ; [0.46393204355987772]
783 ; 0 ; 81 ; 0 ; [0.27074775061600798] ; [0.12975190326198099]
783 ; 0 ; 83 ; 4 ; [1.2767816099966989] ; [1.7552544570718049]
783 ; 0 ; 84 ; 0 ; [0.11324697939788121] ; [0.23831045097010078]
783 ; 0 ; 85 ; 0 ; [0.93281032435181588, 0.67683328045965907] ; [0.51746511555310037, 0.53418263559131629]
783 ; 0 ; 85 ; 3 ; [0.0048483763234498265] ; [0.11009723565987806]
783 ; 0 ; 85 ; 5 ; [0.30757828431661721] ; [0.45940825350487546]
783 ; 0 ; 86 ; 0 ; [0.53722528119263424] ; [0.2896142183244948]
783 ; 0 ; 87 ; 0 ; [0.022823656542761448, 0.010927183389027258] ; [0.21279989765897123, 0.15827323991868203]
783 ; 0 ; 87 ; 1 ; [0.028950854413027655] ; [-0.079453211006483046]
783 ; 0 ; 88 ; 0 ; [0.16134436786157302, 0.13045511405809884, -0.0072203776124071754] ; [0.31752889003394796, 0.47258693786235051, 0.13187961375660912]
783 ; 0 ; 89 ; 0 ; [0.11743910289054163] ; [0.51509639129499973]
783 ; 0 ; 89 ; 1 ; [0.086384509345015181] ; [0.053626789029727374]
783 ; 0 ; 90 ; 0 ; [2.9055741782654194] ; [0.059453322823890313]
783 ; 0 ; 90 ; 1 ; [2.7172364500882358] ; [2.4600189279377322]
783 ; 0 ; 91 ; 0 ; [0.30312868906135099] ; [0.76114747935813987]
783 ; 0 ; 92 ; 3 ; [0.49847204607191076] ; [-0.10517686740089383]
783 ; 0 ; 93 ; 0 ; [0.26669051063345933] ; [0.65494253960508353]
783 ; 0 ; 93 ; 1 ; [0.020754450224059667] ; [0.57524993161684601]
783 ; 0 ; 94 ; 0 ; [0.34739484378369451] ; [0.37949366170343141]
783 ; 0 ; 94 ; 4 ; [2.2691977028030283] ; [1.728032437297238]
783 ; 0 ; 95 ; 0 ; [0.29418369941604577] ; [0.25057254168298054]
783 ; 0 ; 96 ; 0 ; [0.097125160056571944, 0.025618922975606331, -0.02391193407693332] ; [0.43174451349288862, 0.22682632816482337, -0.04456104431909786]
783 ; 0 ; 96 ; 1 ; [0.17464680561134896] ; [0.60472873570626007]
783 ; 0 ; 96 ; 2 ; [0.015745576910380064] ; [0.10315925501447404]
783 ; 0 ; 98 ; 0 ; [0.29853868093342445] ; [0.1979769191194749]
783 ; 0 ; 98 ; 1 ; [0.17364834350665265] ; [0.63089576755382792]
783 ; 0 ; 98 ; 2 ; [0.18232779988187869] ; [-0.010731594680006352]
783 ; 0 ; 99 ; 0 ; [0.95390618279229045] ; [1.0997838832263314]
783 ; 0 ; 100 ; 0 ; [0.26984111951337614] ; [0.25738599236357484]
783 ; 0 ; 102 ; 0 ; [0.46355805493348656, 0.22299701192241658] ; [0.18549075676155169, 0.13832569909826478]
783 ; 0 ; 103 ; 0 ; [0.059335060658453558, -0.02506471866540463] ; [0.29415202690376224, 0.24921592453228966]
783 ; 0 ; 103 ; 1 ; [0.32055594529038695] ; [0.60488476439325067]
783 ; 0 ; 104 ; 3 ; [1.544569562348538] ; [0.99936156714519875]
783 ; 0 ; 104 ; 4 ; [1.6446222120833121] ; [0.039440688142830395]
783 ; 0 ; 105 ; 0 ; [0.31127141288562382] ; [0.18823954914336896]
783 ; 0 ; 105 ; 9 ; [0.45964888122571601] ; [0.10608388712159313]
783 ; 0 ; 107 ; 0 ; [1.2915012382572086] ; [0.53141836027963107]
783 ; 0 ; 108 ; 0 ; [0.21241785024503559, 0.06109662142213422] ; [0.58645359801824848, 0.42492717706791056]
783 ; 0 ; 111 ; 0 ; [0.35869341954842227] ; [0.37874325724957075]
783 ; 0 ; 111 ; 1 ; [0.27279129959730541] ; [0.19671855610963379]
783 ; 0 ; 111 ; 2 ; [0.12622756375086966, 0.20684756548650127] ; [0.099488578741211905, 0.030275537643636729]
783 ; 0 ; 113 ; 0 ; [0.33047746037327069, 0.35584149195046227, 0.26084603503774334] ; [0.34885484775741865, 0.29236593305778896, 0.20195819997442901]
783 ; 0 ; 116 ; 0 ; [0.46645673908944102] ; [0.3323171869313391]
783 ; 0 ; 116 ; 1 ; [0.14584302517651951] ; [0.64304885501590114]
783 ; 0 ; 117 ; 0 ; [0.0012727683922796394, 0.027125103110970251] ; [0.56049395936859248, 0.39685587491724245]
783 ; 0 ; 118 ; 0 ; [0.31336795811083529] ; [0.46654348517504007]
783 ; 0 ; 119 ; 0 ; [0.40294270685082212] ; [0.4563953014168724]
783 ; 0 ; 119 ; 1 ; [0.21278856593010662] ; [0.029247152210682456]
783 ; 0 ; 119 ; 2 ; [0.090736651775012486] ; [0.15280187414832744]
783 ; 0 ; 119 ; 4 ; [0.15037774390788544] ; [-0.039724137891398843]
783 ; 0 ; 122 ; 0 ; [1.0454928664048986] ; [0.80768278511183633]
783 ; 0 ; 122 ; 2 ; [0.027890106955889876] ; [0.54991388425691501]
783 ; 0 ; 123 ; 0 ; [-0.010042241442123904, 0.085870902580365352, -0.021519109025545567, -0.00018629216010993083] ; [0.32376796297015636, 0.43609784086903186, 0.18257872756975099, 0.11144951879946149]
783 ; 0 ; 124 ; 2 ; [0.92904611169093432] ; [0.6629656286861445]
783 ; 0 ; 124 ; 3 ; [2.2165714053683412] ; [1.8906049293575491]
783 ; 0 ; 124 ; 4 ; [1.2913386924644825] ; [3.5098440869151637]
783 ; 0 ; 124 ; 7 ; [2.0243988166968268] ; [0.31827808043376382]
783 ; 0 ; 124 ; 10 ; [0.96406931926859396] ; [0.63927218765892102]
783 ; 0 ; 125 ; 0 ; [1.6447345020442763, 0.89490147329467629] ; [0.51737897553130552, 0.41884135800814376]
783 ; 0 ; 125 ; 1 ; [0.60299186601186494] ; [0.28824235110044361]
783 ; 0 ; 125 ; 2 ; [1.37866149033173] ; [0.29600797163874204]
783 ; 0 ; 126 ; 0 ; [0.13040825536382827, 0.16498436681859574] ; [-0.0072316756865051885, -0.0048849467403610618]
783 ; 0 ; 126 ; 1 ; [1.0209208054968235] ; [0.95274346446959168]
783 ; 0 ; 126 ; 2 ; [0.14295133367881063] ; [0.66313045590895059]
783 ; 0 ; 128 ; 0 ; [0.29070371392337629] ; [0.15543372117044743]
783 ; 0 ; 128 ; 1 ; [1.3078050272354729] ; [0.50767569046790606]
783 ; 0 ; 128 ; 2 ; [0.097039341867195775] ; [0.24420801407760448]
783 ; 0 ; 128 ; 3 ; [0.047581054857742631] ; [0.75221104091155488]
783 ; 0 ; 132 ; 0 ; [0.1634348851546088] ; [0.40832437098593083]
783 ; 0 ; 132 ; 1 ; [0.36778904193391787] ; [0.12294795430708903]
783 ; 0 ; 133 ; 0 ; [0.076235785538627102] ; [0.30752066540239081]
783 ; 0 ; 133 ; 1 ; [0.26414960662657144] ; [0.18439862587693087]
783 ; 0 ; 135 ; 1 ; [0.0044166133853683473] ; [0.38688763843289403]
783 ; 0 ; 135 ; 3 ; [2.0281976449223391] ; [1.1229627096701391]
783 ; 0 ; 135 ; 6 ; [0.65432973084211754] ; [3.7894525390839493]
783 ; 0 ; 135 ; 10 ; [3.0969291963242336] ; [2.3255360266391873]
783 ; 0 ; 136 ; 0 ; [0.032555984255158633, 0.90020412351914048] ; [0.30073731618062166, 0.54198483565908362]
783 ; 0 ; 136 ; 2 ; [0.10073906028016309] ; [-0.025204530963316971]
783 ; 0 ; 137 ; 0 ; [0.0083995223985548328] ; [0.36914609491803652]
783 ; 0 ; 137 ; 1 ; [0.0092447957186126851] ; [0.21346836613152551]
783 ; 0 ; 138 ; 0 ; [0.37006809535877511] ; [0.41951406944478808]
783 ; 0 ; 140 ; 2 ; [0.36812424187954018] ; [0.34023351952607289]
783 ; 0 ; 140 ; 3 ; [1.9405828992342213] ; [0.56517627184458719]
783 ; 0 ; 140 ; 4 ; [1.5126061340965717] ; [1.2195698892974474]
783 ; 0 ; 140 ; 5 ; [0.24729314031970581] ; [-0.016362388821462886]
783 ; 0 ; 141 ; 0 ; [0.39047126710959079, 0.17198377595936279] ; [0.3365352999690811, 0.097886739064241279]
783 ; 0 ; 141 ; 1 ; [0.37622124943583168, 0.22439261833324725] ; [0.073032640042460753, 0.056779292025562311]
783 ; 0 ; 142 ; 0 ; [0.20665733955667107, 0.19230291645829559, 0.16909737817697343, 0.052329607761294514] ; [0.24699215908062536, 0.23757779676027521, 0.38393761200484927, -0.038318813129066064]
783 ; 0 ; 142 ; 1 ; [0.79756747215246293] ; [0.11716261612888891]
783 ; 0 ; 143 ; 0 ; [0.26787418729064327] ; [2.2511218471197827]
783 ; 0 ; 143 ; 1 ; [2.1990129146338466] ; [0.29930208337264352]
783 ; 0 ; 144 ; 0 ; [0.38720471804154838] ; [0.1001523278655521]
783 ; 0 ; 145 ; 0 ; [0.46957965663556378] ; [0.45030237834554315]
783 ; 0 ; 145 ; 1 ; [0.35760411380616458] ; [0.58152259352467461]
783 ; 0 ; 145 ; 2 ; [0.39350888278661456] ; [2.9949628042179866]
783 ; 0 ; 146 ; 0 ; [2.2652602787749023] ; [0.4534422212562198]
783 ; 0 ; 146 ; 1 ; [0.51806781629190402] ; [0.42321362051242056]
783 ; 0 ; 146 ; 4 ; [1.9955752018544082] ; [1.0498753520187534]
783 ; 0 ; 146 ; 5 ; [1.8543398681328971] ; [1.1077036435237095]
783 ; 0 ; 146 ; 6 ; [1.4989380498043026] ; [0.88655345026480514]
783 ; 0 ; 146 ; 8 ; [0.057935760583520138] ; [1.457399733875306]
783 ; 0 ; 147 ; 0 ; [0.13841373913699767] ; [0.85403490958106298]
783 ; 0 ; 147 ; 2 ; [0.24318973707475278] ; [1.9092946522627909]
783 ; 0 ; 148 ; 0 ; [0.17495442772101616, 0.054134338406221172] ; [0.53013956974906173, 0.13816021357320252]
783 ; 0 ; 149 ; 0 ; [0.99571903480283297] ; [0.19605340472777169]
783 ; 0 ; 149 ; 1 ; [1.4357415299688883] ; [0.23775121031648347]
783 ; 0 ; 150 ; 0 ; [0.24643677731564789] ; [-0.020545131235468576]
783 ; 0 ; 151 ; 0 ; [0.42054265380575007] ; [1.9690106619928451]
783 ; 0 ; 151 ; 1 ; [0.023568765599952191] ; [5.5640132468136274]
783 ; 0 ; 151 ; 2 ; [0.80785829191275316] ; [0.54409598573489215]
783 ; 0 ; 151 ; 3 ; [0.85188905661311276] ; [8.808756746026587]
783 ; 0 ; 152 ; 0 ; [0.2279557869653662, 0.30044861632321823, 0.072516170981747979] ; [0.47693543774616842, 0.33031268588853846, -0.056705810802584161]
783 ; 0 ; 153 ; 0 ; [-0.00079825946163928252, 0.43486175028188356] ; [0.22571192470704055, 0.24337442946562754]
783 ; 0 ; 154 ; 0 ; [0.53523284260915127] ; [1.0377140797339097]
783 ; 0 ; 154 ; 5 ; [1.0586693462223451] ; [0.82464629862625405]
783 ; 0 ; 154 ; 11 ; [1.0571249420360955] ; [1.1051551897992566]
783 ; 0 ; 154 ; 12 ; [3.4766485836219285] ; [1.2897687301815002]
783 ; 0 ; 154 ; 13 ; [1.33766267284258] ; [0.10215273410074766]
783 ; 0 ; 154 ; 16 ; [0.60120946418713694] ; [1.3723103950519344]
783 ; 0 ; 154 ; 19 ; [0.76799214577981556] ; [1.0851799401800275]
783 ; 0 ; 155 ; 1 ; [2.0927371597248134] ; [0.32405128520360948]
783 ; 0 ; 156 ; 2 ; [0.52271442016355973] ; [0.74053212896373921]
783 ; 0 ; 156 ; 3 ; [0.29271794593005757, 0.32856411716756001] ; [1.0843614126535372, 0.34915256767629332]
783 ; 0 ; 157 ; 0 ; [0.65797746808044] ; [0.1142820445799938]
783 ; 0 ; 157 ; 2 ; [0.93512259502314066] ; [0.26746629118726373]
783 ; 0 ; 157 ; 7 ; [1.2416710825530151] ; [3.5718727405620738]
783 ; 0 ; 157 ; 8 ; [0.064360079804982137] ; [2.3530543359278133]
783 ; 0 ; 157 ; 12 ; [0.038021427611516945] ; [0.43258227135188398]
783 ; 0 ; 157 ; 16 ; [0.068092662880734747] ; [2.8163897463865886]
783 ; 0 ; 158 ; 1 ; [0.010583736150450419] ; [0.61921068990502748]
783 ; 0 ; 159 ; 0 ; [0.21265995905886378] ; [0.079089833453035191]
783 ; 0 ; 160 ; 3 ; [0.16779172896997674] ; [0.49384769136228107]
783 ; 0 ; 160 ; 4 ; [0.12070665494041254] ; [1.473072746818078]
783 ; 0 ; 161 ; 0 ; [0.33700625830547026] ; [0.31117609366908755]
783 ; 0 ; 161 ; 1 ; [0.6932585724714353] ; [0.48135135595933037]
783 ; 0 ; 161 ; 3 ; [0.056800233664784171] ; [0.14854849329446046]
783 ; 0 ; 161 ; 6 ; [1.386465606603009] ; [0.071865480142122934]
783 ; 0 ; 162 ; 0 ; [0.73692231350086468] ; [5.4457408663628648]
783 ; 0 ; 162 ; 4 ; [1.6468145784071822] ; [0.55269339104408421]
783 ; 0 ; 163 ; 3 ; [0.58779717461992342] ; [0.5574040182522213]
783 ; 0 ; 163 ; 4 ; [0.49461679407066006] ; [0.76250583058374444]
783 ; 0 ; 163 ; 6 ; [0.05428323560410056] ; [0.010062472599095772]
783 ; 0 ; 163 ; 13 ; [1.3173303727977947] ; [0.3723873086084819]
783 ; 0 ; 164 ; 0 ; [4.7608314867731325] ; [1.1819012218678173]
783 ; 0 ; 164 ; 1 ; [0.062916495962834523] ; [1.088333241969389]
783 ; 0 ; 165 ; 0 ; [0.3013838187224826, 0.29011446234420774] ; [0.29173753692159526, 0.3186403457110818]
783 ; 0 ; 166 ; 0 ; [0.23022821762807194] ; [0.13905907534771084]
783 ; 0 ; 166 ; 1 ; [1.7290096072171817] ; [0.10094627112246572]
783 ; 0 ; 167 ; 0 ; [0.0028119457434414769] ; [0.38882125305654641]
783 ; 0 ; 167 ; 1 ; [0.20720728005211728] ; [0.29356882347345603]
783 ; 0 ; 169 ; 0 ; [0.23890157776507964, 0.31930204112056776] ; [0.39346461204514027, 0.31680735020912903]
783 ; 0 ; 169 ; 1 ; [-0.010922608051763143] ; [0.0026679061670015461]
783 ; 0 ; 171 ; 0 ; [0.10864645940042168] ; [-0.17474003923196049]
783 ; 0 ; 172 ; 0 ; [4.2409700241714781] ; [0.030787120547479476]
783 ; 0 ; 172 ; 1 ; [0.17475291709110463] ; [0.11383497409009065]
783 ; 0 ; 172 ; 2 ; [0.4237544445228999] ; [2.3596442387843801]
783 ; 0 ; 172 ; 3 ; [3.3848315212628903] ; [1.7201248918072967]
783 ; 0 ; 172 ; 4 ; [0.11340725786838654] ; [6.3915951926240329]
783 ; 0 ; 173 ; 0 ; [1.3726186019679731] ; [0.3306997811370368]
783 ; 0 ; 173 ; 1 ; [1.341418923429784] ; [1.4628551271909123]
783 ; 0 ; 173 ; 2 ; [1.7671115818902228] ; [1.1985031203796803]
783 ; 0 ; 173 ; 3 ; [2.0071853110302902] ; [0.47450260993305482]
783 ; 0 ; 173 ; 4 ; [1.7041877162547487] ; [1.2286737161014176]
783 ; 0 ; 173 ; 5 ; [1.5010852900582028] ; [1.5102845630655433]
783 ; 0 ; 173 ; 7 ; [0.50612315094413141] ; [1.2328910425079858]
783 ; 0 ; 173 ; 8 ; [0.35781927601141095] ; [0.13692843339407645]
783 ; 0 ; 173 ; 10 ; [2.0824970757138708] ; [1.176918234018191]
783 ; 0 ; 173 ; 13 ; [1.5505044029487671] ; [2.0813532799824079]
783 ; 0 ; 173 ; 14 ; [1.8247389830786318] ; [1.6598151902274387]
783 ; 0 ; 173 ; 19 ; [2.0547342130012201] ; [2.3042074325147914]
783 ; 0 ; 173 ; 20 ; [4.8308446943653047] ; [1.8210097138003603]
783 ; 0 ; 173 ; 21 ; [0.51184667702561903] ; [2.7071486853916675]
783 ; 0 ; 173 ; 23 ; [1.7132403519792854] ; [2.7676818580106772]
783 ; 0 ; 173 ; 25 ; [2.4530755681130674] ; [3.0434864455007506]
783 ; 0 ; 173 ; 28 ; [2.3775821456985189] ; [2.7334826351695076]
783 ; 0 ; 173 ; 32 ; [1.5832642933873879] ; [1.834413296257253]
783 ; 0 ; 173 ; 33 ; [2.6417410344181529] ; [2.1978672999155688]
783 ; 0 ; 173 ; 34 ; [2.2322792869519175] ; [1.4091708531116427]
783 ; 0 ; 173 ; 35 ; [1.8464152644909231] ; [0.7359193061368895]
783 ; 0 ; 173 ; 39 ; [2.0330784765042162] ; [2.6790010486331144]
783 ; 0 ; 173 ; 49 ; [0.73235174498008082] ; [1.7399610596276551]
783 ; 0 ; 173 ; 50 ; [2.0592882486341546] ; [1.7736997473727349]
783 ; 0 ; 173 ; 51 ; [1.4156166902174498] ; [1.7360839131582346]
783 ; 0 ; 173 ; 55 ; [0.88057510094094182] ; [0.92287830738033805]
783 ; 0 ; 174 ; 0 ; [0.90887119085801293] ; [0.4796412917459274]
783 ; 0 ; 174 ; 1 ; [0.0017076306269221682] ; [2.008342314747364]
783 ; 0 ; 174 ; 2 ; [0.91298369175106731] ; [1.3151546789556656]
783 ; 0 ; 175 ; 2 ; [0.06848324153113812] ; [3.5877515139290175]
783 ; 0 ; 176 ; 0 ; [1.9701973058946463] ; [0.30236458150533679]
783 ; 0 ; 176 ; 1 ; [0.19417517301455978] ; [1.7159815808341645]
783 ; 0 ; 176 ; 2 ; [0.18850849501690325] ; [1.895293721979318]
783 ; 0 ; 177 ; 0 ; [0.14780973982938142] ; [0.46111136619424242]
783 ; 0 ; 178 ; 0 ; [0.047096901037671821] ; [0.88243044261478398]
783 ; 0 ; 178 ; 1 ; [0.28267769794774472] ; [0.65143478535872923]
783 ; 0 ; 178 ; 6 ; [0.061711547672942693] ; [1.1849631784971706]
783 ; 0 ; 179 ; 0 ; [0.15267448110385387] ; [0.57513488868469143]
783 ; 0 ; 179 ; 1 ; [0.010422627776937492] ; [0.00042873760115425864]
783 ; 0 ; 181 ; 0 ; [0.15797406143838238] ; [0.19677656065886651]
783 ; 0 ; 181 ; 1 ; [0.42016221369039775] ; [0.36825890398209538]
783 ; 0 ; 181 ; 4 ; [0.29709491866435384] ; [0.41998261695977229]
783 ; 0 ; 182 ; 0 ; [2.3909074814833784] ; [1.3539526379846247]
783 ; 0 ; 182 ; 1 ; [0.65380396397381468] ; [0.21204510938995569]
783 ; 0 ; 182 ; 8 ; [0.0099540192221981953] ; [0.97224866312427172]
783 ; 0 ; 182 ; 10 ; [0.011537573853931248] ; [0.52326176376433786]
783 ; 0 ; 183 ; 0 ; [0.057825044727718433, 0.15407609670026129, 0.10969729466527503] ; [0.40920773547853112, 0.45347758317163278, 0.53943876351114683]
783 ; 0 ; 184 ; 0 ; [0.53554291211682747] ; [0.54304338629720894]
783 ; 0 ; 184 ; 1 ; [0.16180525207484112] ; [0.22148364297248141]
783 ; 0 ; 185 ; 0 ; [0.18182694578567235] ; [0.3918136570649875]
783 ; 0 ; 185 ; 2 ; [0.10138016365550166] ; [0.31734874646809175]
783 ; 0 ; 185 ; 5 ; [1.815638448337267, 0.75314389003362614] ; [0.49760942400388186, 0.86681024252862016]
783 ; 0 ; 186 ; 0 ; [0.20984613153265297, 0.20230901397114248] ; [0.56034357898338005, 1.0339573008399208]
783 ; 0 ; 186 ; 1 ; [0.27281784841337214] ; [0.3529687784468119]
783 ; 0 ; 187 ; 0 ; [0.080308588402431186, 0.21712683501696869, 0.044468681577883792] ; [0.4120843597793537, 0.85223210732956656, 0.27414865615108031]
783 ; 0 ; 187 ; 3 ; [-0.027758911071429589] ; [0.083360932719633005]
783 ; 0 ; 187 ; 5 ; [0.58636816747176213] ; [-0.021711562834956788]
783 ; 0 ; 188 ; 1 ; [0.53911857391483864] ; [0.62873356374494538]
783 ; 0 ; 188 ; 4 ; [0.50043419230833774] ; [0.0081193492151887467]
783 ; 0 ; 188 ; 8 ; [0.87151414551737583, 0.20425602762271439] ; [0.28062499140830638, 0.03473706633719318]
783 ; 0 ; 189 ; 2 ; [0.48855213284200077] ; [0.17698380759440388]
783 ; 0 ; 189 ; 5 ; [0.20076595780265302] ; [0.35446266009900973]
783 ; 0 ; 191 ; 0 ; [0.18865677891223778] ; [0.12616739164499691]
783 ; 0 ; 191 ; 1 ; [0.034751546385090724] ; [0.08830674355528309]
783 ; 0 ; 193 ; 0 ; [0.0016017712679059445, -0.16729277854461416] ; [0.10098165014582289, 0.17631538954872969]
783 ; 0 ; 193 ; 1 ; [-0.092583360002155654] ; [-0.00033335982996508253]
783 ; 0 ; 195 ; 2 ; [0.54225779573470567] ; [1.1030123054641119]
783 ; 0 ; 196 ; 0 ; [0.7514532285076212] ; [0.7180107696518111]
783 ; 0 ; 196 ; 1 ; [0.062901588285576765, 0.26295217235145346] ; [0.21356723364913052, 0.0018999882237497614]
783 ; 0 ; 196 ; 2 ; [0.014520172589944142] ; [0.25112576142785159]
783 ; 0 ; 196 ; 6 ; [0.0034170045728583488] ; [0.10998581181902164]
783 ; 0 ; 197 ; 0 ; [0.1396616734969422] ; [0.79017975668951712]
783 ; 0 ; 197 ; 2 ; [1.2229420464366121] ; [0.78150200769321621]
783 ; 0 ; 199 ; 0 ; [0.35298216519782744] ; [0.55862494544120123]
783 ; 0 ; 199 ; 1 ; [0.079491415732576121] ; [0.7240387627390934]
783 ; 0 ; 199 ; 2 ; [0.077392342696801245] ; [-0.001751204394953068]
783 ; 0 ; 199 ; 3 ; [1.983092777813942] ; [-0.065538187610578225]
783 ; 0 ; 199 ; 4 ; [0.22166279944533843] ; [0.59539929249473844]
783 ; 0 ; 200 ; 0 ; [0.38778522905037999] ; [0.46512996642251803]
783 ; 0 ; 200 ; 3 ; [0.15361362226789069] ; [0.089890026621989583]
783 ; 0 ; 203 ; 0 ; [1.5995340006270284] ; [0.64825456021182748]
783 ; 0 ; 203 ; 1 ; [0.11827807387997982] ; [1.0641072480877622]
783 ; 0 ; 203 ; 5 ; [1.8094298690269863] ; [4.4159710439151265]
783 ; 0 ; 203 ; 6 ; [0.10161890625861589] ; [1.013175155686123]
783 ; 0 ; 203 ; 7 ; [0.92243690781776111] ; [0.520080080398582]
783 ; 0 ; 203 ; 11 ; [0.10773431281219335] ; [0.93215366420121826]
783 ; 0 ; 203 ; 12 ; [0.096018044175592815] ; [1.4795912318814051]
783 ; 0 ; 204 ; 1 ; [2.2610917515008921] ; [3.1751743195091136]
783 ; 0 ; 204 ; 2 ; [0.21687953905868002] ; [2.4681099423150266]
783 ; 0 ; 204 ; 4 ; [0.26973040614137106] ; [0.11910810815588457]
783 ; 0 ; 204 ; 6 ; [0.12547571636389235] ; [-0.0020347031944486847]
783 ; 0 ; 204 ; 8 ; [2.3119764126776765] ; [1.2128094806099219]
783 ; 0 ; 204 ; 9 ; [3.3828662495616135] ; [0.75759405541082459]
783 ; 0 ; 204 ; 11 ; [0.44486317012826182] ; [1.2728095672756365]
783 ; 0 ; 204 ; 15 ; [0.1264785001523584] ; [0.26416576893658422]
783 ; 0 ; 205 ; 0 ; [0.0052851764615314822, 0.001851655806521657, -0.0091322803440380927] ; [0.30359698269785745, 0.21614583548123051, 0.054060901304589522]
783 ; 0 ; 205 ; 1 ; [0.16653341363505766] ; [0.14140865382218895]
783 ; 0 ; 206 ; 0 ; [0.31436727090000111] ; [1.1060886783016521]
783 ; 0 ; 206 ; 3 ; [2.8192730118724274] ; [1.5376515447629004]
783 ; 0 ; 207 ; 0 ; [0.11518944811681563, 0.026224624096790782] ; [0.1218346110733619, -0.061155075331186491]
783 ; 0 ; 207 ; 1 ; [0.017303958144725982] ; [0.49822599676139578]
783 ; 0 ; 208 ; 0 ; [-0.0033413040626721182, -0.0062850752447018233, 0.080454010955522348] ; [0.38310776918569811, 0.23657001648035636, -0.057994773003546385]
783 ; 0 ; 210 ; 1 ; [0.085819674131721008] ; [0.073830010303401583]
783 ; 0 ; 211 ; 0 ; [0.079425815854399798] ; [1.1463366769654673]
783 ; 0 ; 211 ; 3 ; [0.095370217229205148] ; [2.0487027085422791]
783 ; 0 ; 211 ; 4 ; [1.2598827640500869] ; [1.0376433708913162]
783 ; 0 ; 211 ; 5 ; [1.0400530322611987] ; [0.82290050645103774]
783 ; 0 ; 211 ; 7 ; [0.021590521443114071] ; [0.2036076828931393]
783 ; 0 ; 213 ; 1 ; [0.099922005348589596, 0.34110312059567344] ; [0.010734635832568146, 0.026163025827841982]
783 ; 0 ; 213 ; 2 ; [0.1940426445887414] ; [0.016912656154709882]
783 ; 0 ; 214 ; 0 ; [1.487780886400633] ; [0.66894840866161731]
783 ; 0 ; 215 ; 0 ; [0.27736326907408998] ; [0.70978720691875541]
783 ; 0 ; 215 ; 1 ; [0.1224219781034316] ; [0.88802113325587584]
783 ; 0 ; 216 ; 0 ; [0.24856139755030668] ; [0.30271435431440641]
783 ; 0 ; 216 ; 1 ; [3.0048646556646541] ; [0.67170499879356504]
783 ; 0 ; 216 ; 2 ; [2.8550078314871845] ; [2.4382656546904635]
783 ; 0 ; 216 ; 3 ; [0.17571549387486932] ; [2.0396057849895528]
783 ; 0 ; 216 ; 7 ; [1.1267969218624807] ; [0.21779113104267439]
783 ; 0 ; 216 ; 8 ; [1.4167177983245363] ; [0.02386434409947508]
783 ; 0 ; 217 ; 0 ; [0.68048653743105181] ; [3.0324631996237934]
783 ; 0 ; 217 ; 2 ; [0.54043423027407711] ; [0.71223032261734409]
783 ; 0 ; 217 ; 3 ; [2.9981037731960449] ; [0.10468678046969407]
783 ; 0 ; 217 ; 4 ; [1.0301551590179767] ; [7.7707953304058233]
783 ; 0 ; 217 ; 5 ; [0.12788965175229841] ; [1.9852347331669216]
783 ; 0 ; 217 ; 8 ; [1.7108191572717415] ; [0.42191790019333497]
783 ; 0 ; 217 ; 11 ; [0.20201545199580628] ; [4.21835963180623]
783 ; 0 ; 219 ; 0 ; [4.2011011420562001] ; [0.34535349850100799]
783 ; 0 ; 220 ; 0 ; [0.37096272705747174, 0.43399250404391221, 0.38647677115772688, 0.55172047395505519, 0.17082114715318811] ; [0.19536857099035906, 0.24001414293306575, 0.28079121349889674, 0.26931711625553362, 0.92081987727057157]
783 ; 0 ; 220 ; 1 ; [0.26735031963443645] ; [-0.015814118472156614]
783 ; 0 ; 221 ; 0 ; [0.32496946424140788] ; [0.14807404089501158]
783 ; 0 ; 221 ; 1 ; [0.38657394945416651] ; [0.080383510590376378]
783 ; 0 ; 221 ; 9 ; [0.59424387386251332] ; [0.10429663457322415]
783 ; 0 ; 222 ; 0 ; [0.16704158806116881] ; [0.24800756573095598]
783 ; 0 ; 222 ; 1 ; [0.28334003185299933, 0.55923356219105469] ; [0.45191977101101066, 0.13288645441954569]
783 ; 0 ; 223 ; 0 ; [0.048751733849564216] ; [0.3951365144124015]
783 ; 0 ; 224 ; 2 ; [0.002061602633618822] ; [-0.099471507248370186]
783 ; 0 ; 226 ; 1 ; [0.01505568833894487] ; [2.9509015446942595e-05]
783 ; 0 ; 226 ; 3 ; [1.4397891119451525] ; [1.6662354436004199]
783 ; 0 ; 228 ; 1 ; [-0.10264844246260119] ; [0.0016355037021117736]
783 ; 0 ; 229 ; 0 ; [0.34300103272895227, 0.20127601724148272] ; [0.70977877562326019, 0.49126044029221744]
783 ; 0 ; 229 ; 2 ; [1.3610511280950799] ; [0.016372221744101353]
783 ; 0 ; 230 ; 0 ; [1.3237243651452151] ; [1.8808183500981903]
783 ; 0 ; 230 ; 1 ; [0.33595488273540519] ; [5.9102813631469759]
783 ; 0 ; 230 ; 2 ; [1.6928419234403402] ; [4.1357867147118084]
783 ; 0 ; 230 ; 3 ; [0.50599772056958325] ; [2.6255053796200238]
783 ; 0 ; 230 ; 8 ; [0.82648623890500283] ; [2.6597430439998542]
783 ; 0 ; 230 ; 9 ; [0.61656332371099376] ; [3.6806121028871659]
783 ; 0 ; 230 ; 10 ; [2.0754236427352062] ; [2.8176035797777805]
783 ; 0 ; 230 ; 11 ; [1.6006050624894257] ; [4.3363778424175417]
783 ; 0 ; 230 ; 13 ; [1.4351172250688642] ; [3.220940850296524]
783 ; 0 ; 230 ; 14 ; [0.06015254534762584] ; [5.5942397957542598]
783 ; 0 ; 230 ; 15 ; [0.22649300991602869] ; [8.2193665813164856]
783 ; 0 ; 230 ; 17 ; [0.93198970124833191] ; [0.49516882667550971]
783 ; 0 ; 230 ; 18 ; [4.9006377425549701] ; [2.0582797010967102]
783 ; 0 ; 231 ; 0 ; [0.11244567869554914] ; [0.0034405245828308018]
783 ; 0 ; 231 ; 1 ; [0.05629755756639504] ; [0.25357135262924324]
783 ; 0 ; 232 ; 0 ; [0.42266248094699638, 0.65995587657492827, 0.63043985318840579] ; [0.2398592175413776, 0.82967322509992625, 0.15152387484205085]
783 ; 0 ; 233 ; 0 ; [0.17947509375045539] ; [0.54539043566241885]
783 ; 0 ; 233 ; 1 ; [0.28219373225828881] ; [0.43848820777093683]
783 ; 0 ; 234 ; 0 ; [0.61084229480119256] ; [0.095323944703825436]
783 ; 0 ; 234 ; 6 ; [0.064739980650846421] ; [1.0467274948815402]
783 ; 0 ; 234 ; 7 ; [0.017549860923792293] ; [0.04153823774715211]
783 ; 0 ; 234 ; 16 ; [0.22975776842552992] ; [0.2817740818674544]
783 ; 0 ; 236 ; 1 ; [0.5232909188645658] ; [0.6111565773798201]
783 ; 0 ; 236 ; 3 ; [0.27404589552841435] ; [0.32576708493587464]
783 ; 0 ; 237 ; 1 ; [1.8691360954265306] ; [1.2263942238614087]
783 ; 0 ; 237 ; 2 ; [2.7501387392514007] ; [1.878764229081948]
783 ; 0 ; 237 ; 3 ; [1.7183930647464161] ; [2.3079807692946566]
783 ; 0 ; 237 ; 4 ; [1.8525650323905392] ; [1.842808488349073]
783 ; 0 ; 237 ; 5 ; [1.9997771120790564] ; [-0.0059597175257968373]
783 ; 0 ; 237 ; 6 ; [2.3170244920916194] ; [2.0305734680856382]
783 ; 0 ; 237 ; 9 ; [2.0762171022356144] ; [1.813136655372372]
783 ; 0 ; 237 ; 10 ; [2.0215045870205515] ; [1.2224440224717827]
783 ; 0 ; 237 ; 11 ; [2.2573885923146975] ; [2.3435260165664196]
783 ; 0 ; 237 ; 12 ; [2.1275347020136985] ; [1.3570680344237667]
783 ; 0 ; 237 ; 15 ; [1.9565102927405653] ; [1.3984031813945046]
783 ; 0 ; 237 ; 16 ; [1.8620229387593215] ; [2.2399242064769389]
783 ; 0 ; 237 ; 17 ; [1.8495463503657237] ; [1.6274086670432157]
783 ; 0 ; 237 ; 18 ; [1.6930287035705831] ; [1.5538962914969547]
783 ; 0 ; 237 ; 20 ; [2.6114301115068383] ; [2.2466487649964058]
783 ; 0 ; 237 ; 21 ; [2.387095926483966] ; [2.7074366209638785]
783 ; 0 ; 237 ; 23 ; [2.0369344620067564] ; [2.1366186811240953]
783 ; 0 ; 237 ; 24 ; [2.0322966011954837] ; [1.8632335915759037]
783 ; 0 ; 237 ; 26 ; [1.9818582874939901] ; [1.4187074893950877]
783 ; 0 ; 237 ; 29 ; [2.1986647904476531, 2.8872678895343844] ; [1.9793489177190222, 0.99568814427875674]
783 ; 0 ; 237 ; 30 ; [2.1321274817326392] ; [1.3727757194280512]
783 ; 0 ; 238 ; 7 ; [9.4523537533177358] ; [2.7653910452486818]
783 ; 0 ; 238 ; 8 ; [0.025484714358491971] ; [1.5823902942624075]
783 ; 0 ; 240 ; 0 ; [0.22621892824394377] ; [2.6384866290940527]
783 ; 0 ; 240 ; 2 ; [1.755183581028682] ; [1.689265012280931]
783 ; 0 ; 241 ; 1 ; [0.14567812813843123] ; [0.61237568941292797]
783 ; 0 ; 241 ; 2 ; [0.37143214881099429] ; [0.1202190190201915]
783 ; 0 ; 241 ; 3 ; [0.10516496803045916] ; [0.017961862677999769]
783 ; 0 ; 241 ; 7 ; [0.11446149695926097] ; [0.033262613428310217]
783 ; 0 ; 242 ; 0 ; [0.40024500804989366, 0.1726315560140616, 0.10875557726216112] ; [0.56863878703956161, 0.40638666560831727, 0.040863494793862878]
783 ; 0 ; 243 ; 0 ; [0.15320827412449309, 0.24770008905875285, 0.036436731484900564] ; [0.36143329459561152, 0.76710248092682376, 0.39015103846818128]
783 ; 0 ; 243 ; 1 ; [0.14449784718101139] ; [0.88266844116482002]
783 ; 0 ; 245 ; 1 ; [0.38501779738767228] ; [0.38197521888847918]
783 ; 0 ; 245 ; 2 ; [0.043428228693238986] ; [0.065912148054567798]
783 ; 0 ; 246 ; 0 ; [0.70077473247539657, 0.56055410583685461] ; [0.71496375916471089, 0.29544829061093747]
783 ; 0 ; 247 ; 0 ; [0.027443414319225114] ; [1.0725473881609735]
783 ; 0 ; 247 ; 1 ; [6.0610028144063168] ; [1.4631458555340162]
783 ; 0 ; 249 ; 0 ; [0.15701552238985186, 0.21165229963156726, 0.19892679405690045, 0.058068117786952457] ; [0.21898727421479308, 0.42816583708525857, 0.25931362414002407, 0.263776853500298]
783 ; 0 ; 251 ; 0 ; [2.188522174826232] ; [0.31977507252808401]
783 ; 0 ; 251 ; 1 ; [0.52199035719545694] ; [0.71218374346290725]
783 ; 0 ; 251 ; 4 ; [0.57759009303785025] ; [0.51215802005225863]
783 ; 0 ; 251 ; 7 ; [1.9162788646525262] ; [0.35166354890911039]
783 ; 0 ; 252 ; 0 ; [0.19270324133443836] ; [-0.0082836481956520217]
783 ; 0 ; 252 ; 1 ; [1.7473779271838772] ; [0.4673376473665124]
783 ; 0 ; 252 ; 3 ; [0.25265010412840794, 0.21881436071819463] ; [0.37715364822788744, 0.3500659935631712]
783 ; 0 ; 253 ; 9 ; [1.374775233985007] ; [4.245493454008499]
783 ; 0 ; 254 ; 0 ; [1.595692804211174] ; [0.83945832842146528]
783 ; 0 ; 254 ; 2 ; [3.6665830655672869] ; [1.5732754875175499]
783 ; 0 ; 255 ; 0 ; [0.005337043554051229, 0.41173751804382686] ; [0.27917012777824773, 0.25203633568951844]
783 ; 0 ; 255 ; 1 ; [0.11421088241780084] ; [0.29619672731080116]
783 ; 0 ; 256 ; 0 ; [0.6984249820577757] ; [0.72020525279594827]
783 ; 0 ; 257 ; 0 ; [2.4160678721315945] ; [1.5266566486436612]
783 ; 0 ; 257 ; 4 ; [0.39327224911148906] ; [0.22229767724819338]
783 ; 0 ; 257 ; 8 ; [0.075062695842287142] ; [1.3653396530763411]
783 ; 0 ; 259 ; 0 ; [0.031517740286868823, 0.48385197939777524] ; [0.4739412126003214, 0.37155234335060033]
783 ; 0 ; 260 ; 0 ; [0.12986356326233867] ; [0.27718935296071201]
783 ; 0 ; 260 ; 1 ; [0.87864897299247746] ; [2.2358310853913097]
783 ; 0 ; 261 ; 0 ; [0.098718061964478812, 0.077536613697017323, 0.03700416802002271] ; [0.27563354808890944, 0.41883100193600575, 0.16440729424049361]
783 ; 0 ; 262 ; 0 ; [0.94188389594083022] ; [1.8946822393234244]
783 ; 0 ; 262 ; 2 ; [0.10228280416540303] ; [-0.0090042058366229093]
783 ; 0 ; 263 ; 0 ; [0.27441403527326069] ; [1.6046595741049403]
783 ; 0 ; 263 ; 4 ; [4.8002979082315624] ; [1.3543963399572281]
783 ; 0 ; 264 ; 0 ; [0.54224996002545833, 0.44619776350139168] ; [0.45458658452783668, 0.83762079024520142]
783 ; 0 ; 264 ; 3 ; [0.075012749504903775] ; [0.70727538894976993]
783 ; 0 ; 264 ; 5 ; [0.36581759742588466] ; [0.46761164592821508]
783 ; 0 ; 265 ; 0 ; [0.51638524737043223] ; [1.709172915646282]
783 ; 0 ; 265 ; 2 ; [0.16230068863884481] ; [0.0038133620931577127]
783 ; 0 ; 267 ; 0 ; [0.01632308878174234] ; [0.19346898923707825]
783 ; 0 ; 267 ; 1 ; [0.11102700392996295, 0.021120312663673504] ; [0.27342515263377526, 0.38244858764238138]
783 ; 0 ; 267 ; 3 ; [0.39789267187530863] ; [0.016357717408937079]
783 ; 0 ; 268 ; 0 ; [-0.0089288231095584741] ; [0.23394047608476271]
783 ; 0 ; 269 ; 0 ; [-0.00036898684004362962] ; [0.21686793000588742]
783 ; 0 ; 270 ; 0 ; [-0.15389773032641554] ; [0.31770121414928115]
783 ; 0 ; 270 ; 1 ; [0.12067315660084563] ; [0.068923509125589644]
783 ; 0 ; 271 ; 0 ; [0.27452920501458949, 0.21107297006166964, 0.23273814503963067, -0.0015984921378731538] ; [0.23369899886194395, 0.11874961122074082, 0.49081715640847468, 0.19947184516716263]
783 ; 0 ; 271 ; 1 ; [0.17776219399869439] ; [0.36984044191051246]
783 ; 0 ; 271 ; 2 ; [-0.011436616049842118] ; [0.21038702672743423]
783 ; 0 ; 272 ; 0 ; [0.84044261544116239] ; [0.91358418766103233]
783 ; 0 ; 272 ; 1 ; [0.4301562692750619] ; [0.48297737267452551]
783 ; 0 ; 272 ; 2 ; [0.23389722459423062] ; [0.27319957398355527]
783 ; 0 ; 272 ; 3 ; [1.0314354206534331] ; [1.3892061157796127]
783 ; 0 ; 272 ; 7 ; [3.3467850524001319] ; [1.8760126097395766]
783 ; 0 ; 272 ; 8 ; [2.1670148978595365] ; [2.0117052220949763]
783 ; 0 ; 272 ; 9 ; [0.64459133272357028] ; [2.493240924252937]
783 ; 0 ; 272 ; 10 ; [1.3692245987956964] ; [1.7758823218782351]
783 ; 0 ; 272 ; 13 ; [1.2180225140350078] ; [2.1338529572626146]
783 ; 0 ; 272 ; 14 ; [2.4492386688890107] ; [1.4948219688893181]
783 ; 0 ; 272 ; 16 ; [2.7438979037929547] ; [1.4915240602188715]
783 ; 0 ; 272 ; 18 ; [0.76117879038318603] ; [1.7583620506006663]
783 ; 0 ; 272 ; 19 ; [2.2620412225220496] ; [2.6318623581223686]
783 ; 0 ; 272 ; 21 ; [0.94955254085551022] ; [1.7905778497253215]
783 ; 0 ; 272 ; 24 ; [1.3970127579386111] ; [0.18501121617327276]
783 ; 0 ; 272 ; 26 ; [1.2983806879575752] ; [1.8182767839958032]
783 ; 0 ; 272 ; 27 ; [3.2687010638979279] ; [2.1243504055707998]
783 ; 0 ; 272 ; 28 ; [4.9807586973450819] ; [1.5292483569839237]
783 ; 0 ; 272 ; 29 ; [1.5111740548384183] ; [3.1625253788276102]
783 ; 0 ; 272 ; 33 ; [2.2341463849704302] ; [2.0205020840831724]
783 ; 0 ; 272 ; 35 ; [1.0292022561782628] ; [0.76586957356276086]
783 ; 0 ; 272 ; 39 ; [2.4482260342451059] ; [1.6668724268838742]
783 ; 0 ; 273 ; 1 ; [0.019250706713684475] ; [0.49076193566294107]
783 ; 0 ; 273 ; 2 ; [0.031032642752264798] ; [0.084310638569337876]
783 ; 0 ; 274 ; 0 ; [1.1864408173060441] ; [0.71184250106202285]
783 ; 0 ; 274 ; 1 ; [0.3060079012116772, 1.1947042051937538] ; [0.68551166287504284, 0.6514776123938294]
783 ; 0 ; 274 ; 3 ; [0.89362888279848562] ; [0.60757691576330608]
783 ; 0 ; 274 ; 4 ; [0.10478942828429155] ; [1.2568530126259152]
783 ; 0 ; 274 ; 5 ; [0.40577237914299019] ; [-0.23743634719973281]
783 ; 0 ; 274 ; 6 ; [0.1201972950292774] ; [0.86233369841766772]
783 ; 0 ; 274 ; 9 ; [9.4779220782974622] ; [0.12011032655884381]
783 ; 0 ; 275 ; 1 ; [1.4826496528896496] ; [-0.026952630196927025]
783 ; 0 ; 275 ; 3 ; [0.99542957754305683] ; [3.8464396548194051]
783 ; 0 ; 275 ; 6 ; [0.38477270637854649] ; [1.5379370409172053]
783 ; 0 ; 275 ; 7 ; [1.6098270871418017] ; [0.25044713256935047]
783 ; 0 ; 275 ; 10 ; [2.2139850463275788] ; [2.0202840057758102]
783 ; 0 ; 276 ; 0 ; [0.073003362772445929] ; [0.6365093688965906]
783 ; 0 ; 276 ; 2 ; [1.6725838819094707] ; [0.22990641814303375]
783 ; 0 ; 276 ; 4 ; [0.056073810789020379] ; [1.761548736034791]
783 ; 0 ; 277 ; 0 ; [0.58796491254579097] ; [0.24335490775803428]
783 ; 0 ; 277 ; 1 ; [0.1111665946202314] ; [0.44916139438523195]
783 ; 0 ; 277 ; 2 ; [0.63614278237603883] ; [1.0130717955716098]
783 ; 0 ; 277 ; 3 ; [1.9416162224193056] ; [0.04729567617572409]
783 ; 0 ; 278 ; 0 ; [0.43323423680501794] ; [0.56027561149624028]
783 ; 0 ; 278 ; 2 ; [0.24400915416013166] ; [0.15165245598405938]
783 ; 0 ; 278 ; 4 ; [0.21754107738767373] ; [1.2027349532648961]
783 ; 0 ; 279 ; 0 ; [0.099343501289390734] ; [0.18596901320805298]
783 ; 0 ; 279 ; 1 ; [0.08930058647394544] ; [0.52993475940625889]
783 ; 0 ; 281 ; 0 ; [0.048133749718764988] ; [-0.0009277304799938579]
783 ; 0 ; 281 ; 1 ; [0.025367519273535352] ; [0.6256039248684373]
783 ; 0 ; 284 ; 0 ; [1.9516707632397992] ; [0.36054149162157212]
783 ; 0 ; 284 ; 1 ; [1.7686969459938346] ; [1.0471314381345136]
783 ; 0 ; 284 ; 2 ; [1.5744338116527592] ; [2.1919752971497095]
783 ; 0 ; 284 ; 3 ; [1.908803112952415] ; [3.9618819354296453]
783 ; 0 ; 284 ; 5 ; [1.9799615657899934] ; [4.1531849743580409]
783 ; 0 ; 284 ; 6 ; [1.7110044739214194] ; [2.5657683515389138]
783 ; 0 ; 284 ; 7 ; [3.0224025283356855] ; [2.491630000801774]
783 ; 0 ; 284 ; 8 ; [1.6426325967032904] ; [3.1336674848995809]
783 ; 0 ; 284 ; 9 ; [1.6829017614825645] ; [1.7076928139213443]
783 ; 0 ; 285 ; 0 ; [0.088039418065185393, 0.98641956261574704] ; [0.16052241865314257, 0.46173192399730906]
783 ; 0 ; 286 ; 0 ; [1.9576956261689182] ; [0.62226691634022224]
783 ; 0 ; 286 ; 1 ; [1.003711751069464] ; [0.26240442201912989]
783 ; 0 ; 286 ; 7 ; [0.0017671285611910014] ; [1.5416986335566256]
783 ; 0 ; 287 ; 0 ; [-0.0013407374468443504, 0.0015999931393447864, 0.006539676306824449] ; [0.68868047298433321, 0.13659357726564628, 0.33208763132652119]
783 ; 0 ; 289 ; 1 ; [1.037119138023493] ; [0.61295423755060907]
783 ; 0 ; 289 ; 4 ; [5.1293774333756232] ; [2.8558596072902738]
783 ; 0 ; 289 ; 5 ; [3.4501376372307146] ; [0.82403149319946756]
783 ; 0 ; 290 ; 1 ; [0.0043089341784187368] ; [0.4805745539237628]
783 ; 0 ; 290 ; 3 ; [0.48996668827873557] ; [1.173042131351264]
783 ; 0 ; 290 ; 4 ; [1.8326694966135824] ; [9.2859070621992199]
783 ; 0 ; 290 ; 5 ; [0.3367634393999957] ; [0.76927535139859182]
783 ; 0 ; 290 ; 6 ; [0.28592826710711372] ; [0.70701996073487461]
783 ; 0 ; 291 ; 3 ; [0.16327602790846155] ; [0.025243716225802834]
783 ; 0 ; 291 ; 4 ; [0.10780338064083629] ; [-0.26920298457594843]
783 ; 0 ; 292 ; 0 ; [0.49369905826264543] ; [0.32850719269082107]
783 ; 0 ; 292 ; 1 ; [5.2767961361501596] ; [-0.057391102537402476]
783 ; 0 ; 292 ; 3 ; [1.6696040621410004] ; [2.5010143799819353]
783 ; 0 ; 292 ; 4 ; [1.0196146797725896] ; [0.35404149405428936]
783 ; 0 ; 292 ; 5 ; [0.21144802618834699] ; [0.53463367133065476]
783 ; 0 ; 292 ; 7 ; [0.7676981916348542] ; [1.2127175986375498]
783 ; 0 ; 292 ; 10 ; [0.0076252009854321312] ; [0.02840113433897028]
783 ; 0 ; 292 ; 11 ; [0.017141665690160061] ; [3.9979417094268981]
783 ; 0 ; 293 ; 0 ; [0.046967541720638051, 0.042889441774929191] ; [0.42016008274219779, -0.044708379642479826]
783 ; 0 ; 293 ; 1 ; [0.42612343293219773] ; [0.39127347941733054]
783 ; 0 ; 294 ; 0 ; [0.58086274628730972] ; [0.2661034884350304]
783 ; 0 ; 294 ; 1 ; [0.41678807185421191] ; [0.22170679766914189]
783 ; 0 ; 295 ; 0 ; [0.046638509542039769, 0.092469003503718533, 0.024022778078776615, 0.017416881404925894] ; [0.22411744415082621, 0.2480688716517942, 0.26357512623123558, -0.16387141366986407]
783 ; 0 ; 297 ; 0 ; [0.15905311264285807] ; [0.018519612007863097]
783 ; 0 ; 297 ; 1 ; [4.2114811995694472] ; [-0.046820446390119112]
783 ; 0 ; 297 ; 2 ; [0.033094890316589222] ; [3.8376047386000822]
783 ; 0 ; 297 ; 3 ; [0.65054160642855952] ; [0.41764813452921085]
783 ; 0 ; 298 ; 1 ; [0.24155069958057024] ; [0.48157368108983417]
783 ; 0 ; 298 ; 2 ; [1.2880725495877001] ; [2.0237017497214786]
783 ; 0 ; 298 ; 4 ; [0.076809923913652128] ; [0.62314639404357564]
783 ; 0 ; 300 ; 0 ; [0.54818365287279258] ; [2.0805992059646652]
783 ; 0 ; 300 ; 5 ; [1.6303152850948517] ; [2.4122962344033949]
783 ; 0 ; 300 ; 6 ; [1.3944075343059559] ; [2.8224715445512381]
783 ; 0 ; 300 ; 7 ; [0.081943242058371168] ; [1.5693548189021034]
783 ; 0 ; 300 ; 8 ; [2.9703802241218464] ; [2.5518434725687893]
783 ; 0 ; 300 ; 10 ; [1.7552046488272213] ; [1.4513654532615707]
783 ; 0 ; 300 ; 11 ; [0.74888888917365326] ; [1.6772752809921565]
783 ; 0 ; 300 ; 12 ; [4.5219349633861077] ; [4.6077999423558866]
783 ; 0 ; 300 ; 13 ; [3.3366898725107079] ; [2.1306543215401721]
783 ; 0 ; 301 ; 0 ; [1.883432883761706] ; [0.98528631413225509]
783 ; 0 ; 301 ; 1 ; [0.87816497856016573] ; [0.37472752915024371]
783 ; 0 ; 301 ; 2 ; [0.47133617577875841] ; [0.72826913304258512]
783 ; 0 ; 301 ; 3 ; [1.3292894146755441] ; [1.5228054916617404]
783 ; 0 ; 304 ; 0 ; [0.40931202978585141] ; [0.068893041903012417]
783 ; 0 ; 304 ; 1 ; [0.87979646631839825] ; [0.60326320552061996]
783 ; 0 ; 306 ; 0 ; [0.87972816463801584] ; [0.0073042137129311078]
783 ; 0 ; 306 ; 2 ; [0.79821366088961498] ; [0.9111370794877881]
783 ; 0 ; 307 ; 0 ; [0.17665003994730283] ; [0.26849917083072311]
783 ; 0 ; 307 ; 1 ; [0.09732205067507492] ; [0.97767376197950473]
783 ; 0 ; 307 ; 3 ; [0.81934520800655175] ; [1.3977887793619788]
783 ; 0 ; 308 ; 0 ; [0.13963861249544154] ; [-0.024873378016231851]
783 ; 0 ; 308 ; 9 ; [1.2711257952606838] ; [1.5248438387000371]
783 ; 0 ; 308 ; 13 ; [0.15875925039248998] ; [0.061523602792249624]
783 ; 0 ; 309 ; 0 ; [0.091769349851624687] ; [1.7446844025462263]
783 ; 0 ; 309 ; 1 ; [0.13914703568414291] ; [0.37131213048397926]
783 ; 0 ; 309 ; 3 ; [0.073825310552609949] ; [0.029208692533146875]
783 ; 0 ; 309 ; 4 ; [0.84036492296627752] ; [0.034791998224651337]
783 ; 0 ; 310 ; 1 ; [0.063820916220452606] ; [0.058339262401195795]
783 ; 0 ; 310 ; 7 ; [1.5762089129037513] ; [1.2908012639545512]
783 ; 0 ; 310 ; 11 ; [1.6276106836971289] ; [2.9577375114839581]
783 ; 0 ; 311 ; 0 ; [0.13238231637937678] ; [0.34818556439179371]
783 ; 0 ; 311 ; 2 ; [0.27054229061924884] ; [1.1169169938037984]
783 ; 0 ; 311 ; 3 ; [0.23354879879823134] ; [0.99627463671424521]
783 ; 0 ; 312 ; 0 ; [3.0293649034847427] ; [0.19751875810330677]
783 ; 0 ; 312 ; 1 ; [0.1149429268645739] ; [-0.026818099812254009]
783 ; 0 ; 314 ; 0 ; [0.92354538927503449] ; [0.30765334759286889]
783 ; 0 ; 314 ; 1 ; [0.017574222297714714] ; [0.34037103437300026]
783 ; 0 ; 314 ; 3 ; [1.4448213042246141] ; [2.1446421861636331]
783 ; 0 ; 314 ; 5 ; [0.11660009864304383] ; [0.53881203964586077]
783 ; 0 ; 314 ; 6 ; [0.091407146894780605] ; [0.92342011213438735]
783 ; 0 ; 315 ; 0 ; [3.4516649585729238] ; [-0.022568462062743006]
783 ; 0 ; 315 ; 1 ; [0.22126997627795988] ; [-0.0050206643675665486]
783 ; 0 ; 315 ; 4 ; [1.5330665200096931] ; [1.8156573460769982]
783 ; 0 ; 315 ; 6 ; [0.025325112820913799] ; [1.6120545941915558]
783 ; 0 ; 315 ; 8 ; [0.40321257143125816] ; [1.5299109060489655]
783 ; 0 ; 316 ; 0 ; [0.027423043112878499, 0.23315146964721101, 0.13500918329417919] ; [0.63227888760025353, 0.31297724439092056, 0.15589745437290631]
783 ; 0 ; 316 ; 1 ; [0.015227258446379843] ; [0.4505089239800868]
783 ; 0 ; 317 ; 0 ; [0.069276281993958341] ; [0.54895709840804441]
783 ; 0 ; 317 ; 1 ; [0.25285094595742719] ; [0.88373773636384367]
783 ; 0 ; 317 ; 2 ; [0.31402714223004285] ; [0.83489555886707001]
783 ; 0 ; 318 ; 0 ; [0.013925168456475881] ; [0.66143627283637219]
783 ; 0 ; 318 ; 4 ; [0.00049718078332452271] ; [-0.027769070858882309]
783 ; 0 ; 319 ; 0 ; [0.18229383451919437] ; [0.08527875987494879]
783 ; 0 ; 319 ; 3 ; [1.1453182099671182] ; [0.20999483119140291]
783 ; 0 ; 319 ; 8 ; [0.40048681683647425] ; [-0.0035152396943673014]
783 ; 0 ; 320 ; 0 ; [0.040894901874451411] ; [0.2993657346182208]
783 ; 0 ; 322 ; 0 ; [0.32206500398144394] ; [0.31867663387564144]
783 ; 0 ; 323 ; 0 ; [0.52436604840058987] ; [0.14624385802117668]
783 ; 0 ; 323 ; 3 ; [1.4683083555031604] ; [3.1689278896895461]
783 ; 0 ; 323 ; 6 ; [0.0016144799745615955] ; [0.76768190355922949]
783 ; 0 ; 323 ; 7 ; [0.072190923493867243] ; [0.77593309281170164]
783 ; 0 ; 324 ; 0 ; [0.86988352681049241, 1.7228150573993561] ; [0.12439515611572956, 0.26752952315829848]
783 ; 0 ; 324 ; 3 ; [1.3979127059830763] ; [1.7412192902452386]
783 ; 0 ; 325 ; 0 ; [0.15199291214599603] ; [0.50788622593679522]
783 ; 0 ; 326 ; 0 ; [1.1344978194356978] ; [0.49490360492320917]
783 ; 0 ; 326 ; 1 ; [0.8111332567700571] ; [2.4578694800391849]
783 ; 0 ; 326 ; 3 ; [0.29005469788730703] ; [1.7079988051021375]
783 ; 0 ; 326 ; 4 ; [2.6313904928709673] ; [0.53729929575432067]
783 ; 0 ; 327 ; 0 ; [0.067742278174519388, 0.25448209049119874] ; [0.22797161889227721, 0.24512220748621535]
783 ; 0 ; 328 ; 0 ; [-0.039870769061043157] ; [-0.019410704753864909]
783 ; 0 ; 328 ; 4 ; [0.051945990896916358] ; [0.36051190380243742]
783 ; 0 ; 328 ; 5 ; [0.11297133871706003] ; [0.51449390896014302]
783 ; 0 ; 329 ; 0 ; [0.0062012463941397899] ; [1.6834016051191407]
783 ; 0 ; 329 ; 3 ; [0.0029072710738172951] ; [1.7197927963967696]
783 ; 0 ; 331 ; 0 ; [0.32006089894222278, 0.4583214702293873] ; [0.42859295615007842, 0.47780123375884254]
783 ; 0 ; 331 ; 1 ; [0.12947311962648303] ; [0.65116400669981567]
783 ; 0 ; 331 ; 4 ; [0.48088557778939772] ; [1.0483899960539667]
783 ; 0 ; 332 ; 0 ; [1.6542809502994464] ; [0.40970380177033716]
783 ; 0 ; 332 ; 1 ; [2.6608397536230468] ; [0.68859505657609232]
783 ; 0 ; 332 ; 2 ; [1.5498108524682928] ; [2.2021370219053358]
783 ; 0 ; 332 ; 3 ; [0.99667493452875511] ; [0.44547840709003955]
783 ; 0 ; 332 ; 5 ; [0.94765147889522949] ; [5.7114250533922784]
783 ; 0 ; 332 ; 8 ; [1.1611763508665003] ; [4.3017134388493368]
783 ; 0 ; 332 ; 11 ; [0.58290623439083367] ; [3.8760734538760739]
783 ; 0 ; 332 ; 13 ; [2.0544354574629224] ; [2.3948567647611587]
783 ; 0 ; 332 ; 14 ; [0.77729819058624394] ; [3.393210459728246]
783 ; 0 ; 332 ; 16 ; [1.472677831557742] ; [2.7597042776294987]
783 ; 0 ; 332 ; 19 ; [2.4762932068573784] ; [4.4189255663260436]
783 ; 0 ; 332 ; 24 ; [0.88289270817781362] ; [4.2483429095505967]
783 ; 0 ; 332 ; 27 ; [0.50891813262735019] ; [0.71904372418166662]
783 ; 0 ; 332 ; 29 ; [2.2831027962203607] ; [0.83225237394869245]
783 ; 0 ; 332 ; 32 ; [2.2004958108419297] ; [2.639087308499882]
783 ; 0 ; 332 ; 35 ; [8.2849917299181932] ; [2.5518684263003375]
783 ; 0 ; 333 ; 0 ; [0.25068166102325218] ; [-0.022360513347820347]
783 ; 0 ; 333 ; 1 ; [0.23378276072354973] ; [0.55121121441581922]
783 ; 0 ; 333 ; 5 ; [1.229752408210198] ; [0.8720772086616988]
783 ; 0 ; 334 ; 0 ; [0.14058505711961547] ; [0.39087437607126146]
783 ; 0 ; 334 ; 1 ; [0.56102212221975556] ; [0.028658956159087434]
783 ; 0 ; 334 ; 2 ; [0.41940001287318124] ; [0.1428087536778215]