# Run ; Subrun ; Event ; Track ; Charge Ratios View 0 ; Charge Ratios View 1 #
796 ; 0 ; 0 ; 0 ; [0.15919373369729609] ; [0.27044772398381917]
796 ; 0 ; 1 ; 0 ; [2.128231514169288] ; [0.27263295190901193]
796 ; 0 ; 1 ; 5 ; [0.23615455224859108] ; [0.93389899332086157]
796 ; 0 ; 1 ; 8 ; [0.54993325110325386] ; [1.4415304391379886]
796 ; 0 ; 1 ; 9 ; [1.0757511799391877] ; [0.60019333703409472]
796 ; 0 ; 2 ; 2 ; [0.056716855005739392, 0.18104068264339476, 0.059681922643463073, 0.43496196726939806, 0.091307991717228268] ; [0.048851017493598853, 0.098096071636121301, 0.11227945469928469, 0.60375482415745851, -0.0056629103716568869]
796 ; 0 ; 3 ; 0 ; [0.044408047186678741, 0.095052861762664809] ; [0.067653886067305755, 0.078943034190246938]
796 ; 0 ; 3 ; 1 ; [0.73248770957322851] ; [0.0033718974291893763]
796 ; 0 ; 3 ; 2 ; [0.01972172568686947] ; [0.032782168775661744]
796 ; 0 ; 4 ; 0 ; [0.34830804757199224] ; [0.056659466027633436]
796 ; 0 ; 5 ; 1 ; [0.96383016914487751] ; [0.025617309116953074]
796 ; 0 ; 5 ; 2 ; [0.0039392777114036857, 0.041553116047519163, 0.28015776796585862] ; [0.070096580241563455, 0.20620901395736957, 0.30107761256632348]
796 ; 0 ; 6 ; 0 ; [1.1614591402377217] ; [0.035804465233732458]
796 ; 0 ; 6 ; 1 ; [0.8661187609699722] ; [-0.010642375039421314]
796 ; 0 ; 6 ; 2 ; [1.0496158296647897] ; [0.49184248239972744]
796 ; 0 ; 6 ; 5 ; [2.8453131029180478, 2.0659411633533997] ; [0.017444361159981592, 1.2815221718491381]
796 ; 0 ; 6 ; 6 ; [0.53350887482663301] ; [0.31017973165917279]
796 ; 0 ; 7 ; 0 ; [-0.0206228261824675] ; [0.037492366254669611]
796 ; 0 ; 9 ; 2 ; [1.0075902401569685] ; [0.46952285628801338]
796 ; 0 ; 9 ; 3 ; [0.20420917824297463] ; [1.8657714285016831]
796 ; 0 ; 9 ; 4 ; [0.060533462469241385] ; [1.182478386829952]
796 ; 0 ; 9 ; 9 ; [0.74458935532048742] ; [0.94770666419824079]
796 ; 0 ; 9 ; 10 ; [0.96766631846286255] ; [1.6789058213938912]
796 ; 0 ; 9 ; 11 ; [1.1234446324477105] ; [0.93050548855934145]
796 ; 0 ; 10 ; 0 ; [1.7635955087607731] ; [0.68438715255804561]
796 ; 0 ; 10 ; 7 ; [1.9048376300598961] ; [0.19538323638218535]
796 ; 0 ; 10 ; 8 ; [1.90264753605433] ; [0.20682882610188977]
796 ; 0 ; 10 ; 11 ; [1.8405467486182037] ; [0.30597818374074487]
796 ; 0 ; 10 ; 13 ; [1.7063503580781223] ; [0.76353608336004009]
796 ; 0 ; 10 ; 14 ; [1.1964173260910047] ; [1.7427841169975729]
796 ; 0 ; 10 ; 15 ; [2.3294130412729346] ; [1.3401375948706002]
796 ; 0 ; 11 ; 0 ; [0.65357523829701902] ; [0.45557119757873321]
796 ; 0 ; 11 ; 1 ; [2.834358786180704] ; [0.24883139071689647]
796 ; 0 ; 11 ; 2 ; [0.56301384234034135] ; [0.39127521152941214]
796 ; 0 ; 13 ; 0 ; [1.0585741001740792] ; [0.49971158821926442]
796 ; 0 ; 13 ; 4 ; [0.83379906525869041] ; [1.1161456052261907]
796 ; 0 ; 13 ; 6 ; [1.546737928951835] ; [0.26621061493732739]
796 ; 0 ; 13 ; 14 ; [0.64815708683542361] ; [0.13637668992640978]
796 ; 0 ; 16 ; 0 ; [-0.00073547577466946874, 0.12362018683934969] ; [0.080036974512637846, 0.13960997356356761]
796 ; 0 ; 17 ; 1 ; [1.8979985203802983] ; [0.013761603186593434]
796 ; 0 ; 17 ; 2 ; [2.3768496353499993] ; [1.2531616444598435]
796 ; 0 ; 17 ; 3 ; [1.2979934184947577] ; [1.8080415458496155]
796 ; 0 ; 17 ; 5 ; [2.3088835888475945] ; [0.71360646885216183]
796 ; 0 ; 17 ; 8 ; [0.97993692555600498] ; [1.8393715141238045]
796 ; 0 ; 17 ; 9 ; [1.5292190006545872] ; [23.255378466740357]
796 ; 0 ; 19 ; 0 ; [0.69862358825899262] ; [0.49495264750412432]
796 ; 0 ; 19 ; 1 ; [0.95941693529873295] ; [0.31840509668168382]
796 ; 0 ; 19 ; 2 ; [1.3424762751726522] ; [0.28577598869936738]
796 ; 0 ; 19 ; 5 ; [1.2582872952608133] ; [0.36181390917580697]
796 ; 0 ; 20 ; 0 ; [0.40688926363038402] ; [0.0022253514509261072]
796 ; 0 ; 20 ; 1 ; [2.1733336931710516] ; [3.8996633932720397]
796 ; 0 ; 20 ; 4 ; [2.6524376686893549] ; [1.9263558120380424]
796 ; 0 ; 20 ; 5 ; [1.9700517643622963] ; [1.671755623889758]
796 ; 0 ; 20 ; 6 ; [2.4440221333889069] ; [5.450053403779874]
796 ; 0 ; 20 ; 7 ; [8.0000126357985266] ; [3.9992475888483305]
796 ; 0 ; 20 ; 10 ; [2.3165917600653598] ; [4.0762593823172502]
796 ; 0 ; 20 ; 11 ; [1.1558018144340254] ; [3.1465735089221525]
796 ; 0 ; 20 ; 12 ; [3.6122854865112424] ; [1.974151685165435]
796 ; 0 ; 20 ; 14 ; [1.5620656385553826] ; [2.6008705867224795]
796 ; 0 ; 20 ; 17 ; [2.1879755686939251] ; [1.8907775915517251]
796 ; 0 ; 20 ; 19 ; [2.2034453123585394] ; [1.7222247334835916]
796 ; 0 ; 20 ; 20 ; [2.3824853101029895] ; [2.0636448303335824]
796 ; 0 ; 20 ; 22 ; [1.5486596984651733] ; [2.0983058787363214]
796 ; 0 ; 20 ; 23 ; [0.75386821219183142] ; [2.3278735920984248]
796 ; 0 ; 20 ; 24 ; [2.1839321562791878] ; [2.3292630812794419]
796 ; 0 ; 20 ; 25 ; [6.2067021014001789] ; [9.1167324164404135]
796 ; 0 ; 21 ; 0 ; [0.027320127555830472] ; [0.091535873296872752]
796 ; 0 ; 22 ; 0 ; [0.045744477722308045] ; [0.020819888691565785]
796 ; 0 ; 23 ; 0 ; [-0.0034289380936447303, 0.0096474306377186663] ; [0.061675707186161791, 0.0063844907209565155]
796 ; 0 ; 23 ; 1 ; [0.064873682081671949] ; [-0.0073052019966363506]
796 ; 0 ; 24 ; 0 ; [1.0395866725760685] ; [0.097351702651563274]
796 ; 0 ; 24 ; 1 ; [0.82641934251068161, 3.809872701141253] ; [-0.001077256075532542, -0.0080763666735544255]
796 ; 0 ; 24 ; 2 ; [0.57111212086428664] ; [0.21438504290932123]
796 ; 0 ; 24 ; 3 ; [0.18956767307615166] ; [0.34448306981729876]
796 ; 0 ; 24 ; 4 ; [0.99964434854055462] ; [0.08062144142870728]
796 ; 0 ; 24 ; 5 ; [0.95378521384472847] ; [0.029848561616725309]
796 ; 0 ; 24 ; 12 ; [1.0230376793402514] ; [0.20798366439446189]
796 ; 0 ; 28 ; 0 ; [0.04226908560251233, -0.00039812892191770812, 0.041895412455136165] ; [0.11085481067878938, 0.081950666330036059, -0.024991556886042633]
796 ; 0 ; 29 ; 0 ; [1.8445838861800818] ; [0.30819413050405087]
796 ; 0 ; 29 ; 1 ; [1.0109916633076221] ; [1.2840740518951019]
796 ; 0 ; 29 ; 2 ; [2.5267369447219865] ; [0.60595017556115982]
796 ; 0 ; 30 ; 0 ; [0.44751990011176823, 3.3519346186192327] ; [0.43693650070986623, 1.026950752293563]
796 ; 0 ; 30 ; 12 ; [1.1019159727660179] ; [0.80814762608301471]
796 ; 0 ; 31 ; 2 ; [0.55798723766338232] ; [0.31787441249828363]
796 ; 0 ; 31 ; 6 ; [1.7708721354533574] ; [0.081342075209539871]
796 ; 0 ; 31 ; 7 ; [1.7403486147923413] ; [1.9929349115321973]
796 ; 0 ; 31 ; 10 ; [1.4596426025529428] ; [1.6966947735977731]
796 ; 0 ; 31 ; 11 ; [1.8623001750321975] ; [1.7165718657550026]
796 ; 0 ; 31 ; 12 ; [2.0535566666692655] ; [1.527818503167828]
796 ; 0 ; 31 ; 13 ; [5.4843843249754221] ; [2.3683661747284406]
796 ; 0 ; 31 ; 20 ; [2.2410578606545477] ; [1.5845341419427121]
796 ; 0 ; 31 ; 21 ; [3.9806531355267931] ; [2.0246483793269201]
796 ; 0 ; 32 ; 0 ; [1.115799531637536] ; [-0.093984138141912352]
796 ; 0 ; 32 ; 4 ; [0.55118531166439888] ; [0.8892551741872029]
796 ; 0 ; 33 ; 1 ; [1.5116670904313643] ; [-0.026912728432267864]
796 ; 0 ; 33 ; 2 ; [0.026397699088757876, 0.12365512958146502, 0.30251180459743754] ; [0.051470286451732947, 0.097133612078594028, 0.15817897031009609]
796 ; 0 ; 34 ; 6 ; [0.20915732430068668] ; [0.33828141401789247]
796 ; 0 ; 34 ; 8 ; [0.023325256718952813] ; [0.26037548284226875]
796 ; 0 ; 34 ; 9 ; [0.28517953952496772] ; [0.59038838983638375]
796 ; 0 ; 34 ; 11 ; [1.0307715594747842] ; [0.58828014520122063]
796 ; 0 ; 34 ; 14 ; [1.3955144460699762] ; [0.0030523615427074241]
796 ; 0 ; 34 ; 15 ; [0.65202441925004939] ; [2.6798062829438534]
796 ; 0 ; 34 ; 17 ; [1.5064606177932911] ; [1.5479214518532141]
796 ; 0 ; 34 ; 18 ; [0.62338048840954285] ; [0.70088225421052452]
796 ; 0 ; 35 ; 0 ; [0.84773875638238572] ; [1.8103217270736749]
796 ; 0 ; 35 ; 2 ; [1.7489265728638537] ; [0.79159978009073095]
796 ; 0 ; 35 ; 3 ; [1.7937280555378212] ; [3.1182736716952935]
796 ; 0 ; 35 ; 8 ; [1.7840015418183834] ; [1.9285809629823176]
796 ; 0 ; 35 ; 17 ; [1.2659014495547924] ; [2.5126647005336316]
796 ; 0 ; 35 ; 20 ; [1.2479950939384181] ; [1.9954741847556898]
796 ; 0 ; 35 ; 22 ; [0.84139784439531651] ; [1.890910079925886]
796 ; 0 ; 35 ; 24 ; [1.1369130694858172] ; [1.128897309464381]
796 ; 0 ; 35 ; 26 ; [3.1223435213358748] ; [0.769048624667099]
796 ; 0 ; 35 ; 28 ; [1.2580578324905849] ; [1.928018937402183]
796 ; 0 ; 35 ; 29 ; [2.2699533517489368] ; [0.56672560089741952]
796 ; 0 ; 35 ; 31 ; [1.0521367639350561] ; [2.009335268702257]
796 ; 0 ; 35 ; 34 ; [1.7004873882875311] ; [2.5745353680997094]
796 ; 0 ; 35 ; 35 ; [1.1737072363292329] ; [1.3979752200883251]
796 ; 0 ; 35 ; 36 ; [2.1734951040100365] ; [1.7383814640892208]
796 ; 0 ; 35 ; 37 ; [0.66616643285179955] ; [2.5025986192814171]
796 ; 0 ; 35 ; 38 ; [4.4186096049360142] ; [0.95889467328768563]
796 ; 0 ; 35 ; 39 ; [1.8139594498642453] ; [1.8211624491259102]
796 ; 0 ; 35 ; 40 ; [1.4228910725566239] ; [1.5203977194476552]
796 ; 0 ; 35 ; 43 ; [1.5016291063518179] ; [1.8408631307579408]
796 ; 0 ; 36 ; 0 ; [1.0273462019945212, 3.5063359603657704] ; [0.36130704014467269, 0.081789429825958951]
796 ; 0 ; 36 ; 2 ; [0.77722080316724884] ; [0.12446458307360811]
796 ; 0 ; 37 ; 0 ; [0.44599618380252554] ; [0.07814137703271215]
796 ; 0 ; 37 ; 1 ; [0.58052029048268838] ; [1.3205006073439951]
796 ; 0 ; 37 ; 2 ; [0.32447403800591545] ; [0.99041698661553934]
796 ; 0 ; 37 ; 7 ; [0.33917719159591581] ; [0.45870039530960316]
796 ; 0 ; 38 ; 3 ; [1.6656718680228273] ; [0.77077409136753372]
796 ; 0 ; 38 ; 4 ; [1.8086343829869105] ; [1.819264562583184]
796 ; 0 ; 38 ; 5 ; [1.9635184833224877] ; [0.94997181004022568]
796 ; 0 ; 38 ; 6 ; [1.5540997388918056] ; [1.0110885434185335]
796 ; 0 ; 38 ; 11 ; [1.5670654636294827] ; [0.73613070851411]
796 ; 0 ; 38 ; 12 ; [2.7266290984850059] ; [0.93356800924917638]
796 ; 0 ; 39 ; 0 ; [0.17028982341192689, 0.057897918813599347] ; [0.34259560990327476, 0.18867682337843461]
796 ; 0 ; 39 ; 2 ; [0.036402104569822159] ; [0.28028788244647479]
796 ; 0 ; 40 ; 0 ; [0.38692892012979407, 0.69883118053117976] ; [0.075036026440963105, 0.53435713774417826]
796 ; 0 ; 41 ; 1 ; [1.3720552452771744] ; [1.9557419607769526]
796 ; 0 ; 41 ; 2 ; [1.6129975193629633, 1.0901108421965766] ; [1.3800134797901165, 1.6965377333275646]
796 ; 0 ; 41 ; 3 ; [1.2782947532176085] ; [1.0104326930923526]
796 ; 0 ; 41 ; 4 ; [1.496859556812612] ; [1.1924937566646632]
796 ; 0 ; 41 ; 7 ; [3.8825529520676745] ; [1.1535833800227777]
796 ; 0 ; 41 ; 9 ; [1.7890223197057227] ; [1.9847102737296818]
796 ; 0 ; 41 ; 12 ; [3.0794102505208003] ; [1.085785272522152]
796 ; 0 ; 43 ; 0 ; [-0.019287001505756712, 0.027234346557430827, -0.019390147994645886] ; [0.19013814804835505, 0.080865086686548723, 0.013042155224960925]
796 ; 0 ; 43 ; 1 ; [-0.041736688776672262] ; [-0.085530627957223132]
796 ; 0 ; 44 ; 0 ; [0.24338238635374965, 0.29876552731222455] ; [0.24143281141997058, 0.36444160839361667]
796 ; 0 ; 44 ; 5 ; [1.2794267029009299] ; [0.41654640760995915]
796 ; 0 ; 45 ; 1 ; [1.8622528533603946] ; [0.25245620764822352]
796 ; 0 ; 45 ; 4 ; [0.47187038531328074] ; [0.12280301135143004]
796 ; 0 ; 45 ; 5 ; [1.6789354589916796] ; [0.038521230044487563]
796 ; 0 ; 46 ; 0 ; [1.1548733734848826] ; [0.03702368890976495]
796 ; 0 ; 46 ; 1 ; [1.0572026273404074] ; [0.48714065209604968]
796 ; 0 ; 46 ; 5 ; [0.66962890420792132] ; [1.2585519872098587]
796 ; 0 ; 46 ; 7 ; [4.2283055468201791] ; [2.2400254458956952]
796 ; 0 ; 46 ; 10 ; [1.3176796238153337] ; [1.6093766831553422]
796 ; 0 ; 46 ; 12 ; [2.4180336866301171] ; [1.4951157728065225]
796 ; 0 ; 47 ; 0 ; [0.11928141732822546, 0.0034880364053647772, -0.0032308884799372084] ; [0.092152545451798615, 0.060350833825705753, 0.10056681264308059]
796 ; 0 ; 47 ; 1 ; [0.21423570900605357] ; [0.062517361239675898]
796 ; 0 ; 48 ; 0 ; [0.65576893557731275, 0.66136240384560518, 0.10913470893354019, 0.058241612763249379, 0.043220211704765102] ; [0.17473042070146194, 0.16390321019222326, 0.088721985595962449, 0.059082365969453723, 0.047657534290287989]
796 ; 0 ; 49 ; 0 ; [0.21844831184245767] ; [0.097101762030386271]
796 ; 0 ; 49 ; 1 ; [0.49601787447362738] ; [0.12134613389449421]
796 ; 0 ; 49 ; 4 ; [0.97762357030720093] ; [1.8556286954011811]
796 ; 0 ; 50 ; 0 ; [0.98548296538657465] ; [0.94235993883243774]
796 ; 0 ; 50 ; 1 ; [1.476229414151919] ; [0.25981353961984405]
796 ; 0 ; 50 ; 2 ; [1.6644406283072863] ; [1.1678945201107869]
796 ; 0 ; 50 ; 7 ; [1.3001717525363028] ; [1.1933017883447439]
796 ; 0 ; 50 ; 8 ; [1.2958048513472968] ; [0.029059098121520126]
796 ; 0 ; 52 ; 0 ; [0.086738588283763088] ; [-0.011528180068811558]
796 ; 0 ; 52 ; 1 ; [0.8909742549734222] ; [0.24857006289278408]
796 ; 0 ; 53 ; 3 ; [1.6861278145715026] ; [0.34200811582646884]
796 ; 0 ; 53 ; 4 ; [1.8594771137416568] ; [0.052812459819617776]
796 ; 0 ; 53 ; 6 ; [1.6356969063213405] ; [0.061124267338763007]
796 ; 0 ; 53 ; 8 ; [1.4238604892554791] ; [0.31071527887910921]
796 ; 0 ; 53 ; 10 ; [1.2332881463704581] ; [1.3784512559564672]
796 ; 0 ; 53 ; 16 ; [0.51399805722673031] ; [0.38362552227684171]
796 ; 0 ; 54 ; 0 ; [1.3798552036865168] ; [0.3672765924518458]
796 ; 0 ; 54 ; 1 ; [0.10969952704301308] ; [0.12230990507729023]
796 ; 0 ; 54 ; 2 ; [2.2725733679503342] ; [0.58487905289409536]
796 ; 0 ; 54 ; 3 ; [1.7409441012568749] ; [0.85762930330510179]
796 ; 0 ; 54 ; 4 ; [0.12031187264223199] ; [3.8245294356731407]
796 ; 0 ; 54 ; 7 ; [0.74397939257297641] ; [1.0524736845124618]
796 ; 0 ; 54 ; 8 ; [0.45743235360463319] ; [2.7727975134222786]
796 ; 0 ; 54 ; 12 ; [1.19258645908515] ; [0.84984722596987383]
796 ; 0 ; 54 ; 13 ; [0.82466270285022381] ; [0.33143640194938517]
796 ; 0 ; 54 ; 24 ; [4.5325926764154909] ; [0.78376535243296175]
796 ; 0 ; 54 ; 25 ; [0.83169054860558023] ; [4.9329766341114212]
796 ; 0 ; 54 ; 27 ; [1.2186420296940341] ; [1.7528346214818304]
796 ; 0 ; 54 ; 28 ; [2.7854031875632677] ; [0.68594250834348558]
796 ; 0 ; 55 ; 0 ; [0.62938639144351116] ; [0.33487521538901494]
796 ; 0 ; 55 ; 1 ; [0.58276437974484574] ; [0.0039778987862902002]
796 ; 0 ; 55 ; 7 ; [0.57950142720190712] ; [0.24818647291736651]
796 ; 0 ; 55 ; 8 ; [0.20535351007150665] ; [0.38509939929793524]
796 ; 0 ; 56 ; 1 ; [1.3185585927933394] ; [0.95585312236625641]
796 ; 0 ; 56 ; 2 ; [0.75743956310507377, 0.86947703405106014] ; [0.078888005632668068, 1.4530744115827881]
796 ; 0 ; 56 ; 8 ; [0.50861802694422675] ; [0.16098338425743514]
796 ; 0 ; 57 ; 0 ; [0.19187796745066635, 0.3059395311449854] ; [0.53429981099846324, 0.29535037467334324]
796 ; 0 ; 57 ; 1 ; [0.13537158236516134] ; [0.30111204039238648]
796 ; 0 ; 58 ; 0 ; [1.6867336970629756] ; [0.38555215705068563]
796 ; 0 ; 58 ; 7 ; [1.0821644276855265] ; [0.039686091334887708]
796 ; 0 ; 58 ; 12 ; [0.76108541310527544] ; [0.54903031903673716]
796 ; 0 ; 59 ; 0 ; [0.096737865482489693] ; [-0.068831592022603943]
796 ; 0 ; 59 ; 4 ; [2.6048951456264215] ; [3.1269584841362521]
796 ; 0 ; 59 ; 5 ; [1.5742860539212562] ; [1.6978778926535754]
796 ; 0 ; 59 ; 12 ; [1.7368887412050564] ; [0.35512124264887335]
796 ; 0 ; 60 ; 1 ; [0.31905041976829718] ; [0.053657500095405486]
796 ; 0 ; 60 ; 2 ; [1.3426634470011116] ; [0.093954662753672327]
796 ; 0 ; 60 ; 6 ; [0.24846000080041827] ; [0.17659110058854874]
796 ; 0 ; 62 ; 0 ; [0.54539088216461429] ; [0.34028359409605907]
796 ; 0 ; 62 ; 1 ; [1.5907227905202774, 1.4625166713449329] ; [0.12871182166358738, 0.48590460688962295]
796 ; 0 ; 62 ; 2 ; [1.6305994032243361, 1.6613294597643213] ; [0.1452771165467871, 0.43303834430506671]
796 ; 0 ; 62 ; 3 ; [1.9786142128449369] ; [0.013426958954908703]
796 ; 0 ; 63 ; 3 ; [1.087695339303733] ; [0.7257470156044924]
796 ; 0 ; 63 ; 6 ; [2.1849978451353493] ; [2.2394281735476196]
796 ; 0 ; 63 ; 7 ; [1.6143517566727463] ; [1.7742564857501193]
796 ; 0 ; 63 ; 8 ; [3.3054977297308774] ; [1.4995319827490419]
796 ; 0 ; 63 ; 9 ; [1.6221241407397757] ; [0.99845590763553904]
796 ; 0 ; 63 ; 10 ; [1.8947508253874557] ; [1.3048563831474345]
796 ; 0 ; 63 ; 11 ; [3.1810212869174364] ; [1.1844100174227519]
796 ; 0 ; 63 ; 12 ; [1.3101937372914756] ; [1.7598237373967247]
796 ; 0 ; 63 ; 14 ; [1.9623990611861499] ; [1.6181713758377663]
796 ; 0 ; 63 ; 19 ; [3.1058806142282287] ; [0.6309129569026678]
796 ; 0 ; 63 ; 23 ; [1.7961179257783557] ; [1.7011092751227426]
796 ; 0 ; 64 ; 0 ; [0.027651617922479419, 0.099972789073730028] ; [0.55309394547625812, 0.47365451838609451]
796 ; 0 ; 64 ; 1 ; [1.8113474373533811] ; [0.048695747148640771]
796 ; 0 ; 64 ; 2 ; [0.34151354783671473] ; [0.16694023657581786]
796 ; 0 ; 65 ; 0 ; [0.25819599011020644] ; [0.25057609292559374]
796 ; 0 ; 65 ; 1 ; [-0.0063424204663773218] ; [0.037587600241728449]
796 ; 0 ; 65 ; 4 ; [1.9514176322834957] ; [3.5004258351511184]
796 ; 0 ; 65 ; 5 ; [1.9712561464674569] ; [0.34189486575631928]
796 ; 0 ; 66 ; 0 ; [2.2466507523957326] ; [1.4524963004246416]
796 ; 0 ; 66 ; 1 ; [0.73567163627093579] ; [1.06472284553576]
796 ; 0 ; 66 ; 4 ; [2.2452318911043356] ; [1.2682178390324381]
796 ; 0 ; 66 ; 8 ; [0.98636238550210331] ; [1.0072790162677108]
796 ; 0 ; 67 ; 3 ; [1.5393121740849163] ; [0.94944003064394389]
796 ; 0 ; 68 ; 0 ; [1.6335565693578089] ; [0.49538621802749311]
796 ; 0 ; 68 ; 2 ; [-0.078048459117298366] ; [-0.0079771640338239889]
796 ; 0 ; 68 ; 4 ; [0.16139242776455626] ; [0.58347921795640645]
796 ; 0 ; 68 ; 5 ; [0.14680001700230585, 0.010413846327315497] ; [0.41374784233945627, -0.0011437556024660803]
796 ; 0 ; 69 ; 0 ; [0.046862802118237901] ; [0.003683937968869891]
796 ; 0 ; 69 ; 1 ; [0.073239756305900086, 0.2709330479258209, 0.06485152101702997] ; [0.13216080110473077, 0.32414320872980862, 0.07951314561199499]
796 ; 0 ; 70 ; 0 ; [1.2892063589414309] ; [2.1377738102319248]
796 ; 0 ; 70 ; 2 ; [1.0603654453610893] ; [0.81183525873063223]
796 ; 0 ; 70 ; 3 ; [1.3252471618263904] ; [1.9991926409298131]
796 ; 0 ; 70 ; 4 ; [1.3767109775803708] ; [0.56466955918225659]
796 ; 0 ; 71 ; 0 ; [0.10667009349663197] ; [1.0518701982136769]
796 ; 0 ; 71 ; 1 ; [0.77731684264528988] ; [0.56421573576495476]
796 ; 0 ; 71 ; 3 ; [0.72882500907045789] ; [0.43868293033325534]
796 ; 0 ; 71 ; 7 ; [0.47139375962607061] ; [0.43332255311524226]
796 ; 0 ; 71 ; 8 ; [-0.06584763049777792] ; [0.71313559226771672]
796 ; 0 ; 71 ; 11 ; [0.28367194611775748] ; [-0.0062517458548204162]
796 ; 0 ; 72 ; 0 ; [1.460615280949372] ; [0.24067222318930331]
796 ; 0 ; 72 ; 3 ; [1.0951562581044201] ; [0.17566875522319422]
796 ; 0 ; 73 ; 0 ; [0.10633351004152169, 0.019967045728535245, 0.041173271692463341] ; [0.20519776055037911, 0.078937322477014529, 0.039978709002526175]
796 ; 0 ; 77 ; 0 ; [1.2698836123173498, 1.705533949896467, 1.4268801907550359] ; [0.069374507714681011, 0.19399406143282574, 0.06771306149628363]
796 ; 0 ; 78 ; 0 ; [0.095842006803243049, 0.068636985415686885, 0.036240043225761784, 0.018465763210252766, 0.019533698678428888] ; [0.16091947774810592, 0.059959524717476648, 0.11997569167685497, 0.048813185481346492, -0.15029991922992483]
796 ; 0 ; 78 ; 1 ; [0.19927848325703421] ; [0.0098097702828127964]
796 ; 0 ; 79 ; 0 ; [1.9268370073544339, 1.5465065319421416, 1.0089371145163124, 0.97200677453518514] ; [0.15869125276237189, 0.22689851733663105, 0.43264750207257047, 0.10927457926511572]
796 ; 0 ; 79 ; 1 ; [0.13035551246662613, 0.93211975350955001] ; [0.19952323683106371, 0.029902100423606404]
796 ; 0 ; 79 ; 2 ; [0.84930881527733715] ; [0.17892063876135975]
796 ; 0 ; 79 ; 3 ; [0.39097199954557477] ; [0.19197499285955569]
796 ; 0 ; 80 ; 10 ; [1.6465762121403955] ; [1.1190379900968299]
796 ; 0 ; 80 ; 12 ; [1.5510564929741473] ; [1.8331285295133308]
796 ; 0 ; 80 ; 18 ; [0.53441132262712943] ; [2.7603434028785885]
796 ; 0 ; 81 ; 0 ; [0.055969626728709559, 0.38525706638282325, 0.20165659204376771, 0.07648806611923227] ; [0.10972296257395521, 0.30455611666225385, 0.18978513698665633, 0.057079042388729975]
796 ; 0 ; 82 ; 0 ; [0.55873672642628724, 0.56826556743954471] ; [0.16225365752942805, 0.019962913844189273]
796 ; 0 ; 82 ; 1 ; [0.89168894401471488] ; [0.32845100320766768]
796 ; 0 ; 82 ; 2 ; [0.5832151047851255] ; [0.027381963097611456]
796 ; 0 ; 82 ; 4 ; [0.86548567952678834] ; [0.068667277713155228]
796 ; 0 ; 82 ; 6 ; [-0.00050143209750956586] ; [-0.053251791752270919]
796 ; 0 ; 83 ; 0 ; [0.29515313905783508] ; [0.17505227695048636]
796 ; 0 ; 83 ; 1 ; [1.5571106514274371] ; [0.34584356448715159]
796 ; 0 ; 83 ; 4 ; [1.3884312368105671] ; [0.23839709830622044]
796 ; 0 ; 83 ; 5 ; [1.6297827934607612] ; [0.62603078063756623]
796 ; 0 ; 83 ; 7 ; [1.8610718641097017] ; [0.44859811924733806]
796 ; 0 ; 83 ; 8 ; [0.69096728991189194] ; [0.59677425875228518]
796 ; 0 ; 83 ; 16 ; [1.49849964886884] ; [0.21457017126362424]
796 ; 0 ; 83 ; 22 ; [0.28485058958861897] ; [2.6082450242616413]
796 ; 0 ; 83 ; 23 ; [1.0358996390875563] ; [2.4336861232175098]
796 ; 0 ; 83 ; 26 ; [1.4796205713616539] ; [1.9768815410944922]
796 ; 0 ; 83 ; 27 ; [2.5755031051075807] ; [1.7339415215860434]
796 ; 0 ; 83 ; 28 ; [1.599015131530152] ; [1.95542562438568]
796 ; 0 ; 83 ; 29 ; [1.0389066875468571] ; [0.99510992462314762]
796 ; 0 ; 83 ; 30 ; [1.3425683620327897] ; [2.0385114367070005]
796 ; 0 ; 83 ; 31 ; [3.1581073042831078] ; [1.600080693118247]
796 ; 0 ; 83 ; 32 ; [1.9833371641567807] ; [1.5004345999327351]
796 ; 0 ; 83 ; 34 ; [0.98903109586378679] ; [1.5089603158576181]
796 ; 0 ; 83 ; 35 ; [2.330865453945739] ; [2.075362701978714]
796 ; 0 ; 83 ; 37 ; [2.1852547061848324] ; [1.4715712593734527]
796 ; 0 ; 83 ; 42 ; [1.4890231506383653] ; [1.9321961239111849]
796 ; 0 ; 83 ; 44 ; [1.745198244715862] ; [2.1359945278906989]
796 ; 0 ; 83 ; 45 ; [1.5702427832207158] ; [2.3065663559484038]
796 ; 0 ; 83 ; 46 ; [2.9055105205266845] ; [1.9983035274125474]
796 ; 0 ; 83 ; 50 ; [0.91136678708825825] ; [1.6191391747668871]
796 ; 0 ; 83 ; 52 ; [1.2703455281483564] ; [1.2289798016152456]
796 ; 0 ; 83 ; 57 ; [1.1835152772068251] ; [0.89768285531878733]
796 ; 0 ; 83 ; 58 ; [0.85408344973867167] ; [1.1298076258278906]
796 ; 0 ; 83 ; 59 ; [2.0973691424396277] ; [1.1821930884449321]
796 ; 0 ; 83 ; 60 ; [3.3652574933087642] ; [1.6358841340844852]
796 ; 0 ; 83 ; 61 ; [2.5445458030020398] ; [1.8203468011051334]
796 ; 0 ; 83 ; 62 ; [1.9711601064386048] ; [1.5287219743464404]
796 ; 0 ; 83 ; 63 ; [1.5239452186096878] ; [1.653587804959008]
796 ; 0 ; 83 ; 64 ; [2.4555028598924955] ; [1.6981942940306605]
796 ; 0 ; 85 ; 0 ; [0.016892084071169117, 0.068072308608862209] ; [0.075861217554449217, 0.079746047898468744]
796 ; 0 ; 86 ; 0 ; [0.079678219001386871] ; [0.11081563852703405]
796 ; 0 ; 86 ; 1 ; [0.41424554838898214] ; [0.55282124147586909]
796 ; 0 ; 86 ; 3 ; [1.5064297648474472] ; [1.0795222282301074]
796 ; 0 ; 86 ; 9 ; [1.2075578279378254] ; [0.68145247079060112]
796 ; 0 ; 87 ; 0 ; [0.50561734028553096, -0.0021109899239417033] ; [0.4802574438107976, 0.085386009195813614]
796 ; 0 ; 88 ; 1 ; [0.076287054359359271] ; [0.42355942392101298]
796 ; 0 ; 89 ; 0 ; [0.48400617002824736] ; [0.46425822225803715]
796 ; 0 ; 89 ; 1 ; [1.1946339726679842] ; [0.76811825085653285]
796 ; 0 ; 90 ; 0 ; [0.53060108413241702, 0.16371755482969458, 0.17993579234953563] ; [0.42639942522000812, 0.60616569430251865, 0.067391059739539461]
796 ; 0 ; 90 ; 1 ; [1.238948470541354] ; [0.012667802716652157]
796 ; 0 ; 91 ; 0 ; [0.075959379869340565] ; [0.020100987562003264]
796 ; 0 ; 92 ; 0 ; [0.54728242012822315] ; [0.20086563741395649]
796 ; 0 ; 92 ; 1 ; [0.56331689408559682] ; [-0.018635443112035882]
796 ; 0 ; 92 ; 5 ; [1.4736264954883813] ; [0.057989603738693468]
796 ; 0 ; 92 ; 12 ; [1.3400758244778406] ; [0.020270374741034072]
796 ; 0 ; 92 ; 14 ; [0.43936996865512801, 12.302030720816486] ; [0.10420278483925334, 0.1672361924868597]
796 ; 0 ; 92 ; 15 ; [1.2973731553983672] ; [0.049023952695555935]
796 ; 0 ; 93 ; 0 ; [1.5541306988193391, 1.1913211120053644] ; [0.17943705370682478, 0.069222391072406797]
796 ; 0 ; 93 ; 1 ; [0.98401662216131036] ; [0.69315788042732518]
796 ; 0 ; 93 ; 4 ; [0.67597422305113053] ; [0.82758226715199457]
796 ; 0 ; 94 ; 0 ; [1.3741310599030305, 1.6558128631066444, 1.2239861410884167, 1.1491540323245153, 2.1206077852641916] ; [0.10025989111308418, 0.27353119626692352, 0.089965762524056553, 0.27454236668453641, 0.10894175530044703]
796 ; 0 ; 95 ; 0 ; [0.5587318116876836] ; [0.42520178194328156]
796 ; 0 ; 97 ; 0 ; [0.43965329707241924] ; [0.1905183796106055]
796 ; 0 ; 97 ; 1 ; [0.4674048791396414] ; [0.2748240696139842]
796 ; 0 ; 97 ; 2 ; [0.74486941982783805] ; [0.76442257409898029]
796 ; 0 ; 97 ; 4 ; [1.4823088911074915] ; [0.67061877967502148]
796 ; 0 ; 97 ; 5 ; [0.54736537260202434] ; [-0.0010310857856548632]
796 ; 0 ; 97 ; 6 ; [0.22936889406007219] ; [0.49612134318563028]
796 ; 0 ; 97 ; 7 ; [1.0562063923197456] ; [0.40434380587916635]
796 ; 0 ; 98 ; 0 ; [0.4970124061209481] ; [2.0560312862736376]
796 ; 0 ; 99 ; 0 ; [0.22232551838894965] ; [0.24118585454523672]
796 ; 0 ; 99 ; 2 ; [0.010976370379709914] ; [-0.010635374504093631]
796 ; 0 ; 100 ; 0 ; [0.03712427565950057] ; [0.020978707363507067]
796 ; 0 ; 100 ; 1 ; [0.26217319792231297] ; [0.62461193919389413]
796 ; 0 ; 101 ; 0 ; [0.72055564713721687] ; [0.17045745474384597]
796 ; 0 ; 102 ; 0 ; [-0.0036403386480067979, 0.0087736436578041681, 0.014557510057358966] ; [0.079638199614675304, 0.13864207157090164, 0.020818453835269684]
796 ; 0 ; 102 ; 1 ; [-0.04180223416806627] ; [-0.04618953887142737]
796 ; 0 ; 104 ; 1 ; [2.4562531613034428] ; [0.033124796854668515]
796 ; 0 ; 104 ; 2 ; [5.8430849477498432] ; [2.9075018501076344]
796 ; 0 ; 104 ; 3 ; [3.0219678753019354] ; [8.6252510635594426]
796 ; 0 ; 104 ; 4 ; [13.486044154687821] ; [1.7034139584588119]
796 ; 0 ; 104 ; 6 ; [0.8909582365434765] ; [2.2284556663658499]
796 ; 0 ; 104 ; 7 ; [6.5119735034935582] ; [1.1450379056138971]
796 ; 0 ; 104 ; 8 ; [3.3283618498158223] ; [3.2740116296793871]
796 ; 0 ; 104 ; 9 ; [5.0610175058478806] ; [5.9159377868414929]
796 ; 0 ; 104 ; 11 ; [3.8845890200735709] ; [0.38611834413119861]
796 ; 0 ; 104 ; 12 ; [7.9030697232469578] ; [7.0573857933743014]
796 ; 0 ; 104 ; 13 ; [3.9003514909294572] ; [4.1425366907087593]
796 ; 0 ; 104 ; 14 ; [10.156454698470869] ; [10.42666643313783]
796 ; 0 ; 104 ; 15 ; [4.3844486271082026] ; [3.1243782136710259]
796 ; 0 ; 104 ; 19 ; [9.5866708140936687] ; [12.493479056681059]
796 ; 0 ; 104 ; 24 ; [2.1610654666412512] ; [6.2340466855697718]
796 ; 0 ; 104 ; 25 ; [9.5579996536847318, 5.1228776341526645] ; [6.4177143048858838, 3.1969579228741276]
796 ; 0 ; 105 ; 0 ; [0.6444646391278076] ; [1.1020221229193594]
796 ; 0 ; 106 ; 2 ; [0.72580711569100409] ; [0.094983304782832775]
796 ; 0 ; 106 ; 4 ; [1.9221799685369356] ; [1.0054970354467037]
796 ; 0 ; 106 ; 10 ; [0.31095794774962504] ; [0.57592891574725058]
796 ; 0 ; 106 ; 14 ; [0.86769040097666006] ; [0.39702845705882017]
796 ; 0 ; 107 ; 1 ; [1.6590989394940243] ; [1.2597562001245606]
796 ; 0 ; 108 ; 0 ; [0.35693498261141343] ; [1.1875081564850227]
796 ; 0 ; 108 ; 1 ; [1.155468197459681] ; [0.12209399413368674]
796 ; 0 ; 108 ; 3 ; [0.026427619838419767] ; [0.13107454804467464]
796 ; 0 ; 109 ; 1 ; [1.7145973287040008] ; [1.369591255876162]
796 ; 0 ; 109 ; 5 ; [0.924911885650475] ; [1.7294351207366829]
796 ; 0 ; 109 ; 9 ; [0.78594041076985421] ; [1.8170212979496758]
796 ; 0 ; 109 ; 10 ; [1.1614970698001104] ; [1.608930730810167]
796 ; 0 ; 109 ; 14 ; [1.0643464234681947] ; [1.2604316017971615]
796 ; 0 ; 109 ; 15 ; [1.4415957678481481] ; [0.95460735711808709]
796 ; 0 ; 109 ; 20 ; [1.4632647877300644, 1.9942589492038352, 1.6259070411909844, 2.544933904715017] ; [1.1281333206118771, 2.1953476658517941, 1.4346160818365576, 0.2747146570550828]
796 ; 0 ; 110 ; 0 ; [1.8369319267783324] ; [1.7817178072212863]
796 ; 0 ; 110 ; 1 ; [1.7553722385017896] ; [2.3138854628720766]
796 ; 0 ; 110 ; 2 ; [1.620603825484741] ; [2.05270042886329]
796 ; 0 ; 110 ; 3 ; [1.6062159583646083] ; [1.5772522889867677]
796 ; 0 ; 110 ; 9 ; [1.5351093520537147] ; [1.6297317857031108]
796 ; 0 ; 110 ; 10 ; [1.4629979595184663] ; [2.8470699141588596]
796 ; 0 ; 110 ; 12 ; [1.5920557645292428] ; [2.0323218549852693]
796 ; 0 ; 110 ; 15 ; [2.7752891537781488] ; [1.5015425095639925]
796 ; 0 ; 110 ; 16 ; [2.0470035053260385] ; [2.7518996449204773]
796 ; 0 ; 111 ; 0 ; [0.68614030397633141] ; [0.68869341972973719]
796 ; 0 ; 111 ; 5 ; [1.2832986528853014] ; [1.7211969080614542]
796 ; 0 ; 111 ; 6 ; [1.8783175442198381] ; [1.9059392258061678]
796 ; 0 ; 111 ; 8 ; [1.2485827854880096] ; [1.7569764885232297]
796 ; 0 ; 111 ; 11 ; [1.4164349117433348] ; [0.51306094013879511]
796 ; 0 ; 111 ; 16 ; [1.5337109589074245] ; [0.65375643167280928]
796 ; 0 ; 111 ; 19 ; [0.98489914868505224] ; [0.20912032929993252]
796 ; 0 ; 112 ; 5 ; [0.53950897366528461] ; [0.62956904181705731]
796 ; 0 ; 112 ; 7 ; [2.3387313694442136] ; [-0.09117693825189635]
796 ; 0 ; 112 ; 8 ; [1.5674715039747826, 0.42113576258209223] ; [0.46497539557402728, 0.19378245014818332]
796 ; 0 ; 112 ; 9 ; [1.9518754500772155] ; [2.3389958288659782]
796 ; 0 ; 112 ; 10 ; [2.0589000093885437] ; [1.388145040122805]
796 ; 0 ; 112 ; 11 ; [1.5254323283279554] ; [0.60796862087866488]
796 ; 0 ; 113 ; 0 ; [0.0078625829865334868, 0.054072865833878686, 0.26263087500778842] ; [0.069186488739652607, 0.10632012076303539, -0.069874750023497162]
796 ; 0 ; 114 ; 0 ; [0.73008877653892013] ; [0.23551823802707547]
796 ; 0 ; 114 ; 1 ; [0.28736015802593684] ; [0.24232060650462103]
796 ; 0 ; 114 ; 5 ; [1.2697485549322858] ; [0.18397329353421929]
796 ; 0 ; 114 ; 7 ; [1.1246403895060684] ; [0.25879472237386653]
796 ; 0 ; 115 ; 0 ; [0.61454525577186936] ; [0.077213161616352013]
796 ; 0 ; 115 ; 1 ; [0.9952911393391235] ; [0.38379290212605438]
796 ; 0 ; 115 ; 2 ; [1.3098848136849361, 1.4363253731823098] ; [0.59679414796720942, 0.16534159307479324]
796 ; 0 ; 115 ; 6 ; [-0.061134265475112019] ; [0.65191735909639659]
796 ; 0 ; 115 ; 8 ; [1.7629097539722207] ; [0.74752024103253722]
796 ; 0 ; 115 ; 9 ; [1.0346355698661482] ; [0.0070082012396776227]
796 ; 0 ; 115 ; 15 ; [1.6084502931949247] ; [1.7045708694539543]
796 ; 0 ; 115 ; 19 ; [1.6602180165463003] ; [0.5708646098659218]
796 ; 0 ; 116 ; 0 ; [0.7785861511067409] ; [1.8371820253762636]
796 ; 0 ; 116 ; 1 ; [1.2611156322087653] ; [0.54701164728954021]
796 ; 0 ; 117 ; 0 ; [0.86886061415816163] ; [0.2541706120215429]
796 ; 0 ; 118 ; 3 ; [1.8130912448007548] ; [0.64179408759916867]
796 ; 0 ; 119 ; 0 ; [0.060827769000784154, 0.042012459529598409, 0.077252714118548726] ; [0.097398450918448981, 0.21052284092239815, 0.17747706273256703]
796 ; 0 ; 120 ; 2 ; [2.1091456776123438] ; [1.6930400932130409]
796 ; 0 ; 120 ; 4 ; [1.6703698874118329] ; [2.5095643682361866]
796 ; 0 ; 120 ; 5 ; [1.8870349038691669] ; [1.9273409954373533]
796 ; 0 ; 120 ; 6 ; [1.8281642386818231] ; [1.5557703835301029]
796 ; 0 ; 120 ; 7 ; [1.8619001463207976] ; [2.9061233005722888]
796 ; 0 ; 120 ; 8 ; [1.7336146550104568] ; [2.8793712280756085]
796 ; 0 ; 120 ; 10 ; [1.7357827803042805] ; [5.3967356068622028]
796 ; 0 ; 120 ; 11 ; [1.9641330827252519] ; [1.2856320767118974]
796 ; 0 ; 121 ; 0 ; [0.076983198688317503] ; [0.037009001057676967]
796 ; 0 ; 122 ; 0 ; [0.27481305545615903, 0.11353950562973873, 0.13810461199240012, 0.1224470224582737] ; [0.1055242688746391, 0.22433018858398701, 0.1787869937127311, 0.10535597537438414]
796 ; 0 ; 122 ; 1 ; [0.70217052768803701] ; [-0.0033713418752548152]
796 ; 0 ; 123 ; 0 ; [0.048780700141340012, 0.16835665510331185] ; [0.051906234247275924, -0.031573034812863214]
796 ; 0 ; 123 ; 1 ; [0.017687744339135558] ; [0.057157884019269731]
796 ; 0 ; 124 ; 0 ; [0.0074423926318836356, 0.21418388684788964, 0.34186863299141396] ; [0.075284232181612079, 0.25102326119073248, 0.92889734079637809]
796 ; 0 ; 124 ; 1 ; [0.77841711468846297] ; [0.019448386211987068]
796 ; 0 ; 125 ; 12 ; [2.0458081088586964] ; [1.8639401286989516]
796 ; 0 ; 125 ; 13 ; [2.6418118469272076, 2.3201779571799328] ; [1.5108182134708781, 1.2625733892861162]
796 ; 0 ; 125 ; 15 ; [2.545847849543295] ; [1.2699745867540517]
796 ; 0 ; 125 ; 16 ; [1.1277178658554885] ; [0.78428883933627713]
796 ; 0 ; 125 ; 19 ; [1.3219108562175217] ; [1.49061416859953]
796 ; 0 ; 125 ; 22 ; [1.7517691808620552] ; [2.3099271417652898]
796 ; 0 ; 126 ; 1 ; [1.9912737135748011] ; [-0.00024796984280650868]
796 ; 0 ; 127 ; 0 ; [0.093425980505946721, 0.21267123545588046, 0.21302035511804693, 0.058255456952851274, 0.049145571238544461] ; [0.13152566894463169, 0.17122316204154703, 0.13809502046507893, 0.081942113655534998, -0.015292766695731637]
796 ; 0 ; 128 ; 0 ; [0.0011685592157028677, 0.014300896413151357, 0.083523565983898276] ; [0.049105500092199439, 0.06006933311586285, 0.053787401524068142]
796 ; 0 ; 129 ; 0 ; [0.13351949191021228] ; [0.10877472792320329]
796 ; 0 ; 130 ; 0 ; [1.6048447061480602] ; [0.14823863645630636]
796 ; 0 ; 130 ; 2 ; [1.1039206411775102] ; [0.44994462323057488]
796 ; 0 ; 130 ; 8 ; [1.7016177699993986] ; [2.2548790948396102]
796 ; 0 ; 131 ; 0 ; [0.29580900343223809, 0.10958627072449141, 0.44946799743877186] ; [0.10228908144886116, 0.28760812006601383, 0.78206475855386737]
796 ; 0 ; 132 ; 0 ; [0.4569647067026763, 0.36184612952027534, 0.75932941377781482] ; [0.43336259732028259, 0.29178906961899653, 0.16136508641704506]
796 ; 0 ; 133 ; 0 ; [0.54280868286210848, 0.46848004154964229, 0.072275634695274857] ; [0.027681509759981061, 0.088148167045983772, 0.086752283669166805]
796 ; 0 ; 134 ; 0 ; [0.50132637800403024, 0.11116319601259082, 0.10023022684436093, 0.11310771481870278, 0.082249712023919799] ; [0.18987527916446781, 0.30514034775641935, 0.12192581253609514, 0.10869754535981213, 0.15989779410296753]
796 ; 0 ; 135 ; 1 ; [1.2856997269654884] ; [0.50183413454127279]
796 ; 0 ; 135 ; 2 ; [0.3956172739290108] ; [0.012427595595761102]
796 ; 0 ; 135 ; 5 ; [1.6708848551129627] ; [0.49688963989552676]
796 ; 0 ; 135 ; 6 ; [0.24787701290876982] ; [1.1428198480818268]
796 ; 0 ; 135 ; 7 ; [1.6597252574235293] ; [0.32228700391998499]
796 ; 0 ; 135 ; 8 ; [1.5591672588327976] ; [0.60366373969102938]
796 ; 0 ; 135 ; 9 ; [3.4584620002619277] ; [0.6042530382148944]
796 ; 0 ; 135 ; 11 ; [1.3703892926462462] ; [0.28622994216180292]
796 ; 0 ; 135 ; 13 ; [3.1951507140891735] ; [0.16638979736788728]
796 ; 0 ; 135 ; 14 ; [1.1344043008315325] ; [0.24414083189014085]
796 ; 0 ; 135 ; 16 ; [2.0067082680040005] ; [0.50729093203911679]
796 ; 0 ; 135 ; 18 ; [2.1578284585056298] ; [0.54067558336945909]
796 ; 0 ; 135 ; 19 ; [0.96424670340155838] ; [0.60468544421605608]
796 ; 0 ; 135 ; 21 ; [2.5255638636122244] ; [0.94550993834183272]
796 ; 0 ; 135 ; 28 ; [1.635083777584152] ; [0.78163080665499063]
796 ; 0 ; 136 ; 0 ; [1.65941064097774] ; [0.58049919514008097]
796 ; 0 ; 137 ; 0 ; [-0.0096410836131509501, 0.017237079427946084, 0.78729083183371007] ; [0.025802302129206013, 0.041573256151132006, 1.2443000812297613]
796 ; 0 ; 137 ; 1 ; [0.90841107586752934] ; [0.84943293102445205]
796 ; 0 ; 137 ; 2 ; [0.079761405526106458] ; [-0.0164345000563858]
796 ; 0 ; 138 ; 2 ; [0.32239668133299926] ; [0.88647082603636362]
796 ; 0 ; 138 ; 6 ; [1.1537967813493577] ; [1.9225736638473709]
796 ; 0 ; 139 ; 4 ; [1.319788339593249] ; [0.39304769152942287]
796 ; 0 ; 140 ; 0 ; [0.057066700427948203, 0.11549494662559526] ; [0.096525666050502557, 0.89693390813919349]
796 ; 0 ; 141 ; 0 ; [0.63070516502500129] ; [0.4493874079907329]
796 ; 0 ; 141 ; 1 ; [1.6969411902909097] ; [0.0011299472594879889]
796 ; 0 ; 141 ; 5 ; [0.61102569103137594] ; [0.97619447347462696]
796 ; 0 ; 141 ; 7 ; [0.91412972963789563] ; [0.9321317300599099]
796 ; 0 ; 141 ; 8 ; [1.8826739783631399] ; [4.4770352818044419]
796 ; 0 ; 142 ; 0 ; [0.090469130761966707, 0.37180831272736153, 0.47353197728700525, 1.2659268343332151] ; [0.078669353469869474, 0.24141804080721396, 0.94612232498187121, 1.0595600238953879]
796 ; 0 ; 142 ; 1 ; [0.015773508378605507] ; [-0.0041542758639861836]
796 ; 0 ; 143 ; 0 ; [0.20619012387297639, 0.29255474250970287, 0.69777646673484595, 0.26548547428488523] ; [0.11334160407315852, 0.11651246688573877, 0.51409561886124167, 0.23148146361886437]
796 ; 0 ; 144 ; 0 ; [0.54898726691858657] ; [0.47668731417264781]
796 ; 0 ; 145 ; 0 ; [0.063327561430194731, 0.020113998036401865] ; [0.10244107342314712, -0.077772265452514269]
796 ; 0 ; 145 ; 1 ; [-0.012505226062609795] ; [-0.01248766574117054]
796 ; 0 ; 155 ; 3 ; [1.7020811238063545] ; [1.56587564109736]
796 ; 0 ; 155 ; 4 ; [1.6795133017831283] ; [1.8091823737163595]
796 ; 0 ; 155 ; 11 ; [1.7677495632133895] ; [1.6514722651722054]
796 ; 0 ; 155 ; 12 ; [1.6904607162791074] ; [1.5145284871937368]
796 ; 0 ; 155 ; 13 ; [1.5469833659210268] ; [1.6625081476804531]
796 ; 0 ; 155 ; 14 ; [1.7296639136593632] ; [1.9502307574335884]
796 ; 0 ; 155 ; 17 ; [1.1788882725957437] ; [1.5957739969322242]
796 ; 0 ; 172 ; 0 ; [2.6502201908036165] ; [1.1621352828007538]
796 ; 0 ; 176 ; 0 ; [1.7137266616125961] ; [2.2276199924999758]
796 ; 0 ; 176 ; 1 ; [1.3969551509207696] ; [1.7587426277501168]
796 ; 0 ; 176 ; 2 ; [2.277742724682756] ; [1.1992224573200749]
796 ; 0 ; 176 ; 3 ; [1.2837878894981964] ; [0.67395344381388278]
796 ; 0 ; 176 ; 5 ; [1.4146027003807451] ; [1.1973560368755183]
796 ; 0 ; 179 ; 6 ; [1.5399512814841771] ; [1.6151422338938497]
796 ; 0 ; 179 ; 7 ; [1.9681744887560377] ; [0.47141073724449079]
796 ; 0 ; 179 ; 8 ; [1.561094125803185] ; [0.57023066436028369]
796 ; 0 ; 179 ; 11 ; [1.7134250135835785] ; [0.76737861155724751]