# Run ; Subrun ; Event ; Track ; Charge Ratios View 0 ; Charge Ratios View 1 #
794 ; 1 ; 0 ; 0 ; [0.73746398003932545] ; [0.012149129505093467]
794 ; 1 ; 2 ; 1 ; [0.20333526629936613] ; [0.17899877390826338]
794 ; 1 ; 2 ; 4 ; [0.011774868758493135, 0.13948074664409416] ; [0.10112467282590919, 0.11733268698548305]
794 ; 1 ; 3 ; 0 ; [0.019459981465241374, -0.011971542623373311] ; [0.11276819705184891, 0.18489533740748643]
794 ; 1 ; 4 ; 7 ; [0.40122182172770804] ; [0.25552057056238503]
794 ; 1 ; 5 ; 0 ; [0.14743572414298445] ; [1.1238165779997182]
794 ; 1 ; 6 ; 0 ; [0.73315587822654482] ; [0.027081260546308633]
794 ; 1 ; 6 ; 2 ; [0.30099416017464808] ; [0.0029412321888101288]
794 ; 1 ; 6 ; 3 ; [0.20860353549398797] ; [0.41919574928308007]
794 ; 1 ; 6 ; 7 ; [2.2111097316152724] ; [0.34577781309337774]
794 ; 1 ; 6 ; 10 ; [1.2188548932092789] ; [-0.016434384925066766]
794 ; 1 ; 7 ; 0 ; [0.75852265530175456] ; [0.19346362665172498]
794 ; 1 ; 7 ; 1 ; [0.68166886988143305] ; [0.64858707138269289]
794 ; 1 ; 7 ; 3 ; [1.964935626385595] ; [0.25008257792892707]
794 ; 1 ; 7 ; 4 ; [0.83439179224930871] ; [-0.024521974677790527]
794 ; 1 ; 8 ; 0 ; [0.59859780559655251] ; [0.61707712236301826]
794 ; 1 ; 8 ; 1 ; [1.8368146986724152] ; [0.95484799492273542]
794 ; 1 ; 9 ; 0 ; [0.10691731704460032] ; [0.1564926353784622]
794 ; 1 ; 9 ; 1 ; [0.30810087229932881] ; [0.43950103762925863]
794 ; 1 ; 9 ; 3 ; [0.45273283820945515] ; [-0.04210112718353097]
794 ; 1 ; 10 ; 0 ; [0.13310313905685772, 0.050776090969730722, 0.0099416607122253982] ; [0.22923791552754508, 0.11197542130422088, 0.11937378436256103]
794 ; 1 ; 10 ; 1 ; [0.067719403065221936] ; [0.090707259397877549]
794 ; 1 ; 11 ; 0 ; [0.016769429494302039] ; [0.1052943927719406]
794 ; 1 ; 12 ; 3 ; [0.50564133770209996] ; [0.12188993890059104]
794 ; 1 ; 12 ; 4 ; [0.6056552622868524] ; [0.86234282854128452]
794 ; 1 ; 13 ; 0 ; [0.079961680724244227] ; [0.1021792444033402]
794 ; 1 ; 13 ; 7 ; [0.49273906602987061] ; [0.98230630210400471]
794 ; 1 ; 13 ; 15 ; [1.2074227025171396] ; [1.4112954331609682]
794 ; 1 ; 14 ; 0 ; [0.0066827137183337699, -0.017019466092169235, 0.12438855915652236] ; [0.089731119958307015, 0.12607045854512464, 0.045244487449194563]
794 ; 1 ; 15 ; 0 ; [0.83119671028543141] ; [0.49461724076010116]
794 ; 1 ; 15 ; 1 ; [0.5170153875288569] ; [0.72177818939960681]
794 ; 1 ; 16 ; 0 ; [0.54007947690203895, 0.059914569465543709] ; [0.064700621354707971, 0.078895839555058897]
794 ; 1 ; 17 ; 0 ; [0.17038440369325941] ; [0.23748461635045448]
794 ; 1 ; 17 ; 1 ; [0.71701013340268571] ; [0.86124305021525216]
794 ; 1 ; 18 ; 0 ; [0.12005918593344457] ; [0.04717270936226698]
794 ; 1 ; 18 ; 2 ; [0.010950779014051946] ; [0.054573043573197519]
794 ; 1 ; 18 ; 4 ; [0.22088195002937608] ; [0.0036287794289385669]
794 ; 1 ; 18 ; 5 ; [0.27064948453763293] ; [0.088719019907976815]
794 ; 1 ; 18 ; 7 ; [0.095188009669756393] ; [0.10750027504794178]
794 ; 1 ; 18 ; 8 ; [0.25104506111162234] ; [0.18995671204470516]
794 ; 1 ; 18 ; 9 ; [0.566141454911265] ; [0.21654311799264017]
794 ; 1 ; 19 ; 0 ; [0.12506952416937933] ; [-0.017794717428008838]
794 ; 1 ; 21 ; 0 ; [0.14239351622622254] ; [0.02574923634583599]
794 ; 1 ; 21 ; 1 ; [-0.002644526805510855] ; [0.33616395227771195]
794 ; 1 ; 21 ; 2 ; [0.12696141602012845] ; [1.0524304537129323]
794 ; 1 ; 22 ; 0 ; [0.6736083033730802] ; [0.38249666286769368]
794 ; 1 ; 22 ; 1 ; [0.27123432169296474] ; [-0.18516282646286633]
794 ; 1 ; 23 ; 0 ; [0.15857862647626739] ; [0.034528587579962564]
794 ; 1 ; 23 ; 1 ; [0.49318437400931203] ; [0.14258116529827072]
794 ; 1 ; 24 ; 0 ; [0.07169591994617136, 0.019148206158298653, 0.012108764569868665, 0.0089642090281639251, 0.0066123938504322015] ; [0.35001138588257619, 0.046581304213543596, 0.084976558949603515, 0.15877473253644708, -0.012399573695882413]
794 ; 1 ; 24 ; 1 ; [0.088689664114274966] ; [0.074733146349167667]
794 ; 1 ; 24 ; 2 ; [0.68913540228990922] ; [-0.041779499353320163]
794 ; 1 ; 25 ; 0 ; [0.44331115849314784, 0.28744363374925835, 0.0080361770259039685] ; [0.1060513107395246, 0.25008401691562276, 0.48348036845620523]
794 ; 1 ; 25 ; 1 ; [-0.022286056602279829] ; [0.46270997970839783]
794 ; 1 ; 25 ; 2 ; [1.7649139748161464] ; [0.038667784215030268]
794 ; 1 ; 26 ; 0 ; [0.076585912061752401, 0.06352296137527548, 0.0052515662093704724, 0.15369094441325498] ; [0.12816154659739667, 0.097349864287608695, 0.092787021777073833, 0.1014065399295847]
794 ; 1 ; 26 ; 1 ; [0.73381974089878121] ; [-0.0046867461019920341]
794 ; 1 ; 27 ; 0 ; [0.29115110846341785, 0.198826315096815, 0.10574812873968245] ; [0.21395707557911961, 1.0182454208642036, 0.12999452972917672]
794 ; 1 ; 27 ; 1 ; [0.28550495897370937] ; [-0.00047938029382806746]
794 ; 1 ; 27 ; 2 ; [-0.086519434242162296] ; [0.025364274278652864]
794 ; 1 ; 28 ; 3 ; [0.10473771528631547] ; [0.37624083198754205]
794 ; 1 ; 28 ; 5 ; [1.7165518256107146] ; [0.083821785559388157]
794 ; 1 ; 28 ; 6 ; [1.0447156263757751] ; [1.767954486911399]
794 ; 1 ; 29 ; 0 ; [0.32996644309167689] ; [0.36109966210315037]
794 ; 1 ; 30 ; 0 ; [-0.061413090832262936] ; [0.48061636879110992]
794 ; 1 ; 30 ; 1 ; [2.4957900050903135] ; [1.0017157542092809]
794 ; 1 ; 30 ; 2 ; [0.34805508441496774] ; [0.82343944061973395]
794 ; 1 ; 31 ; 0 ; [1.5192128111465328] ; [0.53537981836192028]
794 ; 1 ; 31 ; 1 ; [0.66362600716366649] ; [0.43457749764009351]
794 ; 1 ; 31 ; 2 ; [0.5643945401119751] ; [0.32862639568419671]
794 ; 1 ; 32 ; 4 ; [2.293643622574538] ; [1.9532736632383305]
794 ; 1 ; 33 ; 0 ; [0.22051313806053269] ; [0.40620270037047262]
794 ; 1 ; 34 ; 0 ; [0.091997436392847132, 0.27826591463088235, 0.11782283289290185] ; [0.11887433527340809, 0.19740161651948129, 0.16447284731207157]
794 ; 1 ; 35 ; 0 ; [0.042765041451041923, 0.076270136038773292, 0.070368082495855952] ; [0.23158724093077362, 0.12275957391623891, 0.11006372862266141]
794 ; 1 ; 36 ; 0 ; [0.077913148039541039, 0.18078936685947358, 0.057166460795145618] ; [0.066763487804262223, 0.098463757686487116, 0.014038010624371922]
794 ; 1 ; 37 ; 0 ; [0.64051917981885875] ; [1.3539004663187795]
794 ; 1 ; 37 ; 1 ; [0.83944632090027171] ; [1.3710170593974806]
794 ; 1 ; 37 ; 4 ; [0.958399619033657] ; [1.2722670749973652]
794 ; 1 ; 37 ; 8 ; [1.0570796908079287] ; [1.6419988664059593]
794 ; 1 ; 38 ; 0 ; [0.12884843058015266, 0.0081703701211826973, -0.001421022446241686, 0.0039931319237335589] ; [0.088415472937370135, 0.2058128050001008, 0.083764009906102971, 0.14308942266651845]
794 ; 1 ; 38 ; 1 ; [0.36797839430334806] ; [0.4117304019883557]
794 ; 1 ; 39 ; 0 ; [2.3848489831902948] ; [-0.06028394720855066]
794 ; 1 ; 39 ; 2 ; [1.2738338766205188] ; [1.5047735983456192]
794 ; 1 ; 39 ; 6 ; [1.7772948466041185] ; [2.1908991186987503]
794 ; 1 ; 39 ; 8 ; [1.8961972896837724] ; [5.0787263422917901]
794 ; 1 ; 39 ; 9 ; [1.7027327071664939] ; [1.4061690781767746]
794 ; 1 ; 39 ; 10 ; [2.1767334805476679] ; [2.7403198342746884]
794 ; 1 ; 39 ; 11 ; [1.5749290917717429] ; [3.4825622997097585]
794 ; 1 ; 39 ; 13 ; [1.3475954823661889] ; [3.1405394992642526]
794 ; 1 ; 39 ; 15 ; [1.0310913073937411] ; [1.6835847685115386]
794 ; 1 ; 39 ; 17 ; [3.8635763003839512] ; [0.92697203980363829]
794 ; 1 ; 39 ; 18 ; [1.816976763921704] ; [3.9939263535909504]
794 ; 1 ; 39 ; 20 ; [1.9745733182149219] ; [1.7953988048641616]
794 ; 1 ; 39 ; 22 ; [1.9147248524535492] ; [0.87976284992818954]
794 ; 1 ; 39 ; 29 ; [2.2746713671466252] ; [2.2264108919638024]
794 ; 1 ; 39 ; 31 ; [1.5213851841502233] ; [1.213888975757069]
794 ; 1 ; 39 ; 32 ; [1.2457820584579467] ; [2.0696454168467486]
794 ; 1 ; 39 ; 37 ; [2.1841569252465884] ; [1.9359460415994751]
794 ; 1 ; 39 ; 38 ; [1.8346459485928948] ; [1.6164797642819553]
794 ; 1 ; 40 ; 0 ; [0.57968284095048939] ; [1.7216848867444263]
794 ; 1 ; 41 ; 0 ; [0.42382461162367924] ; [0.41289284338269339]
794 ; 1 ; 41 ; 1 ; [0.19001466151672186] ; [0.33933862507513068]
794 ; 1 ; 42 ; 0 ; [-0.0070991145068953106, 0.1886523816080814, 1.0844236179850524] ; [0.10981351455225107, 0.26226646942580234, 0.27959260867018854]
794 ; 1 ; 42 ; 1 ; [0.37087245086782] ; [0.066272382686348191]
794 ; 1 ; 43 ; 0 ; [0.28519862362607357] ; [0.073025042064278983]
794 ; 1 ; 44 ; 0 ; [0.13705692470136921, 0.21225403717631139, 0.055414322634646455] ; [0.1032596773421024, 0.16090908291399209, 0.039916392404881033]
794 ; 1 ; 46 ; 0 ; [0.35252759501176451] ; [0.0065448106022280355]
794 ; 1 ; 46 ; 1 ; [0.090786331564605235] ; [0.44658143424901126]
794 ; 1 ; 46 ; 2 ; [1.0900689303424205] ; [2.2358887963986569]
794 ; 1 ; 46 ; 3 ; [1.4957295564011073] ; [1.2371182476426976]
794 ; 1 ; 47 ; 0 ; [0.49615004660445527, 0.69747572722023288] ; [0.11397273261061602, 0.55786673307039447]
794 ; 1 ; 48 ; 0 ; [0.9430372156490906] ; [1.1796548083965863]
794 ; 1 ; 48 ; 2 ; [0.68899990847102799] ; [0.34751935842004539]
794 ; 1 ; 48 ; 3 ; [0.99342915489629779] ; [1.8198790506821132]
794 ; 1 ; 48 ; 4 ; [0.67310265789713808] ; [0.67835932629405693]
794 ; 1 ; 48 ; 6 ; [1.8225151562182658] ; [0.56922975688966782]
794 ; 1 ; 48 ; 7 ; [0.72928807409259111] ; [0.35547022730143019]
794 ; 1 ; 48 ; 9 ; [0.98509692959017547] ; [1.0756350690328014]
794 ; 1 ; 48 ; 11 ; [1.47823205318221] ; [0.67530353603483928]
794 ; 1 ; 49 ; 0 ; [0.60810017690346496] ; [0.78533814002622038]
794 ; 1 ; 49 ; 1 ; [0.01502416130165582] ; [0.0060011758555904684]
794 ; 1 ; 50 ; 0 ; [0.11862006376721032, 0.080757557364451046] ; [0.12712997201079268, 0.088889951861402083]
794 ; 1 ; 51 ; 9 ; [1.8691111592191321] ; [0.17481026296321553]
794 ; 1 ; 52 ; 0 ; [0.59090595280764957] ; [0.26273543977179981]
794 ; 1 ; 52 ; 1 ; [0.45463745033140629] ; [0.1681792113615522]
794 ; 1 ; 52 ; 2 ; [0.67194118626280386] ; [0.22385934725882298]
794 ; 1 ; 53 ; 0 ; [-0.0054340458768938676, 0.017348615729137127, 0.034852468847763489, 0.03034144508462655] ; [0.10251033116122479, 0.11356154316503407, 0.092196001139194239, -0.069899975308900339]
794 ; 1 ; 54 ; 1 ; [0.62699355216914798] ; [1.0773099815696647]
794 ; 1 ; 54 ; 2 ; [0.56127927289336466] ; [1.3436150148417214]
794 ; 1 ; 54 ; 5 ; [0.7032237170536213] ; [0.61337412263846613]
794 ; 1 ; 54 ; 7 ; [4.5521858012897836] ; [1.2723914584993801]
794 ; 1 ; 54 ; 8 ; [3.0741531532515904] ; [0.56579830314642621]
794 ; 1 ; 54 ; 9 ; [0.35935039409055713] ; [0.85986335717182183]
794 ; 1 ; 54 ; 10 ; [7.4954568631704674] ; [0.39644555645829843]
794 ; 1 ; 54 ; 11 ; [0.1837746489422688] ; [0.55845925509874161]
794 ; 1 ; 54 ; 12 ; [1.380218485230932] ; [0.10865839275957836]
794 ; 1 ; 54 ; 14 ; [0.86014960738013357] ; [1.1192085717203646]
794 ; 1 ; 54 ; 19 ; [1.5215913688903666] ; [35.731083301031028]
794 ; 1 ; 54 ; 20 ; [2.875869192312567] ; [3.4889439648174223]
794 ; 1 ; 54 ; 23 ; [1.1020411190915578] ; [0.32835823191670988]
794 ; 1 ; 56 ; 2 ; [2.0325293776140256] ; [0.5559430894598274]
794 ; 1 ; 56 ; 7 ; [1.2513935195936252] ; [0.8361456533413435]
794 ; 1 ; 56 ; 8 ; [0.69194924547449588] ; [5.0148144469930038]
794 ; 1 ; 56 ; 9 ; [0.83542129988739322] ; [3.4404208738306381]
794 ; 1 ; 56 ; 16 ; [0.96711491159234786] ; [1.8231701915945755]
794 ; 1 ; 56 ; 19 ; [0.65633737904820921] ; [0.11563430396919291]
794 ; 1 ; 56 ; 21 ; [1.1396013476228841] ; [4.7973569018158253]
794 ; 1 ; 56 ; 22 ; [1.9015341523769402] ; [1.2656531371662629]
794 ; 1 ; 56 ; 23 ; [2.5690557197258235] ; [1.3856872670386287]
794 ; 1 ; 56 ; 24 ; [1.7435871025726533] ; [0.91387485961887849]
794 ; 1 ; 56 ; 28 ; [0.43302965010543981] ; [0.98516836716039735]
794 ; 1 ; 56 ; 30 ; [1.9244907117155825] ; [1.7963848425166289]
794 ; 1 ; 56 ; 33 ; [1.9562029153391149] ; [0.95560106245636167]
794 ; 1 ; 56 ; 35 ; [3.6612478126104726] ; [1.1747866579721526]
794 ; 1 ; 56 ; 36 ; [1.4912828540192888] ; [3.2583155594390698]
794 ; 1 ; 56 ; 38 ; [0.30354266129756208] ; [1.2378722992536237]
794 ; 1 ; 56 ; 40 ; [2.4076472165241025] ; [0.96027664797552337]
794 ; 1 ; 57 ; 0 ; [0.074018326942398724] ; [0.086124727876232737]
794 ; 1 ; 57 ; 1 ; [0.29144889853386285] ; [0.019867591827853553]
794 ; 1 ; 57 ; 3 ; [0.16827222618707458, 0.089401401199350028] ; [0.58371616670781323, 0.029345041688507937]
794 ; 1 ; 58 ; 0 ; [0.17520861604955296] ; [0.68417584060777947]
794 ; 1 ; 58 ; 1 ; [2.2415571611981346] ; [0.24439783483944993]
794 ; 1 ; 58 ; 2 ; [1.0545232281056203] ; [0.37458086467330243]
794 ; 1 ; 58 ; 3 ; [1.5958932732329196] ; [0.3675275242729123]
794 ; 1 ; 58 ; 4 ; [0.32522763814640954] ; [0.24751999765566213]
794 ; 1 ; 58 ; 5 ; [3.249606512335069] ; [0.41422650443084058]
794 ; 1 ; 58 ; 15 ; [0.3499625931896625] ; [2.6003052512305791]
794 ; 1 ; 58 ; 18 ; [0.41573912286059961] ; [0.43291585108570524]
794 ; 1 ; 59 ; 1 ; [0.16527847803849963, 0.11048284373701413, 0.13152897310885395] ; [0.11700562516022188, 0.050155836114067896, 0.067235069508450707]
794 ; 1 ; 60 ; 0 ; [-0.020131178095542043, 0.02556380642430435, 0.12324905473158727] ; [0.09043895972913199, 0.051204568426292493, 0.020135047306361974]
794 ; 1 ; 60 ; 1 ; [-0.0035394726758036809] ; [0.062193605733568087]
794 ; 1 ; 61 ; 2 ; [0.65813966566766224] ; [5.7216665922774022]
794 ; 1 ; 61 ; 3 ; [1.5260100953811429] ; [0.77186493646818077]
794 ; 1 ; 61 ; 6 ; [5.1836116746587981] ; [1.9583262358616405]
794 ; 1 ; 61 ; 7 ; [0.8437632018685538] ; [1.6482899448305364]
794 ; 1 ; 63 ; 1 ; [0.22641948833258072] ; [0.21716992554028619]
794 ; 1 ; 63 ; 2 ; [0.56513194709422443] ; [0.37692716222375272]
794 ; 1 ; 64 ; 0 ; [0.51990866556575221, 1.4153423801458085] ; [0.51446324871296345, 0.88329284545523723]
794 ; 1 ; 64 ; 1 ; [1.4355208892156472] ; [0.60016926858208652]
794 ; 1 ; 64 ; 2 ; [0.55160189251412128] ; [0.77698202185535514]
794 ; 1 ; 64 ; 6 ; [0.78257456038896578] ; [1.5359051391034491]
794 ; 1 ; 65 ; 0 ; [0.13300737704280555, 1.6015558211487093] ; [0.91629288188988545, 0.088463429463616905]
794 ; 1 ; 65 ; 1 ; [0.95924680092487857] ; [0.99703451887060812]
794 ; 1 ; 65 ; 7 ; [3.2407016952290597] ; [2.8033752015784947]
794 ; 1 ; 65 ; 10 ; [4.3905414583197455] ; [1.6315472803827324]
794 ; 1 ; 66 ; 0 ; [0.079316343969651371] ; [0.71457957098687153]
794 ; 1 ; 66 ; 1 ; [0.37212090120427316] ; [0.71758126304068248]
794 ; 1 ; 66 ; 2 ; [0.46170924423724036] ; [0.15477112948966759]
794 ; 1 ; 66 ; 3 ; [0.01578163682195478] ; [0.035641657305238203]
794 ; 1 ; 66 ; 13 ; [2.730712990465634] ; [0.31318469537732196]
794 ; 1 ; 66 ; 14 ; [1.550750191954168] ; [0.83154408974599325]
794 ; 1 ; 67 ; 0 ; [0.21547849714507, 0.014722678316239862, 0.00035971126020991327] ; [0.095895770399843108, 0.081160677982014123, 0.008074424898437892]
794 ; 1 ; 67 ; 1 ; [0.64588110972638046] ; [-0.0082377045759385367]
794 ; 1 ; 68 ; 0 ; [-0.043391727080179993] ; [0.012092670269732438]
794 ; 1 ; 69 ; 0 ; [0.20528384761572305, 0.073719959193661894, 0.069138514578855823, 0.012695185093497654] ; [0.31735836394060196, 0.13496770250338758, 0.062907271673655105, -0.0057467503885129398]
794 ; 1 ; 70 ; 0 ; [0.10966242497999509, 0.042424090192424907] ; [0.35891121425858069, 0.46555093509857542]
794 ; 1 ; 70 ; 2 ; [0.28547559833250435] ; [0.41084352732252166]
794 ; 1 ; 70 ; 3 ; [0.49477513430434195] ; [0.34568464385918091]
794 ; 1 ; 71 ; 0 ; [-0.0085105580676557227, -0.011803775838289872] ; [0.024819377403516921, 0.16284714984559992]
794 ; 1 ; 71 ; 1 ; [0.112871185812768, 0.020883727327146266] ; [0.026788929693855292, -0.0047622517582221798]
794 ; 1 ; 72 ; 1 ; [-0.01601085843685782] ; [0.63278653461966905]
794 ; 1 ; 72 ; 3 ; [0.31557595774844133] ; [0.068454734349704116]
794 ; 1 ; 73 ; 0 ; [0.22415679100904426] ; [0.24940886591642608]
794 ; 1 ; 73 ; 1 ; [0.42593252611004473] ; [0.093839194675437221]
794 ; 1 ; 74 ; 0 ; [0.12185787955280328, 0.15429080211809421, 0.14602368781017011, 0.47942397126314829] ; [0.10548599297258537, 0.11565820811020881, 0.10315686657632901, 0.11975069784200536]
794 ; 1 ; 75 ; 0 ; [-0.0030745718823318303] ; [0.014845058786746258]
794 ; 1 ; 75 ; 1 ; [0.34963802808894345, 0.15960819194329445, 0.11732080890690701, 0.038194409854951546] ; [0.31815654232420798, 0.1149269190947437, 0.088709885647639694, -0.055549705899981698]
794 ; 1 ; 76 ; 0 ; [1.4661975826793776] ; [2.4816603280734122]
794 ; 1 ; 76 ; 1 ; [-0.037291329160578528] ; [0.73573070265367957]
794 ; 1 ; 76 ; 2 ; [1.9845584579434181] ; [1.6769492154999226]
794 ; 1 ; 76 ; 4 ; [1.6496152914383244] ; [1.7057378734409236]
794 ; 1 ; 76 ; 5 ; [0.5871372492107868] ; [2.3030101742899607]
794 ; 1 ; 77 ; 0 ; [0.64030932342004887] ; [0.53387210668070006]
794 ; 1 ; 77 ; 11 ; [1.3409706500463756] ; [2.09648184396432]
794 ; 1 ; 77 ; 13 ; [0.69026613980919416] ; [1.6317502680706226]
794 ; 1 ; 77 ; 19 ; [0.98929501075451654] ; [2.553410616192497]
794 ; 1 ; 78 ; 0 ; [0.082613276304661074] ; [0.13786381055665295]
794 ; 1 ; 78 ; 1 ; [0.16475767814373626] ; [0.75093246536699088]
794 ; 1 ; 78 ; 4 ; [1.2392056872796224] ; [0.2768588371332571]
794 ; 1 ; 80 ; 1 ; [0.18025327791668441] ; [-0.0079474716442273219]
794 ; 1 ; 80 ; 4 ; [0.96880913692977022] ; [1.0529609095890988]
794 ; 1 ; 81 ; 0 ; [0.033274329317783569, 0.037420980324286993] ; [0.1237248822797118, 0.20369526614345376]
794 ; 1 ; 81 ; 1 ; [0.0065527338287354013] ; [0.2882302926746258]
794 ; 1 ; 82 ; 0 ; [0.60800897597923076] ; [0.84602052130598837]
794 ; 1 ; 82 ; 2 ; [0.13970372389842636] ; [2.7771360023772846]
794 ; 1 ; 83 ; 0 ; [0.049471594423875082, 0.055131858669588849, 0.11219110770421251, 0.065648996272558852] ; [0.069780158793735114, 0.073749337488531061, 0.15727587057593762, 0.10022515943631521]
794 ; 1 ; 84 ; 1 ; [1.6810418363956114] ; [0.84477649136040933]
794 ; 1 ; 84 ; 2 ; [1.5317950069536257] ; [0.26816531753219763]
794 ; 1 ; 84 ; 3 ; [0.51464585949291897] ; [2.906143077598208]
794 ; 1 ; 84 ; 13 ; [-0.018531534404872874] ; [-0.0036311625252462951]
794 ; 1 ; 84 ; 15 ; [0.4985521698457846] ; [0.9900728436005175]
794 ; 1 ; 85 ; 0 ; [0.13000166876008867, 0.11231743560302707, 0.025513645236370109] ; [0.10646973194088938, 0.10150072110649168, 0.048272086019794193]
794 ; 1 ; 86 ; 2 ; [0.20487928893452861, 0.22453793706862155, 0.22694427714045798] ; [0.2555553384418936, 0.094458019101201995, 0.02606260726942829]
794 ; 1 ; 87 ; 0 ; [0.56396771080741515, 0.22073794069039637] ; [0.94673420744834902, 0.1159107775028381]
794 ; 1 ; 87 ; 1 ; [0.37389355703093435] ; [0.1379974820994036]
794 ; 1 ; 88 ; 0 ; [0.086156495002778166, 0.082800022735729603, 0.052569739482156992, 0.04053609408440581] ; [0.12572677196975468, 0.087392146181973093, 0.162537314902653, 0.20195886848010813]
794 ; 1 ; 89 ; 0 ; [0.018440495461560676] ; [0.24719593268689266]
794 ; 1 ; 90 ; 0 ; [1.9216793920248183] ; [1.5241269501322476]
794 ; 1 ; 90 ; 1 ; [0.97047748910566756] ; [1.1412606133127638]
794 ; 1 ; 91 ; 0 ; [-0.0078126621877436676, 0.011734235401475657, -0.024801036935291343] ; [0.24286921660188945, 0.098957018467993776, 0.0080307818844514208]
794 ; 1 ; 92 ; 0 ; [0.90993707616740671] ; [0.59806756504705316]
794 ; 1 ; 92 ; 1 ; [0.61427565346359447] ; [1.1244010243810325]
794 ; 1 ; 93 ; 0 ; [0.060406338804514133] ; [0.14730128964883671]
794 ; 1 ; 93 ; 1 ; [-0.0057846194467769188] ; [0.1199659586009203]
794 ; 1 ; 94 ; 0 ; [0.021536325834137907, 0.030504894087213401] ; [0.050359019461343871, -0.0017879725284975095]
794 ; 1 ; 94 ; 1 ; [0.5063445753315915] ; [1.0714042481892498]
794 ; 1 ; 94 ; 2 ; [0.086111700965556273] ; [0.5224343088398018]
794 ; 1 ; 94 ; 4 ; [0.31927635451914577] ; [0.88700647124630116]
794 ; 1 ; 94 ; 9 ; [3.1631045337754382] ; [-0.0019373756071541779]
794 ; 1 ; 95 ; 0 ; [0.040093659180571513, 0.099315884987414726, 0.48854132847450371] ; [0.16287255643097642, 0.1204084195953805, 0.071391564828216278]
794 ; 1 ; 96 ; 0 ; [0.55636979493626593, 0.059413731225287668] ; [0.30202209394482937, 0.14450104510045658]
794 ; 1 ; 96 ; 3 ; [0.39083672819297671] ; [0.2055503550173079]
794 ; 1 ; 97 ; 0 ; [0.013020801071491398] ; [0.001998348155721745]
794 ; 1 ; 97 ; 1 ; [4.5693636990081545] ; [0.8457020270636898]
794 ; 1 ; 97 ; 2 ; [3.4598312064115451] ; [1.6774026729653184]
794 ; 1 ; 97 ; 3 ; [0.77513075055075498] ; [0.80267231093786706]
794 ; 1 ; 97 ; 4 ; [0.95189205588849712] ; [1.3223334206668633]
794 ; 1 ; 97 ; 6 ; [0.76414129676025122] ; [1.5586675715847293]
794 ; 1 ; 97 ; 7 ; [2.1744440970280889] ; [1.3299869710960512]
794 ; 1 ; 97 ; 9 ; [1.9043151800764828] ; [-0.078139501374670794]
794 ; 1 ; 97 ; 14 ; [0.8048449385547839] ; [1.0234540858982681]
794 ; 1 ; 98 ; 0 ; [-0.0060100829802722721, 0.0048788688456334051, 0.10851620143301208, 0.1391960059054749] ; [0.095083043736591336, 0.081512996710940547, 0.1848687663684726, 0.34233039163519302]
794 ; 1 ; 99 ; 2 ; [0.0009944471032552484, 0.0016625444994215405, 0.20257630341002789, 0.31929562807511036] ; [0.072247336329406331, 0.26280980653804459, 0.38465986926497964, 0.38900921603464966]
794 ; 1 ; 100 ; 0 ; [0.36147638274008997] ; [13.8823314258878]
794 ; 1 ; 100 ; 1 ; [1.6180531745629969] ; [0.80240813135837363]
794 ; 1 ; 101 ; 0 ; [0.11601473423216935, 0.27081609637474185] ; [0.60218499404530645, 1.3261664854681032]
794 ; 1 ; 101 ; 2 ; [0.66218189969816665] ; [0.97754143915746716]
794 ; 1 ; 101 ; 3 ; [0.43714493559825779] ; [1.5130195264723847]
794 ; 1 ; 102 ; 0 ; [0.077091367640550107] ; [0.035582352776959848]
794 ; 1 ; 103 ; 0 ; [0.53479332405891578] ; [0.26502089447953164]
794 ; 1 ; 103 ; 1 ; [0.5538899575324695] ; [1.2257316524890995]
794 ; 1 ; 103 ; 2 ; [0.032329645447630319] ; [0.014111057162388871]
794 ; 1 ; 104 ; 0 ; [0.074491974732348129, 0.02345208937712474] ; [0.18683374983389342, 0.095138339001987676]
794 ; 1 ; 104 ; 1 ; [0.0051898162624483988] ; [0.045659705666147986]
794 ; 1 ; 105 ; 0 ; [0.068596827255040932, 0.059222126560122941, 0.049963865296684049, 0.049393712281758831, 0.038958590370721864] ; [0.029382557849557105, 0.11537064802865164, 0.068599896501189847, 0.089282004800180212, 0.052679820976274515]
794 ; 1 ; 106 ; 0 ; [0.1172311996531632, 0.59505271398498061, 0.028711164865292141] ; [0.078420791633486767, 0.54986193166575459, 0.085140540488114522]
794 ; 1 ; 107 ; 0 ; [0.32244934581115636] ; [0.17742710037279896]
794 ; 1 ; 107 ; 1 ; [0.26038561170540686] ; [3.6682946036591675]
794 ; 1 ; 107 ; 4 ; [0.67259964339125788] ; [0.57633970293242953]
794 ; 1 ; 107 ; 5 ; [1.2830894165506876] ; [2.2361596976558222]
794 ; 1 ; 107 ; 6 ; [2.1034578367596111] ; [4.1756632735704668]
794 ; 1 ; 107 ; 7 ; [0.40863727162822105] ; [1.2669539851830667]
794 ; 1 ; 107 ; 8 ; [0.27685020537417232] ; [2.7906274432010494]
794 ; 1 ; 107 ; 9 ; [1.488331184029565] ; [2.7919199340404832]
794 ; 1 ; 107 ; 10 ; [2.7019958890074949] ; [3.7273861444088903]
794 ; 1 ; 108 ; 0 ; [0.11542394212553536, 0.27762693694298624, 0.18354433409021548, 0.091683695526835959] ; [0.097728056934232324, 0.2161363234326121, 0.24258407217516781, 0.088384602710230922]
794 ; 1 ; 109 ; 0 ; [0.27337234626120033] ; [0.052076548871657656]
794 ; 1 ; 110 ; 0 ; [0.010744293766851452, 0.018696945352790435, 0.080987258906783974] ; [0.11028647875597523, 0.096425225812302715, 0.081835724554637626]
794 ; 1 ; 111 ; 0 ; [2.327564698921746] ; [0.95498293140345514]
794 ; 1 ; 111 ; 1 ; [1.8077691360876471] ; [0.48025826312266179]
794 ; 1 ; 111 ; 2 ; [2.7823590443375177] ; [1.639386299317259]
794 ; 1 ; 111 ; 8 ; [4.3069679966913696] ; [1.3271406316034364]
794 ; 1 ; 111 ; 9 ; [1.8215336083330924] ; [1.5852181266630976]
794 ; 1 ; 111 ; 12 ; [1.9529694980695393] ; [1.3736816183169274]
794 ; 1 ; 111 ; 15 ; [5.660390895690818] ; [2.6895210193238932]
794 ; 1 ; 111 ; 16 ; [1.0389101150512716] ; [0.9679450667545314]
794 ; 1 ; 112 ; 0 ; [0.17006612692274561, 0.2445516666971643] ; [0.031531839683795575, 0.068544136589729965]
794 ; 1 ; 112 ; 1 ; [0.244319962885373] ; [0.14105334840281875]
794 ; 1 ; 112 ; 4 ; [0.10571764670162533] ; [0.66287064048986544]
794 ; 1 ; 113 ; 0 ; [0.23699134059088359] ; [0.78667468842275412]
794 ; 1 ; 113 ; 1 ; [0.40017069292620178] ; [0.26462244123113549]
794 ; 1 ; 114 ; 0 ; [0.054591461730585149, 0.020208215864690245] ; [0.056314819156623092, 0.23322130097339153]
794 ; 1 ; 114 ; 1 ; [0.011873256933731487] ; [0.050095095229098226]
794 ; 1 ; 114 ; 4 ; [0.086818347376923038] ; [0.29402949359650338]
794 ; 1 ; 115 ; 0 ; [0.056213164504506689, 0.07776972729777859, 0.31632709796641245] ; [0.078404632626343909, 0.22530209371197943, 0.18950923998307603]
794 ; 1 ; 116 ; 0 ; [0.39102674289395167, 0.13779254969386728] ; [0.22443048400072838, 0.14459796343103862]
794 ; 1 ; 116 ; 1 ; [0.49276440144520584] ; [0.31700612261694866]
794 ; 1 ; 117 ; 0 ; [0.017157030146244163] ; [0.27886264523423049]
794 ; 1 ; 117 ; 6 ; [0.30803820384481068] ; [0.23245077705709527]
794 ; 1 ; 118 ; 0 ; [0.50169038011448197] ; [0.74119596242079855]
794 ; 1 ; 118 ; 1 ; [0.092507422509319759] ; [0.01356274655582552]
794 ; 1 ; 118 ; 2 ; [0.46084350818771613] ; [0.12485327056889162]
794 ; 1 ; 119 ; 0 ; [1.7318415612584075] ; [1.1029071548322151]
794 ; 1 ; 119 ; 8 ; [0.31570682243244719] ; [1.9094175680370533]
794 ; 1 ; 119 ; 9 ; [1.4545524920896227] ; [1.6972745530004858]
794 ; 1 ; 119 ; 12 ; [1.8093976258000519] ; [1.504169355870981]
794 ; 1 ; 119 ; 16 ; [1.5653210913345443] ; [2.6498552416964154]
794 ; 1 ; 119 ; 20 ; [1.351443284062168] ; [1.2043264619035476]
794 ; 1 ; 119 ; 21 ; [1.5492305340727153] ; [2.5232099924575846]
794 ; 1 ; 119 ; 23 ; [1.3217885741906481] ; [0.58706538244818796]
794 ; 1 ; 119 ; 25 ; [1.7034198991282901] ; [1.7394282968497472]
794 ; 1 ; 120 ; 0 ; [0.78782984946330858] ; [0.63236421475462212]
794 ; 1 ; 120 ; 1 ; [0.49048909196139312] ; [0.39325352230975924]
794 ; 1 ; 120 ; 2 ; [0.31446129765812575] ; [0.51170612496923173]
794 ; 1 ; 120 ; 5 ; [0.54345062254360843] ; [0.36586700823077756]
794 ; 1 ; 120 ; 6 ; [1.1990208796556665] ; [0.67634802693632556]
794 ; 1 ; 120 ; 20 ; [0.76256166235813461] ; [1.317886696507153]
794 ; 1 ; 121 ; 0 ; [0.29380699345275585] ; [-0.0036918879307183358]
794 ; 1 ; 121 ; 8 ; [0.20503337513410369, 0.30433808728677186, 0.59864200409536206] ; [0.16685892301960459, 0.45342257256947549, 0.43459251535675669]
794 ; 1 ; 122 ; 0 ; [0.015418310424112507] ; [-0.030420012895041228]
794 ; 1 ; 122 ; 1 ; [0.31785690992733573] ; [0.56241581287524189]
794 ; 1 ; 122 ; 4 ; [1.6348410713281025] ; [4.0833305579938504]
794 ; 1 ; 122 ; 6 ; [1.1577988046295109] ; [1.7486218502013331]
794 ; 1 ; 122 ; 7 ; [0.67121001625077881] ; [1.179283847565745]
794 ; 1 ; 122 ; 8 ; [3.1632215828231289] ; [0.50511643644209059]
794 ; 1 ; 123 ; 0 ; [0.13958535245286316, 0.08283787201270372] ; [0.12489618699399806, 0.22173622100802615]
794 ; 1 ; 124 ; 0 ; [0.92385736432323395] ; [0.31890802048570838]
794 ; 1 ; 124 ; 3 ; [1.8046176605160211] ; [1.5726770956356262]
794 ; 1 ; 124 ; 4 ; [0.39848803484214979] ; [0.45249626316885028]
794 ; 1 ; 124 ; 5 ; [1.1585832556883844] ; [0.72139784618751424]
794 ; 1 ; 124 ; 7 ; [1.538413773794628] ; [1.4657579693572544]
794 ; 1 ; 124 ; 20 ; [1.438841362644242] ; [1.4788412042191603]
794 ; 1 ; 124 ; 28 ; [2.2441926865912976] ; [1.6058466580722439]
794 ; 1 ; 125 ; 3 ; [1.0913568132248721] ; [1.7368712808936559]
794 ; 1 ; 126 ; 0 ; [-0.0048977871732040195, 0.017515260495361857, -0.0047211559946581643, 0.0050890553569468812, 0.16061739594370511] ; [0.11071027281382474, 0.2212562843233308, 0.25943249403554969, 0.15626919235918518, 0.06920573764700759]
794 ; 1 ; 128 ; 4 ; [0.42431749138037739] ; [2.0014201674225354]
794 ; 1 ; 129 ; 1 ; [0.21431031787864843, 0.42163990361246767] ; [-0.010326454301624809, 0.10004403624799579]
794 ; 1 ; 129 ; 2 ; [1.2817117303449281, 4.6978669275265972] ; [0.040885318012952317, -0.0075682338133020426]
794 ; 1 ; 129 ; 3 ; [1.8304594717292761] ; [0.18268558138933325]
794 ; 1 ; 130 ; 0 ; [0.1205693090716716, 0.11389429907024237, -0.0011218743269782601] ; [0.19241173138153991, 0.1114901154828393, 0.19630531331337872]
794 ; 1 ; 131 ; 0 ; [0.034534616178779981, 0.056181631104676645, 0.053136259194823045, 0.0043138821011820035] ; [0.058329710156185495, 0.13828274930371487, 0.16922845474934683, -0.19335073825680726]
794 ; 1 ; 132 ; 0 ; [0.093907478408511685] ; [0.092843452931305914]
794 ; 1 ; 132 ; 1 ; [0.1980452186656837] ; [0.024198324461145913]
794 ; 1 ; 133 ; 0 ; [0.41260953451624793] ; [0.84378902460396854]
794 ; 1 ; 133 ; 1 ; [0.8083625803351181] ; [1.1148797327549416]
794 ; 1 ; 133 ; 2 ; [1.1309850786792461] ; [2.7235231519164094]
794 ; 1 ; 134 ; 0 ; [0.025966406745695784, 0.021847722346978262, 0.22653531923479764] ; [0.056874595567537593, 0.05952023866261353, 0.10288565969954293]
794 ; 1 ; 135 ; 0 ; [0.10932671017751852] ; [0.12673567440416997]
794 ; 1 ; 137 ; 0 ; [1.4256170394621002] ; [3.5914321738261568]
794 ; 1 ; 138 ; 0 ; [0.047840482844866056, 0.081013965403711335, 0.052576447640877273, 0.092885882840008302, -0.0012406950782504087] ; [0.051451844128778693, 0.30328123673729585, 0.16165857159218891, 0.2662256696715139, 0.046417384897941484]
794 ; 1 ; 139 ; 0 ; [0.61369431564597854] ; [0.24197369393392931]
794 ; 1 ; 139 ; 4 ; [1.4898241520749511] ; [0.53952252110737742]
794 ; 1 ; 140 ; 0 ; [0.23657260094243657, 2.5214576747801645] ; [0.081124516244859862, 0.2766194773315202]
794 ; 1 ; 140 ; 1 ; [0.56686148087229493] ; [1.3392264561775542]
794 ; 1 ; 141 ; 0 ; [0.21775829865425683, 0.83957039707516212, 0.19418596486783102] ; [0.1659173510949358, 0.45128900929608268, 0.29365888517116123]
794 ; 1 ; 141 ; 5 ; [0.7075286233166681] ; [-0.022097961840541303]
794 ; 1 ; 143 ; 0 ; [0.078009362432312934] ; [0.077181838984073659]
794 ; 1 ; 144 ; 2 ; [1.0547907884118961] ; [0.28450582702415078]
794 ; 1 ; 144 ; 3 ; [1.8722962781605317] ; [0.035128489569966198]
794 ; 1 ; 144 ; 4 ; [1.139915671810394] ; [0.37556163169693535]
794 ; 1 ; 144 ; 6 ; [0.51531304461283811] ; [0.77676748547133145]
794 ; 1 ; 144 ; 8 ; [1.7055312603021169] ; [1.9456743743847988]
794 ; 1 ; 145 ; 1 ; [1.64589246918871] ; [1.0569112273973877]
794 ; 1 ; 145 ; 2 ; [1.7504131189198768] ; [1.2618639255120379]
794 ; 1 ; 145 ; 8 ; [1.4206247502186051] ; [1.5486722767899628]
794 ; 1 ; 145 ; 10 ; [1.351596533880679] ; [1.8534463366649092]
794 ; 1 ; 145 ; 11 ; [1.9271895075847645] ; [2.1921194540275115]
794 ; 1 ; 145 ; 13 ; [2.3025045990032664] ; [1.5699368476461242]
794 ; 1 ; 145 ; 18 ; [3.830602495384122] ; [2.1488901479509472]
794 ; 1 ; 146 ; 0 ; [0.34100775901209701] ; [0.18672646017346861]
794 ; 1 ; 146 ; 1 ; [0.90040111731072547] ; [0.00085476519865193697]
794 ; 1 ; 146 ; 2 ; [0.35831714936333892] ; [0.0022101502113398464]
794 ; 1 ; 147 ; 0 ; [0.0023048043035415427, 0.088015473791342252, 0.040525609696625303, 0.012830522324205328] ; [0.079166553362131964, 0.14446695374953797, 0.089205175096651643, 0.11299574190812087]
794 ; 1 ; 148 ; 0 ; [0.029355066460445934, 0.020084920784496352, 0.11458210931467917] ; [0.096529656369408162, 0.10426269889131519, 0.011017725756404376]
794 ; 1 ; 148 ; 1 ; [0.0851989995469985] ; [-0.011063308313972576]
794 ; 1 ; 149 ; 0 ; [0.26483811338194363] ; [1.6049554495549483]
794 ; 1 ; 149 ; 1 ; [0.60161921780224437] ; [0.25171850610186353]
794 ; 1 ; 150 ; 0 ; [2.223094627436462] ; [1.3976801994528358]
794 ; 1 ; 150 ; 1 ; [0.033298395988733645] ; [0.029597191880516911]
794 ; 1 ; 150 ; 3 ; [0.030597860768806547] ; [0.46995034389032642]
794 ; 1 ; 150 ; 4 ; [0.27693559129195006] ; [1.4380033856402195]
794 ; 1 ; 150 ; 5 ; [0.99394221694837426] ; [1.7931990450160911]
794 ; 1 ; 150 ; 7 ; [2.7866065529549693] ; [0.70544453879016544]
794 ; 1 ; 150 ; 13 ; [0.69703234609682896] ; [1.3704941865142064]
794 ; 1 ; 150 ; 14 ; [2.0760550807648999] ; [1.3229450628176709]
794 ; 1 ; 150 ; 15 ; [0.93931907807329318] ; [1.8770877963853456]
794 ; 1 ; 150 ; 16 ; [1.6445496556428345] ; [2.4601887692542044]
794 ; 1 ; 150 ; 20 ; [0.01102521585119339] ; [-0.015601507337907676]
794 ; 1 ; 151 ; 0 ; [0.63063342045066684] ; [0.57606084152983761]
794 ; 1 ; 151 ; 1 ; [0.64617643422005733] ; [1.1070945088063233]
794 ; 1 ; 151 ; 4 ; [1.9783611362961242] ; [1.3690829577523189]
794 ; 1 ; 152 ; 0 ; [2.0863749463570276] ; [0.39412613802986901]
794 ; 1 ; 152 ; 1 ; [0.060496334451281233] ; [0.60753201394728629]
794 ; 1 ; 152 ; 16 ; [1.5753093920818746] ; [0.27690869980124172]
794 ; 1 ; 153 ; 0 ; [0.57447788596855132, 0.59541673571576736] ; [0.040952074816031074, 0.8225174010958699]
794 ; 1 ; 153 ; 1 ; [0.24471667805456254] ; [1.2477624634536342]
794 ; 1 ; 153 ; 2 ; [0.48642020691180049] ; [0.57233246156064366]
794 ; 1 ; 153 ; 8 ; [0.5930343268257583] ; [0.28742558837288201]
794 ; 1 ; 154 ; 0 ; [0.30733263481487288, 0.070749249757638674, 0.010899008305365814] ; [0.17040766963594928, 0.091785056159949488, 0.024899590488378899]
794 ; 1 ; 155 ; 0 ; [0.19860409620004313, 1.0252480756659941] ; [0.0078366553089766772, 0.0098069168426181772]
794 ; 1 ; 155 ; 1 ; [0.92096422893846963] ; [0.59507582333761644]
794 ; 1 ; 155 ; 2 ; [0.9860313029888913] ; [0.44478488914628922]
794 ; 1 ; 155 ; 3 ; [1.0665153077889784] ; [0.48559610567057787]
794 ; 1 ; 155 ; 4 ; [0.26834489609661366] ; [0.10801907458194412]
794 ; 1 ; 155 ; 5 ; [0.48853499348831558] ; [0.69418907379557837]
794 ; 1 ; 155 ; 7 ; [0.2568026026579136] ; [1.6560131113348493]
794 ; 1 ; 155 ; 9 ; [1.0549697721928686] ; [0.39734313234285124]
794 ; 1 ; 155 ; 10 ; [0.67683838281703801] ; [0.33285677344230274]
794 ; 1 ; 155 ; 11 ; [1.4057459599777111] ; [1.7824702505813239]
794 ; 1 ; 155 ; 13 ; [3.5808782076723089] ; [1.2314482373031155]
794 ; 1 ; 155 ; 23 ; [2.1622498743038361] ; [0.52333715781183043]
794 ; 1 ; 155 ; 24 ; [2.1633246641041497] ; [0.61137303960379874]
794 ; 1 ; 155 ; 25 ; [1.4598827296142116] ; [1.8077115407052844]
794 ; 1 ; 155 ; 30 ; [1.7740604569329148] ; [0.093030560262228362]
794 ; 1 ; 158 ; 0 ; [0.0018797448209966015] ; [-0.0099193354368616211]
794 ; 1 ; 159 ; 0 ; [-0.011723594953229706, 0.15472251196771716, -0.0099405895263366111] ; [0.10855572697575838, 0.11981384313755368, 0.11495936307739607]
794 ; 1 ; 160 ; 0 ; [1.0142410028393696] ; [0.89079083652443747]
794 ; 1 ; 160 ; 4 ; [1.4044795396727079] ; [0.32477959896675679]
794 ; 1 ; 160 ; 5 ; [5.0470072519311415] ; [1.413779530069518]
794 ; 1 ; 160 ; 6 ; [1.6125989603900777] ; [2.554736695219785]
794 ; 1 ; 160 ; 7 ; [0.96465414762057777, 2.5836702818591437] ; [1.6450513591149791, 3.4278287211648926]
794 ; 1 ; 160 ; 8 ; [1.5180895070509013] ; [1.3341894576113398]
794 ; 1 ; 160 ; 10 ; [1.6477186945588045] ; [2.1040877232706072]
794 ; 1 ; 160 ; 11 ; [2.0999239941935044] ; [1.3356491559733898]
794 ; 1 ; 160 ; 12 ; [1.7872165576788164] ; [6.5785595319395123]
794 ; 1 ; 160 ; 13 ; [1.4701943438581646] ; [1.2867581500078575]
794 ; 1 ; 160 ; 14 ; [2.258474764440185] ; [0.72780007393085722]
794 ; 1 ; 160 ; 15 ; [1.7591863521503075] ; [3.4300773030528942]
794 ; 1 ; 160 ; 16 ; [1.7088348118263472] ; [3.381968139490835]
794 ; 1 ; 160 ; 17 ; [1.8299004620563832] ; [1.2633101037944556]
794 ; 1 ; 160 ; 21 ; [1.9363728302161176] ; [1.9834981710932511]
794 ; 1 ; 160 ; 22 ; [1.9086272289703714] ; [1.5375520820027897]
794 ; 1 ; 160 ; 23 ; [1.3496193503918539] ; [1.2761638236380284]
794 ; 1 ; 160 ; 26 ; [3.7518728955609499] ; [2.7722465660043931]
794 ; 1 ; 160 ; 29 ; [1.5746736912672115] ; [1.8132582359639358]
794 ; 1 ; 160 ; 36 ; [1.8765939080071308] ; [1.2498510335019828]
794 ; 1 ; 160 ; 37 ; [2.3472247724880977] ; [0.5096334791316256]
794 ; 1 ; 160 ; 38 ; [1.8960310197711312] ; [1.6406773508015891]
794 ; 1 ; 160 ; 39 ; [2.2292283715410672] ; [1.4679286445218735]
794 ; 1 ; 161 ; 0 ; [0.022732472265354371, 0.049118248134521376] ; [0.45801740875200919, 0.55717971286082202]
794 ; 1 ; 161 ; 1 ; [0.4002663878864206] ; [1.4988455625118586]
794 ; 1 ; 161 ; 2 ; [0.40737378734922181] ; [0.020584499343161863]
794 ; 1 ; 161 ; 3 ; [0.22793161030892378] ; [0.0205402096475573]
794 ; 1 ; 161 ; 4 ; [0.71354428004965664] ; [0.013681203202097366]
794 ; 1 ; 162 ; 0 ; [0.15513479368743902] ; [0.011284752994891688]
794 ; 1 ; 162 ; 1 ; [-0.12481156626339625] ; [-0.015982730318260537]
794 ; 1 ; 162 ; 10 ; [0.39656177035759022] ; [0.20683869885105241]
794 ; 1 ; 163 ; 0 ; [0.059034508480539441, 0.028474917896130787] ; [0.094481355905073117, 0.027624279216993612]
794 ; 1 ; 164 ; 0 ; [0.058359932530755693, 0.019385686429462676, 0.0953141230843602] ; [0.086107510763028555, 0.13189984160794602, 0.12926795354576964]
794 ; 1 ; 164 ; 1 ; [0.040290072158240611] ; [0.032141228032091018]
794 ; 1 ; 165 ; 0 ; [0.032168366687115819] ; [0.12230504156897158]
794 ; 1 ; 165 ; 1 ; [0.14874632784685987] ; [0.082726178541257772]
794 ; 1 ; 166 ; 0 ; [0.028097204653218046, 0.24354374110785751, 0.5669084520303459] ; [0.083342621973306455, 0.16573905512778211, 0.24375394994272026]
794 ; 1 ; 167 ; 3 ; [1.0189735004845644] ; [0.41542239655917812]
794 ; 1 ; 167 ; 6 ; [0.16575542118879666] ; [-0.064408481190023084]
794 ; 1 ; 168 ; 0 ; [0.32622771250407551, 0.035788113601138621, 0.0081032262332586587] ; [0.34774267187803642, 0.25217296729102451, 0.10404109257884332]
794 ; 1 ; 168 ; 1 ; [0.48712044120336695] ; [0.43909993144914666]
794 ; 1 ; 169 ; 3 ; [0.81436299400080803] ; [1.501943084032056]
794 ; 1 ; 170 ; 0 ; [0.44342711193339712] ; [0.3548065138879451]
794 ; 1 ; 171 ; 0 ; [1.0636504784641065] ; [0.36798637050978605]
794 ; 1 ; 171 ; 1 ; [0.17474107914711487] ; [0.53865848035859965]
794 ; 1 ; 171 ; 2 ; [0.11854608537446518] ; [0.54136993999280558]
794 ; 1 ; 172 ; 0 ; [0.19540838450022846, 0.094441968929519352, 0.016504741592594158] ; [0.088236244572113195, 0.096396554589060782, -0.12082909672530374]
794 ; 1 ; 173 ; 0 ; [1.5219907418732326] ; [0.0069321198910014276]
794 ; 1 ; 173 ; 1 ; [4.0201821435466005] ; [-0.023585299410651125]
794 ; 1 ; 173 ; 4 ; [0.33132515255828732] ; [0.2497454400802035]
794 ; 1 ; 173 ; 6 ; [1.7720231676122384] ; [1.6714121741070591]
794 ; 1 ; 173 ; 8 ; [1.0733353708836244] ; [1.194857398815333]
794 ; 1 ; 173 ; 13 ; [0.58100502089041639] ; [6.5676337054257035]
794 ; 1 ; 174 ; 1 ; [1.1156107207722807] ; [1.8932960841579813]
794 ; 1 ; 174 ; 5 ; [0.94770506301014823] ; [1.8776415979392538]
794 ; 1 ; 174 ; 6 ; [0.79598653610263614] ; [1.5500370084180417]
794 ; 1 ; 174 ; 7 ; [0.91993014331069312] ; [0.68720924309957343]
794 ; 1 ; 174 ; 10 ; [1.6477206661338069] ; [0.43191222343679647]
794 ; 1 ; 174 ; 12 ; [0.59055378137755332] ; [0.2329421468885714]
794 ; 1 ; 174 ; 13 ; [0.55544774411795128] ; [0.47218329627731775]
794 ; 1 ; 174 ; 14 ; [0.65836985309113982] ; [0.64386639495953257]
794 ; 1 ; 175 ; 0 ; [0.17753012304113794] ; [0.64374223460995195]
794 ; 1 ; 177 ; 0 ; [1.2234328154053453, 2.008682828801319] ; [0.28584097546579851, 0.17692900398313821]
794 ; 1 ; 177 ; 1 ; [1.481867298222258] ; [0.032005184264557042]
794 ; 1 ; 177 ; 2 ; [1.8743634386430528] ; [-0.066898493803018794]
794 ; 1 ; 177 ; 8 ; [2.8115847135236485, 1.2143265619686638] ; [0.16628064801760173, 0.093644131593706548]
794 ; 1 ; 178 ; 0 ; [0.034982222976214915] ; [0.049341676591077986]
794 ; 1 ; 179 ; 0 ; [0.23572393647293538] ; [0.072510648913387044]
794 ; 1 ; 179 ; 1 ; [0.62858227957810864] ; [0.39126126476289691]
794 ; 1 ; 179 ; 2 ; [0.1308771585676394] ; [0.0046623530781190565]
794 ; 1 ; 179 ; 3 ; [0.31865865005828703] ; [0.0620106521092385]
794 ; 1 ; 180 ; 0 ; [0.64156688865487588, 0.88877718823687035] ; [0.039939183150997808, 0.040685643421217436]
794 ; 1 ; 181 ; 0 ; [0.52656008838864998] ; [0.43007178848734451]
794 ; 1 ; 182 ; 0 ; [0.068591553927173046, 0.12070765719808196, 0.0079004385868557958] ; [0.081141588404070278, 0.17878006797225279, 0.06090195827098923]
794 ; 1 ; 183 ; 0 ; [2.2752217285825505, 2.2081750366026207, 2.764725372673174] ; [0.27168151246404459, 1.0128997353708293, 0.33359192107112834]
794 ; 1 ; 183 ; 1 ; [0.406272660405674] ; [0.67811674138050315]
794 ; 1 ; 183 ; 2 ; [1.9476348901438516] ; [0.20723826554345473]
794 ; 1 ; 183 ; 3 ; [1.4902611483099892] ; [0.10099623047453278]
794 ; 1 ; 183 ; 5 ; [1.5171565413269037] ; [1.5248441342707171]
794 ; 1 ; 184 ; 0 ; [0.12682814746969942] ; [0.2807502666156933]
794 ; 1 ; 184 ; 1 ; [0.90891195137562419] ; [0.20870796872171296]
794 ; 1 ; 185 ; 0 ; [0.14485263755865616] ; [0.022194615801271328]
794 ; 1 ; 185 ; 1 ; [0.29661616510282374] ; [0.11217249296579093]
794 ; 1 ; 185 ; 2 ; [0.63753046346781439] ; [1.8443864535951326]
794 ; 1 ; 185 ; 3 ; [1.6630576967054778] ; [1.772414808782468]
794 ; 1 ; 185 ; 4 ; [1.031165628211179] ; [1.2364084095989485]
794 ; 1 ; 185 ; 8 ; [1.0477703911717935] ; [1.0245079443704135]
794 ; 1 ; 185 ; 10 ; [0.67198299702789344] ; [1.5599205725440539]
794 ; 1 ; 185 ; 11 ; [1.3082599696938679] ; [1.542921766469695]
794 ; 1 ; 186 ; 0 ; [1.6729366358704496] ; [0.027265966221739022]
794 ; 1 ; 186 ; 1 ; [1.1325131769657528] ; [0.094651675542898703]
794 ; 1 ; 187 ; 0 ; [0.15566519969184484, 0.041466860352753092] ; [0.14210746903288982, 0.10418247640593609]
794 ; 1 ; 188 ; 0 ; [0.90100645212538311] ; [0.034994779879763439]
794 ; 1 ; 188 ; 1 ; [1.1144875435226176] ; [0.73857358332944389]
794 ; 1 ; 188 ; 2 ; [0.17164818115789837] ; [1.6355027398268103]
794 ; 1 ; 188 ; 3 ; [2.1544258344873035] ; [1.8356179976737432]
794 ; 1 ; 188 ; 7 ; [0.57726185950914699] ; [0.75286493493214379]
794 ; 1 ; 189 ; 0 ; [0.030233154058452567, 0.11792846183723479, 0.047258193578374637, 0.040182166813819579] ; [0.07251435450648365, 0.16458334480542036, 0.096983620177040417, 0.12280358360159968]
794 ; 1 ; 190 ; 0 ; [0.0042075408221455349, 0.012026120559152888] ; [0.12284525738674232, 0.12513659896791346]
794 ; 1 ; 191 ; 0 ; [0.29861507833941248] ; [1.2885709783356605]
794 ; 1 ; 193 ; 0 ; [1.2038033768210608] ; [0.27453691616549569]
794 ; 1 ; 194 ; 0 ; [1.6747958042100255] ; [-0.0032992507454649928]
794 ; 1 ; 194 ; 2 ; [1.4033983494582358] ; [0.072519631103877741]
794 ; 1 ; 194 ; 4 ; [0.58055300044238156] ; [1.1036754960741308]
794 ; 1 ; 194 ; 5 ; [1.0318537763621476] ; [2.3519217777137178]
794 ; 1 ; 195 ; 0 ; [0.16489993890839619, 0.052189496569150721] ; [0.2712389538813566, 0.057426253765208733]
794 ; 1 ; 196 ; 0 ; [0.23246430974214066] ; [0.56572586962804039]
794 ; 1 ; 197 ; 0 ; [0.038028398405652551, 0.074869319850347962, 0.081925912772429915, 0.0020280302693691733, -0.00060806759906368137] ; [0.061684231343510441, 0.13337293105541564, 0.06575054832120554, 0.25675986109044258, 0.067080666608908171]
794 ; 1 ; 198 ; 0 ; [0.06051538742122551, 0.040845934947695978, 0.10734273613205637, 0.26688505650157257] ; [0.055290255264707704, 0.15158903507001137, 0.26734023503715049, 0.25945018201520825]
794 ; 1 ; 199 ; 0 ; [0.39777500539291483] ; [0.074150374799767285]
794 ; 1 ; 199 ; 1 ; [0.57781108179656959] ; [0.34842702646079982]
794 ; 1 ; 201 ; 0 ; [0.14364142607630165, 0.022496524081823035, 0.13251189879967293] ; [0.33591328666426679, 0.072744884748003544, -0.026681802343238668]
794 ; 1 ; 201 ; 1 ; [0.54697931226668239] ; [0.22391029876594132]
794 ; 1 ; 202 ; 1 ; [0.01018856451784189, 0.0034047026060137595, 0.0008630344990637988] ; [0.1222712614280843, 0.082226868360298244, -0.038876289287131376]
794 ; 1 ; 203 ; 0 ; [1.9331864942632904] ; [2.8157089770735753]
794 ; 1 ; 203 ; 2 ; [4.3336452915661718] ; [1.5645759058986057]
794 ; 1 ; 204 ; 0 ; [0.25407895559282034, 1.4222401292219446] ; [0.23738462068202154, 0.094046625727545907]
794 ; 1 ; 205 ; 1 ; [2.0602319680842771] ; [0.45973028704496138]
794 ; 1 ; 205 ; 9 ; [2.3277353155858171] ; [1.0095842013544567]
794 ; 1 ; 206 ; 0 ; [0.33814718040128594] ; [5.720632653057498]
794 ; 1 ; 207 ; 0 ; [0.36744099858097118, 0.27774366181621202, 0.25317147617238239] ; [0.42674165928918489, 0.14857965677154475, 0.1449836313647575]
794 ; 1 ; 207 ; 1 ; [0.037121748086364419, 0.0020870552125415139] ; [0.34966817331090894, 0.0015962668732495081]
794 ; 1 ; 208 ; 0 ; [0.0073154566365152924] ; [0.098889439103953147]
794 ; 1 ; 209 ; 0 ; [1.346899055220562] ; [0.59343900496816926]
794 ; 1 ; 209 ; 1 ; [0.62073083275764096] ; [-0.017821839362615333]
794 ; 1 ; 209 ; 2 ; [0.033637099507859758] ; [0.54017234344599518]
794 ; 1 ; 210 ; 0 ; [0.14229576143217568] ; [0.86061509209241016]
794 ; 1 ; 210 ; 1 ; [0.71286515095573044] ; [0.76328499336276801]
794 ; 1 ; 210 ; 2 ; [1.0442855344276769] ; [2.2784066291898215]
794 ; 1 ; 210 ; 3 ; [1.2612737816712323] ; [5.4410700191225017]
794 ; 1 ; 210 ; 10 ; [3.5574632660661454] ; [2.1067104733003563]
794 ; 1 ; 211 ; 0 ; [0.018143613095777732, 0.0088547178133729712, 0.02382145064092149, 0.048633607607965583] ; [0.094799848406953865, 0.15361013150347855, 0.066893570171155187, 0.11413038113543097]
794 ; 1 ; 212 ; 4 ; [0.30218145170986188] ; [0.09141203479761438]
794 ; 1 ; 212 ; 5 ; [0.31826115737303085, 0.14310780745339727] ; [0.28967637776006994, 0.33643415972001689]
794 ; 1 ; 214 ; 0 ; [0.010672106712432279, 0.43361683668432854, 0.56675806349984759] ; [0.078686596033525347, 0.12503373754544056, 0.3167870635565293]
794 ; 1 ; 214 ; 1 ; [1.1327878533367692] ; [0.52330228300207937]
794 ; 1 ; 215 ; 0 ; [0.25896810773313222] ; [0.19931929464514539]
794 ; 1 ; 216 ; 0 ; [0.019309205558551736] ; [0.21838781331242996]
794 ; 1 ; 216 ; 1 ; [0.027164705861403685] ; [0.28977449630237795]
794 ; 1 ; 216 ; 2 ; [-0.002097746718847081] ; [-0.0023005549097883087]
794 ; 1 ; 217 ; 0 ; [0.47322973309619204] ; [0.28186406632038963]
794 ; 1 ; 217 ; 4 ; [1.8117351387303025] ; [1.8986779702074932]
794 ; 1 ; 218 ; 0 ; [0.71730237875733049, 1.0693946162486505] ; [0.055141058819933156, -0.11136039577886715]
794 ; 1 ; 218 ; 1 ; [0.38370556768185959] ; [-0.02444874710359099]
794 ; 1 ; 218 ; 3 ; [0.041428529604600348] ; [0.055812607505997938]
794 ; 1 ; 218 ; 4 ; [0.49819671103526597] ; [0.49249460617451302]
794 ; 1 ; 218 ; 6 ; [3.1691592068480499] ; [0.51664606572770022]
794 ; 1 ; 218 ; 8 ; [0.78841285577454079] ; [0.5699020130237521]
794 ; 1 ; 219 ; 2 ; [1.4467144297762478] ; [0.31385328082611846]
794 ; 1 ; 219 ; 21 ; [3.9023712281518628] ; [4.2772040990175304]
794 ; 1 ; 219 ; 33 ; [1.8708258235647659] ; [1.5211379602449762]
794 ; 1 ; 220 ; 0 ; [0.25913753001232226] ; [0.12800412046653642]
794 ; 1 ; 220 ; 5 ; [0.38361516974441079, 0.62968254852652816, 0.32447895811200267] ; [0.86399469542178842, 1.0277433206845399, 0.32825677442272772]
794 ; 1 ; 221 ; 0 ; [0.24085551560779894] ; [0.35615450545111271]
794 ; 1 ; 222 ; 0 ; [1.0751921030226848] ; [0.66253172744161959]
794 ; 1 ; 222 ; 1 ; [0.42220506720714318] ; [0.14730895442182096]
794 ; 1 ; 224 ; 0 ; [0.13831240047970927, 0.23703504171361486] ; [0.10980175847917997, 0.15883350432925902]
794 ; 1 ; 225 ; 0 ; [0.13798082325743991, -0.0012251052124370196] ; [0.28820211820166158, 0.066136327776585555]
794 ; 1 ; 226 ; 0 ; [1.9937767292276749] ; [0.074172002606341644]
794 ; 1 ; 226 ; 1 ; [0.12168079541541536] ; [0.43885244780568317]
794 ; 1 ; 226 ; 2 ; [1.0515883724037769] ; [1.1814069699028746]
794 ; 1 ; 226 ; 3 ; [1.3035387120877653] ; [0.71043888823099532]
794 ; 1 ; 226 ; 11 ; [1.6387150863800339] ; [0.29196615439325413]
794 ; 1 ; 226 ; 12 ; [2.4004883613406309] ; [2.4658693884098493]
794 ; 1 ; 226 ; 15 ; [2.8038398078275839] ; [2.7020441240927915]
794 ; 1 ; 226 ; 16 ; [1.4218811120775008] ; [1.8354236947240332]
794 ; 1 ; 226 ; 20 ; [0.64177184815691757] ; [1.4373666784728496]
794 ; 1 ; 226 ; 21 ; [1.4671266483866021] ; [1.4726817085867283]
794 ; 1 ; 226 ; 22 ; [1.5762567292974121] ; [0.77970497296615648]
794 ; 1 ; 226 ; 25 ; [0.56030635720329269] ; [0.076957824629029184]
794 ; 1 ; 226 ; 28 ; [1.5098441814125474] ; [0.64492106475322697]
794 ; 1 ; 226 ; 29 ; [2.0857840550900275] ; [0.64288932788998765]
794 ; 1 ; 226 ; 31 ; [1.1634547714806855] ; [0.70732332109982643]
794 ; 1 ; 226 ; 32 ; [0.73409571969915377] ; [1.3234438232767054]
794 ; 1 ; 227 ; 11 ; [0.1698050588025746] ; [0.54917871935478013]
794 ; 1 ; 228 ; 2 ; [1.177735095635027] ; [2.246044262754475]
794 ; 1 ; 228 ; 5 ; [1.2526533971731191] ; [0.97596178856690097]
794 ; 1 ; 228 ; 7 ; [0.20544975443965843] ; [0.065524091365987608]
794 ; 1 ; 228 ; 8 ; [0.24225786045357245] ; [0.049913723722975541]
794 ; 1 ; 228 ; 10 ; [0.49208401497140947] ; [0.75901549799699497]
794 ; 1 ; 229 ; 0 ; [0.11824835312288486] ; [0.018264983808718913]
794 ; 1 ; 231 ; 0 ; [0.033323159943297945, 0.043471174055333364, 0.059461698721506764] ; [0.088631211935091436, 0.062670850124510735, 0.066253830497106189]
794 ; 1 ; 232 ; 0 ; [0.33064560119188652, 0.21845233317759252, 0.10300519611575643] ; [0.15850212812843889, 0.12241255660658311, 0.10674167666468339]
794 ; 1 ; 233 ; 0 ; [0.12532657548131337, 0.16228324490641541, 0.12272500039974012, 0.11050443591640029] ; [0.18149092781998544, 0.092755559889878242, 0.057419089704941459, 0.37896993226862075]
794 ; 1 ; 233 ; 1 ; [0.041969694113768011] ; [0.24140715175101293]
794 ; 1 ; 234 ; 1 ; [1.3353178235242049] ; [0.97410366651776725]
794 ; 1 ; 234 ; 15 ; [0.80572910723489033] ; [1.0698650576733384]
794 ; 1 ; 235 ; 0 ; [0.11716729283015098, 0.16172191971440841] ; [0.10401288041033614, 0.34419295973523195]
794 ; 1 ; 235 ; 4 ; [1.2299739388612021] ; [0.36885225217193018]
794 ; 1 ; 236 ; 0 ; [-0.002740050352359814, 0.22347700066670972, -0.035251046351056713] ; [0.1067491969769233, 0.29377462500150187, 0.10263192145349008]
794 ; 1 ; 237 ; 0 ; [-0.0037670086341505633, 0.14759290533769026, 0.010379640267911891] ; [0.083562618085975759, 0.30533869677154585, 0.10145680850994623]
794 ; 1 ; 237 ; 2 ; [0.10882701237173353] ; [-0.082587306417753775]
794 ; 1 ; 238 ; 3 ; [0.48963509668344191] ; [0.65980162170564849]
794 ; 1 ; 239 ; 0 ; [0.0093668244439919415, 0.0004780162198701741, 0.34570373819338401] ; [0.16930754850282476, 0.092021635565028959, 0.074923473099261423]
794 ; 1 ; 241 ; 0 ; [0.62846170130592205, 5.9605346752099146, 0.71216297144408958, 2.4260310657020265] ; [0.062875143197844777, 0.12507452651770187, 0.08354433063450066, 0.063787453832086449]
794 ; 1 ; 241 ; 1 ; [0.001051547080400434] ; [0.0031451475532460567]
794 ; 1 ; 242 ; 0 ; [-0.009164747304973641] ; [0.022323951112575343]
794 ; 1 ; 242 ; 1 ; [0.022249123776220733, 0.029473414569900533, 0.031031478868526252] ; [0.063238669308695358, 0.055127217228228678, 0.046410031143001199]
794 ; 1 ; 243 ; 0 ; [0.14046086110792311, 0.71629905369188307] ; [0.22094473198714704, 0.09606148908790145]
794 ; 1 ; 243 ; 1 ; [0.62978970506045273] ; [0.085343223853154362]
794 ; 1 ; 243 ; 3 ; [0.19440652352758669] ; [0.25220034944909131]
794 ; 1 ; 243 ; 9 ; [0.65062066757606174] ; [0.40481482431338828]
794 ; 1 ; 243 ; 12 ; [0.53528060402265998] ; [0.1898168200683801]
794 ; 1 ; 243 ; 23 ; [0.8027739226252727] ; [0.20217638886571404]
794 ; 1 ; 244 ; 0 ; [0.93892481776724612] ; [0.82891273121349518]
794 ; 1 ; 244 ; 1 ; [1.7111982388890787] ; [0.53178455712698391]
794 ; 1 ; 245 ; 0 ; [0.0068571484798967113, 0.0063649943668477446, 0.01595110388571476, -0.0078564694935840465] ; [0.28020429354881343, 0.070136177528671545, 0.07025841964368372, 0.066775165001893691]
794 ; 1 ; 246 ; 0 ; [0.051655835391570426, 0.17471538512698714] ; [0.15980899186852038, 0.11317646161164446]
794 ; 1 ; 247 ; 0 ; [0.14292170112723371, 0.13540686660304724, 0.14343543024247082, 0.22910081516039935, 0.10101134066899901] ; [0.091403054454063451, 0.10003018786518945, 0.078060488813455911, 0.15952591663817062, 0.068651140689064014]
794 ; 1 ; 248 ; 5 ; [1.3868142505625927] ; [1.5269960191455414]
794 ; 1 ; 249 ; 0 ; [0.21424822130220306, 0.068839064206300538, 0.22591636246551336] ; [0.38099505764029168, 0.12516658460980579, -0.089969583372563181]
794 ; 1 ; 250 ; 0 ; [0.45766390967966952] ; [0.046239861041729766]
794 ; 1 ; 250 ; 1 ; [0.83400546545093213] ; [0.37187834303164341]
794 ; 1 ; 251 ; 0 ; [0.00049479228737738261] ; [0.047093367913781256]
794 ; 1 ; 251 ; 1 ; [0.087121601880207927, 0.12429455575061464, 0.24251940239618364] ; [0.16691046473196805, 0.19108674418409524, 0.04007274999534214]
794 ; 1 ; 252 ; 0 ; [0.21172815364199168] ; [0.25813983940229246]
794 ; 1 ; 252 ; 1 ; [1.0198456267674378] ; [0.22647760306265799]
794 ; 1 ; 252 ; 2 ; [-0.09982377850329692] ; [0.53254418171675377]
794 ; 1 ; 252 ; 9 ; [0.66862601897721641] ; [0.65498788389742613]
794 ; 1 ; 252 ; 16 ; [0.1053008044842486] ; [0.28151094415578354]
794 ; 1 ; 253 ; 0 ; [0.11172798518734625] ; [0.071891624728134512]
794 ; 1 ; 254 ; 0 ; [0.36530737122961804] ; [0.082222795832545409]
794 ; 1 ; 255 ; 0 ; [0.018460748742959505, 0.13791718499267919, 0.061595603644344382] ; [0.45750220950374049, 0.27271677882717354, 0.49856518721634269]
794 ; 1 ; 255 ; 1 ; [0.9857619654608375] ; [0.39888919632959224]
794 ; 1 ; 257 ; 0 ; [0.097971446338145571] ; [0.77251883707342628]
794 ; 1 ; 257 ; 1 ; [0.0025116082854702627] ; [0.029638777452585731]
794 ; 1 ; 257 ; 4 ; [0.30377800933711846] ; [-0.018321486688639269]
794 ; 1 ; 257 ; 5 ; [1.1278355385061738] ; [0.065126590295510337]
794 ; 1 ; 257 ; 6 ; [0.67271920753954917] ; [0.015784582303294398]
794 ; 1 ; 259 ; 0 ; [0.0097568931866419285, 0.056463919045982386, 0.062452990476473368, 0.30483066517721119] ; [0.082531425450589044, 0.084420675050642519, 0.10025631183798371, 0.43185735764347727]
794 ; 1 ; 260 ; 0 ; [0.73155491254391281] ; [1.2157369016959223]
794 ; 1 ; 260 ; 3 ; [1.0249697512159175] ; [0.98076650303647739]
794 ; 1 ; 260 ; 5 ; [3.2176235780747988] ; [2.1062667166631179]
794 ; 1 ; 261 ; 0 ; [0.033346359584755611, 0.32772720442612258] ; [0.53298564168485452, 1.3025791515760994]
794 ; 1 ; 261 ; 1 ; [0.01203099215017584] ; [2.256188777591412]
794 ; 1 ; 262 ; 1 ; [3.60732123815519] ; [1.1018294392080408]
794 ; 1 ; 262 ; 2 ; [1.5977057889952764] ; [0.65690876590208302]
794 ; 1 ; 262 ; 4 ; [1.0383565687948277] ; [0.74543433114114954]
794 ; 1 ; 263 ; 0 ; [0.15925960410521089, 0.32266261161698667, 0.28734593813579434] ; [0.10811235580665948, 0.37915180617851219, 0.27109840291818943]
794 ; 1 ; 264 ; 0 ; [0.079750592180852634] ; [0.022093590175420598]
794 ; 1 ; 265 ; 0 ; [0.018527391881364878] ; [0.089513075811602463]
794 ; 1 ; 265 ; 1 ; [0.055919262967004481] ; [0.27209725524256262]
794 ; 1 ; 266 ; 0 ; [0.026267386679353483, 0.024768708627042425, 0.084383723861545287, 0.047016658802454162] ; [0.12290893377136206, 0.048855919934458793, 0.17400147486265266, 0.095566225212082412]
794 ; 1 ; 267 ; 0 ; [0.006609280463639287, 0.17379432735529651, 0.047905402289038883, 0.032317957801429723] ; [0.095750373528383281, 0.22757674414012316, 0.1614677440848154, 0.085936348932355439]
794 ; 1 ; 269 ; 0 ; [0.60273880683902403] ; [1.669445290823673]
794 ; 1 ; 269 ; 1 ; [0.19647494503212506] ; [0.82225823190744196]
794 ; 1 ; 269 ; 2 ; [0.58886301706427124] ; [0.12883567621715813]
794 ; 1 ; 269 ; 4 ; [1.3751169719931569] ; [0.82197534436913244]
794 ; 1 ; 269 ; 9 ; [0.13892317762485293] ; [0.29843331021290181]
794 ; 1 ; 270 ; 0 ; [0.031402233931990604, -0.0044336491363606446] ; [0.18311284382886076, 0.053126649661599336]
794 ; 1 ; 271 ; 0 ; [0.038255877220251013, 0.068040440688089079, 0.17880618044418328, 0.11144572312834812] ; [0.066975739373406826, 0.13232077590855265, 0.34923972568267486, 0.16814755521087368]
794 ; 1 ; 271 ; 1 ; [0.040502911473878467] ; [0.11628472847583561]
794 ; 1 ; 271 ; 2 ; [0.037400118555192527] ; [0.24297591730375487]
794 ; 1 ; 272 ; 0 ; [0.027238247792058939] ; [0.025476497657491552]
794 ; 1 ; 272 ; 1 ; [0.35620077368450398] ; [0.99663245130337297]
794 ; 1 ; 273 ; 0 ; [0.098365306535740271, 0.03310060898569378] ; [0.53520414565823393, 0.20389530645939227]
794 ; 1 ; 273 ; 1 ; [0.1066370042003869] ; [0.06003147910238376]
794 ; 1 ; 273 ; 2 ; [0.19811396021915711] ; [0.41626829127960224]
794 ; 1 ; 274 ; 0 ; [0.46221612788530797] ; [-0.0090480110805845337]
794 ; 1 ; 274 ; 1 ; [0.21705153613488737] ; [0.044424924429751385]
794 ; 1 ; 274 ; 2 ; [-0.0075914404248834891] ; [0.022776209812906342]
794 ; 1 ; 274 ; 3 ; [0.60464549006579604] ; [2.3272690820311333]
794 ; 1 ; 274 ; 4 ; [0.43607222992443834] ; [0.19492551218711873]
794 ; 1 ; 274 ; 5 ; [1.997274837106741] ; [1.347525511128405]
794 ; 1 ; 274 ; 6 ; [0.66305716124454628] ; [0.31367858982992119]
794 ; 1 ; 275 ; 0 ; [0.48621302335298128] ; [0.55337933281154428]
794 ; 1 ; 275 ; 5 ; [0.077998843541712187, 0.17783871301763371, 0.49209045938980128] ; [0.12702228195728313, 0.30971715813386824, 0.37611052997991812]
794 ; 1 ; 276 ; 0 ; [0.94065408672861828] ; [0.54127425827409759]
794 ; 1 ; 276 ; 1 ; [0.23646937054777437] ; [2.1551792021880769]
794 ; 1 ; 276 ; 6 ; [0.62487093215785139] ; [1.8244782672035356]
794 ; 1 ; 277 ; 10 ; [1.4202144322736185] ; [1.771634961156809]
794 ; 1 ; 278 ; 0 ; [0.07559520685621067, 0.10405675358426281, 0.24845542795027781, 0.5537343419376437, 0.043542581870471837] ; [0.084139555800627847, 0.09677301079163747, 0.24240976614970092, 0.7236471034387798, -0.045835831218577351]
794 ; 1 ; 279 ; 0 ; [0.06887009399293971, 0.11592100104003306, 0.12501155703462813, 0.10980571794694056, 0.15484174266638115] ; [0.15795655952000287, 0.11122673848613461, 0.088607982670629068, 0.078996353111388654, -0.02870779692728959]
794 ; 1 ; 281 ; 0 ; [0.15370700377068097, 1.1719309097938961] ; [0.10064740942430909, 0.0023654701327469147]
794 ; 1 ; 281 ; 5 ; [0.22485489132989198] ; [0.35508624339585165]
794 ; 1 ; 281 ; 6 ; [1.3762091632616591] ; [1.0797856576940241]
794 ; 1 ; 282 ; 0 ; [0.013656131375484326] ; [0.042090596226589061]
794 ; 1 ; 282 ; 1 ; [0.89550360198513868] ; [0.54488299764375303]
794 ; 1 ; 282 ; 3 ; [0.48003877086576191] ; [-0.012975645549033292]
794 ; 1 ; 285 ; 0 ; [0.13746870895008592] ; [0.25362628225405826]
794 ; 1 ; 285 ; 1 ; [0.61852206905753693] ; [0.0027537847602299346]
794 ; 1 ; 285 ; 3 ; [0.71834294321973036] ; [0.81727651408634516]
794 ; 1 ; 285 ; 8 ; [0.50588812428429786] ; [0.62518534849269625]
794 ; 1 ; 286 ; 0 ; [0.63645001465480444] ; [0.027790478989817635]
794 ; 1 ; 286 ; 1 ; [0.042193057050781281] ; [0.20005461497036189]
794 ; 1 ; 286 ; 6 ; [1.4840989271845335] ; [0.043483362563521442]
794 ; 1 ; 286 ; 20 ; [0.76303921252970475] ; [0.060848167597508378]
794 ; 1 ; 286 ; 24 ; [3.8896723077264177] ; [2.8183578107022114]
794 ; 1 ; 287 ; 0 ; [1.1849329880732098] ; [1.5929789706830337]
794 ; 1 ; 287 ; 1 ; [2.386788820874111] ; [2.014227145290282]
794 ; 1 ; 287 ; 4 ; [2.158668217424291] ; [5.1845444052561485]
794 ; 1 ; 288 ; 0 ; [0.39717971873817343] ; [0.72917098466322405]
794 ; 1 ; 288 ; 1 ; [1.3839987154713322] ; [0.14647916306438413]
794 ; 1 ; 288 ; 2 ; [0.8457286815847016] ; [0.7568144374517084]
794 ; 1 ; 288 ; 3 ; [1.2752010821473658] ; [0.28351592989267677]
794 ; 1 ; 289 ; 0 ; [1.1477530226153476, 0.63481183512316353] ; [0.053451376106214525, 0.3500772015858285]
794 ; 1 ; 289 ; 2 ; [0.1952004433638716] ; [-0.0052232342387987145]
794 ; 1 ; 289 ; 7 ; [0.4553036623219377] ; [1.067642882470087]
794 ; 1 ; 289 ; 9 ; [0.42196411326852523] ; [1.0203984974678326]
794 ; 1 ; 290 ; 0 ; [0.44613712127809113] ; [0.46730295675690153]
794 ; 1 ; 290 ; 1 ; [0.94330805518337857] ; [0.69628868563503654]
794 ; 1 ; 291 ; 1 ; [2.154143914667745] ; [-0.0031719093563696496]
794 ; 1 ; 292 ; 0 ; [1.6157205135680297] ; [0.34279100881757196]
794 ; 1 ; 292 ; 1 ; [0.88558135359929058] ; [1.376635265988873]
794 ; 1 ; 292 ; 7 ; [1.0751673488601108] ; [1.2033285396150544]
794 ; 1 ; 293 ; 0 ; [0.81774060590111031] ; [0.0030045373138765383]
794 ; 1 ; 293 ; 1 ; [0.066821822203952677] ; [0.024529051920602837]
794 ; 1 ; 293 ; 2 ; [0.022340301268517816] ; [-0.1197359835166622]
794 ; 1 ; 294 ; 0 ; [1.1701483244922373] ; [1.1759267567442584]
794 ; 1 ; 294 ; 4 ; [1.4071622660604373] ; [0.26083555560865163]
794 ; 1 ; 295 ; 0 ; [5.1992515275544919] ; [0.56950500396330561]
794 ; 1 ; 295 ; 2 ; [2.0856568083723239] ; [1.2924166436675215]
794 ; 1 ; 295 ; 6 ; [0.69267706228235104] ; [1.7171317511760569]
794 ; 1 ; 296 ; 0 ; [1.0185775164885342] ; [0.064014615707860337]
794 ; 1 ; 296 ; 1 ; [2.2078486388045189] ; [0.73479515947763108]
794 ; 1 ; 296 ; 2 ; [0.61928008825182912] ; [0.38373617475101246]
794 ; 1 ; 296 ; 12 ; [2.3777221226635117] ; [0.9287302049530074]
794 ; 1 ; 297 ; 0 ; [0.022956954739859765, 0.12900663848431637, 0.10722257071402339, 0.16208869577248117, 0.0096002760559277325] ; [0.091733129024324497, 0.19182073771109151, 0.14452287048865792, 0.29574627649537683, -0.014345630202830001]
794 ; 1 ; 298 ; 0 ; [1.0762011344813713, 0.75850545572170724, 0.78380089084780014] ; [0.11400682115939013, 0.15692532639804818, -0.12386366834641113]
794 ; 1 ; 299 ; 0 ; [0.032622626432175096, -0.00056821532311266548, -0.011326112879132162] ; [0.10082726053129061, 0.12939319492252294, 0.0077520562268150921]
794 ; 1 ; 300 ; 0 ; [0.075141036949900528, 0.12709262545778346, 0.11341339466118866, -0.023703273532154623] ; [0.22771511696806723, 0.095488966294211067, 0.10209924845884945, -0.12377449399960008]
794 ; 1 ; 301 ; 0 ; [0.53795272580747289] ; [-0.028213954926996021]
794 ; 1 ; 302 ; 0 ; [-0.0091930861114994968, -0.0097964295406267662, -0.00099560214638279277] ; [0.085284133203654786, 0.09744703576141063, 0.038733368129272597]
794 ; 1 ; 303 ; 0 ; [0.00094363460213201043, 0.001173021786173835, 0.0088644811819890909, -0.036001643074817291] ; [0.10385030303822357, 0.090662196844878473, 0.11529442438096364, -0.069436389727411216]
794 ; 1 ; 303 ; 1 ; [0.0059860254021769279] ; [0.0052736851603631743]
794 ; 1 ; 304 ; 0 ; [0.6038249472088888, 0.24068066153059575] ; [0.37559952365081289, 0.065567292321449852]
794 ; 1 ; 304 ; 1 ; [0.53597157242861992] ; [0.85892043995409728]
794 ; 1 ; 304 ; 2 ; [1.1020108475093362] ; [0.16564226726523859]
794 ; 1 ; 304 ; 4 ; [0.31078824227732738] ; [0.48962046282297211]
794 ; 1 ; 306 ; 0 ; [0.0018894209721188107, 0.12156976570187589, -0.0044438753356792976] ; [0.079112578341414483, 0.098004330189387687, -0.011907690521418797]
794 ; 1 ; 306 ; 1 ; [0.076804490475679596, 0.29837168250197765] ; [0.085086579724343359, 0.084203151853323999]
794 ; 1 ; 307 ; 0 ; [0.032338163884685224, 0.12183540762676934, 0.10639476326919386] ; [0.10710523483970286, 0.33365448203118603, 0.089219571760234276]
794 ; 1 ; 308 ; 1 ; [1.7576710886893945] ; [1.0769450196964354]
794 ; 1 ; 309 ; 0 ; [0.91535774267651349] ; [0.032363095354597832]
794 ; 1 ; 309 ; 1 ; [0.66674794540990512] ; [1.1355274728751856]
794 ; 1 ; 310 ; 6 ; [2.0874177749677525] ; [1.3061909592056151]
794 ; 1 ; 310 ; 8 ; [0.39092584020481808] ; [1.7558064655377517]
794 ; 1 ; 310 ; 9 ; [0.11593640249103671] ; [0.59994260361753449]
794 ; 1 ; 311 ; 1 ; [1.8990615740665029] ; [0.38774764838190373]
794 ; 1 ; 312 ; 0 ; [0.46597168277636208] ; [0.60075568020035852]
794 ; 1 ; 313 ; 1 ; [0.20957246302630891, 0.025803813474209895] ; [0.17767358376982542, 0.055784229264514679]
794 ; 1 ; 314 ; 3 ; [1.8014274145652471] ; [0.37594905409293689]
794 ; 1 ; 314 ; 4 ; [1.3471702261906966] ; [3.016975490345315]
794 ; 1 ; 314 ; 7 ; [2.3921064314317153] ; [1.6837138909333265]
794 ; 1 ; 314 ; 13 ; [1.2917745197176773] ; [1.3801562129186191]
794 ; 1 ; 314 ; 16 ; [1.5213687812549226] ; [1.7354139809228439]
794 ; 1 ; 314 ; 22 ; [0.71301193441814759] ; [1.4855816643771862]
794 ; 1 ; 316 ; 2 ; [0.45748877605592975] ; [0.59106669701030734]
794 ; 1 ; 316 ; 18 ; [0.69135408585959213] ; [0.51392673738981254]
794 ; 1 ; 316 ; 25 ; [0.50518682119006053] ; [1.1232472750093323]
794 ; 1 ; 316 ; 26 ; [1.1952172476481222] ; [1.4287647315410883]
794 ; 1 ; 317 ; 0 ; [-0.0052750102084531524, -0.0041242081867879322, 0.020182694528600321, 0.0051848413043776506] ; [0.14387887917021164, 0.10834700605589742, 0.059701677936375201, -0.068986333573365588]
794 ; 1 ; 318 ; 0 ; [0.026889048999903981, -0.0081930110952055778, 0.012118983258064818] ; [0.1212090982866189, 0.12406420461547468, -0.015808927623455583]
794 ; 1 ; 318 ; 1 ; [0.10183984598338677] ; [0.1051163912530501]
794 ; 1 ; 319 ; 1 ; [1.0788437870699996] ; [1.7497828575233025]
794 ; 1 ; 319 ; 5 ; [1.0102677786080967] ; [0.5542248811990973]
794 ; 1 ; 319 ; 8 ; [1.2545859607177934] ; [1.3251327342158781]
794 ; 1 ; 319 ; 9 ; [0.23615536577007973] ; [0.78142447552956273]
794 ; 1 ; 320 ; 0 ; [0.3632193661755993] ; [0.42189081321660893]
794 ; 1 ; 320 ; 1 ; [0.58973180953929616] ; [0.26553466351180255]
794 ; 1 ; 320 ; 2 ; [2.0386131864006161] ; [1.4643610018295585]
794 ; 1 ; 321 ; 0 ; [0.015645551275545077] ; [0.19127908986349682]
794 ; 1 ; 321 ; 1 ; [0.030935451861679689] ; [-0.15757140473491554]
794 ; 1 ; 322 ; 0 ; [0.18857285455743483] ; [0.011397716039814142]
794 ; 1 ; 322 ; 1 ; [0.82674644205242742] ; [4.1857497356649098]
794 ; 1 ; 322 ; 2 ; [1.2156693306479132] ; [0.80341446549755358]
794 ; 1 ; 323 ; 6 ; [0.29201725687479074] ; [0.10835059101331825]
794 ; 1 ; 324 ; 15 ; [0.46973631362565621] ; [0.65052404126287444]
794 ; 1 ; 324 ; 19 ; [0.83115993205313698] ; [0.457192544244238]
794 ; 1 ; 325 ; 0 ; [0.040484619644180882] ; [0.69747311985125326]
794 ; 1 ; 325 ; 2 ; [0.3856842143159408] ; [1.0247955330268783]
794 ; 1 ; 326 ; 0 ; [0.17634350131190274] ; [0.047828671139279764]
794 ; 1 ; 326 ; 1 ; [0.094219294615596666] ; [0.19932211516486412]
794 ; 1 ; 327 ; 0 ; [0.093984330317704909] ; [0.050883879882941289]
794 ; 1 ; 327 ; 1 ; [0.35748939033460081] ; [0.30307175673145798]
794 ; 1 ; 327 ; 5 ; [1.117359415485784] ; [2.0869979698379879]
794 ; 1 ; 328 ; 1 ; [0.051651799105012657, 0.022484909225594384] ; [0.13129876670788138, 0.0081109715574310473]
794 ; 1 ; 329 ; 0 ; [0.44800062087931564] ; [0.18724940484729025]
794 ; 1 ; 329 ; 1 ; [0.071257500778436247] ; [0.097764193466889013]
794 ; 1 ; 329 ; 2 ; [0.11046946617567112] ; [0.12605468310458987]
794 ; 1 ; 329 ; 4 ; [0.019625175555129538] ; [0.1180205744043102]
794 ; 1 ; 330 ; 0 ; [0.18849281356638251, 0.071281056459769385] ; [0.16408219899127907, 0.013693109131320226]
794 ; 1 ; 331 ; 0 ; [0.23555121920997446, 0.062166342638707801] ; [0.15088275523675015, 0.084338627413714493]
794 ; 1 ; 332 ; 0 ; [0.29702803092099289, -0.03620095101588338] ; [0.0003849171538928933, -0.011370018967519683]
794 ; 1 ; 332 ; 1 ; [0.45103149631500933] ; [0.033687907868606835]
794 ; 1 ; 332 ; 2 ; [0.17286179423868495] ; [0.16215400691632223]
794 ; 1 ; 332 ; 5 ; [0.29645303251624733] ; [0.021344576255158707]
794 ; 1 ; 332 ; 8 ; [0.090606920119597409] ; [-0.0085357057167759157]
794 ; 1 ; 332 ; 12 ; [0.74256374353342003] ; [1.3314498920901721]
794 ; 1 ; 333 ; 0 ; [0.71264463542512346, 0.25842738140982568] ; [0.59671976510705049, 0.25198118460467928]
794 ; 1 ; 333 ; 1 ; [0.72447341216194572, 0.076881220489146779] ; [0.28431599412810649, -0.0047074807067958545]
794 ; 1 ; 334 ; 0 ; [0.033894958968796261] ; [-0.13724006402941777]