# Run ; Subrun ; Event ; Track ; Charge Ratios View 0 ; Charge Ratios View 1 #
794 ; 0 ; 0 ; 0 ; [0.46303427566183641] ; [0.097381761874006087]
794 ; 0 ; 0 ; 4 ; [0.14763564524297931, 0.40031351580802205, 0.075979875051740239, 0.27802229154278657] ; [0.2793480021975227, 0.16392563214105937, 0.34263872187662631, 0.29745782457192471]
794 ; 0 ; 1 ; 0 ; [0.11287626521987094, 0.21454523486566729] ; [0.33280491401962686, 0.6469421574267411]
794 ; 0 ; 1 ; 7 ; [4.0641486194420651] ; [0.026677426842019045]
794 ; 0 ; 1 ; 9 ; [0.33644855471605889] ; [0.83772705189778829]
794 ; 0 ; 2 ; 0 ; [0.30375479254183818] ; [0.88247841281195516]
794 ; 0 ; 3 ; 0 ; [0.015107806590274178, -0.00039034006540797502] ; [0.10389982127596628, 0.10249536456484447]
794 ; 0 ; 3 ; 2 ; [0.16302247897787722] ; [0.0023022524183868571]
794 ; 0 ; 4 ; 0 ; [0.064613007990070137] ; [0.052678016141527464]
794 ; 0 ; 4 ; 1 ; [0.3549500458339469] ; [0.86415409229380158]
794 ; 0 ; 4 ; 9 ; [0.01521985575225839] ; [0.10353109946058985]
794 ; 0 ; 5 ; 12 ; [2.3042366815535011] ; [1.7004575478197181]
794 ; 0 ; 7 ; 0 ; [0.079147403005527209] ; [0.0086328299274064189]
794 ; 0 ; 8 ; 2 ; [0.88577197797342622] ; [1.9725979558764202]
794 ; 0 ; 8 ; 4 ; [1.5976293380621636] ; [0.35711204604102892]
794 ; 0 ; 8 ; 6 ; [1.2678251282870423] ; [0.49106945444914324]
794 ; 0 ; 8 ; 7 ; [3.4410385774976158] ; [1.4878442257759164]
794 ; 0 ; 8 ; 9 ; [1.7230415334015532] ; [0.91387594626630464]
794 ; 0 ; 8 ; 10 ; [0.55131169491779741] ; [1.1576661027333048]
794 ; 0 ; 8 ; 17 ; [1.638769721334866] ; [1.4830435087119558]
794 ; 0 ; 9 ; 0 ; [0.14165105183651119, 0.061168203241598482] ; [0.10943339466108017, 0.047193849203613226]
794 ; 0 ; 10 ; 0 ; [0.1367871954166418] ; [0.034091400366822878]
794 ; 0 ; 10 ; 1 ; [0.20425740494116612] ; [0.029224706105658395]
794 ; 0 ; 11 ; 0 ; [0.045143499031823811, 0.13966998112305723, 0.1901627846121941, 0.44708681554209262] ; [0.087122975217951745, 0.09647587633999781, 0.19743286111018155, 0.30222484120913579]
794 ; 0 ; 12 ; 0 ; [-0.02349918850403173, -0.0034100339678817542, 0.0058547917407727216, 0.0059057397328175125] ; [0.088111605545821384, 0.17816265859588565, 0.073399667069719746, -0.079270702747415364]
794 ; 0 ; 12 ; 1 ; [-0.0045079125773408273] ; [0.098179839106362549]
794 ; 0 ; 12 ; 2 ; [0.33088309212860489] ; [-0.013586230258085558]
794 ; 0 ; 13 ; 0 ; [0.13332100494381474, 0.16940693025336556, 0.032213503936712094] ; [0.40187622284470242, 0.12652176054279868, -0.040648587829638559]
794 ; 0 ; 14 ; 1 ; [0.57824799863979248] ; [0.12845143726939465]
794 ; 0 ; 16 ; 0 ; [0.29574080614748249] ; [1.1228867342880862]
794 ; 0 ; 16 ; 1 ; [0.23136703704210343] ; [0.81835909853059507]
794 ; 0 ; 16 ; 8 ; [0.79756832885898965] ; [0.42447300790776171]
794 ; 0 ; 19 ; 0 ; [0.5853602433501337] ; [4.0998673993702459]
794 ; 0 ; 20 ; 0 ; [0.66809758890449455] ; [0.014573341903787548]
794 ; 0 ; 20 ; 1 ; [0.57109230252222054] ; [0.72680025932301395]
794 ; 0 ; 21 ; 0 ; [1.7035524927248069] ; [0.1200218737516219]
794 ; 0 ; 21 ; 2 ; [0.64388305059101369] ; [0.53814764591680742]
794 ; 0 ; 21 ; 3 ; [1.3069488890005576] ; [1.8858917414976233]
794 ; 0 ; 21 ; 4 ; [1.9593480276808035] ; [2.0292641435885539]
794 ; 0 ; 21 ; 5 ; [1.7447188849151507] ; [1.440857295913305]
794 ; 0 ; 21 ; 9 ; [1.7662795770069384] ; [1.6730788231768479]
794 ; 0 ; 21 ; 10 ; [2.64379418430656] ; [1.917661078696433]
794 ; 0 ; 21 ; 14 ; [1.7497457303940656] ; [1.8069581205729228]
794 ; 0 ; 21 ; 15 ; [1.8112966123607981] ; [1.7968946489555035]
794 ; 0 ; 22 ; 0 ; [0.14335014356936532, 0.27039827528071558] ; [0.094647666145909096, 0.15579712871675758]
794 ; 0 ; 22 ; 1 ; [-0.0099300965472485948] ; [0.19116262547413868]
794 ; 0 ; 24 ; 8 ; [1.3264800313311367] ; [1.9743944462902085]
794 ; 0 ; 24 ; 12 ; [2.6001165991977775] ; [2.3018412874508414]
794 ; 0 ; 24 ; 14 ; [1.8231984152184384] ; [1.5585017962922787]
794 ; 0 ; 24 ; 17 ; [0.28036614509790347] ; [1.7676430928662721]
794 ; 0 ; 24 ; 18 ; [2.4594689480174479] ; [3.2753460897772149]
794 ; 0 ; 24 ; 23 ; [2.5065051434473347] ; [1.5512763341406324]
794 ; 0 ; 25 ; 0 ; [0.17109202411866936, 0.056385707972541624, 0.040859534494044801, -0.002028474439264408] ; [0.12129085201759479, 0.096432000568384871, 0.14459042079047255, 0.077566556878830614]
794 ; 0 ; 25 ; 4 ; [0.93444879317692553] ; [0.53074552074893944]
794 ; 0 ; 25 ; 6 ; [1.1944308190413939] ; [0.98783976385268635]
794 ; 0 ; 26 ; 0 ; [0.10432836140968355, 0.0089082206444934427, -0.017777151209999446] ; [0.15657580821203473, 0.10615997191241063, -0.061199765078842561]
794 ; 0 ; 27 ; 0 ; [3.5596957394799325] ; [0.44101807139993771]
794 ; 0 ; 27 ; 1 ; [1.1168077092429645] ; [1.511401927251556]
794 ; 0 ; 27 ; 2 ; [0.015652696804346927] ; [0.0423335389334683]
794 ; 0 ; 27 ; 5 ; [2.8400436426161777] ; [1.744212869893434]
794 ; 0 ; 28 ; 0 ; [0.28715213891548969, 0.11415183815586159, 0.15722020280939056] ; [0.69582690817609683, 0.28094275209485553, -0.018760386836354417]
794 ; 0 ; 29 ; 0 ; [0.57426589368899605] ; [0.20064757720699936]
794 ; 0 ; 29 ; 1 ; [2.0006994488498613] ; [0.83556457307419396]
794 ; 0 ; 29 ; 2 ; [1.1485392048423588] ; [0.22517817359831183]
794 ; 0 ; 30 ; 0 ; [0.38503557693964829, 0.63724935678906469, 1.3241798176008532] ; [0.2585429864633233, 0.11049674544561663, -0.11615429382239693]
794 ; 0 ; 32 ; 0 ; [0.2845050130242599] ; [0.1827300597978376]
794 ; 0 ; 32 ; 1 ; [0.31081125359914635] ; [0.066556822477188401]
794 ; 0 ; 32 ; 2 ; [0.48273089691295906] ; [0.47654877763639109]
794 ; 0 ; 32 ; 4 ; [0.4545499528481724] ; [0.00044397261411806505]
794 ; 0 ; 33 ; 0 ; [0.26563309545431607] ; [0.12147932988165153]
794 ; 0 ; 33 ; 4 ; [-0.0052669734611981234] ; [0.33263534664176669]
794 ; 0 ; 34 ; 0 ; [0.40848281304463269] ; [1.2908300437670008]
794 ; 0 ; 35 ; 0 ; [0.26750454217704739, 0.34639563123531864, 0.22294813174794206] ; [0.09296576307639888, 0.32833274128107121, 0.21825346150309566]
794 ; 0 ; 35 ; 2 ; [0.30350057093447641] ; [-0.021756221176056516]
794 ; 0 ; 36 ; 0 ; [0.020474559008800283, 0.015699624600392561, 0.048845038796764849] ; [0.12470604344230379, 0.11267435790069706, 0.057137055545684302]
794 ; 0 ; 36 ; 1 ; [0.13150233212302659] ; [0.12166010647143756]
794 ; 0 ; 37 ; 0 ; [0.0074285423804498008, 0.047165410695475925, 0.13177386007662037, 0.0080770233852575004] ; [0.083221516649409244, 0.081098731620222408, 0.20392736497003311, -0.13168591401967705]
794 ; 0 ; 37 ; 1 ; [0.19609877633626169] ; [0.21527227536435659]
794 ; 0 ; 38 ; 0 ; [-0.0075680696402220075, 0.14878099145324178, 0.13603184668440887] ; [0.08690119010134624, 0.085035980599492161, 0.0069309330638990321]
794 ; 0 ; 39 ; 0 ; [0.49924526567399069] ; [0.31160859231157617]
794 ; 0 ; 39 ; 1 ; [0.15279483383145276] ; [0.1702163462899409]
794 ; 0 ; 39 ; 3 ; [0.7297045411334584] ; [0.33353087501535389]
794 ; 0 ; 40 ; 0 ; [0.51212557274890136, 0.14090605862132854, 0.12503703260130111, 0.34240183737545726] ; [0.15690320697242779, 0.086427681966298048, 0.15266656449045585, 0.22758816021385114]
794 ; 0 ; 41 ; 0 ; [1.2486286851615798, 0.23131005201049459] ; [0.053350755694090021, 0.058582041667499168]
794 ; 0 ; 43 ; 0 ; [0.049365694876472389] ; [0.38542597870864298]
794 ; 0 ; 43 ; 3 ; [1.1773259493880568] ; [-0.005420428257458562]
794 ; 0 ; 43 ; 10 ; [1.00356870722684] ; [0.59858138118634052]
794 ; 0 ; 43 ; 11 ; [0.5730837316907077] ; [0.46492022249177595]
794 ; 0 ; 44 ; 0 ; [0.0082527989371608407] ; [-0.15997293012290484]
794 ; 0 ; 44 ; 1 ; [0.020333725196476773, 0.084711094845420984] ; [0.07663702030856534, 0.23201456755026584]
794 ; 0 ; 45 ; 9 ; [0.28256277112173561] ; [0.45486512276025126]
794 ; 0 ; 45 ; 10 ; [1.3596965579186482] ; [0.24874910639825823]
794 ; 0 ; 47 ; 0 ; [-0.0034093579457919378, -0.0069407502547786113, 0.0068280984019585622, -0.016202968264076946, 0.035826962518913395] ; [0.33194292214056248, 0.10354758296244052, 0.075148223647926907, 0.065624074216393297, 0.11500116329638772]
794 ; 0 ; 47 ; 1 ; [0.28372774813208451, 0.026912702513586552] ; [0.30878499084036692, 0.065083531214830473]
794 ; 0 ; 47 ; 2 ; [-0.0068877125664228833] ; [-0.065250172157781339]
794 ; 0 ; 48 ; 0 ; [0.15510666241300652, 0.058091911013792831] ; [0.099889175566744398, 0.37229985204143645]
794 ; 0 ; 48 ; 1 ; [3.0374822664887384] ; [0.42581698296898074]
794 ; 0 ; 48 ; 2 ; [0.63114075945468551] ; [2.5645272055357635]
794 ; 0 ; 48 ; 5 ; [0.70990526579589308] ; [2.063126389400721]
794 ; 0 ; 49 ; 0 ; [0.17709392218048664, 0.13111527288126387] ; [0.18122679764720001, 0.041780294318779616]
794 ; 0 ; 49 ; 1 ; [0.07074777849738588, 0.011982023422593857] ; [0.016177742200034161, -0.064040988370745663]
794 ; 0 ; 50 ; 0 ; [0.021457135069396921] ; [0.0077065219617446197]
794 ; 0 ; 50 ; 1 ; [0.034232980261360242] ; [0.036742389198783344]
794 ; 0 ; 51 ; 0 ; [0.0027116514826311792, 0.0062957375124908571, 0.0066510084061706647] ; [0.084982483250448715, 0.19158515493069053, 0.027240118709587004]
794 ; 0 ; 52 ; 0 ; [0.06682381631032068, 0.12506751162313406, 0.058079909167326763, 0.012707561751183639] ; [0.092279120199999481, 0.16520986086034456, 0.11068611163694077, -0.049046762895463857]
794 ; 0 ; 53 ; 0 ; [0.054021244736075356, 0.043446692473799224, 0.14929534967042715] ; [0.090205645970982976, 0.069280970063950856, 0.080460693232043329]
794 ; 0 ; 54 ; 0 ; [0.1366822178493757, -0.0014815838610791536, 0.036020211145500663] ; [0.36741966980419205, 0.098170529858899583, 0.20144535984655754]
794 ; 0 ; 54 ; 1 ; [0.25255142478679399] ; [0.077765824083108212]
794 ; 0 ; 55 ; 0 ; [0.00074892582785831066, -0.0058206144351325697, 0.0054126392190079094] ; [0.12270430075673125, 0.071353579616442453, 0.0097634988189236483]
794 ; 0 ; 56 ; 0 ; [0.016392696589193428, 0.099472969552990717, 0.0028020479047197] ; [0.074254691439624765, 0.19259352546060612, 0.021857752485962612]
794 ; 0 ; 57 ; 0 ; [0.15312501848344651, 0.10784659588089132, 0.11484237047649994, 0.076492235024498062, 0.086921668029617233] ; [0.0097091357233556365, 0.11685639243177354, 0.097842796375135641, 0.052733979455354574, 0.099726291446105758]
794 ; 0 ; 58 ; 0 ; [-0.014455248962718872] ; [-0.021961545380499742]
794 ; 0 ; 58 ; 1 ; [0.47330865437361802] ; [1.5767078254725357]
794 ; 0 ; 58 ; 2 ; [2.8553002924967004] ; [1.7546717914154089]
794 ; 0 ; 58 ; 3 ; [1.8379853974281515] ; [1.9096666442591825]
794 ; 0 ; 58 ; 4 ; [2.1131180644482774] ; [1.0763502963238338]
794 ; 0 ; 58 ; 6 ; [1.2687752561028944] ; [1.6750619714505628]
794 ; 0 ; 58 ; 7 ; [1.5818751797584756] ; [2.0130115806577753]
794 ; 0 ; 58 ; 8 ; [0.81000058794380936] ; [1.6200758538824287]
794 ; 0 ; 58 ; 13 ; [5.7707993071245633] ; [2.0220870879676847]
794 ; 0 ; 59 ; 0 ; [0.10342519464476095, 0.056666286324428203, 0.028472040883762151] ; [0.067831487493034234, 0.080948304390760686, 0.042255298404465014]
794 ; 0 ; 59 ; 1 ; [0.089927019726139049] ; [-0.014770429094848658]
794 ; 0 ; 61 ; 0 ; [0.025215641805038932] ; [1.8508611039037812]
794 ; 0 ; 61 ; 1 ; [0.0095405933888616165] ; [0.31925526406431143]
794 ; 0 ; 62 ; 2 ; [1.4336075069437719, 1.9838973521957579] ; [1.9629715526763551, 1.917527372971783]
794 ; 0 ; 62 ; 9 ; [1.9083219847555295] ; [1.9384978029356918]
794 ; 0 ; 62 ; 11 ; [2.0941203034557265, 1.2075716584361904] ; [2.2219729159236148, 2.8456074299234806]
794 ; 0 ; 62 ; 19 ; [1.88538077114623] ; [2.3889259689071354]
794 ; 0 ; 62 ; 21 ; [1.8499028299425235, 1.583124239555723] ; [1.581644996658192, 1.5962406795364896]
794 ; 0 ; 62 ; 22 ; [1.3644393014154945] ; [1.723171894254208]
794 ; 0 ; 62 ; 23 ; [1.7518786826925787] ; [1.8330405741505675]
794 ; 0 ; 62 ; 24 ; [2.0995845655338825] ; [1.0523009096836844]
794 ; 0 ; 62 ; 25 ; [1.0876789503408613] ; [1.7819506675106469]
794 ; 0 ; 62 ; 26 ; [1.0786017894893225] ; [1.0451883119426513]
794 ; 0 ; 62 ; 28 ; [1.6465468400839487] ; [2.830153978962648]
794 ; 0 ; 62 ; 30 ; [1.9546278900411664] ; [1.8153857367697783]
794 ; 0 ; 63 ; 0 ; [0.007468640697793379, -0.0021602687337466575] ; [0.11849340600951963, 0.13497682985107967]
794 ; 0 ; 64 ; 0 ; [0.041869861696776936] ; [0.98387560016390996]
794 ; 0 ; 64 ; 1 ; [-0.080253316154598561] ; [0.76758871045129273]
794 ; 0 ; 65 ; 0 ; [0.1466370055043244, 0.082841516606206464, 0.085302575248868556] ; [0.1300932604379117, 0.093371205104598079, 0.027372846407205935]
794 ; 0 ; 67 ; 0 ; [0.11606201838602354, 0.022347247354630482, 0.024771490546384344, 0.010751265632384217, -0.027266606664224115] ; [0.15019976025299431, 0.10325496916883767, 0.064371472393242674, 0.14042523555182426, 0.13710811151940461]
794 ; 0 ; 68 ; 0 ; [0.72444500938551704] ; [0.048717540814920732]
794 ; 0 ; 68 ; 1 ; [0.64667326606089282] ; [1.205404266194283]
794 ; 0 ; 68 ; 14 ; [2.2444445187931827] ; [0.91582681653808273]
794 ; 0 ; 69 ; 0 ; [0.22151392305719833] ; [1.1653367151961149]
794 ; 0 ; 70 ; 0 ; [-0.0053562187108967697, -0.0032553255258649886, 0.079150050686301793] ; [0.082302942344708085, 0.11387337991131952, 0.037366376914307164]
794 ; 0 ; 71 ; 0 ; [0.0079404941599431622, 0.12976279825644227, 0.005673755206644265] ; [0.16350644978361803, 0.09298974719193287, 0.029564113037504287]
794 ; 0 ; 72 ; 0 ; [0.11826889890334237, 0.070302239080290721] ; [0.10647098074011101, 0.079701091293455845]
794 ; 0 ; 73 ; 1 ; [0.24116312024073505] ; [0.80385756957424348]
794 ; 0 ; 74 ; 0 ; [0.35655332899103453] ; [0.028614366319571014]
794 ; 0 ; 74 ; 1 ; [0.086209505149016805] ; [0.66408748004872076]
794 ; 0 ; 75 ; 0 ; [0.35866309514150835] ; [0.070011254673130602]
794 ; 0 ; 76 ; 0 ; [1.7170244601332261] ; [0.018599298172358447]
794 ; 0 ; 76 ; 1 ; [0.2745969657053085, -0.0016943767664144469, 0.094108827617344598, 0.7315705068845979] ; [0.56060681401611312, 0.15375661624690554, 0.13893507440067596, 0.18484574532682713]
794 ; 0 ; 77 ; 0 ; [0.016115257111935444] ; [0.3264675239949521]
794 ; 0 ; 78 ; 0 ; [0.51437647646789564] ; [0.81798570462540299]
794 ; 0 ; 78 ; 2 ; [0.44613184249846494] ; [0.83260823928677963]
794 ; 0 ; 78 ; 7 ; [1.2327965341627403] ; [0.36098485248617335]
794 ; 0 ; 78 ; 11 ; [3.2684046200554664] ; [4.2473647517323245]
794 ; 0 ; 78 ; 12 ; [1.4216993466428958] ; [0.9831329104525186]
794 ; 0 ; 79 ; 0 ; [0.07205999907115232, 0.040265101802667534, 0.077568597661441391, 0.10327404033795477, 0.096840816854405071] ; [0.089145235602292996, 0.082529671723936215, 0.075209224966781937, 0.10280954645781722, 0.11116418037844797]
794 ; 0 ; 80 ; 0 ; [1.0519810694910408, 0.54080664622261143] ; [0.34038396063693016, 0.16750413694897204]
794 ; 0 ; 81 ; 1 ; [0.35916582978646361, 0.15349941830642339] ; [0.39204803977884739, 0.038084371764463769]
794 ; 0 ; 81 ; 2 ; [0.6831235848874101] ; [0.45908793569239104]
794 ; 0 ; 82 ; 0 ; [0.14077992241894388] ; [1.1589667831514336]
794 ; 0 ; 82 ; 1 ; [0.63574131219199148] ; [0.96104399503518212]
794 ; 0 ; 82 ; 2 ; [0.29682750419587117] ; [0.15699983628874736]
794 ; 0 ; 82 ; 3 ; [0.77641653082894679] ; [1.7894247393501408]
794 ; 0 ; 82 ; 7 ; [1.2613639973388659] ; [1.2716130419094711]
794 ; 0 ; 83 ; 0 ; [-0.0044153791362387916, 0.026554713430162576, 0.085369362059045356] ; [0.08285682059078299, 0.15390970658741004, 0.069783825984653616]
794 ; 0 ; 83 ; 2 ; [0.0055566215123284534] ; [-0.0002338294992268223]
794 ; 0 ; 84 ; 5 ; [2.1322901287292741] ; [1.7469588772471052]
794 ; 0 ; 84 ; 6 ; [1.9848257447019841] ; [1.7324619896783446]
794 ; 0 ; 84 ; 7 ; [1.5536904669327929] ; [1.7712930828089186]
794 ; 0 ; 84 ; 8 ; [1.8075002117864234] ; [2.125217736777381]
794 ; 0 ; 84 ; 9 ; [1.6994283584038334] ; [2.4576228200850716]
794 ; 0 ; 84 ; 11 ; [1.8439649537689413] ; [1.9009826776915428]
794 ; 0 ; 84 ; 13 ; [1.5003752642543984] ; [3.8149337934956953]
794 ; 0 ; 84 ; 14 ; [1.8073118200220917] ; [2.0246253843372619]
794 ; 0 ; 84 ; 15 ; [1.8310109704355508] ; [6.7226145661896259]
794 ; 0 ; 84 ; 18 ; [1.8986417873121306] ; [6.4254423594771684]
794 ; 0 ; 84 ; 20 ; [1.7156688780804485] ; [1.8548654451240294]
794 ; 0 ; 85 ; 0 ; [0.099191435984542331, 0.19331746265593683, 0.089474733395308786, 0.25754143266610902] ; [0.045764307415499944, 0.065152679707320874, 0.066191043002518088, 0.32501520866273553]
794 ; 0 ; 86 ; 1 ; [0.10571018447090375] ; [0.053588360269675353]
794 ; 0 ; 86 ; 2 ; [0.13428547940522592, 0.10724198656445175, 0.27877333655558473] ; [0.37580702790431636, 0.17311816948322287, 0.24677187148335622]
794 ; 0 ; 87 ; 4 ; [0.3463125948765356] ; [-0.25248757078608242]
794 ; 0 ; 87 ; 7 ; [3.7766879856113542] ; [0.041033970192218695]
794 ; 0 ; 89 ; 1 ; [0.33952740650761137] ; [0.088514951237841102]
794 ; 0 ; 90 ; 0 ; [0.032558433175874896, 0.093865187622844543, -0.016620116156784194] ; [0.2092089129712438, 0.071587516486492558, 0.18795279481916316]
794 ; 0 ; 90 ; 1 ; [0.10901717465043818, 0.034848034422464202] ; [-0.0027352622636758021, 0.16299952181773078]
794 ; 0 ; 91 ; 0 ; [0.091116562172194715, 0.1743228606607819, 0.14111488479848669] ; [0.12633390121803156, 0.17477192535692099, 0.30062211377947756]
794 ; 0 ; 92 ; 0 ; [0.15875087414863467, 0.055794645557524038] ; [0.039547153249999405, -0.0036229009886829047]
794 ; 0 ; 92 ; 1 ; [0.40453222594932414] ; [0.077853485068160769]
794 ; 0 ; 93 ; 0 ; [0.66849697404006325] ; [0.30818290893324407]
794 ; 0 ; 93 ; 1 ; [0.60647500065710724] ; [0.48877102086242991]
794 ; 0 ; 94 ; 0 ; [0.73281129542733936, 0.41629957941304169] ; [-0.0019144501658394494, 0.54063177806714513]
794 ; 0 ; 94 ; 3 ; [1.5813691530111251] ; [1.6674106038021468]
794 ; 0 ; 94 ; 5 ; [0.65031716481857371] ; [0.68312299877314786]
794 ; 0 ; 94 ; 8 ; [1.724475263243445] ; [1.8634928358356058]
794 ; 0 ; 94 ; 9 ; [1.5858041347114147] ; [1.4778822626770547]
794 ; 0 ; 94 ; 12 ; [0.52965955245464635] ; [0.038854834792487539]
794 ; 0 ; 95 ; 1 ; [1.5316905450540601] ; [0.71108927727694526]
794 ; 0 ; 95 ; 3 ; [1.7066132912052541] ; [0.99389597137188335]
794 ; 0 ; 96 ; 0 ; [0.13548747789653556, 0.098761497486390792, 0.04093574781764573] ; [0.25791865019839477, 0.12580562044140473, 0.22661543800925801]
794 ; 0 ; 97 ; 0 ; [0.076915984726969061, 0.089076290357742352, -0.0080719687408707143] ; [0.20827152788634545, 0.12665479837812185, 0.057498066678288551]
794 ; 0 ; 97 ; 1 ; [0.039696426109165274] ; [0.10727059085592902]
794 ; 0 ; 97 ; 2 ; [0.50370705007460093] ; [-0.013551511904335895]
794 ; 0 ; 97 ; 3 ; [-0.13513380847574122] ; [-0.0043224905215624486]
794 ; 0 ; 98 ; 0 ; [0.17453509285055108, 0.67919974903958258] ; [0.048485958997855023, 0.088581604483507145]
794 ; 0 ; 98 ; 3 ; [0.88656380260927792] ; [0.16133253016596832]
794 ; 0 ; 98 ; 8 ; [0.23388935446108791] ; [0.65596561243180096]
794 ; 0 ; 99 ; 0 ; [0.26245760670032614, 0.21083326379648029] ; [0.13917213271126494, 0.13136621412016344]
794 ; 0 ; 100 ; 0 ; [0.12676536753500756, 0.07567809768383868, 0.065557980049184866] ; [0.11549364357199772, 0.065321996098914911, -0.019014846113001277]
794 ; 0 ; 100 ; 1 ; [0.2064281112273581] ; [0.051359300579173921]
794 ; 0 ; 101 ; 0 ; [0.046294040855562005, 0.081886343018292465, 0.04914870127834034, 0.064990065680680276] ; [0.18191465161483922, 0.12949967203505597, 0.098179426157783856, 0.016977214728049431]
794 ; 0 ; 102 ; 0 ; [-0.0014961804663921822, -0.014022791042506642, -0.0075774556526376265, -0.0028467196112839915] ; [0.094541090976858616, 0.10161339457526514, 0.091579086691975745, -0.0041724313461073432]
794 ; 0 ; 103 ; 2 ; [0.56997423056030938] ; [0.59695293139846506]
794 ; 0 ; 103 ; 4 ; [0.34816104809445347] ; [0.62998308344862797]
794 ; 0 ; 103 ; 8 ; [1.7683881030880055] ; [0.37774778187125402]
794 ; 0 ; 104 ; 0 ; [0.5283214913519878] ; [0.75129623711814097]
794 ; 0 ; 105 ; 0 ; [0.16804651395332487, 0.31515436974949063, 0.16578842481049499, 0.2698882648197275] ; [0.24247345188919597, 0.20328106997531528, 0.15200617391522087, 0.15370504258850307]
794 ; 0 ; 106 ; 0 ; [1.018429293296182] ; [0.11851263008406701]
794 ; 0 ; 106 ; 1 ; [2.8338718076764624] ; [-0.012751451081069095]
794 ; 0 ; 106 ; 4 ; [1.3727699614650111] ; [1.3852946072767189]
794 ; 0 ; 106 ; 6 ; [2.9471470517113727] ; [1.5246151777892394]
794 ; 0 ; 106 ; 7 ; [0.59945729138473125] ; [1.7985843092068377]
794 ; 0 ; 106 ; 10 ; [0.89606369536205532] ; [0.48879400660863981]
794 ; 0 ; 107 ; 0 ; [3.0113852163824935] ; [0.4610949324388241]
794 ; 0 ; 107 ; 1 ; [0.6757965153593869] ; [0.41212835517446972]
794 ; 0 ; 107 ; 4 ; [0.85495558579019704] ; [0.69514354539757017]
794 ; 0 ; 108 ; 6 ; [0.9370981760235455] ; [0.58541537874274641]
794 ; 0 ; 108 ; 7 ; [1.6673128904844807] ; [0.25379742013914852]
794 ; 0 ; 109 ; 1 ; [1.1138799659084779] ; [1.0076467333778338]
794 ; 0 ; 109 ; 2 ; [1.8666332078365888] ; [1.7135542412130562]
794 ; 0 ; 109 ; 8 ; [2.9074330145362879] ; [1.5216805338986752]
794 ; 0 ; 109 ; 9 ; [2.4603466626350885] ; [3.0847785858516295]
794 ; 0 ; 110 ; 0 ; [0.89380472888370033] ; [0.74290246497678136]
794 ; 0 ; 112 ; 3 ; [0.22149836264015751, 0.38501108908357567, 0.38095280791792241] ; [0.09080752803515911, 0.30433776860791978, 0.29595668894805455]
794 ; 0 ; 113 ; 8 ; [3.3783971170324465] ; [1.8273322104761995]
794 ; 0 ; 114 ; 8 ; [0.86505601489068784] ; [1.3082772960473807]
794 ; 0 ; 115 ; 0 ; [0.2887659673574946, 0.40156125811320076, 0.12685880022166993, 0.17548004826629687] ; [0.084270378332907001, 0.41422826721482764, 0.28770620761279669, 0.1470983569222602]
794 ; 0 ; 116 ; 0 ; [0.051667257973965881, -0.011073367167201751, 0.12560273599205513, -0.0078526698673928707] ; [0.10845507557383437, 0.062767198348297734, 0.29041830079140818, 0.024608050335566879]
794 ; 0 ; 116 ; 1 ; [0.0037557110792998819] ; [0.033720969209080201]
794 ; 0 ; 116 ; 2 ; [0.092192855663945125] ; [0.15196861238215034]
794 ; 0 ; 117 ; 0 ; [1.4700119097158535] ; [0.076262092851615962]
794 ; 0 ; 117 ; 1 ; [0.73524951469730004] ; [4.7986341383911348]
794 ; 0 ; 117 ; 2 ; [1.2518599269071662] ; [1.1121902781391961]
794 ; 0 ; 117 ; 4 ; [0.74172647389651569] ; [0.012481925487553771]
794 ; 0 ; 117 ; 7 ; [1.549973414880786] ; [1.1664968796627146]
794 ; 0 ; 117 ; 8 ; [1.6225610961900385] ; [1.5189711878380794]
794 ; 0 ; 117 ; 14 ; [1.4497271995886318] ; [2.362233883629917]
794 ; 0 ; 117 ; 21 ; [1.8180800137073616] ; [1.1397027132193085]
794 ; 0 ; 118 ; 1 ; [0.012390010204000077] ; [0.062135749132943535]
794 ; 0 ; 118 ; 2 ; [0.16548022530042744] ; [0.068156427167085407]
794 ; 0 ; 119 ; 1 ; [5.4968493203179944] ; [1.7508945666796654]
794 ; 0 ; 119 ; 2 ; [1.489570055441144] ; [2.3657333163287193]
794 ; 0 ; 119 ; 3 ; [1.4180958376179038] ; [0.96447109249571061]
794 ; 0 ; 121 ; 0 ; [0.10734152058831908] ; [0.18102913979183202]
794 ; 0 ; 121 ; 1 ; [0.26529878424524578] ; [0.82201838642130376]
794 ; 0 ; 121 ; 2 ; [-0.02963509288217164] ; [0.10992635196266115]
794 ; 0 ; 121 ; 4 ; [4.7678507106494141] ; [2.2853929427817969]
794 ; 0 ; 122 ; 0 ; [0.078647000839907374] ; [0.15327075565955411]
794 ; 0 ; 124 ; 0 ; [0.16235444942662874, 0.061982684003705157, 0.066917440351734081] ; [0.16917728744460178, 0.10780703104603734, 0.087202895670719732]
794 ; 0 ; 125 ; 2 ; [0.3946653330003822] ; [0.18427786346517477]
794 ; 0 ; 126 ; 0 ; [1.9811649466800667, 0.88262329607296797] ; [0.33596963956508258, 0.56968671826186024]
794 ; 0 ; 127 ; 4 ; [0.38985514258544784] ; [1.7551319759597861]
794 ; 0 ; 129 ; 0 ; [0.35866761062360897] ; [2.083505475727133]
794 ; 0 ; 129 ; 2 ; [1.3450861153776663] ; [1.5996886788929663]
794 ; 0 ; 129 ; 3 ; [0.84968865477917732] ; [1.206409781367126]
794 ; 0 ; 129 ; 4 ; [3.2315844540267027] ; [2.0046391584352623]
794 ; 0 ; 129 ; 9 ; [1.4044298360235439] ; [1.7068949197018006]
794 ; 0 ; 129 ; 13 ; [0.66130143195387114] ; [3.1486165197131677]
794 ; 0 ; 129 ; 17 ; [1.3974624986271533] ; [1.6987969515868304]
794 ; 0 ; 129 ; 19 ; [6.4450824269851719] ; [2.4684183205567662]
794 ; 0 ; 130 ; 0 ; [0.0087343150691694474, 0.015281293114381983, 0.2076793742794544] ; [0.10142644631551302, 0.081688868685892049, 0.42222444764683487]
794 ; 0 ; 130 ; 1 ; [-0.0029032824448514353, 0.024546121288097252] ; [-0.036746215572703016, 0.03792356435328964]
794 ; 0 ; 131 ; 0 ; [1.5030791646731609] ; [1.4398934350639756]
794 ; 0 ; 131 ; 1 ; [1.2152899696122321] ; [1.2612099565285602]
794 ; 0 ; 131 ; 3 ; [4.104809174276391] ; [1.1588387817736778]
794 ; 0 ; 131 ; 4 ; [1.7677869141910034] ; [1.9191286927022326]
794 ; 0 ; 131 ; 5 ; [1.608323495078771] ; [2.1117981656191245]
794 ; 0 ; 131 ; 7 ; [2.7943770423811327] ; [1.4558835539361414]
794 ; 0 ; 131 ; 10 ; [1.4488119469905276] ; [1.3341853810771391]
794 ; 0 ; 131 ; 11 ; [2.5189976486426944] ; [1.8038171020926772]
794 ; 0 ; 131 ; 12 ; [3.4275321845513953] ; [1.3993564663432478]
794 ; 0 ; 131 ; 13 ; [1.3391068750017945] ; [2.0081530095024438]
794 ; 0 ; 131 ; 16 ; [1.6097718824093652] ; [1.0629372404445134]
794 ; 0 ; 131 ; 17 ; [2.4843553114019965] ; [1.8218310901129287]
794 ; 0 ; 132 ; 0 ; [0.52047488678180465] ; [0.72399483063672843]
794 ; 0 ; 132 ; 1 ; [0.41058746184617556] ; [0.32526710653176638]
794 ; 0 ; 133 ; 0 ; [0.028635331403806561] ; [1.4393064852765665]
794 ; 0 ; 133 ; 2 ; [0.054649474495008163] ; [0.031762335559693579]
794 ; 0 ; 133 ; 4 ; [2.2177444794704471] ; [1.1671511896890032]
794 ; 0 ; 133 ; 5 ; [1.5888120247887336] ; [2.7594841569890716]
794 ; 0 ; 134 ; 0 ; [0.17750478978285814, 0.39230353860931944] ; [0.15042855900364269, 0.0065833610465687743]
794 ; 0 ; 135 ; 2 ; [1.8415118939769799] ; [1.5910995337390736]
794 ; 0 ; 135 ; 3 ; [0.53807621536913242] ; [0.6968303735955208]
794 ; 0 ; 135 ; 4 ; [1.54842102018358] ; [2.9508235294676859]
794 ; 0 ; 135 ; 5 ; [1.4385823643274154] ; [2.1314542096733269]
794 ; 0 ; 135 ; 6 ; [1.9625816769734898] ; [1.2735247554479476]
794 ; 0 ; 135 ; 11 ; [1.8842090000842944] ; [1.8341076109614931]
794 ; 0 ; 135 ; 12 ; [3.2387188585687414] ; [0.54328521193507817]
794 ; 0 ; 135 ; 13 ; [1.8100846095440704] ; [1.3466385633659239]
794 ; 0 ; 135 ; 14 ; [0.94885211121264479] ; [1.8359134492787612]
794 ; 0 ; 135 ; 15 ; [1.6173373516032494] ; [2.0213548167670656]
794 ; 0 ; 136 ; 0 ; [0.075293029194735572, 0.055267920344046359] ; [0.084289762734085782, 0.1045317684434154]
794 ; 0 ; 136 ; 1 ; [0.061465769248349657] ; [0.0078566865930525462]
794 ; 0 ; 137 ; 0 ; [0.1216151080578705, 0.081100429766201049, 0.044343779932179118, 0.089237837577449131, 0.10218976188989756] ; [0.082320573420675031, 0.12612598932421662, 0.10309152874394914, 0.2767794125902272, 0.344029098550937]
794 ; 0 ; 138 ; 0 ; [0.13437602674832005] ; [0.064512661134800614]
794 ; 0 ; 138 ; 1 ; [0.002132786405940008] ; [0.55207015931140702]
794 ; 0 ; 138 ; 2 ; [0.25393738943296329] ; [0.13634080851337319]
794 ; 0 ; 139 ; 0 ; [0.0058123606511198689, 0.26068398585727304, 0.026787989860467484] ; [0.10449942684030075, 0.27476410683268576, 0.037778294137147388]
794 ; 0 ; 139 ; 1 ; [0.21260908452180044] ; [-0.0044969470830718066]
794 ; 0 ; 140 ; 2 ; [0.086021107159064455, 0.20824266472644345] ; [0.19615481694396905, 0.39378687605465729]
794 ; 0 ; 142 ; 0 ; [0.044268672550054081, 0.048601580529863395, 0.049342060682110105] ; [0.14182316910284573, 0.12079535006877487, 0.085310132545888623]
794 ; 0 ; 142 ; 2 ; [-0.048241919126722939] ; [0.037970297337552264]
794 ; 0 ; 143 ; 0 ; [0.57253965908795623, 0.20195978748296442] ; [0.37837930635185968, 0.08861049507262142]
794 ; 0 ; 144 ; 0 ; [0.37438740394023068] ; [0.30398947853651237]
794 ; 0 ; 145 ; 0 ; [0.22757623599342502] ; [0.5318772094412102]
794 ; 0 ; 145 ; 1 ; [-0.0036674602480884517] ; [0.23016130740363747]
794 ; 0 ; 145 ; 2 ; [0.41987760553933945] ; [0.22885752860840752]
794 ; 0 ; 145 ; 3 ; [0.1926900584775264] ; [0.41647277079280204]
794 ; 0 ; 146 ; 0 ; [0.66030533265564662] ; [0.14526601125725078]
794 ; 0 ; 147 ; 0 ; [0.13491541916370101] ; [0.22381095682329083]
794 ; 0 ; 147 ; 1 ; [0.38818867899777376] ; [3.5628202136263361]
794 ; 0 ; 148 ; 0 ; [0.19484950136866261] ; [2.0755607621787595]
794 ; 0 ; 148 ; 1 ; [0.65241769985502829] ; [0.66128634592028745]
794 ; 0 ; 148 ; 2 ; [0.112182893168856] ; [1.8010324336656172]
794 ; 0 ; 148 ; 3 ; [0.58513701205507607] ; [0.091085743530878338]
794 ; 0 ; 148 ; 13 ; [0.64939546649650093] ; [1.1451744258673995]
794 ; 0 ; 149 ; 0 ; [2.9093584794896845] ; [1.3555147063768413]
794 ; 0 ; 149 ; 1 ; [0.81160047734598684] ; [0.92946809277195985]
794 ; 0 ; 149 ; 2 ; [2.3474210418868444] ; [0.7515914801172906]
794 ; 0 ; 149 ; 5 ; [3.4596953498272724] ; [1.1647301660099141]
794 ; 0 ; 150 ; 0 ; [0.48165205609022432] ; [0.12684025336170285]
794 ; 0 ; 150 ; 1 ; [-0.0058979351004125749] ; [0.04925509279229931]
794 ; 0 ; 152 ; 0 ; [0.065084987270456016] ; [0.032792070005913283]
794 ; 0 ; 152 ; 1 ; [0.50229634337097318] ; [0.19518568960324434]
794 ; 0 ; 152 ; 2 ; [1.942152722376379] ; [2.059998600983346]
794 ; 0 ; 152 ; 4 ; [2.3666926150502001] ; [2.3051205906946755]
794 ; 0 ; 152 ; 5 ; [0.054407439483761283] ; [1.9419418552394681]
794 ; 0 ; 153 ; 0 ; [2.7717213461069377] ; [1.2851685507000192]
794 ; 0 ; 153 ; 2 ; [0.10666579271021265] ; [1.1611558711135774]
794 ; 0 ; 153 ; 3 ; [0.65485795609356445] ; [0.95218874571351642]
794 ; 0 ; 153 ; 5 ; [0.21655020007136605] ; [0.28927357178550311]
794 ; 0 ; 153 ; 11 ; [2.7950369190963387] ; [0.8869039884823493]
794 ; 0 ; 153 ; 35 ; [0.5992140976088014] ; [1.1322558053710126]
794 ; 0 ; 154 ; 0 ; [0.15719093134033338] ; [0.044843501568090478]
794 ; 0 ; 156 ; 0 ; [0.11207273540680132, 0.10497709126480616] ; [0.10711727917090663, 0.10264411365662739]
794 ; 0 ; 157 ; 1 ; [1.9276651087838164] ; [1.2332436643773321]
794 ; 0 ; 157 ; 4 ; [2.2799144978462484] ; [1.8436906499811667]
794 ; 0 ; 157 ; 5 ; [1.4045206811387474] ; [1.7538698741054419]
794 ; 0 ; 157 ; 6 ; [1.7934388410053914] ; [1.8074416790373917]
794 ; 0 ; 157 ; 9 ; [2.0435919610579756] ; [1.8051768126907823]
794 ; 0 ; 157 ; 11 ; [1.9043666877670546] ; [1.8218038743822778]
794 ; 0 ; 157 ; 13 ; [10.640808070714789] ; [1.4406856523687837]
794 ; 0 ; 157 ; 14 ; [1.9786578850215686] ; [3.30410562954021]
794 ; 0 ; 157 ; 15 ; [2.1642431743297097] ; [1.8150251371286394]
794 ; 0 ; 157 ; 16 ; [1.9939554808508082] ; [2.3465774381780147]
794 ; 0 ; 157 ; 18 ; [2.0869838871920354] ; [1.713371613080426]
794 ; 0 ; 158 ; 0 ; [0.29598541286958052] ; [0.057780336168170368]
794 ; 0 ; 158 ; 1 ; [0.28069361158752304] ; [0.34997910660311587]
794 ; 0 ; 159 ; 0 ; [0.38681385595226497] ; [0.82027679944943732]
794 ; 0 ; 159 ; 3 ; [0.45808610146866341] ; [1.3809505892546543]
794 ; 0 ; 160 ; 1 ; [0.049985202364747419] ; [0.023867900517271678]
794 ; 0 ; 160 ; 2 ; [1.3152385927253427] ; [1.0477323151399016]
794 ; 0 ; 160 ; 3 ; [3.2262404180774742] ; [2.8593611167320314]
794 ; 0 ; 160 ; 5 ; [1.4494658524049342] ; [0.4652537137230997]
794 ; 0 ; 160 ; 6 ; [0.89111077068689593] ; [0.39460426254725361]
794 ; 0 ; 160 ; 7 ; [0.80711219069525464] ; [0.57341926733689297]
794 ; 0 ; 161 ; 0 ; [0.020416163829045979, 0.011816528495388692, 0.0081542390973581343, -0.0056140061599736224] ; [0.080489126597434457, 0.10300312480907518, 0.17803426818131857, -0.13842443217234626]
794 ; 0 ; 161 ; 1 ; [-0.038735715866082689] ; [0.34503498744843486]
794 ; 0 ; 162 ; 3 ; [1.8157395325576251] ; [0.72960333064868477]
794 ; 0 ; 162 ; 5 ; [0.62984288915418296] ; [2.8372911613317808]
794 ; 0 ; 162 ; 7 ; [0.95433548262341472] ; [0.47315745365842954]
794 ; 0 ; 162 ; 9 ; [1.3913645197297524] ; [0.57473623526464102]
794 ; 0 ; 163 ; 0 ; [-0.044683787666532838, -0.0041701993750044618] ; [0.05083134857528894, 0.045439149867370618]
794 ; 0 ; 163 ; 1 ; [0.22844080204941894] ; [0.21604206623855571]
794 ; 0 ; 163 ; 4 ; [0.1981047682456768] ; [3.1490369655009189]
794 ; 0 ; 163 ; 6 ; [2.1741491364400987] ; [1.6274948278457895]
794 ; 0 ; 163 ; 11 ; [0.18623524797633201] ; [0.67635330073905964]
794 ; 0 ; 164 ; 0 ; [0.18111364159183088, 0.28315048985850044] ; [0.215469480591304, 0.15140959472571214]
794 ; 0 ; 164 ; 2 ; [0.21448151157872791] ; [0.12098623021717314]
794 ; 0 ; 165 ; 0 ; [0.016172506305829098, -0.0022852765043498411] ; [0.13960648558033545, -0.013682541909856056]
794 ; 0 ; 166 ; 2 ; [3.372289145025487] ; [7.6633034809860749]
794 ; 0 ; 166 ; 4 ; [1.2794452754147403] ; [1.7509817439934152]
794 ; 0 ; 166 ; 5 ; [0.37034101244394546] ; [1.0330379459894445]
794 ; 0 ; 166 ; 7 ; [3.5243403322084697] ; [1.226972288557846]
794 ; 0 ; 166 ; 8 ; [0.57084230153243554] ; [3.7006675734391301]
794 ; 0 ; 166 ; 11 ; [1.3909143083875415] ; [2.9768723688623004]
794 ; 0 ; 166 ; 15 ; [4.2323512727929691] ; [4.8319863270772245]
794 ; 0 ; 167 ; 0 ; [0.00063931469648616809, 0.0042362094886771329, -0.0045142192270375284, 0.034474868684706686] ; [0.079752367620987183, 0.096253457772219581, 0.085908723552977961, 0.067621867529941426]
794 ; 0 ; 167 ; 1 ; [0.0018073105097531367] ; [0.016899118109491563]
794 ; 0 ; 167 ; 2 ; [-0.028459300229888792] ; [0.00045552130531700764]
794 ; 0 ; 168 ; 0 ; [0.079023532592492632, 0.050275014197194767, 0.096638044977216356, -0.022850006550654077] ; [0.063548864517247242, 0.29684406623347964, 0.12764129219896256, -0.015342376267073764]
794 ; 0 ; 169 ; 0 ; [0.54974324095270055] ; [0.96157405110645477]
794 ; 0 ; 169 ; 1 ; [0.70751660555043294] ; [1.841729907882798]
794 ; 0 ; 169 ; 2 ; [1.3347531359762002] ; [0.29082488798980538]
794 ; 0 ; 169 ; 3 ; [0.64623836802715606] ; [0.70559482774000648]
794 ; 0 ; 169 ; 5 ; [1.0524226757082569] ; [0.17837694476203372]
794 ; 0 ; 169 ; 7 ; [1.6760135219992758] ; [1.1449958664596276]
794 ; 0 ; 169 ; 11 ; [0.96536242550252016] ; [0.28722793053812029]
794 ; 0 ; 169 ; 16 ; [1.3455850711702411] ; [0.62406661828105581]
794 ; 0 ; 169 ; 25 ; [1.4360683135441146] ; [1.7751809623778101]
794 ; 0 ; 169 ; 31 ; [1.9761271449943734] ; [1.608560964727882]
794 ; 0 ; 169 ; 32 ; [2.1398783120667804] ; [2.1834649052647865]
794 ; 0 ; 170 ; 0 ; [1.5398906724995707] ; [0.51279675241863532]
794 ; 0 ; 170 ; 1 ; [0.19703284743409746] ; [0.9223994259567887]
794 ; 0 ; 171 ; 0 ; [0.53140317567732021] ; [0.14296292894744669]
794 ; 0 ; 171 ; 1 ; [0.45582244064096966] ; [0.78006784188703748]
794 ; 0 ; 171 ; 2 ; [0.1869613556564399] ; [0.48570753062273758]
794 ; 0 ; 171 ; 3 ; [0.80174320181827829] ; [0.25536154629059593]
794 ; 0 ; 171 ; 4 ; [0.24514454907017003] ; [0.30258216820761491]
794 ; 0 ; 171 ; 5 ; [0.87389666848999237] ; [0.55290089465744829]
794 ; 0 ; 171 ; 6 ; [0.16608244590686472] ; [0.49012340869966958]
794 ; 0 ; 171 ; 7 ; [0.97649714913527297] ; [0.63529459632143859]
794 ; 0 ; 172 ; 0 ; [0.3857121519972222, 0.078098254269855713] ; [0.18357990125192855, 0.047656724422257539]
794 ; 0 ; 172 ; 1 ; [0.28937656526815619] ; [0.58597532665004193]
794 ; 0 ; 172 ; 2 ; [2.9358973369336843] ; [0.93542742845344329]
794 ; 0 ; 172 ; 8 ; [1.0663265668760546] ; [0.47156335549404821]
794 ; 0 ; 173 ; 0 ; [0.022528332759524688, -0.0017450168626113205, 0.066067859553032404] ; [0.15207702638632298, 0.084505464708345926, -0.069464143007320608]
794 ; 0 ; 173 ; 1 ; [0.059303227336552911] ; [0.016428803313437136]
794 ; 0 ; 174 ; 0 ; [0.1418623657466126, 0.043739914265642846, 0.043773398604427763, 0.040616127579822463] ; [0.17057064119098347, 0.071755853088401225, 0.077331300905044489, 0.069022059888004458]
794 ; 0 ; 175 ; 0 ; [0.52839487772051508] ; [1.2693532269957455]
794 ; 0 ; 175 ; 3 ; [1.4026319900360391] ; [0.70467166991761798]
794 ; 0 ; 175 ; 9 ; [1.8463023112271528] ; [2.2914778981813453]
794 ; 0 ; 175 ; 10 ; [4.0562994883175465] ; [1.7807899467211177]
794 ; 0 ; 175 ; 11 ; [1.281820859328739] ; [0.81827095509808356]
794 ; 0 ; 175 ; 14 ; [0.83845894200806159] ; [1.4827512920445793]
794 ; 0 ; 175 ; 20 ; [0.36668260783976331] ; [0.17999635765970473]
794 ; 0 ; 176 ; 0 ; [0.10622586792106063, 0.12329759533024916, 0.14367368520937007, 0.12917953903333032] ; [0.14610119034076474, 0.1106924036790549, 0.11221446916413673, 0.23909144103698465]
794 ; 0 ; 177 ; 0 ; [0.029358493366135646, 0.0084415991061595128, -0.0058648872397183199] ; [0.11139049933230885, 0.092649741161040508, -0.16040764626368217]
794 ; 0 ; 177 ; 1 ; [0.015022167792756324] ; [0.037134611471191223]
794 ; 0 ; 178 ; 0 ; [0.32078700237976004] ; [0.017790052868569106]
794 ; 0 ; 180 ; 0 ; [0.97412480726055373] ; [0.25170736328663945]
794 ; 0 ; 180 ; 1 ; [0.39349044352025747] ; [1.0997166046864026]
794 ; 0 ; 180 ; 2 ; [1.5010259073510002] ; [0.42158348835397585]
794 ; 0 ; 180 ; 5 ; [1.4757875426617586] ; [1.8506630410887919]
794 ; 0 ; 180 ; 7 ; [3.2119333334126039] ; [0.28123073189947134]
794 ; 0 ; 180 ; 13 ; [2.5793620348463224] ; [2.014171918187607]
794 ; 0 ; 182 ; 0 ; [0.55501736762435927, 0.1273574778057491] ; [0.15576463570956564, 0.092298122272113717]
794 ; 0 ; 183 ; 0 ; [0.16167434981531587, 0.10244627952595235] ; [0.082245296118711467, 0.012590007461530626]
794 ; 0 ; 185 ; 0 ; [0.035316737990110217] ; [0.12730936215524524]
794 ; 0 ; 185 ; 1 ; [1.4672287863228088] ; [0.64411635828799807]
794 ; 0 ; 185 ; 2 ; [0.37787697171354412] ; [1.982299781197574]
794 ; 0 ; 185 ; 3 ; [0.82756210888965887] ; [0.58186937583431231]
794 ; 0 ; 185 ; 4 ; [0.34191180121453679] ; [0.10558239136188174]
794 ; 0 ; 187 ; 0 ; [0.0095757711089896908] ; [0.17875254495694576]
794 ; 0 ; 187 ; 1 ; [1.5634202616146049] ; [-0.054984525295141314]
794 ; 0 ; 187 ; 2 ; [0.25394523792953333] ; [0.12816036904489486]
794 ; 0 ; 188 ; 0 ; [0.66701147395047611] ; [0.61749428772044757]
794 ; 0 ; 188 ; 1 ; [0.26095174012192451] ; [0.026447004698610711]
794 ; 0 ; 188 ; 6 ; [1.455213722286147] ; [1.0769260650371395]
794 ; 0 ; 189 ; 0 ; [1.9225586389094227] ; [0.57149147173596182]
794 ; 0 ; 190 ; 0 ; [0.71616560120105077, 0.25609417112777305, 0.23272187423564092, 0.11881620027464798] ; [0.38855286922641086, 0.22705697839547043, 0.26738086806234973, 0.36304230058367587]
794 ; 0 ; 190 ; 1 ; [0.64370020254626392] ; [0.2258756923826121]
794 ; 0 ; 190 ; 2 ; [0.21091339700255285] ; [-0.018682231900268242]
794 ; 0 ; 190 ; 3 ; [0.17916095714421038] ; [0.3471066149476888]
794 ; 0 ; 191 ; 0 ; [0.066331802347442945, 0.23769227555744296, 0.074513163003437341, -0.018368170605681657] ; [0.094945616689246934, 0.14042924809040863, 0.12585167023366303, 0.10837111424156813]
794 ; 0 ; 192 ; 0 ; [0.0071898186327893883, -0.0069270790236815056, -0.00062663155471693233, -0.015658486122797258] ; [0.27676190047150162, 0.10465949635802343, 0.15234407419333082, 0.031343722818466271]
794 ; 0 ; 193 ; 0 ; [0.40169655961180922] ; [0.37792635692095983]
794 ; 0 ; 193 ; 1 ; [0.53034590541474824] ; [0.2813724619665437]
794 ; 0 ; 193 ; 11 ; [0.70185855258149477] ; [1.3324325896448783]
794 ; 0 ; 193 ; 12 ; [1.9347797124121893] ; [1.5050956559787307]
794 ; 0 ; 194 ; 0 ; [0.24897426416590959] ; [0.23068035568866349]
794 ; 0 ; 194 ; 1 ; [1.5764688506559128] ; [0.19761627861784212]
794 ; 0 ; 195 ; 0 ; [0.62628891313249568] ; [1.3072192561758389]
794 ; 0 ; 195 ; 6 ; [0.56839460946870357] ; [0.72710180355094667]
794 ; 0 ; 195 ; 7 ; [0.53531191630863684] ; [1.1569613513453716]
794 ; 0 ; 196 ; 0 ; [0.035816782111461484, 0.026853350453237088, 0.030854204588129461] ; [0.082326236180860504, 0.13110782179762773, 0.028882973709034511]
794 ; 0 ; 197 ; 0 ; [0.045131760336115843, 0.054045444392406425, 0.048314675465836468, 0.025870754663001982] ; [0.073263475220121096, 0.077488494966883523, 0.083443811304338866, 0.028627380340261448]
794 ; 0 ; 199 ; 1 ; [0.65157807176415594] ; [0.95707090107503356]
794 ; 0 ; 199 ; 3 ; [1.299484246361827] ; [0.22743389521590929]
794 ; 0 ; 199 ; 4 ; [0.74650859111360601] ; [0.54484447841823425]
794 ; 0 ; 200 ; 0 ; [0.45725321483780135, 0.20437519442543617, 0.11608906653789453] ; [0.22932204670222536, 0.53287469522830566, 0.11895019095076111]
794 ; 0 ; 200 ; 1 ; [0.031720533842271005] ; [0.14132057865571016]
794 ; 0 ; 200 ; 2 ; [0.37865209668163774] ; [0.47401399278780809]
794 ; 0 ; 200 ; 3 ; [0.0057362213495229146] ; [0.0030448214384285756]
794 ; 0 ; 201 ; 0 ; [1.1828510680780275] ; [-0.004245810538403374]
794 ; 0 ; 202 ; 0 ; [4.7238962856757842, 5.1646651944803699] ; [0.24864377009998379, 0.15196674081981229]
794 ; 0 ; 202 ; 1 ; [0.25337342592445283] ; [-0.0013428220502496202]
794 ; 0 ; 202 ; 2 ; [0.53226231300167071] ; [0.39913437006266506]
794 ; 0 ; 202 ; 6 ; [0.92018042007859924] ; [-0.030292081728907079]
794 ; 0 ; 203 ; 0 ; [1.2754189010116834] ; [0.014772928412358086]
794 ; 0 ; 204 ; 0 ; [0.84729418341159957] ; [0.37005248319749567]
794 ; 0 ; 204 ; 1 ; [0.68081445004150165] ; [0.17624762136013974]
794 ; 0 ; 204 ; 2 ; [1.6153233709493975] ; [0.78654564508537417]
794 ; 0 ; 204 ; 7 ; [1.4774887834521853] ; [1.2626926242484431]
794 ; 0 ; 204 ; 9 ; [0.51427578031958632] ; [1.093407379885097]
794 ; 0 ; 205 ; 8 ; [1.6606159178978432] ; [0.1251151419658483]
794 ; 0 ; 205 ; 19 ; [1.326512576342928] ; [1.9420351286403041]
794 ; 0 ; 206 ; 0 ; [0.77292952878807342, 0.83285402135002451] ; [0.10873810595955501, 0.080251831454398515]
794 ; 0 ; 206 ; 1 ; [0.90879649757640002] ; [0.029643104174219413]
794 ; 0 ; 206 ; 6 ; [0.025699557097274322] ; [0.11139637734525673]
794 ; 0 ; 206 ; 8 ; [1.3021741587739009] ; [0.097572775998019126]
794 ; 0 ; 207 ; 0 ; [0.045820663536008006, 0.033526201401555572, 0.89589860462853621] ; [0.15102728726304218, 0.24130923795185369, 0.083689378595361893]
794 ; 0 ; 208 ; 0 ; [0.43548211635496903] ; [0.55398448969964087]
794 ; 0 ; 208 ; 1 ; [0.65390287489005117] ; [0.36202821619421988]
794 ; 0 ; 208 ; 2 ; [1.2311372380599239] ; [0.23934102768015911]
794 ; 0 ; 208 ; 6 ; [0.7215192737393572] ; [1.0433421149297966]
794 ; 0 ; 208 ; 11 ; [1.4471392553350451] ; [0.027437261771076742]
794 ; 0 ; 209 ; 0 ; [0.26510897742006934, 0.86080897322352157] ; [0.10988937706052564, 0.079994032123523753]
794 ; 0 ; 209 ; 1 ; [0.15068564563729225] ; [0.70368377040920316]
794 ; 0 ; 209 ; 2 ; [0.94235694736951847] ; [0.32174859745038564]
794 ; 0 ; 209 ; 8 ; [0.97588965606112199] ; [0.95290865132366653]
794 ; 0 ; 210 ; 6 ; [2.5519238587227306] ; [2.5075281640807727]
794 ; 0 ; 210 ; 7 ; [1.3975211635641802] ; [1.7435329490636273]
794 ; 0 ; 210 ; 9 ; [0.89398585700315258] ; [0.97141188076902418]
794 ; 0 ; 210 ; 10 ; [1.1151815396324667] ; [1.868056719217676]
794 ; 0 ; 210 ; 12 ; [1.1633822902243218] ; [1.9123353081832932]
794 ; 0 ; 210 ; 13 ; [2.2546239230300529] ; [1.7347757153857819]
794 ; 0 ; 211 ; 0 ; [0.46393707618724173, 0.044912855352171259] ; [0.09103855156450219, 0.0040156818287091335]
794 ; 0 ; 212 ; 0 ; [0.13160972914949703, 0.18964296937445782, 0.2635892912453805, 0.14910995759407772] ; [0.027695300834989223, 0.23445550003093238, 0.2160984865361312, 0.20584616761351912]
794 ; 0 ; 214 ; 1 ; [1.6987786968577396] ; [1.6043040214308459]
794 ; 0 ; 214 ; 6 ; [1.0278828905914033] ; [1.1527148659918072]
794 ; 0 ; 214 ; 7 ; [1.2867598420799249] ; [0.93514409264877174]
794 ; 0 ; 214 ; 8 ; [0.8206094907340532] ; [0.7547990433340428]
794 ; 0 ; 214 ; 11 ; [0.85489226606583046, 1.4054580168353921] ; [2.0167383857748233, 1.769973406196959]
794 ; 0 ; 214 ; 13 ; [0.52079593422195669] ; [1.8464527428015014]
794 ; 0 ; 214 ; 14 ; [2.1632381679516421] ; [1.6398157113937908]
794 ; 0 ; 214 ; 15 ; [1.1320547439882738] ; [0.68321669445470734]
794 ; 0 ; 214 ; 16 ; [1.9829616062686151] ; [2.3040918882061199]
794 ; 0 ; 214 ; 17 ; [1.9357168364468129] ; [1.8516041801582754]
794 ; 0 ; 214 ; 21 ; [0.30754922243528399] ; [1.7346858973832131]
794 ; 0 ; 214 ; 24 ; [0.75619067841867582] ; [1.8249487026470608]
794 ; 0 ; 214 ; 25 ; [1.6080416023382007] ; [1.3386742898443318]
794 ; 0 ; 214 ; 26 ; [1.3072984548640825] ; [0.98352713924594637]
794 ; 0 ; 214 ; 27 ; [2.2197457005636236] ; [0.86966072831789121]
794 ; 0 ; 214 ; 28 ; [0.93132453580109331] ; [0.8815616389491755]
794 ; 0 ; 215 ; 0 ; [0.044753197021759131, 0.025923098963251439, 0.2799821789267336, 0.40251463286266098, 0.12505219204396384] ; [-0.086977760162319673, 0.1148950138998963, 0.28121110730431187, 0.34864673694277282, 0.27602480636275722]
794 ; 0 ; 215 ; 3 ; [1.1757821996799696] ; [0.33554655319317178]
794 ; 0 ; 217 ; 1 ; [0.47742955323187597] ; [0.80819208922915409]
794 ; 0 ; 217 ; 3 ; [0.59969135524961525] ; [0.86465860420234564]
794 ; 0 ; 217 ; 5 ; [0.17304393148425909] ; [0.026550302410729629]
794 ; 0 ; 217 ; 6 ; [1.3332764027013866] ; [2.9547248184132942]
794 ; 0 ; 217 ; 7 ; [1.7145826175880996] ; [1.1553514635753381]
794 ; 0 ; 217 ; 8 ; [0.47731527313696903] ; [1.9359125940944539]
794 ; 0 ; 217 ; 9 ; [0.46957684738350541] ; [0.66379975129492808]
794 ; 0 ; 217 ; 11 ; [2.6918695192322346] ; [2.7657703812358969]
794 ; 0 ; 217 ; 13 ; [0.5234318301823121] ; [1.2244825708400449]
794 ; 0 ; 217 ; 14 ; [0.54996856191755761] ; [0.47956413209685178]
794 ; 0 ; 217 ; 15 ; [1.6534799146252661] ; [0.79899005517261634]
794 ; 0 ; 217 ; 17 ; [3.389135639781105] ; [0.4867578981537527]
794 ; 0 ; 217 ; 30 ; [1.8331773902478434] ; [1.5519029251092058]
794 ; 0 ; 217 ; 34 ; [0.67852286354619828] ; [1.169310730639421]
794 ; 0 ; 217 ; 37 ; [1.1733024318021428] ; [1.3890769037996096]
794 ; 0 ; 217 ; 46 ; [1.1302589645153498] ; [1.2684210773847779]
794 ; 0 ; 217 ; 48 ; [1.6499738413566694] ; [1.3566289810077747]
794 ; 0 ; 217 ; 51 ; [1.4743956414943176] ; [2.0783959047494038]
794 ; 0 ; 218 ; 0 ; [1.7763636784533887] ; [0.69858582416272774]
794 ; 0 ; 218 ; 3 ; [1.4008554994602385] ; [1.2888092564146463]
794 ; 0 ; 218 ; 5 ; [0.78221584967583158] ; [0.51088555665042579]
794 ; 0 ; 218 ; 6 ; [1.191272327218843] ; [0.56512661858451452]
794 ; 0 ; 218 ; 9 ; [1.707179614443679] ; [0.23086864550217803]
794 ; 0 ; 218 ; 11 ; [2.5506534950689757] ; [0.56156137435761699]
794 ; 0 ; 218 ; 13 ; [0.92961852151193591] ; [0.098562769758804125]
794 ; 0 ; 218 ; 14 ; [0.70833909650229987] ; [1.2121996978536347]
794 ; 0 ; 218 ; 16 ; [1.2625396872438144] ; [0.59227021962190285]
794 ; 0 ; 219 ; 0 ; [0.14132825250859285, 0.053808460239155517, 0.056786287979824497, 0.04819025214225077] ; [0.1866042776108591, 0.11887275074666304, 0.16761672356887439, 0.13935853993125363]
794 ; 0 ; 220 ; 0 ; [0.026007275691082021, 0.12579295077174105, 0.67768666182268955] ; [0.11490451237970364, 0.1439947602794705, 0.083622843704400832]
794 ; 0 ; 220 ; 1 ; [0.096251597576766532] ; [0.14007097952932684]
794 ; 0 ; 220 ; 3 ; [0.18120644268605218] ; [0.1111228858442628]
794 ; 0 ; 221 ; 0 ; [0.14503825532865799, 0.079655964136303728] ; [0.1960675457085172, 0.3390410821554064]
794 ; 0 ; 222 ; 0 ; [0.18704137686435207] ; [0.011103233509176037]
794 ; 0 ; 222 ; 8 ; [0.90215056372413549] ; [0.13475428881287529]
794 ; 0 ; 223 ; 0 ; [0.96770524209322495] ; [0.51568177048428665]
794 ; 0 ; 223 ; 2 ; [0.30665072444437524] ; [0.85422616823099384]
794 ; 0 ; 223 ; 3 ; [0.26996331831420295] ; [0.75028872554919435]
794 ; 0 ; 223 ; 4 ; [0.35208742571711021] ; [0.49507900400516552]
794 ; 0 ; 223 ; 6 ; [1.0594672279052335] ; [0.3358580551885057]
794 ; 0 ; 223 ; 7 ; [0.47611347070099408] ; [0.7275956135122631]
794 ; 0 ; 223 ; 8 ; [1.1714338533570796] ; [1.1750944999110184]
794 ; 0 ; 223 ; 12 ; [1.1606727413519178] ; [0.79406623703168622]
794 ; 0 ; 223 ; 14 ; [5.4231284827490036] ; [1.1278695384499207]
794 ; 0 ; 223 ; 16 ; [1.5449117123869709] ; [3.0597348036158611]
794 ; 0 ; 223 ; 19 ; [1.7777641206764649] ; [1.2175042254214172]
794 ; 0 ; 223 ; 22 ; [2.567487767859673] ; [1.3608671944185942]
794 ; 0 ; 223 ; 26 ; [2.380903198183427] ; [1.6978280318713217]
794 ; 0 ; 223 ; 30 ; [0.81287021343976984] ; [1.3721145119343721]
794 ; 0 ; 223 ; 31 ; [2.3515073152653181] ; [1.6936091541585447]
794 ; 0 ; 223 ; 32 ; [1.4391261468335994] ; [1.3152237567581877]
794 ; 0 ; 223 ; 33 ; [0.76106558561777615] ; [1.8924171966396985]
794 ; 0 ; 223 ; 40 ; [0.7504173360433668] ; [0.45809584663169994]
794 ; 0 ; 224 ; 0 ; [0.17595770927568508] ; [0.054521572499935236]
794 ; 0 ; 224 ; 3 ; [0.76244469663460568] ; [1.0554117858147904]
794 ; 0 ; 224 ; 6 ; [1.5061600278247034] ; [1.1217018063628195]
794 ; 0 ; 224 ; 18 ; [0.40268612648322288] ; [2.9779116229529303]
794 ; 0 ; 226 ; 0 ; [0.21577402103089968, 0.058521722760419108, 0.050395374591020267] ; [0.26018670279750888, 0.15724415210279802, 0.084974006428978233]
794 ; 0 ; 227 ; 0 ; [0.042787668610973238, 0.044816316409378221, -0.0023320426639990995] ; [0.099475713206040553, 0.14928017680889899, -0.2360530351156071]
794 ; 0 ; 228 ; 1 ; [0.18433159645641767] ; [0.068640706574109756]
794 ; 0 ; 229 ; 0 ; [0.13743854636154143, 0.88101066091936919] ; [1.9287829634752738, 3.1206063414785152]
794 ; 0 ; 229 ; 4 ; [0.76428632021467913] ; [1.9082606770281343]
794 ; 0 ; 229 ; 6 ; [1.9023834522678171] ; [2.1374707669974673]
794 ; 0 ; 229 ; 8 ; [1.8404226017911223] ; [2.0628369723418518]
794 ; 0 ; 229 ; 9 ; [1.9745160622434186] ; [1.9633799074762792]
794 ; 0 ; 229 ; 14 ; [3.8135511020074073] ; [1.7076559363758232]
794 ; 0 ; 229 ; 19 ; [2.8431611825111136] ; [2.1087599695683483]
794 ; 0 ; 230 ; 0 ; [0.4003182342311804] ; [0.43287238142741763]
794 ; 0 ; 231 ; 0 ; [0.059229100990911998] ; [0.047708077646258056]
794 ; 0 ; 231 ; 1 ; [0.33919392661184267] ; [0.56688883528555978]
794 ; 0 ; 232 ; 0 ; [0.39434179695637273] ; [0.080759552808319451]
794 ; 0 ; 232 ; 1 ; [0.14521082631452054, 0.29856992225230133] ; [0.24193935769661251, 0.10965171901821771]
794 ; 0 ; 232 ; 2 ; [2.362615079916357] ; [0.18667312406395709]
794 ; 0 ; 233 ; 3 ; [0.20170748580799541] ; [2.21168649834858]
794 ; 0 ; 233 ; 4 ; [1.1336936903715793] ; [0.77788074215269565]
794 ; 0 ; 233 ; 5 ; [0.76202452473043547] ; [0.0031766777694408233]
794 ; 0 ; 233 ; 6 ; [1.3717607406972669] ; [0.53384649863216871]
794 ; 0 ; 233 ; 10 ; [0.055083472209008402] ; [-0.0058502272790704156]
794 ; 0 ; 233 ; 24 ; [0.44773465106999105] ; [0.0056900516824418918]
794 ; 0 ; 234 ; 0 ; [0.26333262111571576] ; [0.11472329744156511]
794 ; 0 ; 235 ; 0 ; [0.81047315870998116] ; [0.030602236270852921]
794 ; 0 ; 235 ; 9 ; [2.1144166182710626] ; [1.6160474817656574]
794 ; 0 ; 235 ; 12 ; [1.8630286214980345] ; [1.4112402588605841]
794 ; 0 ; 235 ; 14 ; [1.7352002549419054] ; [1.9817302399153458]
794 ; 0 ; 235 ; 16 ; [1.2690072164245547] ; [2.099678734626691]
794 ; 0 ; 236 ; 0 ; [-0.013271348923354669, 0.0012950280988150134] ; [0.089525522773415148, -0.012574147040534559]
794 ; 0 ; 236 ; 2 ; [0.3162454296920435] ; [0.0098769307419758687]
794 ; 0 ; 236 ; 19 ; [0.62312978276635733] ; [1.3040592494920171]
794 ; 0 ; 237 ; 1 ; [0.11736867349148487] ; [0.065927365736650631]
794 ; 0 ; 237 ; 2 ; [0.062415604207612579] ; [0.13991088274548538]
794 ; 0 ; 238 ; 0 ; [1.5971990174543742] ; [-0.01891398867058634]
794 ; 0 ; 238 ; 1 ; [1.9588936521965121] ; [0.72146642602905153]
794 ; 0 ; 238 ; 2 ; [0.13823589290175184] ; [0.95030864252183356]
794 ; 0 ; 238 ; 7 ; [0.69340303181908292] ; [0.72784130176841721]
794 ; 0 ; 238 ; 8 ; [0.077224661355410701] ; [1.3066441004547567]
794 ; 0 ; 239 ; 0 ; [0.46565513575901207, 0.013364606478533058, 0.00089740719654076188] ; [0.19432588895491673, 0.094429494499722433, 0.15216704027297148]
794 ; 0 ; 240 ; 0 ; [0.0087041964659223085, 0.026214971689270478, 0.0035245884416516683, 0.047445364004074904] ; [0.13060230013320956, 0.17626142848728493, 0.089398267122129282, 0.021194114976266786]
794 ; 0 ; 241 ; 0 ; [0.1933228437023099] ; [0.30640259207305443]
794 ; 0 ; 242 ; 1 ; [1.1703241725869349] ; [0.10066336376776468]
794 ; 0 ; 242 ; 3 ; [0.30543852803739713] ; [0.34555040443869706]
794 ; 0 ; 242 ; 5 ; [0.23824828929667496] ; [0.070035728999059785]
794 ; 0 ; 242 ; 6 ; [0.049215030939888375] ; [0.021892942472681778]
794 ; 0 ; 242 ; 7 ; [1.7674328992196706] ; [0.28358794408080262]
794 ; 0 ; 243 ; 0 ; [0.033349008994883064, 0.98777744983005433] ; [0.10375695961225376, 0.031352972587327048]
794 ; 0 ; 243 ; 1 ; [0.56006422349940976] ; [0.32728292164280021]
794 ; 0 ; 244 ; 0 ; [0.059623450620587069, 0.016770641613497332, 0.031558768930076309, 0.026853001705077789, 0.035088084975676753] ; [0.080546934558384756, 0.07227877895866465, 0.084835418313136304, 0.10078828387644084, 0.027234208680600679]
794 ; 0 ; 245 ; 0 ; [0.18545627575840604, 0.077811983880213778] ; [0.55022846855167873, 0.19155925339664032]
794 ; 0 ; 245 ; 1 ; [0.89587122220003379] ; [0.35865110503029096]
794 ; 0 ; 245 ; 2 ; [0.47342810701521731] ; [0.26936414150777843]
794 ; 0 ; 246 ; 0 ; [0.74146202039620213, 0.86217804379157648, 0.17212982917039416] ; [0.18509149956138216, 0.056507897415882281, 0.16705208402020405]
794 ; 0 ; 246 ; 1 ; [1.3917992151784846] ; [0.089592638520459678]
794 ; 0 ; 246 ; 2 ; [-0.010510930315312444] ; [-0.024789671523875116]
794 ; 0 ; 248 ; 4 ; [2.8490360795863894] ; [2.017135283628543]
794 ; 0 ; 248 ; 6 ; [1.2370194545906239] ; [1.8189448000554236]
794 ; 0 ; 248 ; 11 ; [1.4397361372213049] ; [1.1557737666157726]
794 ; 0 ; 248 ; 12 ; [2.1497642964744346] ; [1.7050611370837376]
794 ; 0 ; 248 ; 22 ; [1.4665199676777056] ; [1.0076556747950303]
794 ; 0 ; 248 ; 24 ; [1.6201219985892146] ; [1.4631940318777064]
794 ; 0 ; 248 ; 25 ; [1.3047031628505463] ; [1.4442649208900786]
794 ; 0 ; 249 ; 0 ; [0.096496085732587597, 0.078722431672120882, 0.13729520494753142, -0.0029376085967170499] ; [0.04543701961760617, 0.17419771411030341, 0.31856202192114624, 0.14828062876985137]
794 ; 0 ; 249 ; 1 ; [0.12070953235002765, 0.058224848048177541] ; [0.16401123913948046, 0.049766208845313652]
794 ; 0 ; 250 ; 0 ; [0.46744043643208522] ; [0.39731199091270203]
794 ; 0 ; 250 ; 1 ; [0.296631588263288] ; [0.1293146999443798]
794 ; 0 ; 250 ; 2 ; [0.19021765236495425] ; [0.27623469893678038]
794 ; 0 ; 250 ; 4 ; [0.70789555689997175] ; [1.5629199866153534]
794 ; 0 ; 250 ; 5 ; [0.0159225202148644] ; [0.39864154035270377]
794 ; 0 ; 252 ; 1 ; [0.89859782361926555] ; [0.28712662732496153]
794 ; 0 ; 253 ; 0 ; [0.062223782894301971, 0.076409321123022469, 0.10073966471188892, 0.046042596927682505] ; [0.075463621212247825, 0.06551453053001445, 0.10472599809892623, 0.086551936994470266]
794 ; 0 ; 254 ; 2 ; [1.0272619882292549] ; [1.3175475696029959]
794 ; 0 ; 255 ; 0 ; [1.1423807577274847] ; [0.348622819633921]
794 ; 0 ; 255 ; 1 ; [1.216984927718552] ; [0.60476995152621205]
794 ; 0 ; 256 ; 0 ; [-0.0083464336282589487] ; [-0.0080545700903776572]
794 ; 0 ; 257 ; 0 ; [0.17834731846687663, 0.082896317675762485] ; [0.23228431610212705, 0.19883349996068533]
794 ; 0 ; 258 ; 0 ; [0.24740285188808553, 0.12745138094041611, 0.032787002963908039, 0.021925975807241767] ; [0.49303136775610001, 0.22043693216664761, 0.14823365630279667, -0.099516288462393979]
794 ; 0 ; 259 ; 0 ; [0.10770180925293786, 0.28711963619488701, 0.16624453608331688] ; [0.1112787485674856, 0.076118766002629845, 0.099439839677040079]
794 ; 0 ; 260 ; 1 ; [0.20621961385457815, 0.13216582971188973, 0.076345808248970082, 0.12611339231748372, 0.039398923844411182] ; [0.056391980773171639, 0.088312591699423196, 0.10136344375986472, 0.076834480089363583, -0.045895753210220672]
794 ; 0 ; 261 ; 0 ; [1.4960415438800216] ; [0.3356708408680974]
794 ; 0 ; 261 ; 1 ; [1.1877670632816417] ; [0.20147866881662685]
794 ; 0 ; 261 ; 2 ; [1.7148784554573691, 1.0226458355664856] ; [0.3554023792377074, 0.2860823229021085]
794 ; 0 ; 261 ; 3 ; [1.6664418132066228] ; [0.51811077106649761]
794 ; 0 ; 261 ; 4 ; [1.4871931746703706] ; [0.5094026291855045]
794 ; 0 ; 261 ; 16 ; [1.6650787422320792] ; [2.1279397911192235]
794 ; 0 ; 261 ; 18 ; [1.5312286582495152] ; [0.40770910649062614]
794 ; 0 ; 261 ; 20 ; [2.575298926309431] ; [2.0353860992805628]
794 ; 0 ; 261 ; 21 ; [1.7257516943062066] ; [1.0555525762690614]
794 ; 0 ; 261 ; 22 ; [1.5075620162016568] ; [0.39538843200154633]
794 ; 0 ; 261 ; 28 ; [0.79126469688064838] ; [1.0851830516562246]
794 ; 0 ; 261 ; 30 ; [1.7788921872578816] ; [2.0398013338002885]
794 ; 0 ; 262 ; 2 ; [0.042912325369868255] ; [0.075180413222098161]
794 ; 0 ; 262 ; 3 ; [0.51027833801852696] ; [0.034399356941495526]
794 ; 0 ; 262 ; 4 ; [0.11358114835919501] ; [0.6448732318600876]
794 ; 0 ; 262 ; 6 ; [0.076290950863519974] ; [0.044073998154912711]
794 ; 0 ; 263 ; 0 ; [1.2542130183597313] ; [0.72761332195941686]
794 ; 0 ; 263 ; 6 ; [0.45143492781430794] ; [0.32892016799077534]
794 ; 0 ; 263 ; 10 ; [3.9664214721826165] ; [4.4105831272566274]
794 ; 0 ; 264 ; 0 ; [-0.013369242690633111, 0.00032840148892760367, -0.043547709657492745] ; [0.11943137708473696, 0.19428748594330053, 0.1305377299695325]
794 ; 0 ; 264 ; 1 ; [0.2288708990289334] ; [0.14573930201344182]
794 ; 0 ; 265 ; 0 ; [0.017808223129930627, 0.024017148104295165, 0.029429641721022338] ; [0.095205192868259084, 0.079839342669468544, -0.096137625406460273]
794 ; 0 ; 265 ; 1 ; [1.1825562280912714] ; [-0.04471879288942298]
794 ; 0 ; 266 ; 0 ; [1.3825387901622297, 0.68989629224973759] ; [1.3341001292212376, 0.29424949480820933]
794 ; 0 ; 266 ; 1 ; [0.58589715266189479] ; [0.04285773849308764]
794 ; 0 ; 266 ; 2 ; [1.0717760560174092] ; [0.49444130632695282]
794 ; 0 ; 266 ; 3 ; [0.021578939069070959] ; [0.31951470669537724]
794 ; 0 ; 266 ; 4 ; [0.38999130018250505] ; [-0.01720071928235601]
794 ; 0 ; 266 ; 6 ; [0.022674655860354106] ; [-0.023978822731806487]
794 ; 0 ; 267 ; 0 ; [0.15371677512010049, 0.082379110571632524, 0.10019777034152212, 0.064948964270536022, 0.041916878970335407] ; [0.1364675818460003, 0.099044301718835229, 0.045902546569428472, 0.11005626187431602, 0.079394847721493356]
794 ; 0 ; 269 ; 0 ; [1.1479029901505322] ; [0.73161076654358026]
794 ; 0 ; 269 ; 1 ; [0.10836086227130881] ; [0.4077047244141801]
794 ; 0 ; 269 ; 6 ; [0.68934245215719936] ; [0.4223726663488272]
794 ; 0 ; 270 ; 0 ; [0.063605012654687418, 0.074350363798209473, 0.079280300936910603, 0.090377518206115282, 0.043888647681583001] ; [0.070121928510755979, 0.07775717837112571, 0.1311955423699194, 0.084955280252279414, 0.072585284594647498]
794 ; 0 ; 270 ; 1 ; [1.1209384585302817] ; [0.064654315439101745]
794 ; 0 ; 271 ; 0 ; [0.29509026759598617] ; [-0.013115664249058037]
794 ; 0 ; 271 ; 1 ; [0.023345793491905156] ; [0.52288871457438479]
794 ; 0 ; 273 ; 3 ; [2.5756199506024431] ; [1.7531728274538561]
794 ; 0 ; 273 ; 4 ; [3.8864388108186696] ; [1.4049367059374978]
794 ; 0 ; 273 ; 5 ; [2.2817794021285525] ; [4.7232457516647566]
794 ; 0 ; 273 ; 6 ; [2.3538540883873074] ; [2.329885054889191]
794 ; 0 ; 273 ; 8 ; [1.2263275081644853] ; [1.7816802547712891]
794 ; 0 ; 273 ; 9 ; [3.1134045122678677] ; [0.54876185097649821]
794 ; 0 ; 273 ; 10 ; [1.8655739494752057] ; [2.6242053486370454]
794 ; 0 ; 273 ; 11 ; [0.39824270515636356] ; [3.38536458601238]
794 ; 0 ; 273 ; 13 ; [1.5219780022144291] ; [3.3698448031544639]
794 ; 0 ; 273 ; 14 ; [1.7119889718512931] ; [2.0414562960303866]
794 ; 0 ; 273 ; 19 ; [3.0795597058260733] ; [3.3248381236513049]
794 ; 0 ; 273 ; 22 ; [2.7806676701743438] ; [2.6578664879630529]
794 ; 0 ; 273 ; 23 ; [0.68407550876124468] ; [1.0851497775945484]
794 ; 0 ; 273 ; 24 ; [1.2544436296118322] ; [2.5837249178780439]
794 ; 0 ; 273 ; 27 ; [1.5647359045997571] ; [2.8009604669837298]
794 ; 0 ; 274 ; 0 ; [-0.015843628009848589, -0.00013980333144425274, -0.00020407604592306695, 0.0042857009740237409] ; [0.13025067136384466, 0.095923337620904589, 0.051688840755795482, 0.05404656113142306]
794 ; 0 ; 275 ; 0 ; [2.2244576874271127] ; [0.58748334157534465]
794 ; 0 ; 275 ; 2 ; [1.2785035952819552] ; [3.5236989091103181]
794 ; 0 ; 276 ; 0 ; [0.063722264332301909] ; [0.19404915256971]
794 ; 0 ; 276 ; 1 ; [0.44444826524790609] ; [0.17621839067401721]
794 ; 0 ; 276 ; 2 ; [0.021311208765054927] ; [0.15586335574388793]
794 ; 0 ; 276 ; 3 ; [0.89477748958818748] ; [0.4383933844375949]
794 ; 0 ; 276 ; 4 ; [1.1634472378858902] ; [0.3418567419593263]
794 ; 0 ; 276 ; 5 ; [1.1587982795943832] ; [0.39359184480259546]
794 ; 0 ; 276 ; 7 ; [0.7553408339659804] ; [0.70526091395295121]
794 ; 0 ; 276 ; 10 ; [0.55710904700858066] ; [0.35967357280272394]
794 ; 0 ; 276 ; 12 ; [0.42190481575868094] ; [0.1685408078503772]
794 ; 0 ; 276 ; 18 ; [0.42316478866526475] ; [0.10417098877518294]
794 ; 0 ; 277 ; 0 ; [0.70687787040540806] ; [0.35727714968206215]
794 ; 0 ; 277 ; 1 ; [0.4501120918759543] ; [0.74187410960750433]
794 ; 0 ; 277 ; 4 ; [0.80792337931683766] ; [0.68904839111499472]
794 ; 0 ; 277 ; 5 ; [0.81608121574161607] ; [2.3113811113014306]
794 ; 0 ; 278 ; 1 ; [0.69812060495803085] ; [0.34947212790548743]
794 ; 0 ; 279 ; 0 ; [-0.014823447414466744, -0.0062968629219205758, 0.025984661787155108] ; [0.16435239730502452, 0.14777926518928527, 0.095798702984894582]
794 ; 0 ; 279 ; 1 ; [-0.015596380157194415] ; [0.099415650393680138]
794 ; 0 ; 280 ; 0 ; [0.71321225240736863, 1.2319545596880892] ; [0.008608746921844131, 0.069511596350753574]
794 ; 0 ; 280 ; 1 ; [1.184075546739769] ; [0.21775714019498252]
794 ; 0 ; 280 ; 2 ; [0.48455578440193431] ; [1.278191905219999]
794 ; 0 ; 280 ; 9 ; [0.76906063927730806] ; [2.1443269553181539]
794 ; 0 ; 280 ; 11 ; [1.2669172634255568] ; [3.4377729744350476]
794 ; 0 ; 280 ; 16 ; [0.91436251939819713] ; [1.2360700423133091]
794 ; 0 ; 280 ; 17 ; [3.641184010924194] ; [1.1962364354060224]
794 ; 0 ; 280 ; 19 ; [1.8015407937302239] ; [2.5072629714444501]
794 ; 0 ; 280 ; 20 ; [1.6130098626661709] ; [0.9212337838413639]
794 ; 0 ; 280 ; 21 ; [2.3920515213878457] ; [3.0828762780101666]
794 ; 0 ; 280 ; 22 ; [2.6807454764741205] ; [3.572655595808957]
794 ; 0 ; 280 ; 23 ; [1.2517629988059555] ; [1.6745557318206676]
794 ; 0 ; 280 ; 35 ; [1.3036605207666947] ; [0.75839356091350174]
794 ; 0 ; 281 ; 0 ; [0.7462903325373148] ; [0.57639095116595818]
794 ; 0 ; 281 ; 2 ; [0.11168507227876955] ; [0.19411247172511842]
794 ; 0 ; 281 ; 3 ; [0.15081741600641083] ; [1.0085803887664591]
794 ; 0 ; 281 ; 4 ; [0.86744873379584253] ; [1.0704749056641241]
794 ; 0 ; 281 ; 5 ; [0.12665785566780483] ; [0.09753110243133116]
794 ; 0 ; 281 ; 14 ; [3.3611791502699457] ; [0.61304426494553099]
794 ; 0 ; 282 ; 1 ; [0.45393615998016335, 0.082701164333587318, 0.62256632462617789] ; [0.42300910023885985, 0.09797593924232352, 0.099764360707191121]
794 ; 0 ; 283 ; 0 ; [1.3572440708788671] ; [1.1641057577665057]
794 ; 0 ; 283 ; 4 ; [2.2138300469981256] ; [2.0931030633012178]
794 ; 0 ; 284 ; 0 ; [0.51612675311127121] ; [0.22226092623435895]
794 ; 0 ; 284 ; 1 ; [0.57119742390059036] ; [0.02819426439271602]
794 ; 0 ; 284 ; 2 ; [1.4000529469751819] ; [0.37139618401002028]
794 ; 0 ; 284 ; 3 ; [0.064240702515363748] ; [0.8543443272265131]
794 ; 0 ; 284 ; 5 ; [0.39838110923637632] ; [0.95741655666693282]
794 ; 0 ; 284 ; 6 ; [0.69617016912892393] ; [0.59549008364110434]
794 ; 0 ; 285 ; 0 ; [0.15069214213024729, -0.0049479352052521942, 0.0069364150723643927] ; [0.40892674336685919, 0.38881690438204419, 0.1026252245867148]
794 ; 0 ; 286 ; 1 ; [0.5607394000903525] ; [0.27919798483350894]
794 ; 0 ; 287 ; 0 ; [2.9846833484088435, 0.62573860198125908, 0.73447358494969728] ; [0.24179989196973298, 0.13330256503235546, 0.085177299449313029]
794 ; 0 ; 288 ; 0 ; [0.054950337391398506, -0.0034426221693080643, 0.14299785781857213, 0.034422620054453991, 0.0048016298204962681] ; [0.10371396954238127, 0.22938942172156554, 0.22111750821005041, 0.11068951610752385, -0.029394811948848788]
794 ; 0 ; 289 ; 0 ; [0.10367607764815259, 0.14030064741690271, 0.10573985095685853] ; [0.12497245383411468, 0.14302482181694448, 0.10126298546915452]
794 ; 0 ; 290 ; 0 ; [0.035271784415477826, 0.035461387437197366, 0.031898368018469542] ; [0.11133062726526609, 0.081846681952922301, -0.026699939735837931]
794 ; 0 ; 291 ; 0 ; [0.036191367023441966, 0.22043154722568234] ; [0.039554599117723431, 0.14450497276222493]
794 ; 0 ; 291 ; 1 ; [0.88932000354162799] ; [0.16610512301348282]
794 ; 0 ; 292 ; 0 ; [0.4918183471993462] ; [1.049988095418922]
794 ; 0 ; 292 ; 2 ; [0.39762610888935601] ; [0.35968004365688871]
794 ; 0 ; 292 ; 3 ; [0.070064380448785477] ; [0.50244716700127712]
794 ; 0 ; 292 ; 15 ; [1.3579286081372046] ; [1.0623146839818722]
794 ; 0 ; 293 ; 0 ; [0.5782230257050287] ; [0.29355467992057843]
794 ; 0 ; 293 ; 5 ; [0.08007418278691783] ; [0.042819907131345598]
794 ; 0 ; 294 ; 0 ; [0.080672542386070398] ; [-0.14540487099764285]
794 ; 0 ; 294 ; 1 ; [0.7444067312114534] ; [0.19873259369713434]
794 ; 0 ; 294 ; 5 ; [1.0249805440181738] ; [1.2961176978623008]
794 ; 0 ; 294 ; 6 ; [0.51887635038580993] ; [1.5552514110501527]
794 ; 0 ; 294 ; 8 ; [1.2500204804487676] ; [1.4427606140975231]
794 ; 0 ; 295 ; 0 ; [0.042835719322286046, 0.31931383253879519, 0.041295558060805232] ; [0.083433927760207666, 0.23686536126397847, 0.1487137543401994]
794 ; 0 ; 296 ; 0 ; [0.10987925781903303, 0.0030368109283772011, -0.00065968529830183378] ; [0.10359398317768491, 0.20259821547107926, 0.051848588775378367]
794 ; 0 ; 296 ; 1 ; [-0.008412327721650386] ; [0.31666928329238692]
794 ; 0 ; 297 ; 3 ; [0.11388054075275643] ; [0.60436676390657418]
794 ; 0 ; 297 ; 5 ; [0.015133771376989794] ; [-0.0041883169449934317]
794 ; 0 ; 298 ; 0 ; [1.5183401475762088, 0.10972982013183721] ; [0.12547740187404982, 0.083336971930771456]
794 ; 0 ; 298 ; 2 ; [0.84925225431963347] ; [0.49908187703091789]
794 ; 0 ; 298 ; 3 ; [0.8967032720112611] ; [2.229761506686696]
794 ; 0 ; 298 ; 5 ; [2.1144637001817808] ; [0.58330631474954087]
794 ; 0 ; 298 ; 12 ; [1.4820162049755781] ; [1.4249752656124175]
794 ; 0 ; 299 ; 0 ; [-0.0043720451055774667, -0.0061013329577687082, -0.0075012757655060543, -0.004588303254458307] ; [0.14817772300608173, 0.074053537796787874, 0.067205120727813386, -0.035594589867677294]
794 ; 0 ; 300 ; 0 ; [0.090501404670325872, 0.014327007581729919] ; [0.30048630519902103, 0.085316884730690587]
794 ; 0 ; 300 ; 1 ; [0.042773564851647849] ; [0.055818272826960037]
794 ; 0 ; 301 ; 0 ; [0.17064866995226424, 0.10723547074660546, 0.2523077832783383, 0.34949787657844711] ; [0.05916071602808233, 0.19416455662443952, 0.12077614222577657, 0.064863978541954942]
794 ; 0 ; 301 ; 1 ; [0.012157396827998233, 0.46857404641104811] ; [0.06408139983751282, 0.29774752077321376]
794 ; 0 ; 302 ; 0 ; [0.65659102070681408, 0.1856920772094795] ; [0.49063943256333259, 0.21030981954153857]
794 ; 0 ; 302 ; 1 ; [-0.027793490900404175] ; [0.0069528613391009611]
794 ; 0 ; 303 ; 0 ; [0.12285707130377649] ; [0.35379590081197315]
794 ; 0 ; 303 ; 1 ; [0.00994601020389424] ; [0.12637904821333923]
794 ; 0 ; 304 ; 0 ; [6.4306516800091513] ; [0.65000971825731901]
794 ; 0 ; 305 ; 0 ; [0.008980492721125076, -0.0071163834747234068, -0.0045697284569548276, 0.085278592207779183, 0.6632988187539981] ; [0.18622567048613042, 0.20212043703287164, 0.10898137886019198, 0.14873973109750382, 0.26571449866241414]
794 ; 0 ; 306 ; 0 ; [0.012346983214223473, 0.061072078510455124, 0.039434803761660149, 0.096009261384910352, -0.0049805182542510731] ; [0.030885657328204467, 0.13443540146893479, 0.071563159569965298, 0.1243373491823284, -0.021458568955489751]
794 ; 0 ; 307 ; 0 ; [0.0060268847528213649, 0.021760250304804753] ; [0.13394114530466519, 0.076238614400066781]
794 ; 0 ; 308 ; 0 ; [0.14339929642833457, 0.13716847791075856, 0.096761307092423435] ; [0.078753519692858071, 0.04851582670128389, 0.088190429327049721]
794 ; 0 ; 308 ; 1 ; [0.65026985225479572, 0.094374889564792466] ; [0.088687659046569736, 0.031496645904530579]
794 ; 0 ; 308 ; 2 ; [0.25223654056437333] ; [0.01449264557984908]
794 ; 0 ; 308 ; 3 ; [0.53870234590217447] ; [-0.10180841130903885]
794 ; 0 ; 309 ; 0 ; [0.061494301642924673, 0.16888920496175952, 0.010566747043237824] ; [0.11262978711847729, 0.4725131368204068, 0.073986014297952235]
794 ; 0 ; 310 ; 0 ; [0.60351409009042456, 0.1920363574830036, 0.21781469984032895, 0.13123449643250815] ; [0.63942447347379472, 0.25678965130221609, 0.20739696168840571, 0.088544445294523835]
794 ; 0 ; 311 ; 0 ; [0.095762926292722955, 0.10809032374494226, 0.21668263894158762, 0.36979418452980417] ; [0.11980068955265798, 0.17453788066940182, 0.092230372171074548, 0.19740513897243395]
794 ; 0 ; 312 ; 0 ; [0.0099831096928100008] ; [-0.021624838295867886]
794 ; 0 ; 313 ; 1 ; [0.15172260489452946] ; [0.88800985475469785]
794 ; 0 ; 314 ; 0 ; [0.93336890384723359] ; [0.68515515764737367]
794 ; 0 ; 314 ; 1 ; [1.4155291236459278] ; [0.65966625208149732]
794 ; 0 ; 314 ; 3 ; [0.76703951470901288] ; [0.83333621371400923]
794 ; 0 ; 315 ; 14 ; [1.8455433288062584] ; [1.4735408790312097]
794 ; 0 ; 315 ; 15 ; [1.770028739873134] ; [1.5949336316725164]
794 ; 0 ; 315 ; 16 ; [1.8317665781543939] ; [2.0318925348693644]
794 ; 0 ; 315 ; 18 ; [2.5338530460919997] ; [1.44113787093024]
794 ; 0 ; 315 ; 20 ; [2.6279912350034689] ; [1.9207026978719]
794 ; 0 ; 315 ; 21 ; [2.7329696048724714] ; [1.7656687579452106]
794 ; 0 ; 315 ; 23 ; [1.4174236074798421] ; [1.7806121015316358]
794 ; 0 ; 316 ; 0 ; [0.31558106607142405] ; [0.61966117947775412]
794 ; 0 ; 316 ; 1 ; [0.66827724075143291] ; [0.2460348827599084]
794 ; 0 ; 316 ; 2 ; [0.0014769182205794198] ; [0.12839857914416467]
794 ; 0 ; 316 ; 5 ; [1.509804635093899] ; [0.28142065519380127]
794 ; 0 ; 316 ; 14 ; [2.3991639991171336] ; [0.83803048202951935]
794 ; 0 ; 316 ; 24 ; [1.5710213001479789] ; [0.50271171949666882]
794 ; 0 ; 316 ; 26 ; [0.68577333796762041] ; [0.85050578596762172]
794 ; 0 ; 316 ; 27 ; [0.82824285777382245] ; [1.4493365496683965]
794 ; 0 ; 318 ; 1 ; [1.9126125831137017] ; [0.10530953264431465]
794 ; 0 ; 318 ; 2 ; [0.018565002946547001] ; [-0.0085924365559760726]
794 ; 0 ; 319 ; 0 ; [0.0043938053845176198] ; [0.0079322065357824659]
794 ; 0 ; 319 ; 1 ; [0.0011120318613089162] ; [0.48373750876617355]
794 ; 0 ; 319 ; 3 ; [-0.013753224580292659, 0.17639429318744212] ; [0.10433654235595835, 0.18644966366538102]
794 ; 0 ; 320 ; 0 ; [0.078660837045176735] ; [0.0077181726952550529]
794 ; 0 ; 321 ; 0 ; [1.3944396678453403] ; [0.6534661464957261]
794 ; 0 ; 321 ; 2 ; [5.8632329300916641] ; [0.74529639009146342]
794 ; 0 ; 321 ; 3 ; [1.9991355660868526] ; [0.72853949264309403]
794 ; 0 ; 322 ; 0 ; [0.096454126054812614, 0.13409065822812177, 0.14265804447890904, 0.098822348308169897] ; [0.21764855865627977, 0.069733498584718751, 0.11500582425201779, 0.12821968438866796]
794 ; 0 ; 323 ; 1 ; [0.92140444487745099] ; [1.2020542501272484]
794 ; 0 ; 323 ; 4 ; [2.8658799152687338] ; [0.41079450962620684]
794 ; 0 ; 323 ; 5 ; [1.7576706308161494] ; [1.912961031302201]
794 ; 0 ; 323 ; 6 ; [1.4330936501475873] ; [2.1280328792782681]
794 ; 0 ; 323 ; 10 ; [0.81260358188687509] ; [1.6505008741425082]
794 ; 0 ; 323 ; 11 ; [1.6721935006545987] ; [5.2886917594701002]
794 ; 0 ; 323 ; 13 ; [2.8805772859515875] ; [1.3550994265906386]
794 ; 0 ; 324 ; 0 ; [0.34424861517417049] ; [0.39187379602454048]
794 ; 0 ; 324 ; 1 ; [1.247816491765058] ; [0.00046595511529910571]
794 ; 0 ; 324 ; 2 ; [0.93607456751688911] ; [0.57486371668080327]
794 ; 0 ; 324 ; 6 ; [1.187200225133739] ; [0.645237115216306]
794 ; 0 ; 324 ; 8 ; [0.52254903853102075] ; [0.8397682084235728]
794 ; 0 ; 325 ; 0 ; [0.011080922686048534, 0.08077906150303836, 0.058590955907807198] ; [0.11026655541360512, 0.11090185363905278, 0.079029757888164728]
794 ; 0 ; 325 ; 1 ; [-0.004606744875903776, 0.063781844823530554] ; [0.003531418889253879, 0.035466765904440381]
794 ; 0 ; 325 ; 2 ; [0.18427281867979534] ; [0.16069810621815389]
794 ; 0 ; 326 ; 0 ; [0.099744999896124925, 0.054360720575871969, -0.01628651227027739] ; [0.10569305361189064, 0.10038969366443615, -0.077320770974619465]
794 ; 0 ; 326 ; 1 ; [0.038216824427123347] ; [0.046438989078691033]
794 ; 0 ; 327 ; 2 ; [0.42822654066820925] ; [0.89280109898536819]
794 ; 0 ; 327 ; 3 ; [3.9586966639398349] ; [1.2796766963653001]
794 ; 0 ; 327 ; 4 ; [0.82471443819509138] ; [0.53825148154540592]
794 ; 0 ; 327 ; 8 ; [0.82769958509256614] ; [0.69036327509686235]
794 ; 0 ; 327 ; 9 ; [2.8021721107355084] ; [0.51493758992705818]
794 ; 0 ; 327 ; 10 ; [0.33095324976731039] ; [0.78401968843505598]
794 ; 0 ; 328 ; 0 ; [0.25497191692949023] ; [0.41616445804887298]
794 ; 0 ; 328 ; 5 ; [0.3507096268234729] ; [0.5765029961904794]
794 ; 0 ; 328 ; 6 ; [0.58045867131221585] ; [0.48325082610225889]
794 ; 0 ; 329 ; 0 ; [0.56257753681356659] ; [0.2636050177088235]
794 ; 0 ; 329 ; 1 ; [0.57420181139450999] ; [0.26136831290515966]
794 ; 0 ; 329 ; 5 ; [0.24315752551347206] ; [0.08548171325454483]
794 ; 0 ; 330 ; 0 ; [0.6906685751892595] ; [0.40525269549677906]
794 ; 0 ; 330 ; 1 ; [0.1143071533260554] ; [0.058748352704536488]
794 ; 0 ; 330 ; 3 ; [1.0302108728083879] ; [4.8264704371784095]
794 ; 0 ; 330 ; 10 ; [0.10918444927575134] ; [0.0042559390363200245]
794 ; 0 ; 331 ; 0 ; [-0.0099606607362796393, -0.0013759556334425047, 0.24358774711983913, 0.092524396039513679] ; [0.056045827102483251, 0.081440076775066039, 0.08315803489357293, 0.067397300032629989]
794 ; 0 ; 332 ; 0 ; [0.39190685476762005] ; [4.392859720808115]
794 ; 0 ; 332 ; 2 ; [0.45300645893561242] ; [0.15942179593975647]
794 ; 0 ; 332 ; 3 ; [2.1403889431893424] ; [1.3138005831416502]
794 ; 0 ; 332 ; 5 ; [0.25148637153032105] ; [0.72530382290164019]
794 ; 0 ; 332 ; 10 ; [0.87567033975211905] ; [0.69544954263890435]
794 ; 0 ; 332 ; 11 ; [4.2896133907311063] ; [0.29809961571347526]
794 ; 0 ; 332 ; 13 ; [2.1888367762404348] ; [4.9487650267371412]
794 ; 0 ; 332 ; 15 ; [2.8503812192063132] ; [4.7040470210887255]
794 ; 0 ; 332 ; 16 ; [1.1817698427494205] ; [0.93334363153134803]
794 ; 0 ; 332 ; 18 ; [0.42174964665415365] ; [0.50994593331041693]
794 ; 0 ; 332 ; 19 ; [2.2202965006795257] ; [11.323955454812683]
794 ; 0 ; 332 ; 20 ; [0.25819402856024909] ; [1.7116111594400656]
794 ; 0 ; 332 ; 21 ; [1.4983627371099129] ; [1.6073660432221839]
794 ; 0 ; 333 ; 0 ; [0.061875347535002012, 0.080513666196453448, 0.070412738034693223, 0.026470761066976108] ; [0.081868349685194186, 0.095267093682479265, 0.067083635716872356, 0.069182304442956324]
794 ; 0 ; 334 ; 6 ; [2.0753934707326738, 1.5360621037989928] ; [1.0348954335269331, 0.58202639620588048]