# Run ; Subrun ; Event ; Track ; Charge Ratios View 0 ; Charge Ratios View 1 #
998 ; 94 ; 0 ; 3 ; [0.11982478289769924] ; [0.055138446479052833]
998 ; 94 ; 1 ; 1 ; [3.2461957844972718] ; [0.39858943332113717]
998 ; 94 ; 2 ; 0 ; [0.034316168318452397, 0.03189795467185829, 0.017690820276777278] ; [0.11825832736147242, 0.11212799461790983, 0.13872055847721484]
998 ; 94 ; 3 ; 0 ; [0.52808614003898968] ; [0.52797592912714941]
998 ; 94 ; 3 ; 1 ; [0.096619784388739194] ; [0.35825782864140077]
998 ; 94 ; 3 ; 10 ; [0.066845086308968502] ; [2.2078563439722125]
998 ; 94 ; 4 ; 0 ; [0.050668684153346022, 0.033617622394776246] ; [0.16595967396926975, 0.051856398594138861]
998 ; 94 ; 5 ; 1 ; [0.6373969905979876] ; [0.43070631693978872]
998 ; 94 ; 5 ; 6 ; [0.96182215023015027] ; [0.33669201766570594]
998 ; 94 ; 5 ; 7 ; [0.24634360635479174] ; [0.73052611017740754]
998 ; 94 ; 6 ; 8 ; [0.70647146864372723] ; [5.4416066241229837]
998 ; 94 ; 6 ; 9 ; [1.8695515100389115] ; [3.2311110478042768]
998 ; 94 ; 6 ; 12 ; [2.0854235891865947] ; [0.45741096876263948]
998 ; 94 ; 6 ; 17 ; [1.5289053697998836] ; [1.6835284182576808]
998 ; 94 ; 6 ; 18 ; [0.54921546829928169] ; [3.6775607317127519]
998 ; 94 ; 7 ; 1 ; [0.28428061728711274] ; [0.86828669850686901]
998 ; 94 ; 7 ; 2 ; [0.048716615450689144] ; [0.018759953740654721]
998 ; 94 ; 7 ; 3 ; [0.55936168427961608] ; [0.24713199718047865]
998 ; 94 ; 7 ; 9 ; [1.9830965670695919] ; [1.4074468553325403]
998 ; 94 ; 7 ; 14 ; [0.018153112957459215] ; [0.037491156004314734]
998 ; 94 ; 7 ; 18 ; [0.13550467435254765] ; [0.1586949420699714]
998 ; 94 ; 8 ; 0 ; [0.11157376479563336, 0.14873115499713535] ; [0.086932079041616955, 0.28372972779792111]
998 ; 94 ; 8 ; 3 ; [0.18429753902656956] ; [0.32993739289511309]
998 ; 94 ; 8 ; 4 ; [0.16584771205520452] ; [4.2273968535058195]
998 ; 94 ; 8 ; 5 ; [0.46090284040667373] ; [2.0182156367926831]
998 ; 94 ; 9 ; 0 ; [0.15732182545265014] ; [0.37312476034963321]
998 ; 94 ; 9 ; 7 ; [0.82358690806200741] ; [0.080589495861385058]
998 ; 94 ; 9 ; 8 ; [1.1211348467826938] ; [0.64012299179804899]
998 ; 94 ; 9 ; 12 ; [1.67421381452197] ; [1.5128941635772029]
998 ; 94 ; 9 ; 13 ; [0.083562547973647011] ; [1.0535568029236604]
998 ; 94 ; 9 ; 14 ; [0.030702712854518754] ; [1.6658151058746611]
998 ; 94 ; 9 ; 18 ; [1.4325722774506267] ; [1.9163636650472342]
998 ; 94 ; 9 ; 19 ; [1.9752998295024307] ; [1.351866230636364]
998 ; 94 ; 10 ; 1 ; [0.47389118929102947] ; [0.13467010977937896]
998 ; 94 ; 10 ; 2 ; [1.5339101445499406] ; [0.25027372685849958]
998 ; 94 ; 10 ; 10 ; [0.11965660737808989] ; [4.3692929557989739]
998 ; 94 ; 10 ; 14 ; [0.63404382727096964] ; [0.76766265852245086]
998 ; 94 ; 11 ; 0 ; [0.37642518184541612] ; [1.2993524545377706]
998 ; 94 ; 11 ; 3 ; [0.16447308918372569] ; [1.094416727532564]
998 ; 94 ; 11 ; 4 ; [0.17426113677409982] ; [0.58555073376454536]
998 ; 94 ; 11 ; 11 ; [0.14148971255654699] ; [0.25971840737146906]
998 ; 94 ; 11 ; 12 ; [0.4356644151510905] ; [2.6986049451140266]
998 ; 94 ; 12 ; 8 ; [0.82905576849198492] ; [0.023175742732457042]
998 ; 94 ; 12 ; 10 ; [0.25772884438071597] ; [1.0797325031987319]
998 ; 94 ; 13 ; 2 ; [0.23390164306156194] ; [0.31312084250966354]
998 ; 94 ; 13 ; 5 ; [0.77390305816171789] ; [0.15658547504121667]
998 ; 94 ; 13 ; 6 ; [1.1626792836790574] ; [0.84403851650222828]
998 ; 94 ; 13 ; 7 ; [0.42814071371387824] ; [0.95996841675440592]
998 ; 94 ; 13 ; 10 ; [0.19206517997782163] ; [0.87523057504997637]
998 ; 94 ; 13 ; 11 ; [0.2299784776830153] ; [0.4834351572560126]
998 ; 94 ; 14 ; 0 ; [0.1397983943328483, 0.069309249961095526, 0.68314621588525215] ; [0.12500086855950221, 0.068131583833026393, 0.84565680143821964]
998 ; 94 ; 15 ; 0 ; [0.19580681697496233, 0.29209867205813356] ; [1.0099900970379272, 1.5276211744211727]
998 ; 94 ; 15 ; 1 ; [0.82165890885240622] ; [0.18453633464455935]
998 ; 94 ; 15 ; 2 ; [0.20965245130159196] ; [0.070958051074353129]
998 ; 94 ; 16 ; 0 ; [0.093380512837416885] ; [0.081880357908732743]
998 ; 94 ; 16 ; 3 ; [-0.053307405851710905] ; [0.095163919181884826]
998 ; 94 ; 17 ; 5 ; [0.42358090160626227] ; [0.61995536193131462]
998 ; 94 ; 17 ; 6 ; [1.4947562576417801] ; [0.47690433444964081]
998 ; 94 ; 17 ; 8 ; [0.20515169542004957] ; [0.75032279173062855]
998 ; 94 ; 17 ; 9 ; [0.2157149139064426] ; [0.81099409770072306]
998 ; 94 ; 18 ; 1 ; [0.29237682198559434] ; [0.64444827340560451]
998 ; 94 ; 18 ; 6 ; [0.26431183944192316] ; [1.1080422405615911]
998 ; 94 ; 18 ; 12 ; [2.7951202627875471] ; [1.3575951181369981]
998 ; 94 ; 19 ; 0 ; [0.78413642688525775] ; [0.14953456885137559]
998 ; 94 ; 19 ; 2 ; [0.85626478492468405] ; [1.5055097644004114]
998 ; 94 ; 19 ; 4 ; [0.48651972265753329] ; [2.1598676558800087]
998 ; 94 ; 19 ; 6 ; [0.38342713308547849] ; [1.5159888638538797]
998 ; 94 ; 19 ; 8 ; [2.1162414240835719] ; [1.1522187137514843]
998 ; 94 ; 19 ; 11 ; [0.075930768700476214] ; [3.9643438071004278]
998 ; 94 ; 20 ; 10 ; [0.068756883473169203] ; [0.55897911631612751]
998 ; 94 ; 20 ; 11 ; [0.07635177774427275] ; [0.51323926208395099]
998 ; 94 ; 20 ; 13 ; [0.061675507347948175] ; [0.3445672081595843]
998 ; 94 ; 21 ; 1 ; [0.31205439433865162] ; [0.052789056733740243]
998 ; 94 ; 21 ; 3 ; [0.21681920425850942] ; [0.089936998487322145]
998 ; 94 ; 22 ; 0 ; [0.033252051691011836, 0.05634153910148474] ; [0.17768805661568479, 0.076373133877482124]
998 ; 94 ; 23 ; 0 ; [0.7491649184941338] ; [0.54380160246040687]
998 ; 94 ; 24 ; 0 ; [0.16862905167395711, 0.46969640592743001] ; [0.044696202663495083, 0.27315772135807076]
998 ; 94 ; 24 ; 3 ; [0.50403081660713656] ; [1.7123255971125508]
998 ; 94 ; 25 ; 0 ; [1.3395359984825133] ; [0.07587939807959812]
998 ; 94 ; 25 ; 9 ; [1.3757247904775489] ; [1.5021440220125748]
998 ; 94 ; 25 ; 11 ; [1.6401908578081201] ; [1.5688934654377646]
998 ; 94 ; 25 ; 12 ; [1.6508185797540038] ; [1.2029819754657749]
998 ; 94 ; 26 ; 12 ; [0.26424369976339651] ; [0.37127877897706035]
998 ; 94 ; 27 ; 0 ; [1.6199382967058813] ; [0.12356211534193876]
998 ; 94 ; 28 ; 0 ; [1.2219229009477295] ; [0.30137592269493146]
998 ; 94 ; 28 ; 1 ; [0.14515766624666782] ; [0.082508290169430176]
998 ; 94 ; 28 ; 2 ; [0.23493744152117652] ; [0.71086750634657114]
998 ; 94 ; 28 ; 4 ; [1.1354562805015522] ; [1.3840653385826176]
998 ; 94 ; 29 ; 0 ; [1.4253743594253263] ; [0.31082216289702963]
998 ; 94 ; 29 ; 1 ; [0.46682560102059734] ; [1.3587417270537849]
998 ; 94 ; 29 ; 2 ; [0.0015416693894521587] ; [0.56541788324759845]
998 ; 94 ; 30 ; 0 ; [0.15033711081633525] ; [2.0463646828187545]
998 ; 94 ; 30 ; 1 ; [1.1356758614630649] ; [0.092037779423244662]
998 ; 94 ; 30 ; 3 ; [1.4819325462751107] ; [0.62685927248641404]
998 ; 94 ; 30 ; 4 ; [0.87175330632521741] ; [2.7162199646853677]
998 ; 94 ; 30 ; 5 ; [0.2240507012472569] ; [0.2527939918958943]
998 ; 94 ; 30 ; 10 ; [0.36180972592670263] ; [1.1986479608810594]
998 ; 94 ; 30 ; 11 ; [0.11491978029124897] ; [1.6053676284118108]
998 ; 94 ; 30 ; 12 ; [0.26753424068329457] ; [4.6911244539461636]
998 ; 94 ; 31 ; 0 ; [0.57968272228435758, 0.017711210887300249, 0.033077841451365199, 0.055148938352816292] ; [0.55919634063868917, 0.19426336676071101, 0.258584318380357, 0.099178880148621432]
998 ; 94 ; 31 ; 1 ; [0.092296590358114938] ; [0.11201129479036021]
998 ; 94 ; 32 ; 0 ; [0.11993703679750876, 0.055236363734800537, 0.15583631416003038] ; [0.28594822934985809, 0.19848204997946323, 0.16606458654925532]
998 ; 94 ; 32 ; 6 ; [0.10324148120638084] ; [0.61132416578620019]
998 ; 94 ; 34 ; 0 ; [-0.0039645044197252413] ; [0.3720589492079267]
998 ; 94 ; 34 ; 1 ; [0.041989998052104363] ; [0.19136936434902777]
998 ; 94 ; 34 ; 3 ; [1.2545326597747886] ; [0.44670018980554266]
998 ; 94 ; 34 ; 6 ; [0.034815890978139807] ; [0.41765291459649556]
998 ; 94 ; 34 ; 8 ; [0.18805437841905798] ; [1.4715291577028551]
998 ; 94 ; 34 ; 9 ; [0.040987704267874063] ; [0.66168593033341971]
998 ; 94 ; 34 ; 11 ; [0.11916337463349697] ; [0.20588185179669174]
998 ; 94 ; 34 ; 14 ; [0.59835865546463041] ; [1.5157502851942644]
998 ; 94 ; 35 ; 2 ; [1.7514941624636244] ; [1.4588992984557319]
998 ; 94 ; 35 ; 7 ; [0.053757111024785448] ; [2.2230594454012915]
998 ; 94 ; 35 ; 8 ; [4.9141360461388697] ; [3.3655843703351205]
998 ; 94 ; 35 ; 10 ; [2.7554724721804282] ; [1.6827647747852534]
998 ; 94 ; 35 ; 12 ; [1.8009608887280266] ; [1.7326924306993978]
998 ; 94 ; 35 ; 16 ; [-0.023359551464886778] ; [0.0037937904965616594]
998 ; 94 ; 35 ; 17 ; [2.2119744041467775] ; [4.1854547314732002]
998 ; 94 ; 35 ; 19 ; [0.28403212836084801] ; [2.2273632284365275]
998 ; 94 ; 35 ; 20 ; [0.26957419441362451] ; [2.0377438048737764]
998 ; 94 ; 35 ; 21 ; [3.8269310765788385] ; [1.4085919745525415]
998 ; 94 ; 35 ; 22 ; [2.2377798396828306] ; [2.0460925598432755]
998 ; 94 ; 35 ; 23 ; [0.6763891381453192] ; [1.5313280482857228]
998 ; 94 ; 35 ; 24 ; [0.0037662079384758081, 3.0104110809333466] ; [1.8178988495666546, 2.8600047810227887]
998 ; 94 ; 36 ; 4 ; [2.0606022482952322] ; [2.4530993276109121]
998 ; 94 ; 36 ; 5 ; [0.2264536050877245] ; [1.6931463290347635]
998 ; 94 ; 36 ; 7 ; [0.87816565296159954] ; [1.7678454016738068]
998 ; 94 ; 36 ; 13 ; [2.4185881173713577] ; [0.50224247123811172]
998 ; 94 ; 36 ; 15 ; [0.1749830801675091] ; [0.53725671262728758]
998 ; 94 ; 37 ; 1 ; [0.07035437632131035] ; [0.14086331005002348]
998 ; 94 ; 37 ; 2 ; [2.1133751643541596] ; [0.0076937639315201971]
998 ; 94 ; 37 ; 3 ; [0.043009662271360799] ; [0.94722499040780495]
998 ; 94 ; 38 ; 0 ; [1.4279235296724] ; [0.09471840778415902]
998 ; 94 ; 38 ; 5 ; [0.23277550701992331, 0.41372723186836563, 1.5514503100179569] ; [0.14955059734960355, 0.38648155446641258, 0.060529779783041471]
998 ; 94 ; 40 ; 1 ; [0.28761119419991071] ; [0.2280604580628865]
998 ; 94 ; 40 ; 3 ; [1.1181306659848957] ; [0.74483994238635887]
998 ; 94 ; 40 ; 4 ; [1.1206488169621418] ; [1.5498644320771573]
998 ; 94 ; 40 ; 7 ; [2.2427391300204498] ; [0.02186583480305088]
998 ; 94 ; 40 ; 8 ; [0.76483333056551961] ; [0.63438818545919984]
998 ; 94 ; 40 ; 9 ; [0.60418074848011194] ; [0.80912807955459198]
998 ; 94 ; 40 ; 11 ; [2.108205842993955] ; [1.3286937810550432]
998 ; 94 ; 40 ; 13 ; [0.40583382049503841] ; [0.8259353521036007]
998 ; 94 ; 40 ; 14 ; [3.449432966923573] ; [0.46984099030921311]
998 ; 94 ; 40 ; 17 ; [3.9486309921869771] ; [0.33586149415183725]
998 ; 94 ; 40 ; 19 ; [1.8053017925363435] ; [0.94713542727838806]
998 ; 94 ; 40 ; 22 ; [0.35269527666870648] ; [0.41428779149142508]
998 ; 94 ; 40 ; 25 ; [1.1699600321154728] ; [0.57751156525034797]
998 ; 94 ; 41 ; 0 ; [0.053407954064025036] ; [0.84346396883475916]
998 ; 94 ; 41 ; 1 ; [0.96910191417585967] ; [1.7538434773055238]
998 ; 94 ; 41 ; 2 ; [1.0655355917986451] ; [3.1005373477021902]
998 ; 94 ; 41 ; 3 ; [1.4330075723016933] ; [0.98382255227322224]
998 ; 94 ; 41 ; 4 ; [0.20853440580756677] ; [0.0077429340348960712]
998 ; 94 ; 41 ; 5 ; [1.0251905828829235] ; [3.6609770003182671]
998 ; 94 ; 41 ; 9 ; [0.3008759981541167] ; [0.44776927421316531]
998 ; 94 ; 42 ; 1 ; [0.41125375001856224, 1.4149421503566264] ; [0.10572721878479004, 0.23549197309727524]
998 ; 94 ; 42 ; 2 ; [1.3138510833807131] ; [0.065550423851469794]
998 ; 94 ; 42 ; 7 ; [1.6638817416917382] ; [0.25512089019444562]
998 ; 94 ; 42 ; 9 ; [1.0791250069791352] ; [0.3105213203495652]
998 ; 94 ; 42 ; 10 ; [0.36535249353139887] ; [0.7663002412483727]
998 ; 94 ; 42 ; 11 ; [0.31156449677190362] ; [0.70548041493146518]
998 ; 94 ; 42 ; 12 ; [0.19897865399864759] ; [0.12590789216866161]
998 ; 94 ; 42 ; 19 ; [0.69824879878555579] ; [-0.003954904855231714]
998 ; 94 ; 43 ; 4 ; [0.47560486605363783] ; [0.91495122896406567]
998 ; 94 ; 43 ; 6 ; [0.45944550725242478] ; [1.2378461550063147]
998 ; 94 ; 43 ; 7 ; [1.4371795408018546] ; [-0.013859937466282725]
998 ; 94 ; 43 ; 16 ; [1.3661110563116243] ; [0.80939188917509286]
998 ; 94 ; 44 ; 1 ; [0.23336560771841452] ; [0.13387679059107954]
998 ; 94 ; 44 ; 9 ; [0.23306870774420257] ; [-0.54334498917056107]
998 ; 94 ; 44 ; 10 ; [0.22243778439032869] ; [-2.7378582529882149]
998 ; 94 ; 44 ; 21 ; [0.75951659637812141] ; [1.8628890751023093]
998 ; 94 ; 45 ; 0 ; [0.27332706519189609, 0.0099529064995248183, 0.0057736384161108083] ; [0.30432098858262141, 0.22634877556887928, 0.073032081092659365]
998 ; 94 ; 46 ; 1 ; [1.9134695240017556] ; [0.090187152583100325]
998 ; 94 ; 46 ; 6 ; [0.12172249001625156] ; [4.1085571475218146]
998 ; 94 ; 47 ; 2 ; [0.67902833957981201] ; [0.36623353481973919]
998 ; 94 ; 47 ; 4 ; [0.21456300018399291] ; [0.37055192155161731]
998 ; 94 ; 47 ; 7 ; [0.13617730458953597] ; [0.70963001716574048]
998 ; 94 ; 47 ; 11 ; [0.12058053269753706] ; [0.37392338385384105]
998 ; 94 ; 48 ; 0 ; [0.00029666300920639971] ; [0.021758028501462429]
998 ; 94 ; 48 ; 2 ; [0.53013599841446946] ; [0.038367891968172793]
998 ; 94 ; 48 ; 5 ; [-0.0057425376828317406] ; [0.042395833528626907]
998 ; 94 ; 49 ; 0 ; [0.094242899378819911, 0.14401842930257358, 0.74438552790234591] ; [0.13510953064975301, 0.1193545100321507, 0.10552955069421018]
998 ; 94 ; 49 ; 1 ; [0.18752563185051987] ; [-0.19049619739042412]
998 ; 94 ; 50 ; 0 ; [0.12470395762497678, 0.037837818612305237, 0.073567395786840115] ; [0.064870920919243069, 0.10107120521234543, 0.13023360319901378]
998 ; 94 ; 50 ; 2 ; [0.05778271599885252] ; [0.00066193825073177079]
998 ; 94 ; 51 ; 3 ; [1.4038797474221545] ; [1.3032561988746927]
998 ; 94 ; 51 ; 6 ; [-3.6633968963302679] ; [1.183949137681316]
998 ; 94 ; 51 ; 7 ; [1.6007947635716291] ; [2.6518693193520706]
998 ; 94 ; 51 ; 10 ; [2.2434139789585497] ; [1.7700651736731279]
998 ; 94 ; 51 ; 15 ; [0.6736315511457327] ; [0.64148999913122406]
998 ; 94 ; 51 ; 16 ; [1.0092070775316417] ; [2.4648663438439962]
998 ; 94 ; 51 ; 19 ; [2.8806135648265299] ; [2.1873758172407327]
998 ; 94 ; 51 ; 22 ; [3.2332754066859248] ; [1.60938966342163]
998 ; 94 ; 51 ; 23 ; [3.7649701846713177] ; [0.8014785401400828]
998 ; 94 ; 51 ; 24 ; [0.86965132639151965] ; [1.7092981315258873]
998 ; 94 ; 51 ; 26 ; [-57.443099914653182] ; [1.9464000960394101]
998 ; 94 ; 51 ; 29 ; [2.4300088292108519] ; [2.126862984896404]
998 ; 94 ; 51 ; 30 ; [5.9622980420610139] ; [2.1223846522213301]
998 ; 94 ; 52 ; 1 ; [1.7310734947825526] ; [1.1383294255132757]
998 ; 94 ; 52 ; 2 ; [1.0776311795800715] ; [1.4372375875437753]
998 ; 94 ; 52 ; 9 ; [0.71374707200189247] ; [0.9920772758371813]
998 ; 94 ; 52 ; 10 ; [0.60134420377933695] ; [1.5429130092910393]
998 ; 94 ; 52 ; 12 ; [0.069028482660356716] ; [1.3494252885651659]
998 ; 94 ; 52 ; 15 ; [0.083069516265370985] ; [2.5091796349513817]
998 ; 94 ; 52 ; 17 ; [1.6123009516610176] ; [1.2912980479922809]
998 ; 94 ; 52 ; 18 ; [0.86241584923908865] ; [0.9009378791274002]
998 ; 94 ; 52 ; 19 ; [0.057759726407551837] ; [0.70652421348503169]
998 ; 94 ; 52 ; 20 ; [1.4532064763003518] ; [2.0827989812213454]
998 ; 94 ; 52 ; 22 ; [2.3471217587896471] ; [2.7759677714451478]
998 ; 94 ; 52 ; 26 ; [2.5648846893119877] ; [2.1231446169401447]
998 ; 94 ; 52 ; 27 ; [0.0740046039916014] ; [2.0550183530032413]
998 ; 94 ; 52 ; 30 ; [1.2701480888438561] ; [1.7297735539655863]
998 ; 94 ; 53 ; 1 ; [0.78093335409747766] ; [1.3085590524071646]
998 ; 94 ; 53 ; 4 ; [0.058263929091695546] ; [0.76033396499810946]
998 ; 94 ; 53 ; 6 ; [0.093265945080890159] ; [2.6256547507888857]
998 ; 94 ; 53 ; 7 ; [1.5272796143722474] ; [0.040524896858282963]
998 ; 94 ; 53 ; 9 ; [0.32092467065043734] ; [2.7345419554387731]
998 ; 94 ; 53 ; 10 ; [0.084047957772052262] ; [1.8918961601771134]
998 ; 94 ; 54 ; 3 ; [0.72813645057613174] ; [0.54332011384600998]
998 ; 94 ; 54 ; 5 ; [0.2089460192708435] ; [0.88797740995398744]
998 ; 94 ; 54 ; 9 ; [0.18187013977746108] ; [0.65054452651793515]
998 ; 94 ; 54 ; 12 ; [-0.048614478119609152] ; [0.21120716852298696]
998 ; 94 ; 54 ; 13 ; [0.75217481168040523] ; [0.98800762473017156]
998 ; 94 ; 55 ; 0 ; [1.5995519869299917] ; [0.20446152115330843]
998 ; 94 ; 55 ; 4 ; [-0.0070911375207275426] ; [0.08836354190899455]
998 ; 94 ; 56 ; 0 ; [0.10182739042760285] ; [1.1082020476762178]
998 ; 94 ; 56 ; 2 ; [0.010108075221550701] ; [0.30341347523579748]
998 ; 94 ; 57 ; 2 ; [1.7176125700332114] ; [1.5305759421185741]
998 ; 94 ; 57 ; 3 ; [2.1602931657570896] ; [1.4904348207536737]
998 ; 94 ; 57 ; 7 ; [0.83190312926546839] ; [0.32832689432862755]
998 ; 94 ; 57 ; 9 ; [0.64777518878550044] ; [2.1196776884568322]
998 ; 94 ; 57 ; 10 ; [0.23934456596024511] ; [1.7479832500493155]
998 ; 94 ; 57 ; 11 ; [1.5963033607176209] ; [2.0544909885449978]
998 ; 94 ; 57 ; 14 ; [0.59770740820266088] ; [0.6669058857900052]
998 ; 94 ; 57 ; 15 ; [0.45065681607292463] ; [1.216332276421566]
998 ; 94 ; 57 ; 17 ; [1.8058081111167621] ; [1.5145544617365667]
998 ; 94 ; 57 ; 19 ; [0.28973882181108196] ; [1.4216112523676701]
998 ; 94 ; 57 ; 20 ; [2.0286046011827086] ; [1.4546413210302798]
998 ; 94 ; 57 ; 21 ; [1.3571653143176809] ; [0.9624975511424011]
998 ; 94 ; 57 ; 22 ; [0.33170312589851203] ; [1.819571418815948]
998 ; 94 ; 57 ; 27 ; [1.9187588656927763] ; [-0.012838366999953676]
998 ; 94 ; 57 ; 28 ; [1.7060416459166332] ; [1.7684078941731702]
998 ; 94 ; 57 ; 29 ; [0.74368065094145652] ; [2.9274430553690394]
998 ; 94 ; 57 ; 30 ; [0.34881771558325125] ; [1.2376023573984409]
998 ; 94 ; 57 ; 31 ; [1.6607722561948415] ; [3.0370144252536755]
998 ; 94 ; 58 ; 0 ; [-0.0056551530277615149, 0.11127209854251198, 0.028799101148620457] ; [0.081795597921995589, 0.16295051097032132, 0.083019766595815392]
998 ; 94 ; 59 ; 0 ; [0.035296761315362635, -0.060403532262653478, -0.024209363005748726] ; [0.25699458168045336, 0.28295217032498582, 0.180270706075534]
998 ; 94 ; 59 ; 1 ; [0.19033099720310953, 1.1079153124094654] ; [0.042043196435250528, 0.16959812540679919]
998 ; 94 ; 59 ; 2 ; [0.4058833449231799] ; [0.074277477678332565]
998 ; 94 ; 59 ; 3 ; [0.51325387947378154] ; [0.14302931708905267]
998 ; 94 ; 60 ; 0 ; [0.47873079777919803] ; [0.33933652104673628]
998 ; 94 ; 60 ; 2 ; [0.18232789115619716] ; [1.3954147790585241]
998 ; 94 ; 60 ; 8 ; [0.65596091290453773] ; [0.25367950808021139]
998 ; 94 ; 60 ; 10 ; [1.5075109579787787] ; [1.8713076125177484]
998 ; 94 ; 60 ; 11 ; [1.5675712117976084] ; [3.240542023854081]
998 ; 94 ; 60 ; 13 ; [0.25501669506004704] ; [1.6528841453309198]
998 ; 94 ; 60 ; 17 ; [0.19428752348091097] ; [1.7031348785778662]
998 ; 94 ; 60 ; 21 ; [0.5234333379127748, 1.3356872156380222] ; [0.46281186699228638, 0.96363317305687535]
998 ; 94 ; 61 ; 0 ; [0.82036841336513711] ; [0.091508571512337475]
998 ; 94 ; 61 ; 1 ; [0.52734493767491408] ; [0.29184844833332407]
998 ; 94 ; 61 ; 3 ; [0.87332050740933498] ; [2.001165501415803]
998 ; 94 ; 61 ; 4 ; [1.8220378687931178] ; [0.71310716934023211]
998 ; 94 ; 61 ; 6 ; [0.53066360281192793] ; [0.62944348023345498]
998 ; 94 ; 61 ; 7 ; [0.65925198373551852] ; [6.5366855658147092]
998 ; 94 ; 61 ; 8 ; [0.11585795946362942] ; [1.2133957632846617]
998 ; 94 ; 61 ; 10 ; [0.36503728408884867] ; [0.51585145921303988]
998 ; 94 ; 61 ; 13 ; [0.69573859631129731] ; [0.29754895942475357]
998 ; 94 ; 61 ; 15 ; [0.26180511391254785] ; [1.0903407036368327]
998 ; 94 ; 61 ; 18 ; [0.91536073110977434] ; [1.3614938536952588]
998 ; 94 ; 61 ; 19 ; [1.2381853893022039] ; [2.2691203398400384]
998 ; 94 ; 61 ; 21 ; [0.32557636485583358] ; [1.766763319957831]
998 ; 94 ; 61 ; 23 ; [0.6283697755093044] ; [1.2306331681015983]
998 ; 94 ; 62 ; 3 ; [0.88245205524618564] ; [0.66951414668408094]
998 ; 94 ; 62 ; 4 ; [0.045969870853445033] ; [0.041278857083389596]
998 ; 94 ; 63 ; 1 ; [-0.010872103159863802] ; [0.27415226647767937]
998 ; 94 ; 63 ; 8 ; [0.052509153381613868] ; [0.086044576071071396]
998 ; 94 ; 63 ; 14 ; [0.017196057598364792] ; [1.6045008692157148]
998 ; 94 ; 63 ; 18 ; [0.032472983114853922] ; [1.2636450177298115]
998 ; 94 ; 63 ; 21 ; [1.6336434984408237] ; [1.2051902419969931]
998 ; 94 ; 63 ; 26 ; [1.8971028712167357] ; [1.4343563955270375]
998 ; 94 ; 65 ; 0 ; [-0.0078982956967407029, 0.018469113091888496] ; [0.15750843117736338, 0.041663107049317527]
998 ; 94 ; 65 ; 1 ; [0.012820179340698647, 0.053875851776918199] ; [0.086382561355096685, 0.064422519714493476]
998 ; 94 ; 66 ; 0 ; [0.081921939416818898, -0.0010068867498198211, 0.037411335446217255] ; [0.25422795692724287, 0.10999455841156108, 0.24793624125210056]
998 ; 94 ; 66 ; 6 ; [0.89912555007924178] ; [1.8632629008787804]
998 ; 94 ; 67 ; 3 ; [1.7462639596039755] ; [0.39707860775283615]
998 ; 94 ; 67 ; 8 ; [0.98542454174994765] ; [0.2144211810096692]
998 ; 94 ; 67 ; 13 ; [0.13144536147231159, 0.22052784707535963, 1.9683839551987226] ; [0.78639952087435405, 1.2366193157810434, 0.034685385118328887]
998 ; 94 ; 67 ; 14 ; [0.12622582272895388] ; [0.30273901016681015]
998 ; 94 ; 67 ; 15 ; [0.37829319743608653] ; [1.1509469797526781]
998 ; 94 ; 67 ; 16 ; [0.88679702871205524] ; [0.44696934698065938]
998 ; 94 ; 67 ; 17 ; [0.52027507109551285] ; [0.35521234808493762]
998 ; 94 ; 68 ; 7 ; [0.012765085474837786] ; [0.52367749336851221]
998 ; 94 ; 68 ; 8 ; [0.37482880798132023] ; [0.6866377110238272]
998 ; 94 ; 68 ; 19 ; [0.036743804019381404] ; [1.3396704621205473]
998 ; 94 ; 68 ; 23 ; [0.10865264987959058] ; [0.63767020814058806]
998 ; 94 ; 68 ; 24 ; [0.16611305358496706] ; [0.73150695186178682]
998 ; 94 ; 69 ; 6 ; [1.5788581434931082] ; [2.1526046983133957]
998 ; 94 ; 70 ; 3 ; [0.38985724051023057] ; [0.60334564368006893]
998 ; 94 ; 70 ; 4 ; [0.20716602037240353] ; [0.25468064002443436]
998 ; 94 ; 70 ; 6 ; [0.25452538933535579] ; [0.74210089630680398]
998 ; 94 ; 70 ; 10 ; [0.3324823646031313] ; [0.14836514993775593]
998 ; 94 ; 70 ; 11 ; [1.6953242377562381] ; [1.549634385291206]
998 ; 94 ; 70 ; 15 ; [0.72682587310743463] ; [0.84093698514462956]
998 ; 94 ; 70 ; 17 ; [2.037132975148789] ; [1.5798636414589786]
998 ; 94 ; 70 ; 21 ; [0.9959924621859626] ; [2.0065821474319754]
998 ; 94 ; 71 ; 0 ; [0.92416751178828915, 2.7463273064738067] ; [0.32619888293171562, 0.63653548457663689]
998 ; 94 ; 71 ; 1 ; [0.16770749348428768, 0.24271297826070137] ; [0.023150989264438385, 0.013640401263783167]
998 ; 94 ; 71 ; 4 ; [0.47282771176500993] ; [0.25577759541650857]
998 ; 94 ; 71 ; 5 ; [0.25892116242621199] ; [0.89153252676712436]
998 ; 94 ; 71 ; 10 ; [0.34501676866381303] ; [0.42885074649492722]
998 ; 94 ; 71 ; 12 ; [1.7194989759232582] ; [0.21262606401142323]
998 ; 94 ; 71 ; 15 ; [0.35433264593033359] ; [1.2229291207765904]
998 ; 94 ; 71 ; 40 ; [0.84112587490295088] ; [0.72733948506338542]
998 ; 94 ; 71 ; 41 ; [1.0740008432142469] ; [1.3869750009309985]
998 ; 94 ; 72 ; 0 ; [0.076551021799816099] ; [0.51409159401516347]
998 ; 94 ; 72 ; 6 ; [1.1610600223319576] ; [1.7345582307793435]
998 ; 94 ; 72 ; 8 ; [0.15639025656741271] ; [1.3143092497915778]
998 ; 94 ; 72 ; 10 ; [1.3149220477383377] ; [1.5073045824039839]
998 ; 94 ; 72 ; 12 ; [0.078585278485200027] ; [1.0574892278305932]
998 ; 94 ; 73 ; 0 ; [0.64373030684178212] ; [0.017444696115418414]
998 ; 94 ; 73 ; 6 ; [0.414979924109664] ; [1.3214828146891942]
998 ; 94 ; 74 ; 0 ; [1.4785166440802899, 0.4327109863157651] ; [1.1745197223451982, 0.52017023308365884]
998 ; 94 ; 74 ; 8 ; [1.4874581819400656] ; [1.7251206331563889]
998 ; 94 ; 74 ; 13 ; [0.18380068721069873] ; [1.4197829423886237]
998 ; 94 ; 74 ; 14 ; [1.2491503878836998] ; [1.8835767385065043]
998 ; 94 ; 74 ; 15 ; [1.3795050385462233] ; [1.2677785215542574]
998 ; 94 ; 74 ; 16 ; [0.13075815114625847] ; [1.6565595924940533]
998 ; 94 ; 74 ; 19 ; [0.1354031830268751] ; [1.7635727855891961]
998 ; 94 ; 74 ; 21 ; [0.66119890644495261] ; [2.1789734718970055]
998 ; 94 ; 74 ; 26 ; [0.070952453473547714] ; [1.8997406458134924]
998 ; 94 ; 74 ; 28 ; [0.47353783155943358] ; [1.3519411815816109]
998 ; 94 ; 75 ; 1 ; [0.35243056358426511] ; [0.52011161218089164]
998 ; 94 ; 75 ; 3 ; [4.5827876446061904] ; [0.39415138186029802]
998 ; 94 ; 75 ; 6 ; [0.23155211712521553] ; [1.6842332647292324]
998 ; 94 ; 75 ; 8 ; [0.13044924768075974] ; [0.2162510843231934]
998 ; 94 ; 75 ; 9 ; [0.42215478590456595] ; [0.32811262976133926]
998 ; 94 ; 76 ; 7 ; [2.5477760286816924] ; [1.2454536177471003]
998 ; 94 ; 76 ; 10 ; [1.8735825410618454] ; [3.2118735786556765]
998 ; 94 ; 76 ; 13 ; [2.7358361470163439] ; [1.7958453025029826]
998 ; 94 ; 76 ; 14 ; [1.9996282076467873] ; [0.57546092334200871]
998 ; 94 ; 76 ; 20 ; [2.2374807160049026] ; [2.5619335080351817]
998 ; 94 ; 76 ; 24 ; [1.5916396815259353] ; [1.7152310147662848]
998 ; 94 ; 76 ; 25 ; [1.5520754495804081] ; [4.2090413548401395]
998 ; 94 ; 76 ; 26 ; [0.40104526063513396] ; [1.7478681474413031]
998 ; 94 ; 76 ; 30 ; [3.0517350138589054] ; [1.2586620454496982]
998 ; 94 ; 76 ; 34 ; [2.2314810673958667] ; [2.3149640819560249]
998 ; 94 ; 76 ; 35 ; [1.8912579892666419] ; [1.7196020711812674]
998 ; 94 ; 76 ; 37 ; [1.7652262226176563] ; [0.22069291616990991]
998 ; 94 ; 77 ; 2 ; [1.3293180232212829] ; [0.6801098249386357]
998 ; 94 ; 77 ; 3 ; [0.58451167478930843] ; [0.25458180507673084]
998 ; 94 ; 77 ; 4 ; [0.017009712621741849] ; [0.044260275752247988]
998 ; 94 ; 78 ; 0 ; [1.1807703156444249] ; [0.1853594841889005]
998 ; 94 ; 78 ; 5 ; [0.48223219431733844] ; [0.086376276807953789]
998 ; 94 ; 78 ; 6 ; [0.14050106402995688] ; [0.20303319710455503]
998 ; 94 ; 79 ; 4 ; [1.2735649291124467] ; [0.55743833146666011]
998 ; 94 ; 79 ; 5 ; [0.4929103431342251] ; [1.9055564402716396]
998 ; 94 ; 79 ; 7 ; [0.1416394793829264] ; [2.0648759761115203]
998 ; 94 ; 79 ; 12 ; [17.015794435679666] ; [0.064529560484332948]
998 ; 94 ; 79 ; 13 ; [0.20162754527947591] ; [1.5376197321074403]
998 ; 94 ; 80 ; 0 ; [0.17564246218818746] ; [0.065209680395215672]
998 ; 94 ; 80 ; 4 ; [0.14244009874530292] ; [2.7041424712295323]
998 ; 94 ; 80 ; 5 ; [0.12610950357798606] ; [0.13708698591468277]
998 ; 94 ; 80 ; 8 ; [0.23959228157605678] ; [1.5176937454637727]
998 ; 94 ; 80 ; 9 ; [0.41861169355416256] ; [1.7861986672707038]
998 ; 94 ; 81 ; 0 ; [0.2629691059373267, 0.31829285254414114] ; [-0.010337927859233863, 0.05559407106811317]
998 ; 94 ; 81 ; 7 ; [0.97525577428249055] ; [1.1170385502072488]
998 ; 94 ; 81 ; 8 ; [1.274425635906772, 0.34571883506570406] ; [0.52713377117427573, 0.24992067609603716]
998 ; 94 ; 81 ; 21 ; [0.15898192791150845] ; [0.22182599928771732]
998 ; 94 ; 82 ; 0 ; [0.029695460746852788] ; [0.17904084167333004]
998 ; 94 ; 82 ; 4 ; [0.031364131065992229] ; [0.071189973916788371]
998 ; 94 ; 83 ; 3 ; [1.7295499606703322] ; [0.44248999135016187]
998 ; 94 ; 83 ; 7 ; [0.22223644244661239] ; [1.0297963969774775]
998 ; 94 ; 83 ; 9 ; [0.40207577759536561] ; [1.2419721670533044]
998 ; 94 ; 84 ; 0 ; [1.2802681356317009] ; [0.42954469552696656]
998 ; 94 ; 84 ; 1 ; [0.13652726178104838] ; [0.37116238986469596]
998 ; 94 ; 85 ; 0 ; [0.26122348763277869] ; [0.074432084580667426]
998 ; 94 ; 85 ; 1 ; [0.91239009013402794] ; [0.024787614608185335]
998 ; 94 ; 85 ; 8 ; [0.88839802874769447] ; [0.65670704042747374]
998 ; 94 ; 85 ; 12 ; [1.2302535993909967] ; [1.4273017859959325]
998 ; 94 ; 85 ; 13 ; [0.020083501508646882] ; [1.9664692767733114]
998 ; 94 ; 85 ; 14 ; [2.5738349971841168] ; [1.0819815582520844]
998 ; 94 ; 86 ; 0 ; [0.017793045594854954, 0.14708484516022494, 0.0064862992995683407] ; [0.21411411812102796, 0.19987246783871368, 0.08220327711985001]
998 ; 94 ; 87 ; 0 ; [0.0061121355499738047, 0.02127161319436767, -0.0022049104861150896, 0.0081828528078506293] ; [0.23645768485475777, 0.16147170714555489, 0.046515508111858582, 0.080799184266665755]
998 ; 94 ; 87 ; 2 ; [0.27896941406369063] ; [0.11030912457919391]
998 ; 94 ; 87 ; 4 ; [0.18642722250834695] ; [0.14731037255985532]
998 ; 94 ; 88 ; 0 ; [0.013777770891646328] ; [0.29911829106167864]
998 ; 94 ; 88 ; 4 ; [0.049619149542366819] ; [0.28634357818635953]
998 ; 94 ; 88 ; 5 ; [1.8356399174732616] ; [0.47191928318868792]
998 ; 94 ; 89 ; 0 ; [0.18567856065654023, 0.043985386835678854, -0.0064429972800458656] ; [0.26208627529800527, 0.1844977738329221, 0.13582635772201485]
998 ; 94 ; 89 ; 1 ; [0.10622471059229699] ; [0.10367018175434964]
998 ; 94 ; 90 ; 0 ; [0.028078691302288131] ; [0.066313867458188056]
998 ; 94 ; 90 ; 1 ; [0.68437360169525152] ; [0.57950307181517613]
998 ; 94 ; 90 ; 2 ; [0.76998432423828156] ; [1.3668537765671642]
998 ; 94 ; 90 ; 3 ; [0.28983679477758267] ; [0.6146791131985947]
998 ; 94 ; 90 ; 6 ; [0.032468604308783462] ; [0.15562838760070469]
998 ; 94 ; 91 ; 0 ; [0.09919378220406283] ; [0.096915126803219315]
998 ; 94 ; 91 ; 2 ; [0.31184665744220164] ; [0.84600158694014704]
998 ; 94 ; 91 ; 6 ; [0.45298546285124869] ; [2.3818313697337832]
998 ; 94 ; 91 ; 7 ; [0.16853340172752265] ; [0.9084830553671287]
998 ; 94 ; 91 ; 9 ; [0.36105128783279838] ; [0.87164228729447935]
998 ; 94 ; 91 ; 10 ; [0.17161866407247134] ; [1.437788884081922]
998 ; 94 ; 91 ; 11 ; [0.34560662380264334] ; [0.052889469453580779]
998 ; 94 ; 92 ; 6 ; [0.27198586822940624, 0.53002313223832465, 0.20250848711761094] ; [0.3698697201026086, 0.69093745596509637, 0.15911843951627905]
998 ; 94 ; 93 ; 0 ; [0.028810035579976963, 0.064238940226746616] ; [0.17978535739907145, 0.049712338233214554]
998 ; 94 ; 94 ; 0 ; [0.6152923806747167] ; [0.77785846044239693]
998 ; 94 ; 94 ; 5 ; [0.94368403089290254] ; [0.80410138883759597]
998 ; 94 ; 94 ; 8 ; [1.3134056760001258] ; [0.2993133379369064]
998 ; 94 ; 95 ; 6 ; [0.23695951348740352] ; [1.4162655343006298]
998 ; 94 ; 95 ; 9 ; [0.0043989289959967016] ; [0.016946573449227394]
998 ; 94 ; 95 ; 10 ; [2.8205969970499294] ; [5.2148893786706605]
998 ; 94 ; 95 ; 11 ; [0.69705190559705354] ; [5.7083234050866061]
998 ; 94 ; 96 ; 0 ; [0.15981766050967808, 0.61979795427050954, 7.4271213974482961] ; [0.14025520088462773, 0.16961107874458844, 0.16908442620118164]
998 ; 94 ; 97 ; 0 ; [0.52229794225977233, 0.056597508395712912] ; [0.037449763472568405, 0.065560468136236477]
998 ; 94 ; 97 ; 1 ; [0.42864953093143077] ; [0.28378135296442986]
998 ; 94 ; 97 ; 2 ; [1.4686863460071964] ; [0.13032472666567471]
998 ; 94 ; 97 ; 3 ; [0.16664764232778323] ; [0.54287949857085316]
998 ; 94 ; 98 ; 8 ; [0.052382777542684562] ; [0.57997689875163527]
998 ; 94 ; 99 ; 1 ; [-0.0088096551858460308] ; [1.4529362754329389]
998 ; 94 ; 99 ; 2 ; [0.17697347171685404] ; [0.033326443803816337]
998 ; 94 ; 99 ; 4 ; [0.28438525718001367] ; [0.55373165065242691]
998 ; 94 ; 99 ; 5 ; [0.059860141885301102] ; [1.0805330293361031]
998 ; 94 ; 99 ; 11 ; [0.82141264871074438] ; [0.34342155485859494]
998 ; 94 ; 100 ; 0 ; [0.18288070047132221] ; [0.31815038203952595]
998 ; 94 ; 100 ; 1 ; [0.0084332695384855098] ; [0.040799422616227883]
998 ; 94 ; 100 ; 6 ; [0.079481742795505197] ; [1.0353185750722236]
998 ; 94 ; 101 ; 0 ; [1.1986593889764985] ; [1.2217125879727573]
998 ; 94 ; 101 ; 1 ; [0.0092078537733501463] ; [0.34616924420857281]
998 ; 94 ; 101 ; 4 ; [1.5886050612894398] ; [2.2207810640773755]
998 ; 94 ; 102 ; 0 ; [0.19773639516172489] ; [0.080241796945990485]
998 ; 94 ; 103 ; 1 ; [0.82656577239193219] ; [0.063467521381707664]
998 ; 94 ; 103 ; 2 ; [0.46865366397597419] ; [0.26007108312290894]
998 ; 94 ; 103 ; 6 ; [0.087773756186950908] ; [0.22233579577597162]
998 ; 94 ; 103 ; 10 ; [0.72984484570512664] ; [1.154304242409699]
998 ; 94 ; 103 ; 12 ; [1.4561636169062784] ; [1.6973255763706327]
998 ; 94 ; 103 ; 18 ; [1.5449979479262199] ; [1.6619810062030607]
998 ; 94 ; 103 ; 22 ; [0.061248718405473385] ; [0.29509881158868656]
998 ; 94 ; 103 ; 28 ; [1.4830898653446698] ; [1.1947112316433066]
998 ; 94 ; 103 ; 31 ; [1.7373683162801139] ; [2.4336351728606775]
998 ; 94 ; 103 ; 32 ; [0.060148539413361082] ; [1.8587019005245093]
998 ; 94 ; 103 ; 39 ; [1.3689215493478559] ; [3.2484182524794125]
998 ; 94 ; 103 ; 51 ; [0.41471320226418779] ; [1.2137026649686431]
998 ; 94 ; 104 ; 11 ; [0.52892889582801461] ; [0.2676001626872867]
998 ; 94 ; 105 ; 0 ; [0.15939973231198876] ; [0.032220099790587098]
998 ; 94 ; 105 ; 1 ; [0.15557249018274483] ; [0.0096017726140798822]
998 ; 94 ; 105 ; 3 ; [0.19344640458184814] ; [0.28278374951181384]
998 ; 94 ; 105 ; 7 ; [0.44849682155345083] ; [1.3005814898344776]
998 ; 94 ; 106 ; 3 ; [0.083798379906966119] ; [1.074654771846868]
998 ; 94 ; 107 ; 0 ; [0.59502445120236969] ; [0.02347577518013062]
998 ; 94 ; 107 ; 1 ; [-0.0008426575126149556] ; [0.40615320943045458]
998 ; 94 ; 107 ; 6 ; [1.1509991417295042] ; [0.075619912523837624]
998 ; 94 ; 108 ; 0 ; [0.41436624252681614, 0.076155193955620634] ; [0.49155512819148151, 0.36918074253755473]
998 ; 94 ; 108 ; 1 ; [0.55985838616751304] ; [0.42943170535482]
998 ; 94 ; 108 ; 2 ; [0.27345525098472312] ; [0.14684709834299448]
998 ; 94 ; 108 ; 3 ; [0.1188492138116479] ; [0.24663893621442978]
998 ; 94 ; 108 ; 10 ; [0.16770283541596551] ; [0.061535106229674341]
998 ; 94 ; 108 ; 11 ; [0.11964701702885347, 0.1638087461189682] ; [0.11298286047712253, 0.22691531642225116]
998 ; 94 ; 109 ; 0 ; [0.73347309329568078] ; [0.16310505112487209]
998 ; 94 ; 109 ; 7 ; [0.83461217845729951] ; [1.6968918893924279]
998 ; 94 ; 109 ; 9 ; [2.4076168446039636] ; [0.91478263862209452]
998 ; 94 ; 109 ; 18 ; [2.0723457408125041] ; [1.9489825345716403]
998 ; 94 ; 109 ; 19 ; [1.8710876106811831] ; [1.4771558457104235]
998 ; 94 ; 111 ; 0 ; [0.23745648800150751, 0.20035403907736732] ; [0.27718137565544343, 0.27152750111497015]
998 ; 94 ; 112 ; 9 ; [0.47506496885005406] ; [1.2616704731170072]
998 ; 94 ; 112 ; 15 ; [2.41233770568136] ; [1.5377485720438202]
998 ; 94 ; 113 ; 5 ; [0.63202804762623022] ; [1.1847560831361084]
998 ; 94 ; 113 ; 8 ; [0.72228596112599941] ; [0.6706611203645213]
998 ; 94 ; 114 ; 0 ; [0.090857716452500695] ; [0.10315218865967722]
998 ; 94 ; 114 ; 3 ; [0.15426814015662185] ; [0.097551842962346674]
998 ; 94 ; 115 ; 0 ; [0.3586102449959645] ; [0.50722287869858407]
998 ; 94 ; 115 ; 1 ; [1.0264849350736933] ; [2.4363220297574957]
998 ; 94 ; 115 ; 8 ; [0.026479669617750289] ; [0.37397680452208315]
998 ; 94 ; 115 ; 10 ; [0.021327184994645969] ; [1.5806715614868994]
998 ; 94 ; 115 ; 11 ; [0.02602656868183546] ; [0.92349450019868351]
998 ; 94 ; 115 ; 12 ; [0.0012622194942738241] ; [1.3762437326631514]
998 ; 94 ; 116 ; 0 ; [0.056072534205589476, 0.025140621147757676] ; [0.21208875903664487, 0.10893810551176797]
998 ; 94 ; 116 ; 1 ; [0.23722260754898916] ; [0.17562951651839198]
998 ; 94 ; 116 ; 14 ; [0.95213061988560088] ; [1.7316864120250703]
998 ; 94 ; 117 ; 0 ; [0.056876786381198079, 0.6262793448444669] ; [0.095604983664834484, 0.077095946147782465]
998 ; 94 ; 117 ; 1 ; [0.31366796919165985] ; [0.27177844367491999]
998 ; 94 ; 117 ; 3 ; [0.34717915137011079, 0.081274957452695751] ; [0.17877484209856134, 0.014254113313463447]
998 ; 94 ; 117 ; 4 ; [0.25082838576537353] ; [-0.023784520215365319]
998 ; 94 ; 117 ; 8 ; [0.99383135817226231] ; [0.034634661426463521]
998 ; 94 ; 117 ; 12 ; [0.25282609719556953] ; [0.39305614765763341]
998 ; 94 ; 118 ; 1 ; [0.21703879538211621] ; [0.40213890944353287]
998 ; 94 ; 118 ; 4 ; [0.32948808116220313] ; [1.5811931395886412]
998 ; 94 ; 118 ; 5 ; [0.19965645688054579] ; [0.76103575258245304]
998 ; 94 ; 118 ; 8 ; [3.5697544154437502] ; [1.1811589980329393]
998 ; 94 ; 119 ; 0 ; [0.29330675935499129] ; [0.85024198726762479]
998 ; 94 ; 119 ; 1 ; [0.097861006208616208] ; [1.1198257094606165]
998 ; 94 ; 120 ; 0 ; [0.15774957739876605, 0.55836657264229705] ; [0.081736410265120213, 0.71202936633159697]
998 ; 94 ; 120 ; 4 ; [7.6345021135330855] ; [0.11076123853295185]
998 ; 94 ; 120 ; 11 ; [0.24941930755080366] ; [1.3222054364559515]
998 ; 94 ; 120 ; 14 ; [0.53798639559438144] ; [0.59818734580954047]
998 ; 94 ; 121 ; 0 ; [0.34056962922224654] ; [0.08642533504526112]
998 ; 94 ; 122 ; 0 ; [0.15446880885125255] ; [0.77631378178634014]
998 ; 94 ; 122 ; 1 ; [0.11513752522359855] ; [3.2473047189311188]
998 ; 94 ; 122 ; 3 ; [0.6513946999157143] ; [0.57039029177935252]
998 ; 94 ; 123 ; 0 ; [0.12816672822295494, 0.28366283179021456, 0.40322907976715805] ; [0.11431801827581387, 0.20947317114513903, 0.29835385522387103]
998 ; 94 ; 123 ; 6 ; [0.062560724904400636] ; [0.086302538792576391]
998 ; 94 ; 123 ; 10 ; [0.083583897568797236] ; [2.1680395728362347]
998 ; 94 ; 125 ; 0 ; [0.14558066253061944] ; [0.22905160896588814]
998 ; 94 ; 125 ; 3 ; [0.77859909431800922] ; [1.5144797968072687]
998 ; 94 ; 125 ; 8 ; [0.28748284312399619] ; [2.5145795881959967]
998 ; 94 ; 125 ; 17 ; [0.76192313396555089] ; [0.80246980192440964]
998 ; 94 ; 125 ; 19 ; [0.15097014454139665] ; [0.0049862615921587453]
998 ; 94 ; 126 ; 7 ; [2.0420231987460662] ; [1.6151566030095061]
998 ; 94 ; 126 ; 8 ; [1.7235760016684143] ; [1.2197822764808115]
998 ; 94 ; 126 ; 14 ; [2.2529434097027652] ; [2.1075783463583453]
998 ; 94 ; 126 ; 18 ; [0.28338257171047915] ; [2.7864454997727317]
998 ; 94 ; 126 ; 20 ; [0.033042759482731818] ; [2.0336763972240615]
998 ; 94 ; 126 ; 21 ; [0.11682310318142695] ; [2.218838097749845]
998 ; 94 ; 127 ; 0 ; [0.055789750630449088] ; [0.21428135262713285]
998 ; 94 ; 127 ; 3 ; [0.12538577749424451] ; [1.2803125295124962]
998 ; 94 ; 127 ; 5 ; [0.54195530542503656] ; [1.1609648148820308]
998 ; 94 ; 127 ; 8 ; [0.39632946172833772] ; [0.54439818805368523]
998 ; 94 ; 127 ; 9 ; [0.25248475083477778] ; [0.68534442921224858]
998 ; 94 ; 127 ; 10 ; [0.28036791445006165] ; [2.5766357933834332]
998 ; 94 ; 128 ; 0 ; [1.5637237508758628] ; [0.80060855507267914]
998 ; 94 ; 128 ; 2 ; [0.224381464055837] ; [-0.0070707964352542388]
998 ; 94 ; 128 ; 3 ; [1.1668880015320922] ; [0.011231259933623301]
998 ; 94 ; 128 ; 4 ; [0.31305411788034365] ; [2.0276100557170249]
998 ; 94 ; 129 ; 10 ; [0.048583094247119672] ; [0.58914290512506418]
998 ; 94 ; 129 ; 13 ; [0.040495392410016491] ; [0.47810790958438981]
998 ; 94 ; 130 ; 1 ; [0.13971414047576239] ; [0.29820480423074791]
998 ; 94 ; 130 ; 2 ; [0.12061106905590746] ; [0.55935689455872806]
998 ; 94 ; 130 ; 4 ; [0.14155487190855481] ; [0.36544401014829658]
998 ; 94 ; 130 ; 5 ; [0.097333148497745742] ; [0.75328608519007445]
998 ; 94 ; 130 ; 8 ; [0.54969916253380535] ; [0.32989101100724189]
998 ; 94 ; 130 ; 10 ; [0.16339168612395077] ; [1.3540849262230323]
998 ; 94 ; 130 ; 14 ; [0.1399404436031961] ; [1.0553196280088326]
998 ; 94 ; 131 ; 5 ; [0.025358250307517267] ; [0.64528448419312279]
998 ; 94 ; 131 ; 6 ; [0.0039303760611024861, 0.081617672009111769, 0.066315638352509004] ; [0.12000436014781087, 0.21748782408382103, 0.18702334961958356]
998 ; 94 ; 132 ; 0 ; [0.19731409993552804, 0.32655933019973721, 0.14492212851643671] ; [0.2524207826405524, 0.21029751684018788, 0.30755732470752434]
998 ; 94 ; 133 ; 1 ; [1.0091326417364903] ; [0.19862683686335816]
998 ; 94 ; 133 ; 2 ; [0.3628201513730348] ; [0.1374078471566399]
998 ; 94 ; 133 ; 7 ; [1.4546389765514032] ; [1.8290376226308533]
998 ; 94 ; 133 ; 19 ; [0.11145190956499786] ; [1.2246769606319312]
998 ; 94 ; 134 ; 1 ; [0.5449798573070529] ; [0.6133196904535454]
998 ; 94 ; 134 ; 6 ; [0.031380872440340858] ; [0.9248994019053377]
998 ; 94 ; 135 ; 6 ; [0.23535603462502694] ; [0.0011980128093947863]
998 ; 94 ; 135 ; 15 ; [0.20890916980555824] ; [1.3055640269909841]
998 ; 94 ; 135 ; 17 ; [0.80347975407756511] ; [-0.04423134161424306]
998 ; 94 ; 135 ; 18 ; [0.11996655795307602] ; [0.73049801479953991]
998 ; 94 ; 135 ; 22 ; [0.92237401842769551] ; [1.0238827183470303]
998 ; 94 ; 136 ; 14 ; [1.1752674041451914] ; [1.753074950392322]
998 ; 94 ; 136 ; 15 ; [-1.0127294228167023] ; [0.43060959494054457]
998 ; 94 ; 137 ; 1 ; [0.074700325668660472, 0.20140057967708186] ; [0.22827921337918913, 2.4208134902831939]
998 ; 94 ; 137 ; 2 ; [0.50575774420281638] ; [0.8803151550861209]
998 ; 94 ; 137 ; 6 ; [0.32728841063662317] ; [0.52734954012737389]
998 ; 94 ; 137 ; 13 ; [0.31557840569240447] ; [0.7110675323301755]
998 ; 94 ; 138 ; 13 ; [0.36011869356105536] ; [0.15470576419617879]
998 ; 94 ; 139 ; 0 ; [0.22550972559585566] ; [0.20872696928597703]
998 ; 94 ; 139 ; 1 ; [0.42317942442421086] ; [1.1271580209811469]
998 ; 94 ; 139 ; 3 ; [0.81813786738147209] ; [2.2150614807325462]
998 ; 94 ; 139 ; 8 ; [0.044643025306693937] ; [0.21709348693330924]
998 ; 94 ; 140 ; 1 ; [0.13374279263641192] ; [0.3542514381113881]
998 ; 94 ; 141 ; 0 ; [0.3509066768644869] ; [0.46650495367915357]
998 ; 94 ; 141 ; 8 ; [0.028681960569336695] ; [1.0148551380913804]
998 ; 94 ; 142 ; 0 ; [0.157954318599975, 0.38327173155855049, 0.061169091711809495] ; [0.66055491295184476, 0.37255339267517595, 0.40347345873395196]
998 ; 94 ; 142 ; 1 ; [1.0404171119445405] ; [0.41642008871579739]
998 ; 94 ; 143 ; 0 ; [1.2101572178547395] ; [1.2301119888761611]
998 ; 94 ; 143 ; 3 ; [0.5959181094909729] ; [0.68674661176197449]
998 ; 94 ; 143 ; 5 ; [0.314204582851554] ; [0.042201413339624037]
998 ; 94 ; 143 ; 8 ; [0.37123396497908262] ; [3.5583002668285899]
998 ; 94 ; 144 ; 0 ; [0.046194762688884707, 0.25657050209453375, 0.50251360127397771] ; [0.55378504614390378, 0.11791818293333331, 0.24141291020671157]
998 ; 94 ; 145 ; 0 ; [0.25731402105648332] ; [0.23049190952288506]
998 ; 94 ; 145 ; 2 ; [0.055606993696132596] ; [1.0406017162946879]
998 ; 94 ; 146 ; 1 ; [0.070141335316862813] ; [0.59979604548277587]
998 ; 94 ; 146 ; 3 ; [4.0732267913475741] ; [0.62417071863761509]
998 ; 94 ; 146 ; 4 ; [0.40817806849375071] ; [0.20765556687143369]
998 ; 94 ; 146 ; 5 ; [0.25023472822189685] ; [0.52871954435094526]
998 ; 94 ; 146 ; 7 ; [0.079270697683401461, 0.2676039925380061] ; [1.0662541890565866, 0.1964283641215098]
998 ; 94 ; 146 ; 8 ; [0.28796231474476419] ; [0.42060136643759333]
998 ; 94 ; 146 ; 9 ; [0.30295398409860613] ; [0.52692856476292438]
998 ; 94 ; 146 ; 10 ; [0.049299067806623964] ; [0.52682361246045384]
998 ; 94 ; 147 ; 0 ; [0.88027714670890445, 0.32060257208098852] ; [0.67745925945746732, 0.12950585552495172]
998 ; 94 ; 147 ; 3 ; [1.4083535467350343] ; [2.2452981679957111]
998 ; 94 ; 147 ; 19 ; [0.32299057301279649] ; [0.37773067727802306]
998 ; 94 ; 147 ; 21 ; [0.36018302565568378] ; [0.35330048186699237]
998 ; 94 ; 147 ; 27 ; [1.4373630037372971] ; [0.65986845840042829]
998 ; 94 ; 148 ; 0 ; [0.26726317023820445, 0.88196680480486744, 0.57429448424374174] ; [0.13899071770286189, 0.18260868838863178, 0.07109856949699718]
998 ; 94 ; 149 ; 0 ; [0.36331645733911022] ; [0.064346699929948195]
998 ; 94 ; 149 ; 2 ; [0.1064206601298946] ; [0.16925816830818369]
998 ; 94 ; 149 ; 6 ; [0.1755282032497911] ; [0.42486090923563674]
998 ; 94 ; 149 ; 7 ; [0.102113259352168] ; [0.56274867978241494]
998 ; 94 ; 149 ; 12 ; [0.46703028892065657] ; [0.45909079089502841]
998 ; 94 ; 150 ; 0 ; [0.32174006296596674, 0.15252438927104622] ; [0.027159054008673442, 0.015462181547945144]
998 ; 94 ; 150 ; 1 ; [0.038702082895942277] ; [0.10868880577611133]
998 ; 94 ; 151 ; 7 ; [1.1725380882987015] ; [4.5717956878521893]
998 ; 94 ; 151 ; 13 ; [1.0513769741839265] ; [2.5147466269292242]
998 ; 94 ; 152 ; 0 ; [0.75791973662398371] ; [0.54298140118449989]
998 ; 94 ; 152 ; 2 ; [0.30899706985377029] ; [0.0037594166914388209]
998 ; 94 ; 153 ; 0 ; [2.1923345680972433] ; [0.33762516500557815]
998 ; 94 ; 153 ; 1 ; [0.65044896206034919] ; [0.57514917723644055]
998 ; 94 ; 153 ; 7 ; [1.9690963575589107] ; [1.9122623490518518]
998 ; 94 ; 154 ; 0 ; [1.7493260820762311] ; [0.035125752401063928]
998 ; 94 ; 154 ; 1 ; [-0.025012776089975586] ; [0.22338969904956424]
998 ; 94 ; 154 ; 2 ; [0.74648254987644957] ; [0.67421089594452177]
998 ; 94 ; 154 ; 3 ; [0.42206774517178025] ; [-0.018990777922053129]
998 ; 94 ; 154 ; 4 ; [0.025496259729933596] ; [0.24278179285361073]
998 ; 94 ; 154 ; 5 ; [0.098217072157729027] ; [0.16882953109787543]
998 ; 94 ; 155 ; 0 ; [0.15719602468126978, 0.16920851132990727, 0.354843146475948] ; [0.097462983937389502, 0.044564565606468855, 0.4237270890489756]
998 ; 94 ; 156 ; 3 ; [0.91103268695032391] ; [0.36049280667301525]
998 ; 94 ; 156 ; 6 ; [0.29375411567848442] ; [1.6876576072807186]
998 ; 94 ; 156 ; 17 ; [0.83987283159300907] ; [1.0008864254911345]
998 ; 94 ; 156 ; 22 ; [1.3519393617864031] ; [2.4938301104015208]
998 ; 94 ; 157 ; 0 ; [0.28647744270896996, -0.0023089126478157453, 0.2473537177114998] ; [0.20434672096202736, 0.15672145272229243, 0.17205592793095059]
998 ; 94 ; 158 ; 3 ; [0.053809251218623524] ; [0.16241874714876572]
998 ; 94 ; 159 ; 1 ; [0.160778832515589] ; [0.29585522940547843]
998 ; 94 ; 161 ; 0 ; [0.40345755981895365] ; [0.35097587951806236]
998 ; 94 ; 161 ; 10 ; [0.1280687749017437] ; [0.10421347706925693]
998 ; 94 ; 162 ; 1 ; [0.18567955660732038] ; [0.058458347133214565]
998 ; 94 ; 162 ; 20 ; [0.056724156701004773] ; [1.1458263510504623]
998 ; 94 ; 162 ; 21 ; [0.11213830449375153] ; [0.36902570532402279]
998 ; 94 ; 163 ; 1 ; [0.22594447650800606] ; [1.1537909494540057]
998 ; 94 ; 163 ; 2 ; [0.063957654197273325] ; [1.3702831363227048]
998 ; 94 ; 163 ; 6 ; [0.10660269853320926] ; [2.6494995574718123]
998 ; 94 ; 163 ; 7 ; [2.4193654648708387] ; [0.91001627028016752]
998 ; 94 ; 163 ; 12 ; [1.159027095806606] ; [2.4983878986785157]
998 ; 94 ; 164 ; 0 ; [1.3501363082250442, 0.14503923040443104, 0.217124131603703] ; [0.15915146979491657, 0.11935851349404564, 0.096320108765146337]
998 ; 94 ; 165 ; 0 ; [1.1860736369500928] ; [0.72041777983721633]
998 ; 94 ; 165 ; 3 ; [1.911402821740424] ; [0.34822357298695034]
998 ; 94 ; 165 ; 6 ; [0.53239632124689318] ; [0.85012761156274452]
998 ; 94 ; 165 ; 10 ; [0.21142095645273887] ; [0.87215048777105941]
998 ; 94 ; 165 ; 18 ; [1.4631104012465543] ; [0.041135351423941785]
998 ; 94 ; 165 ; 19 ; [0.55876080198916511] ; [0.96561261614494798]
998 ; 94 ; 165 ; 20 ; [1.4586248894953866] ; [2.7769804080780189]
998 ; 94 ; 166 ; 0 ; [0.2860424822645537] ; [0.05780900156530995]
998 ; 94 ; 166 ; 2 ; [-0.0068171178691278853] ; [0.76409986813430275]
998 ; 94 ; 166 ; 4 ; [0.37119409134863673] ; [4.9615858459724045]
998 ; 94 ; 166 ; 5 ; [2.0308418033357585] ; [0.40094822466853958]
998 ; 94 ; 166 ; 7 ; [0.20022782585773666] ; [0.25493464265237054]
998 ; 94 ; 166 ; 8 ; [0.2603537116460804] ; [0.075427512203735531]
998 ; 94 ; 166 ; 9 ; [0.49646895177764977] ; [1.8849219797744547]
998 ; 94 ; 167 ; 5 ; [1.7590246584253706] ; [1.1928641282144632]
998 ; 94 ; 167 ; 6 ; [39.242495998331428] ; [1.4367356747915374]
998 ; 94 ; 167 ; 7 ; [1.5192007137669399] ; [1.1170017696531305]
998 ; 94 ; 167 ; 9 ; [0.37471949136090232] ; [1.554646511567056]
998 ; 94 ; 167 ; 12 ; [0.22544302049120932] ; [3.4241730086572977]
998 ; 94 ; 167 ; 13 ; [0.13507274908966202] ; [2.0736620127802654]
998 ; 94 ; 167 ; 14 ; [0.31513879488263896] ; [1.2231948673294719]
998 ; 94 ; 167 ; 16 ; [0.16078979597067605] ; [3.1470942730653761]
998 ; 94 ; 167 ; 17 ; [0.22099166455963362] ; [1.6191785990554199]
998 ; 94 ; 167 ; 19 ; [2.5916758135003217] ; [4.9122705108885016]
998 ; 94 ; 167 ; 25 ; [1.196831066643695] ; [1.2892565239963678]
998 ; 94 ; 167 ; 26 ; [5.3861297953364833] ; [1.8031004665431529]
998 ; 94 ; 168 ; 1 ; [0.69009637421084868] ; [0.18313215287612175]
998 ; 94 ; 168 ; 2 ; [0.31439287311462016] ; [0.3114741844282542]
998 ; 94 ; 168 ; 6 ; [0.31044987451618428] ; [0.97040514281695867]
998 ; 94 ; 169 ; 0 ; [0.039587010698665395, 0.099276089933756126] ; [0.088084953199768459, 0.19825432885378572]
998 ; 94 ; 170 ; 5 ; [0.21178123088016551] ; [-0.034799062629793057]
998 ; 94 ; 171 ; 4 ; [0.85424070404130392] ; [0.40077320965050517]
998 ; 94 ; 171 ; 5 ; [0.078647263606382203] ; [0.24457168296070131]
998 ; 94 ; 171 ; 6 ; [0.15728883577119918] ; [0.098900121591650361]
998 ; 94 ; 171 ; 11 ; [1.1257927241669392, 0.68440703053424756] ; [0.021529761232272477, 0.12679400526324397]
998 ; 94 ; 173 ; 0 ; [0.29976833083090837, 0.097953144196994871] ; [0.38498923938351609, 0.97239247754307101]
998 ; 94 ; 173 ; 3 ; [3.0892948105911362] ; [0.51127683512142041]
998 ; 94 ; 173 ; 12 ; [0.82994327596802442] ; [0.0056823510190307626]
998 ; 94 ; 173 ; 13 ; [0.14529396858049118] ; [0.21201686783327667]
998 ; 94 ; 174 ; 0 ; [-0.00030270601540661747] ; [0.10803212857258639]
998 ; 94 ; 174 ; 1 ; [-0.042974795891113172, 0.024624739191042737] ; [0.094299599636148992, 0.011032907718374941]
998 ; 94 ; 174 ; 2 ; [0.097997552771424551] ; [0.20061770028702808]
998 ; 94 ; 174 ; 7 ; [0.045324691760733754] ; [0.25289377056057327]
998 ; 94 ; 175 ; 1 ; [0.27602725127050975] ; [0.14395936394307923]
998 ; 94 ; 175 ; 2 ; [15.020719849875801, 0.5336840919241489] ; [0.49780806388760063, 0.26273097201260182]
998 ; 94 ; 175 ; 8 ; [0.37343875279076805] ; [0.31906816703908591]
998 ; 94 ; 175 ; 9 ; [1.2527168642816402] ; [1.8610139050336802]
998 ; 94 ; 176 ; 0 ; [0.39046924851262682] ; [0.63505248774078704]
998 ; 94 ; 176 ; 7 ; [0.446675615299574] ; [2.4668932158870587]
998 ; 94 ; 176 ; 12 ; [0.26689183465575139] ; [0.67241063615698027]
998 ; 94 ; 176 ; 13 ; [0.26159668893250015] ; [1.2505764539351369]
998 ; 94 ; 177 ; 6 ; [3.3589571770718405] ; [1.1349056630082686]
998 ; 94 ; 177 ; 7 ; [1.8331995022452003] ; [0.95802218298342801]
998 ; 94 ; 177 ; 10 ; [1.7477695742883177] ; [1.7060851090629059]
998 ; 94 ; 177 ; 11 ; [1.9090172472030069] ; [2.0272750877682006]
998 ; 94 ; 177 ; 12 ; [1.1163472727062171] ; [2.1093238284259428]
998 ; 94 ; 177 ; 15 ; [3.0513514739293988] ; [1.8972375772908476]
998 ; 94 ; 177 ; 17 ; [1.497918407792949] ; [1.9026765817382314]
998 ; 94 ; 177 ; 18 ; [2.9534622212034329] ; [2.0205905849725201]
998 ; 94 ; 177 ; 19 ; [1.4673295933317001] ; [1.8890232377835923]
998 ; 94 ; 177 ; 20 ; [1.4086550499204062] ; [1.7134105514118785]
998 ; 94 ; 177 ; 21 ; [1.2401997081745026] ; [1.6215642046512431]
998 ; 94 ; 177 ; 22 ; [1.238882232374791] ; [0.86223036295048927]
998 ; 94 ; 177 ; 23 ; [1.800155175507077] ; [1.5125456054232089]
998 ; 94 ; 177 ; 24 ; [1.9667929502764683] ; [1.9630844757099004]
998 ; 94 ; 177 ; 25 ; [0.99706674095234582] ; [2.0223315468736422]
998 ; 94 ; 177 ; 26 ; [1.8098451465995313] ; [1.4863477627955646]
998 ; 94 ; 177 ; 27 ; [0.97856431885807016] ; [1.3273756086156023]
998 ; 94 ; 177 ; 28 ; [3.5639648400599437] ; [1.4190604681391901]
998 ; 94 ; 177 ; 29 ; [1.1220380001405856] ; [1.9162024268698121]
998 ; 94 ; 177 ; 30 ; [2.1783661995933223] ; [1.2536565330979093]
998 ; 94 ; 177 ; 31 ; [1.3247745929686561] ; [2.3176377740287908]
998 ; 94 ; 177 ; 32 ; [1.3644898493276369] ; [1.8507576993843413]
998 ; 94 ; 177 ; 33 ; [1.8727789739334395] ; [0.098700484353349119]
998 ; 94 ; 177 ; 34 ; [2.8951667893147066] ; [1.5341905446580628]
998 ; 94 ; 177 ; 35 ; [0.84111099221053531] ; [1.7781866437096638]
998 ; 94 ; 177 ; 37 ; [3.5391713668739846] ; [2.1740863931590528]
998 ; 94 ; 177 ; 39 ; [3.7392834660567011] ; [1.8502558135435707]
998 ; 94 ; 177 ; 40 ; [2.2729651578303582] ; [1.6799327776491093]
998 ; 94 ; 177 ; 44 ; [1.365784823519997] ; [1.4185619736717492]
998 ; 94 ; 177 ; 46 ; [1.9521796380749883] ; [2.8874588619362389]
998 ; 94 ; 177 ; 47 ; [1.3844200814389616] ; [2.0389360061437345]
998 ; 94 ; 177 ; 50 ; [1.0947067509345128] ; [1.3976649236765974]
998 ; 94 ; 177 ; 54 ; [2.7238718189125279] ; [0.82352360842288885]
998 ; 94 ; 177 ; 55 ; [1.2558024960636365] ; [1.4353996419880182]
998 ; 94 ; 177 ; 56 ; [1.8166872448423261] ; [3.0212177182821653]
998 ; 94 ; 177 ; 57 ; [1.4282496274454153] ; [1.472282478990792]
998 ; 94 ; 177 ; 58 ; [1.0929231226669343] ; [1.1028064984581698]
998 ; 94 ; 177 ; 59 ; [1.7716772043135138] ; [2.12670178204954]
998 ; 94 ; 177 ; 60 ; [1.7178689545161323] ; [0.70326054211678291]
998 ; 94 ; 177 ; 61 ; [1.9107127925531087] ; [1.2612006071850494]
998 ; 94 ; 177 ; 62 ; [1.5220643463160095] ; [0.58276609571150406]
998 ; 94 ; 177 ; 63 ; [2.6355982830953635] ; [2.0695863002540884]
998 ; 94 ; 177 ; 66 ; [1.5314181650689784] ; [0.68323098867520637]
998 ; 94 ; 177 ; 67 ; [3.9750733250605625] ; [1.9460342256263252]
998 ; 94 ; 177 ; 68 ; [1.6195345019712053] ; [1.6854854335290235]
998 ; 94 ; 177 ; 69 ; [2.0433182363694886] ; [1.507270462904299]
998 ; 94 ; 177 ; 70 ; [1.7045977621187496] ; [1.7620964424334191]
998 ; 94 ; 177 ; 74 ; [2.3371901073431487] ; [1.8367644747792178]
998 ; 94 ; 177 ; 75 ; [0.98455353049279104] ; [1.8755742802830935]
998 ; 94 ; 177 ; 76 ; [1.9189975848883514] ; [2.6062689705378514]
998 ; 94 ; 177 ; 80 ; [1.1113745444788652] ; [1.6387574739752093]
998 ; 94 ; 180 ; 0 ; [0.16481628479733385, 0.16997497200497452, 0.073003111926409486] ; [0.12029425634791047, 0.066944382513625125, 0.062871679268623984]
998 ; 94 ; 180 ; 8 ; [-1.4778919870836535] ; [0.21585991548038327]
998 ; 94 ; 181 ; 0 ; [0.09817389665416712, 0.19938580430568154, 0.059098243360231069, 0.090428659450682541] ; [0.033989995767521847, 0.081258541208202154, 0.19558846386091552, 0.18933294982187551]
998 ; 94 ; 181 ; 1 ; [0.49913928573954919] ; [0.092599564256510142]
998 ; 94 ; 183 ; 0 ; [0.27897408235368137, 0.048956328056615914, 0.232695126789778] ; [0.53469935113539568, 0.20020337811465927, 0.35701222538669719]
998 ; 94 ; 184 ; 0 ; [0.65747909246084191] ; [0.30423571495898472]
998 ; 94 ; 184 ; 1 ; [2.8539720750653683] ; [0.11257845036687761]
998 ; 94 ; 184 ; 2 ; [0.17793168098247714] ; [0.33724256840345146]
998 ; 94 ; 184 ; 3 ; [0.5564406124945116] ; [0.43834726368541749]
998 ; 94 ; 184 ; 4 ; [0.13193628484393324] ; [0.1058435302155418]
998 ; 94 ; 184 ; 5 ; [0.36985124593576113] ; [0.25446723983552244]
998 ; 94 ; 184 ; 6 ; [0.13240490154127879] ; [0.57052072688887057]
998 ; 94 ; 185 ; 0 ; [1.2430197851409752] ; [2.109272900829489]
998 ; 94 ; 185 ; 4 ; [0.92361827647756811] ; [1.2115527658257139]
998 ; 94 ; 185 ; 5 ; [3.267476420457136] ; [1.1313629423040255]
998 ; 94 ; 185 ; 7 ; [2.0555284738171213] ; [1.1556763813298212]
998 ; 94 ; 185 ; 9 ; [1.0414226949428447] ; [1.5955974814566301]
998 ; 94 ; 185 ; 11 ; [0.73132267159836972] ; [0.19816303548408537]
998 ; 94 ; 185 ; 13 ; [1.8784550693350925] ; [0.96212338884824844]
998 ; 94 ; 185 ; 19 ; [1.9066705082094066] ; [1.504747334260123]
998 ; 94 ; 185 ; 20 ; [11.301974380290231] ; [0.77460441031768523]
998 ; 94 ; 185 ; 24 ; [3.0662208578672789] ; [1.2586544883312161]
998 ; 94 ; 186 ; 0 ; [0.0093532400968785838, -0.015496704108363478, 0.063571571776872032] ; [0.3064663463978638, 0.14747412920712674, 0.038572245038623401]
998 ; 94 ; 187 ; 0 ; [-0.0061211807012537048, 0.014193104044691955, 0.013621399119024829, 0.10961886890195086] ; [0.1165731070348326, 0.14705644415035588, 0.095355677473454248, 0.27422466458739264]
998 ; 94 ; 188 ; 0 ; [1.4982139303162247] ; [0.11186149163988403]
998 ; 94 ; 188 ; 3 ; [1.9305599255260895] ; [0.24168181086736684]
998 ; 94 ; 188 ; 4 ; [3.0256084761466435] ; [1.1310961550015644]
998 ; 94 ; 188 ; 5 ; [1.5550416233920943] ; [1.2876761368403795]
998 ; 94 ; 188 ; 6 ; [2.8357403786076629] ; [2.6124528219907628]
998 ; 94 ; 188 ; 9 ; [1.1674588099847107] ; [0.41209251398026947]
998 ; 94 ; 188 ; 15 ; [1.7315403353090728] ; [3.4603177198104569]
998 ; 94 ; 188 ; 16 ; [1.6192667063294142] ; [1.3966123464170883]
998 ; 94 ; 188 ; 17 ; [2.4158175158761837] ; [0.86773033838413072]
998 ; 94 ; 190 ; 3 ; [0.45051869904520869] ; [0.26786576715368182]
998 ; 94 ; 191 ; 2 ; [0.7445906141533134] ; [5.0634334421381988]
998 ; 94 ; 191 ; 5 ; [0.71067188813119941] ; [1.5489796601738526]
998 ; 94 ; 191 ; 7 ; [3.3025236623722947] ; [4.4653372232948003]
998 ; 94 ; 191 ; 9 ; [2.4588143100543793] ; [0.62693266998213093]
998 ; 94 ; 192 ; 5 ; [1.6435581700378392] ; [1.5392565969790704]
998 ; 94 ; 192 ; 9 ; [6.1105539709681604] ; [0.5428930195762941]
998 ; 94 ; 192 ; 10 ; [2.5777785747830166] ; [0.42902768696779164]
998 ; 94 ; 192 ; 11 ; [1.9625146702614988] ; [0.53693478146087381]
998 ; 94 ; 192 ; 12 ; [0.78060893122755015] ; [0.56173013611166689]
998 ; 94 ; 192 ; 13 ; [2.2450072047538288] ; [5.1224582835868464]
998 ; 94 ; 192 ; 14 ; [0.73579318410554162] ; [0.66607703949337649]
998 ; 94 ; 192 ; 16 ; [0.13955891453777117] ; [1.7500349658517744]
998 ; 94 ; 192 ; 17 ; [1.7676833052287912] ; [0.53960033023581111]
998 ; 94 ; 193 ; 0 ; [0.013893975407041965, -0.000775447480810352, 0.010986715175446275] ; [0.30645358772278292, 0.098277496327805275, 0.044032744764776741]
998 ; 94 ; 193 ; 1 ; [0.1400739901671792] ; [0.040935241808130893]
998 ; 94 ; 193 ; 6 ; [0.28059051549801373] ; [-0.050964748292735659]
998 ; 94 ; 195 ; 1 ; [0.09398860336553036] ; [0.029219184423805413]
998 ; 94 ; 195 ; 3 ; [1.6185720990528658] ; [-0.034632756854892928]
998 ; 94 ; 196 ; 0 ; [0.77603350426911422, 2.6424585724057232] ; [0.83479265760647448, 2.2723651779423601]
998 ; 94 ; 196 ; 4 ; [0.27673763655803629] ; [1.4960490135188904]
998 ; 94 ; 196 ; 7 ; [0.47590963280125981] ; [1.2248639984862184]
998 ; 94 ; 196 ; 10 ; [0.18107031755722075] ; [0.03281188154502792]
998 ; 94 ; 197 ; 0 ; [0.8387485235407337] ; [0.18546873406090006]
998 ; 94 ; 197 ; 1 ; [0.067093143246856626] ; [0.016691409632720589]
998 ; 94 ; 197 ; 3 ; [-0.02000567530144734] ; [0.036606992701348103]
998 ; 94 ; 197 ; 11 ; [0.18650263397323183] ; [4.3650928820266639]
998 ; 94 ; 198 ; 0 ; [0.96465062082511055] ; [0.32888429828428289]
998 ; 94 ; 198 ; 1 ; [0.079491313427590929] ; [-0.010384461154376344]
998 ; 94 ; 198 ; 2 ; [0.052844169584906536] ; [0.26186647601187146]
998 ; 94 ; 199 ; 0 ; [0.035972720687750627] ; [0.032468100490686137]
998 ; 94 ; 199 ; 3 ; [0.35109717460511014] ; [1.7419489114528]
998 ; 94 ; 199 ; 9 ; [4.3140379857341564] ; [1.1418295575797066]
998 ; 94 ; 200 ; 10 ; [0.099626824791709964, 0.18584778416426423, -0.0072059334879236384] ; [0.61312104821875124, 0.24337560973843009, 0.10189425081917292]
998 ; 94 ; 201 ; 0 ; [0.2912350349929469, 1.7935089593060487] ; [0.17557518297789235, 1.5907238772381382]
998 ; 94 ; 201 ; 1 ; [0.16537773265371267] ; [0.46368470712087517]
998 ; 94 ; 201 ; 3 ; [0.35091339588738019] ; [0.30886422438619682]
998 ; 94 ; 202 ; 1 ; [0.47186625106866914] ; [0.21229093303659904]
998 ; 94 ; 202 ; 5 ; [1.2026954344466441] ; [0.056245742265593056]
998 ; 94 ; 202 ; 6 ; [0.38363820481055916] ; [1.0634375303855772]
998 ; 94 ; 202 ; 13 ; [0.96279681363997127] ; [1.2433306886844906]
998 ; 94 ; 202 ; 15 ; [3.6426268603831282] ; [1.4399189142941082]
998 ; 94 ; 202 ; 17 ; [0.743997345356462] ; [1.4118644479938138]
998 ; 94 ; 202 ; 20 ; [0.78962185197721302] ; [1.2412224211010887]
998 ; 94 ; 203 ; 1 ; [0.56620162177780575] ; [0.9697370566211384]
998 ; 94 ; 203 ; 2 ; [0.14193724288990572] ; [1.1284371289926611]
998 ; 94 ; 203 ; 4 ; [1.5295676266338665] ; [0.87764183957625108]
998 ; 94 ; 203 ; 5 ; [1.7000820908797722] ; [0.91901419678802354]
998 ; 94 ; 204 ; 2 ; [2.601678334871488, 0.50899325034861886] ; [0.66602747133795037, 0.50076493207296524]
998 ; 94 ; 204 ; 3 ; [0.13594686340066459, 0.72156227389575867] ; [0.28161985922934574, 0.40297705159367114]
998 ; 94 ; 204 ; 7 ; [0.79605227479068552] ; [1.8102086186949418]
998 ; 94 ; 204 ; 16 ; [0.40935855472253663] ; [0.81888279136451858]
998 ; 94 ; 204 ; 26 ; [3.3240108382693609] ; [1.5082497669170125]
998 ; 94 ; 205 ; 0 ; [0.31548310721197176, 0.042094771090190851] ; [0.58647393237415324, 0.056237553780975252]
998 ; 94 ; 205 ; 1 ; [0.3827763607629609] ; [0.17409564290623006]
998 ; 94 ; 205 ; 2 ; [0.02092659983079646] ; [0.11814619743994216]
998 ; 94 ; 205 ; 9 ; [0.4357881379034374] ; [0.4624437855796491]
998 ; 94 ; 206 ; 14 ; [0.27713990506623271] ; [0.020100994747393523]
998 ; 94 ; 206 ; 17 ; [1.8790915324233552] ; [2.0514392974297802]
998 ; 94 ; 206 ; 19 ; [1.8800636573269922] ; [2.3352769768596375]
998 ; 94 ; 206 ; 21 ; [0.78688798478966793] ; [0.8317054993680939]
998 ; 94 ; 206 ; 24 ; [1.6553618965982764] ; [1.2389118766613103]
998 ; 94 ; 206 ; 25 ; [0.095050170077294299] ; [0.093610254951641589]
998 ; 94 ; 206 ; 26 ; [2.133616088793191] ; [0.73711145017935853]
998 ; 94 ; 206 ; 34 ; [0.10098148109350816] ; [1.8971940935399307]
998 ; 94 ; 206 ; 44 ; [1.4389626279247363] ; [0.79961205370648825]
998 ; 94 ; 206 ; 52 ; [1.8916781560960068] ; [2.714401958615329]
998 ; 94 ; 206 ; 55 ; [1.6374007637763517] ; [1.7109705832532141]
998 ; 94 ; 206 ; 56 ; [1.307893342806568] ; [0.20766884391625798]
998 ; 94 ; 206 ; 61 ; [0.40342863183036598] ; [1.2258420209515246]
998 ; 94 ; 207 ; 0 ; [0.061326235453415874, 0.21124846353816978, 0.34870993654927951] ; [0.12269862294140703, 0.15870577670081318, 1.2940303485806228]
998 ; 94 ; 207 ; 1 ; [-0.029922976450309592] ; [-0.01226156677138412]
998 ; 94 ; 208 ; 0 ; [0.53320132349525118, 0.35475681954497562] ; [0.62762072202935948, 2.3189554859337753]
998 ; 94 ; 208 ; 1 ; [0.92881073237494349] ; [0.33608072170844194]
998 ; 94 ; 208 ; 7 ; [0.0027915347993742435] ; [1.8294405362806536]
998 ; 94 ; 209 ; 0 ; [0.24037619506357871] ; [0.15266216525034143]
998 ; 94 ; 209 ; 2 ; [0.17360432645243681] ; [0.22764661052845159]
998 ; 94 ; 210 ; 0 ; [0.35182765144967104] ; [0.74544208726808658]
998 ; 94 ; 210 ; 5 ; [0.56487896357937128] ; [1.7059837469139161]
998 ; 94 ; 210 ; 13 ; [0.32695074627988335] ; [1.5758152082158525]
998 ; 94 ; 210 ; 23 ; [1.1072065571001319] ; [1.1783299353947783]
998 ; 94 ; 210 ; 25 ; [0.85890812301573027] ; [1.3578201078937659]
998 ; 94 ; 211 ; 0 ; [3.0641766097509708] ; [0.12351183285681312]
998 ; 94 ; 211 ; 1 ; [2.3789955099684437] ; [1.9098886214830495]
998 ; 94 ; 211 ; 10 ; [2.2406122068901335] ; [0.33199937764199061]
998 ; 94 ; 212 ; 0 ; [0.70536652025259727, 0.064159523946788158] ; [0.16185859716600487, 0.0073567046258588703]
998 ; 94 ; 212 ; 2 ; [0.049174902801894432] ; [6.91230866188166]
998 ; 94 ; 213 ; 0 ; [-0.011167651421658762, -0.029061121175644446, -0.0052640135335992192] ; [0.08342796408358015, 0.63570768173273762, 0.69001725175755291]
998 ; 94 ; 213 ; 1 ; [0.080523497791573459, 0.67982386175762988] ; [0.056216864105792547, 0.44594748082293539]
998 ; 94 ; 213 ; 12 ; [0.71995339992776342] ; [0.63353041350007389]
998 ; 94 ; 214 ; 3 ; [0.96561006386528303] ; [2.1361352875324693]
998 ; 94 ; 214 ; 5 ; [4.2836371557390551] ; [0.68360609880137435]
998 ; 94 ; 214 ; 6 ; [1.331472494541611] ; [2.5789497068247584]
998 ; 94 ; 214 ; 9 ; [3.9882637386369826] ; [1.4814993890178243]
998 ; 94 ; 215 ; 1 ; [5.6027183581987199] ; [1.1792221108357057]
998 ; 94 ; 216 ; 0 ; [0.46368085291107364] ; [0.11952442943039102]
998 ; 94 ; 216 ; 1 ; [0.15251619038983064] ; [-0.0018951304815827219]
998 ; 94 ; 216 ; 2 ; [0.26896493424383838] ; [0.75742065125108693]
998 ; 94 ; 216 ; 5 ; [0.081273783846949818] ; [0.10203127620349731]
998 ; 94 ; 216 ; 10 ; [0.11257412648660305] ; [-0.045404254098956064]
998 ; 94 ; 217 ; 2 ; [0.43322911995741575] ; [0.48983342309667527]
998 ; 94 ; 218 ; 0 ; [1.5723595545758846] ; [0.38747782678993109]
998 ; 94 ; 218 ; 2 ; [1.4025851706392027] ; [2.93445477496063]
998 ; 94 ; 218 ; 3 ; [0.52384859293106389] ; [0.49596089664842513]
998 ; 94 ; 218 ; 5 ; [3.8109400996754492] ; [0.11271277867595518]
998 ; 94 ; 218 ; 14 ; [0.81206618845047096] ; [1.9556867346398794]
998 ; 94 ; 219 ; 1 ; [0.28256252702279749] ; [0.15191834305705101]
998 ; 94 ; 219 ; 3 ; [2.1420414605809253] ; [0.35171495373308936]
998 ; 94 ; 219 ; 5 ; [0.98030853140926399] ; [0.17832352975640656]
998 ; 94 ; 219 ; 7 ; [0.82106008164004485] ; [0.089533234406848322]
998 ; 94 ; 220 ; 0 ; [0.15044686254113787, 0.073222587532334876, 0.15741997502564145] ; [0.56225349292541182, 0.12025728148244713, 0.21392776179669484]
998 ; 94 ; 220 ; 7 ; [0.024671471532031631] ; [5.6236730159358226]
998 ; 94 ; 221 ; 0 ; [0.092564734799912091] ; [0.22635199982702714]
998 ; 94 ; 221 ; 3 ; [0.13832702561659521] ; [0.89096383082523778]
998 ; 94 ; 221 ; 4 ; [0.057534621195613027] ; [0.071615073142425684]
998 ; 94 ; 222 ; 8 ; [0.19730960642457365, 0.26392351775084544, 0.28343007400082476, 3.334887593680731] ; [0.15447519841362231, 0.18994090161680832, 0.21378311371644856, 0.27763523570203469]
998 ; 94 ; 223 ; 0 ; [1.4377585747483672] ; [0.19220257170726981]
998 ; 94 ; 223 ; 1 ; [0.50624405191420196] ; [0.090345792562881791]
998 ; 94 ; 223 ; 2 ; [0.077223227765337243] ; [0.52062148321288604]
998 ; 94 ; 223 ; 3 ; [0.25902558908675682] ; [-0.0061392590382820748]
998 ; 94 ; 223 ; 4 ; [0.050213791495232772] ; [0.57617057590908327]
998 ; 94 ; 223 ; 10 ; [0.066061589944022892] ; [0.97530794405423504]
998 ; 94 ; 223 ; 12 ; [0.021261677740020767] ; [1.8562327597977717]
998 ; 94 ; 223 ; 15 ; [0.001566773823953156] ; [1.0189990664768254]
998 ; 94 ; 224 ; 0 ; [0.15756438219190746] ; [0.24689998230915031]
998 ; 94 ; 225 ; 0 ; [0.015233164334537509, 0.28122571317458461] ; [0.3739466147475915, 0.3880855353653842]
998 ; 94 ; 225 ; 1 ; [0.87845041164058812] ; [0.46925219953485081]
998 ; 94 ; 226 ; 0 ; [0.070268103146508054] ; [0.071174257519818415]
998 ; 94 ; 226 ; 2 ; [0.15647400811278622] ; [0.39879099690511205]
998 ; 94 ; 226 ; 3 ; [0.71633977604663446] ; [3.7030095502320615]
998 ; 94 ; 226 ; 4 ; [0.36087804415999847] ; [0.16856447150449314]
998 ; 94 ; 226 ; 12 ; [0.019419614908989] ; [-0.029307530844874426]
998 ; 94 ; 226 ; 13 ; [0.014811384417449967] ; [0.31861879099689422]
998 ; 94 ; 229 ; 0 ; [0.22546047552605702, 0.095095101907724022] ; [0.18045456071690952, 0.18436142269381414]
998 ; 94 ; 229 ; 1 ; [0.31125869844038184, 0.11275146611034956] ; [0.4508208294255352, 0.18491871536135504]
998 ; 94 ; 229 ; 2 ; [0.16948576187255315] ; [0.21074750428532513]
998 ; 94 ; 229 ; 3 ; [2.8350849959348063] ; [0.78946024886847621]
998 ; 94 ; 230 ; 2 ; [1.0671551876488818] ; [0.59594362555730673]
998 ; 94 ; 230 ; 4 ; [0.041745022067888479] ; [0.1872608946805005]
998 ; 94 ; 230 ; 9 ; [2.3209077139271961] ; [1.7317931751449012]
998 ; 94 ; 230 ; 13 ; [0.062501922924901837] ; [0.15719409772261184]
998 ; 94 ; 230 ; 15 ; [1.5478100211726351] ; [2.7011291680949263]
998 ; 94 ; 230 ; 16 ; [0.92684794054278141] ; [5.6971135922677059]
998 ; 94 ; 231 ; 0 ; [0.22804856110559554, 0.057803344036493315] ; [0.14181453473928757, 0.12629166523452015]
998 ; 94 ; 231 ; 8 ; [0.018031427485508199] ; [0.15626571044854251]
998 ; 94 ; 232 ; 0 ; [0.41062047634038745] ; [0.11478251369542816]
998 ; 94 ; 232 ; 2 ; [1.0811857033637877] ; [0.30578090486639925]
998 ; 94 ; 232 ; 5 ; [0.84823136717064862] ; [0.37783356735097795]
998 ; 94 ; 232 ; 18 ; [0.39698862679635766] ; [1.4854463799743653]
998 ; 94 ; 232 ; 21 ; [0.62139904015273795] ; [1.7975476035508255]
998 ; 94 ; 232 ; 23 ; [0.19255182161057002] ; [2.0534001193166502]
998 ; 94 ; 232 ; 31 ; [1.3082848964977138] ; [0.20268447879181492]
998 ; 94 ; 233 ; 1 ; [-0.014891538340571133] ; [0.090335998269502019]
998 ; 94 ; 233 ; 3 ; [0.86547049588219382] ; [0.52796683724878557]
998 ; 94 ; 233 ; 4 ; [0.43549676290361439] ; [0.060739184572194398]
998 ; 94 ; 234 ; 0 ; [0.54364224043490561] ; [7.8568230052549985]
998 ; 94 ; 234 ; 7 ; [1.9338451965279255] ; [0.44287326609653971]
998 ; 94 ; 234 ; 8 ; [0.093505164321435921] ; [0.975556058158492]
998 ; 94 ; 234 ; 11 ; [0.10928974376632734] ; [1.0572315044564411]
998 ; 94 ; 234 ; 13 ; [0.068250901573889397] ; [5.3758276958470814]
998 ; 94 ; 235 ; 1 ; [2.8169215542007549] ; [0.24538328255412653]
998 ; 94 ; 236 ; 0 ; [0.018109817321024603, 0.026774483490127864, -0.0010212415863225801, 0.11452495815907865] ; [0.3196597228007963, 0.1318011272974752, 0.096451351753514436, 0.15060260000422168]
998 ; 94 ; 237 ; 0 ; [0.11408734699737598, 0.13101664224600323, 0.86985512654557307] ; [0.081786896797377343, 0.091969605295502452, 0.070137049692402767]
998 ; 94 ; 238 ; 0 ; [0.042039521803663389, 0.023826565015141656, 0.017321265743021997] ; [0.13734648752133516, 0.16466166131540033, 0.30991307775070631]
998 ; 94 ; 239 ; 0 ; [0.058533756788923363] ; [0.60681525616832588]
998 ; 94 ; 240 ; 0 ; [0.28992217996175751] ; [0.12023709201004074]
998 ; 94 ; 240 ; 2 ; [0.63066056126811176] ; [0.71475418161126592]
998 ; 94 ; 240 ; 4 ; [0.21324739469019052] ; [0.03762894954281551]
998 ; 94 ; 240 ; 6 ; [3.6202102129768052] ; [0.37502528889832443]
998 ; 94 ; 240 ; 7 ; [0.52213172305813416] ; [1.1002463025509215]
998 ; 94 ; 240 ; 10 ; [1.9269008539424559] ; [2.7625699876407652]
998 ; 94 ; 240 ; 11 ; [1.8257065814706654] ; [0.13352300370044867]
998 ; 94 ; 240 ; 12 ; [-0.015601908601677483] ; [0.82854445831909573]
998 ; 94 ; 240 ; 13 ; [3.7697451769382915] ; [0.26425886042996627]
998 ; 94 ; 240 ; 15 ; [2.6545085361367762] ; [1.6987017460128244]
998 ; 94 ; 240 ; 16 ; [0.41950493884067269] ; [0.2021334442078439]
998 ; 94 ; 240 ; 19 ; [0.44726252117926962] ; [3.084658363956668]
998 ; 94 ; 240 ; 21 ; [3.8342951555775997] ; [1.1101040363753625]
998 ; 94 ; 241 ; 0 ; [0.028103651748445209] ; [-0.11023071191945323]
998 ; 94 ; 241 ; 2 ; [0.93813261892794153] ; [0.14379287256546944]
998 ; 94 ; 242 ; 0 ; [0.42214731733288846] ; [0.08402334840072101]
998 ; 94 ; 242 ; 1 ; [0.0065659871766511144] ; [0.35904812851260148]
998 ; 94 ; 242 ; 2 ; [-0.031975097938353542] ; [0.54866408179372261]
998 ; 94 ; 242 ; 4 ; [0.05121854768662288] ; [0.43006172495598655]
998 ; 94 ; 242 ; 8 ; [0.64259455782155306] ; [0.11019838634065224]
998 ; 94 ; 242 ; 10 ; [0.081004300072073487] ; [0.36146452331718376]
998 ; 94 ; 242 ; 13 ; [-0.0059816708423612247] ; [2.1814286818300253]
998 ; 94 ; 242 ; 14 ; [0.34755505213489718] ; [0.21721777833867703]
998 ; 94 ; 243 ; 0 ; [0.21305541258504002] ; [0.022589000471862967]
998 ; 94 ; 243 ; 1 ; [0.029520044346338817] ; [1.0158301975604993]
998 ; 94 ; 243 ; 7 ; [0.039521272593464558] ; [2.0370240526025563]
998 ; 94 ; 243 ; 8 ; [0.03039532521944488] ; [2.4014215046856955]
998 ; 94 ; 243 ; 12 ; [1.0865938656101253] ; [0.57464991354163419]
998 ; 94 ; 244 ; 0 ; [0.24644611068097527] ; [0.1134757646554133]
998 ; 94 ; 244 ; 3 ; [0.015114523866035619] ; [0.033716972658144849]
998 ; 94 ; 244 ; 4 ; [0.42079795973482015] ; [0.46268054880796822]
998 ; 94 ; 246 ; 0 ; [0.30036884099986261] ; [0.063755157205254487]
998 ; 94 ; 246 ; 1 ; [1.6313058762373194] ; [1.0293952366653611]
998 ; 94 ; 246 ; 9 ; [0.35027638340352224] ; [0.46674545370555753]
998 ; 94 ; 246 ; 10 ; [0.085415252401362315] ; [3.5900938697468177]
998 ; 94 ; 246 ; 14 ; [0.71264739340054006] ; [0.83675240677744922]
998 ; 94 ; 247 ; 0 ; [0.14519523990849759, 0.053244857768036696] ; [0.157852518903358, 0.08862223897015388]
998 ; 94 ; 247 ; 3 ; [0.84560499881507867] ; [0.94033293518941352]
998 ; 94 ; 247 ; 7 ; [1.8453589175852094] ; [1.0724626232953576]
998 ; 94 ; 247 ; 8 ; [1.038645412726912] ; [1.8875808767640023]
998 ; 94 ; 247 ; 12 ; [0.54248626627981533] ; [0.061141801368341714]
998 ; 94 ; 247 ; 13 ; [0.20907826650517186] ; [1.5362171952523205]
998 ; 94 ; 247 ; 14 ; [0.070753442074431933] ; [5.0746418990595084]
998 ; 94 ; 247 ; 15 ; [0.16607286154200046] ; [0.46617765488301427]
998 ; 94 ; 247 ; 19 ; [0.44578415722571441] ; [2.0530031458602633]
998 ; 94 ; 248 ; 0 ; [0.72787643490266674] ; [0.26093078112665269]
998 ; 94 ; 248 ; 1 ; [1.5315573278440822] ; [1.8951488030216468]
998 ; 94 ; 248 ; 3 ; [0.36919174454471476] ; [1.083415528027831]
998 ; 94 ; 248 ; 5 ; [0.87434967667564534] ; [1.1867545916402391]
998 ; 94 ; 248 ; 7 ; [3.399528866961977] ; [0.44200110288425393]
998 ; 94 ; 248 ; 12 ; [1.6640206385449483] ; [0.69748760836363644]
998 ; 94 ; 248 ; 23 ; [1.1833548522352397] ; [1.4629011802910561]
998 ; 94 ; 249 ; 0 ; [0.28658656705035807] ; [0.2444322872052439]
998 ; 94 ; 249 ; 1 ; [0.22813345602984228, 0.26464850052504679] ; [0.041559633468759544, 0.091984971013163483]
998 ; 94 ; 250 ; 1 ; [0.14311124174622147] ; [1.0749774014328268]
998 ; 94 ; 250 ; 6 ; [0.9524593519291864] ; [2.4408468770999145]
998 ; 94 ; 250 ; 9 ; [0.44646992252100348] ; [1.5203032998047221]
998 ; 94 ; 250 ; 15 ; [0.14226113719916078] ; [0.17312823410972697]
998 ; 94 ; 250 ; 16 ; [1.4745564721053139] ; [1.4826541753477829]
998 ; 94 ; 250 ; 25 ; [0.59123494940858023] ; [0.1639746984254716]
998 ; 94 ; 250 ; 26 ; [0.11904153211577354] ; [0.13981900619059501]
998 ; 94 ; 251 ; 8 ; [0.15993478654964705] ; [1.2442616480772111]
998 ; 94 ; 251 ; 16 ; [0.25696021953105042] ; [0.78487247363693025]
998 ; 94 ; 251 ; 17 ; [0.049489298917124863] ; [4.49586311720482]
998 ; 94 ; 251 ; 18 ; [0.14664226949991005] ; [1.4235602541389214]
998 ; 94 ; 252 ; 1 ; [0.15450220718422517] ; [0.094567959055660136]
998 ; 94 ; 252 ; 2 ; [1.3193312775653705] ; [0.50736024951430703]
998 ; 94 ; 252 ; 19 ; [0.41073378004675221] ; [0.32702493867475096]
998 ; 94 ; 253 ; 2 ; [4.1339041780774171] ; [0.97094135550167049]
998 ; 94 ; 253 ; 8 ; [2.4473426488990526] ; [1.2511061068456271]
998 ; 94 ; 253 ; 11 ; [0.57981917586587017] ; [1.2842617133777892]
998 ; 94 ; 253 ; 17 ; [0.8078695174542343] ; [0.39972850539367882]
998 ; 94 ; 253 ; 19 ; [1.5180353717440664] ; [1.6785813830121339]
998 ; 94 ; 253 ; 20 ; [0.29415750204544283] ; [0.120085083896201]
998 ; 94 ; 253 ; 23 ; [0.62860848867281816] ; [0.4106666781788379]
998 ; 94 ; 253 ; 24 ; [1.5050889331162738] ; [0.1973267285479256]
998 ; 94 ; 253 ; 27 ; [1.9987081000470903] ; [2.6852438912627812]
998 ; 94 ; 253 ; 28 ; [1.3984290472021272] ; [0.6349494059393066]
998 ; 94 ; 253 ; 31 ; [0.76115102973203064] ; [0.95178501664857551]
998 ; 94 ; 253 ; 33 ; [0.064629141672202489] ; [2.6541852033392317]
998 ; 94 ; 253 ; 35 ; [1.6554993183210103] ; [2.028086383023008]
998 ; 94 ; 253 ; 36 ; [1.8336198985935748] ; [1.5354931315446891]
998 ; 94 ; 253 ; 37 ; [2.13512992081347] ; [2.0009271689916037]
998 ; 94 ; 253 ; 43 ; [1.5273631784293376] ; [0.34563381167350526]
998 ; 94 ; 253 ; 49 ; [1.3835749493900711] ; [1.1785548093800358]
998 ; 94 ; 253 ; 55 ; [1.0784344348740675] ; [0.257677699628441]
998 ; 94 ; 253 ; 56 ; [2.0675375241708958] ; [0.098191820608958133]
998 ; 94 ; 254 ; 0 ; [0.50504100969301835, 0.41822483015928208, 0.58957734496667857] ; [0.83040304317490965, 0.29914156721071933, 0.13024147377687254]
998 ; 94 ; 254 ; 5 ; [0.14624741592154239] ; [1.3430447098777407]
998 ; 94 ; 255 ; 7 ; [0.10691546652163535] ; [0.43501435836772295]
998 ; 94 ; 255 ; 8 ; [-0.025921197460847346] ; [0.15725281662323767]
998 ; 94 ; 255 ; 13 ; [0.85985988545352621] ; [0.5952382026601265]
998 ; 94 ; 256 ; 3 ; [0.81395155914645156, 0.52047615231810651] ; [0.025344595826379823, 0.05511872816758142]
998 ; 94 ; 256 ; 4 ; [0.76785580629375583] ; [-0.031739093596076212]
998 ; 94 ; 256 ; 5 ; [0.29951543085567439] ; [0.32142302379658416]
998 ; 94 ; 256 ; 7 ; [0.21414289967341638] ; [0.024131111736608386]
998 ; 94 ; 256 ; 8 ; [2.9563026466962801] ; [0.63596718534835528]
998 ; 94 ; 257 ; 1 ; [1.2594772632797699] ; [0.70605054162699987]
998 ; 94 ; 257 ; 6 ; [1.0949904238943489] ; [0.24254220024287979]
998 ; 94 ; 257 ; 12 ; [0.039840151011896342] ; [0.057824892680170596]
998 ; 94 ; 257 ; 13 ; [0.16015022698908968] ; [0.97967890780008371]
998 ; 94 ; 257 ; 14 ; [1.006244975047943] ; [0.52251714738275068]
998 ; 94 ; 257 ; 15 ; [1.8220996139049892] ; [0.43109098545051033]
998 ; 94 ; 257 ; 16 ; [0.35915684125927172] ; [0.09210433196398049]
998 ; 94 ; 258 ; 2 ; [1.305889830854513] ; [0.7512333277096328]
998 ; 94 ; 258 ; 3 ; [0.26201384709456638] ; [1.706070410194596]
998 ; 94 ; 258 ; 11 ; [3.3018865760850042] ; [1.5778869107873528]
998 ; 94 ; 259 ; 2 ; [1.0478873854016888] ; [0.96126569106710236]
998 ; 94 ; 259 ; 6 ; [0.30695064382227222] ; [0.40136405402940034]
998 ; 94 ; 259 ; 8 ; [3.3190534298830774] ; [1.6817184762330277]
998 ; 94 ; 259 ; 12 ; [1.4140046636402996] ; [1.4034610487135015]
998 ; 94 ; 259 ; 15 ; [3.4810346816088318] ; [3.9195049029751696]
998 ; 94 ; 259 ; 16 ; [0.79912641628485592] ; [3.3726181286691324]
998 ; 94 ; 259 ; 17 ; [0.69380421894179556] ; [0.89298758014539437]
998 ; 94 ; 259 ; 18 ; [1.4353924884350193] ; [4.3173898632855314]
998 ; 94 ; 259 ; 19 ; [2.8905515874249659] ; [4.5597348511185363]
998 ; 94 ; 259 ; 21 ; [0.90667866738136804] ; [1.6903998832814329]
998 ; 94 ; 259 ; 22 ; [1.7132973846174882] ; [1.285286453318931]
998 ; 94 ; 259 ; 31 ; [0.57988637996592118] ; [2.4200131705114529]
998 ; 94 ; 260 ; 0 ; [0.095801957000822668] ; [0.34473951880259635]
998 ; 94 ; 260 ; 2 ; [0.055462623173216777] ; [0.56693657586985857]
998 ; 94 ; 261 ; 0 ; [2.0998542200436154] ; [0.14957680230333253]
998 ; 94 ; 261 ; 2 ; [1.0922493421241208] ; [0.15657913026632347]
998 ; 94 ; 261 ; 4 ; [4.7588443360431381] ; [0.10707867042673172]
998 ; 94 ; 261 ; 5 ; [1.1725838408462257] ; [0.36076115566027006]
998 ; 94 ; 262 ; 7 ; [1.8094770795665576] ; [3.6871300062344927]
998 ; 94 ; 262 ; 8 ; [0.11267604960177685] ; [2.2763881427033756]
998 ; 94 ; 262 ; 9 ; [0.1604621344514722] ; [2.867833488825414]
998 ; 94 ; 262 ; 10 ; [0.41223380553985672] ; [0.080898457238595192]
998 ; 94 ; 262 ; 11 ; [3.0564987005312045] ; [1.6563639451609169]
998 ; 94 ; 262 ; 12 ; [2.5637381189988862] ; [5.0212397352700693]
998 ; 94 ; 262 ; 13 ; [0.4252052634546658] ; [5.0701309566558299]
998 ; 94 ; 262 ; 14 ; [0.13142275285464791] ; [2.9462898590981341]
998 ; 94 ; 262 ; 15 ; [0.46636860269839286] ; [4.9523505895651638]
998 ; 94 ; 262 ; 20 ; [1.3427927861291709, 2.3143521256944131] ; [1.1203530629996803, 3.8478165241015523]
998 ; 94 ; 262 ; 21 ; [2.3425704589975971] ; [1.4062350897402227]
998 ; 94 ; 263 ; 0 ; [0.21618930776169015] ; [0.69276405347776648]
998 ; 94 ; 263 ; 2 ; [0.22777215380696447] ; [0.3974309280816743]
998 ; 94 ; 263 ; 4 ; [0.17113175834408126] ; [0.12429043045018441]
998 ; 94 ; 264 ; 0 ; [0.24898849866922013, 0.10176869724716962, 0.2215820450187731] ; [0.22820422177699115, 0.17981392439535143, 0.15623553182384306]
998 ; 94 ; 264 ; 2 ; [0.85794297370382544] ; [1.4168497380385379]
998 ; 94 ; 265 ; 0 ; [0.04640153180882766] ; [0.14903237416193879]
998 ; 94 ; 265 ; 1 ; [0.068704394001079722, 0.68819332221497587, 0.27921093313364737] ; [0.92860649162878395, 0.11476317752092191, 1.4486494916093402]
998 ; 94 ; 266 ; 1 ; [1.2357804904347056] ; [0.064731038368533361]
998 ; 94 ; 266 ; 2 ; [0.67965174430867481] ; [0.58249319639112673]
998 ; 94 ; 266 ; 3 ; [0.50810493177671168] ; [0.2438802818927702]
998 ; 94 ; 266 ; 4 ; [0.054163248797090113] ; [0.71430783079662852]
998 ; 94 ; 266 ; 7 ; [0.17658725836430517] ; [0.73452422449228238]
998 ; 94 ; 266 ; 9 ; [2.2582736808381956] ; [0.07148397495861035]
998 ; 94 ; 266 ; 12 ; [0.7019396013832101] ; [0.51632950032050262]
998 ; 94 ; 266 ; 16 ; [0.2551699635928607] ; [0.43805449384801665]
998 ; 94 ; 266 ; 24 ; [0.41704181143615066] ; [0.80168237715044666]
998 ; 94 ; 266 ; 25 ; [1.215902504298537] ; [0.47951931793989327]
998 ; 94 ; 266 ; 33 ; [0.80490705859941059] ; [0.59771667291453068]
998 ; 94 ; 266 ; 34 ; [0.96981240982732275] ; [0.36128655082550842]
998 ; 94 ; 266 ; 35 ; [0.73674415899988555] ; [1.9907692405624973]
998 ; 94 ; 267 ; 2 ; [0.049521185601191127] ; [0.51424157104530366]
998 ; 94 ; 267 ; 4 ; [0.036484393860688545] ; [0.35227733170913827]
998 ; 94 ; 267 ; 6 ; [0.48105327193277253] ; [0.23318255069856497]
998 ; 94 ; 267 ; 11 ; [0.69501418281905381] ; [1.6019035536678117]
998 ; 94 ; 267 ; 12 ; [1.8284013067752432] ; [0.11126924524614991]
998 ; 94 ; 267 ; 17 ; [0.011248765241205173] ; [0.13443096869347818]
998 ; 94 ; 267 ; 22 ; [0.010074458336982945] ; [0.95739903801293802]
998 ; 94 ; 267 ; 24 ; [1.3909950158604816] ; [0.99723976754600496]
998 ; 94 ; 267 ; 25 ; [1.2398337774482537] ; [0.020034990607926947]
998 ; 94 ; 268 ; 3 ; [0.013444166833787677] ; [1.5295741627390325]
998 ; 94 ; 269 ; 0 ; [0.5976296927528314] ; [0.46098934398242003]
998 ; 94 ; 269 ; 1 ; [0.3377842610034601] ; [1.1466945114151184]
998 ; 94 ; 269 ; 2 ; [0.38007394966454316] ; [0.21303400840682615]
998 ; 94 ; 269 ; 8 ; [0.25809926817612466] ; [0.22748874935338997]
998 ; 94 ; 269 ; 9 ; [0.52193867792993209] ; [0.45089409143501169]
998 ; 94 ; 269 ; 12 ; [0.74037320297607712] ; [-0.069311833765276748]
998 ; 94 ; 269 ; 13 ; [0.92823688263468818] ; [0.074823935110083534]
998 ; 94 ; 269 ; 14 ; [0.75391701790541532] ; [0.30607787764009042]
998 ; 94 ; 269 ; 15 ; [0.50377169188058102] ; [0.21979499675492375]
998 ; 94 ; 269 ; 18 ; [0.73086175042395407] ; [0.3336966486972312]
998 ; 94 ; 270 ; 2 ; [-0.0030104838501553849] ; [0.13684288362506522]
998 ; 94 ; 270 ; 3 ; [0.012386677476629146, 0.0086494963777436797] ; [0.070757164861867436, 0.16994588091608201]
998 ; 94 ; 271 ; 0 ; [0.12374217796264773, 0.1165687049297514, 0.053339830972840327] ; [0.10420182135164287, 0.43041654072715735, 0.53030028509262039]
998 ; 94 ; 271 ; 1 ; [0.1572399503989996] ; [0.80959667095572907]
998 ; 94 ; 271 ; 5 ; [1.3440783447815599] ; [0.63893019564509079]
998 ; 94 ; 272 ; 21 ; [0.064171705538950866] ; [0.83187579999129813]
998 ; 94 ; 274 ; 2 ; [0.41763525928559625] ; [0.24310549555602148]
998 ; 94 ; 274 ; 7 ; [0.30244287531805497] ; [0.12127602087944205]
998 ; 94 ; 274 ; 9 ; [0.68066542362764737] ; [0.44236031922691715]
998 ; 94 ; 274 ; 10 ; [1.7035876476643219] ; [0.35090581422292627]
998 ; 94 ; 275 ; 0 ; [0.17387261904294798, 0.090962743321806053, 0.077709665552655127] ; [0.28944016595204231, 0.19833210316276567, 0.6353372768674489]
998 ; 94 ; 276 ; 0 ; [0.63905885443328259] ; [0.12715498968117261]
998 ; 94 ; 276 ; 4 ; [0.049339432582384289] ; [0.52661758015729843]
998 ; 94 ; 276 ; 7 ; [1.7067690223598506] ; [1.2536429498339594]
998 ; 94 ; 276 ; 9 ; [0.090598459877990742] ; [0.011990713514709275]
998 ; 94 ; 276 ; 10 ; [1.7699127968370378] ; [1.3971415303019723]
998 ; 94 ; 276 ; 18 ; [0.093877103004895379] ; [1.3637845405610354]
998 ; 94 ; 278 ; 0 ; [0.025575688845469367, 1.5052501577237785] ; [0.36292313661153192, 0.97959721063646488]
998 ; 94 ; 278 ; 3 ; [0.10888829931980468] ; [0.40452038635986282]
998 ; 94 ; 279 ; 1 ; [0.41028568025575751] ; [2.2716848219479275]
998 ; 94 ; 279 ; 2 ; [1.3845212839973313] ; [0.51222771591010408]
998 ; 94 ; 279 ; 3 ; [0.61915785027023085] ; [0.60610694894218942]
998 ; 94 ; 279 ; 11 ; [0.98839659691942217] ; [1.1132649959352607]
998 ; 94 ; 280 ; 4 ; [0.039543978856520015, 0.11778380422222241, 0.47833916480249933] ; [0.080660212911512055, 0.13150020131909237, 0.17580634749729018]
998 ; 94 ; 281 ; 3 ; [0.94354986571444566] ; [3.8667783754844924]
998 ; 94 ; 281 ; 9 ; [2.0201870517925413] ; [1.4820500016978926]
998 ; 94 ; 281 ; 10 ; [0.10073144763814411] ; [0.76969181209744919]
998 ; 94 ; 281 ; 11 ; [1.4675705324342101] ; [0.67554724872760052]
998 ; 94 ; 281 ; 19 ; [0.77839590313000995] ; [1.129216899542832]
998 ; 94 ; 281 ; 28 ; [0.5200913067057934] ; [1.1457618739328168]
998 ; 94 ; 281 ; 36 ; [0.32042742503606825] ; [0.30843657999597424]
998 ; 94 ; 281 ; 39 ; [0.16449516999021446] ; [1.2223861056362293]
998 ; 94 ; 281 ; 41 ; [0.71698100322331793] ; [0.71591964005042841]
998 ; 94 ; 281 ; 42 ; [0.95887484135124346] ; [0.73914677919661353]
998 ; 94 ; 281 ; 43 ; [0.18073335970052717] ; [0.37090736963147997]
998 ; 94 ; 281 ; 44 ; [0.17316748809108076] ; [0.46821949774780203]
998 ; 94 ; 282 ; 0 ; [0.059927781137046214, 0.11516925191742776] ; [0.19224102481366337, 0.17771056380319339]
998 ; 94 ; 283 ; 10 ; [0.091194073344826806] ; [1.1625879725087334]
998 ; 94 ; 283 ; 13 ; [0.20942074346590417] ; [-0.0048352546313451331]
998 ; 94 ; 283 ; 14 ; [0.3428323737404082, 0.018371550626142798] ; [0.7796890214178861, 0.084884154743979187]
998 ; 94 ; 284 ; 4 ; [2.6317095052018633] ; [0.99117997982017225]
998 ; 94 ; 284 ; 5 ; [0.89900516920621187] ; [0.48764162454576282]
998 ; 94 ; 285 ; 0 ; [0.24821099041935207, 0.22126437607817975, 0.16487939838085075] ; [0.6638218892531822, 0.15774652254898947, 0.12840829217720406]
998 ; 94 ; 285 ; 1 ; [0.19897189117528957] ; [0.042988391734572869]
998 ; 94 ; 285 ; 2 ; [0.29406331309135647] ; [0.080138865764526737]
998 ; 94 ; 285 ; 3 ; [8.5515787775703416] ; [0.043587900510014425]
998 ; 94 ; 285 ; 5 ; [0.48489851910568005] ; [1.1120644421813446]
998 ; 94 ; 286 ; 9 ; [0.9909540417709799] ; [1.4337764019453405]
998 ; 94 ; 286 ; 10 ; [0.022421013850161375] ; [3.0430392787278517]
998 ; 94 ; 286 ; 11 ; [0.021324210463461852] ; [0.61914392755122816]
998 ; 94 ; 286 ; 15 ; [0.014342009587432673] ; [0.58662378320565189]
998 ; 94 ; 286 ; 17 ; [2.6914655218309584] ; [0.13426753306506023]
998 ; 94 ; 286 ; 18 ; [0.34911585997901357] ; [1.9527884973556897]
998 ; 94 ; 287 ; 5 ; [0.6400784210615108] ; [0.63879928320054624]
998 ; 94 ; 287 ; 8 ; [0.84842220983162675] ; [1.8441825370361487]
998 ; 94 ; 288 ; 0 ; [1.2134046100726141] ; [0.0018077959960677403]
998 ; 94 ; 288 ; 3 ; [2.3778777279630297] ; [0.66120378397338153]
998 ; 94 ; 288 ; 6 ; [1.86441878609427] ; [0.11186847214996945]
998 ; 94 ; 289 ; 0 ; [0.21142127276134648, 6.4058744539986705] ; [0.22246224084708319, 0.13795402259688627]
998 ; 94 ; 289 ; 1 ; [0.98218980334331618] ; [0.52845706872783837]
998 ; 94 ; 289 ; 3 ; [0.16986393477896433] ; [1.6719507280087589]
998 ; 94 ; 289 ; 4 ; [2.5418935442712383] ; [0.94492022626632344]
998 ; 94 ; 289 ; 9 ; [0.23133304364095567] ; [0.43858982966281462]
998 ; 94 ; 289 ; 10 ; [0.12136850115334048] ; [1.1363881169440309]
998 ; 94 ; 289 ; 17 ; [12.409621274623746] ; [0.91487898300669412]
998 ; 94 ; 290 ; 2 ; [0.20509222771787888] ; [1.749909452072655]
998 ; 94 ; 290 ; 11 ; [1.0867892186633719] ; [0.77645560439687034]
998 ; 94 ; 290 ; 12 ; [0.27177965095724349] ; [0.203418493651531]
998 ; 94 ; 290 ; 13 ; [2.8729405947349256] ; [1.5261310048832972]
998 ; 94 ; 290 ; 14 ; [0.15758504922994229] ; [1.5248138433648428]
998 ; 94 ; 290 ; 22 ; [0.098403828221276107] ; [1.7736575669122956]
998 ; 94 ; 290 ; 25 ; [0.57159330649006967] ; [0.6216112663233756]
998 ; 94 ; 291 ; 2 ; [1.1279164741854897] ; [1.0328461512095362]
998 ; 94 ; 291 ; 4 ; [0.062722614576577795] ; [0.45878958551651838]
998 ; 94 ; 291 ; 15 ; [0.54096654938570488] ; [0.51530982744371534]
998 ; 94 ; 291 ; 17 ; [4.0974819635988009] ; [0.58806953121415872]
998 ; 94 ; 291 ; 18 ; [0.58695023653584] ; [0.49050426967392829]
998 ; 94 ; 291 ; 23 ; [0.6350838339511462] ; [0.67230077471829242]
998 ; 94 ; 291 ; 24 ; [0.31926280522094491] ; [0.56216514919718186]
998 ; 94 ; 292 ; 0 ; [0.0070936355938050486, 0.2315481673769216] ; [0.016426818176048151, 2.0121599254072846]
998 ; 94 ; 292 ; 2 ; [1.2782344198311897] ; [0.36038817282029739]
998 ; 94 ; 292 ; 5 ; [0.39120815082490457] ; [0.91566735371461372]
998 ; 94 ; 293 ; 7 ; [0.54832742504827436] ; [1.6248087885424702]
998 ; 94 ; 293 ; 11 ; [0.42704063612934418] ; [1.6554525237538709]
998 ; 94 ; 293 ; 12 ; [3.026983636808863] ; [1.4016333134628765]
998 ; 94 ; 293 ; 21 ; [0.21681273814866997] ; [1.4228789407360793]
998 ; 94 ; 293 ; 23 ; [2.5046337460652204] ; [1.9788619049338829]
998 ; 94 ; 294 ; 0 ; [0.3153099416312799] ; [0.24583195887604739]
998 ; 94 ; 294 ; 8 ; [0.42165077844414395] ; [0.29265343902892205]
998 ; 94 ; 295 ; 3 ; [0.89466048890652039] ; [0.80010094918686769]
998 ; 94 ; 295 ; 5 ; [0.4838535754528776] ; [0.47482883997339864]
998 ; 94 ; 295 ; 7 ; [0.13884770347571898] ; [0.17546979383601308]
998 ; 94 ; 295 ; 8 ; [0.112463794311154] ; [0.26146022569741012]
998 ; 94 ; 296 ; 0 ; [0.10005052217045524, 0.095338697052811255, 0.13938420565045082] ; [0.084637460569083486, 0.10696640926646725, 0.060307677978147699]
998 ; 94 ; 296 ; 4 ; [0.090109064907945305] ; [0.96076852845341054]
998 ; 94 ; 296 ; 5 ; [0.085578664858585771] ; [0.94842873241926973]
998 ; 94 ; 296 ; 6 ; [0.060546682217802551] ; [0.81916440697891058]
998 ; 94 ; 297 ; 0 ; [0.0939542737138645, 0.16591828647525184, 0.12058525130989212] ; [0.30490370146983187, 0.18231064940080233, 0.42909239307261793]
998 ; 94 ; 297 ; 2 ; [0.43648999482870293] ; [0.096284128867368632]
998 ; 94 ; 297 ; 6 ; [0.3736456615156451] ; [0.303710910751194]
998 ; 94 ; 297 ; 8 ; [1.963309193908485] ; [1.2089945967987372]
998 ; 94 ; 297 ; 9 ; [0.88296906128782937] ; [1.5651227369959673]
998 ; 94 ; 298 ; 0 ; [0.35189327688429423, 0.17689718802473139] ; [0.20540446101613147, 0.23696245279467998]
998 ; 94 ; 298 ; 1 ; [0.12185467133686162, 0.20101034039141444] ; [0.36466414611163184, 0.90686203930938247]
998 ; 94 ; 298 ; 2 ; [0.51334856774707771] ; [0.47919241006110858]
998 ; 94 ; 298 ; 4 ; [0.21043078198772605, 0.22245266298311844] ; [0.1800069182589176, 0.18862584524923037]
998 ; 94 ; 299 ; 0 ; [0.49273132984025081] ; [2.4572492533833854]
998 ; 94 ; 299 ; 1 ; [0.11797229680983796] ; [1.0324134867754964]
998 ; 94 ; 299 ; 3 ; [1.8327725647965198] ; [1.9437829606667256]
998 ; 94 ; 299 ; 5 ; [2.1963040438306414] ; [0.65321214497717506]
998 ; 94 ; 299 ; 7 ; [1.0762068967522409] ; [0.77465384153758143]
998 ; 94 ; 299 ; 8 ; [0.19317452913499503] ; [0.87525330340669039]
998 ; 94 ; 299 ; 10 ; [2.5998471930605667] ; [2.0204689790019139]
998 ; 94 ; 299 ; 13 ; [0.22079918092145309] ; [1.7448570925131188]
998 ; 94 ; 299 ; 16 ; [0.27234438463008265] ; [1.3033085052220659]
998 ; 94 ; 299 ; 17 ; [0.22044188272387827] ; [1.6627785767723291]
998 ; 94 ; 299 ; 20 ; [2.8852569373354826] ; [2.4739414328289375]
998 ; 94 ; 300 ; 5 ; [0.33338906218309078] ; [0.11013980049071501]
998 ; 94 ; 301 ; 1 ; [1.9236200251425903] ; [4.5936607633388604]
998 ; 94 ; 301 ; 3 ; [2.4001604793028388] ; [1.5149172716163013]
998 ; 94 ; 301 ; 4 ; [0.38081522440570581] ; [0.36812583800717824]
998 ; 94 ; 301 ; 7 ; [0.038156161959162195] ; [0.43068876871209882]
998 ; 94 ; 302 ; 0 ; [1.032676825348037] ; [9.8660246349784693]
998 ; 94 ; 302 ; 1 ; [0.88313916316406516] ; [1.877538949764868]
998 ; 94 ; 302 ; 2 ; [0.11728548151581358] ; [0.14615335606174754]
998 ; 94 ; 302 ; 8 ; [5.5030588775213323] ; [1.6589461782669139]
998 ; 94 ; 302 ; 10 ; [2.2748964010223256] ; [1.8502724542371825]
998 ; 94 ; 302 ; 12 ; [1.522965519315173] ; [2.7157789753347092]
998 ; 94 ; 302 ; 14 ; [0.079670143987602346] ; [3.4080478277768238]
998 ; 94 ; 303 ; 2 ; [0.22131989242821393] ; [0.081455791598369187]
998 ; 94 ; 303 ; 3 ; [0.16562742165291014] ; [0.44617680183524189]
998 ; 94 ; 303 ; 11 ; [0.38833844975570991] ; [0.16642622947921118]
998 ; 94 ; 303 ; 14 ; [0.66992895626996318] ; [0.24085253260079251]
998 ; 94 ; 304 ; 0 ; [0.50200020113234256] ; [0.063759364445857586]
998 ; 94 ; 304 ; 1 ; [0.42194430679535211] ; [0.18752833642190983]
998 ; 94 ; 304 ; 2 ; [0.28980135784516198] ; [0.20263201208577053]
998 ; 94 ; 304 ; 10 ; [0.40633995149620528] ; [0.35076310820192386]
998 ; 94 ; 306 ; 0 ; [0.054190424304948387] ; [0.66544030613969773]
998 ; 94 ; 306 ; 2 ; [0.2300358090921473] ; [0.55263815531883842]
998 ; 94 ; 306 ; 3 ; [0.41781468587735909] ; [1.3910293749730875]
998 ; 94 ; 306 ; 7 ; [0.11771321977566437] ; [1.4141905579565679]
998 ; 94 ; 307 ; 1 ; [0.41360386106848118] ; [0.33238168897622072]
998 ; 94 ; 307 ; 6 ; [0.10726663062139803] ; [0.97755162361089964]
998 ; 94 ; 307 ; 11 ; [0.30013161037635377] ; [2.0257623878069331]
998 ; 94 ; 307 ; 12 ; [0.066158071655498932] ; [0.39516458392504739]
998 ; 94 ; 307 ; 13 ; [0.22260971437582741] ; [0.28107754681432512]
998 ; 94 ; 308 ; 1 ; [1.3275201892769353] ; [0.4172675513633603]
998 ; 94 ; 308 ; 2 ; [2.7158723768346538] ; [5.7123410023480128]
998 ; 94 ; 308 ; 3 ; [0.14994078041926634] ; [1.4818328985255718]
998 ; 94 ; 308 ; 9 ; [1.6309660542887223] ; [1.4337300810372453]
998 ; 94 ; 308 ; 12 ; [1.2581600117484055] ; [8.691856006695895]
998 ; 94 ; 308 ; 15 ; [7.1361178001859624] ; [1.0536537494256655]
998 ; 94 ; 308 ; 17 ; [0.18676131218855688] ; [5.9313864166771868]
998 ; 94 ; 308 ; 18 ; [0.09566806666824304] ; [0.50727869727066599]
998 ; 94 ; 308 ; 19 ; [0.11858899663422429] ; [4.8884417868805929]
998 ; 94 ; 308 ; 31 ; [1.4274132787558422] ; [1.6019280146776091]
998 ; 94 ; 308 ; 32 ; [1.4621074324617824] ; [3.0722778535614141]
998 ; 94 ; 309 ; 0 ; [0.018104066160471808, 0.088043127113899514] ; [0.19020053327540504, 0.15243623315461124]
998 ; 94 ; 309 ; 1 ; [0.046762607381986877] ; [0.23801637741070575]
998 ; 94 ; 309 ; 4 ; [0.2837539039324779] ; [0.013834255297585221]
998 ; 94 ; 309 ; 6 ; [0.024313644492548799] ; [0.16770942097118127]
998 ; 94 ; 310 ; 0 ; [0.074468577735876201] ; [0.86243759811675613]
998 ; 94 ; 310 ; 1 ; [0.54266517635435751] ; [0.14351271534620197]
998 ; 94 ; 310 ; 3 ; [0.65976788080275228] ; [0.078882313092241807]
998 ; 94 ; 310 ; 12 ; [0.032248463901772981] ; [1.0113228698697185]
998 ; 94 ; 311 ; 0 ; [2.6781468998501272, 0.71471665011152519, 0.1036251154415974] ; [0.45031203338911213, 0.13046291020700662, 0.18895634903817093]
998 ; 94 ; 311 ; 4 ; [0.34202316585530079] ; [0.17676565699329552]
998 ; 94 ; 312 ; 0 ; [0.13586094457953932, 0.08446845329137545, 0.061945232397900819] ; [0.11041265788671885, 0.090481733935812492, 0.10624149764083451]
998 ; 94 ; 313 ; 0 ; [0.48425463096252619] ; [0.19036634303585984]
998 ; 94 ; 313 ; 1 ; [0.80560707433205381] ; [0.79602849241442897]
998 ; 94 ; 313 ; 3 ; [0.1159047990084881] ; [0.49336997075830136]
998 ; 94 ; 313 ; 4 ; [0.090877838579306383] ; [0.67006478012807136]
998 ; 94 ; 313 ; 7 ; [0.4337138420017515, 0.6685681135733742] ; [0.57233154884026383, 1.6364114664682017]
998 ; 94 ; 314 ; 4 ; [1.571213336427788] ; [0.1319263136871778]
998 ; 94 ; 314 ; 6 ; [2.0856827877335751] ; [2.178292401093429]
998 ; 94 ; 314 ; 7 ; [0.33393825719024028] ; [5.8658081310524768]
998 ; 94 ; 314 ; 8 ; [0.090428859504683698] ; [0.32235495707927564]
998 ; 94 ; 314 ; 11 ; [2.2933701414364727] ; [3.5904187646948404]
998 ; 94 ; 315 ; 0 ; [1.0492483568630209, -6.114757545649427] ; [0.49292014409825852, 0.09834210406789623]
998 ; 94 ; 316 ; 3 ; [0.017252677012591092] ; [1.2337133441323296]
998 ; 94 ; 316 ; 7 ; [0.1644482102006482] ; [0.22301613136790815]
998 ; 94 ; 316 ; 9 ; [0.083590326678493795] ; [1.1175091077822403]
998 ; 94 ; 317 ; 0 ; [0.12111202367344739, 2.3817073842103524] ; [0.38791361998584506, 0.55266691824306724]
998 ; 94 ; 317 ; 4 ; [1.4966426511763136] ; [0.11064386333988117]
998 ; 94 ; 317 ; 8 ; [0.83487265651338183] ; [1.0532874874953655]
998 ; 94 ; 318 ; 7 ; [1.4793156833051295] ; [0.11031908613649381]
998 ; 94 ; 318 ; 9 ; [1.4625120916983652] ; [4.3579140460329491]
998 ; 94 ; 318 ; 11 ; [1.5494436216263219] ; [1.6271343961287001]
998 ; 94 ; 318 ; 12 ; [1.5225213756626823] ; [2.753083157750511]
998 ; 94 ; 318 ; 16 ; [1.732483228948168] ; [3.1073882099550523]
998 ; 94 ; 319 ; 0 ; [0.10723086148276381] ; [-0.025312531066731966]
998 ; 94 ; 319 ; 2 ; [1.2020923516548983] ; [0.81241028800312143]
998 ; 94 ; 320 ; 0 ; [0.050600789729374582] ; [0.2129401734162181]
998 ; 94 ; 320 ; 1 ; [0.46104496237374865] ; [0.039855186455896779]
998 ; 94 ; 320 ; 11 ; [0.68277507172912932] ; [-0.014621092285807222]
998 ; 94 ; 320 ; 12 ; [1.1305301368368292] ; [-0.041408579282079555]
998 ; 94 ; 320 ; 13 ; [-0.049143837723008808] ; [0.50676313635616532]
998 ; 94 ; 321 ; 0 ; [4.8281609847837021] ; [0.47548468242435443]
998 ; 94 ; 321 ; 10 ; [7.0345323269546354] ; [1.7734836522180812]
998 ; 94 ; 321 ; 12 ; [0.053685014173948838] ; [2.0499311181676307]
998 ; 94 ; 322 ; 0 ; [0.073304304565975378, 0.11210028261758664, 0.050604208200060952] ; [0.17101222601294977, 0.12154344786800007, 0.078191017479017355]
998 ; 94 ; 322 ; 9 ; [0.13943895328449124] ; [0.069535293627182929]
998 ; 94 ; 323 ; 1 ; [1.1324847236375843] ; [0.073656782020722358]
998 ; 94 ; 324 ; 2 ; [1.648727935597553] ; [2.0031738766538711]
998 ; 94 ; 324 ; 5 ; [0.28054698537840289] ; [1.2212985416624289]
998 ; 94 ; 324 ; 9 ; [0.3047371006885935] ; [1.8737909059288533]
998 ; 94 ; 324 ; 10 ; [0.86282516984366409] ; [1.371729779508762]
998 ; 94 ; 324 ; 12 ; [1.3667267198848654] ; [1.5342016766841504]
998 ; 94 ; 325 ; 9 ; [0.16626621858407847] ; [1.7843714812222475]
998 ; 94 ; 325 ; 10 ; [0.043209875085634813] ; [1.1511176855465142]
998 ; 94 ; 325 ; 12 ; [1.0338232970562227] ; [0.393038644571711]
998 ; 94 ; 325 ; 13 ; [0.050741217044263258] ; [1.0653872744605608]
998 ; 94 ; 325 ; 14 ; [0.068646886544197899] ; [1.8703988566867402]
998 ; 94 ; 325 ; 15 ; [0.043673301659385821] ; [1.9717473245229491]
998 ; 94 ; 326 ; 0 ; [0.039621172587910203] ; [0.51930448390010386]
998 ; 94 ; 326 ; 1 ; [0.58022114714688722] ; [0.13507145955875227]
998 ; 94 ; 326 ; 3 ; [0.6778721069393846] ; [0.25595350598823818]
998 ; 94 ; 327 ; 0 ; [0.3353587435180389] ; [0.374782989932884]
998 ; 94 ; 327 ; 3 ; [0.70606232843869976, 1.799973530508822] ; [1.0274388371122298, 2.045500085036192]
998 ; 94 ; 327 ; 4 ; [0.94476456266986242] ; [1.6471415330761181]
998 ; 94 ; 327 ; 5 ; [2.3081252939931067] ; [1.1619324914302576]
998 ; 94 ; 327 ; 6 ; [1.0575363691783064] ; [2.5483268403467298]
998 ; 94 ; 327 ; 7 ; [0.57814050932649463] ; [2.7473272707189729]
998 ; 94 ; 327 ; 10 ; [3.4836289121493911] ; [1.2787139842667095]
998 ; 94 ; 327 ; 11 ; [2.0987146491982043] ; [1.1030085295024588]
998 ; 94 ; 327 ; 13 ; [3.7381205004053371] ; [1.8060677210392053]
998 ; 94 ; 327 ; 19 ; [0.59052591798944787] ; [3.1452910600974828]
998 ; 94 ; 327 ; 22 ; [1.1678949564244221] ; [1.6719932519689364]
998 ; 94 ; 327 ; 26 ; [0.0048096292651448394] ; [8.3489361387126237]
998 ; 94 ; 327 ; 27 ; [0.94833819944638276] ; [1.3837847138453072]
998 ; 94 ; 327 ; 35 ; [1.6466812415980563] ; [2.0789558313274639]
998 ; 94 ; 328 ; 2 ; [0.20469585789630376] ; [0.25185878167785519]
998 ; 94 ; 328 ; 4 ; [0.31862901613708722] ; [-0.0053135948142510785]
998 ; 94 ; 328 ; 5 ; [0.37721042496792473] ; [0.08388276188922679]
998 ; 94 ; 328 ; 6 ; [0.07006990085622232] ; [0.097274235451705229]
998 ; 94 ; 328 ; 8 ; [0.015502412967781001] ; [0.097771373530221681]
998 ; 94 ; 328 ; 9 ; [1.8253266941055803] ; [2.177088510828018]
998 ; 94 ; 328 ; 28 ; [1.5327458237403844] ; [0.51914255782425267]
998 ; 94 ; 328 ; 31 ; [1.0457119832748925] ; [0.31585987630683859]
998 ; 94 ; 329 ; 0 ; [0.2794315929503251, 0.13224577059020193] ; [0.47156542396134149, 0.11343371916785769]
998 ; 94 ; 329 ; 3 ; [0.15371195928533543] ; [0.2343919422758978]
998 ; 94 ; 330 ; 0 ; [0.053878831638528857, 0.060691862497209932] ; [-0.0094394741345076704, 0.38931687348714167]
998 ; 94 ; 331 ; 0 ; [0.65561052305754852] ; [0.20693090643548542]
998 ; 94 ; 331 ; 2 ; [0.098134397814659283, 0.67235961787721699] ; [0.13680458990537939, 0.66823243831784851]
998 ; 94 ; 332 ; 5 ; [1.2305385368507977] ; [0.014204522600602919]
998 ; 94 ; 332 ; 7 ; [0.033976921571997505] ; [0.022184590494546637]
998 ; 94 ; 332 ; 10 ; [0.36700259829272192] ; [0.48378127667489462]
998 ; 94 ; 333 ; 0 ; [0.64206927203815345, 0.87046536031004473] ; [0.50112854985206945, 0.24895072204214821]
998 ; 94 ; 334 ; 0 ; [0.8456890893359662] ; [0.43557351058337856]
998 ; 94 ; 334 ; 1 ; [1.0050163948383533] ; [0.25713218927680909]
998 ; 94 ; 334 ; 6 ; [1.0646023031759804] ; [2.0731424753757826]
998 ; 94 ; 334 ; 8 ; [0.1949290757834129] ; [1.4421874073906633]
998 ; 94 ; 334 ; 10 ; [0.41873262747433748] ; [1.3641694393467303]
998 ; 94 ; 334 ; 12 ; [1.1103827973107898] ; [1.6104745113461805]
998 ; 94 ; 334 ; 20 ; [0.15344159871463076] ; [2.146544396002001]
998 ; 94 ; 334 ; 22 ; [0.25928964970460999] ; [1.8168815547721269]
998 ; 94 ; 334 ; 35 ; [2.0657963980601983] ; [2.2956217459402257]