# Run ; Subrun ; Event ; Track ; Charge Ratios View 0 ; Charge Ratios View 1 #
998 ; 62 ; 0 ; 0 ; [0.10716580971599242, 0.29578194883473397] ; [0.10144122944854866, 0.10031270743433994]
998 ; 62 ; 0 ; 5 ; [1.821369036533129] ; [0.15703985915887739]
998 ; 62 ; 0 ; 7 ; [1.0582246139861207] ; [0.29049598831547951]
998 ; 62 ; 0 ; 8 ; [1.1872080738247259] ; [1.8332034937615951]
998 ; 62 ; 1 ; 2 ; [2.3232950379291286] ; [0.77650972303425103]
998 ; 62 ; 1 ; 3 ; [0.041043266377590558] ; [1.0944453304038293]
998 ; 62 ; 1 ; 8 ; [1.8496678062462328] ; [0.058934555328737918]
998 ; 62 ; 1 ; 11 ; [1.4947930701122576] ; [0.53715803968976161]
998 ; 62 ; 1 ; 18 ; [0.71179688942400621] ; [0.52063004019088144]
998 ; 62 ; 1 ; 20 ; [0.71536179579052084] ; [0.94510744851946404]
998 ; 62 ; 1 ; 23 ; [0.032388036441668509] ; [-0.0025359268685920433]
998 ; 62 ; 1 ; 24 ; [0.040607467063572489] ; [2.0554905383642752]
998 ; 62 ; 2 ; 13 ; [2.0057883315240899] ; [0.75043691857368622]
998 ; 62 ; 2 ; 16 ; [0.3646005704706996] ; [1.8051420038470711]
998 ; 62 ; 2 ; 19 ; [0.0117724070095577] ; [0.73762649024738491]
998 ; 62 ; 2 ; 22 ; [2.6843552400050643] ; [1.8035591177941399]
998 ; 62 ; 2 ; 23 ; [2.484133053667168] ; [1.9950845031385644]
998 ; 62 ; 2 ; 24 ; [0.82255520014652705] ; [1.453202504333708]
998 ; 62 ; 3 ; 5 ; [0.23178145563296246, 0.31549390369912422, 0.37039032918016235] ; [0.18611558666537822, 0.24397275603419491, 0.94064252007382643]
998 ; 62 ; 4 ; 5 ; [0.24718651184487167] ; [0.12235924560289639]
998 ; 62 ; 4 ; 6 ; [0.34747073873948431] ; [0.17432390668497941]
998 ; 62 ; 4 ; 7 ; [0.047511244459745611] ; [0.10846878429404443]
998 ; 62 ; 4 ; 8 ; [0.065747673520841182] ; [0.12689249740092778]
998 ; 62 ; 5 ; 0 ; [0.37634791990981603, 0.080062895596182029] ; [0.23039439636512724, 0.3169908721659393]
998 ; 62 ; 5 ; 1 ; [0.020421883716371166] ; [0.28497842504859888]
998 ; 62 ; 5 ; 2 ; [0.12052354823906974] ; [0.25399924824496284]
998 ; 62 ; 5 ; 13 ; [0.037533603220571539] ; [9.3084968717095773]
998 ; 62 ; 5 ; 15 ; [0.093116200050328266] ; [0.10042665473203545]
998 ; 62 ; 6 ; 0 ; [1.3205831507764378] ; [0.80533532165249366]
998 ; 62 ; 6 ; 1 ; [0.47689478903970817] ; [1.8498016004211892]
998 ; 62 ; 7 ; 0 ; [2.5771407901244894] ; [1.2046831070337434]
998 ; 62 ; 7 ; 4 ; [2.1778393358960013] ; [5.978812506162277]
998 ; 62 ; 7 ; 7 ; [1.2655552424970768] ; [1.723615892743495]
998 ; 62 ; 7 ; 12 ; [0.10807472662544985] ; [0.53970815542790318]
998 ; 62 ; 7 ; 13 ; [0.082137114015409185] ; [0.78793949265818708]
998 ; 62 ; 8 ; 0 ; [0.17508071319531499] ; [0.15526860768645404]
998 ; 62 ; 8 ; 1 ; [0.40555521349731294] ; [0.40460343904235213]
998 ; 62 ; 9 ; 0 ; [1.2603493848430793] ; [0.29326306108566769]
998 ; 62 ; 9 ; 1 ; [0.58211258521901821] ; [0.77479484230185147]
998 ; 62 ; 9 ; 2 ; [0.32712495042363876] ; [1.5418198622715071]
998 ; 62 ; 9 ; 4 ; [0.047190474962179763] ; [1.5197198243268835]
998 ; 62 ; 9 ; 5 ; [0.62295049527908342] ; [0.090211573659700256]
998 ; 62 ; 9 ; 7 ; [0.54936441119907975] ; [0.27478164434437635]
998 ; 62 ; 10 ; 1 ; [0.013793167550299246] ; [0.021240914306428531]
998 ; 62 ; 10 ; 2 ; [2.2417162203154843] ; [0.2762285017206737]
998 ; 62 ; 10 ; 4 ; [1.2898740467805627] ; [1.2163907766816557]
998 ; 62 ; 10 ; 5 ; [0.051761779298524747] ; [0.12771477990273244]
998 ; 62 ; 10 ; 7 ; [0.18965381875203793] ; [0.50030594957808583]
998 ; 62 ; 10 ; 10 ; [0.20289988423956856] ; [3.0144840400039929]
998 ; 62 ; 10 ; 12 ; [0.083114840246591659] ; [0.60668043292188134]
998 ; 62 ; 10 ; 14 ; [0.12203936843673409] ; [0.46469868427537636]
998 ; 62 ; 10 ; 15 ; [1.5431977025055839] ; [1.6583688553059546]
998 ; 62 ; 10 ; 17 ; [0.052204661032330145] ; [0.4795266132626298]
998 ; 62 ; 10 ; 19 ; [0.034580660362604383] ; [0.58829651051792731]
998 ; 62 ; 10 ; 22 ; [0.041431616132780104] ; [0.97866688374214605]
998 ; 62 ; 11 ; 0 ; [1.4010173132820773] ; [0.41302049579933087]
998 ; 62 ; 11 ; 5 ; [1.0492314988124241] ; [0.29847301332985116]
998 ; 62 ; 11 ; 6 ; [0.41747331362684409] ; [0.116578803005398]
998 ; 62 ; 11 ; 8 ; [3.4888474250016834] ; [0.880279833476179]
998 ; 62 ; 11 ; 10 ; [6.0207671680227] ; [4.0894636972940717]
998 ; 62 ; 11 ; 11 ; [1.3241331177016411] ; [0.63983909182442289]
998 ; 62 ; 11 ; 13 ; [0.83033951557636154] ; [1.2583955469566768]
998 ; 62 ; 11 ; 15 ; [1.2415903170131535] ; [0.99888562888475774]
998 ; 62 ; 11 ; 16 ; [0.2674878151253503] ; [0.39946207724700239]
998 ; 62 ; 12 ; 2 ; [0.9420369252726819] ; [-0.0027110622670390022]
998 ; 62 ; 12 ; 4 ; [-0.0042467877690967161] ; [0.058420372718391053]
998 ; 62 ; 13 ; 0 ; [0.98914148729528928] ; [0.078703092557661239]
998 ; 62 ; 13 ; 7 ; [1.8909379753475004] ; [0.89606407176304592]
998 ; 62 ; 13 ; 12 ; [0.74887749008422599] ; [0.22679817546521197]
998 ; 62 ; 14 ; 0 ; [0.7254918329378508, 0.58470431898569741] ; [0.69779023985772759, 0.25374011155482717]
998 ; 62 ; 14 ; 1 ; [0.049081210382760802] ; [0.24803704732792928]
998 ; 62 ; 15 ; 0 ; [0.029434596574749217, 1.0516187941097652, 7.2656941487582678] ; [0.481793836049008, 1.1394900540402357, 0.52958179819590123]
998 ; 62 ; 15 ; 2 ; [0.18987416227919329] ; [0.075164989140372465]
998 ; 62 ; 16 ; 2 ; [0.18697865366397809] ; [0.046935689119950844]
998 ; 62 ; 16 ; 5 ; [0.053494735380921581] ; [0.24298134795327914]
998 ; 62 ; 16 ; 12 ; [0.41843153634705038] ; [0.27411833592953666]
998 ; 62 ; 17 ; 19 ; [0.25964871805817646] ; [1.3705219431919355]
998 ; 62 ; 18 ; 8 ; [1.4000257894314019] ; [0.46426872556932719]
998 ; 62 ; 18 ; 15 ; [0.04352785237516707] ; [-0.0082808910657022877]
998 ; 62 ; 18 ; 16 ; [0.021572509095777483] ; [-0.031647205052122797]
998 ; 62 ; 19 ; 1 ; [0.044905541524444606] ; [0.10783785232777379]
998 ; 62 ; 19 ; 2 ; [0.020518158829017079] ; [0.0095319754409055983]
998 ; 62 ; 20 ; 0 ; [0.78302618563711657] ; [0.32835932345674834]
998 ; 62 ; 20 ; 2 ; [0.56505022729929855] ; [0.33080709883550857]
998 ; 62 ; 21 ; 0 ; [1.350664482482447, 0.068107686042785651, 0.0071184121348986384] ; [0.28190262683178208, 0.099697672627911765, 0.19474289199378364]
998 ; 62 ; 21 ; 2 ; [1.0714848816844194] ; [0.17597757125923477]
998 ; 62 ; 22 ; 1 ; [0.82192588745749473] ; [1.2030985650117882]
998 ; 62 ; 22 ; 2 ; [0.08172116719503747] ; [1.134816746221422]
998 ; 62 ; 22 ; 3 ; [0.073181437747677699] ; [0.19819250760883428]
998 ; 62 ; 23 ; 0 ; [0.06350594510766841] ; [-0.0032014566578612725]
998 ; 62 ; 23 ; 4 ; [0.38960805702453094] ; [-0.11222089829817017]
998 ; 62 ; 23 ; 5 ; [0.089396608194026853] ; [0.50074076160247138]
998 ; 62 ; 23 ; 6 ; [0.066896537655397326] ; [0.38437144548622221]
998 ; 62 ; 23 ; 7 ; [0.040878400882878141, 0.04407219543689473, 0.94628759965299303] ; [0.51228913579792579, 0.58033877573024228, 0.1939308086520159]
998 ; 62 ; 24 ; 6 ; [0.080619481814575886] ; [1.1227951188557392]
998 ; 62 ; 24 ; 7 ; [0.59021197096238454] ; [0.0047413199672681006]
998 ; 62 ; 24 ; 8 ; [0.46772488252775823] ; [2.2086902743129704]
998 ; 62 ; 24 ; 9 ; [0.046707216873145399] ; [0.89267167445553308]
998 ; 62 ; 24 ; 12 ; [0.071033491720614989] ; [2.8317349769598787]
998 ; 62 ; 25 ; 0 ; [0.037391578774326042, 0.14357747329551582] ; [0.13728864023445839, 0.10211514385830617]
998 ; 62 ; 26 ; 4 ; [0.69875108472861169] ; [0.47268159701004236]
998 ; 62 ; 26 ; 10 ; [1.81273067711421] ; [0.43818718408108343]
998 ; 62 ; 26 ; 15 ; [0.29465994537734186] ; [1.4719299777340467]
998 ; 62 ; 26 ; 19 ; [1.3428396474928757] ; [1.3453539829342451]
998 ; 62 ; 27 ; 0 ; [1.1716281675107416] ; [0.035148013070247952]
998 ; 62 ; 27 ; 5 ; [0.12504027942944679] ; [3.0724377036349293]
998 ; 62 ; 28 ; 2 ; [1.7319907083220096] ; [0.14213271609563258]
998 ; 62 ; 28 ; 4 ; [0.41671100196980615] ; [0.47848698586298583]
998 ; 62 ; 28 ; 5 ; [2.8418754925568299] ; [4.6345287542170919]
998 ; 62 ; 28 ; 9 ; [0.2428015551802262] ; [0.84999555686472872]
998 ; 62 ; 28 ; 24 ; [0.86203232528717288] ; [7.2813548316804946]
998 ; 62 ; 29 ; 0 ; [0.40185832802207055] ; [0.20503122434847304]
998 ; 62 ; 29 ; 1 ; [-0.03585423477089842, 0.10414331662473419, 0.28571265121554013] ; [0.089015356267386311, 0.26565928569654401, 0.51915414339842059]
998 ; 62 ; 29 ; 6 ; [0.16457412764214674] ; [-0.0079221608644135001]
998 ; 62 ; 30 ; 0 ; [0.14593610204204516, 0.37795642112934691] ; [0.40276600830534243, 0.18862811874184948]
998 ; 62 ; 30 ; 1 ; [1.8254327473383825] ; [0.52854428805903508]
998 ; 62 ; 30 ; 2 ; [0.0087860032010602992] ; [0.096215040589031631]
998 ; 62 ; 31 ; 0 ; [0.17303618671118695, 0.22820853149217216] ; [0.2447701759009171, 0.69080254521466988]
998 ; 62 ; 31 ; 2 ; [0.0049042089814274143] ; [0.2338479730956062]
998 ; 62 ; 31 ; 5 ; [0.0077933936690839246] ; [0.36946096443643295]
998 ; 62 ; 31 ; 6 ; [0.01661182740541655] ; [0.26514124664420924]
998 ; 62 ; 32 ; 0 ; [0.013768832663189704, -0.018940136576975061, 0.07294217240086022] ; [0.086673905424662648, 0.10994512845102881, 0.2203730911278608]
998 ; 62 ; 32 ; 1 ; [0.044696537680977338] ; [0.25158290149351453]
998 ; 62 ; 33 ; 0 ; [0.1774981429129312] ; [1.0751263160344275]
998 ; 62 ; 33 ; 2 ; [3.979661446657818] ; [1.0824700857195317]
998 ; 62 ; 33 ; 3 ; [0.61940178152060987] ; [1.3319743704442395]
998 ; 62 ; 33 ; 4 ; [0.19668934667626317] ; [1.5772189512042032]
998 ; 62 ; 33 ; 8 ; [1.1264428415152135] ; [2.5681128806533402]
998 ; 62 ; 33 ; 9 ; [0.14518394558853631] ; [-0.10668095709366152]
998 ; 62 ; 33 ; 11 ; [0.39067802096041365] ; [1.5265648018077835]
998 ; 62 ; 33 ; 12 ; [0.35008377461303763] ; [1.7348076524336629]
998 ; 62 ; 33 ; 13 ; [0.17538685736761914] ; [1.8027257641733727]
998 ; 62 ; 34 ; 0 ; [16.353222945653812, 0.33630995310949474] ; [0.21444057739795172, 0.15922591587436252]
998 ; 62 ; 34 ; 2 ; [0.060974216378181727] ; [0.06178196518397331]
998 ; 62 ; 35 ; 0 ; [0.13956199829565535, 0.045654027313535891, 0.16103064985312263] ; [0.27854494416470121, 0.42956385254836155, 0.15237328749203286]
998 ; 62 ; 35 ; 4 ; [0.22489117937351252] ; [0.19022629000316041]
998 ; 62 ; 35 ; 10 ; [0.014135029665286875] ; [0.89286381335380793]
998 ; 62 ; 35 ; 14 ; [0.01652425526691547] ; [1.4404466350193619]
998 ; 62 ; 35 ; 19 ; [0.14149526411142041] ; [0.86161818001523804]
998 ; 62 ; 36 ; 0 ; [4.4626960994846048] ; [0.97913846381856651]
998 ; 62 ; 37 ; 1 ; [0.25713423082121334, 0.47422427968406239] ; [0.39770128333815541, 0.13563252409374632]
998 ; 62 ; 37 ; 8 ; [0.53395968881209677] ; [2.2571472464746702]
998 ; 62 ; 37 ; 9 ; [0.1731886387094009] ; [0.83828900256676853]
998 ; 62 ; 37 ; 11 ; [0.15083229004746082] ; [1.2031643796648657]
998 ; 62 ; 38 ; 11 ; [0.028206572670463722] ; [2.0082326086060247]
998 ; 62 ; 39 ; 0 ; [0.39467356787078534, 0.26846190792833619, 0.0057376924869160795] ; [0.37947737006673027, 0.10856395638910991, 0.27719478984000223]
998 ; 62 ; 39 ; 1 ; [0.5601629936664404] ; [0.65057450553054763]
998 ; 62 ; 39 ; 3 ; [0.33494586708342977] ; [0.11188119539767802]
998 ; 62 ; 39 ; 16 ; [0.76401391188644341, 0.091547562770807597] ; [0.84511222444719214, 0.53399772993888983]
998 ; 62 ; 40 ; 0 ; [0.011696240041939794, -0.010352082863918064, 0.031426053270518312, 0.014616045859265115] ; [0.092610283347494007, 0.051298963158995375, 0.1594144516690143, 0.058244122018715469]
998 ; 62 ; 40 ; 1 ; [0.61287721733356548] ; [0.13791955839219813]
998 ; 62 ; 41 ; 0 ; [1.792114594747849, 10.948161519627558] ; [0.50113822948818942, 0.40599773839516679]
998 ; 62 ; 41 ; 1 ; [0.1342289342147984, 0.12045482138240433] ; [0.10101177496071832, 0.049651345677282403]
998 ; 62 ; 42 ; 0 ; [0.23684020301476566, 0.29618148132306887, 0.076749492400346106] ; [0.33981123515514805, 0.16631408465132591, 0.27200461108697749]
998 ; 62 ; 42 ; 5 ; [0.059431807496169622] ; [0.37099683413619838]
998 ; 62 ; 44 ; 6 ; [0.20700665210575431] ; [1.3727666334745008]
998 ; 62 ; 44 ; 8 ; [6.4717322568199043] ; [2.0655210438574754]
998 ; 62 ; 44 ; 11 ; [1.9196669289852877] ; [0.39427018844784001]
998 ; 62 ; 45 ; 0 ; [0.40150126157878185] ; [0.099295098110980778]
998 ; 62 ; 45 ; 3 ; [0.93392280541146866] ; [0.016292557884681508]
998 ; 62 ; 45 ; 5 ; [0.89866373943643163] ; [0.65620579738547224]
998 ; 62 ; 45 ; 6 ; [0.26752116333553311] ; [0.12905422452570761]
998 ; 62 ; 45 ; 10 ; [2.663857788326609] ; [1.9014244011683772]
998 ; 62 ; 45 ; 11 ; [0.22531331662343654] ; [0.83643916302427401]
998 ; 62 ; 45 ; 13 ; [1.4073541669056939] ; [1.1262770069161121]
998 ; 62 ; 45 ; 23 ; [1.5627804163148995] ; [2.3216040363839792]
998 ; 62 ; 45 ; 24 ; [0.16703733637351234] ; [1.1066330490809124]
998 ; 62 ; 45 ; 25 ; [0.084423856912999556] ; [1.232799368966857]
998 ; 62 ; 46 ; 0 ; [0.56260426870317293] ; [0.76807616823848113]
998 ; 62 ; 46 ; 5 ; [0.016547520482503745] ; [1.2592326110072967]
998 ; 62 ; 47 ; 6 ; [0.30576706824552669] ; [0.040574727251226059]
998 ; 62 ; 47 ; 7 ; [1.4901898339528075] ; [0.00081443574228059622]
998 ; 62 ; 47 ; 8 ; [0.47185154532795243] ; [0.10965993102222722]
998 ; 62 ; 48 ; 0 ; [0.44579029685631266] ; [0.150012406794441]
998 ; 62 ; 48 ; 1 ; [-0.0019954748444540068] ; [0.063659354997171139]
998 ; 62 ; 48 ; 2 ; [0.27504911967832735] ; [0.26679968555187883]
998 ; 62 ; 48 ; 5 ; [0.13684231743948866] ; [0.59024344969756881]
998 ; 62 ; 49 ; 0 ; [0.32212517238568417, 0.0005497640972904963, 0.24177083336638877] ; [0.1571233924992943, 0.20897634369005877, 0.41450610452782127]
998 ; 62 ; 50 ; 0 ; [0.093267102409544667, 0.14115936247637323] ; [0.11836401061096452, -0.015962534036316367]
998 ; 62 ; 50 ; 1 ; [1.8466880523758442] ; [0.22855652025940806]
998 ; 62 ; 51 ; 0 ; [0.18581753858346461, 0.052715871814835051, 0.13099147312734083] ; [0.2316524836135706, 0.063976874426588282, 0.17263241490476905]
998 ; 62 ; 51 ; 4 ; [0.070847414276391518] ; [0.27155824847642662]
998 ; 62 ; 52 ; 0 ; [0.40552491352978759] ; [0.15292457585677124]
998 ; 62 ; 52 ; 1 ; [0.033248947322631554] ; [0.32211188626697118]
998 ; 62 ; 52 ; 3 ; [0.0823539299989757] ; [0.023151175767711883]
998 ; 62 ; 52 ; 6 ; [0.70859477178214869] ; [0.16395793326169977]
998 ; 62 ; 53 ; 2 ; [0.41874933209374032] ; [0.19847598730506766]
998 ; 62 ; 53 ; 3 ; [0.30068693813716152] ; [0.018845687435544125]
998 ; 62 ; 53 ; 7 ; [0.22975013084320936] ; [0.36077124320342746]
998 ; 62 ; 53 ; 8 ; [0.19611514304283087] ; [0.32559812927497112]
998 ; 62 ; 54 ; 1 ; [0.2055020351521159] ; [0.29448540801801842]
998 ; 62 ; 54 ; 16 ; [0.52586570131438237, 0.43752094576740952, 0.18692337895528857, 0.088244296562052293] ; [0.27963657943076864, 0.73513021148897151, 0.55590796315763891, 0.20561159762373291]
998 ; 62 ; 55 ; 0 ; [0.079828144476103521, 0.65975247680284466, 1.0167244336368755] ; [0.56461542761222738, 0.52534566019875539, 0.33184757017847893]
998 ; 62 ; 56 ; 0 ; [0.011718544219825688, 2.1005907725143889] ; [0.5270512625916085, 0.40850937629523726]
998 ; 62 ; 56 ; 3 ; [1.1663641951432207] ; [1.3033352578796731]
998 ; 62 ; 57 ; 2 ; [0.10017764667533995] ; [0.74346162258467552]
998 ; 62 ; 58 ; 0 ; [2.5606759203674967, 2.2702037951511596, 0.2840009793102824] ; [1.0437202082824384, 0.48991584643880975, 0.1110387694866625]
998 ; 62 ; 58 ; 1 ; [0.84370573916579339] ; [1.9478767187131429]
998 ; 62 ; 58 ; 3 ; [0.48780283230751043] ; [0.9083052388329399]
998 ; 62 ; 58 ; 4 ; [1.3804064493182533] ; [1.8030354827262445]
998 ; 62 ; 58 ; 6 ; [3.2624609987203153] ; [1.4688905263177965]
998 ; 62 ; 58 ; 7 ; [3.2373517048996252] ; [1.7129530592154301]
998 ; 62 ; 58 ; 8 ; [0.66025339041141173] ; [2.9635094347937487]
998 ; 62 ; 58 ; 9 ; [3.0112557931657973] ; [1.2655368384230645]
998 ; 62 ; 58 ; 10 ; [1.5948758088408297] ; [1.2454190415695288]
998 ; 62 ; 58 ; 11 ; [0.54511693252862481] ; [0.89437995711782003]
998 ; 62 ; 58 ; 13 ; [1.6505631429870173] ; [2.0777704706979239]
998 ; 62 ; 58 ; 14 ; [2.1290316142762822] ; [1.258841971275426]
998 ; 62 ; 58 ; 15 ; [0.083350793958287067] ; [0.92230600009962971]
998 ; 62 ; 58 ; 18 ; [1.5116242984506383] ; [0.98643342479077156]
998 ; 62 ; 58 ; 21 ; [1.6656093342291658] ; [1.2350193526155639]
998 ; 62 ; 58 ; 22 ; [0.59206939298642769] ; [2.0648863759030291]
998 ; 62 ; 58 ; 23 ; [0.15074549950332053] ; [1.5801227908980384]
998 ; 62 ; 58 ; 25 ; [4.95012225739407] ; [1.981891623872905]
998 ; 62 ; 58 ; 28 ; [1.1099724776949724] ; [2.2692371043756006]
998 ; 62 ; 58 ; 29 ; [1.0926756623373703] ; [1.6599339519224898]
998 ; 62 ; 58 ; 32 ; [1.4555847679929588] ; [1.8155410862125236]
998 ; 62 ; 59 ; 0 ; [0.33408645304395568] ; [0.21890662810080502]
998 ; 62 ; 59 ; 11 ; [0.57309686513935432] ; [0.71043318680118572]
998 ; 62 ; 60 ; 0 ; [0.048879551259955092, -0.0009726275003212612, 0.13260174425073284] ; [0.20410319629558268, 0.12057579846517531, 0.2147902080020449]
998 ; 62 ; 61 ; 0 ; [0.059104145661820644, 0.58031366195329215, 0.046433033354581418] ; [0.16392820907171224, 0.51253848015029901, 0.092793614059301005]
998 ; 62 ; 61 ; 2 ; [1.0823404070832952] ; [0.009097144545431448]
998 ; 62 ; 62 ; 2 ; [0.37464472266604021] ; [1.8196810188084414]
998 ; 62 ; 62 ; 3 ; [0.036024763427020719] ; [0.14613092107630182]
998 ; 62 ; 62 ; 9 ; [9.9844617027557483] ; [0.61864249015513817]
998 ; 62 ; 63 ; 0 ; [0.17072428227028721, 0.14382003002372024, 1.038755293693006] ; [0.21445029436182447, 0.093108100003012215, 0.033236247371799803]
998 ; 62 ; 63 ; 1 ; [0.38447218985510356] ; [0.11030185500694217]
998 ; 62 ; 64 ; 0 ; [0.0085807019603631844, 0.25802553619895541, 2.439139947075939] ; [0.60181360608225665, 0.24678367920760805, 0.16003259846753834]
998 ; 62 ; 66 ; 1 ; [1.7710368297475221] ; [0.23085755707384084]
998 ; 62 ; 66 ; 4 ; [0.2219331889342826] ; [0.47563955557019943]
998 ; 62 ; 66 ; 5 ; [0.042905324839945157] ; [0.65915939751793384]
998 ; 62 ; 66 ; 7 ; [0.54680341956803602] ; [0.30117027280467634]
998 ; 62 ; 67 ; 2 ; [0.24828734734320979] ; [0.086833940564744791]
998 ; 62 ; 67 ; 5 ; [0.25816866772403729] ; [0.40844334119442471]
998 ; 62 ; 67 ; 8 ; [0.92068856879449368] ; [0.92036936276775316]
998 ; 62 ; 67 ; 16 ; [3.1269321357648119] ; [0.46668060895075969]
998 ; 62 ; 67 ; 17 ; [0.24791954047782896] ; [0.77001552138664153]
998 ; 62 ; 67 ; 21 ; [0.41904690187565474] ; [0.87690823203917689]
998 ; 62 ; 68 ; 3 ; [1.4751810830892564] ; [0.1237184089850476]
998 ; 62 ; 68 ; 6 ; [1.8512964098790408] ; [0.71388342573232044]
998 ; 62 ; 68 ; 7 ; [1.6442588069036361] ; [0.57088120604208437]
998 ; 62 ; 68 ; 12 ; [1.6322485595711469] ; [1.0049724229104393]
998 ; 62 ; 68 ; 15 ; [0.6523277403578257] ; [0.27568381540285425]
998 ; 62 ; 68 ; 16 ; [1.7188676631724993] ; [1.4481655887485909]
998 ; 62 ; 68 ; 18 ; [2.0862423868541429] ; [0.59488950500274351]
998 ; 62 ; 68 ; 19 ; [1.9760139373071457] ; [1.5038787712184445]
998 ; 62 ; 68 ; 21 ; [1.8607640570964514] ; [1.6875070169879958]
998 ; 62 ; 68 ; 22 ; [0.99860946524912142] ; [1.2694538063806082]
998 ; 62 ; 68 ; 23 ; [1.7834661182054559] ; [1.0971533297111398]
998 ; 62 ; 68 ; 25 ; [1.1215072239369719] ; [2.5151046105360164]
998 ; 62 ; 68 ; 26 ; [0.40917499196618506] ; [3.5779907839466114]
998 ; 62 ; 68 ; 27 ; [6.1542862251476516] ; [0.40437783225247009]
998 ; 62 ; 68 ; 35 ; [1.1041157502552221] ; [0.084420039105315828]
998 ; 62 ; 68 ; 36 ; [0.91983413440080108] ; [0.71348550578585102]
998 ; 62 ; 69 ; 1 ; [-0.045689203734795063] ; [0.047763564443383033]
998 ; 62 ; 69 ; 2 ; [0.64757773819923192] ; [0.19434544323645528]
998 ; 62 ; 69 ; 4 ; [0.78928437351669234] ; [0.47113219981125454]
998 ; 62 ; 69 ; 5 ; [1.5205518809207692] ; [0.15417568765842424]
998 ; 62 ; 70 ; 0 ; [0.7153334914407139] ; [0.93055373641982875]
998 ; 62 ; 70 ; 3 ; [1.1965816430405485] ; [0.63472807833318867]
998 ; 62 ; 70 ; 4 ; [0.33885596075378377] ; [1.8756068988241268]
998 ; 62 ; 70 ; 6 ; [0.088658880161196454] ; [0.20536212780422161]
998 ; 62 ; 70 ; 7 ; [0.35779037855654899] ; [2.1464157697827875]
998 ; 62 ; 70 ; 19 ; [0.20612805896837069] ; [1.8844022029666141]
998 ; 62 ; 70 ; 20 ; [2.406342339702471] ; [0.32405568441665256]
998 ; 62 ; 70 ; 29 ; [0.32860907724055738] ; [1.7380693485535963]
998 ; 62 ; 70 ; 30 ; [0.40455402791564837] ; [1.233840369913618]
998 ; 62 ; 70 ; 31 ; [0.21905057452534912] ; [0.42336210237869099]
998 ; 62 ; 70 ; 32 ; [5.7007309157372141] ; [2.637005441430293]
998 ; 62 ; 70 ; 36 ; [0.068457982681220317] ; [1.0270077674623879]
998 ; 62 ; 70 ; 39 ; [2.4135458946816084] ; [2.8954633142025883]
998 ; 62 ; 70 ; 41 ; [11.840871147687604] ; [1.9911143666365028]
998 ; 62 ; 71 ; 0 ; [0.038821489707963591, 1.1015897459386024] ; [0.2882982064045449, 0.75632566288868686]
998 ; 62 ; 72 ; 4 ; [0.051304599061963524] ; [1.6032383458657489]
998 ; 62 ; 72 ; 5 ; [1.6977782446536007] ; [1.3400047611249029]
998 ; 62 ; 73 ; 1 ; [1.4043604825960061] ; [1.0016940444908478]
998 ; 62 ; 73 ; 5 ; [2.5673150741191293] ; [1.3286037116873382]
998 ; 62 ; 73 ; 7 ; [1.4453460003495036] ; [1.0630549996380871]
998 ; 62 ; 73 ; 10 ; [0.30281739279261682] ; [0.67295398412490681]
998 ; 62 ; 74 ; 0 ; [0.74323076033631674] ; [0.93686949553988719]
998 ; 62 ; 74 ; 3 ; [0.4687507990055349] ; [-0.00516371821156663]
998 ; 62 ; 74 ; 4 ; [0.21512433441355308] ; [0.74654447018817494]
998 ; 62 ; 74 ; 7 ; [1.2864612160186204, 0.63232275612416022] ; [1.1464882265536376, 0.015341588314364572]
998 ; 62 ; 74 ; 9 ; [0.34970526829508625] ; [0.068409441635333301]
998 ; 62 ; 74 ; 13 ; [0.83100727859793821] ; [1.9123407355764652]
998 ; 62 ; 74 ; 17 ; [0.56067438955854842] ; [1.1920970147891716]
998 ; 62 ; 74 ; 22 ; [0.54843822360039796] ; [1.4736160485905725]
998 ; 62 ; 74 ; 23 ; [0.10317216203640227] ; [1.9276718192859199]
998 ; 62 ; 74 ; 26 ; [0.83060225394521081] ; [1.6976137989186599]
998 ; 62 ; 74 ; 27 ; [0.090399227406591245] ; [0.01203690204132391]
998 ; 62 ; 74 ; 30 ; [1.6051021070489306] ; [1.2769599626431656]
998 ; 62 ; 74 ; 34 ; [0.046121031143960406] ; [1.839854401255528]
998 ; 62 ; 74 ; 38 ; [0.076938742447295608] ; [0.77137324689889675]
998 ; 62 ; 75 ; 0 ; [0.12929866052099936, 0.32607592184110173] ; [0.10913526458522578, 0.30592098927675315]
998 ; 62 ; 75 ; 2 ; [0.29001053982713404] ; [0.23392728753408698]
998 ; 62 ; 75 ; 5 ; [1.2361683852587984] ; [0.23136695716651642]
998 ; 62 ; 76 ; 1 ; [0.8855056162929944] ; [0.016235768422441562]
998 ; 62 ; 76 ; 2 ; [0.26925809119907218] ; [0.36900035125930175]
998 ; 62 ; 76 ; 3 ; [7.6181876022318544] ; [0.004933373053365271]
998 ; 62 ; 76 ; 4 ; [0.69527511982081491] ; [0.88470622223389239]
998 ; 62 ; 78 ; 2 ; [0.25352792531313595] ; [0.40706873628601714]
998 ; 62 ; 78 ; 6 ; [0.015846511318485298] ; [0.70280191616601961]
998 ; 62 ; 79 ; 0 ; [0.66625461607729775] ; [0.28270776670381914]
998 ; 62 ; 79 ; 1 ; [0.98672163160923299] ; [0.30969994663360079]
998 ; 62 ; 79 ; 9 ; [0.10461691569080235] ; [0.231768114907726]
998 ; 62 ; 79 ; 10 ; [3.8255322003127263] ; [0.29277958377363245]
998 ; 62 ; 80 ; 0 ; [0.54919159194526823] ; [0.36483352749949394]
998 ; 62 ; 80 ; 2 ; [0.029768953734272602] ; [0.65147795456139901]
998 ; 62 ; 80 ; 3 ; [0.14268386624232759] ; [5.550084823768386]
998 ; 62 ; 80 ; 4 ; [0.2477428163132927] ; [0.54443775941174821]
998 ; 62 ; 80 ; 6 ; [1.6925589527662663] ; [1.8992836142011991]
998 ; 62 ; 81 ; 2 ; [0.36917376815689706] ; [4.8918654328277063]
998 ; 62 ; 81 ; 5 ; [0.36379286259285071] ; [0.93951311537183246]
998 ; 62 ; 81 ; 7 ; [1.1609711808504011] ; [0.89291148802447717]
998 ; 62 ; 81 ; 9 ; [1.139941337597026] ; [0.48681464663697821]
998 ; 62 ; 81 ; 13 ; [1.0761926747900572] ; [2.2604318270492105]
998 ; 62 ; 81 ; 22 ; [0.15570220281136316] ; [-0.0056802494582386485]
998 ; 62 ; 81 ; 23 ; [0.9807282731469944] ; [0.51153394110347072]
998 ; 62 ; 81 ; 25 ; [1.6730059420068832] ; [0.6303489241595871]
998 ; 62 ; 81 ; 28 ; [0.019055889500273187] ; [1.6840567963164454]
998 ; 62 ; 81 ; 38 ; [0.62650626099303564] ; [1.6181800007560307]
998 ; 62 ; 81 ; 39 ; [0.43045201034967145] ; [6.7080705148354731]
998 ; 62 ; 82 ; 0 ; [0.21338635416167362, 0.026104612955397809, 0.15539171265539028] ; [0.41734179513159936, 0.13816653026426837, 0.28234789724618675]
998 ; 62 ; 82 ; 1 ; [0.20133986733856118] ; [0.1820463776975017]
998 ; 62 ; 82 ; 2 ; [0.27646468583455636] ; [0.10307008035314418]
998 ; 62 ; 82 ; 3 ; [0.0048601445991534728] ; [0.076903433508076352]
998 ; 62 ; 83 ; 0 ; [0.40992342788507352] ; [0.11059385154801636]
998 ; 62 ; 83 ; 4 ; [0.24237915909882718] ; [0.11258684180872253]
998 ; 62 ; 83 ; 5 ; [0.55313699713107334] ; [0.28420152444880553]
998 ; 62 ; 83 ; 9 ; [0.063387241472017561] ; [0.88282938407985423]
998 ; 62 ; 83 ; 10 ; [0.081716947442725521] ; [0.88749351039926228]
998 ; 62 ; 83 ; 11 ; [0.060318645651722062] ; [0.17119485825648539]
998 ; 62 ; 83 ; 17 ; [0.078204516633112703] ; [0.035872591304817673]
998 ; 62 ; 83 ; 21 ; [0.057572089674024995] ; [0.32969473075359479]
998 ; 62 ; 84 ; 0 ; [0.10252376063917393] ; [0.71512147255560965]
998 ; 62 ; 84 ; 1 ; [0.66015754981524977] ; [0.5050115531776157]
998 ; 62 ; 84 ; 3 ; [0.61118822524746075] ; [0.26304191156141166]
998 ; 62 ; 84 ; 5 ; [1.464561716322776] ; [0.89207995540388951]
998 ; 62 ; 84 ; 6 ; [1.5417009776578918] ; [2.9928079146635822]
998 ; 62 ; 84 ; 7 ; [0.70026843223439261] ; [0.17770933858364721]
998 ; 62 ; 84 ; 9 ; [0.5055109592716216] ; [1.0952574475077408]
998 ; 62 ; 84 ; 16 ; [1.371073467183084] ; [1.7981136208292894]
998 ; 62 ; 84 ; 18 ; [2.0708717353096797] ; [2.0006197817583624]
998 ; 62 ; 84 ; 21 ; [0.096958431456437441] ; [1.5386774325903523]
998 ; 62 ; 85 ; 2 ; [0.79960574050221367] ; [2.4423570828146008]
998 ; 62 ; 85 ; 6 ; [0.92302850322708674] ; [1.8443204968961064]
998 ; 62 ; 85 ; 7 ; [0.55868398519086027] ; [2.6721121990955616]
998 ; 62 ; 85 ; 15 ; [0.78262686933008119] ; [0.53038127517850597]
998 ; 62 ; 85 ; 18 ; [1.5551481298352079] ; [1.9546523196932144]
998 ; 62 ; 85 ; 19 ; [1.7196829785156675] ; [3.7223203996910397]
998 ; 62 ; 85 ; 20 ; [1.1711265553634429] ; [1.8958904095394491]
998 ; 62 ; 85 ; 22 ; [0.61513332349511674] ; [1.8981762254774162]
998 ; 62 ; 85 ; 25 ; [2.8092424227808839] ; [1.3303963604780238]
998 ; 62 ; 85 ; 26 ; [0.50089665096118396] ; [2.058318781516431]
998 ; 62 ; 85 ; 28 ; [1.4148082512962035] ; [1.7967446016657882]
998 ; 62 ; 85 ; 31 ; [6.540209920702277] ; [0.71385062499366958]
998 ; 62 ; 85 ; 32 ; [1.0178622235137083] ; [2.1122120884004478]
998 ; 62 ; 85 ; 33 ; [2.392150663297528] ; [2.3189061676249909]
998 ; 62 ; 85 ; 40 ; [0.97048616243240626] ; [1.8260046356928112]
998 ; 62 ; 85 ; 42 ; [0.50747127494012823] ; [1.1222280516085643]
998 ; 62 ; 85 ; 44 ; [0.98430325776713623] ; [0.86524332612406596]
998 ; 62 ; 85 ; 45 ; [2.6774779615390116] ; [1.116584597035313]
998 ; 62 ; 85 ; 46 ; [0.51362308296329051] ; [2.0342087464224128]
998 ; 62 ; 85 ; 49 ; [1.6773922017540974] ; [2.0004734753503124]
998 ; 62 ; 86 ; 0 ; [0.20986106263836746, 0.29588561091681498, 0.1266333561458361, 0.15706997056881758] ; [0.13432342408466436, 0.023592660439282879, 0.13896115899473463, 0.32588892336373265]
998 ; 62 ; 86 ; 3 ; [1.8849266969120106] ; [0.12737999314169401]
998 ; 62 ; 86 ; 6 ; [0.51367476003285661] ; [0.004904286287395118]
998 ; 62 ; 86 ; 8 ; [0.091300460881334589] ; [0.2855321379063972]
998 ; 62 ; 86 ; 11 ; [0.16972419033661962] ; [0.27971788325475766]
998 ; 62 ; 87 ; 0 ; [0.23737004406388318] ; [0.24391397326818789]
998 ; 62 ; 88 ; 3 ; [0.52127884779882561] ; [0.19314771839042164]
998 ; 62 ; 88 ; 5 ; [0.3388457891069217] ; [0.086949510719981485]
998 ; 62 ; 89 ; 0 ; [0.073129243971072233, 0.49519156991008778] ; [0.11907404796337277, 0.25258983686398168]
998 ; 62 ; 89 ; 1 ; [0.33010480749477006] ; [0.25922779764903353]
998 ; 62 ; 90 ; 0 ; [0.328194364592578, 0.59942902403700993] ; [0.12039499027025584, 0.33932136894809006]
998 ; 62 ; 90 ; 7 ; [0.091649096273727429] ; [0.13269025028359274]
998 ; 62 ; 90 ; 17 ; [0.096769076182014593] ; [0.088204638231818677]
998 ; 62 ; 91 ; 0 ; [0.67459352233355563, 0.18133712922326684] ; [0.17034899975806542, 0.43495997910004364]
998 ; 62 ; 91 ; 1 ; [0.2704558553298706] ; [0.21708294405524128]
998 ; 62 ; 91 ; 2 ; [0.63043091494268011] ; [0.65553574313803564]
998 ; 62 ; 91 ; 6 ; [2.1453824430929136] ; [1.3004448476816821]
998 ; 62 ; 91 ; 10 ; [0.79363429016757447] ; [0.51247777401265215]
998 ; 62 ; 91 ; 11 ; [1.3518529287879184] ; [1.0336926370885702]
998 ; 62 ; 91 ; 14 ; [3.1211731849052038] ; [0.67503618934646936]
998 ; 62 ; 91 ; 15 ; [1.2666075159820571] ; [0.87786776748156414]
998 ; 62 ; 92 ; 0 ; [0.217401084667283, 0.035193275029869568, 0.074013401757248437, 0.082101974840144934] ; [0.51069596008757834, 0.060261877131405635, 0.18542541176662933, 0.41614836890308493]
998 ; 62 ; 92 ; 1 ; [0.54929226014192423] ; [0.48563146476545871]
998 ; 62 ; 93 ; 0 ; [0.043153970199996075] ; [-0.0026567312417538074]
998 ; 62 ; 94 ; 0 ; [0.05559009440952669] ; [0.048345658138809776]
998 ; 62 ; 94 ; 2 ; [1.8915412304884787] ; [0.13934472332850928]
998 ; 62 ; 94 ; 7 ; [1.1474587352909351] ; [1.575201213253945]
998 ; 62 ; 94 ; 16 ; [0.17162057539173775] ; [2.1194781937812834]
998 ; 62 ; 94 ; 17 ; [0.10497851636607811] ; [2.1256039317350792]
998 ; 62 ; 95 ; 0 ; [0.0069277599752145839, 0.15567970343611701, 0.066861812942669588, 0.062795951762550831] ; [0.35144855761888188, 0.41903295484998693, -0.0051218918244206619, 0.34810196743001304]
998 ; 62 ; 96 ; 0 ; [2.0987716111169887] ; [0.36346211197909128]
998 ; 62 ; 96 ; 1 ; [0.68354586527846095] ; [0.33136042459428205]
998 ; 62 ; 96 ; 5 ; [0.55664537303712236] ; [0.89867632315070911]
998 ; 62 ; 96 ; 8 ; [2.584521109003886] ; [0.37554040509100894]
998 ; 62 ; 96 ; 15 ; [3.5121912725904414] ; [0.15028104422116301]
998 ; 62 ; 97 ; 0 ; [0.013281131561373276, 0.03875762740184769, 0.012402566742668538, 0.064417625442986667] ; [0.10648913746814134, 0.24939789036519255, 0.05839817654890829, 0.083965813973847489]
998 ; 62 ; 98 ; 0 ; [0.18907849559047082, 0.085414079226714873] ; [0.25011643744602019, 0.37251361440162989]
998 ; 62 ; 98 ; 2 ; [1.2943075665619854] ; [0.12792990378771985]
998 ; 62 ; 99 ; 1 ; [0.6942356115059698] ; [0.6221349744361484]
998 ; 62 ; 99 ; 4 ; [0.77283821402304897] ; [0.24562472503390784]
998 ; 62 ; 99 ; 22 ; [1.1497345260353866] ; [0.19423023064058545]
998 ; 62 ; 99 ; 31 ; [14.993228959014592] ; [0.5569322219224051]
998 ; 62 ; 99 ; 39 ; [1.0324467988057007] ; [1.2707059559942862]
998 ; 62 ; 100 ; 0 ; [0.4954884994921796] ; [0.13290557486872967]
998 ; 62 ; 100 ; 1 ; [0.27893088553229445] ; [0.10365501328814394]
998 ; 62 ; 101 ; 2 ; [0.019451035930619788] ; [0.54697339559482494]
998 ; 62 ; 101 ; 6 ; [0.030400188079856408] ; [0.51022387273463143]
998 ; 62 ; 101 ; 12 ; [0.72053217202219899] ; [1.1146831303251619]
998 ; 62 ; 101 ; 15 ; [0.78015948483218689] ; [0.27528938253205626]
998 ; 62 ; 102 ; 0 ; [1.8129396735458818] ; [0.352967623684243]
998 ; 62 ; 102 ; 8 ; [0.28909203765671132, 0.15579839356266639] ; [0.33722888867420553, 0.26892562246367208]
998 ; 62 ; 103 ; 0 ; [0.13462416506590411, 0.026635870619098986, 0.060734950438807785] ; [0.39980943155940718, 0.27310440325138735, 0.21019634486871144]
998 ; 62 ; 103 ; 1 ; [0.0032867741375712058] ; [0.25889228086898147]
998 ; 62 ; 103 ; 5 ; [0.048756210052947675] ; [0.42443321302982068]
998 ; 62 ; 103 ; 9 ; [0.13096559828429277] ; [1.3403791016863598]
998 ; 62 ; 103 ; 13 ; [1.0198256831514885] ; [1.3454191826769726]
998 ; 62 ; 103 ; 14 ; [0.14932028275270851] ; [1.1511198995866723]
998 ; 62 ; 103 ; 15 ; [0.20897890945617928] ; [1.3759543478350273]
998 ; 62 ; 104 ; 0 ; [0.0035953167579189922] ; [0.64340396967529268]
998 ; 62 ; 104 ; 1 ; [0.37828257150397504] ; [0.44765616921467416]
998 ; 62 ; 104 ; 5 ; [2.2483611053865578] ; [1.9738542207235019]
998 ; 62 ; 104 ; 10 ; [0.16006326930085671] ; [-0.022991191867087851]
998 ; 62 ; 104 ; 17 ; [0.22174166168305318] ; [2.9095019729886551]
998 ; 62 ; 105 ; 4 ; [0.54847717317841227] ; [0.11854591831465215]
998 ; 62 ; 105 ; 6 ; [1.145130306057712] ; [0.76589963477503931]
998 ; 62 ; 105 ; 7 ; [0.71000221812220021] ; [0.86150564342285729]
998 ; 62 ; 105 ; 10 ; [0.37537774787312084] ; [0.10859278355270603]
998 ; 62 ; 105 ; 13 ; [0.61844144758412811] ; [2.0306520809715223]
998 ; 62 ; 105 ; 14 ; [0.37022830840136939] ; [1.0319704590311762]
998 ; 62 ; 105 ; 15 ; [0.99380267269185507] ; [2.5676102424659795]
998 ; 62 ; 105 ; 16 ; [0.091728149376549731] ; [1.3456596634526752]
998 ; 62 ; 105 ; 17 ; [0.11948962545308663] ; [0.6573395890973589]
998 ; 62 ; 105 ; 19 ; [1.3112872226970202] ; [0.98049218555597994]
998 ; 62 ; 106 ; 0 ; [0.48447560337252116] ; [1.1365320131199723]
998 ; 62 ; 106 ; 4 ; [0.008606353404318064] ; [0.3714456199270928]
998 ; 62 ; 106 ; 5 ; [0.98997739442903787] ; [2.3250851857563815]
998 ; 62 ; 106 ; 6 ; [0.039234898372283229] ; [0.80536088519379412]
998 ; 62 ; 106 ; 7 ; [-0.36807458487397249] ; [0.29032331636090331]
998 ; 62 ; 106 ; 8 ; [0.10638951559370019] ; [0.92388007266986305]
998 ; 62 ; 106 ; 9 ; [0.1011234190125872] ; [2.6533788102424847]
998 ; 62 ; 106 ; 13 ; [0.0097512275071231606] ; [0.26875625102656592]
998 ; 62 ; 106 ; 14 ; [0.0084984038870296597] ; [0.2209595835193523]
998 ; 62 ; 106 ; 15 ; [0.32458899242304068] ; [0.86010185658477034]
998 ; 62 ; 106 ; 16 ; [0.20336016081256372] ; [4.938343954955835]
998 ; 62 ; 106 ; 18 ; [0.010973284135259349] ; [1.4851987064068701]
998 ; 62 ; 107 ; 10 ; [0.37451201224442721] ; [0.45450316043572325]
998 ; 62 ; 107 ; 14 ; [0.064115869483595503] ; [0.4861317460178628]
998 ; 62 ; 108 ; 3 ; [0.68299078363795829] ; [1.3478936993751467]
998 ; 62 ; 108 ; 4 ; [0.22832100600140517] ; [1.9144091557874867]
998 ; 62 ; 108 ; 7 ; [0.29548664353019172] ; [1.6717513359986558]
998 ; 62 ; 108 ; 10 ; [0.80775789719973057] ; [0.10243240359851614]
998 ; 62 ; 108 ; 11 ; [1.1391678914765351] ; [1.6529002139344797]
998 ; 62 ; 108 ; 12 ; [1.4323182566992667] ; [2.1419756808645345]
998 ; 62 ; 108 ; 14 ; [0.21854275866257783] ; [0.5299271908190416]
998 ; 62 ; 108 ; 15 ; [2.1578334178512342] ; [2.734848469679704]
998 ; 62 ; 108 ; 18 ; [1.0043598676101264] ; [0.89996581798305619]
998 ; 62 ; 108 ; 19 ; [0.12238245608103278] ; [1.4437852251174508]
998 ; 62 ; 109 ; 4 ; [0.3515254267101095] ; [0.69346611178863127]
998 ; 62 ; 109 ; 5 ; [0.17677873778177647] ; [0.42503472558959521]
998 ; 62 ; 109 ; 8 ; [0.63440918922409495] ; [2.1263023691397622]
998 ; 62 ; 110 ; 0 ; [0.50725661425173718] ; [0.47527400979712553]
998 ; 62 ; 110 ; 5 ; [0.971449056438903] ; [0.85930034440763614]
998 ; 62 ; 110 ; 14 ; [0.11223364480072642] ; [1.158043972146946]
998 ; 62 ; 111 ; 1 ; [0.49316020170368857] ; [0.305012114477756]
998 ; 62 ; 111 ; 6 ; [1.2138157813188581] ; [0.69781919921105984]
998 ; 62 ; 111 ; 7 ; [0.52518309900192639] ; [2.1622754395396959]
998 ; 62 ; 111 ; 8 ; [0.67919159209536772] ; [1.4390401704228046]
998 ; 62 ; 111 ; 9 ; [0.56073016706441636] ; [1.7713938069894328]
998 ; 62 ; 111 ; 15 ; [1.1470374109223598] ; [0.81576116332109583]
998 ; 62 ; 111 ; 16 ; [0.0070679422432664597] ; [0.41426282989644536]
998 ; 62 ; 111 ; 27 ; [1.1572124070052814] ; [1.205371551070584]
998 ; 62 ; 112 ; 0 ; [0.83405554837719975] ; [0.30886831559111372]
998 ; 62 ; 112 ; 1 ; [0.18586660947389838] ; [0.149572347725801]
998 ; 62 ; 112 ; 7 ; [0.025803258877124979] ; [0.1139845848704127]
998 ; 62 ; 112 ; 8 ; [0.000534308790377542] ; [0.75790847671383421]
998 ; 62 ; 113 ; 0 ; [0.12172855818596863, 0.17093415426740483] ; [0.22607103879698706, 0.23550247841883967]
998 ; 62 ; 113 ; 10 ; [0.92208341640169555] ; [0.66919784964614304]
998 ; 62 ; 113 ; 12 ; [0.4881011424678271] ; [0.23706204494669805]
998 ; 62 ; 114 ; 2 ; [0.6094201615572753] ; [0.45544786842661406]
998 ; 62 ; 114 ; 3 ; [0.97252782420779049] ; [0.27924990675428391]
998 ; 62 ; 114 ; 13 ; [1.0490238784121022] ; [1.276043170673256]
998 ; 62 ; 115 ; 1 ; [0.65285240186253435] ; [0.24909199061097029]
998 ; 62 ; 116 ; 0 ; [0.46153121050336793] ; [0.042608742127388508]
998 ; 62 ; 116 ; 1 ; [0.41309153090929407] ; [0.37242198491820416]
998 ; 62 ; 116 ; 2 ; [1.8097864254699101] ; [0.94236280074379586]
998 ; 62 ; 116 ; 9 ; [0.92079609123037998] ; [0.47757505050050425]
998 ; 62 ; 116 ; 10 ; [0.47929177193267314] ; [4.0949453660479493]
998 ; 62 ; 117 ; 0 ; [0.85720252449983902] ; [0.10799419629172119]
998 ; 62 ; 117 ; 1 ; [0.19743047121531238] ; [0.39755599089324206]
998 ; 62 ; 117 ; 3 ; [0.28125805369901741] ; [0.17832946370107733]
998 ; 62 ; 117 ; 4 ; [1.1279088546194196] ; [0.14608425678355383]
998 ; 62 ; 117 ; 9 ; [0.65287714117753026] ; [0.60212796254939915]
998 ; 62 ; 117 ; 10 ; [0.50638236815140525] ; [0.024170513333824646]
998 ; 62 ; 117 ; 11 ; [0.042278311039768132] ; [0.57090051325278235]
998 ; 62 ; 118 ; 0 ; [-0.012512791491913172, 0.12157461222764084, -0.0026488728299305557] ; [0.21045569501678357, 0.20217347892438112, 0.048175615097065541]
998 ; 62 ; 119 ; 0 ; [0.20462998002588192, 0.13215910037446085] ; [0.20515483611740554, 0.12882539644473281]
998 ; 62 ; 120 ; 0 ; [0.4475031420056228] ; [1.1608956082374138]
998 ; 62 ; 120 ; 3 ; [0.35839190174835145] ; [1.1627564867510505]
998 ; 62 ; 120 ; 4 ; [0.23929776400317004] ; [1.4368582109623551]
998 ; 62 ; 120 ; 5 ; [0.82950486773996801] ; [0.85214945298070321]
998 ; 62 ; 120 ; 7 ; [0.17448650165533813] ; [0.44157985138485412]
998 ; 62 ; 120 ; 8 ; [0.77649185390945796] ; [0.58022218448288732]
998 ; 62 ; 120 ; 11 ; [4.1673615698972233] ; [1.5728093195054489]
998 ; 62 ; 121 ; 0 ; [0.096654272430961335, 0.095266391584236484, 0.10004151554106661] ; [0.21235530092003194, 0.2292420460628411, 0.32114781313074114]
998 ; 62 ; 122 ; 2 ; [0.15888439881767188] ; [0.038761763604721097]
998 ; 62 ; 122 ; 7 ; [0.49224164881445348] ; [0.093164545412860345]
998 ; 62 ; 122 ; 8 ; [0.19803848224202583] ; [0.83651841021033158]
998 ; 62 ; 122 ; 10 ; [0.14488375628938227] ; [0.99420202027144122]
998 ; 62 ; 122 ; 11 ; [0.22189889984261829, 0.3886789155521318] ; [0.36015685222567284, 0.40116929111789995]
998 ; 62 ; 122 ; 14 ; [0.16641338867957231] ; [0.77388750108234861]
998 ; 62 ; 123 ; 0 ; [0.0061998743546100204, 0.028828867943980634, 0.06793734772142819] ; [0.07811201777375601, 0.097196035425835617, 0.059736889340570719]
998 ; 62 ; 123 ; 2 ; [0.013987563073334791] ; [0.39978308345382552]
998 ; 62 ; 125 ; 14 ; [0.1943924826879885] ; [1.9277272187669325]
998 ; 62 ; 125 ; 16 ; [0.057597222295329313, 0.57009624839422046, 0.32486274387789305, 0.094212357024375637] ; [0.093008852864903457, 0.24505533741328625, 0.47843638882162731, 0.81918391567222326]
998 ; 62 ; 126 ; 2 ; [0.279800816241637] ; [1.014398496205708]
998 ; 62 ; 126 ; 4 ; [0.70323650043682895] ; [1.2074910329824591]
998 ; 62 ; 126 ; 8 ; [0.055982915129000228] ; [-0.017953410508515347]
998 ; 62 ; 126 ; 12 ; [0.28634697074211507] ; [1.3205598984791125]
998 ; 62 ; 126 ; 13 ; [0.14097683201220332] ; [0.87969961519584616]
998 ; 62 ; 127 ; 4 ; [0.0056486171019810147] ; [0.42398173477952328]
998 ; 62 ; 127 ; 8 ; [1.9484381740154713] ; [1.0565736800166823]
998 ; 62 ; 127 ; 17 ; [0.056797734972846174] ; [1.2137964873661216]
998 ; 62 ; 127 ; 20 ; [0.13704911192262981] ; [1.5901677409891803]
998 ; 62 ; 128 ; 0 ; [0.10040233416237621, 0.24125576836577414] ; [0.83159713707411076, 0.48444922729288531]
998 ; 62 ; 128 ; 1 ; [0.47745973780370971] ; [0.4202388116189904]
998 ; 62 ; 128 ; 2 ; [0.17834523788446774] ; [0.40745006060103434]
998 ; 62 ; 128 ; 3 ; [0.27256686037446026] ; [0.29145547491272455]
998 ; 62 ; 128 ; 4 ; [2.899705926339708] ; [0.034300149612693981]
998 ; 62 ; 128 ; 6 ; [0.42684322523963009] ; [0.23814733681523773]
998 ; 62 ; 128 ; 7 ; [0.24763888326987388] ; [0.96937554044202712]
998 ; 62 ; 128 ; 8 ; [2.4249232100735063] ; [0.21301461411877504]
998 ; 62 ; 128 ; 16 ; [0.2841467528777471] ; [0.89571862399900948]
998 ; 62 ; 128 ; 18 ; [0.15046012530644262] ; [0.044314939181195744]
998 ; 62 ; 128 ; 19 ; [0.21784705833400395] ; [1.7902248964748473]
998 ; 62 ; 129 ; 0 ; [0.16310055540972851, 0.12875444007145109, 0.19731184318165501] ; [0.19295796176426219, 0.24462091755927823, 0.17313101591717961]
998 ; 62 ; 129 ; 7 ; [0.14908322343271235, 0.70951253910522527] ; [0.10983194300318462, 0.1375241111847624]
998 ; 62 ; 130 ; 1 ; [0.5970911586003097, 0.33730176526006433] ; [0.23698797799710328, 0.49246916073567593]
998 ; 62 ; 130 ; 3 ; [-0.0017947292973584674] ; [0.89254603421327916]
998 ; 62 ; 130 ; 4 ; [0.50622528047452053] ; [0.42189674031100671]
998 ; 62 ; 130 ; 5 ; [0.023735793011816057] ; [0.17850368025256594]
998 ; 62 ; 130 ; 11 ; [0.032282374160331806] ; [1.4892306760742113]
998 ; 62 ; 130 ; 18 ; [0.039045036919017916] ; [0.13978914825283473]
998 ; 62 ; 130 ; 20 ; [0.021589687643349696] ; [1.007647018798244]
998 ; 62 ; 131 ; 0 ; [0.076095981972510676, 0.15653869152871686] ; [0.052746254045495523, 0.019508941405885993]
998 ; 62 ; 132 ; 0 ; [0.074755856572541149] ; [0.0071960957720423524]
998 ; 62 ; 132 ; 1 ; [0.0024999793716163335] ; [0.071707770545154759]
998 ; 62 ; 132 ; 2 ; [0.14904547311316724] ; [0.37849801331319982]
998 ; 62 ; 132 ; 4 ; [0.089403718634865514] ; [0.064433578949662812]
998 ; 62 ; 133 ; 0 ; [0.28486446652221048, 0.118729516004578, 0.33960935268940823] ; [0.40531630432692473, 0.13910384228979719, 0.30528263595075611]
998 ; 62 ; 133 ; 1 ; [0.12714573278720362] ; [0.34349086707243592]
998 ; 62 ; 134 ; 4 ; [0.14477073297517917] ; [1.3898364137238239]
998 ; 62 ; 134 ; 5 ; [0.091633520442454042] ; [0.87269562764635078]
998 ; 62 ; 135 ; 0 ; [0.20980981704154647, 0.0674794591261344] ; [0.24013007942830247, 0.1914356282620743]
998 ; 62 ; 136 ; 1 ; [0.43458329101934062] ; [0.42493190912954842]
998 ; 62 ; 136 ; 2 ; [0.47781442226222115] ; [0.67559998785894526]
998 ; 62 ; 136 ; 5 ; [0.05670099347195285] ; [0.015955480027300975]
998 ; 62 ; 136 ; 8 ; [1.4056304732515656] ; [0.31011615200079218]
998 ; 62 ; 136 ; 19 ; [0.08850485918069427] ; [0.12532160865849987]
998 ; 62 ; 136 ; 26 ; [0.032265669624520023] ; [0.85139704373719149]
998 ; 62 ; 136 ; 28 ; [0.71604632869496609] ; [0.5491075548713451]
998 ; 62 ; 136 ; 33 ; [0.017554299999671345] ; [0.81244772708367818]
998 ; 62 ; 136 ; 35 ; [0.54722189313133396] ; [2.093584002541089]
998 ; 62 ; 137 ; 1 ; [0.64828096935997226] ; [0.27348614526261794]
998 ; 62 ; 137 ; 3 ; [0.20704646839942312] ; [0.14492306835445984]
998 ; 62 ; 137 ; 5 ; [0.45295383198372569] ; [4.2483030184688282]
998 ; 62 ; 137 ; 7 ; [5.6727705052444897] ; [1.6695912722708235]
998 ; 62 ; 137 ; 8 ; [1.36459780828406] ; [1.556925805271018]
998 ; 62 ; 137 ; 11 ; [0.37594427914548406] ; [0.14283324579726989]
998 ; 62 ; 137 ; 12 ; [1.3893240464897576] ; [1.4588315856621199]
998 ; 62 ; 138 ; 0 ; [0.0529025961518646] ; [0.15051562921139464]
998 ; 62 ; 138 ; 1 ; [1.3329910732270074] ; [0.4199781625108297]
998 ; 62 ; 138 ; 4 ; [0.022448927970893075] ; [0.043458106850982572]
998 ; 62 ; 138 ; 5 ; [0.024123013638440018] ; [0.1848328875769856]
998 ; 62 ; 138 ; 6 ; [0.45542562604796422] ; [0.22481009676363048]
998 ; 62 ; 139 ; 0 ; [-0.00071336091137185755, 0.0039330788668390021, 0.077660809562830377] ; [0.079312858933296759, 0.11505089131471168, 0.20601794845681842]
998 ; 62 ; 140 ; 0 ; [0.16100745469662378] ; [0.046446118405336058]
998 ; 62 ; 140 ; 1 ; [0.038005425159083818] ; [0.15070851305726124]
998 ; 62 ; 140 ; 2 ; [0.11805627755372147, 0.094287685351110609] ; [0.2511541814762539, 0.38035505315425727]
998 ; 62 ; 140 ; 3 ; [0.023279602597140875] ; [0.15802274351653361]
998 ; 62 ; 141 ; 1 ; [0.30971689311347156] ; [0.0076478779018353191]
998 ; 62 ; 141 ; 11 ; [0.86416957784796178] ; [0.42902127542879004]
998 ; 62 ; 141 ; 16 ; [0.28689203617324033] ; [0.089786845857016434]
998 ; 62 ; 142 ; 0 ; [0.0094940162776626594, -0.0059686697994390065, 0.12018422699778115, 0.048637220530810994] ; [0.097531429252150401, 0.21886201758120805, 0.096372720700448736, 0.11373938679434489]
998 ; 62 ; 143 ; 0 ; [0.22068580827891637, 1.7164009572030881] ; [0.04508921320122454, 1.7100442635672066]
998 ; 62 ; 143 ; 5 ; [4.3595431765602237] ; [1.023061503411328]
998 ; 62 ; 143 ; 6 ; [1.4104724448871626] ; [1.2408824439863571]
998 ; 62 ; 144 ; 0 ; [0.32575265398496861] ; [0.19905395539448031]
998 ; 62 ; 144 ; 2 ; [0.18766904991068811] ; [1.2049057675031969]
998 ; 62 ; 144 ; 4 ; [0.058070571561221335] ; [0.34162921239681759]
998 ; 62 ; 144 ; 7 ; [0.3277917673135492, 0.53681088341210936] ; [0.47455735856547354, 0.22508565069746495]
998 ; 62 ; 145 ; 11 ; [0.097611020703612536] ; [0.071258608077156324]
998 ; 62 ; 146 ; 0 ; [2.8494943200231049, 0.67938436489203513, 0.23342577354987057] ; [0.27400352116150845, 0.65784282105162395, 0.18214921956989777]
998 ; 62 ; 146 ; 1 ; [0.044397154149720987] ; [0.32689264307439703]
998 ; 62 ; 146 ; 10 ; [0.60645246457017921] ; [0.10821276662409762]
998 ; 62 ; 146 ; 12 ; [0.33553391274673611] ; [1.0035811085985258]
998 ; 62 ; 148 ; 0 ; [0.0030200679131355567, 0.044543591139822196, 0.0032187077136376376] ; [0.085572503648155496, 0.088736727353114567, 0.13090042764361293]
998 ; 62 ; 149 ; 0 ; [0.35669000013226293, 0.35262037633927151, 0.16433436651898609] ; [0.48304640433075691, 0.055955666207400355, 0.11690026522718373]
998 ; 62 ; 149 ; 3 ; [1.1853755826581498] ; [0.39929580330344339]
998 ; 62 ; 149 ; 8 ; [0.09285630835933624] ; [0.33389867752871116]
998 ; 62 ; 150 ; 1 ; [0.8400937216803972] ; [1.3937281217085284]
998 ; 62 ; 150 ; 2 ; [2.6196082813730932] ; [1.0649154680641963]
998 ; 62 ; 150 ; 14 ; [0.80222220873492234] ; [0.54017175094657488]
998 ; 62 ; 151 ; 0 ; [-0.0090193971968454256, 0.0015690816586684034] ; [0.00191532972679242, 0.10380220811999359]
998 ; 62 ; 151 ; 1 ; [0.19935713935048405] ; [0.097848625933512179]
998 ; 62 ; 151 ; 3 ; [0.12879662392846891] ; [0.017265447569179929]
998 ; 62 ; 152 ; 0 ; [0.25795279884702743, 0.098718924126028396, 0.27285318421278076, 0.56408888372289601] ; [0.11802473423388042, -0.045033951830832732, 0.47390332152095965, 0.54520404449626048]
998 ; 62 ; 152 ; 1 ; [0.092576643987672055, 3.0844178782062786] ; [0.12728507455286467, 0.14087588271830129]
998 ; 62 ; 153 ; 0 ; [0.049066088819528397, 0.44745877954597491, 0.026338883825514487, 0.37477959116960563] ; [0.58580522030031823, 0.18195716163670703, 0.05140647053658421, 0.2654910373460086]
998 ; 62 ; 154 ; 5 ; [1.1835896954778706] ; [0.54483726910767816]
998 ; 62 ; 154 ; 9 ; [0.65183170484227204] ; [1.3138384075385845]
998 ; 62 ; 155 ; 0 ; [0.12167222829126793, 0.62001650047196211, 2.2309705360213417] ; [0.084724122711736211, 0.23675210690666026, 0.67241992634364411]
998 ; 62 ; 155 ; 3 ; [2.8848128910888522] ; [0.26803277353561467]
998 ; 62 ; 155 ; 4 ; [0.13541642341473314] ; [0.50025509112857958]
998 ; 62 ; 155 ; 10 ; [0.019047959130790691] ; [0.12115376204502838]
998 ; 62 ; 155 ; 12 ; [0.26301021837844807] ; [1.0438758093284248]
998 ; 62 ; 155 ; 13 ; [0.81699549117346737] ; [0.55101966398319058]
998 ; 62 ; 156 ; 0 ; [-0.0014887443864678828, 3.7412118229925104] ; [0.25576307670130705, 0.35354073215939263]
998 ; 62 ; 156 ; 2 ; [0.021765034088169533] ; [0.28231599139477603]
998 ; 62 ; 156 ; 3 ; [0.47658934456005808] ; [0.34148303960113657]
998 ; 62 ; 156 ; 5 ; [-0.089670768102232928] ; [0.091759673990102181]
998 ; 62 ; 159 ; 0 ; [0.89776137391188116] ; [0.43323785873026027]
998 ; 62 ; 160 ; 0 ; [1.0401119275813622] ; [0.58064973857770596]
998 ; 62 ; 160 ; 3 ; [0.11197601777115467] ; [-0.28803185565210682]
998 ; 62 ; 160 ; 5 ; [0.10929860370332978] ; [1.2883931980555934]
998 ; 62 ; 160 ; 6 ; [0.34145915005119687, 0.24219539422474207] ; [0.39402031692644224, 0.40912308184043572]
998 ; 62 ; 160 ; 7 ; [0.060518773569719346] ; [0.29824208599575153]
998 ; 62 ; 161 ; 5 ; [0.16407369893999074] ; [0.042992314458758681]
998 ; 62 ; 161 ; 9 ; [6.6199305222925506] ; [2.0516678767677443]
998 ; 62 ; 161 ; 11 ; [0.2868425614850269] ; [2.467373155915503]
998 ; 62 ; 161 ; 13 ; [8.9878824292935313] ; [1.6958173697967154]
998 ; 62 ; 162 ; 0 ; [0.0050404404455960264, 0.020472178025988833, 0.068048234915592712] ; [0.16295689485073178, 0.056517941332109578, 0.13205117994486201]
998 ; 62 ; 162 ; 3 ; [1.0015905868288695] ; [-0.030218290265893757]
998 ; 62 ; 163 ; 2 ; [0.60523330183641955] ; [0.9136274608283903]
998 ; 62 ; 163 ; 3 ; [0.51563848056298167] ; [3.4396293323333667]
998 ; 62 ; 163 ; 4 ; [1.0939886652273085] ; [1.0507411348532918]
998 ; 62 ; 163 ; 5 ; [0.020492056062973839] ; [1.6443125152770885]
998 ; 62 ; 163 ; 6 ; [0.11083741227329318] ; [2.9110443046920698]
998 ; 62 ; 163 ; 8 ; [0.49170301244598347] ; [0.49978807732775332]
998 ; 62 ; 163 ; 9 ; [0.14027370837365841] ; [1.0776103815162803]
998 ; 62 ; 164 ; 1 ; [0.28266454862120921] ; [0.47068348370478436]
998 ; 62 ; 164 ; 2 ; [0.43495106746371037] ; [0.54128840403626999]
998 ; 62 ; 164 ; 7 ; [0.65890214406319036] ; [1.6356865180470093]
998 ; 62 ; 164 ; 8 ; [0.55647931501878645] ; [1.8011559201656508]
998 ; 62 ; 166 ; 7 ; [0.27202268193925827] ; [1.6709038377123804]
998 ; 62 ; 166 ; 9 ; [0.54667880027059446] ; [0.76949022780285237]
998 ; 62 ; 166 ; 10 ; [7.0865587060331992] ; [0.98710721778945476]
998 ; 62 ; 167 ; 1 ; [2.846287639372064] ; [0.54807608826419252]
998 ; 62 ; 167 ; 3 ; [0.25368139743673634] ; [0.21143786079541033]
998 ; 62 ; 167 ; 5 ; [0.84438027117624537] ; [1.9519035219726546]
998 ; 62 ; 167 ; 7 ; [2.5881911813943401] ; [2.0317031975425071]
998 ; 62 ; 167 ; 8 ; [3.194945039662247] ; [1.9867134420466595]
998 ; 62 ; 167 ; 9 ; [2.1086574633117503] ; [1.736339415421789]
998 ; 62 ; 167 ; 10 ; [1.9487936584920347] ; [1.8649159005602727]
998 ; 62 ; 167 ; 13 ; [3.0411094980453997] ; [1.6153842044568543]
998 ; 62 ; 167 ; 14 ; [2.0492387130580849] ; [2.2826619086831719]
998 ; 62 ; 167 ; 15 ; [3.7714437632393802] ; [1.6806335711750471]
998 ; 62 ; 167 ; 17 ; [1.8591582474388999] ; [2.0064236545961287]
998 ; 62 ; 167 ; 18 ; [2.3288275230080031] ; [2.197599681209387]
998 ; 62 ; 167 ; 19 ; [2.8908362596197148] ; [1.9671369766381737]
998 ; 62 ; 167 ; 20 ; [1.4269242830224378] ; [1.8088479849640287]
998 ; 62 ; 167 ; 24 ; [0.89293147182687782] ; [1.7053700721042067]
998 ; 62 ; 167 ; 31 ; [1.7153337601833536] ; [1.5780499288627128]
998 ; 62 ; 167 ; 33 ; [2.6027821247295635] ; [1.7912438944041245]
998 ; 62 ; 167 ; 35 ; [0.85641231336010937] ; [1.5035607261204131]
998 ; 62 ; 167 ; 36 ; [1.7312851721438316, 3.1591063455897737] ; [1.64329448191932, 1.6381940926480474]
998 ; 62 ; 167 ; 38 ; [0.78369455466696647] ; [1.586116411250772]
998 ; 62 ; 168 ; 0 ; [-0.0083073044925980385, 0.082789876062813808] ; [0.24729932175081637, 0.15821256477344828]
998 ; 62 ; 170 ; 0 ; [0.45883728931823814] ; [0.63279502837343538]
998 ; 62 ; 170 ; 1 ; [0.133959608956114] ; [0.68949582671211274]
998 ; 62 ; 170 ; 2 ; [0.084193859742346888] ; [0.87918805004396527]
998 ; 62 ; 170 ; 10 ; [0.42454368555154465] ; [7.0648548306555075]
998 ; 62 ; 170 ; 11 ; [0.23727966946529189] ; [1.6350907072205456]
998 ; 62 ; 171 ; 0 ; [0.17290668213314359] ; [0.25137367949786193]
998 ; 62 ; 173 ; 4 ; [4.062396062325818] ; [1.0078724812502513]
998 ; 62 ; 173 ; 5 ; [1.8201031996008326] ; [1.7695890861324541]
998 ; 62 ; 173 ; 10 ; [1.0989810638259352] ; [4.329332823160156]
998 ; 62 ; 173 ; 11 ; [1.4020993929734247] ; [0.029699278049023975]
998 ; 62 ; 173 ; 17 ; [0.50629540455991018] ; [1.3750536323231415]
998 ; 62 ; 174 ; 4 ; [0.19125310756020283] ; [0.27255787030224227]
998 ; 62 ; 175 ; 2 ; [0.0043865980408302457] ; [-0.021378798990394601]
998 ; 62 ; 176 ; 0 ; [0.12867411566211651] ; [0.55600869158652677]
998 ; 62 ; 176 ; 2 ; [0.18449878922224625] ; [0.88827228877632103]
998 ; 62 ; 176 ; 4 ; [2.048999115080552] ; [2.5593611775759681]
998 ; 62 ; 176 ; 7 ; [1.4749079253474386] ; [2.100481663150199]
998 ; 62 ; 178 ; 0 ; [0.74883467954304983] ; [1.7941721860106323]
998 ; 62 ; 178 ; 1 ; [1.8486627507116484] ; [0.88200916090127257]
998 ; 62 ; 178 ; 5 ; [0.32678240391535573] ; [2.2124647663999699]
998 ; 62 ; 178 ; 6 ; [0.072369435724057921] ; [2.2816868268385027]
998 ; 62 ; 178 ; 7 ; [0.45218429070340321] ; [1.7570348065942791]
998 ; 62 ; 178 ; 8 ; [0.25231681378123605] ; [1.7269464449942125]
998 ; 62 ; 178 ; 10 ; [0.32225934437451398] ; [2.3261306515514457]
998 ; 62 ; 178 ; 11 ; [1.9246663202417247] ; [0.99014111395074023]
998 ; 62 ; 178 ; 19 ; [0.1155757694596079] ; [1.8126101458385786]
998 ; 62 ; 179 ; 0 ; [0.13618679339106141] ; [0.41288178313187401]
998 ; 62 ; 179 ; 1 ; [0.55150375960676312] ; [0.70144653938517065]
998 ; 62 ; 180 ; 0 ; [0.27032763583193159, 0.12763964046670881] ; [0.24359449699425861, 0.059346281136307868]
998 ; 62 ; 180 ; 2 ; [0.11118899592622908] ; [0.53166983487599462]
998 ; 62 ; 180 ; 3 ; [0.030888498485030842, 0.069983572381737746] ; [0.30627372468961439, 0.14883878430972775]
998 ; 62 ; 181 ; 0 ; [0.26047692711545389] ; [0.024987996684346449]
998 ; 62 ; 181 ; 10 ; [2.7536015998613586] ; [1.3378237878689394]
998 ; 62 ; 181 ; 11 ; [1.6113906146826209] ; [1.2460677011626196]
998 ; 62 ; 181 ; 12 ; [1.0936478564654366, 0.13679498552206029] ; [0.50771892744813563, 0.21683636285049818]
998 ; 62 ; 181 ; 13 ; [0.17878171439419335] ; [1.4560372933682049]
998 ; 62 ; 182 ; 0 ; [0.62058644849059375] ; [1.3285910968764754]
998 ; 62 ; 182 ; 1 ; [0.21714257308511378] ; [0.40828947511267172]
998 ; 62 ; 182 ; 2 ; [0.15137623239144452] ; [0.18845746639428623]
998 ; 62 ; 183 ; 2 ; [-0.017273788299535853] ; [0.027912643684558511]
998 ; 62 ; 183 ; 5 ; [0.11568094143554219] ; [1.4985243540173292]
998 ; 62 ; 183 ; 11 ; [0.1227963426969169] ; [0.85861956593835975]
998 ; 62 ; 183 ; 13 ; [0.05045585699264675] ; [2.2362571368467399]
998 ; 62 ; 183 ; 14 ; [0.060164695330984064] ; [1.4950729040918536]
998 ; 62 ; 184 ; 0 ; [0.29623623847512903] ; [0.35604877387437184]
998 ; 62 ; 184 ; 2 ; [0.56385689113557269] ; [0.082560026944633907]
998 ; 62 ; 184 ; 4 ; [0.097053766567995248] ; [0.16261001911014158]
998 ; 62 ; 185 ; 0 ; [0.20129745420133099] ; [0.18694979392065286]
998 ; 62 ; 185 ; 2 ; [0.09741913189857862] ; [0.14704742680485333]
998 ; 62 ; 185 ; 4 ; [-0.0052159554972798306] ; [0.23047426397920395]
998 ; 62 ; 185 ; 6 ; [0.3915919867765959] ; [0.36513798175015871]
998 ; 62 ; 185 ; 9 ; [0.11817375657397093] ; [0.90723840497645225]
998 ; 62 ; 185 ; 11 ; [0.25495421230879467] ; [0.16375991426476633]
998 ; 62 ; 185 ; 13 ; [0.04284322387177171] ; [0.12000184468719907]
998 ; 62 ; 185 ; 14 ; [3.6264283220998377] ; [0.75299140925977093]
998 ; 62 ; 186 ; 10 ; [0.021681945602170141] ; [1.6154833193930354]
998 ; 62 ; 186 ; 22 ; [0.38493663535123407] ; [0.343723438331348]
998 ; 62 ; 186 ; 23 ; [0.23980345830452754] ; [0.2741813581488729]
998 ; 62 ; 187 ; 1 ; [0.28229454896059147] ; [-0.00028438928639531541]
998 ; 62 ; 188 ; 1 ; [2.6693437806000335] ; [0.15347972927166617]
998 ; 62 ; 189 ; 0 ; [1.8642724792384926] ; [0.48120488250328247]
998 ; 62 ; 189 ; 1 ; [1.319549115288535] ; [0.15663186063513049]
998 ; 62 ; 189 ; 3 ; [1.5057401845899185] ; [0.54676307711185868]
998 ; 62 ; 189 ; 5 ; [1.5417947020500018] ; [0.78928378792130227]
998 ; 62 ; 189 ; 6 ; [4.2928402547373796] ; [1.2600687347197479]
998 ; 62 ; 189 ; 13 ; [1.0392593586243826] ; [0.87914687048038609]
998 ; 62 ; 189 ; 16 ; [1.6622306269745701] ; [0.84755960099064886]
998 ; 62 ; 189 ; 20 ; [0.48194836181558082] ; [1.1937777409746135]
998 ; 62 ; 189 ; 25 ; [1.5119673723488438] ; [1.5063420659427553]
998 ; 62 ; 189 ; 27 ; [1.6082414985677562] ; [0.55085733893934952]
998 ; 62 ; 189 ; 32 ; [2.1244442095397531] ; [0.77281786485936599]
998 ; 62 ; 189 ; 37 ; [0.21566962739273457] ; [2.7352080856338232]
998 ; 62 ; 189 ; 39 ; [0.74465389287622763] ; [0.71906345650326642]
998 ; 62 ; 189 ; 40 ; [0.040253357446041423] ; [0.46974422136336802]
998 ; 62 ; 189 ; 41 ; [0.57298453533035076] ; [0.41423482456246608]
998 ; 62 ; 189 ; 42 ; [0.29540498037037938] ; [0.59490351078378567]
998 ; 62 ; 190 ; 0 ; [0.88271042318830184] ; [0.55692500070375694]
998 ; 62 ; 190 ; 1 ; [1.3832899473160682] ; [0.4596094633142796]
998 ; 62 ; 190 ; 2 ; [1.563088870491776] ; [0.46797678245321495]
998 ; 62 ; 190 ; 5 ; [0.54226031860915191] ; [0.69874555034566133]
998 ; 62 ; 190 ; 9 ; [0.66523712410961655] ; [0.56459011813991944]
998 ; 62 ; 190 ; 10 ; [7.1725220209037186] ; [0.41117459818323082]
998 ; 62 ; 190 ; 11 ; [1.3442123086402411] ; [0.36406717953283108]
998 ; 62 ; 190 ; 14 ; [2.9370464726488996] ; [1.191225174847772]
998 ; 62 ; 190 ; 16 ; [1.1119200744119184] ; [0.89875845162832624]
998 ; 62 ; 190 ; 17 ; [2.1094891382112841] ; [0.32066449337880321]
998 ; 62 ; 190 ; 20 ; [1.966865996612154] ; [2.8156148149471325]
998 ; 62 ; 190 ; 24 ; [1.2967936933913489] ; [1.3991517727001057]
998 ; 62 ; 190 ; 25 ; [7.4167220057023124] ; [1.1393058050763025]
998 ; 62 ; 190 ; 29 ; [1.6597368320036616] ; [0.75330120947461687]
998 ; 62 ; 190 ; 30 ; [1.440880179223712] ; [1.359098861142457]
998 ; 62 ; 190 ; 32 ; [0.74946876881220792] ; [0.57433325237877897]
998 ; 62 ; 190 ; 34 ; [2.4933351265835424] ; [1.8312897125345748]
998 ; 62 ; 190 ; 36 ; [1.0003262431032811] ; [2.1197351700877669]
998 ; 62 ; 190 ; 37 ; [1.1213486502484462] ; [0.78187386959367278]
998 ; 62 ; 190 ; 45 ; [2.1372792603128992] ; [0.78255454352572018]
998 ; 62 ; 190 ; 46 ; [1.1441247283235458] ; [1.2657042514095316]
998 ; 62 ; 190 ; 48 ; [1.0671157836845735] ; [0.51862308488340103]
998 ; 62 ; 190 ; 49 ; [2.1776258337606014] ; [3.2977309804724233]
998 ; 62 ; 190 ; 52 ; [1.5061874986261641] ; [0.46835364071269492]
998 ; 62 ; 190 ; 53 ; [3.5304087948372418] ; [1.7570816821355506]
998 ; 62 ; 190 ; 60 ; [0.10965343854771339] ; [0.50657636842414078]
998 ; 62 ; 190 ; 62 ; [1.6236416081314469] ; [0.41909620303599032]
998 ; 62 ; 190 ; 64 ; [0.94221477133866982] ; [2.917335582701738]
998 ; 62 ; 190 ; 76 ; [3.5866332386232727] ; [0.41056950283835142]
998 ; 62 ; 190 ; 78 ; [1.140830421084615] ; [3.097800925276196]
998 ; 62 ; 190 ; 81 ; [1.2874742018442071] ; [2.0892252083925751]
998 ; 62 ; 190 ; 82 ; [0.049127913264338165, 1.670408571208722] ; [0.30085045533380361, 0.79942223522326639]
998 ; 62 ; 190 ; 83 ; [0.10652570965798758] ; [1.3896977994426696]
998 ; 62 ; 191 ; 0 ; [0.21430550076402938, 0.016538609168025974] ; [0.58272704077099147, 0.56058154713439234]
998 ; 62 ; 191 ; 1 ; [1.3244917532812126] ; [1.0470966527183021]
998 ; 62 ; 191 ; 5 ; [0.49748011010255361] ; [2.2482201793074927]
998 ; 62 ; 191 ; 11 ; [1.3214827346232751] ; [1.1309635303044665]
998 ; 62 ; 191 ; 15 ; [2.0322446044005709] ; [1.3918132055533541]
998 ; 62 ; 191 ; 16 ; [0.90710136801923114] ; [1.6721819875172557]
998 ; 62 ; 191 ; 19 ; [1.3345250606136456] ; [1.3457541673557609]
998 ; 62 ; 191 ; 26 ; [1.261409201450419] ; [2.9429017158388735]
998 ; 62 ; 191 ; 33 ; [0.31860517503070523] ; [0.96611745860755016]
998 ; 62 ; 192 ; 1 ; [0.51230545921829274] ; [0.38983752100086089]
998 ; 62 ; 192 ; 2 ; [0.29369536824274278] ; [0.2857577308531804]
998 ; 62 ; 192 ; 3 ; [0.46051592569651534] ; [0.1738577594671899]
998 ; 62 ; 192 ; 4 ; [0.19978014521298701] ; [-0.0043367578499298089]
998 ; 62 ; 192 ; 8 ; [0.24676486146337417] ; [0.68732520795527541]
998 ; 62 ; 192 ; 13 ; [0.099706910636038454] ; [0.22863098254889982]
998 ; 62 ; 193 ; 0 ; [2.1717274303259249, 0.31603248085245295] ; [0.17477717411820595, 0.12076346875449244]
998 ; 62 ; 193 ; 9 ; [-0.032131816773266472] ; [0.26787674536761097]
998 ; 62 ; 193 ; 11 ; [0.036326198129408113] ; [1.8078392256114604]
998 ; 62 ; 194 ; 0 ; [0.13091095643422934] ; [0.066123961451988955]
998 ; 62 ; 194 ; 2 ; [0.71722430164327755] ; [0.37857728230807097]
998 ; 62 ; 194 ; 3 ; [0.51636448129195511] ; [1.8326265530815651]
998 ; 62 ; 194 ; 7 ; [2.6353668463626607] ; [0.56920750704147893]
998 ; 62 ; 195 ; 0 ; [0.88101424859124144] ; [1.1389008818104369]
998 ; 62 ; 195 ; 2 ; [0.17902615271745875] ; [0.5151847553463802]
998 ; 62 ; 195 ; 4 ; [0.24562493269490124] ; [0.67063203462144028]
998 ; 62 ; 196 ; 5 ; [0.19910010453509649] ; [0.11931722479009556]
998 ; 62 ; 197 ; 0 ; [0.37123496870030331, 0.08213097580533045] ; [0.0703182008264681, 0.05007508601199373]
998 ; 62 ; 197 ; 3 ; [0.23294144266446778] ; [0.084743910678481776]
998 ; 62 ; 197 ; 6 ; [0.37303152525192346] ; [1.475965212484933]
998 ; 62 ; 197 ; 7 ; [0.56944520591542436] ; [0.46845294200353288]
998 ; 62 ; 197 ; 9 ; [0.13886681986757038] ; [0.84279412360958461]
998 ; 62 ; 198 ; 0 ; [1.4568553739791459] ; [0.2963608038806001]
998 ; 62 ; 198 ; 3 ; [0.44978157920960826] ; [0.68093879617877984]
998 ; 62 ; 198 ; 5 ; [0.85919907556249342] ; [0.81924622456683038]
998 ; 62 ; 198 ; 8 ; [0.20623725164327619] ; [0.10127518809371976]
998 ; 62 ; 199 ; 8 ; [1.9634711103481641] ; [1.456241385565874]
998 ; 62 ; 199 ; 10 ; [0.7958656701499448] ; [0.86037350643586408]
998 ; 62 ; 199 ; 11 ; [1.0066392417661503] ; [0.032538711560897923]
998 ; 62 ; 199 ; 12 ; [1.3804855090726373] ; [0.42576744271942785]
998 ; 62 ; 199 ; 13 ; [0.46950801546937987] ; [0.14512811641808152]
998 ; 62 ; 199 ; 14 ; [0.48036427385391306] ; [1.6162562750960545]
998 ; 62 ; 199 ; 16 ; [1.72047739628222] ; [1.7353805981216222]
998 ; 62 ; 199 ; 18 ; [0.091146451296579528] ; [2.7719095238545974]
998 ; 62 ; 199 ; 21 ; [1.0980213811506125] ; [0.38978761671157519]
998 ; 62 ; 199 ; 24 ; [0.13027761791545805] ; [0.73777047247942351]
998 ; 62 ; 199 ; 25 ; [0.63060160809915589] ; [2.0035024945431488]
998 ; 62 ; 199 ; 30 ; [0.60279610526687422] ; [1.1580196250469843]
998 ; 62 ; 200 ; 0 ; [0.77016872565909833, 0.10219976426261196] ; [0.25124255821045688, 0.34377311304354907]
998 ; 62 ; 200 ; 3 ; [0.73369918335306838] ; [0.37483652697394554]
998 ; 62 ; 200 ; 4 ; [0.70902110117012818] ; [1.0331165746224706]
998 ; 62 ; 200 ; 5 ; [0.51522640747147408] ; [1.6201435996319749]
998 ; 62 ; 200 ; 9 ; [0.20855988414248344] ; [0.95820291158162296]
998 ; 62 ; 200 ; 10 ; [0.88897181047753315] ; [0.51796829341389405]
998 ; 62 ; 201 ; 0 ; [0.10098130729221709, 0.15298236924355163, 0.2088645384707003, 0.10610024871779201] ; [0.55159046400536582, 0.11922386731609229, 0.15273807693255367, 0.42615037057506716]
998 ; 62 ; 202 ; 0 ; [0.10162143689845443] ; [1.7945481116504749]
998 ; 62 ; 202 ; 1 ; [2.9319567231071839] ; [0.72713238037833006]
998 ; 62 ; 202 ; 3 ; [1.4271048375954078] ; [0.91784434037651241]
998 ; 62 ; 202 ; 5 ; [0.7248845452399183] ; [0.83891280484197805]
998 ; 62 ; 204 ; 0 ; [0.016423289395935247] ; [0.087498427284661201]
998 ; 62 ; 204 ; 2 ; [1.4308090264447131] ; [0.33179600979602125]
998 ; 62 ; 204 ; 3 ; [0.30512132164443817] ; [0.056329613004056825]
998 ; 62 ; 204 ; 4 ; [1.4841623259862202] ; [0.041239980792145574]
998 ; 62 ; 204 ; 6 ; [0.47802972637644098] ; [0.80879791182810168]
998 ; 62 ; 204 ; 7 ; [0.83284366055631931] ; [3.6500257490351262]
998 ; 62 ; 204 ; 8 ; [0.030670735688369193] ; [1.2830350848028751]
998 ; 62 ; 204 ; 9 ; [2.7056833823868298] ; [0.030489305777651372]
998 ; 62 ; 205 ; 0 ; [0.13824646806653737] ; [0.26942013122383224]
998 ; 62 ; 205 ; 1 ; [0.65238403479702112] ; [0.1650545100213234]
998 ; 62 ; 206 ; 3 ; [0.49903393755799297] ; [0.47654656147919389]
998 ; 62 ; 206 ; 10 ; [0.22813716932966782] ; [1.3911549045444249]
998 ; 62 ; 206 ; 14 ; [0.62125459591220022] ; [1.6504367273006848]
998 ; 62 ; 207 ; 6 ; [0.11546498974266271] ; [0.21319067919179152]
998 ; 62 ; 207 ; 7 ; [0.024026863706368695] ; [0.04691101592590504]
998 ; 62 ; 207 ; 8 ; [0.051618986462784712] ; [0.022368471256676906]
998 ; 62 ; 208 ; 4 ; [1.6275037465403916] ; [0.4396479878951664]
998 ; 62 ; 208 ; 7 ; [0.67234134202714868] ; [0.74434009154436909]
998 ; 62 ; 208 ; 8 ; [0.4002779868396949] ; [0.84432548150390774]
998 ; 62 ; 208 ; 9 ; [0.15003598376954308] ; [0.10394051572304908]
998 ; 62 ; 208 ; 10 ; [0.93017692276519903] ; [0.37133760888893858]
998 ; 62 ; 208 ; 13 ; [0.097848826639040709] ; [0.051405087550490954]
998 ; 62 ; 209 ; 0 ; [0.91075353661448799] ; [0.11235460525490358]
998 ; 62 ; 209 ; 10 ; [0.68177701657658063] ; [0.26430063534027864]
998 ; 62 ; 209 ; 12 ; [1.6423839447575952] ; [0.71198415432708106]
998 ; 62 ; 209 ; 15 ; [0.073545873911975909] ; [0.14427937243113284]
998 ; 62 ; 209 ; 22 ; [0.0078428545358951111] ; [0.4475249130965685]
998 ; 62 ; 210 ; 0 ; [0.043641637751561595, 0.12718090692243517, 0.34443798658730945] ; [0.37299005564222187, 0.17196400077187621, 0.28169662575647031]
998 ; 62 ; 211 ; 0 ; [0.54234312626846359] ; [0.097494793580042802]
998 ; 62 ; 211 ; 1 ; [0.31313738716268252] ; [0.26587649876784136]
998 ; 62 ; 211 ; 2 ; [0.28952004713762403] ; [0.39455559098715653]
998 ; 62 ; 211 ; 5 ; [1.1303354696632801] ; [0.4680347950945698]
998 ; 62 ; 211 ; 6 ; [1.3625026343022075] ; [0.80353650058727266]
998 ; 62 ; 211 ; 9 ; [0.56995226198519655] ; [0.35420315593920143]
998 ; 62 ; 211 ; 11 ; [0.16280775437584352] ; [0.05603677411756091]
998 ; 62 ; 212 ; 0 ; [0.14503956577248778, 0.023381649059144666, 0.27518090532593226] ; [0.20669328913608337, 0.28589108398960256, 0.75685361886175451]
998 ; 62 ; 212 ; 3 ; [0.35607814347791661] ; [0.02798782595107616]
998 ; 62 ; 213 ; 2 ; [0.27157459026596592] ; [0.99486297107833188]
998 ; 62 ; 213 ; 5 ; [0.026128123429314656, 0.23394749887905944, 0.48855772606138753] ; [0.21750662681801369, 0.3413192973226285, 0.50007021764742521]
998 ; 62 ; 214 ; 0 ; [0.14570974455687621, 1.7341189558211798] ; [0.19637920458029504, 0.17379390203726103]
998 ; 62 ; 215 ; 1 ; [0.51225906907686025] ; [0.40573342188290562]
998 ; 62 ; 215 ; 2 ; [1.4307867194748829] ; [0.89508536746053802]
998 ; 62 ; 215 ; 3 ; [1.1904247129033301] ; [0.85378183961765608]
998 ; 62 ; 215 ; 5 ; [0.57757478365895687] ; [0.49050500957264775]
998 ; 62 ; 215 ; 8 ; [0.9745380706754565] ; [1.5708381942697081]
998 ; 62 ; 215 ; 15 ; [0.68768699226823271] ; [1.6421134881152768]
998 ; 62 ; 215 ; 16 ; [1.2478686158175609] ; [0.63094301995473323]
998 ; 62 ; 215 ; 17 ; [2.4879557648448252] ; [1.3555239490531708]
998 ; 62 ; 215 ; 20 ; [1.4804083073565288] ; [2.4975065768168965]
998 ; 62 ; 215 ; 21 ; [1.3241733929129365] ; [0.83716208918524981]
998 ; 62 ; 215 ; 26 ; [1.3523692487649688] ; [1.0096598178707863]
998 ; 62 ; 215 ; 28 ; [0.88107604980741205] ; [1.2360860251939256]
998 ; 62 ; 215 ; 30 ; [1.9833462615565212] ; [0.88909568605480982]
998 ; 62 ; 215 ; 31 ; [1.7148453839157796] ; [1.1863136481076808]
998 ; 62 ; 216 ; 0 ; [0.98703724448704999] ; [0.49827301751720998]
998 ; 62 ; 216 ; 2 ; [0.76103870868679779] ; [0.39257531971693538]
998 ; 62 ; 216 ; 3 ; [3.3019408405777897] ; [0.65016439865266595]
998 ; 62 ; 216 ; 4 ; [1.100603658524026] ; [0.63118589688860016]
998 ; 62 ; 216 ; 9 ; [1.2670214120220484] ; [1.6601019551257021]
998 ; 62 ; 216 ; 10 ; [0.74421453570919238] ; [0.83411169888781689]
998 ; 62 ; 216 ; 12 ; [0.068094422111271938] ; [1.069990151159004]
998 ; 62 ; 216 ; 13 ; [0.060397761698262165] ; [0.23316582793048957]
998 ; 62 ; 217 ; 1 ; [0.14838504060009614] ; [0.022215682911299387]
998 ; 62 ; 217 ; 3 ; [0.34155339725057793] ; [2.176795619726557]
998 ; 62 ; 217 ; 7 ; [0.47538127932674651, 0.15349134650486182] ; [1.2190580130665372, 0.20051003370778253]
998 ; 62 ; 217 ; 8 ; [0.27410343769098106] ; [1.0598701873938596]
998 ; 62 ; 218 ; 7 ; [1.445829852370728] ; [0.30824201023581366]
998 ; 62 ; 218 ; 8 ; [0.68627086984643448] ; [0.23432614000302907]
998 ; 62 ; 218 ; 13 ; [1.1084905564538439] ; [0.72433952601833762]
998 ; 62 ; 218 ; 14 ; [8.0500871341690594] ; [0.29244041503790774]
998 ; 62 ; 218 ; 15 ; [0.12017731034872157] ; [0.70736574110993466]
998 ; 62 ; 218 ; 16 ; [0.15293546705010355] ; [0.68133908496100248]
998 ; 62 ; 218 ; 17 ; [0.53581551851084386] ; [1.45254271176259]
998 ; 62 ; 218 ; 22 ; [0.14916713041331109] ; [0.69038997630609311]
998 ; 62 ; 218 ; 25 ; [0.30393365388629295] ; [1.2190160641111687]
998 ; 62 ; 218 ; 28 ; [0.63579846021020026, 0.2736440870738765] ; [1.1611127866324689, 0.4826768501338069]
998 ; 62 ; 218 ; 29 ; [0.059810342442294155] ; [0.31610677966037054]
998 ; 62 ; 218 ; 30 ; [0.59662408133136968] ; [1.5286768203869798]
998 ; 62 ; 219 ; 2 ; [1.0970915226874416] ; [1.2383591642525245]
998 ; 62 ; 220 ; 0 ; [0.31964531123885592] ; [0.34299593810980888]
998 ; 62 ; 220 ; 4 ; [1.8134746768678793] ; [0.63661205709900914]
998 ; 62 ; 220 ; 8 ; [0.53912246785314866] ; [2.3588748840132663]
998 ; 62 ; 220 ; 10 ; [1.9878522884795868] ; [1.2107150172238481]
998 ; 62 ; 220 ; 11 ; [3.3330885309480101] ; [1.649521974124083]
998 ; 62 ; 220 ; 12 ; [1.1578861369506912] ; [1.6863690844960146]
998 ; 62 ; 220 ; 15 ; [2.2857377037752378] ; [1.6668126208743863]
998 ; 62 ; 220 ; 16 ; [0.62283888619917416] ; [2.0744601081960092]
998 ; 62 ; 220 ; 18 ; [1.6806926553155483] ; [1.8167769234644966]
998 ; 62 ; 220 ; 19 ; [1.5236803373500074] ; [1.2285011104993819]
998 ; 62 ; 220 ; 21 ; [1.7097545773987417] ; [1.4032577191488596]
998 ; 62 ; 220 ; 23 ; [2.1188937214206858] ; [2.474414842165618]
998 ; 62 ; 220 ; 27 ; [0.37967771927048938] ; [1.7170395013364297]
998 ; 62 ; 220 ; 28 ; [0.61138177468246091] ; [1.8507235251635596]
998 ; 62 ; 220 ; 29 ; [1.9656153377838712] ; [1.0679730037070005]
998 ; 62 ; 220 ; 30 ; [2.1358230686848203] ; [1.6335522387476067]
998 ; 62 ; 220 ; 32 ; [3.6907898906581655] ; [2.0526757646862279]
998 ; 62 ; 220 ; 39 ; [0.48014234199788852] ; [1.8496864396186392]
998 ; 62 ; 222 ; 2 ; [1.8142591246190283] ; [0.91089121526699535]
998 ; 62 ; 222 ; 16 ; [0.43778130954748534] ; [0.44890192530453149]
998 ; 62 ; 223 ; 0 ; [0.039408243171972696, 0.022330952144759525, 0.018342431007699937, 0.072790787941335061] ; [0.16873583431378983, 0.22601695173685066, 0.022907980949886931, 0.17318096310372263]
998 ; 62 ; 224 ; 11 ; [5.0104225041469679] ; [0.31729746905657819]
998 ; 62 ; 224 ; 12 ; [0.27695670114575088] ; [0.85586225362232637]
998 ; 62 ; 225 ; 0 ; [1.5239016993985917, 0.017648656412942963, 0.18303993241053973, 0.17936719376733071] ; [0.81755740825232059, 0.14785026315907801, 0.1501330901982611, 0.15446568074551689]
998 ; 62 ; 225 ; 14 ; [3.1569836883572617] ; [1.4826187201572636]
998 ; 62 ; 225 ; 20 ; [3.3013899158107693] ; [1.8544285270415277]
998 ; 62 ; 225 ; 21 ; [1.7297760006487199] ; [3.3594476410511471]
998 ; 62 ; 225 ; 23 ; [2.0783654198377062] ; [2.7119471346784048]
998 ; 62 ; 225 ; 24 ; [0.49653114805895415] ; [8.8174893718155047]
998 ; 62 ; 225 ; 27 ; [3.0987342930787003] ; [2.0673020695545725]
998 ; 62 ; 225 ; 30 ; [2.0363934668587116] ; [1.7757946451407101]
998 ; 62 ; 226 ; 0 ; [0.69627169540738487] ; [0.28812547884868028]
998 ; 62 ; 226 ; 4 ; [0.64156773310314941] ; [1.0821335807943682]
998 ; 62 ; 226 ; 8 ; [0.0099667585217282032] ; [0.7607336481471848]
998 ; 62 ; 226 ; 10 ; [0.15344977445137031] ; [0.97927027559641466]
998 ; 62 ; 226 ; 15 ; [0.2332410262675205] ; [0.61980971887088843]
998 ; 62 ; 227 ; 0 ; [0.77972104777543361] ; [0.46606161664595319]
998 ; 62 ; 227 ; 3 ; [2.1616155232784529] ; [1.5377766104628132]
998 ; 62 ; 227 ; 15 ; [0.41201972043140367] ; [0.44117917539333784]
998 ; 62 ; 227 ; 17 ; [0.6878394644267386] ; [3.8190565245971761]
998 ; 62 ; 228 ; 0 ; [1.6368134247294863] ; [2.1265686122762828]
998 ; 62 ; 228 ; 2 ; [1.258300102263314] ; [-0.0099225326619801282]
998 ; 62 ; 228 ; 4 ; [0.083120346728372541] ; [0.60614917078628161]
998 ; 62 ; 230 ; 13 ; [0.55443830355668744] ; [2.9843741447946588]
998 ; 62 ; 230 ; 14 ; [2.5309677101720198] ; [1.928137215889981]
998 ; 62 ; 230 ; 18 ; [3.0362696706039869] ; [2.1784515262940967]
998 ; 62 ; 230 ; 20 ; [0.12915015020259352] ; [0.039739766247371133]
998 ; 62 ; 230 ; 21 ; [0.13616403282848868] ; [-0.024312822783355351]
998 ; 62 ; 231 ; 0 ; [0.33055386279739069] ; [0.041419510934483039]
998 ; 62 ; 231 ; 1 ; [0.032597377459452598] ; [0.47710433410388531]
998 ; 62 ; 231 ; 2 ; [0.47595456876441405] ; [1.184729836982066]
998 ; 62 ; 231 ; 5 ; [0.73206723110892524] ; [0.35879243383014486]
998 ; 62 ; 232 ; 5 ; [1.5001845126781232] ; [0.87171788752140278]
998 ; 62 ; 232 ; 6 ; [0.12822414978689003] ; [0.94391256767684284]
998 ; 62 ; 232 ; 11 ; [0.097302656821790651] ; [1.1237953876563669]
998 ; 62 ; 232 ; 12 ; [0.074592698201072685] ; [0.8073656367294425]
998 ; 62 ; 233 ; 0 ; [0.52538112012693938] ; [2.5363360701816475]
998 ; 62 ; 233 ; 1 ; [1.6161577825344966] ; [0.32981006912842242]
998 ; 62 ; 233 ; 2 ; [0.50183736020651215] ; [0.015214913840373281]
998 ; 62 ; 233 ; 6 ; [0.15685108463461161] ; [2.3559252751165976]
998 ; 62 ; 233 ; 8 ; [0.95656780827303933] ; [0.30789015458064489]
998 ; 62 ; 233 ; 9 ; [0.10569340746190789] ; [3.5091283539682125]
998 ; 62 ; 233 ; 10 ; [0.70808141118935264] ; [2.0459462860672724]
998 ; 62 ; 234 ; 0 ; [0.58771409899337346] ; [1.7085356991088192]
998 ; 62 ; 234 ; 1 ; [0.73995413185774928] ; [0.71540875838917617]
998 ; 62 ; 234 ; 7 ; [0.13839000879863814] ; [2.0248299269203804]
998 ; 62 ; 235 ; 2 ; [0.12652152617191914, 0.066139347668129372] ; [0.13131328937213471, 0.052099656299357699]
998 ; 62 ; 236 ; 0 ; [0.28900633238559936, 0.57425333013432056] ; [0.37087736065503324, 0.73849963182570788]
998 ; 62 ; 236 ; 1 ; [1.1890611658004111] ; [0.49425160991447564]
998 ; 62 ; 236 ; 3 ; [0.52443631411950542] ; [0.063127225692562364]
998 ; 62 ; 237 ; 0 ; [0.44838659095788802] ; [0.83204432419082919]
998 ; 62 ; 237 ; 1 ; [3.4519770190847368] ; [0.50857023039183624]
998 ; 62 ; 237 ; 7 ; [2.8332235949434699] ; [0.74257491527911246]
998 ; 62 ; 237 ; 8 ; [1.3524539430839864] ; [0.29750191359723743]
998 ; 62 ; 237 ; 9 ; [3.0276336869216021] ; [1.8773741462329512]
998 ; 62 ; 237 ; 10 ; [2.1807354832040788] ; [0.79994675198330167]
998 ; 62 ; 237 ; 11 ; [2.5991942105284682] ; [0.21223376982820155]
998 ; 62 ; 237 ; 14 ; [4.0999791789718927] ; [0.62997745745084033]
998 ; 62 ; 237 ; 16 ; [0.61814216378556175] ; [0.80293703617687351]
998 ; 62 ; 237 ; 18 ; [2.0111663550456207] ; [1.960910686613055]
998 ; 62 ; 237 ; 19 ; [1.7109352674622063] ; [1.6214379383924356]
998 ; 62 ; 237 ; 29 ; [1.0022171681051451] ; [1.7954050920500431]
998 ; 62 ; 237 ; 30 ; [1.6155266570152369] ; [2.4901356799368903]
998 ; 62 ; 237 ; 32 ; [2.9543420797048223] ; [1.036316477420171]
998 ; 62 ; 237 ; 33 ; [3.1934848050595011] ; [2.2803936988097138]
998 ; 62 ; 237 ; 35 ; [1.6249553025789607] ; [0.79819726273938074]
998 ; 62 ; 237 ; 38 ; [1.9902958221193046] ; [1.4152756048848596]
998 ; 62 ; 237 ; 39 ; [1.5539176274677298] ; [1.023943490120657]
998 ; 62 ; 237 ; 41 ; [3.5496420381641554] ; [0.91493306832546006]
998 ; 62 ; 237 ; 43 ; [1.5139981245260206] ; [2.2575511689266126]
998 ; 62 ; 237 ; 44 ; [0.88570903109613652] ; [1.4593374094493992]
998 ; 62 ; 237 ; 45 ; [1.174358057992511] ; [0.81289231282875118]
998 ; 62 ; 237 ; 46 ; [1.7187845116285914] ; [1.1519395264079644]
998 ; 62 ; 237 ; 48 ; [2.0370172282617287] ; [1.4347093053954616]
998 ; 62 ; 237 ; 51 ; [0.8862099675717835] ; [1.0124709881458975]
998 ; 62 ; 237 ; 53 ; [1.3288546477062775] ; [1.1355482820761806]
998 ; 62 ; 237 ; 54 ; [1.3360146631966563] ; [2.0828425951295921]
998 ; 62 ; 237 ; 57 ; [2.3210679548312987] ; [1.2998663800907413]
998 ; 62 ; 237 ; 59 ; [2.4363553620674825] ; [1.0685858910936143]
998 ; 62 ; 237 ; 61 ; [1.1133389188743446] ; [2.3757809331704487]
998 ; 62 ; 237 ; 63 ; [0.82503885266337573] ; [1.580788130248409]
998 ; 62 ; 237 ; 65 ; [0.63091501860829402] ; [0.84283499639427639]
998 ; 62 ; 237 ; 66 ; [2.6300427671594706] ; [2.5832029239823333]
998 ; 62 ; 237 ; 68 ; [1.3069792263904669] ; [0.74301356395137963]
998 ; 62 ; 237 ; 70 ; [1.8526906379482955] ; [0.93230934268910293]
998 ; 62 ; 237 ; 71 ; [0.00079963770767853075] ; [2.961515015107822]
998 ; 62 ; 237 ; 72 ; [2.709462292173026] ; [1.4750753253841775]
998 ; 62 ; 237 ; 73 ; [2.1628889458438598] ; [1.1086635021407252]
998 ; 62 ; 237 ; 78 ; [1.2203830250514491] ; [0.61441265690833724]
998 ; 62 ; 237 ; 81 ; [1.5347006363173445] ; [2.0038604182894604]
998 ; 62 ; 238 ; 0 ; [0.68346803428241476] ; [0.3408307675863041]
998 ; 62 ; 238 ; 1 ; [0.33244721161838664] ; [0.25908105822663385]
998 ; 62 ; 238 ; 4 ; [0.57018576516106578] ; [0.36594004497144217]
998 ; 62 ; 238 ; 5 ; [0.035227272807970743] ; [0.031020975976957021]
998 ; 62 ; 238 ; 7 ; [0.59631680565468803] ; [0.093675115964191522]
998 ; 62 ; 238 ; 11 ; [0.15073753640562529] ; [0.042742784901874595]
998 ; 62 ; 238 ; 21 ; [0.98104951079157787] ; [1.5448179954718941]
998 ; 62 ; 238 ; 23 ; [0.14024516352347163] ; [0.54870392755269182]
998 ; 62 ; 238 ; 24 ; [0.094768199195238573] ; [2.0458350083547114]
998 ; 62 ; 239 ; 0 ; [0.36877297226611033] ; [0.36348959645043571]
998 ; 62 ; 240 ; 1 ; [1.669372331447232] ; [0.54887404850605648]
998 ; 62 ; 240 ; 2 ; [0.16223784563867075] ; [0.15634258897683639]
998 ; 62 ; 240 ; 3 ; [0.59161399714257301] ; [1.2129536566003523]
998 ; 62 ; 240 ; 4 ; [0.3670871551941654] ; [-0.013347499320506712]
998 ; 62 ; 240 ; 6 ; [1.149242268777007] ; [2.0429746808194595]
998 ; 62 ; 240 ; 9 ; [1.1947651051121149] ; [1.631485684059514]
998 ; 62 ; 240 ; 11 ; [1.839116877331189] ; [1.186717243855089]
998 ; 62 ; 240 ; 14 ; [0.14687031112022184] ; [0.77559201828351954]
998 ; 62 ; 240 ; 15 ; [0.41136316091983915] ; [2.3164478324729028]
998 ; 62 ; 240 ; 16 ; [0.31987217568791698] ; [0.75544635357132184]
998 ; 62 ; 240 ; 20 ; [0.76481547021099971] ; [1.1329215013003151]
998 ; 62 ; 240 ; 24 ; [0.092670535996180206] ; [0.54320493356867527]
998 ; 62 ; 240 ; 27 ; [0.068070028111484396] ; [0.33996296144235311]
998 ; 62 ; 240 ; 33 ; [1.5517048588431432] ; [0.31595475225182085]
998 ; 62 ; 240 ; 38 ; [1.7774657213498009] ; [1.5976780377908715]
998 ; 62 ; 240 ; 45 ; [0.90211826294003894] ; [1.5849821568825371]
998 ; 62 ; 240 ; 47 ; [2.4606489070947375] ; [0.14980927465573809]
998 ; 62 ; 241 ; 0 ; [2.0563503986729934, 2.7357260402159516] ; [0.13935570282463708, 0.31891798544634647]
998 ; 62 ; 241 ; 1 ; [0.48823693380398303] ; [0.24039911171605838]
998 ; 62 ; 242 ; 6 ; [0.37189203816601368] ; [0.32344663482599612]
998 ; 62 ; 243 ; 1 ; [0.20839068434116687] ; [0.13018442449214318]
998 ; 62 ; 243 ; 2 ; [0.37938836693987271] ; [0.57477431814470736]
998 ; 62 ; 243 ; 4 ; [0.55308184796783155] ; [1.0393818897095837]
998 ; 62 ; 243 ; 5 ; [0.39034480876991084] ; [0.37854866667197601]
998 ; 62 ; 245 ; 0 ; [0.029194221843186704, 0.084249217900589132] ; [0.21107156032833549, 0.13608548020687997]
998 ; 62 ; 246 ; 3 ; [0.013513134219389475] ; [0.088241325318111227]
998 ; 62 ; 246 ; 6 ; [0.076913416751584862] ; [0.39297662532328609]
998 ; 62 ; 247 ; 5 ; [0.57062215754361256] ; [1.680701091928462]
998 ; 62 ; 247 ; 8 ; [0.20882944656314228] ; [0.045146468142020273]
998 ; 62 ; 248 ; 0 ; [0.0023595317008896013, 0.083228502916705679] ; [0.088390976487726328, 0.31491133315176006]
998 ; 62 ; 248 ; 1 ; [-0.019954539726736682] ; [0.18691567186723715]
998 ; 62 ; 248 ; 2 ; [0.10671335844743353] ; [1.1182451046733621]
998 ; 62 ; 248 ; 5 ; [0.039911938565431009] ; [1.2887312628998508]
998 ; 62 ; 248 ; 7 ; [0.0018801675280505387] ; [0.91627240873351146]
998 ; 62 ; 249 ; 0 ; [0.64263587584276793, -0.032116789370775146, 0.083995276828773988] ; [0.54208730331090993, 0.17231918002365526, 0.82486301866684864]
998 ; 62 ; 250 ; 0 ; [0.27356632909767226, 0.4596181046004561, 0.10258521352954339, 0.066636053035964454, 0.12401806432595039] ; [0.80838645241851181, 0.10374230342670025, 0.16939489107837846, 0.11408519189958945, 0.11923035819728173]
998 ; 62 ; 250 ; 2 ; [0.18370872545771286, 3.9071313855162506] ; [0.17306376571889612, 0.26271659208127968]
998 ; 62 ; 250 ; 3 ; [0.30327908173737805] ; [0.22597246239667695]
998 ; 62 ; 250 ; 4 ; [0.35432184561668556] ; [0.12765046726120613]
998 ; 62 ; 250 ; 8 ; [0.21515854751208197] ; [0.43136450026846729]
998 ; 62 ; 251 ; 0 ; [0.72188684554926741] ; [0.09994591557364052]
998 ; 62 ; 251 ; 2 ; [0.44862687902927129] ; [0.61929009346519914]
998 ; 62 ; 251 ; 4 ; [0.22590673229237643] ; [0.74102098571416264]
998 ; 62 ; 251 ; 14 ; [0.79301513394216905] ; [0.13663458234491183]
998 ; 62 ; 251 ; 17 ; [0.090854785738758326] ; [1.0185673226879723]
998 ; 62 ; 251 ; 18 ; [0.14236709337375] ; [0.12484796655063392]
998 ; 62 ; 251 ; 20 ; [0.16159831970998509] ; [0.15346143441829491]
998 ; 62 ; 252 ; 0 ; [0.38493808856557449, 0.15506843438424039, 0.075566875915549864, 0.13863295550819749] ; [0.17811611100659272, 0.047872904765045458, 0.11217672860465673, 0.0065550481482598974]
998 ; 62 ; 252 ; 1 ; [0.37193458674599172] ; [0.017365453427344944]
998 ; 62 ; 253 ; 0 ; [0.51145321594367843] ; [0.56826852400441685]
998 ; 62 ; 253 ; 1 ; [0.23310810059063955] ; [0.13309372104370409]
998 ; 62 ; 253 ; 7 ; [3.8024616116729772] ; [0.52323842550038213]
998 ; 62 ; 253 ; 15 ; [0.23303667536826936] ; [0.6233409146114498]
998 ; 62 ; 253 ; 22 ; [0.3864411221383961] ; [0.6629397793092966]
998 ; 62 ; 253 ; 28 ; [2.8984799738006073] ; [0.25048415776438743]
998 ; 62 ; 254 ; 0 ; [0.30031560782264138, 0.12617857434976978] ; [0.12120328783047828, 0.0656600622005344]
998 ; 62 ; 255 ; 3 ; [0.064608302355573174] ; [0.22509947228327201]
998 ; 62 ; 256 ; 0 ; [0.036753922787380308, 0.044289531924549798, 0.058805542891763714] ; [0.14185730724024359, 0.059234187417667436, 0.034934580765293613]
998 ; 62 ; 257 ; 1 ; [0.74877154865698936] ; [0.23791091182128016]
998 ; 62 ; 257 ; 4 ; [1.6398362363550918] ; [0.34572640387222259]
998 ; 62 ; 257 ; 8 ; [1.924267381816803] ; [1.3834953202038958]
998 ; 62 ; 257 ; 10 ; [0.087598894955255621] ; [2.2021439845895325]
998 ; 62 ; 258 ; 0 ; [1.5257237336721687] ; [0.42217058165729443]
998 ; 62 ; 259 ; 0 ; [1.3360990997763766] ; [0.12029596875709028]
998 ; 62 ; 260 ; 0 ; [0.11862476061365888, 0.055800964657198991, 0.050557203214486306] ; [0.093327518379299035, 0.10880345961753764, 0.093008488957978377]
998 ; 62 ; 261 ; 0 ; [0.30507872962210159, 0.47650701240700577] ; [0.26603791286054851, 0.11867482321667094]
998 ; 62 ; 261 ; 1 ; [0.32335776828880647] ; [0.45303832820712892]
998 ; 62 ; 261 ; 2 ; [0.069660197673792709] ; [0.43611655141687156]
998 ; 62 ; 261 ; 3 ; [1.4140879359940708] ; [0.0057103794010485275]
998 ; 62 ; 262 ; 2 ; [1.5214812928065367] ; [1.2925095258237151]
998 ; 62 ; 262 ; 4 ; [0.45404344720477874] ; [0.7579280335232621]
998 ; 62 ; 262 ; 12 ; [0.081566497366556398] ; [0.89156587265528253]
998 ; 62 ; 262 ; 19 ; [0.78533848487784053] ; [2.2495730164599479]
998 ; 62 ; 262 ; 21 ; [1.6614063538725174] ; [0.7628662103037861]
998 ; 62 ; 263 ; 0 ; [1.0501702450202699] ; [0.40582661254552482]
998 ; 62 ; 263 ; 1 ; [0.21065270250492316] ; [0.65682298829312691]
998 ; 62 ; 263 ; 3 ; [0.10738595329818726] ; [0.77203709534016707]
998 ; 62 ; 263 ; 4 ; [0.18958986624947172] ; [0.028875657556685294]
998 ; 62 ; 263 ; 5 ; [0.45424802175651424] ; [2.5593304961642729]
998 ; 62 ; 263 ; 9 ; [0.69478904646931017] ; [0.43218314021714122]
998 ; 62 ; 264 ; 1 ; [0.51135446089376946] ; [0.10452917107928471]
998 ; 62 ; 264 ; 6 ; [1.4794041675098135] ; [2.1933718125848478]
998 ; 62 ; 264 ; 15 ; [1.5420367999740674] ; [1.8289391088230527]
998 ; 62 ; 264 ; 17 ; [0.43467020033763065] ; [2.3650901922729877]
998 ; 62 ; 264 ; 20 ; [1.0630713478157585] ; [0.67598012666578222]
998 ; 62 ; 265 ; 0 ; [0.12204655275251471, 0.088588329952681413] ; [0.22256132007280821, 0.06618538591878248]
998 ; 62 ; 266 ; 1 ; [1.5876238866708337] ; [0.61389201324723763]
998 ; 62 ; 266 ; 3 ; [0.63028295699089243] ; [0.431104635813718]
998 ; 62 ; 266 ; 4 ; [0.39825934407031016] ; [-0.019020475847897261]
998 ; 62 ; 267 ; 10 ; [1.5771239672575708] ; [12.292802661429171]
998 ; 62 ; 267 ; 12 ; [1.2651406102587097] ; [2.5057771439675438]
998 ; 62 ; 267 ; 17 ; [0.0080437134245443763] ; [1.3138250405999619]
998 ; 62 ; 268 ; 0 ; [0.25692977293497504, 0.44102282303366014] ; [0.18030230489975674, 0.17707817744598098]
998 ; 62 ; 268 ; 1 ; [0.20490191931802731] ; [0.94583484447009258]
998 ; 62 ; 269 ; 0 ; [0.0080735574000541151] ; [0.083025510010798234]
998 ; 62 ; 269 ; 2 ; [0.37800777639103861] ; [0.47999042180699808]
998 ; 62 ; 270 ; 1 ; [0.16838618154586832] ; [0.57569118597389946]
998 ; 62 ; 270 ; 2 ; [0.0079508629619951653] ; [0.54998138512431638]
998 ; 62 ; 270 ; 7 ; [1.1659159628445104] ; [0.053882988086860588]
998 ; 62 ; 271 ; 0 ; [0.23961002355361324] ; [0.15326220800040624]
998 ; 62 ; 271 ; 1 ; [1.6979299755520341] ; [0.48821766593936378]
998 ; 62 ; 271 ; 3 ; [-0.0093108217788620516] ; [0.14283998560633521]
998 ; 62 ; 272 ; 0 ; [0.12950410489619732] ; [0.015572910748893552]
998 ; 62 ; 272 ; 1 ; [0.79592487176763793] ; [0.0060259172300136448]
998 ; 62 ; 272 ; 12 ; [0.17911603730752451] ; [0.28761698429996052]
998 ; 62 ; 273 ; 0 ; [0.45491502022609481] ; [0.67065880090183183]
998 ; 62 ; 273 ; 6 ; [1.2195992267463873] ; [0.6885876085877578]
998 ; 62 ; 274 ; 0 ; [0.72979490050065243] ; [0.41797633601806666]
998 ; 62 ; 274 ; 1 ; [1.7356889959649759] ; [0.68421658045117451]
998 ; 62 ; 274 ; 3 ; [0.35825783661938954] ; [1.0831717797201545]
998 ; 62 ; 274 ; 5 ; [0.24280206875856949] ; [0.82584759326666668]
998 ; 62 ; 275 ; 3 ; [-0.017750746824353757] ; [0.025681378850040685]
998 ; 62 ; 275 ; 8 ; [0.84547736317663602] ; [0.39483512683350586]
998 ; 62 ; 275 ; 10 ; [0.27919184936212904] ; [-0.026017135335366814]
998 ; 62 ; 276 ; 0 ; [-0.0076576126169781615, -0.0052328053677249842] ; [0.24613820507669248, 0.096047571841299015]
998 ; 62 ; 276 ; 1 ; [0.21910166111975285, 0.056314620779158379] ; [0.17523709206143187, 0.09129555447922863]
998 ; 62 ; 277 ; 0 ; [0.088830491765773581, 0.042685743383044053, -0.028449801835595232] ; [0.086843337241440346, 0.15327019110878148, 0.582232314496264]
998 ; 62 ; 277 ; 2 ; [0.42820675268420766] ; [6.9275110909738187]
998 ; 62 ; 277 ; 3 ; [0.59336997633899635] ; [1.4581036169874069]
998 ; 62 ; 277 ; 4 ; [1.145124853992485] ; [5.3404265237217903]
998 ; 62 ; 278 ; 0 ; [1.5374033686978712, 1.990042206984544] ; [0.26717021198929042, 0.10341503041113281]
998 ; 62 ; 278 ; 3 ; [0.31136033863783824] ; [0.79452237448259055]
998 ; 62 ; 278 ; 10 ; [0.24751688114254097] ; [0.049864331469117194]
998 ; 62 ; 279 ; 7 ; [0.022914468503055625] ; [0.056795076188622354]
998 ; 62 ; 279 ; 11 ; [0.42120355627854222] ; [0.63198557779145914]
998 ; 62 ; 279 ; 12 ; [0.18033892995069842] ; [0.17718552726896097]
998 ; 62 ; 280 ; 0 ; [0.10044809811646054] ; [0.32279023233212534]
998 ; 62 ; 281 ; 2 ; [0.51679174041067655] ; [1.1233410521666556]
998 ; 62 ; 281 ; 4 ; [0.21333009292214666] ; [0.66370153679137045]
998 ; 62 ; 281 ; 7 ; [0.89919658532664815] ; [0.90213368457338305]
998 ; 62 ; 282 ; 8 ; [0.12566034561863967] ; [0.73510872422482743]
998 ; 62 ; 283 ; 0 ; [0.19498006361379541, 0.043315810728803895] ; [0.11274526857153071, 0.060207680143525892]
998 ; 62 ; 284 ; 5 ; [0.084407948988197978] ; [0.049431153290624016]
998 ; 62 ; 284 ; 6 ; [7.3664732607887462] ; [0.13286100159812447]
998 ; 62 ; 285 ; 0 ; [0.45801409429837997] ; [0.30652346694364591]
998 ; 62 ; 285 ; 1 ; [2.1700463437351361] ; [0.28626517385381955]
998 ; 62 ; 285 ; 10 ; [0.045043452533146906] ; [0.088314963307314559]
998 ; 62 ; 286 ; 0 ; [0.26313019105540109] ; [2.1701260596108343]
998 ; 62 ; 286 ; 2 ; [1.8289640737460819] ; [1.3329618701331394]
998 ; 62 ; 286 ; 4 ; [2.007836504677313] ; [2.4600867356298406]
998 ; 62 ; 286 ; 6 ; [2.7483767538670327] ; [2.6319823709440637]
998 ; 62 ; 286 ; 8 ; [5.3790110515297549] ; [1.192014706927752]
998 ; 62 ; 286 ; 9 ; [1.0977569456953458] ; [1.2696030033481567]
998 ; 62 ; 286 ; 12 ; [1.9734015122584609] ; [2.3950189013911283]
998 ; 62 ; 286 ; 13 ; [2.3374549806188583] ; [1.45225974732873]
998 ; 62 ; 286 ; 14 ; [1.3700638456997221] ; [1.7499099293822526]
998 ; 62 ; 286 ; 15 ; [0.023676697936406393] ; [2.4631691807935585]
998 ; 62 ; 286 ; 16 ; [3.7959127478031709] ; [1.3570148982344665]
998 ; 62 ; 286 ; 17 ; [1.8737059535131229] ; [3.1681120380620253]
998 ; 62 ; 286 ; 20 ; [3.3637587299076825] ; [1.5640336017610132]
998 ; 62 ; 286 ; 22 ; [0.83435636771665955] ; [0.82773874809097114]
998 ; 62 ; 286 ; 23 ; [1.3284402074578794] ; [2.8081078123830219]
998 ; 62 ; 286 ; 24 ; [3.5289895188746554] ; [1.2502001241590341]
998 ; 62 ; 286 ; 25 ; [1.0190805470894897] ; [0.61706959526280292]
998 ; 62 ; 286 ; 28 ; [2.2724184081948082] ; [2.781433918233958]
998 ; 62 ; 286 ; 29 ; [0.033691132512977798] ; [1.9924687157680665]
998 ; 62 ; 286 ; 39 ; [0.067525607405929833] ; [2.1780145844875625]
998 ; 62 ; 286 ; 41 ; [1.7446047516525802] ; [1.5808571179197666]
998 ; 62 ; 286 ; 42 ; [0.046101969220064397] ; [1.7718728633848486]
998 ; 62 ; 286 ; 43 ; [0.29492484361077587] ; [2.8947182278061434]
998 ; 62 ; 286 ; 44 ; [0.082153072340454311] ; [1.2815712236222718]
998 ; 62 ; 286 ; 45 ; [0.057524525461722265] ; [0.71701523259434374]
998 ; 62 ; 286 ; 46 ; [3.4327985565854711] ; [2.8867485022154846]
998 ; 62 ; 286 ; 47 ; [1.2285424058880614] ; [2.1824228491700906]
998 ; 62 ; 287 ; 2 ; [0.52399314580176004] ; [0.25012015062673648]
998 ; 62 ; 287 ; 3 ; [0.035760653131566761] ; [0.47448669210954814]
998 ; 62 ; 287 ; 8 ; [0.23647669463603252, 0.1232664712692783, 0.088865243571224217, 0.22853832767631385] ; [0.14927640437298803, 0.086091574179579883, 0.080377474330850407, 0.53066195878548394]
998 ; 62 ; 288 ; 1 ; [0.64256984335198897] ; [0.24092185583682779]
998 ; 62 ; 289 ; 12 ; [0.6943568380701729] ; [1.1540288046300859]
998 ; 62 ; 289 ; 13 ; [0.43203931252737826] ; [1.4174023539207574]
998 ; 62 ; 290 ; 0 ; [0.18658880042702417, 0.10327968511021, 0.15067190319227725] ; [0.33112394124850458, 0.14668880532231868, 0.096543332572221488]
998 ; 62 ; 290 ; 2 ; [0.028616702649239153] ; [0.028066979485077657]
998 ; 62 ; 290 ; 3 ; [0.54812590393633975] ; [0.2227895068113574]
998 ; 62 ; 290 ; 7 ; [0.068417572962806469] ; [0.35252577763684811]
998 ; 62 ; 291 ; 4 ; [3.5467686847340891] ; [1.5085246003632489]
998 ; 62 ; 291 ; 5 ; [0.3394730831119912] ; [1.3860892131564113]
998 ; 62 ; 291 ; 7 ; [0.30306728550343781] ; [2.4953171983082192]
998 ; 62 ; 291 ; 8 ; [0.44734057471891087] ; [2.1280155966147714]
998 ; 62 ; 291 ; 9 ; [2.3616897890516451] ; [2.8042076003335756]
998 ; 62 ; 291 ; 13 ; [0.081802179211227427] ; [0.26862933117933507]
998 ; 62 ; 291 ; 15 ; [0.14759176451292633] ; [1.3915097615054945]
998 ; 62 ; 291 ; 16 ; [0.43165846278004422] ; [0.74613629463361897]
998 ; 62 ; 291 ; 18 ; [0.47733041246906477] ; [1.1085446730422479]
998 ; 62 ; 292 ; 0 ; [1.7092352756406952] ; [0.13785784871029569]
998 ; 62 ; 292 ; 1 ; [0.60303518992603544] ; [1.0065185770310896]
998 ; 62 ; 292 ; 6 ; [0.63361196329351055] ; [1.9833496994292317]
998 ; 62 ; 292 ; 11 ; [1.5386120195232953] ; [1.4617062006551218]
998 ; 62 ; 292 ; 16 ; [4.2396500091628795] ; [2.2212910115004929]
998 ; 62 ; 292 ; 18 ; [1.4690198013560645] ; [1.1432963437577928]
998 ; 62 ; 292 ; 20 ; [1.8596202514274531] ; [1.5426274601465764]
998 ; 62 ; 292 ; 22 ; [1.6511216617198066] ; [1.5190686077191071]
998 ; 62 ; 292 ; 24 ; [0.047717733390946863] ; [1.3364349047998709]
998 ; 62 ; 292 ; 31 ; [1.666462001686936] ; [2.4442973937054933]
998 ; 62 ; 292 ; 33 ; [0.66824002695782614] ; [1.6923511681651995]
998 ; 62 ; 293 ; 0 ; [0.0046714284567294312, 0.032669752295496131, 0.063323820232672287] ; [0.096811549421395776, 0.073441879446889277, 0.098974361290711466]
998 ; 62 ; 294 ; 7 ; [1.9916710285362746] ; [1.6258511639869149]
998 ; 62 ; 294 ; 12 ; [1.3069180200135064] ; [2.4939704625388228]
998 ; 62 ; 294 ; 14 ; [2.0109643728176496] ; [1.7920413787671379]
998 ; 62 ; 294 ; 16 ; [0.60535421466532569] ; [1.4117247859082411]
998 ; 62 ; 294 ; 17 ; [0.17234522375492936] ; [2.1740361323234532]
998 ; 62 ; 294 ; 20 ; [1.5632507950143204] ; [0.71533859756104068]
998 ; 62 ; 294 ; 21 ; [0.50875621951301619] ; [3.4778485456549726]
998 ; 62 ; 294 ; 24 ; [2.3287479058021789] ; [2.0546136810343816]
998 ; 62 ; 294 ; 25 ; [2.8268945492753628] ; [2.2225171312192185]
998 ; 62 ; 295 ; 0 ; [0.13638412627301472] ; [0.11251627724401453]
998 ; 62 ; 295 ; 1 ; [0.26451202367894117] ; [0.42310939545084086]
998 ; 62 ; 295 ; 2 ; [1.1010061384293486] ; [0.28575786690353411]
998 ; 62 ; 295 ; 3 ; [-0.0074997454604529808] ; [-0.00440872508216472]
998 ; 62 ; 296 ; 1 ; [1.2424523695984482] ; [1.3258065131573438]
998 ; 62 ; 296 ; 3 ; [0.069002093904941247] ; [0.14573427697962765]
998 ; 62 ; 296 ; 10 ; [1.0182376808153251] ; [0.041733719466763054]
998 ; 62 ; 296 ; 13 ; [0.21389020440290646] ; [0.35389413123195035]
998 ; 62 ; 296 ; 14 ; [0.17623072285237934] ; [0.16187157089214571]
998 ; 62 ; 296 ; 24 ; [0.58561619649115582] ; [0.31674544315322278]
998 ; 62 ; 296 ; 25 ; [0.59157665675258264] ; [0.89615913244949619]
998 ; 62 ; 297 ; 0 ; [0.34736429024047843] ; [0.097437852231231387]
998 ; 62 ; 297 ; 1 ; [0.30478667484973393] ; [0.64531664836065461]
998 ; 62 ; 297 ; 2 ; [0.77293403663898808] ; [0.27360897056818467]
998 ; 62 ; 297 ; 3 ; [0.53780447287368982] ; [1.3348333515965762]
998 ; 62 ; 297 ; 5 ; [0.32027492747413067] ; [0.85494150112270939]
998 ; 62 ; 297 ; 16 ; [0.45895088207824591] ; [0.78456263627041234]
998 ; 62 ; 297 ; 23 ; [1.5381106146475512] ; [1.4406824406465879]
998 ; 62 ; 297 ; 29 ; [1.1330250910136022] ; [1.0701866282381394]
998 ; 62 ; 298 ; 3 ; [-0.029788802337198873] ; [0.029770950124234419]
998 ; 62 ; 298 ; 4 ; [0.75622573433110429] ; [0.50309248204124335]
998 ; 62 ; 299 ; 0 ; [0.316664035047234] ; [0.38649499813330346]
998 ; 62 ; 300 ; 4 ; [0.42669963342732903, 0.093875508807635594] ; [0.16936749644252352, 0.11253927870627235]
998 ; 62 ; 301 ; 1 ; [0.57138587995360979] ; [2.582466177933989]
998 ; 62 ; 301 ; 3 ; [0.21788034174442464] ; [-0.0072863466900584192]
998 ; 62 ; 301 ; 5 ; [1.4509218010029299] ; [0.53132846344083839]
998 ; 62 ; 301 ; 9 ; [0.43408625706749737] ; [0.20681548441089662]
998 ; 62 ; 301 ; 10 ; [0.30744479610373543] ; [0.89041573172943622]
998 ; 62 ; 302 ; 0 ; [1.1313939608357835, 0.14293653745062562] ; [0.25114151955146752, 0.29641519598233274]
998 ; 62 ; 303 ; 4 ; [1.6443594446731264] ; [1.59921020868108]
998 ; 62 ; 303 ; 5 ; [0.0014227228576158249] ; [2.4742524219939699]
998 ; 62 ; 304 ; 5 ; [0.094665099235333047] ; [0.01950234416945414]
998 ; 62 ; 305 ; 0 ; [0.083349390277967755, 0.3403638422413694, 0.67493367190449371] ; [0.18866924370483684, 0.26154462548440716, 0.30928761246479852]
998 ; 62 ; 306 ; 0 ; [1.493354019799465] ; [1.3525683354593192]
998 ; 62 ; 306 ; 3 ; [0.35623524650521876] ; [2.0788885904857914]
998 ; 62 ; 306 ; 6 ; [0.39913773071134406] ; [0.31183120671224029]
998 ; 62 ; 306 ; 7 ; [0.14056850306099175] ; [0.48867136616730578]
998 ; 62 ; 308 ; 2 ; [0.16484884676933975] ; [0.23786094403638036]
998 ; 62 ; 308 ; 4 ; [0.048985396796033413] ; [0.52868539268222814]
998 ; 62 ; 308 ; 7 ; [0.40244683622717792] ; [0.265817363052676]
998 ; 62 ; 308 ; 8 ; [0.31538652245947402] ; [0.31055546127794847]
998 ; 62 ; 310 ; 2 ; [0.070471073624338396] ; [0.88526563286909532]
998 ; 62 ; 311 ; 0 ; [-0.013742478791234698] ; [0.1842928049132769]
998 ; 62 ; 311 ; 1 ; [-0.0036809923494008838] ; [0.11578886112285068]
998 ; 62 ; 312 ; 0 ; [0.31380014287326474] ; [-0.081685930962613978]
998 ; 62 ; 312 ; 4 ; [1.1798716125575497] ; [1.4679763144752933]
998 ; 62 ; 312 ; 5 ; [0.22760104330499187] ; [0.15995261956288079]
998 ; 62 ; 312 ; 6 ; [0.2581390495042073] ; [1.4250410668975493]
998 ; 62 ; 312 ; 7 ; [0.12588896291063748] ; [0.30868855918109478]
998 ; 62 ; 312 ; 8 ; [0.13598544766563136] ; [0.17549339668678543]
998 ; 62 ; 312 ; 9 ; [0.21708424753508396] ; [0.19884150174359838]
998 ; 62 ; 312 ; 10 ; [0.11352206351153984] ; [0.25124430363491879]
998 ; 62 ; 313 ; 1 ; [0.71834395899229131] ; [4.9178459211731935]
998 ; 62 ; 313 ; 2 ; [0.48032997091053387] ; [0.22228881042254969]
998 ; 62 ; 313 ; 4 ; [0.51591302520095217] ; [6.191888764709816]
998 ; 62 ; 313 ; 8 ; [1.6481094918658152] ; [2.3349106450882822]
998 ; 62 ; 313 ; 9 ; [0.14278376438021217] ; [1.7932558383816766]
998 ; 62 ; 313 ; 11 ; [11.24810673898833] ; [-0.0013514225627808765]
998 ; 62 ; 313 ; 12 ; [0.45386952308530754] ; [0.90951078605978786]
998 ; 62 ; 313 ; 13 ; [0.66276303441406104] ; [1.7640082659749556]
998 ; 62 ; 313 ; 14 ; [0.4468514517335011] ; [1.3587698681750684]
998 ; 62 ; 313 ; 15 ; [7.2962742378272329] ; [6.2148247708221067]
998 ; 62 ; 314 ; 2 ; [0.50304158488915118] ; [0.65945561656835294]
998 ; 62 ; 314 ; 10 ; [0.82501475123898271] ; [0.017658325134048369]
998 ; 62 ; 314 ; 16 ; [0.26682938729346495] ; [0.38484375448920971]
998 ; 62 ; 315 ; 0 ; [0.13451518608891588] ; [3.0180620417992694]
998 ; 62 ; 315 ; 2 ; [0.095062414791036665] ; [1.0461004486935899]
998 ; 62 ; 315 ; 5 ; [0.11651109688375363] ; [0.68725624895098225]
998 ; 62 ; 315 ; 7 ; [0.070006588280119741] ; [0.20784303154583267]
998 ; 62 ; 315 ; 8 ; [0.079873166158199241] ; [1.4499975528112767]
998 ; 62 ; 316 ; 0 ; [0.58524253072954657] ; [0.46989353621469665]
998 ; 62 ; 316 ; 10 ; [0.043113455376374489] ; [0.045375268873267538]
998 ; 62 ; 317 ; 0 ; [0.28412773984283957] ; [0.03046293877183992]
998 ; 62 ; 317 ; 1 ; [0.4632855995046925] ; [0.45533477736331607]
998 ; 62 ; 317 ; 2 ; [-0.016690527144207799] ; [0.076647329722179552]
998 ; 62 ; 317 ; 7 ; [0.0010875115817009012] ; [0.14130416981723232]
998 ; 62 ; 318 ; 4 ; [0.61293258487376423] ; [2.0611879067275565]
998 ; 62 ; 318 ; 10 ; [0.3937240461137762] ; [2.2605896345283543]
998 ; 62 ; 320 ; 6 ; [-0.0043154794524539542] ; [-0.023226507337729279]
998 ; 62 ; 320 ; 7 ; [0.0053342094395245057] ; [4.3776823383725727]
998 ; 62 ; 321 ; 0 ; [0.12967355144677031, 0.083008378353301826, 0.13418929276566297] ; [0.13826130668050121, 0.15816583661405126, 0.11834220047188228]
998 ; 62 ; 321 ; 1 ; [0.042180295907238888] ; [0.72600797655312654]
998 ; 62 ; 321 ; 2 ; [0.048114939637460309] ; [3.0121864751669012]
998 ; 62 ; 322 ; 0 ; [1.1825757308380695] ; [0.5207770162963129]
998 ; 62 ; 322 ; 1 ; [0.64847067335326369] ; [0.31358398265252291]
998 ; 62 ; 322 ; 9 ; [0.22844655666515959] ; [1.9194237685011712]
998 ; 62 ; 322 ; 10 ; [0.50843367918886662] ; [1.5023698096409384]
998 ; 62 ; 322 ; 18 ; [5.6393838113887211] ; [2.5806901012985723]
998 ; 62 ; 323 ; 0 ; [0.3685670238810082, 0.045360167136957764, 0.060657535394530511] ; [0.24696811736156163, 0.31806899242844899, 0.097845837977906719]
998 ; 62 ; 323 ; 1 ; [0.14068381598417731, 0.069799530705338383] ; [0.010936333968093178, 0.1844448899997537]
998 ; 62 ; 323 ; 13 ; [0.19073749948635041] ; [0.42798098336967089]
998 ; 62 ; 324 ; 0 ; [0.40957705071862871] ; [0.61390869230165945]
998 ; 62 ; 325 ; 1 ; [1.2315047864761584] ; [0.10344979817349693]
998 ; 62 ; 325 ; 2 ; [0.27359328422479207] ; [0.98983621981842618]
998 ; 62 ; 325 ; 3 ; [0.42765508251775297] ; [1.2087861907933346]
998 ; 62 ; 325 ; 12 ; [0.81222814246797559] ; [1.2915329122243675]
998 ; 62 ; 325 ; 13 ; [0.19744898657851676] ; [1.5327402423179157]
998 ; 62 ; 326 ; 6 ; [1.9698340571899027, 0.0039089245679088591] ; [0.40846397710102705, 0.34907550162560291]
998 ; 62 ; 328 ; 0 ; [0.31706961426336155, 0.24149529909516035, 0.28433942405537133, 0.19059364211663291] ; [0.38830032630901001, 0.011972922884053966, 0.060836261468294982, 0.12137772423980243]
998 ; 62 ; 329 ; 0 ; [0.068650747280642327] ; [0.19509796317128322]
998 ; 62 ; 329 ; 1 ; [0.13533802036181286] ; [0.17722642370159011]
998 ; 62 ; 330 ; 1 ; [1.4629383631142874] ; [0.22461050599591095]
998 ; 62 ; 330 ; 3 ; [0.90269338409018696] ; [0.79586428228822526]
998 ; 62 ; 330 ; 5 ; [0.58365683366411658] ; [0.53788164603294708]
998 ; 62 ; 330 ; 8 ; [0.073209051820618126] ; [0.25493810828631225]
998 ; 62 ; 330 ; 9 ; [0.54833704520483106] ; [0.56469258494499242]
998 ; 62 ; 331 ; 1 ; [0.3619532844675698] ; [0.01624982786046749]
998 ; 62 ; 332 ; 1 ; [0.19532601889645687] ; [0.48947585975789853]
998 ; 62 ; 332 ; 2 ; [0.2920922733664017, 1.5973687808830808] ; [0.96803186512063233, 0.16723725738521067]
998 ; 62 ; 332 ; 3 ; [0.15601060635040467] ; [1.8052315435815285]
998 ; 62 ; 332 ; 5 ; [0.54056732998107271] ; [0.26076976213114766]
998 ; 62 ; 332 ; 7 ; [0.1706143994210581] ; [-0.024178303467719389]
998 ; 62 ; 332 ; 19 ; [0.19067092666940641] ; [0.75917870952539479]
998 ; 62 ; 332 ; 27 ; [1.1928713305452634] ; [0.048195732823567698]
998 ; 62 ; 333 ; 0 ; [-0.0051456822831056652] ; [0.070589700499576316]
998 ; 62 ; 333 ; 3 ; [0.99245414749039707] ; [1.5724722457253857]
998 ; 62 ; 333 ; 8 ; [0.17453530943523679] ; [0.31922141555526407]
998 ; 62 ; 333 ; 10 ; [1.3792087478588206] ; [0.075071803313657842]
998 ; 62 ; 333 ; 11 ; [1.6912837578434032] ; [0.10768472226774571]