# Run ; Subrun ; Event ; Track ; Charge Ratios View 0 ; Charge Ratios View 1 #
836 ; 1 ; 0 ; 2 ; [0.31341524052179737, 0.23026192531881609, 0.50307098406081063, 0.38334658246314041, 0.11552707212773095] ; [0.1629312113388863, 0.24845885512252441, 0.44696877507772659, 0.25863180349882686, 0.31126283766258367]
836 ; 1 ; 1 ; 1 ; [1.5468080124925689] ; [0.56103359855312074]
836 ; 1 ; 1 ; 3 ; [3.9854968964570299] ; [1.4644824513795058]
836 ; 1 ; 1 ; 4 ; [1.4710162923992425] ; [1.1817896367322132]
836 ; 1 ; 1 ; 5 ; [2.288429797765847] ; [1.0816113899654614]
836 ; 1 ; 1 ; 6 ; [2.486973084325506] ; [1.1904834681432419]
836 ; 1 ; 1 ; 8 ; [1.4233231417655325] ; [0.7285531026882901]
836 ; 1 ; 1 ; 9 ; [1.4306075195248846] ; [1.312772698763776]
836 ; 1 ; 1 ; 10 ; [1.4243673110492705] ; [0.69609341382695167]
836 ; 1 ; 1 ; 11 ; [2.0836324184369879] ; [0.79925694285917426]
836 ; 1 ; 1 ; 12 ; [1.0551139490363068] ; [0.073426696492783508]
836 ; 1 ; 1 ; 13 ; [1.7264398688250848] ; [2.8546451243806632]
836 ; 1 ; 1 ; 16 ; [2.6007623253639638] ; [1.7514163066220221]
836 ; 1 ; 1 ; 17 ; [4.5150282183119375] ; [0.84059073892661806]
836 ; 1 ; 1 ; 18 ; [4.9539916395444692] ; [0.65710881585879088]
836 ; 1 ; 1 ; 22 ; [2.0233867766295233] ; [-0.031363523416978366]
836 ; 1 ; 1 ; 23 ; [2.0664935184471176] ; [1.7235568558918468]
836 ; 1 ; 1 ; 26 ; [2.0449743510912102] ; [0.44908763585601136]
836 ; 1 ; 1 ; 27 ; [2.0355858519973866] ; [0.14125083528244955]
836 ; 1 ; 1 ; 31 ; [10.477903505955362] ; [1.800460047541139]
836 ; 1 ; 1 ; 32 ; [1.7904263770669575] ; [1.4144208769708537]
836 ; 1 ; 1 ; 33 ; [1.8154979247623617] ; [0.82153346104881841]
836 ; 1 ; 1 ; 34 ; [1.7096395764613561] ; [0.54203232027575521]
836 ; 1 ; 1 ; 35 ; [1.9702881482632397] ; [1.2057449461647216]
836 ; 1 ; 2 ; 1 ; [1.7425642971106301] ; [0.37566407555833925]
836 ; 1 ; 2 ; 2 ; [0.44527208543444985] ; [0.16238511483002424]
836 ; 1 ; 2 ; 5 ; [1.6492540563037401] ; [0.82395038083940941]
836 ; 1 ; 2 ; 6 ; [0.58759395990431862] ; [2.4023181645730518]
836 ; 1 ; 2 ; 9 ; [0.51905417563415757] ; [-0.0065284166789478819]
836 ; 1 ; 2 ; 11 ; [0.48974521516514613] ; [0.99432357864667975]
836 ; 1 ; 2 ; 12 ; [0.26117036288576262] ; [0.38226329037303453]
836 ; 1 ; 2 ; 17 ; [0.25286488341426222] ; [1.5619054192496888]
836 ; 1 ; 2 ; 22 ; [0.65295375393879529] ; [1.2488516962683216]
836 ; 1 ; 2 ; 37 ; [0.63112079265723142] ; [4.6481902462339191]
836 ; 1 ; 3 ; 0 ; [0.52670381249391263] ; [0.26962328774742034]
836 ; 1 ; 3 ; 3 ; [0.077814149460201543] ; [0.79539164160595477]
836 ; 1 ; 3 ; 4 ; [0.13582398895863243] ; [0.035753903664056765]
836 ; 1 ; 4 ; 0 ; [1.6743312503493022] ; [2.3318919719392355]
836 ; 1 ; 4 ; 4 ; [1.4044057542835777] ; [1.2611055671930265]
836 ; 1 ; 5 ; 0 ; [0.93611740991025238, 0.48391741085677614, 0.14970782080660705] ; [0.22393627080844208, 0.70079909572621235, 0.16987408820839858]
836 ; 1 ; 6 ; 0 ; [0.22846141985355425] ; [0.50896812808793201]
836 ; 1 ; 6 ; 1 ; [0.22472574127699688] ; [0.64052061421177442]
836 ; 1 ; 7 ; 0 ; [0.13379595488290266, 0.0054079607824615173, 0.30361310784149115] ; [0.21556368619653118, 0.38830090239560477, 0.14579524341503747]
836 ; 1 ; 7 ; 2 ; [0.30535137655541067] ; [0.17062068612449263]
836 ; 1 ; 8 ; 2 ; [-0.016574713524815165] ; [0.069306848668210602]
836 ; 1 ; 9 ; 0 ; [0.0060464780182637777, -0.009801097384837738, 0.017235015966803661] ; [0.21088408692759048, 0.19015698130076231, 0.15727544602691404]
836 ; 1 ; 10 ; 0 ; [0.083004298721440051] ; [0.077235555155661384]
836 ; 1 ; 10 ; 3 ; [0.59957489931911878] ; [0.032736321190315901]
836 ; 1 ; 10 ; 4 ; [0.28378196452288645, 0.29757782754491768, 1.0514772707413302] ; [0.17681787789220943, 0.22103870359414107, 0.74160125812425304]
836 ; 1 ; 11 ; 4 ; [1.240595686846343] ; [1.393295434924273]
836 ; 1 ; 11 ; 5 ; [2.1556902518157508] ; [2.1794142050716867]
836 ; 1 ; 11 ; 8 ; [2.6288151062473815] ; [1.6852794331237673]
836 ; 1 ; 11 ; 10 ; [1.7967924730348555] ; [1.5433787013256928]
836 ; 1 ; 11 ; 11 ; [1.4118977384353957] ; [2.1133245380392713]
836 ; 1 ; 11 ; 12 ; [2.662798678453838] ; [1.3615244883290336]
836 ; 1 ; 11 ; 15 ; [1.9073029917988287] ; [1.2078914248165389]
836 ; 1 ; 12 ; 0 ; [0.11524673666404914] ; [1.1671507974561275]
836 ; 1 ; 12 ; 1 ; [0.32042281223078661] ; [-0.64545324464800646]
836 ; 1 ; 12 ; 3 ; [0.11890613272896436, 0.0025591631056776985, 0.20688629241229164] ; [0.1683284325609197, 0.14516983060317756, 0.17953436625554092]
836 ; 1 ; 13 ; 0 ; [0.23634761171014179, 2.9196251089790848] ; [-0.001509446420298698, -0.0017998014198767132]
836 ; 1 ; 13 ; 5 ; [1.666450962137014] ; [1.5244136939101509]
836 ; 1 ; 13 ; 6 ; [1.8852095159533304] ; [1.6167284983535579]
836 ; 1 ; 13 ; 7 ; [2.1025397453569901] ; [1.7017214729644152]
836 ; 1 ; 13 ; 12 ; [0.53233148255957341] ; [1.7834135352808931]
836 ; 1 ; 14 ; 0 ; [1.271255212964465] ; [0.30942901517038313]
836 ; 1 ; 14 ; 1 ; [1.0834286185528113] ; [0.72454759673342906]
836 ; 1 ; 14 ; 2 ; [0.63729744016505807] ; [0.62407017561150435]
836 ; 1 ; 15 ; 0 ; [0.13604168327132782, 0.10855356938611051, 0.042357407392117213] ; [0.18670681618599974, 0.31759217331136508, 0.20132113080846828]
836 ; 1 ; 16 ; 0 ; [0.47778077785536827] ; [0.40915492179760204]
836 ; 1 ; 16 ; 3 ; [0.43985456058630767] ; [0.483485972224097]
836 ; 1 ; 17 ; 1 ; [0.58457348685643662] ; [0.5942981212922207]
836 ; 1 ; 17 ; 2 ; [1.0299467717263628] ; [0.5204551894020234]
836 ; 1 ; 17 ; 9 ; [1.1616336031914751] ; [0.13245994685495158]
836 ; 1 ; 17 ; 10 ; [0.39655000384666911] ; [0.18046932219130277]
836 ; 1 ; 18 ; 13 ; [0.0011590293407196131] ; [0.39222087192235228]
836 ; 1 ; 19 ; 0 ; [0.092762749509113382, 0.029304919897830094] ; [0.21106569696396543, 0.29599536840982899]
836 ; 1 ; 19 ; 1 ; [0.2551937247915973] ; [0.80256792793198939]
836 ; 1 ; 20 ; 0 ; [0.69370395276606911, 0.046610938611137132, 0.11708017056432625] ; [1.1606807195991484, 0.20607967697343341, 0.11999095241393337]
836 ; 1 ; 20 ; 1 ; [0.054688262223405053] ; [0.48644645951884991]
836 ; 1 ; 20 ; 2 ; [0.14489816884328394] ; [0.98441192650922416]
836 ; 1 ; 20 ; 3 ; [-0.023841041782045755] ; [0.012131787833519848]
836 ; 1 ; 21 ; 0 ; [0.23293845223624407, 0.23738485921540808, 0.24143557203075502, 1.2164003655217523] ; [0.17678941175369339, 0.32119767624295592, 0.24593547886829556, 0.21056026144732309]
836 ; 1 ; 22 ; 0 ; [0.2710621634325337, 0.025055368526560543, 0.24310256571063396] ; [0.19576217402016932, 0.26289860447531516, 0.084203382941591368]
836 ; 1 ; 22 ; 1 ; [0.53956425948025821] ; [0.15210143451875177]
836 ; 1 ; 23 ; 0 ; [0.069848741195648559, 0.023101188630730293, 0.026335212913778102, -0.00066620370405095922] ; [0.35956731170049128, 0.24996270103063847, 0.24688268780642939, 0.29143882736670756]
836 ; 1 ; 23 ; 1 ; [0.14480015705714475] ; [0.05788293877113506]
836 ; 1 ; 24 ; 0 ; [0.1597523302825089] ; [0.15989915158994719]
836 ; 1 ; 24 ; 1 ; [0.062822114500556248] ; [0.10242585914378285]
836 ; 1 ; 25 ; 0 ; [0.14576909764382304] ; [0.051564997745342435]
836 ; 1 ; 25 ; 3 ; [0.10645700930464881] ; [0.79514483987814111]
836 ; 1 ; 25 ; 11 ; [0.11530065620892185] ; [0.41445357831489149]
836 ; 1 ; 25 ; 12 ; [0.10268293295511974] ; [0.80801042067380058]
836 ; 1 ; 26 ; 0 ; [0.045646849159837827, 0.005675449504474895] ; [0.16835805633557113, 0.18195618046273224]
836 ; 1 ; 28 ; 1 ; [0.4049635564733457] ; [0.51560370974960945]
836 ; 1 ; 28 ; 7 ; [0.4666738051350014] ; [0.49683174482220499]
836 ; 1 ; 29 ; 0 ; [0.19196024483510646] ; [0.18545186891116577]
836 ; 1 ; 29 ; 2 ; [0.10596798266931981] ; [0.44705987353652493]
836 ; 1 ; 29 ; 5 ; [0.34070700530239806] ; [0.71166603683281959]
836 ; 1 ; 30 ; 0 ; [0.9349970529183238] ; [1.2034895377661798]
836 ; 1 ; 30 ; 1 ; [0.33609373775767309] ; [0.47124396205800567]
836 ; 1 ; 30 ; 7 ; [0.41654601570757932] ; [0.9843989885356752]
836 ; 1 ; 30 ; 8 ; [0.65606274271539822] ; [5.3916389411209051]
836 ; 1 ; 31 ; 1 ; [0.4832790207861361] ; [1.3496354336164804]
836 ; 1 ; 31 ; 2 ; [-0.00045341135240373816] ; [1.6580706157781107]
836 ; 1 ; 31 ; 8 ; [3.5190428695262463] ; [3.1855682546099517]
836 ; 1 ; 31 ; 16 ; [0.27995442399949066] ; [0.6766838626545737]
836 ; 1 ; 32 ; 0 ; [0.44207108553885982, 0.17375818814127697] ; [0.39294085490997416, 0.24466176308547768]
836 ; 1 ; 33 ; 1 ; [0.2546981577633517] ; [0.10183522349280301]
836 ; 1 ; 33 ; 2 ; [0.35809837198891264] ; [0.46146497516317408]
836 ; 1 ; 33 ; 3 ; [0.12778963586054579] ; [0.16427630128056014]
836 ; 1 ; 33 ; 4 ; [0.4929492868458798] ; [0.46798868792614057]
836 ; 1 ; 33 ; 5 ; [0.86874461228255018] ; [0.072107542083863274]
836 ; 1 ; 33 ; 12 ; [0.059205006259390056] ; [0.88007865447593303]
836 ; 1 ; 34 ; 0 ; [0.16167855263385289, 0.15134943884325122, 1.2746175403949829] ; [0.33833251424452321, 0.39685728864235703, 0.2369741539150535]
836 ; 1 ; 34 ; 1 ; [0.26358916733205451] ; [0.17981085043755662]
836 ; 1 ; 35 ; 0 ; [0.086478409893228789, 0.058878066752220147, 0.19438195240238526] ; [0.12486117585477534, 0.19030357473508272, 0.29892951166129983]
836 ; 1 ; 36 ; 0 ; [0.17829686593250427, 0.14095504253411195, 0.13107233044404953, 0.050764206254726454, 0.066593446265858294] ; [0.1588491931023347, 0.20011080705397041, 0.2449398730251969, 0.36548682226305557, 0.17610012446757514]
836 ; 1 ; 37 ; 0 ; [0.065322287972650231, 0.26047695868597248] ; [0.15851328600322218, 0.22448767147619417]
836 ; 1 ; 37 ; 1 ; [0.075105886968381344] ; [0.11169428927226932]
836 ; 1 ; 38 ; 0 ; [0.28945078142918951] ; [0.2113484852586002]
836 ; 1 ; 38 ; 1 ; [0.8140381786526466] ; [0.0036693903413105855]
836 ; 1 ; 39 ; 0 ; [0.83056486779370164] ; [0.125841671710507]
836 ; 1 ; 39 ; 2 ; [1.9997242456883939] ; [1.7258287203457308]
836 ; 1 ; 39 ; 3 ; [0.38298692120157635] ; [1.3868705052645196]
836 ; 1 ; 39 ; 5 ; [1.3071271706600898] ; [1.5900715459782568]
836 ; 1 ; 39 ; 6 ; [2.378895154554054] ; [0.11408171987574676]
836 ; 1 ; 39 ; 8 ; [2.2494544866118908] ; [1.2129185372108198]
836 ; 1 ; 39 ; 9 ; [0.44780931576096228] ; [0.79718814135546157]
836 ; 1 ; 39 ; 10 ; [1.6193931401009607] ; [1.1240602557516426]
836 ; 1 ; 39 ; 15 ; [0.16890739495857346] ; [0.20765252607832066]
836 ; 1 ; 39 ; 17 ; [0.44162069751598348] ; [0.85989657463053859]
836 ; 1 ; 39 ; 19 ; [0.0064688093583117464] ; [1.3758624749576005]
836 ; 1 ; 39 ; 21 ; [0.056041243141497811] ; [1.0805678916453505]
836 ; 1 ; 40 ; 0 ; [0.10422178069407065, 0.060281623578351901] ; [0.28775045029003576, 0.13378647138678063]
836 ; 1 ; 40 ; 1 ; [-0.02784467062074689] ; [0.065913853424161215]
836 ; 1 ; 41 ; 0 ; [0.20332522627089827] ; [0.40840675978350277]
836 ; 1 ; 42 ; 1 ; [0.80521328397148928] ; [1.3703482774003237]
836 ; 1 ; 42 ; 2 ; [1.2832638302226749] ; [2.3172489733316861]
836 ; 1 ; 42 ; 3 ; [2.9365726127543268] ; [2.6887042112044486]
836 ; 1 ; 42 ; 5 ; [0.41199385563764945] ; [1.2892020332976164]
836 ; 1 ; 42 ; 6 ; [0.55127775803220058] ; [2.0129495587477941]
836 ; 1 ; 42 ; 7 ; [2.0698223935874096] ; [2.1347699607556612]
836 ; 1 ; 42 ; 8 ; [0.51790841356094264] ; [2.4272870879131263]
836 ; 1 ; 42 ; 10 ; [0.22851216504327246] ; [3.6454424335181899]
836 ; 1 ; 42 ; 12 ; [0.12684545760320565] ; [1.3692607138695883]
836 ; 1 ; 42 ; 14 ; [0.24302198090148952] ; [2.7799033455283508]
836 ; 1 ; 42 ; 15 ; [1.4233864012035307] ; [1.0583463415340422]
836 ; 1 ; 42 ; 16 ; [1.8283653330623677] ; [1.3289481687910027]
836 ; 1 ; 42 ; 17 ; [1.2533237212282897] ; [3.8635180381199978]
836 ; 1 ; 42 ; 19 ; [1.321912355605825] ; [4.2899081919565498]
836 ; 1 ; 42 ; 20 ; [1.3733619023082722] ; [1.7636141528807727]
836 ; 1 ; 43 ; 2 ; [0.024922737636731383, 0.031393904475527715] ; [1.0674825099597494, 0.03593623902180159]
836 ; 1 ; 44 ; 0 ; [0.49764538440910744] ; [1.0376110523124844]
836 ; 1 ; 44 ; 11 ; [0.049085422087187559] ; [1.1439713253136117]
836 ; 1 ; 44 ; 18 ; [1.7187776965748998] ; [0.31739128444530479]
836 ; 1 ; 45 ; 0 ; [0.19416322877931813] ; [0.47392320458350423]
836 ; 1 ; 45 ; 1 ; [0.14478574246489465] ; [2.0219426237363205]
836 ; 1 ; 45 ; 4 ; [-0.090114532494140212] ; [1.8508730586335707]
836 ; 1 ; 46 ; 0 ; [-0.0012084289009633591, -0.0053017152875360967, 0.038827899553561952, -0.008386215417006496] ; [0.33049576261506786, 0.17280549268830397, 0.25717827026224077, 0.1299329165230379]
836 ; 1 ; 46 ; 2 ; [0.096539442840867809] ; [0.0050862869340269389]
836 ; 1 ; 46 ; 3 ; [0.17702220812200387] ; [-0.0147898742179306]
836 ; 1 ; 47 ; 0 ; [0.040181307371606349, 0.040025931597830529, 0.010869957245712431] ; [0.18444716131034733, 0.25667858811401661, 0.0597667081674675]
836 ; 1 ; 48 ; 0 ; [0.29039376688610369] ; [0.043930464668944812]
836 ; 1 ; 48 ; 1 ; [1.6381740257700586] ; [1.0987971133197878]
836 ; 1 ; 48 ; 4 ; [0.74184806823767202] ; [0.30509939993099355]
836 ; 1 ; 48 ; 5 ; [0.30159650600469962] ; [0.25089233952286283]
836 ; 1 ; 49 ; 0 ; [0.24978289821303296] ; [0.32704578835842557]
836 ; 1 ; 50 ; 0 ; [0.83433359031274978] ; [0.36733843901129593]
836 ; 1 ; 50 ; 1 ; [0.36603146738133779] ; [0.26826223241040609]
836 ; 1 ; 50 ; 5 ; [0.27566557910272155] ; [2.8130133443882395]
836 ; 1 ; 50 ; 6 ; [0.1033233364161632] ; [0.66777977347986783]
836 ; 1 ; 50 ; 8 ; [0.15520725819159717] ; [1.2250533331791]
836 ; 1 ; 51 ; 0 ; [0.73682406232613262] ; [1.2322315665143182]
836 ; 1 ; 51 ; 5 ; [2.2441220770203327] ; [0.65343865999435946]
836 ; 1 ; 52 ; 0 ; [0.23872962601922704, 0.067825882705216667, 0.11198995356192355] ; [0.21116074647596786, 0.20290001546021688, 0.27983818989245884]
836 ; 1 ; 53 ; 3 ; [0.45399535099700689] ; [1.4609681592081942]
836 ; 1 ; 54 ; 0 ; [0.15884010786183939, 0.21052668833443833, 0.5869632687650751] ; [0.13697478414857173, 0.17208344514359616, 0.62995506479176155]
836 ; 1 ; 55 ; 0 ; [0.075033388400748538] ; [0.14625649463059165]
836 ; 1 ; 55 ; 3 ; [2.6601049692585335] ; [0.72691136731481421]
836 ; 1 ; 55 ; 5 ; [0.80286498292619835] ; [0.97780128029279156]
836 ; 1 ; 55 ; 8 ; [1.3545925516439041] ; [0.79967880208169495]
836 ; 1 ; 55 ; 10 ; [0.70074904316778208] ; [1.2668756712344498]
836 ; 1 ; 55 ; 11 ; [4.1900629227493011] ; [2.3734376324924082]
836 ; 1 ; 57 ; 0 ; [0.19381701207745392, 0.21012705464092565] ; [0.041687335165978043, 0.015706985472234942]
836 ; 1 ; 58 ; 0 ; [0.0035708675372789294, -0.026363132057493237] ; [0.22225874742116822, 0.054963451956593884]
836 ; 1 ; 58 ; 1 ; [0.94275413630393767] ; [0.01852104392344775]
836 ; 1 ; 59 ; 0 ; [0.02951370817875457, 0.043191858833762843] ; [0.22217005613149585, 0.020155683465767311]
836 ; 1 ; 60 ; 0 ; [0.028942503634273538, 0.36133380561111383] ; [0.237874537174072, 0.082387388259083913]
836 ; 1 ; 60 ; 1 ; [-0.0008174991232242141, 0.010111039783202725] ; [0.24946329917701071, 0.19046700526446353]
836 ; 1 ; 60 ; 3 ; [0.086921361032877981] ; [0.30314131851541626]
836 ; 1 ; 61 ; 0 ; [0.22199788427323805] ; [0.023143178933059231]
836 ; 1 ; 61 ; 1 ; [0.90169188948850321] ; [0.1327196023596138]
836 ; 1 ; 61 ; 2 ; [0.70549421927760625] ; [0.43361718842232139]
836 ; 1 ; 61 ; 3 ; [1.059767790386309] ; [0.41631581236066789]
836 ; 1 ; 62 ; 4 ; [1.4833087356731152] ; [1.7781736142584283]
836 ; 1 ; 63 ; 0 ; [0.74334896568148512] ; [0.5590121389499787]
836 ; 1 ; 63 ; 1 ; [0.051499594837425992] ; [0.096893390976158233]
836 ; 1 ; 63 ; 11 ; [0.049516287645051303] ; [0.070553117499023099]
836 ; 1 ; 64 ; 0 ; [0.10556593079956632] ; [0.44548186754753077]
836 ; 1 ; 64 ; 1 ; [0.063259373825241286] ; [0.017642034747024256]
836 ; 1 ; 64 ; 3 ; [0.27367514530660164] ; [-0.015354076337008438]
836 ; 1 ; 65 ; 0 ; [0.28485709970236733, 0.36192995484288776, 0.20991592541917389] ; [0.29169126638849857, 0.21320965171818476, 0.210778658226317]
836 ; 1 ; 66 ; 8 ; [1.0603044700267408] ; [1.3656042749303285]
836 ; 1 ; 66 ; 10 ; [0.26533571168236453] ; [2.119890457229074]
836 ; 1 ; 66 ; 12 ; [1.936393951698794] ; [1.4290600723903688]
836 ; 1 ; 66 ; 13 ; [0.13497975275373503] ; [1.4024298058503732]
836 ; 1 ; 67 ; 0 ; [2.0132949896101864, 0.29245653692056012] ; [0.48246558134041845, 0.12926103158301044]
836 ; 1 ; 68 ; 0 ; [0.10742679434365214, 0.19085396709361915, 0.48937492730841869, 1.2661176716006168] ; [0.37929788114732316, 0.18189035482267629, 0.15438812649533254, 0.12229312383173292]
836 ; 1 ; 69 ; 0 ; [0.088883317880598722] ; [0.044957823177219844]
836 ; 1 ; 70 ; 0 ; [0.4781109382119873] ; [0.062474750676111607]
836 ; 1 ; 70 ; 1 ; [1.6508341834983762] ; [1.8474531383603148]
836 ; 1 ; 70 ; 3 ; [2.5465356852858121] ; [1.4933811646042163]
836 ; 1 ; 70 ; 4 ; [1.5388130986310098] ; [3.013499945373225]
836 ; 1 ; 70 ; 9 ; [1.5439294088986351] ; [1.7743749191818956]
836 ; 1 ; 70 ; 10 ; [0.068629858331042251] ; [2.5250933151757007]
836 ; 1 ; 70 ; 11 ; [1.9431244939678429] ; [1.0646766926357971]
836 ; 1 ; 70 ; 12 ; [0.053907940618860915] ; [3.273623786080976]
836 ; 1 ; 70 ; 13 ; [1.5141218543559709] ; [1.1264188742706189]
836 ; 1 ; 70 ; 15 ; [0.06719952169696039] ; [7.2375783117891572]
836 ; 1 ; 70 ; 16 ; [0.31852657410811741] ; [2.7061567537032438]
836 ; 1 ; 70 ; 17 ; [2.1060696956819442] ; [1.4377566200008889]
836 ; 1 ; 70 ; 19 ; [1.4720776682590007] ; [1.7134680990948408]
836 ; 1 ; 70 ; 20 ; [2.0068506265276658] ; [1.2645592506624717]
836 ; 1 ; 70 ; 21 ; [0.13379743367982527] ; [1.4979480631292652]
836 ; 1 ; 70 ; 22 ; [0.048422156047776395] ; [1.7515689364718654]
836 ; 1 ; 71 ; 0 ; [0.76141005192999001] ; [0.45059429040894972]
836 ; 1 ; 71 ; 1 ; [0.032408499708449397] ; [0.020540353483938952]
836 ; 1 ; 71 ; 5 ; [0.15893107739063256] ; [0.40482018731983843]
836 ; 1 ; 72 ; 1 ; [3.2764744657083704] ; [2.1002703832016056]
836 ; 1 ; 72 ; 4 ; [0.1091716000786342] ; [1.8830427493561426]
836 ; 1 ; 72 ; 7 ; [0.016223932132329706] ; [1.4575375174061094]
836 ; 1 ; 73 ; 0 ; [0.30321551872609687] ; [0.22734409457351448]
836 ; 1 ; 73 ; 1 ; [0.26642546131668826] ; [0.083361679565899072]
836 ; 1 ; 73 ; 2 ; [0.45316263071929863] ; [0.061260222307980519]
836 ; 1 ; 73 ; 9 ; [0.53132864624377429] ; [0.94023629385875962]
836 ; 1 ; 73 ; 10 ; [2.0375677915100101] ; [1.361184781699839]
836 ; 1 ; 73 ; 11 ; [0.38284410707692423] ; [2.3631960878591074]
836 ; 1 ; 73 ; 16 ; [0.221770214444651] ; [2.3126388830978426]
836 ; 1 ; 73 ; 18 ; [0.35932517921087731] ; [0.96389977318774134]
836 ; 1 ; 73 ; 21 ; [1.8444506979230548] ; [1.4058215792904059]
836 ; 1 ; 74 ; 4 ; [0.42600264125503273] ; [0.35781360159321735]
836 ; 1 ; 75 ; 0 ; [0.6452113449708613] ; [0.19026470490468497]
836 ; 1 ; 75 ; 1 ; [0.31110410026646751] ; [0.12098738170418896]
836 ; 1 ; 76 ; 0 ; [0.077880671982293356] ; [0.018405299136572569]
836 ; 1 ; 76 ; 1 ; [0.13463538016733473] ; [0.41028782671547154]
836 ; 1 ; 76 ; 3 ; [0.17350491245863997] ; [-0.047167702577981377]
836 ; 1 ; 76 ; 4 ; [0.94340575842471586] ; [1.5649372317568224]
836 ; 1 ; 76 ; 5 ; [0.15758888437991994] ; [0.076762626483427646]
836 ; 1 ; 78 ; 0 ; [0.2973865867554934] ; [0.1888196713979392]
836 ; 1 ; 79 ; 0 ; [1.3311847624251336] ; [1.0459552433113435]
836 ; 1 ; 79 ; 1 ; [2.0493853364634411] ; [2.1989546599120398]
836 ; 1 ; 79 ; 2 ; [2.0680259697651389] ; [1.7021748400013237]
836 ; 1 ; 79 ; 3 ; [6.3670647156681905] ; [0.80465942648206401]
836 ; 1 ; 79 ; 4 ; [3.8497048938823526] ; [2.4989438684194663]
836 ; 1 ; 79 ; 5 ; [0.59265708322945199] ; [1.1182398810585625]
836 ; 1 ; 79 ; 6 ; [5.999131604559377] ; [2.9825996036646658]
836 ; 1 ; 79 ; 11 ; [2.5149070364823363] ; [1.1735346169515488]
836 ; 1 ; 79 ; 12 ; [0.031249468993706796] ; [0.59246660009732632]
836 ; 1 ; 79 ; 14 ; [0.056380145641683789] ; [1.9376425972642388]
836 ; 1 ; 79 ; 16 ; [0.85008466447264208] ; [1.2411881680864438]
836 ; 1 ; 79 ; 17 ; [0.77711500264124245] ; [2.2344739296875495]
836 ; 1 ; 80 ; 0 ; [0.053868149177857018, 0.016182943829162928, 0.030247853441636316, 0.0086529032969637123] ; [0.15867263462742742, 0.16266577811317684, 0.1844669048131031, 0.24158050209080489]
836 ; 1 ; 81 ; 0 ; [0.11978504579910297, 0.40057252867411952] ; [0.28551527653978154, 0.10522513449860252]
836 ; 1 ; 82 ; 0 ; [0.16557040414873939, 0.2607851381656171, 0.015047905058129578] ; [0.38091945141933231, 0.4020037907946899, 0.21314537056210325]
836 ; 1 ; 83 ; 3 ; [0.55747151977801668] ; [0.46205054385594024]
836 ; 1 ; 83 ; 4 ; [0.24697249744435146] ; [0.02030743362085376]
836 ; 1 ; 83 ; 9 ; [0.24213504640492606] ; [1.0639229393523948]
836 ; 1 ; 83 ; 10 ; [0.80172471598746675] ; [1.6619018044926883]
836 ; 1 ; 83 ; 11 ; [3.0377932252121038] ; [0.19029452976450609]
836 ; 1 ; 83 ; 12 ; [1.0509998265488218] ; [2.9854215565081028]
836 ; 1 ; 83 ; 13 ; [0.054197876742713959] ; [0.15319147825995658]
836 ; 1 ; 84 ; 0 ; [1.7400769685921618] ; [0.1765852438206014]
836 ; 1 ; 84 ; 1 ; [2.1443583968704298] ; [0.60748472640032036]
836 ; 1 ; 84 ; 2 ; [1.4760375569136328] ; [0.30797907136567848]
836 ; 1 ; 84 ; 7 ; [1.4565987758105932] ; [1.5444271769326063]
836 ; 1 ; 84 ; 8 ; [1.6640022059590911] ; [1.6856333631067399]
836 ; 1 ; 84 ; 10 ; [1.8388762689904616] ; [1.1385139851343482]
836 ; 1 ; 84 ; 11 ; [0.98053075069052964] ; [0.88464860609917451]
836 ; 1 ; 84 ; 13 ; [1.3317658793321676] ; [0.98715172865212852]
836 ; 1 ; 84 ; 14 ; [1.4547084529469068] ; [1.7374473584986265]
836 ; 1 ; 84 ; 18 ; [1.3217179824149212] ; [1.9807664717500288]
836 ; 1 ; 84 ; 19 ; [1.5863833442085291] ; [1.130147609220115]
836 ; 1 ; 84 ; 21 ; [3.3864621573167542] ; [1.1480121574420816]
836 ; 1 ; 84 ; 22 ; [3.9043096559385391] ; [0.87541279044375464]
836 ; 1 ; 84 ; 23 ; [1.8593073768395048] ; [1.5477643844459634]
836 ; 1 ; 84 ; 26 ; [2.9246711649247881] ; [1.3187851097343077]
836 ; 1 ; 84 ; 27 ; [2.4335032686430274] ; [1.4460701003810754]
836 ; 1 ; 85 ; 0 ; [0.10954807827329117, 0.17104088149421132] ; [0.2113441778036034, 0.1318074099219774]
836 ; 1 ; 86 ; 0 ; [0.40772931262922291, 0.09125468185292003] ; [0.27771723542407456, 0.18159972835939753]
836 ; 1 ; 86 ; 1 ; [0.30476247539613804] ; [0.34746504072476236]
836 ; 1 ; 87 ; 0 ; [0.18805181295131299, 0.0286863654410363] ; [0.45455316309517668, 4.2650484247373104]
836 ; 1 ; 87 ; 1 ; [0.10013520598641919] ; [0.56435730006417517]
836 ; 1 ; 89 ; 0 ; [0.19927971040359427, 0.33625617258686824, 0.088705576212207704] ; [0.22565440025098868, 0.32315728448665715, 0.19897429926242921]
836 ; 1 ; 89 ; 2 ; [0.33528250541920079] ; [0.54603900773107705]
836 ; 1 ; 90 ; 0 ; [0.27438449270355392, 0.0090987646520880577] ; [0.46833712063956062, 0.13499485494282726]
836 ; 1 ; 90 ; 1 ; [0.088669908705370448] ; [-0.016500720272395315]
836 ; 1 ; 91 ; 0 ; [0.066663259649714673, 1.0141382231422769] ; [0.15341605397417701, 0.17481526664439309]
836 ; 1 ; 92 ; 3 ; [0.29649306140254095, 0.086258603882690452, 0.65581514570357324] ; [0.56419332016504786, 1.0819591248523672, 0.31662577274552861]
836 ; 1 ; 92 ; 4 ; [0.45544201568441606] ; [0.44418448678653405]
836 ; 1 ; 93 ; 2 ; [0.54654044617415187, 0.012994693457135493] ; [0.32742917511210395, 0.13650751224092192]
836 ; 1 ; 94 ; 0 ; [0.066643543842564684, 0.047165764145321878, 0.0507563784688276, 0.0059835674913321759] ; [0.3048354631950369, 0.17689193596497241, 0.18721574497746202, 0.13917722873458432]
836 ; 1 ; 95 ; 1 ; [0.99569902629146645] ; [0.81820617598359946]
836 ; 1 ; 95 ; 3 ; [0.08573789190566343] ; [0.34374016772723565]
836 ; 1 ; 95 ; 5 ; [0.24666352028453711] ; [0.14462400207895418]
836 ; 1 ; 95 ; 6 ; [0.19461279918226815] ; [0.22728693884002149]
836 ; 1 ; 95 ; 10 ; [0.075416432176150058] ; [0.65743630712148038]
836 ; 1 ; 95 ; 13 ; [0.29187583047029558] ; [0.93902731721699539]
836 ; 1 ; 95 ; 14 ; [1.0401680860721576] ; [1.6152193420816572]
836 ; 1 ; 95 ; 15 ; [0.92908967496009864] ; [3.1549167585143305]
836 ; 1 ; 96 ; 0 ; [0.29398835766692138, 0.21848885462536186, 0.12916549938773106] ; [0.22083649276505532, 0.21311638274811448, 0.055754854157137115]
836 ; 1 ; 96 ; 1 ; [-0.011233224095464966] ; [0.17979796140617496]
836 ; 1 ; 98 ; 0 ; [0.10197594699426425, 0.09518461918190195, 0.091768116111293291, 3.3027234140965853] ; [0.26115334927668638, 0.14048097471827092, 0.13045057987833905, 0.15659740743407344]
836 ; 1 ; 99 ; 4 ; [5.7787292533963797] ; [1.0951136622218363]
836 ; 1 ; 100 ; 0 ; [0.62306250372336647] ; [0.08932451693481408]
836 ; 1 ; 100 ; 1 ; [0.56238283504221209] ; [0.43739316021081176]
836 ; 1 ; 100 ; 2 ; [0.64176508492389162] ; [0.14075154875501389]
836 ; 1 ; 101 ; 0 ; [0.55416198387401727, 0.20329340518545197] ; [0.50803006167944809, 0.28879461633544623]
836 ; 1 ; 101 ; 1 ; [1.0191078767420156] ; [0.22902713557370569]
836 ; 1 ; 101 ; 2 ; [0.13656857069900197] ; [0.015296257807137958]
836 ; 1 ; 101 ; 4 ; [0.48366723841566084] ; [0.1696810226812652]
836 ; 1 ; 102 ; 0 ; [0.1448878127845494, 0.14964700123890765] ; [0.16205337725328756, 0.18158831538877709]
836 ; 1 ; 102 ; 2 ; [0.21676559719200458] ; [-0.0091298914618070191]
836 ; 1 ; 104 ; 0 ; [0.15915625552438967, 0.12444713650396871, 0.0066495576678381029] ; [0.43721022829630496, 0.20617662981301754, 0.11114377555966627]
836 ; 1 ; 104 ; 1 ; [0.67624963170020524] ; [0.03945638440317363]
836 ; 1 ; 104 ; 2 ; [0.20526790199476283] ; [0.21159726157912126]
836 ; 1 ; 105 ; 0 ; [-0.012755775116294988, 0.0051978319626135453, -0.0023532846895142675] ; [0.18673509195854915, 0.1685988250773986, 0.16227213608670477]
836 ; 1 ; 106 ; 0 ; [0.18611406932450336, 0.12311915892377179, 0.11442185410668532, 0.077492709090952933] ; [0.17923761588624051, 0.16443721801931291, 0.18539615961980713, 0.84002299893432553]
836 ; 1 ; 106 ; 1 ; [-1.039308983460725, -0.7385898356858146] ; [0.27747263454075338, 0.30392120549018292]
836 ; 1 ; 106 ; 2 ; [0.17247116315512459] ; [0.24181199369152617]
836 ; 1 ; 106 ; 3 ; [-0.0064988316227385361] ; [0.060094596513508319]
836 ; 1 ; 107 ; 0 ; [0.39906280881472633, 1.3930261062773615] ; [0.49965697605616211, 0.18669462401557285]
836 ; 1 ; 108 ; 0 ; [0.2411970664933232, 0.18855962677520033] ; [0.041275012629994466, 0.59983213869786478]
836 ; 1 ; 109 ; 0 ; [0.24339210630541369, 0.35408299195363391, 0.85868731293987477, 1.8122479061467456] ; [0.1522730432606075, 0.11787551113917716, 0.08951651400479034, 0.52247559502133634]
836 ; 1 ; 110 ; 2 ; [0.064454521390441971] ; [0.047437571980051572]
836 ; 1 ; 111 ; 0 ; [0.26576331733109648] ; [-0.17909801340289552]
836 ; 1 ; 111 ; 1 ; [0.024367546613725824] ; [0.30727004889822196]
836 ; 1 ; 111 ; 2 ; [0.54190933272986508] ; [0.45339403520302968]
836 ; 1 ; 112 ; 3 ; [0.55730589778816386] ; [1.1713875225909793]
836 ; 1 ; 112 ; 4 ; [0.29385495919854815] ; [0.95175104060736182]
836 ; 1 ; 113 ; 0 ; [0.54621092415604056, -6.334135098756569] ; [0.27211192156513903, 0.33768427419138214]
836 ; 1 ; 113 ; 1 ; [0.16543729917392747] ; [-0.012224050468425422]
836 ; 1 ; 114 ; 0 ; [0.097827078678177817, 0.022313435490370678] ; [0.20222173166777507, 0.12727943843078379]
836 ; 1 ; 115 ; 0 ; [0.33639409671716897] ; [0.23323786150705669]
836 ; 1 ; 115 ; 1 ; [0.24080003922282175] ; [0.74674569331449159]
836 ; 1 ; 115 ; 11 ; [0.010342921263997981] ; [0.99919542727815192]
836 ; 1 ; 116 ; 2 ; [0.025564555957389476] ; [0.088509485182383288]
836 ; 1 ; 116 ; 4 ; [0.0080108492069807299] ; [-0.08039768177208427]
836 ; 1 ; 116 ; 5 ; [0.0026116820862483905] ; [-0.030957782083768769]
836 ; 1 ; 117 ; 0 ; [0.40135236850250161, 0.62014814771543503] ; [0.55222937614813827, 0.054100604794266052]
836 ; 1 ; 117 ; 1 ; [0.40413782963486017] ; [0.2945689696118623]
836 ; 1 ; 117 ; 4 ; [0.28606040082493861] ; [0.32482077714182533]
836 ; 1 ; 118 ; 0 ; [0.40579897007925403, 0.060598233868598562] ; [0.342240500786061, 0.088603317182317523]
836 ; 1 ; 119 ; 0 ; [0.28882809479168386, 0.033317358731027903, 0.089948096019687021] ; [0.13763398136739408, 0.23381152062383292, 0.29143111160153751]
836 ; 1 ; 119 ; 1 ; [0.019893192756926727] ; [0.047717617535536168]
836 ; 1 ; 120 ; 0 ; [0.045091959184450858, 0.044063956608424652, 0.047695530014454, 0.027842732170990987, 0.011359292498920197] ; [0.12096735472425336, 0.15148044145565864, 0.33663297082496196, 0.20583090884619037, 0.093553375712654527]
836 ; 1 ; 121 ; 0 ; [2.2630482284188909] ; [0.092612823915921821]
836 ; 1 ; 121 ; 4 ; [0.2712089206747873] ; [0.59114666230083435]
836 ; 1 ; 122 ; 0 ; [0.1713418257800077, 0.25536979639777629, 0.18189629003359917, 1.8118716313922012] ; [0.14391337805608156, 0.18373952098740329, 0.26108979183992653, 0.0060182357368952482]
836 ; 1 ; 123 ; 0 ; [0.83431601344230955, 0.0041189664503717676] ; [0.54879560839109587, 0.0037456942471352341]
836 ; 1 ; 123 ; 1 ; [0.098402406032578313] ; [0.87354357338397448]
836 ; 1 ; 123 ; 3 ; [0.0099981427492541255] ; [0.0069490788772265562]
836 ; 1 ; 123 ; 6 ; [0.058954004531606277] ; [0.070691498914683903]
836 ; 1 ; 124 ; 0 ; [2.665615816884892, 1.2168937842656951] ; [0.5097953628834071, 0.77330350417100502]
836 ; 1 ; 124 ; 1 ; [1.196179396006944] ; [2.0872749371658013]
836 ; 1 ; 124 ; 4 ; [0.47662531368472355] ; [0.193204029507137]
836 ; 1 ; 124 ; 5 ; [0.031405715811489057] ; [0.20537330394379935]
836 ; 1 ; 125 ; 0 ; [0.16399115656762384, 0.1171844596020182, 0.14410214876071259] ; [0.35922171399761876, 0.14767162190858707, 0.11982898690566107]
836 ; 1 ; 126 ; 0 ; [0.016932117824606137, -0.0093308963287241555, -0.0026308079212753726] ; [0.17187462243429857, 0.14220970101245931, 0.10273700576832352]
836 ; 1 ; 127 ; 0 ; [-0.0063918127997363476] ; [0.31681063234978202]
836 ; 1 ; 127 ; 6 ; [-0.041549846428556754] ; [-0.0070445310760654332]
836 ; 1 ; 128 ; 0 ; [0.78876515115274337] ; [1.64556273722824]
836 ; 1 ; 129 ; 0 ; [0.0049041204598105678, 0.086054571841092165] ; [-0.013558438058006654, 0.18313113341625137]
836 ; 1 ; 129 ; 1 ; [0.026793189155843621] ; [0.13495512240011984]
836 ; 1 ; 129 ; 2 ; [0.54013301062082797] ; [0.13957153009267706]
836 ; 1 ; 130 ; 0 ; [0.93472968458637107] ; [1.0056696260086582]
836 ; 1 ; 130 ; 1 ; [0.43800377548123337] ; [2.2822843308565828]
836 ; 1 ; 131 ; 0 ; [0.12624494921899526] ; [2.714197930902555]
836 ; 1 ; 131 ; 1 ; [2.1834272349295172] ; [0.0062611237171650222]
836 ; 1 ; 131 ; 3 ; [1.1193749412385301] ; [1.3292610332756856]
836 ; 1 ; 131 ; 4 ; [0.56571162283610577] ; [1.6572205974178362]
836 ; 1 ; 131 ; 5 ; [0.647584492126977] ; [0.017682245927727446]
836 ; 1 ; 131 ; 9 ; [0.022757044540262925] ; [1.0463169590967063]
836 ; 1 ; 131 ; 11 ; [1.3138500688748502] ; [0.94962643987813988]
836 ; 1 ; 131 ; 13 ; [3.8919581878821394] ; [1.5262314904772709]
836 ; 1 ; 131 ; 14 ; [3.2933774650500798] ; [1.4895471935393532]
836 ; 1 ; 131 ; 18 ; [0.55547079609863015] ; [1.2971040233037243]
836 ; 1 ; 132 ; 0 ; [0.23062978834708878, 0.23087000453530246, 0.17545667062993489, 0.11276573751991581] ; [0.17756081807938506, 0.22400689865902854, 0.20507339624807452, 0.0057244501754232478]
836 ; 1 ; 133 ; 0 ; [0.073665805160540526] ; [0.045498224568259533]
836 ; 1 ; 133 ; 1 ; [2.7505880853154481] ; [1.5145440351281072]
836 ; 1 ; 133 ; 4 ; [0.10883402863111628] ; [1.1199942542709473]
836 ; 1 ; 133 ; 5 ; [0.13441435253966288] ; [1.5430881311050093]
836 ; 1 ; 135 ; 0 ; [0.00043912779869724369, 0.013005826502469394, 1.9968072362940086] ; [0.23261180172530793, 0.19082382342503623, 0.24956066915711778]
836 ; 1 ; 136 ; 0 ; [14.264509948341844, 0.22631852933672886, 0.021722613390453581] ; [0.20352027135064502, 0.20276194724886532, 0.2163563248139036]
836 ; 1 ; 136 ; 1 ; [0.062076375687325241] ; [-0.0016508961594983492]
836 ; 1 ; 137 ; 0 ; [0.42687049273716221, 0.41797126230419218] ; [1.2986202290108111, 0.73476227201431132]
836 ; 1 ; 137 ; 1 ; [0.054069280236583091] ; [0.048265352510407519]
836 ; 1 ; 137 ; 7 ; [0.087472027643634043] ; [0.62362292120873275]
836 ; 1 ; 137 ; 8 ; [0.048929524384107935] ; [0.92194476496262745]
836 ; 1 ; 138 ; 0 ; [0.012731105452344732, 0.058651542180085697, 0.54949045792869666, 1.0158365585714919, 0.079315534390871911] ; [0.16577204673797996, 0.19012457809072358, 0.5949431876386565, 0.54829879401374582, 0.15884363965717324]
836 ; 1 ; 139 ; 0 ; [0.20756767652837818] ; [0.050910685600021328]
836 ; 1 ; 139 ; 1 ; [0.55460735913143955] ; [0.83625775660242185]
836 ; 1 ; 139 ; 3 ; [0.34212086576606954] ; [6.6768437229023139]
836 ; 1 ; 139 ; 4 ; [0.36204584645036592] ; [0.21408524391813358]
836 ; 1 ; 140 ; 0 ; [-0.0051283120982557615, 0.027648367576459349, 0.032245635954518043, -0.0030065855557144601] ; [0.19080160196414223, 0.15771368032956504, 0.20528765340926869, 0.082773667971990983]
836 ; 1 ; 141 ; 0 ; [0.076473795808305864] ; [0.74723471047813717]
836 ; 1 ; 141 ; 8 ; [0.11526418958483994] ; [0.79664126632892229]
836 ; 1 ; 141 ; 12 ; [0.66414760321332444] ; [0.6763595050668576]
836 ; 1 ; 142 ; 1 ; [7.2847699379788455] ; [0.5641712499907835]
836 ; 1 ; 142 ; 4 ; [0.62352363540334588] ; [0.60845529094683048]
836 ; 1 ; 142 ; 9 ; [2.8202130828844276] ; [3.024524232361661]
836 ; 1 ; 142 ; 11 ; [0.29688945609027051] ; [1.1875480274651866]
836 ; 1 ; 142 ; 12 ; [2.3619400372354997] ; [1.8619041764491131]
836 ; 1 ; 142 ; 13 ; [1.2528899613864264] ; [2.1806188145281369]
836 ; 1 ; 142 ; 15 ; [0.080781169512712692] ; [2.9965592606696081]
836 ; 1 ; 142 ; 16 ; [0.72998477193613842] ; [0.26226774402515696]
836 ; 1 ; 142 ; 17 ; [0.79798549613021341] ; [1.0463197107381248]
836 ; 1 ; 142 ; 20 ; [0.021660269655195644] ; [2.9445162970070551]
836 ; 1 ; 142 ; 22 ; [0.59279446166907723] ; [3.3237381049066985]
836 ; 1 ; 142 ; 24 ; [0.32363845778484224] ; [2.2030638593988288]
836 ; 1 ; 142 ; 25 ; [2.1933801723191384] ; [1.0047098471397262]
836 ; 1 ; 142 ; 33 ; [0.48039744496970554] ; [3.9693494096843716]
836 ; 1 ; 142 ; 34 ; [1.8335577374779222] ; [0.76415263001031808]
836 ; 1 ; 142 ; 36 ; [0.32596085662781732] ; [6.1383737617741918]
836 ; 1 ; 142 ; 37 ; [0.66866289918171185] ; [1.8102491362113293]
836 ; 1 ; 142 ; 39 ; [2.8010837403554771] ; [3.0834138370098989]
836 ; 1 ; 142 ; 40 ; [0.39323371502199767] ; [0.30866152609982378]
836 ; 1 ; 143 ; 0 ; [0.59640462737938749] ; [1.501336668320421]
836 ; 1 ; 144 ; 11 ; [9.4601588328208983] ; [1.7164116703521735]
836 ; 1 ; 145 ; 0 ; [0.23198266823486324, 0.76713994236228589] ; [0.4647499898358306, 0.086035111107751097]
836 ; 1 ; 145 ; 1 ; [0.18201257445612176, 0.23841493209544701] ; [0.022376299002104447, 0.025570930302557471]
836 ; 1 ; 145 ; 2 ; [0.5272176619303629] ; [0.20557429390020526]
836 ; 1 ; 146 ; 0 ; [0.11260954084375049, 0.10290214962638768, 0.14846711277308636] ; [0.22520689863195761, 0.25268265401078183, 0.35037741997273464]
836 ; 1 ; 147 ; 0 ; [0.18572962523754905, 0.4166723034973] ; [0.39023849400271926, 0.56388686773073893]
836 ; 1 ; 147 ; 5 ; [1.9792867177639624] ; [0.29296814427324513]
836 ; 1 ; 148 ; 0 ; [0.45409364215144815, 0.37038327841168045, 0.49222565913567645, 0.25618176966544343] ; [0.2972952570270494, 0.30403461648068186, 0.36749421799869941, 0.27410011682002561]
836 ; 1 ; 149 ; 0 ; [0.011316232021816865, -0.022560761568316552] ; [0.17212441382187074, 0.15586281874663369]
836 ; 1 ; 149 ; 1 ; [1.367673720045627] ; [0.012698978091359859]
836 ; 1 ; 150 ; 0 ; [0.19033097351968445, -0.015720718562850133] ; [0.37736695465747783, 0.061421238706291327]
836 ; 1 ; 150 ; 1 ; [0.1119159981304686] ; [0.045734131216822883]
836 ; 1 ; 150 ; 2 ; [0.044802957537813645] ; [-0.010287599031720948]
836 ; 1 ; 151 ; 0 ; [2.4336136542777718] ; [0.16396673842648826]
836 ; 1 ; 151 ; 2 ; [0.41189254511263657] ; [2.7638658312971867]
836 ; 1 ; 151 ; 3 ; [1.8933083757416096] ; [1.4601485863157335]
836 ; 1 ; 151 ; 4 ; [0.18763112073989205] ; [0.75168069777590452]
836 ; 1 ; 151 ; 5 ; [0.68159037306915227] ; [0.40508016966329558]
836 ; 1 ; 151 ; 6 ; [0.86541759617678216] ; [1.204759333319011]
836 ; 1 ; 152 ; 1 ; [1.8729197456155344] ; [0.0064543780967216847]
836 ; 1 ; 152 ; 3 ; [0.098125297608833595] ; [0.0019814023170657141]
836 ; 1 ; 152 ; 5 ; [0.011727695014519176] ; [0.39589927473513836]
836 ; 1 ; 153 ; 0 ; [0.50474263400192287] ; [0.097923706997807919]
836 ; 1 ; 153 ; 1 ; [0.32404280512490663] ; [0.43154632594898329]
836 ; 1 ; 153 ; 5 ; [0.014919213850919124] ; [2.0362056488044318]
836 ; 1 ; 153 ; 6 ; [1.8523390879462693] ; [3.9522630990976624]
836 ; 1 ; 153 ; 8 ; [0.81457630437876538] ; [0.56418062508729783]
836 ; 1 ; 153 ; 13 ; [0.03687139631327959] ; [1.1265806489190036]
836 ; 1 ; 154 ; 0 ; [-0.0086947048945122639, 0.022004624234795045, 0.080096039940938085] ; [0.41254298321162086, 0.20046942494185591, 0.22940416261428379]
836 ; 1 ; 154 ; 1 ; [0.57430500044378263] ; [0.010528197125532837]
836 ; 1 ; 155 ; 0 ; [0.18462531645606031] ; [0.17366535494086971]
836 ; 1 ; 155 ; 1 ; [0.59375920632382584] ; [1.2474882631189395]
836 ; 1 ; 155 ; 2 ; [2.4051554581690908] ; [0.80616239368045428]
836 ; 1 ; 156 ; 0 ; [0.20659408337011506, 0.2297591951058745, 0.18890723824206673] ; [0.19218032433400914, 0.19349143348588591, 0.24437985919690874]
836 ; 1 ; 157 ; 2 ; [0.088680871497779215] ; [0.099545500677860818]
836 ; 1 ; 157 ; 4 ; [0.13538003607472107] ; [1.1632747047141845]
836 ; 1 ; 157 ; 5 ; [0.18970933923070996] ; [2.9341443147023836]
836 ; 1 ; 158 ; 0 ; [0.1179599315898912, 0.023826362650098361] ; [0.301154504394338, 0.10479604031139132]
836 ; 1 ; 158 ; 1 ; [0.0054188821097036445] ; [0.017185333380342057]
836 ; 1 ; 159 ; 0 ; [0.047205694677651538, 0.084647020940886816, 0.063723149462164216, 0.025144906816637291] ; [0.14135604635841048, 0.17775468679612244, 0.19990849798768098, 0.13960552932130144]
836 ; 1 ; 160 ; 0 ; [0.36828728524698789, 0.42482096816748027, 0.26148134846879983, 0.33914354105165712] ; [0.37273572060093713, 0.85398521114517567, 0.45726085029129093, 0.25142491338800538]
836 ; 1 ; 160 ; 1 ; [0.76236827136169416] ; [0.018825734156853135]
836 ; 1 ; 161 ; 0 ; [0.15519411760238386, 0.15162777768919439, 0.12088381034464661] ; [0.15615382751916854, 0.2053396367138039, 0.16175174207712262]
836 ; 1 ; 162 ; 0 ; [0.10299515661033627, 0.14610143227730807, 0.0057533318676271528, 0.031748119598487758, 0.017047530371805047] ; [0.22343556705191775, 0.14920495249191254, 0.31350920055424714, 0.20550595080021591, 0.087431541014901762]
836 ; 1 ; 162 ; 1 ; [0.1089974188798522] ; [0.36288012832282773]
836 ; 1 ; 163 ; 0 ; [0.26081734740441714] ; [0.02328272181437873]
836 ; 1 ; 164 ; 0 ; [1.8194170321005572] ; [0.99880695834213384]
836 ; 1 ; 164 ; 6 ; [0.23869545216273708] ; [0.47599988946426147]
836 ; 1 ; 165 ; 0 ; [0.15085608432229047, 0.11975301759606695] ; [-0.003963419634301117, 0.026142151461534469]
836 ; 1 ; 165 ; 1 ; [0.72135223504582435] ; [0.48529922570241679]
836 ; 1 ; 166 ; 0 ; [1.5421484178726153] ; [0.0097345458662296772]
836 ; 1 ; 166 ; 2 ; [0.70923806278098878] ; [0.177014403525903]
836 ; 1 ; 166 ; 9 ; [2.2364593101632075] ; [0.97272671878891559]
836 ; 1 ; 167 ; 0 ; [0.33331733431128852, 0.67872518770832202] ; [0.63024310262408734, 0.74301248398475472]
836 ; 1 ; 167 ; 1 ; [0.044437255082078277] ; [0.10835237475019345]
836 ; 1 ; 168 ; 0 ; [0.28234595732958812] ; [0.38172545228716781]
836 ; 1 ; 168 ; 1 ; [2.8013717447184692] ; [0.96576585506350743]
836 ; 1 ; 168 ; 3 ; [0.40568358544496103] ; [0.66351160240823237]
836 ; 1 ; 168 ; 4 ; [0.35320320615469641] ; [0.33871395637254681]
836 ; 1 ; 168 ; 6 ; [3.008350390435603] ; [1.2491239393475855]
836 ; 1 ; 169 ; 0 ; [1.2471946960098625, 0.086990371911360539] ; [0.62068985050836578, 0.25889557151794274]
836 ; 1 ; 169 ; 4 ; [0.20363364851058563, 0.063875955704533083] ; [0.28245371564823907, 0.28097661369366045]
836 ; 1 ; 170 ; 0 ; [0.17104572529225548] ; [0.72748272389219937]
836 ; 1 ; 171 ; 0 ; [0.41084947171255282] ; [0.25263620233230155]
836 ; 1 ; 171 ; 5 ; [0.11528032646476037] ; [0.047936571282019821]
836 ; 1 ; 171 ; 8 ; [0.20877844277507029] ; [0.027902286490482962]
836 ; 1 ; 172 ; 0 ; [0.39475594524283142] ; [0.41081672573734862]
836 ; 1 ; 172 ; 1 ; [0.57262620614431758] ; [1.1127391142713057]
836 ; 1 ; 173 ; 0 ; [0.12925183288670333, 0.22256290634933579, 0.19646455917007385] ; [0.20455301032911835, 0.44376473099636682, 0.16568253147269157]
836 ; 1 ; 174 ; 0 ; [0.19179016021184744, 0.21012126216953397] ; [0.21278137103623274, 0.10336884905800285]
836 ; 1 ; 175 ; 1 ; [2.7924611436838171] ; [2.1400831934122024]
836 ; 1 ; 175 ; 4 ; [1.0528880257414428] ; [0.71460402401357537]
836 ; 1 ; 175 ; 7 ; [0.0075705594285871442] ; [0.12189958706235736]
836 ; 1 ; 175 ; 9 ; [1.916024497378525] ; [0.31346157239176931]
836 ; 1 ; 175 ; 11 ; [0.58840760380172363] ; [0.60226829042927454]
836 ; 1 ; 176 ; 0 ; [0.60663681943879788] ; [1.1377822194345906]
836 ; 1 ; 176 ; 1 ; [1.6235665731016775] ; [1.0331403271527275]
836 ; 1 ; 176 ; 2 ; [1.2399203047120593] ; [1.4163474542792676]
836 ; 1 ; 176 ; 3 ; [0.73004823218189552] ; [1.5803503387058999]
836 ; 1 ; 176 ; 5 ; [0.19898126444667719] ; [0.65401887573442241]
836 ; 1 ; 176 ; 6 ; [0.015885765453751838] ; [2.8576363727580492]
836 ; 1 ; 176 ; 8 ; [1.3954647600531032] ; [1.33450239330888]
836 ; 1 ; 176 ; 10 ; [0.42782016539683365] ; [0.71626935264833802]
836 ; 1 ; 176 ; 13 ; [0.0086564317978170199] ; [1.3443259616483014]
836 ; 1 ; 176 ; 14 ; [0.72335417340383312] ; [2.0343900279158991]
836 ; 1 ; 177 ; 0 ; [0.28290442686291623] ; [0.04833462022009008]
836 ; 1 ; 177 ; 1 ; [4.7961225820442346] ; [0.21695521318631994]
836 ; 1 ; 177 ; 2 ; [-0.0066197135387538984] ; [-0.0091872471064829882]
836 ; 1 ; 177 ; 3 ; [0.0030582969316235724] ; [0.53167045302274762]
836 ; 1 ; 177 ; 5 ; [0.0055045145599132202] ; [-0.13164753285048134]
836 ; 1 ; 177 ; 6 ; [0.64715793079712092] ; [-0.086199606101930767]
836 ; 1 ; 178 ; 0 ; [0.29956087517007624] ; [0.30057298428268575]
836 ; 1 ; 178 ; 1 ; [0.026123805346853896] ; [0.10041285255309992]
836 ; 1 ; 179 ; 0 ; [0.018599996892144751] ; [0.29287393137187606]
836 ; 1 ; 179 ; 2 ; [0.072279277975309073] ; [0.019523069151616161]
836 ; 1 ; 180 ; 0 ; [3.2907435343728992] ; [0.30180675251128936]
836 ; 1 ; 180 ; 5 ; [0.003539353560559122] ; [1.490637703330647]
836 ; 1 ; 182 ; 0 ; [0.50734690485582312] ; [-0.0054260900212589527]
836 ; 1 ; 182 ; 2 ; [0.10289027211142564] ; [1.4712264215341937]
836 ; 1 ; 183 ; 0 ; [0.27660015852008413, 0.25810977422683118] ; [0.14188183241728622, 0.039683991806504185]
836 ; 1 ; 183 ; 2 ; [0.73416310227021164] ; [1.4556259198247752]
836 ; 1 ; 183 ; 5 ; [0.24505327896790241] ; [0.0093439406424960444]
836 ; 1 ; 183 ; 7 ; [0.30157796887674415] ; [0.8041118634352129]
836 ; 1 ; 184 ; 0 ; [0.25386017595788496] ; [0.18332849280522578]
836 ; 1 ; 184 ; 1 ; [0.16335988678097221] ; [0.26410620137427071]
836 ; 1 ; 184 ; 3 ; [1.1498437634289418] ; [0.33531390000792244]
836 ; 1 ; 184 ; 7 ; [1.0308727385234095] ; [0.072365268194520382]
836 ; 1 ; 186 ; 0 ; [0.19117317450100993, 0.19374276002248308, 0.13849559792609634, 0.082810211529422584, 0.066426303959360361] ; [0.29086981893435171, 0.30402857089689628, 0.14151784704961243, 0.186193909337313, -0.0081495639566712842]
836 ; 1 ; 188 ; 0 ; [0.20642836636026038] ; [0.17613441720376821]
836 ; 1 ; 188 ; 2 ; [0.76496616135597206] ; [0.60573563426071209]
836 ; 1 ; 188 ; 4 ; [0.58861522384882281] ; [3.0344401019850316]
836 ; 1 ; 188 ; 12 ; [1.9462098278289635] ; [1.8152207048578521]
836 ; 1 ; 188 ; 14 ; [0.085382048644277508] ; [1.2596649354844911]
836 ; 1 ; 188 ; 17 ; [0.29676894656275049] ; [1.9343849234849344]
836 ; 1 ; 188 ; 18 ; [2.2889665242317156] ; [1.1154763828251071]
836 ; 1 ; 188 ; 26 ; [0.08719343247179584] ; [0.37097945440854274]
836 ; 1 ; 188 ; 29 ; [2.059403036618396] ; [1.4090086005058997]
836 ; 1 ; 188 ; 30 ; [2.8758723412896154] ; [1.3479511796831434]
836 ; 1 ; 189 ; 0 ; [0.56970137722717806] ; [0.78473899120948254]
836 ; 1 ; 189 ; 1 ; [1.1796634902740191] ; [1.0211376956372031]
836 ; 1 ; 189 ; 3 ; [0.058835490952761069] ; [0.9003536215173894]
836 ; 1 ; 189 ; 4 ; [1.6523926656411867] ; [1.5104890775215305]
836 ; 1 ; 189 ; 5 ; [1.7999257740967027] ; [0.77282111617941007]
836 ; 1 ; 189 ; 6 ; [0.057846197113688956] ; [0.47235989167265019]
836 ; 1 ; 189 ; 8 ; [2.2824428234909191] ; [0.99742614617954817]
836 ; 1 ; 189 ; 9 ; [1.3769627409409149] ; [1.3146186185650448]
836 ; 1 ; 189 ; 10 ; [0.025129514579538718] ; [0.92199369246606955]
836 ; 1 ; 189 ; 11 ; [0.053664342897086346] ; [3.3060412176335801]
836 ; 1 ; 189 ; 12 ; [6.7333682316134471] ; [0.55055439412826057]
836 ; 1 ; 189 ; 13 ; [2.9118578963477986] ; [0.74112512296042909]
836 ; 1 ; 189 ; 14 ; [2.0913407972855462] ; [5.463557700770755]
836 ; 1 ; 190 ; 1 ; [0.66805954893178643] ; [0.19808888052209997]
836 ; 1 ; 190 ; 3 ; [0.18371973791200338] ; [0.19425030620376443]
836 ; 1 ; 190 ; 4 ; [0.2277606127492065, 0.38680935314362747] ; [0.22615479416328085, 0.27446488186076323]
836 ; 1 ; 191 ; 0 ; [-0.003332571543152957] ; [0.030795558252650221]
836 ; 1 ; 192 ; 2 ; [0.58273289486268365] ; [0.32986700653017281]
836 ; 1 ; 193 ; 0 ; [-0.0072553074764539899, 0.016119411245288862, -0.0055768985057073166] ; [0.17437678187254996, 0.16161881395286196, 0.14317617539912025]
836 ; 1 ; 194 ; 0 ; [0.34062242087132771, 0.36722997546711489, 0.7080921002118794] ; [0.21469704441653464, 0.36292197997067616, 0.23547455947043414]
836 ; 1 ; 194 ; 1 ; [0.060884241029482762, 0.0092518147155212557] ; [0.1343530436413394, 0.11488668860241688]
836 ; 1 ; 194 ; 4 ; [0.12346316024474066] ; [0.28432682277074744]
836 ; 1 ; 195 ; 0 ; [0.093369632611079861, 0.015013173581359869, 4.8522194635740332] ; [0.22058720583782043, 0.1662737984047658, 0.15246827175323457]
836 ; 1 ; 195 ; 1 ; [0.17223042383806125] ; [0.0010410880093018511]
836 ; 1 ; 195 ; 2 ; [0.15157640118133103] ; [0.040500541080293148]
836 ; 1 ; 196 ; 0 ; [0.083127806263786547, 0.35239970258381559] ; [0.43333699605372611, 0.21434566464181629]
836 ; 1 ; 196 ; 1 ; [0.11524992207242253, 0.81932465895369289] ; [0.14445559027535051, 0.47019864729695304]
836 ; 1 ; 197 ; 0 ; [0.56687582527120317] ; [0.24207160379010814]
836 ; 1 ; 197 ; 1 ; [0.16975317408181415] ; [0.62766691719363954]
836 ; 1 ; 197 ; 4 ; [0.56098398348016476] ; [0.088686389819259276]
836 ; 1 ; 197 ; 7 ; [2.9223538103189237] ; [0.18571792717866831]
836 ; 1 ; 197 ; 9 ; [0.43546814712771059] ; [2.4126803260044092]
836 ; 1 ; 197 ; 16 ; [0.69597644596241248] ; [0.24025253529579843]
836 ; 1 ; 198 ; 0 ; [0.19780764307111515] ; [0.1903618073321301]
836 ; 1 ; 198 ; 1 ; [2.3831174639226718] ; [1.1292357827600363]
836 ; 1 ; 198 ; 2 ; [0.11781025180982177] ; [0.42089615836124394]
836 ; 1 ; 198 ; 3 ; [1.5427150794167486] ; [0.56142303237881508]
836 ; 1 ; 198 ; 11 ; [1.1486526018441472] ; [1.2026710721963947]
836 ; 1 ; 198 ; 16 ; [0.41014647915056396] ; [1.3681564674631224]
836 ; 1 ; 198 ; 18 ; [0.057524299534284805] ; [1.4120286577446146]
836 ; 1 ; 198 ; 21 ; [2.7611902676897051] ; [1.1350510672368046]
836 ; 1 ; 198 ; 22 ; [3.9327219511042544] ; [1.274002597327976]
836 ; 1 ; 198 ; 23 ; [0.24654486423181646] ; [0.90123362459055445]
836 ; 1 ; 198 ; 28 ; [1.014054554118428] ; [1.3564642615100262]
836 ; 1 ; 198 ; 29 ; [0.47446964602191166] ; [0.93132981494394462]
836 ; 1 ; 198 ; 31 ; [1.4383096101111672] ; [1.3245025230960459]
836 ; 1 ; 198 ; 42 ; [2.2630403296240456] ; [2.6698442442376678]
836 ; 1 ; 198 ; 44 ; [0.5182590582250135] ; [1.2023921950678318]
836 ; 1 ; 198 ; 53 ; [0.094355688504695334] ; [0.94540310701937724]
836 ; 1 ; 199 ; 0 ; [2.3644559483721421] ; [1.4726063353626877]
836 ; 1 ; 199 ; 1 ; [0.31308798195169091] ; [0.23421940706585626]
836 ; 1 ; 199 ; 2 ; [1.2206433642279382] ; [0.17384028054081921]
836 ; 1 ; 199 ; 4 ; [0.33447921632604899] ; [1.7395881120495378]
836 ; 1 ; 199 ; 5 ; [1.5313517810252806] ; [0.50352680217526113]
836 ; 1 ; 199 ; 6 ; [0.45898347491775238] ; [1.9344154614459392]
836 ; 1 ; 199 ; 7 ; [0.22554702789197587] ; [0.74872030361042907]
836 ; 1 ; 199 ; 13 ; [0.28314672174780753] ; [1.7835452942884011]
836 ; 1 ; 199 ; 15 ; [0.19075361139775193] ; [0.47441859617745896]
836 ; 1 ; 200 ; 0 ; [-0.066358498590214671, 0.016160554083540661, -0.010918803047363191, 0.067171139324257903] ; [0.25506139959047719, 0.11437824686291292, 0.73730185025349859, 0.90434701868065481]
836 ; 1 ; 200 ; 1 ; [0.0031696354271603558] ; [0.015854472007875466]
836 ; 1 ; 200 ; 4 ; [0.041436485016372662] ; [0.04939430447066015]
836 ; 1 ; 201 ; 0 ; [0.56168405410486333, 0.20137453033103322] ; [0.32562927454708074, 0.22746493258955619]
836 ; 1 ; 202 ; 0 ; [0.10171330788968294] ; [0.04059245583980179]
836 ; 1 ; 202 ; 1 ; [0.37166859003971398] ; [0.68538999163412839]
836 ; 1 ; 202 ; 3 ; [0.52029986869830269] ; [0.19753633021796155]
836 ; 1 ; 202 ; 4 ; [0.1266037556801714] ; [4.6696293572462686]
836 ; 1 ; 203 ; 2 ; [1.1934511866580322] ; [-0.013345349266762188]
836 ; 1 ; 203 ; 5 ; [2.8978086187484435] ; [0.98561308756142274]
836 ; 1 ; 203 ; 7 ; [5.029578251880495] ; [2.4484780826112744]
836 ; 1 ; 203 ; 9 ; [0.53508961323433302] ; [2.2480963106644296]
836 ; 1 ; 204 ; 0 ; [5.4802059266069616] ; [0.1343392180209049]
836 ; 1 ; 204 ; 1 ; [2.1065428282444412] ; [1.5799783986206868]
836 ; 1 ; 204 ; 2 ; [1.4510504798623647] ; [1.8563910051045422]
836 ; 1 ; 204 ; 3 ; [0.57040861682775368] ; [2.2480616935148956]
836 ; 1 ; 204 ; 4 ; [6.6950926126872634] ; [2.0274179501030098]
836 ; 1 ; 204 ; 5 ; [1.0171210581862422] ; [1.8788264607076706]
836 ; 1 ; 204 ; 7 ; [3.6401425993895824] ; [0.71059678421823314]
836 ; 1 ; 205 ; 2 ; [0.050279298344950804] ; [0.012977184986975471]
836 ; 1 ; 205 ; 4 ; [0.81476368509897645] ; [0.87668127214375202]
836 ; 1 ; 206 ; 0 ; [1.8078792104709114] ; [2.7851675846661585]
836 ; 1 ; 206 ; 6 ; [0.7737852637361391] ; [1.2744918830475842]
836 ; 1 ; 206 ; 8 ; [9.1824075387849344] ; [-0.15200350651054251]
836 ; 1 ; 206 ; 10 ; [1.6813800527712004] ; [1.278565994984969]
836 ; 1 ; 207 ; 0 ; [0.42676172458257794, 0.069760594177829011] ; [0.26302993860521168, 0.083960329921115504]
836 ; 1 ; 207 ; 3 ; [0.68229396518976171] ; [0.091778179867569518]
836 ; 1 ; 207 ; 5 ; [0.06803794599303134] ; [-0.018093435645072219]
836 ; 1 ; 207 ; 6 ; [0.033200065016640481] ; [0.016463388452271993]
836 ; 1 ; 207 ; 7 ; [0.21080681260799414] ; [0.015221226057599267]
836 ; 1 ; 208 ; 0 ; [0.86230469580255664] ; [0.2140844093558614]
836 ; 1 ; 208 ; 1 ; [0.21994270392958484] ; [0.090185257415273085]
836 ; 1 ; 209 ; 6 ; [0.91543360697552456] ; [2.5330318694524103]
836 ; 1 ; 209 ; 10 ; [4.1943194960433186] ; [1.2217576594347661]
836 ; 1 ; 210 ; 0 ; [0.10977302283754919, 0.083297800159756394] ; [0.2153641373041173, 0.11425019727075421]
836 ; 1 ; 210 ; 1 ; [0.44184543849953006] ; [0.054560019665003207]
836 ; 1 ; 211 ; 0 ; [0.35341846317259801] ; [0.20347779738451224]
836 ; 1 ; 211 ; 1 ; [1.1168493292996728] ; [0.19035200632244548]
836 ; 1 ; 211 ; 2 ; [0.11489782558345181] ; [0.55240926367467325]
836 ; 1 ; 211 ; 3 ; [0.33231061304861448] ; [0.57958901048650002]
836 ; 1 ; 211 ; 5 ; [0.11041530927056822] ; [0.36101553240774326]
836 ; 1 ; 211 ; 6 ; [0.043213809903482128, 1.34523018693503] ; [0.44300702080221621, 3.3851408693873943]
836 ; 1 ; 211 ; 9 ; [0.044765706006196761] ; [0.43927828768405808]
836 ; 1 ; 211 ; 10 ; [0.10629072776768599] ; [1.8235710031691674]
836 ; 1 ; 211 ; 12 ; [2.9132358417205504] ; [9.7073368153011437]
836 ; 1 ; 212 ; 0 ; [0.73578277436206008] ; [1.1692980819782941]
836 ; 1 ; 212 ; 1 ; [0.03654399091840526] ; [1.0594704515064675]
836 ; 1 ; 212 ; 5 ; [0.0033330587045361003] ; [0.817913087643099]
836 ; 1 ; 212 ; 7 ; [0.0045009673957926745] ; [-0.040213479543337149]
836 ; 1 ; 214 ; 0 ; [0.055239473231232607, -0.0041712714002506692, 0.16871207684014156] ; [0.2866045173253185, 0.33791699544061105, 0.28953595499873735]
836 ; 1 ; 214 ; 1 ; [0.0033124389288473424] ; [0.13264000717017235]
836 ; 1 ; 215 ; 0 ; [0.011706267704653371, -0.0014872551375494176, 0.0043166388281322106] ; [0.20762202779945563, 0.19936408482345205, 0.1546693266884995]
836 ; 1 ; 216 ; 0 ; [0.3423883536612819, 0.30830713591674425, 0.34408551526208958, 0.23017772577548418, 0.63341687394452517] ; [0.049713282869035293, 0.21587147781153143, 0.18186207809642713, 0.18387029826698734, 0.28224737757644786]
836 ; 1 ; 216 ; 2 ; [0.020286103713007427] ; [2.0604173398482621]
836 ; 1 ; 217 ; 0 ; [0.77307540744003245, 0.20328029714512119] ; [0.26624120153053404, 0.18760035864522176]
836 ; 1 ; 217 ; 1 ; [0.33835549950920485] ; [0.40231008737035545]
836 ; 1 ; 217 ; 2 ; [0.20761977172806148] ; [0.17297478580095427]
836 ; 1 ; 217 ; 13 ; [2.3121057746459042] ; [0.11652678970720821]
836 ; 1 ; 218 ; 0 ; [0.24613460767919026, 0.47174307149066402, 0.89927853664773383] ; [0.1660467683661927, 0.53378323067265843, 1.7027961457363234]
836 ; 1 ; 218 ; 1 ; [1.4398733124065564] ; [0.78154226623340417]
836 ; 1 ; 218 ; 2 ; [0.77189900765275166] ; [0.089382819163907487]
836 ; 1 ; 219 ; 0 ; [0.96915939478786028, 1.0254121517688113, 0.74594801008367917] ; [0.44955930229429308, 0.53712599900272262, 0.88346360297417936]
836 ; 1 ; 219 ; 1 ; [1.0517836871090696, 0.1488025571754939] ; [0.66636883690579651, 0.15322643173665201]
836 ; 1 ; 219 ; 2 ; [0.82559876202895099] ; [0.22516556526608686]
836 ; 1 ; 220 ; 0 ; [0.45754774003883214] ; [1.0683109242727784]
836 ; 1 ; 220 ; 4 ; [0.50178164348185827] ; [0.60203763261380072]
836 ; 1 ; 220 ; 6 ; [0.51896644570590189] ; [2.739584838449395]
836 ; 1 ; 221 ; 0 ; [0.96961850076146705, 0.28009828916645407, 0.27429747064465987, 0.22400321265721576, 0.18236007764332349] ; [0.31249559966929691, 0.25379450585002039, 0.13655365193279259, 0.14492557519280133, 0.054833600232440036]
836 ; 1 ; 221 ; 1 ; [0.056480009283455139] ; [0.02911433909355348]
836 ; 1 ; 222 ; 0 ; [0.12364354898029471, 0.10764332269954707, 0.049512593039844038] ; [0.21406739721516341, 0.29176227723555587, 0.28813960190993576]
836 ; 1 ; 222 ; 1 ; [1.7407743070710784] ; [0.021675596254151101]
836 ; 1 ; 222 ; 2 ; [1.4617962345324325] ; [-0.0038267565759589873]
836 ; 1 ; 222 ; 3 ; [0.025156168321270437] ; [0.0061787867437142294]
836 ; 1 ; 222 ; 5 ; [0.70956479588181998] ; [0.12724573619087209]
836 ; 1 ; 223 ; 4 ; [0.076601983808601962] ; [0.62359737757777256]
836 ; 1 ; 223 ; 9 ; [0.20510496142295481] ; [0.82320878676552145]
836 ; 1 ; 224 ; 0 ; [0.0055184570378626653, -0.0096416696681102011] ; [0.1936478988832987, 0.096115880114074251]
836 ; 1 ; 225 ; 0 ; [0.51438414946078626] ; [0.59076513169058853]
836 ; 1 ; 227 ; 0 ; [0.28767238483197366, 0.13202183248379437, 0.03696512278427002] ; [0.32708975990547356, 0.050184614787513855, -0.0014773826313722543]
836 ; 1 ; 227 ; 1 ; [0.11043760110320708] ; [0.053228738539701594]
836 ; 1 ; 227 ; 2 ; [0.27067009003743309] ; [0.32416719157838358]
836 ; 1 ; 227 ; 3 ; [0.2792514959356231] ; [0.28260986369553892]
836 ; 1 ; 228 ; 0 ; [2.337160716342972] ; [0.55087976773752101]
836 ; 1 ; 228 ; 3 ; [1.7493328603145186] ; [0.55702675328241902]
836 ; 1 ; 229 ; 0 ; [0.34700028187144288] ; [0.37042640157524764]
836 ; 1 ; 229 ; 1 ; [0.22605504022113027] ; [2.7489167672128199]
836 ; 1 ; 229 ; 2 ; [3.2996435198097021] ; [1.5857721800548565]
836 ; 1 ; 230 ; 0 ; [0.10774091345792275, 0.034996882574605405] ; [0.1684618729204623, 0.1642298157056114]
836 ; 1 ; 232 ; 1 ; [0.28551426919296374] ; [0.17081373038756065]
836 ; 1 ; 232 ; 3 ; [2.4956558665955573] ; [0.083996916281074571]
836 ; 1 ; 232 ; 4 ; [0.063268438698059148] ; [0.12038634959825267]
836 ; 1 ; 232 ; 6 ; [1.3163395658499586] ; [0.18579538701962939]
836 ; 1 ; 232 ; 7 ; [0.83891156060189653] ; [0.43115328338797487]
836 ; 1 ; 233 ; 0 ; [0.36857222862685479, 0.55188252951348837, 0.58664312345255354] ; [0.23794422800706166, 0.2846029505831299, 0.34191700240783612]
836 ; 1 ; 233 ; 1 ; [0.17917766698308596, 0.55020036774557135] ; [0.13073576835647371, 0.24122721597942751]
836 ; 1 ; 233 ; 4 ; [0.42223511149283399] ; [1.0282731802378846]
836 ; 1 ; 234 ; 0 ; [1.0182843629138127, 0.66023880908376831, 0.16333176352717582] ; [0.30876021220455135, 0.27183673279907716, 0.06341008814997523]
836 ; 1 ; 234 ; 1 ; [0.11229904867620763] ; [0.18345807673375888]
836 ; 1 ; 235 ; 0 ; [1.186680976268998] ; [0.65061967269396459]
836 ; 1 ; 235 ; 2 ; [0.47861980947535893] ; [0.28538964157997959]
836 ; 1 ; 235 ; 6 ; [0.55405753821173453] ; [0.26260125908106829]
836 ; 1 ; 235 ; 7 ; [2.1038974866014746] ; [0.74744955373940636]
836 ; 1 ; 235 ; 8 ; [1.6191137486797578] ; [1.1662421042057876]
836 ; 1 ; 235 ; 9 ; [0.61025889052432114] ; [2.2357221530750007]
836 ; 1 ; 235 ; 15 ; [0.15455645680435148] ; [3.7940969623723939]
836 ; 1 ; 236 ; 0 ; [0.29162919452579045, 0.48512575139425107] ; [0.088927049956676885, 0.12977707588431794]
836 ; 1 ; 236 ; 3 ; [1.5531676875000913] ; [0.37068639012487842]
836 ; 1 ; 236 ; 5 ; [0.3472593042103409] ; [0.7423112875301644]
836 ; 1 ; 237 ; 0 ; [1.093395016146256] ; [3.0693104226585639]
836 ; 1 ; 237 ; 1 ; [1.4572497662193709] ; [0.019173642658898656]
836 ; 1 ; 237 ; 4 ; [2.1075117349645871] ; [2.1975304055917095]
836 ; 1 ; 237 ; 5 ; [0.59421762371246201] ; [0.020265282735548635]
836 ; 1 ; 237 ; 7 ; [1.7720045020477515] ; [2.103563571224401]
836 ; 1 ; 237 ; 8 ; [1.7314998774748267] ; [2.2241820328403672]
836 ; 1 ; 237 ; 10 ; [0.63435161631091486] ; [0.51719747506474378]
836 ; 1 ; 237 ; 11 ; [0.21863584695698562] ; [1.5090561382196932]
836 ; 1 ; 237 ; 17 ; [2.2659488960095815] ; [5.627194048819474]
836 ; 1 ; 237 ; 18 ; [0.88137850110997717] ; [0.31138807070208402]
836 ; 1 ; 237 ; 21 ; [1.7819317553238416] ; [1.5808482307837923]
836 ; 1 ; 237 ; 23 ; [1.6235674579534534] ; [1.9111092128784701]
836 ; 1 ; 237 ; 25 ; [1.7818179240086207] ; [2.4227446855321482]
836 ; 1 ; 237 ; 26 ; [1.5559693652064059] ; [2.2646702532576439]
836 ; 1 ; 238 ; 0 ; [0.37383267808278414, 0.2289482567693428] ; [0.28106053824756649, -0.0093807706889112701]
836 ; 1 ; 239 ; 0 ; [0.4055089494067089] ; [0.63853755855215932]
836 ; 1 ; 239 ; 1 ; [0.48230007983119599] ; [2.7759453341642106]
836 ; 1 ; 239 ; 3 ; [-0.055007325244812687] ; [1.0859436780202261]
836 ; 1 ; 239 ; 5 ; [0.015497428724483139] ; [1.1802972095304169]
836 ; 1 ; 239 ; 11 ; [-0.0029934491307693528] ; [0.4450285180735708]
836 ; 1 ; 239 ; 12 ; [-0.00060752261618721029] ; [1.3801165528423021]
836 ; 1 ; 240 ; 1 ; [1.5352614188321503] ; [0.90619777606177609]
836 ; 1 ; 240 ; 3 ; [1.4198058017376598] ; [1.2681266717916111]
836 ; 1 ; 240 ; 5 ; [0.41799024489905645] ; [1.4247618885504412]
836 ; 1 ; 240 ; 6 ; [0.62209991452892854] ; [0.24772042918412304]
836 ; 1 ; 240 ; 7 ; [0.49678835861159337] ; [0.90977003654203481]
836 ; 1 ; 240 ; 10 ; [4.6145809416843253] ; [2.4395386864191608]
836 ; 1 ; 240 ; 14 ; [3.3098337814043464] ; [1.9980468948508168]
836 ; 1 ; 240 ; 15 ; [2.2694446117080584] ; [1.5668047012405291]
836 ; 1 ; 240 ; 16 ; [2.7466383691324343] ; [2.0840318612975208]
836 ; 1 ; 240 ; 19 ; [1.6287171263291289] ; [1.5905886045600424]
836 ; 1 ; 240 ; 22 ; [0.83837239831660071] ; [1.4999305648241319]
836 ; 1 ; 240 ; 23 ; [0.80005625498287725] ; [0.90745541590506229]
836 ; 1 ; 240 ; 25 ; [1.0015095533140275] ; [3.8002978064027224]
836 ; 1 ; 240 ; 26 ; [1.2967631656709833] ; [3.3909074338136378]
836 ; 1 ; 240 ; 27 ; [13.410655359190407] ; [1.5535037918518226]
836 ; 1 ; 240 ; 28 ; [1.5278401574784641] ; [2.9937638949696495]
836 ; 1 ; 240 ; 29 ; [1.9599493277904383] ; [1.4988951511558384]
836 ; 1 ; 240 ; 30 ; [1.1229262666020974] ; [1.8184354859325187]
836 ; 1 ; 240 ; 34 ; [1.436548772568788] ; [2.7016689492385324]
836 ; 1 ; 240 ; 35 ; [3.4979489943333082] ; [1.5359822630000324]
836 ; 1 ; 240 ; 38 ; [0.85465918503867477] ; [0.75346413182329319]
836 ; 1 ; 240 ; 40 ; [2.0083885234626027] ; [0.57500660268161208]
836 ; 1 ; 240 ; 41 ; [1.1736248085515131] ; [3.7922114755262779]
836 ; 1 ; 240 ; 45 ; [0.58345887547523179] ; [1.0403069382214052]
836 ; 1 ; 240 ; 46 ; [1.6553982257890163] ; [1.6725571116026032]
836 ; 1 ; 240 ; 48 ; [0.94458212878350623] ; [1.3624228069411963]
836 ; 1 ; 240 ; 50 ; [2.1775532691428645] ; [2.3343618054543782]
836 ; 1 ; 240 ; 52 ; [3.4729721582493505] ; [1.8738057723797938]
836 ; 1 ; 240 ; 62 ; [2.1402761419576959] ; [1.5524722089459069]
836 ; 1 ; 241 ; 0 ; [0.70223669482682027] ; [0.3150321300423618]
836 ; 1 ; 241 ; 1 ; [0.15014787592926229] ; [0.88014601964628503]
836 ; 1 ; 241 ; 6 ; [0.76504608209526492] ; [0.25138942925142638]
836 ; 1 ; 241 ; 7 ; [0.15361571577618674] ; [0.14842811613646487]
836 ; 1 ; 242 ; 0 ; [0.74110283571883728, 0.62585432064693625, 0.46299929207109081, 0.22834708002520956] ; [0.10029633976393736, 0.18572466292347495, 0.51143476872619831, 0.20595007859915448]
836 ; 1 ; 242 ; 5 ; [0.4978269157893388] ; [0.33504581158331093]
836 ; 1 ; 242 ; 6 ; [0.23114049171598913] ; [1.6060825589622489]
836 ; 1 ; 243 ; 0 ; [1.9474799980750666] ; [2.8113225319694792]
836 ; 1 ; 243 ; 1 ; [1.3676132360007331] ; [5.2681452720981907]
836 ; 1 ; 243 ; 2 ; [0.57337879764789235] ; [1.4720299469647633]
836 ; 1 ; 243 ; 3 ; [0.53526139466110689] ; [2.7697641213565154]
836 ; 1 ; 243 ; 5 ; [0.42284376656114375] ; [2.5518793857272364]
836 ; 1 ; 243 ; 8 ; [1.4125669759927504] ; [1.5676524934037601]
836 ; 1 ; 243 ; 9 ; [1.3885837758089161] ; [1.3096813952436346]
836 ; 1 ; 243 ; 10 ; [0.19307905006854978] ; [4.0657845357085884]
836 ; 1 ; 243 ; 12 ; [1.5292986737085086] ; [1.1049965586388464]
836 ; 1 ; 244 ; 0 ; [-0.047249118223020407] ; [0.031955287771851214]
836 ; 1 ; 244 ; 1 ; [0.5194885229384103, 8.3950129673083058] ; [0.43648129846396394, 0.3133365984947708]
836 ; 1 ; 244 ; 2 ; [0.15101484277078331] ; [0.56473774875296345]
836 ; 1 ; 245 ; 4 ; [1.6380331262912784] ; [1.5662586689385438]
836 ; 1 ; 245 ; 6 ; [0.87833029741262258] ; [0.74409752266035023]
836 ; 1 ; 245 ; 7 ; [2.4377236382955143] ; [1.4651712488593744]
836 ; 1 ; 245 ; 10 ; [1.4420700935123136] ; [1.6652479771475484]
836 ; 1 ; 245 ; 12 ; [2.0925219721642057] ; [1.8907186284328976]
836 ; 1 ; 245 ; 14 ; [2.7932133684544649] ; [1.6777461028166687]
836 ; 1 ; 245 ; 15 ; [0.018195572053320154] ; [0.9992082956638606]
836 ; 1 ; 245 ; 16 ; [0.90230631599528865] ; [2.241771688915223]
836 ; 1 ; 245 ; 18 ; [0.58073853004454901] ; [2.7379719757569423]
836 ; 1 ; 245 ; 19 ; [1.4444799186078434] ; [0.51828324907033019]
836 ; 1 ; 245 ; 21 ; [1.2149118220987518] ; [1.7220654903068515]
836 ; 1 ; 245 ; 23 ; [1.725843547028703] ; [2.0711576284617297]
836 ; 1 ; 245 ; 25 ; [0.9877485491366983] ; [1.1026835087282081]
836 ; 1 ; 245 ; 26 ; [0.60263552320365354] ; [2.3906628343441931]
836 ; 1 ; 245 ; 27 ; [0.088783131646787083] ; [1.004372453076247]
836 ; 1 ; 246 ; 0 ; [1.7134107272559875] ; [0.59204297692535957]
836 ; 1 ; 246 ; 12 ; [0.68276262554280487] ; [0.38188248404693098]
836 ; 1 ; 246 ; 14 ; [0.17618085498972216] ; [1.1690083849047546]
836 ; 1 ; 247 ; 1 ; [0.49724362974611963] ; [0.16308778650541045]
836 ; 1 ; 248 ; 0 ; [0.32128978865800073] ; [0.087234306361122546]
836 ; 1 ; 249 ; 0 ; [1.0738304093570301] ; [0.87311815980987184]
836 ; 1 ; 249 ; 2 ; [1.8263010835860918] ; [0.57100116513475785]
836 ; 1 ; 249 ; 6 ; [1.0987511888451527] ; [1.3442928574085038]
836 ; 1 ; 249 ; 9 ; [1.5032748239547398] ; [0.14875414242387264]
836 ; 1 ; 250 ; 1 ; [0.13380422572041925] ; [0.25669304954562955]
836 ; 1 ; 251 ; 0 ; [0.024050962788136513] ; [0.091794972933998853]
836 ; 1 ; 251 ; 1 ; [0.51229967283121092] ; [0.49004593580209177]
836 ; 1 ; 251 ; 2 ; [0.56554605295447613] ; [0.18067921849575047]
836 ; 1 ; 251 ; 4 ; [0.44966919441049236] ; [0.10943878795425196]
836 ; 1 ; 251 ; 5 ; [1.5175345730057548] ; [0.035882398140739943]
836 ; 1 ; 251 ; 10 ; [0.29897505695382665] ; [0.34326488627955509]
836 ; 1 ; 251 ; 15 ; [1.9847771465401367] ; [0.68438654121105102]
836 ; 1 ; 251 ; 19 ; [0.8973013739312854] ; [0.4108416497389471]
836 ; 1 ; 252 ; 0 ; [0.35066340355794678] ; [-0.0014844180259625305]
836 ; 1 ; 253 ; 0 ; [0.012159207909612143, 0.070685518262250682, -0.0046327398695139204] ; [0.26568720854147915, 0.2346425211686447, 0.091867491435121684]
836 ; 1 ; 253 ; 1 ; [0.08680839995209895] ; [0.051420130519317646]
836 ; 1 ; 255 ; 0 ; [0.33537028652821815] ; [0.076388550884661968]
836 ; 1 ; 255 ; 1 ; [0.34625304894751691] ; [0.29769648375483893]
836 ; 1 ; 255 ; 5 ; [0.27167772312921723] ; [0.34097935358946713]
836 ; 1 ; 255 ; 6 ; [0.097924035314598507] ; [0.99708296353230319]
836 ; 1 ; 257 ; 1 ; [1.7157407882623599] ; [0.50902737900259332]
836 ; 1 ; 258 ; 0 ; [0.13285345211666424] ; [0.15428932874794873]
836 ; 1 ; 260 ; 0 ; [0.10376583524911963, 0.22485542696515134, 0.04189586432229693] ; [0.18183295246685183, 0.32967362623215729, 0.17483896198391374]
836 ; 1 ; 261 ; 0 ; [0.099340003425277906, 0.084971105984616824, 0.092914910753622307] ; [0.15882134905963369, 0.21329522937192577, 0.15151709763337387]
836 ; 1 ; 262 ; 0 ; [0.1699261433616282] ; [0.064920115122549873]
836 ; 1 ; 262 ; 6 ; [0.040125566949829661, 0.0053799227523510258, 0.3682430262876249] ; [0.15746900328216146, 0.22833217687883683, 0.20767548448247011]
836 ; 1 ; 263 ; 0 ; [1.0347343334192374] ; [0.97850148977211715]
836 ; 1 ; 264 ; 0 ; [0.16286314497473722] ; [0.010152122809091828]
836 ; 1 ; 265 ; 0 ; [0.093943040263331321, 0.026759386516456665] ; [0.40003203599759346, 0.20401194891319235]
836 ; 1 ; 266 ; 0 ; [1.3249168505847821] ; [0.099587473602205642]
836 ; 1 ; 266 ; 1 ; [0.85744091736105832] ; [0.42650208337849393]
836 ; 1 ; 266 ; 3 ; [0.12652187954634689] ; [0.37789947368127619]
836 ; 1 ; 266 ; 4 ; [0.25115443546161187] ; [0.44143228724522254]
836 ; 1 ; 266 ; 6 ; [0.84280134708551868] ; [0.048349436643174724]
836 ; 1 ; 266 ; 9 ; [0.57688261039650945] ; [0.61269016529096676]
836 ; 1 ; 267 ; 0 ; [0.96346258669855001] ; [0.049674886019386133]
836 ; 1 ; 267 ; 1 ; [2.7061557526759397] ; [1.4290882686047006]
836 ; 1 ; 267 ; 3 ; [0.57788581633535085] ; [1.4729707921870339]
836 ; 1 ; 267 ; 4 ; [0.40390118688583215] ; [1.348966882724296]
836 ; 1 ; 267 ; 5 ; [2.4208360219911125] ; [2.1560388680455658]
836 ; 1 ; 268 ; 0 ; [0.055132339842532359] ; [0.11477564975439263]
836 ; 1 ; 268 ; 1 ; [0.37675604082010417] ; [0.4498859382110027]
836 ; 1 ; 268 ; 2 ; [0.43444392929300402] ; [0.46239491628556006]
836 ; 1 ; 268 ; 6 ; [0.27095514194782211] ; [1.1596195520134653]
836 ; 1 ; 269 ; 0 ; [0.011333311355997334, 0.011903673112137391, 0.011010363945110914] ; [0.16964498825499005, 0.26931448865129842, 0.0042698830445817839]
836 ; 1 ; 270 ; 0 ; [0.29946162601265536] ; [0.70488858962588441]
836 ; 1 ; 271 ; 0 ; [0.42964953606001077] ; [0.072846265382888284]
836 ; 1 ; 271 ; 1 ; [0.37842780840276136] ; [0.083347551779273193]
836 ; 1 ; 271 ; 4 ; [0.31758788280594319, 0.30172991954965483, 0.3398244740785144, 0.23697521995356649] ; [0.38977946049404072, 0.23636119370047662, 0.38094803024270429, 0.2245525932899366]
836 ; 1 ; 272 ; 0 ; [0.021828106381585406, -0.0051033957113679933, -0.0056395641861827868] ; [0.2133516002286798, 0.2030630518626432, 0.17837290056631663]
836 ; 1 ; 273 ; 0 ; [0.2400515473892732] ; [0.22037621045367226]
836 ; 1 ; 273 ; 2 ; [0.35373367378907516] ; [0.078041914678895763]
836 ; 1 ; 274 ; 0 ; [0.16631931911638156] ; [0.069139651936688348]
836 ; 1 ; 274 ; 1 ; [0.10038166337761564] ; [0.041694709012918364]
836 ; 1 ; 275 ; 0 ; [0.089407607367139777, 0.12056058851262159, 0.12850638105519105, 0.10587033211032754, 0.059435405723161888] ; [0.14759807437912403, 0.13478504633470764, 0.1498054024350465, 0.16037928000458607, 0.062125082725468454]
836 ; 1 ; 275 ; 1 ; [0.16062624157079725] ; [0.16649854585259319]
836 ; 1 ; 277 ; 0 ; [1.3804881983836452, 1.7585967430624179, 0.067353040160578428] ; [0.60437666458204342, 0.083234293462896042, 0.084741810014480223]
836 ; 1 ; 278 ; 0 ; [0.29934406660160812] ; [0.072017509386429229]
836 ; 1 ; 278 ; 1 ; [0.069668324674518722] ; [0.42182186004342481]
836 ; 1 ; 278 ; 2 ; [0.13593989189454747] ; [0.41878859116204481]
836 ; 1 ; 278 ; 3 ; [0.18979157542704383] ; [1.4317317581078226]
836 ; 1 ; 279 ; 5 ; [0.057231225100528527] ; [0.36510959235279017]
836 ; 1 ; 280 ; 1 ; [0.00025274585050564212] ; [0.46521185911779706]
836 ; 1 ; 280 ; 2 ; [0.0044980117139706028] ; [0.42727969246963871]
836 ; 1 ; 280 ; 3 ; [0.44650322057915315] ; [0.7312178731075083]
836 ; 1 ; 281 ; 0 ; [0.31693964409632364, 0.16678447596069418] ; [0.33222397936282089, 0.45605095625942899]
836 ; 1 ; 281 ; 1 ; [0.21469707643636898] ; [0.32759222814557087]
836 ; 1 ; 281 ; 3 ; [0.046372394682738426] ; [-0.016860060582811254]
836 ; 1 ; 281 ; 7 ; [0.15979019582970727] ; [-0.0047929359728178878]
836 ; 1 ; 282 ; 0 ; [0.16187823254097389, 0.15334000947322357] ; [0.21802228511602562, 0.099047958827302732]
836 ; 1 ; 283 ; 0 ; [0.02332273138992616, 0.017574946532679627, 0.015709623289628879, 0.022545561576267716] ; [0.15791692046637681, 0.17781550128285337, 0.1938905132624876, 0.3084646518052469]
836 ; 1 ; 283 ; 1 ; [2.7324616763217882] ; [0.12675949112893781]
836 ; 1 ; 284 ; 0 ; [0.0072660794201172075, 0.38261862689541376] ; [0.60920479330211852, 0.24618700503197621]
836 ; 1 ; 284 ; 1 ; [0.4946611125154235] ; [0.13223899007940035]
836 ; 1 ; 285 ; 6 ; [0.10893606206359988] ; [1.6312494883324249]
836 ; 1 ; 285 ; 10 ; [0.013539908831114875] ; [1.5717013633684598]
836 ; 1 ; 286 ; 7 ; [0.4306665230148472] ; [1.1541134256667587]
836 ; 1 ; 286 ; 9 ; [4.2791819145168519] ; [0.095682492823572871]
836 ; 1 ; 286 ; 10 ; [0.043946679891982893] ; [3.6406138085755617]
836 ; 1 ; 286 ; 12 ; [0.36199783043304862] ; [3.0207885099533311]
836 ; 1 ; 287 ; 0 ; [-0.007028484273009148, 0.091507131280747167] ; [0.20480162882592887, 0.2011219161111325]
836 ; 1 ; 287 ; 1 ; [0.69464008174195302] ; [0.059088384395252679]
836 ; 1 ; 288 ; 0 ; [-0.014521531157881575, -0.0044519554944573939, -0.016810119867206357] ; [0.15389433765737426, 0.19132608656054631, 0.161603807796177]
836 ; 1 ; 289 ; 0 ; [1.545477024061056] ; [0.0036950357180911232]
836 ; 1 ; 289 ; 2 ; [1.5767700323818872] ; [2.2070868096261651]
836 ; 1 ; 289 ; 3 ; [0.40857158559193729] ; [1.3580270876781535]
836 ; 1 ; 289 ; 4 ; [2.5567534171176418] ; [2.4302768006325191]
836 ; 1 ; 289 ; 5 ; [1.8359414687792475] ; [6.8268544825901243]
836 ; 1 ; 289 ; 6 ; [1.2607551441008791] ; [1.8722463601276818]
836 ; 1 ; 289 ; 7 ; [0.046704516579140098] ; [3.053703021772793]
836 ; 1 ; 289 ; 8 ; [0.27089074180155576] ; [6.8064461245830827]
836 ; 1 ; 289 ; 12 ; [1.3198709811606455] ; [2.6454019586767976]
836 ; 1 ; 289 ; 13 ; [0.74780381774113913] ; [1.3098514381756921]
836 ; 1 ; 289 ; 16 ; [1.645948057288855] ; [1.6329767029537596]
836 ; 1 ; 289 ; 17 ; [1.8085254001597368] ; [1.8789895384025201]
836 ; 1 ; 290 ; 3 ; [0.29707787585033624] ; [0.40194161140208973]
836 ; 1 ; 290 ; 5 ; [0.093429493373286529] ; [1.9099933319944475]
836 ; 1 ; 290 ; 8 ; [0.42388315048966313] ; [3.2863344105926413]
836 ; 1 ; 290 ; 9 ; [-0.0072615443535087769] ; [3.3082481718804368]
836 ; 1 ; 291 ; 0 ; [0.15465181006214535, 0.47437797009124033] ; [0.47902103651104239, 0.13807953372700327]
836 ; 1 ; 291 ; 1 ; [0.28413214194960223] ; [0.017567492831580104]
836 ; 1 ; 293 ; 0 ; [0.081291234427885037, 0.075370553431665516, 0.14590293960530543] ; [0.1626070122515636, 0.28489992409307657, 0.28434167182923398]
836 ; 1 ; 294 ; 0 ; [0.23711482124464245] ; [0.23214674847741837]
836 ; 1 ; 294 ; 1 ; [0.97775489439853436] ; [0.76903966742646435]
836 ; 1 ; 294 ; 2 ; [0.3720770884393686] ; [0.38777844765168878]
836 ; 1 ; 294 ; 4 ; [0.035459729029025534] ; [0.68943377292528385]
836 ; 1 ; 295 ; 0 ; [0.29359948679458797, 0.2023334323705914] ; [0.33348390117422871, 0.15716647068680706]
836 ; 1 ; 295 ; 1 ; [1.9544021613218265] ; [0.10580671087708275]
836 ; 1 ; 295 ; 2 ; [0.41641787039790984] ; [0.23805041595922116]
836 ; 1 ; 295 ; 3 ; [0.98667556365664533] ; [0.51133639028860045]
836 ; 1 ; 295 ; 4 ; [0.34114533985264517] ; [0.46380873630566288]
836 ; 1 ; 295 ; 6 ; [1.6531431921381265] ; [0.35416743085495417]
836 ; 1 ; 295 ; 10 ; [0.40287025995087727] ; [0.68403627392643862]
836 ; 1 ; 296 ; 0 ; [0.63825236117155748] ; [0.72338835249361289]
836 ; 1 ; 296 ; 1 ; [0.46565394202511645] ; [0.33353216523847568]
836 ; 1 ; 296 ; 2 ; [0.023557152504402091] ; [0.23202772618472137]
836 ; 1 ; 296 ; 4 ; [2.0441071809725067] ; [2.9223860599869242]
836 ; 1 ; 296 ; 5 ; [1.3494430948364931] ; [1.3566826288755252]
836 ; 1 ; 296 ; 6 ; [0.15844986311112352] ; [1.7784450650701491]
836 ; 1 ; 297 ; 0 ; [1.7307367586435074] ; [0.79196963961544264]
836 ; 1 ; 297 ; 2 ; [0.72776581012545538] ; [0.30412207146605252]
836 ; 1 ; 297 ; 15 ; [0.12276549687585979] ; [1.303880664649653]
836 ; 1 ; 297 ; 17 ; [1.2484552992201221] ; [1.18870577969001]
836 ; 1 ; 297 ; 20 ; [0.13493757219018088] ; [0.71148285023730828]
836 ; 1 ; 297 ; 22 ; [1.0736431521841503] ; [1.2325236338299206]
836 ; 1 ; 297 ; 26 ; [0.28906924884440455] ; [1.3598730514308983]
836 ; 1 ; 297 ; 28 ; [0.12695568761283299] ; [1.3289125906374448]
836 ; 1 ; 298 ; 0 ; [0.079601021816916723] ; [0.0068533867096301762]
836 ; 1 ; 298 ; 1 ; [1.7215592816796841] ; [0.61130146306486977]
836 ; 1 ; 299 ; 0 ; [1.5782611075355013] ; [2.5283918450119525]
836 ; 1 ; 299 ; 1 ; [1.7284773105252673] ; [1.2372417546768606]
836 ; 1 ; 299 ; 3 ; [2.5650092382591789] ; [1.1309960742571443]
836 ; 1 ; 299 ; 6 ; [2.8048921095063073] ; [0.73180981811294321]
836 ; 1 ; 299 ; 8 ; [2.2396866862105824] ; [1.0449961518827904]
836 ; 1 ; 299 ; 10 ; [0.1409100973499873] ; [1.1935241874519165]
836 ; 1 ; 299 ; 11 ; [0.26538734746352738] ; [2.5079381922300801]
836 ; 1 ; 299 ; 12 ; [0.071357105402977281] ; [1.587283082246105]
836 ; 1 ; 300 ; 0 ; [0.014331495167121084, -0.0095020510416497055, -0.0019379254632036344] ; [0.1955219494419094, 0.14657841752929626, 0.1495540868723666]
836 ; 1 ; 302 ; 0 ; [0.27946959663352972] ; [0.24250878471603077]
836 ; 1 ; 302 ; 1 ; [0.090467336493100237] ; [0.48631392801985746]
836 ; 1 ; 303 ; 0 ; [0.81066691527208767] ; [1.3789564187336421]
836 ; 1 ; 303 ; 2 ; [0.52890273772723062] ; [0.62289369728021915]
836 ; 1 ; 303 ; 7 ; [0.46105131624387669] ; [0.57612462052056335]
836 ; 1 ; 304 ; 0 ; [0.064673533621149776, 0.21907608094335854, 0.25309785520076911, 0.02277713826206381] ; [0.16574260570125471, 0.28725243037262094, 0.21981231708614773, 0.15354003041384257]
836 ; 1 ; 304 ; 1 ; [0.18750699176265884] ; [0.072802244408675179]
836 ; 1 ; 305 ; 0 ; [0.062564115645356688] ; [0.33701644033284772]
836 ; 1 ; 305 ; 3 ; [3.1018005155353467] ; [0.59851833391417719]
836 ; 1 ; 305 ; 9 ; [1.1655741301639599] ; [0.21438555768361678]
836 ; 1 ; 305 ; 10 ; [0.12704568532760102] ; [0.07049105807619338]
836 ; 1 ; 305 ; 12 ; [0.71440248606895906] ; [0.17154328402357255]
836 ; 1 ; 306 ; 0 ; [0.021778620847229285, 0.010132103797829591, 0.0010155668979722615, 0.0015666246718953024] ; [0.22831312715602931, 0.13276019346679935, 0.11582243552495096, 0.13662927806185093]
836 ; 1 ; 307 ; 0 ; [0.084471908552549421, 0.013498590554695157, 0.043802898163572426, 0.030325238264785014, 0.023000521569026648] ; [0.11066267881155475, 0.13786626099282487, 0.14868229720420226, 0.20720506492422075, 0.17417396251523035]
836 ; 1 ; 308 ; 0 ; [0.82778117092551962, 0.28323204390450019] ; [0.11607654414696755, 0.20648372503866966]
836 ; 1 ; 308 ; 1 ; [0.36178437604427338, 0.28295690888750269] ; [0.45292501395866958, 0.46913017228848863]
836 ; 1 ; 309 ; 0 ; [0.6127450484150293] ; [0.077084881315280046]
836 ; 1 ; 309 ; 1 ; [4.9046859451332381] ; [0.11158447266456493]
836 ; 1 ; 309 ; 3 ; [0.66147588595382645] ; [0.19494342534524728]
836 ; 1 ; 310 ; 0 ; [0.15541626116873175, 0.27887308954879991, 1.8507703361621184] ; [0.55223180186995735, 0.51071323599873941, 0.37041218065771875]
836 ; 1 ; 310 ; 1 ; [0.7097863840069929] ; [0.73999487515981521]
836 ; 1 ; 311 ; 0 ; [0.32686048898562792] ; [0.18838768199419195]
836 ; 1 ; 312 ; 0 ; [0.031500215829294166] ; [0.37352548532812707]
836 ; 1 ; 312 ; 2 ; [0.042050007094255486] ; [0.52406268241342502]
836 ; 1 ; 312 ; 3 ; [0.4989102113113239, 0.41100356385019865, 0.1733096772485242, 1.8726666185324798] ; [0.26640723882126427, 0.17569642734228927, 0.76744656743323081, 0.13293836763434758]
836 ; 1 ; 312 ; 4 ; [0.33665086252873788] ; [0.1433950796398506]
836 ; 1 ; 314 ; 2 ; [1.4438877988048673] ; [1.4145136420663618]
836 ; 1 ; 315 ; 0 ; [0.87544440466310924] ; [0.10770931506895433]
836 ; 1 ; 316 ; 0 ; [0.82961907565988224] ; [0.072818729500361709]
836 ; 1 ; 316 ; 10 ; [0.075524685429632019] ; [0.34048808144344556]
836 ; 1 ; 317 ; 0 ; [0.098462516499827221, 0.032057552885507747] ; [0.23116178153775807, 0.061057804909774013]
836 ; 1 ; 317 ; 1 ; [0.11731413190788588] ; [0.044385348880907345]
836 ; 1 ; 318 ; 0 ; [0.56246868460760779] ; [0.082929722841858747]
836 ; 1 ; 318 ; 1 ; [0.69525010320485447] ; [0.49383604440933926]
836 ; 1 ; 318 ; 2 ; [0.0020551122720894005] ; [-0.0087936724293178146]
836 ; 1 ; 319 ; 2 ; [0.51084779231602562] ; [1.339864433003819]
836 ; 1 ; 319 ; 5 ; [1.8584110846636606] ; [0.056358727609338452]
836 ; 1 ; 319 ; 6 ; [0.26514831328948602] ; [1.00518286205063]
836 ; 1 ; 319 ; 32 ; [0.35798254646432559] ; [0.32679486588979173]
836 ; 1 ; 320 ; 0 ; [0.12843691479349742] ; [0.27095645781648797]
836 ; 1 ; 321 ; 0 ; [0.24042652543619253, 0.13851588722860475, 0.048730817727384981] ; [0.18255833968311183, 0.1841364574548405, 0.35340872029256581]
836 ; 1 ; 322 ; 0 ; [0.64956126075526055, 0.32533684658619533] ; [0.11933769714563036, 0.074697081709660371]
836 ; 1 ; 322 ; 1 ; [0.044526735005552126] ; [0.10231921346864455]
836 ; 1 ; 322 ; 2 ; [0.46269759118174258] ; [0.016579368616071271]
836 ; 1 ; 322 ; 4 ; [0.075921259454596851, -0.013998999254430001] ; [0.30902760235973836, 0.077867213755985779]
836 ; 1 ; 323 ; 1 ; [0.30940307232820335] ; [0.11487182133212441]
836 ; 1 ; 323 ; 2 ; [0.23694261969401062] ; [0.10867092663133485]
836 ; 1 ; 323 ; 3 ; [0.30342813056806406] ; [0.71422394027786551]
836 ; 1 ; 323 ; 5 ; [3.374620188888092] ; [-0.37248668881196467]
836 ; 1 ; 323 ; 7 ; [0.54390818573011679] ; [0.010742864466015261]
836 ; 1 ; 324 ; 0 ; [-0.0051742252627490996, 0.10114470267199226, 0.039566206856891356] ; [0.14919486153924791, 0.21717024055027603, 0.081552654466596486]
836 ; 1 ; 325 ; 0 ; [0.21947699570871237, 0.16669771846937034, 0.1774837484006859, 0.075661704818503928] ; [0.32706387117511737, 0.14069990097124654, 0.16588661256496423, 0.079855096209483514]
836 ; 1 ; 325 ; 1 ; [0.014914158173344801] ; [0.040606675763864009]
836 ; 1 ; 325 ; 2 ; [0.016190319265576656] ; [0.13406320359907581]
836 ; 1 ; 325 ; 3 ; [0.039733477813037141, 0.55502107168575165] ; [0.57008677932888863, 0.0080110002359230232]
836 ; 1 ; 326 ; 0 ; [0.087366489871224362, 0.058910446445395677, 0.073445556103402559, 0.13350386073625567, 0.031913152294199172] ; [0.19277598785755495, 0.11693542371005342, 0.26477806500463158, 0.22286764523785901, 0.026902027749679695]
836 ; 1 ; 327 ; 0 ; [0.083886577093979023, 0.92792696168922684] ; [0.22135311369015481, 0.19721699889275726]
836 ; 1 ; 327 ; 1 ; [0.29733763001294311, 0.13323273971655522] ; [0.5557317250114574, 0.2255629098116903]
836 ; 1 ; 327 ; 2 ; [0.28040180826419658] ; [0.18060797760746239]
836 ; 1 ; 328 ; 0 ; [0.12700006164135849] ; [0.78199629197931098]
836 ; 1 ; 328 ; 2 ; [0.60882794520080186] ; [0.70668940952397852]
836 ; 1 ; 328 ; 4 ; [0.3840502164461102] ; [0.3883573167174843]
836 ; 1 ; 328 ; 5 ; [0.054504019082624942] ; [2.0257484798917207]
836 ; 1 ; 329 ; 0 ; [0.11950719378781394, 0.1260975650198578, 0.010515012143912164] ; [0.21706045264276638, 0.26208984566049048, 0.061991269942477577]
836 ; 1 ; 330 ; 0 ; [0.52859572368885765] ; [0.43245041984643245]
836 ; 1 ; 330 ; 3 ; [0.2303493722945579] ; [0.14424935175807713]
836 ; 1 ; 330 ; 4 ; [1.0433064067717379] ; [0.27478602286481318]
836 ; 1 ; 330 ; 5 ; [0.45038297749500811] ; [0.97206110856308814]
836 ; 1 ; 331 ; 1 ; [0.04171107947468955, 0.030645765611234308] ; [0.16821757435048831, 0.031541607454792474]
836 ; 1 ; 331 ; 4 ; [0.014780322541356137] ; [0.10565944097238918]
836 ; 1 ; 332 ; 0 ; [0.933381339769912] ; [1.8075949883148232]
836 ; 1 ; 332 ; 1 ; [2.0432919057779486] ; [1.1298237431591298]
836 ; 1 ; 332 ; 10 ; [2.5230897455808039] ; [1.2763276430818336]
836 ; 1 ; 332 ; 12 ; [1.6447945475347723] ; [1.0392735868236089]
836 ; 1 ; 332 ; 15 ; [0.13455790345644625] ; [-0.0011696524174278126]
836 ; 1 ; 332 ; 18 ; [0.078949382877482085] ; [1.7212072570818637]
836 ; 1 ; 332 ; 21 ; [0.88757991221151689] ; [1.6814592623462172]
836 ; 1 ; 333 ; 0 ; [1.1149839993324602] ; [1.6199935250905189]
836 ; 1 ; 333 ; 3 ; [0.45493904043493671] ; [2.5501102686078005]
836 ; 1 ; 333 ; 5 ; [0.12860298140379436] ; [1.6436955088216811]
836 ; 1 ; 333 ; 6 ; [2.4554898323461214] ; [2.6101611337359056]
836 ; 1 ; 333 ; 8 ; [1.632485779530634] ; [2.31896618641272]
836 ; 1 ; 334 ; 0 ; [0.11414524560898667] ; [0.75079000467807055]
836 ; 1 ; 334 ; 1 ; [1.0084515329361443] ; [0.074949135760911417]