# Run ; Subrun ; Event ; Track ; Charge Ratios View 0 ; Charge Ratios View 1 #
835 ; 0 ; 0 ; 0 ; [0.27724144934135875] ; [0.015107172004763345]
835 ; 0 ; 0 ; 1 ; [0.56121688010507709] ; [0.11979278037420449]
835 ; 0 ; 0 ; 12 ; [0.11320586609833524] ; [0.13786356498852578]
835 ; 0 ; 0 ; 15 ; [0.41119874426789221] ; [0.22634069267206322]
835 ; 0 ; 1 ; 0 ; [0.26850342851275777, 0.19060638097703708, 0.58834721252095123] ; [0.25978939699793507, 0.28411402002230235, 0.19875874638932547]
835 ; 0 ; 1 ; 2 ; [0.004937328426437522] ; [0.017390567350894552]
835 ; 0 ; 2 ; 1 ; [0.59366264583377426] ; [0.17136513294202113]
835 ; 0 ; 2 ; 3 ; [1.2642733375586646, 0.28150196626253354, 0.2551554262567281, 0.62992981622018174] ; [0.50326858533990759, 0.48139024676407921, 0.24353291471384628, 0.073981365221922682]
835 ; 0 ; 3 ; 1 ; [0.030962363359346563] ; [0.0061287739775936151]
835 ; 0 ; 4 ; 0 ; [0.011562240438369724, 0.055626240902910823, 0.080605639154951211] ; [0.26782943613120092, 0.31074773305362224, 0.26961532861928222]
835 ; 0 ; 5 ; 0 ; [0.2982925999789891, 0.22631752204057212, 0.47505806248306193, 0.79045916522693416, 0.26419413783818613] ; [0.2483549367893389, 0.19814828826179415, 0.47216654972384281, 0.7952616740426659, 0.25664732478492314]
835 ; 0 ; 5 ; 1 ; [0.21743324008690987] ; [1.0078585251191838]
835 ; 0 ; 6 ; 0 ; [0.13415557825341465, 0.12706609590868226, 0.059598527175966171] ; [0.23365219974752099, 0.27911899204672563, 0.063801043560703805]
835 ; 0 ; 7 ; 0 ; [0.47201770876904092, 0.029649093214602934] ; [0.37496680760869805, 0.080360579278673433]
835 ; 0 ; 8 ; 0 ; [0.22773195471912647, 0.073523230313294441, 0.049092199728680765] ; [0.43720443202241421, 0.2071317095978146, 0.19703902466185924]
835 ; 0 ; 9 ; 0 ; [0.12570650268998573, 0.17940554039253773] ; [0.29301951387039782, 0.36305201668621423]
835 ; 0 ; 10 ; 0 ; [0.9091251670294257, 2.840611988901768] ; [0.86223401161896984, 0.45705134683898369]
835 ; 0 ; 10 ; 3 ; [0.041624919672356223] ; [0.095785209154778839]
835 ; 0 ; 11 ; 0 ; [0.18129022446179369] ; [0.54640411685875123]
835 ; 0 ; 11 ; 1 ; [0.21778699404196819] ; [0.55964928612227882]
835 ; 0 ; 11 ; 4 ; [0.22745699304104686] ; [0.18795772592486212]
835 ; 0 ; 12 ; 1 ; [0.75542618750219703] ; [0.23766841836507743]
835 ; 0 ; 12 ; 3 ; [0.25107226775810326] ; [0.12069927333343533]
835 ; 0 ; 12 ; 4 ; [0.65318436769478194] ; [0.62260783246767526]
835 ; 0 ; 12 ; 7 ; [0.18859547168078614] ; [0.95993985707380114]
835 ; 0 ; 12 ; 13 ; [1.1875202093117219] ; [0.84844572893434345]
835 ; 0 ; 13 ; 0 ; [0.1572116326238602] ; [0.1601056807591841]
835 ; 0 ; 13 ; 7 ; [0.41919779303077942] ; [0.66439516077508609]
835 ; 0 ; 13 ; 8 ; [0.11277794749124502] ; [1.1501866893317381]
835 ; 0 ; 13 ; 11 ; [0.19635223684386505] ; [1.4524258513029689]
835 ; 0 ; 13 ; 16 ; [0.80355874528837978] ; [0.83325574162399618]
835 ; 0 ; 13 ; 17 ; [0.77828228940914601] ; [1.7519559807060769]
835 ; 0 ; 14 ; 0 ; [0.20041827244263516, 0.093385795581418088, 0.067723974045581545] ; [0.15503357610741367, 0.18901871132003881, 0.095667459725350873]
835 ; 0 ; 15 ; 0 ; [0.27313913403894974, 0.19380999118226919] ; [0.1844000916478537, 0.0087064760769847219]
835 ; 0 ; 15 ; 1 ; [0.3692075649615722] ; [1.3413529291642425]
835 ; 0 ; 16 ; 0 ; [0.022031188742234767, 0.56932327166790186] ; [0.45350906317644207, 0.18000511039171138]
835 ; 0 ; 17 ; 0 ; [0.64469118247537893] ; [2.4255621850254188]
835 ; 0 ; 17 ; 4 ; [0.16266193115450689] ; [0.50230897523402518]
835 ; 0 ; 17 ; 5 ; [0.13868439086083409] ; [1.0505358943181307]
835 ; 0 ; 17 ; 6 ; [0.36983639967305365] ; [0.43550015050555402]
835 ; 0 ; 17 ; 16 ; [1.2249035461992321] ; [1.7539450011832483]
835 ; 0 ; 17 ; 17 ; [1.1936696665672606] ; [0.68065091716432324]
835 ; 0 ; 17 ; 28 ; [1.9661574210356065] ; [2.4786321465629735]
835 ; 0 ; 18 ; 0 ; [0.40699827814541001, 0.22022268498994652] ; [0.73462301909859096, 0.13126913774729265]
835 ; 0 ; 19 ; 0 ; [0.38761207258581132] ; [0.026295328622277844]
835 ; 0 ; 19 ; 1 ; [0.43736108994913708, 0.29520230639717771, 0.20770162703301104, 0.22149743760583909] ; [0.28888687242387695, 0.33502447956076575, 0.19292076832188146, 0.18503048742812536]
835 ; 0 ; 20 ; 0 ; [0.41343243639105398, 0.071109512472964251, 0.012012787930165261] ; [0.49238251098571184, 0.36753404595391026, 0.27079302368040298]
835 ; 0 ; 21 ; 0 ; [2.4650590019658645] ; [2.4653917463432813]
835 ; 0 ; 21 ; 1 ; [0.35890079834224847, 0.075790614613318971] ; [0.49394597287060776, 0.2832583027945228]
835 ; 0 ; 21 ; 2 ; [3.8165167624159895] ; [2.8786954372614759]
835 ; 0 ; 22 ; 0 ; [0.46003457785136981, 0.069619133806830782, 0.27662900752948627] ; [0.29304827911088099, 0.55951373229923074, 0.57293653808963185]
835 ; 0 ; 22 ; 1 ; [0.35803119241360321] ; [0.49485359625303504]
835 ; 0 ; 24 ; 1 ; [0.0017279987987861888] ; [0.94004073311228054]
835 ; 0 ; 24 ; 2 ; [0.13434058931198534] ; [0.53220553597481501]
835 ; 0 ; 25 ; 0 ; [0.035186139531125767] ; [-0.011824250899357649]
835 ; 0 ; 26 ; 0 ; [0.47718789615101803] ; [0.14615364492788102]
835 ; 0 ; 26 ; 1 ; [0.58806557656046343] ; [0.3488656098645177]
835 ; 0 ; 26 ; 6 ; [0.23437236767569439] ; [1.5160193961909498]
835 ; 0 ; 27 ; 0 ; [0.30100336120139409, 0.063054409803830591, 0.012707985817259012] ; [0.42590052899762376, 0.21286712691733009, 0.13433148414378282]
835 ; 0 ; 28 ; 0 ; [0.18271867673399209] ; [0.17812054389825141]
835 ; 0 ; 28 ; 3 ; [1.3986832743983257] ; [0.67149976905257558]
835 ; 0 ; 29 ; 3 ; [1.3849768663881954] ; [2.2078939826955986]
835 ; 0 ; 29 ; 4 ; [0.56820544779097371] ; [2.5852401613239411]
835 ; 0 ; 29 ; 5 ; [15.056989702319395] ; [1.4499775595038895]
835 ; 0 ; 29 ; 7 ; [4.6549200220139264] ; [5.0029993236618013]
835 ; 0 ; 29 ; 9 ; [0.52823198531468629] ; [0.7447631161033843]
835 ; 0 ; 30 ; 0 ; [0.17130062881441119, 0.1888358733641905, 0.24443107330520844, 0.12259127782228628] ; [0.21997297449369671, 0.17415623062740551, 0.20960740040708356, 0.30022939298094442]
835 ; 0 ; 30 ; 1 ; [0.35556160026311379] ; [0.18986883476512748]
835 ; 0 ; 30 ; 2 ; [1.038860131225348] ; [0.074422457846634704]
835 ; 0 ; 31 ; 0 ; [0.62891086022291454, 0.37827422949472361] ; [0.30185297732524857, 0.49206308704646884]
835 ; 0 ; 31 ; 1 ; [0.2041006887524506] ; [0.27202342467546631]
835 ; 0 ; 32 ; 0 ; [0.40155489284708396] ; [0.97592344411261767]
835 ; 0 ; 32 ; 2 ; [1.5459540350624708] ; [0.0093110336520656079]
835 ; 0 ; 32 ; 3 ; [0.109800771705932] ; [0.057366720134353663]
835 ; 0 ; 32 ; 4 ; [0.053224946264019551] ; [0.76298320125832908]
835 ; 0 ; 32 ; 6 ; [0.15825932846865964] ; [8.662708739785808]
835 ; 0 ; 32 ; 7 ; [3.1408382917841391] ; [1.0928612193129519]
835 ; 0 ; 32 ; 8 ; [2.4326707825389335] ; [-0.0070275247354464419]
835 ; 0 ; 32 ; 12 ; [0.27873875992230035] ; [4.1794370091487076]
835 ; 0 ; 32 ; 13 ; [1.715487711506974] ; [2.2603867302371605]
835 ; 0 ; 33 ; 0 ; [0.89349227958965194] ; [1.6833961584250099]
835 ; 0 ; 33 ; 2 ; [1.2772966648603712] ; [1.9230406805676088]
835 ; 0 ; 33 ; 3 ; [2.7819148547929102] ; [1.5576204167050682]
835 ; 0 ; 33 ; 4 ; [0.70046068689937546] ; [1.4640456284757097]
835 ; 0 ; 33 ; 6 ; [1.7927025945505251] ; [1.3857027336734125]
835 ; 0 ; 33 ; 7 ; [2.3681614233940929] ; [2.8477623087850916]
835 ; 0 ; 33 ; 9 ; [0.065628435310299479] ; [1.8115559562948835]
835 ; 0 ; 33 ; 14 ; [0.33633427052770171] ; [2.5706982974281378]
835 ; 0 ; 33 ; 15 ; [0.1862956955154029] ; [2.8634814856725797]
835 ; 0 ; 33 ; 17 ; [0.70235046098245979] ; [4.8373303440471815]
835 ; 0 ; 34 ; 0 ; [0.12062623610317856, 0.0018773830028267283, 0.019116620234813305] ; [0.42219227273316823, 0.2316453379720417, 0.050654047177541614]
835 ; 0 ; 34 ; 1 ; [0.1522368576615678] ; [0.0025840868883278633]
835 ; 0 ; 35 ; 1 ; [0.0094410178693958013] ; [0.0034746332899086374]
835 ; 0 ; 35 ; 3 ; [1.471253403554915] ; [0.32090246373751202]
835 ; 0 ; 36 ; 0 ; [0.01936005025815149] ; [0.023007502042005946]
835 ; 0 ; 36 ; 2 ; [0.24700768889759983] ; [0.65702143377113198]
835 ; 0 ; 36 ; 3 ; [0.032382354534487422] ; [0.60669985423908701]
835 ; 0 ; 37 ; 4 ; [1.6015546992480392] ; [0.80121877499434035]
835 ; 0 ; 38 ; 0 ; [0.32050647104543734, 0.053138772618764617] ; [0.29835473411687041, 0.1142211584782637]
835 ; 0 ; 38 ; 1 ; [-0.0037867535546758004] ; [0.12077306065505027]
835 ; 0 ; 39 ; 0 ; [0.47745339785756086, 0.57339274622387471] ; [0.89189031087596882, 0.64266099255056763]
835 ; 0 ; 39 ; 1 ; [2.4205064487209711] ; [1.0234134467238529]
835 ; 0 ; 39 ; 5 ; [0.32845973525932903] ; [1.2795921274135722]
835 ; 0 ; 40 ; 0 ; [0.16595983685875315, 0.099599950051941916, 0.081764808380741572] ; [0.41403744461878356, 0.27828695842473683, 0.1889927853209836]
835 ; 0 ; 40 ; 3 ; [0.18726186878533055] ; [0.027232844450219909]
835 ; 0 ; 41 ; 0 ; [0.28792859595965614] ; [0.19498779728698637]
835 ; 0 ; 41 ; 1 ; [0.01068782467831144, 0.15717311118356822, 0.26492073717743747] ; [0.44619947369810831, 0.52439545422849665, 0.62809902734795864]
835 ; 0 ; 41 ; 2 ; [0.32480404018934789, 0.27968308115089596] ; [0.0038474725191042325, 0.030598220769503671]
835 ; 0 ; 42 ; 0 ; [0.075309024321266599, 0.013464312272801015] ; [0.23518300528968569, 0.075475457984556085]
835 ; 0 ; 43 ; 0 ; [0.36537521223997732] ; [0.083881488498625978]
835 ; 0 ; 43 ; 3 ; [0.76062658964974839] ; [0.19222121246666726]
835 ; 0 ; 43 ; 4 ; [0.39636224591191654, 0.36929124424258775, 0.065667138610173856] ; [0.38774835355359366, 0.47406955374783266, 0.05287599445008271]
835 ; 0 ; 44 ; 0 ; [0.12654750614718877, 1.7968706692207184] ; [0.2608478602016126, 0.14869531463134816]
835 ; 0 ; 46 ; 0 ; [0.40679707700266343] ; [0.060900247179824958]
835 ; 0 ; 47 ; 0 ; [0.34224955645413069] ; [-0.0061957792320911876]
835 ; 0 ; 47 ; 1 ; [0.0062615931038317429] ; [1.2831441041971987]
835 ; 0 ; 47 ; 2 ; [0.92845606244732681] ; [1.4926476085021791]
835 ; 0 ; 47 ; 3 ; [0.32420269482867664] ; [0.38732195810177383]
835 ; 0 ; 47 ; 6 ; [0.17740180633642746] ; [1.1294621180904676]
835 ; 0 ; 48 ; 2 ; [0.40834276216287729] ; [1.2126364492231314]
835 ; 0 ; 48 ; 3 ; [3.4499245139548402] ; [0.66267523271576279]
835 ; 0 ; 48 ; 9 ; [0.12588553800771377] ; [2.7938837363603302]
835 ; 0 ; 48 ; 13 ; [1.2990271968018858] ; [2.5635829629982907]
835 ; 0 ; 48 ; 18 ; [1.3664290471084677] ; [0.77590805801585738]
835 ; 0 ; 48 ; 21 ; [1.5904354775145355] ; [7.0032751883642543]
835 ; 0 ; 48 ; 22 ; [1.673481946019503] ; [1.279468524456431]
835 ; 0 ; 48 ; 23 ; [1.1258191401045263] ; [2.9543549365782877]
835 ; 0 ; 49 ; 0 ; [1.8657804756281247] ; [0.44285267385822291]
835 ; 0 ; 49 ; 2 ; [0.29445579190430732] ; [0.42600399176795506]
835 ; 0 ; 49 ; 6 ; [0.45685207106743486] ; [6.8395510150792695]
835 ; 0 ; 49 ; 7 ; [2.3596550807597554] ; [1.6761860177719934]
835 ; 0 ; 49 ; 11 ; [1.8893435585059306] ; [1.1506698569786211]
835 ; 0 ; 49 ; 14 ; [1.7474632110191262] ; [1.1249382720369081]
835 ; 0 ; 49 ; 15 ; [1.5902125653820534] ; [1.6378160504556021]
835 ; 0 ; 49 ; 16 ; [0.10682981976940834] ; [1.5391729993386736]
835 ; 0 ; 49 ; 17 ; [0.63673033928231038] ; [3.415697829566652]
835 ; 0 ; 50 ; 0 ; [0.75901965928997284] ; [0.10011890473222845]
835 ; 0 ; 50 ; 2 ; [0.68884235780427661] ; [0.020397394689066789]
835 ; 0 ; 50 ; 4 ; [0.15977992938680369] ; [0.12542728115211135]
835 ; 0 ; 51 ; 1 ; [0.11631840234867233] ; [0.0097760408754839507]
835 ; 0 ; 51 ; 3 ; [0.1169226682475214] ; [-0.023412370210272718]
835 ; 0 ; 51 ; 4 ; [0.10969702498377597] ; [-0.0024316943798006405]
835 ; 0 ; 52 ; 0 ; [0.048301545283426964] ; [0.5824286294866442]
835 ; 0 ; 52 ; 4 ; [1.1400895314687434] ; [2.7476417143512673]
835 ; 0 ; 52 ; 5 ; [1.9744312120831573] ; [0.53794587559175933]
835 ; 0 ; 52 ; 11 ; [2.5909389066649822] ; [0.93273989059318552]
835 ; 0 ; 52 ; 12 ; [1.1533241434717127] ; [2.4446334624789094]
835 ; 0 ; 52 ; 14 ; [3.07109502404065] ; [2.4848407995303017]
835 ; 0 ; 52 ; 15 ; [1.1512556671726344] ; [4.2387153331713732]
835 ; 0 ; 52 ; 16 ; [2.4897833353829388] ; [2.378212282690026]
835 ; 0 ; 52 ; 17 ; [0.78038998059014897] ; [3.0132406155017049]
835 ; 0 ; 52 ; 18 ; [0.64892794315016267] ; [5.1644333433198906]
835 ; 0 ; 52 ; 19 ; [2.8287518855962626] ; [0.89606339637558052]
835 ; 0 ; 52 ; 21 ; [3.1781131097301061] ; [1.6706739585867285]
835 ; 0 ; 52 ; 25 ; [5.211369126973759] ; [3.2202545192443393]
835 ; 0 ; 52 ; 28 ; [1.4516351625912558] ; [0.53116720846832199]
835 ; 0 ; 52 ; 29 ; [1.1731261790988541] ; [0.88012557447004414]
835 ; 0 ; 52 ; 30 ; [2.4519462148866076] ; [0.86869311276623562]
835 ; 0 ; 52 ; 31 ; [1.1676757797988291] ; [1.067844613923576]
835 ; 0 ; 53 ; 0 ; [0.0075701643095435972] ; [0.094701284372639333]
835 ; 0 ; 53 ; 1 ; [0.27477975516988579] ; [1.0798461162286503]
835 ; 0 ; 53 ; 2 ; [0.013713786892903219] ; [0.28759767037452783]
835 ; 0 ; 53 ; 3 ; [0.3863105177259385] ; [0.21551151407401509]
835 ; 0 ; 54 ; 0 ; [0.18918538203400148] ; [0.24910024751035098]
835 ; 0 ; 54 ; 3 ; [0.49911416163844935] ; [0.50518786272843408]
835 ; 0 ; 54 ; 4 ; [0.16627572435875188] ; [0.36954206485657948]
835 ; 0 ; 55 ; 0 ; [0.21672119504947282] ; [0.42622867851136786]
835 ; 0 ; 56 ; 1 ; [0.84448980976633803] ; [1.4059803620100328]
835 ; 0 ; 56 ; 2 ; [0.63859860584243999] ; [0.25115038064461248]
835 ; 0 ; 56 ; 4 ; [0.16521407097302354] ; [0.11380516278317786]
835 ; 0 ; 57 ; 0 ; [0.22768539624682538, 0.12026536181544935] ; [0.30321181690623922, 0.15224832240657049]
835 ; 0 ; 58 ; 2 ; [1.2729143084818388] ; [1.7432076467921325]
835 ; 0 ; 58 ; 3 ; [1.6746297354587076] ; [1.057443882644346]
835 ; 0 ; 58 ; 6 ; [0.11778270868768856] ; [0.44944482096484301]
835 ; 0 ; 58 ; 7 ; [0.53278701045297072] ; [1.9375715668855704]
835 ; 0 ; 58 ; 9 ; [1.3889536548992019] ; [1.26620030470238]
835 ; 0 ; 58 ; 10 ; [0.48460676347754167] ; [0.77920900288822403]
835 ; 0 ; 58 ; 11 ; [0.051196543647197792] ; [1.2739953627318921]
835 ; 0 ; 58 ; 19 ; [0.19021698301760048] ; [1.2359504854370009]
835 ; 0 ; 58 ; 23 ; [0.22670953110181433] ; [0.69523849039499852]
835 ; 0 ; 59 ; 0 ; [0.0082036684911733406, 0.013688390557209353, 0.1613038207590968, 0.015686070715904932] ; [0.22947303777852551, 0.20526761097028837, 0.37339297873866295, 0.36929362407088018]
835 ; 0 ; 60 ; 3 ; [0.2252211725737146] ; [0.040244285596993681]
835 ; 0 ; 61 ; 0 ; [0.17691850619201174, 0.15801588846904327, 0.20618479421643507] ; [0.19592463733098645, 0.19905842455649148, 0.15742231484470628]
835 ; 0 ; 62 ; 0 ; [0.54248985473749944, 0.38500136752444503] ; [1.2392327177110753, 0.069690040697675551]
835 ; 0 ; 62 ; 1 ; [0.18461554697380664] ; [0.10570246914901492]
835 ; 0 ; 62 ; 4 ; [0.13552481224853899] ; [0.16771399723633126]
835 ; 0 ; 62 ; 5 ; [4.5315777211931056] ; [0.23771009739595411]
835 ; 0 ; 63 ; 0 ; [0.16274540666599199] ; [0.052818742239062515]
835 ; 0 ; 63 ; 1 ; [0.086618959688300162] ; [0.019607837667236172]
835 ; 0 ; 63 ; 3 ; [0.051112311118992823] ; [0.34047569648374931]
835 ; 0 ; 64 ; 0 ; [1.6748290730605933] ; [0.86793851042817283]
835 ; 0 ; 64 ; 1 ; [0.59848943100449092] ; [-0.038742969536461079]
835 ; 0 ; 64 ; 3 ; [1.9469627997229375] ; [1.1633440731576166]
835 ; 0 ; 64 ; 7 ; [0.024196340550169185] ; [1.5910311244477655]
835 ; 0 ; 64 ; 9 ; [0.043148788653275504] ; [1.108728926913376]
835 ; 0 ; 64 ; 10 ; [2.0416118854233982] ; [1.6548870435287537]
835 ; 0 ; 64 ; 11 ; [1.2246390332703871] ; [1.966055231466272]
835 ; 0 ; 64 ; 12 ; [2.1707999811668106] ; [1.4007582732623798]
835 ; 0 ; 64 ; 13 ; [1.7364970741944692] ; [2.4399568273875127]
835 ; 0 ; 64 ; 17 ; [0.0059550142436404149] ; [0.75347147929989922]
835 ; 0 ; 64 ; 19 ; [0.1533732512285628] ; [1.2212899722426001]
835 ; 0 ; 64 ; 20 ; [0.31977315805416223] ; [1.0972338684836633]
835 ; 0 ; 65 ; 0 ; [1.4733802948249652] ; [0.51589475373305249]
835 ; 0 ; 65 ; 1 ; [1.56913757705196] ; [0.29215491244660197]
835 ; 0 ; 65 ; 4 ; [0.12217200832516401] ; [0.34496431697944585]
835 ; 0 ; 66 ; 0 ; [0.096842496158914965, 0.13661487373998152, 0.053645652383811526, 0.038613966860473491, 0.038847008391934744] ; [0.18955035466798423, 0.21191117056757428, 0.28180962567727685, 0.18383990814407339, 0.19224992811220673]
835 ; 0 ; 66 ; 1 ; [0.22404028376869559] ; [0.20268541237814769]
835 ; 0 ; 67 ; 0 ; [0.56950761529094318] ; [1.6785400285728382]
835 ; 0 ; 69 ; 0 ; [0.24446222796373382, 0.040438642109240225] ; [0.55063724907778078, 0.095186083729988061]
835 ; 0 ; 69 ; 1 ; [0.11319106168079125] ; [0.28408202102120678]
835 ; 0 ; 70 ; 0 ; [0.44832668895862204] ; [0.42979472040931205]
835 ; 0 ; 71 ; 0 ; [0.26944354731937797] ; [0.62631416055072942]
835 ; 0 ; 71 ; 2 ; [0.13909019452117297] ; [1.07272079532189]
835 ; 0 ; 71 ; 5 ; [0.12184048987618266] ; [1.1030526242126202]
835 ; 0 ; 72 ; 0 ; [0.23884432769889746, 0.35557691908205541, 0.19480394738606688] ; [0.2844290402335321, 0.2846487781977971, 0.032159467197791398]
835 ; 0 ; 72 ; 1 ; [0.82760989878849223] ; [0.47938961386172918]
835 ; 0 ; 72 ; 2 ; [0.67449855583950413] ; [1.0067506430966746]
835 ; 0 ; 73 ; 1 ; [0.49167946121897238] ; [0.047873347877816358]
835 ; 0 ; 73 ; 8 ; [0.46957765265625462] ; [1.8254753023685133]
835 ; 0 ; 73 ; 10 ; [0.69683190264563055, 0.97234318529032004, 0.69607220963379146, 0.67670679149193402] ; [0.82129041579086115, 0.68077998297851472, 0.44173921666563915, 0.68315470518462729]
835 ; 0 ; 74 ; 4 ; [1.7666365689770889] ; [-0.0098256587010931776]
835 ; 0 ; 74 ; 5 ; [1.3091931891899014] ; [0.50550970224820857]
835 ; 0 ; 74 ; 6 ; [2.9075958492421008] ; [2.7734202094486311]
835 ; 0 ; 74 ; 8 ; [0.32006892013079374] ; [0.96960897925122935]
835 ; 0 ; 74 ; 11 ; [2.7983248985922415] ; [2.0684511535342724]
835 ; 0 ; 74 ; 12 ; [0.8707155419058773] ; [4.1878185321203363]
835 ; 0 ; 74 ; 13 ; [5.9275412431657717] ; [2.0776925409404097]
835 ; 0 ; 74 ; 15 ; [0.19276429067945275] ; [0.98078640241272208]
835 ; 0 ; 74 ; 17 ; [1.7348298924414978] ; [1.554813619684307]
835 ; 0 ; 74 ; 20 ; [1.3396808458285154] ; [0.76655024807004801]
835 ; 0 ; 74 ; 21 ; [0.1674209827924554] ; [0.6604511843639822]
835 ; 0 ; 74 ; 23 ; [0.91893170700543281] ; [2.0484882669495414]
835 ; 0 ; 75 ; 0 ; [0.17155810245824835] ; [1.6598913703212927]
835 ; 0 ; 75 ; 1 ; [0.97030355704349747] ; [0.13170899855562501]
835 ; 0 ; 75 ; 2 ; [0.0051874218884059376] ; [0.17709417392779747]
835 ; 0 ; 75 ; 3 ; [0.72471069659654663] ; [0.3717610603816478]
835 ; 0 ; 75 ; 9 ; [0.55059660383311837] ; [0.36571630372706743]
835 ; 0 ; 76 ; 0 ; [0.21216905751227158] ; [0.17262365644689914]
835 ; 0 ; 77 ; 0 ; [0.29008688683485373, 0.89519905003069833] ; [0.20995005783953272, 0.41354360271339718]
835 ; 0 ; 77 ; 1 ; [0.022653823499936422] ; [-0.0085603847390510451]
835 ; 0 ; 78 ; 0 ; [0.3574049228920701, 0.37723217546179322, 1.1496895848935573] ; [0.36085159996363286, 0.16200434495627458, 0.13628150398929628]
835 ; 0 ; 78 ; 1 ; [0.56482473958962431] ; [0.031799853982232541]
835 ; 0 ; 79 ; 0 ; [0.15154984676382749] ; [0.091955878706517072]
835 ; 0 ; 79 ; 1 ; [6.221937342876922] ; [0.5030065737216205]
835 ; 0 ; 80 ; 0 ; [0.31267794862955844, 1.1646460863440413] ; [0.25550543967872236, 0.45230776105262416]
835 ; 0 ; 80 ; 2 ; [1.7804021726254353] ; [1.1657193591567045]
835 ; 0 ; 81 ; 0 ; [0.31260053586422626] ; [0.58426619064884378]
835 ; 0 ; 81 ; 2 ; [0.5892941951842392] ; [1.2368395364715965]
835 ; 0 ; 81 ; 6 ; [0.017486857323086503] ; [0.29227884385271069]
835 ; 0 ; 81 ; 7 ; [0.39022676589908067] ; [0.68565873857489013]
835 ; 0 ; 82 ; 2 ; [2.1127163480313422] ; [4.5491128118473787]
835 ; 0 ; 82 ; 3 ; [1.1490267419800584] ; [0.1046721899304834]
835 ; 0 ; 83 ; 0 ; [0.16795828209318664, 0.051700880977891377, -0.024208059269282118] ; [0.25504650776851823, 0.24888305980340986, 0.041758777274324227]
835 ; 0 ; 83 ; 1 ; [0.22420613595039712] ; [0.13824394023012077]
835 ; 0 ; 83 ; 2 ; [0.55492959270185127] ; [0.074630741439852141]
835 ; 0 ; 84 ; 3 ; [0.22233661792850754] ; [1.0575504557805684]
835 ; 0 ; 84 ; 9 ; [-0.24215832921944139] ; [1.8681788322737958]
835 ; 0 ; 85 ; 0 ; [2.4719519937111669] ; [0.1206248660405233]
835 ; 0 ; 85 ; 2 ; [0.26746902460196081, 0.42687715086570716, 0.5921606358938577, 0.32683078369378921, 0.38785995493749459] ; [0.14525202515277916, 0.34458651169937438, 0.3431861932523641, 0.24691533625128634, 0.17387528561774468]
835 ; 0 ; 85 ; 3 ; [0.74606347761668523] ; [0.085179414527641995]
835 ; 0 ; 86 ; 0 ; [0.24959183657394518] ; [0.37150771846874714]
835 ; 0 ; 86 ; 1 ; [1.3008435576596957] ; [0.98126452153319832]
835 ; 0 ; 86 ; 3 ; [0.95356189338801145] ; [0.64275865395510257]
835 ; 0 ; 87 ; 1 ; [0.38211407862761937] ; [1.9441132256199181]
835 ; 0 ; 87 ; 3 ; [1.7964275795902236] ; [1.7617215616432838]
835 ; 0 ; 87 ; 5 ; [0.54418934290627818] ; [1.6483876334210135]
835 ; 0 ; 87 ; 6 ; [1.736724375843357] ; [2.1240399020792995]
835 ; 0 ; 87 ; 7 ; [0.56926429318172922] ; [1.1957412827700016]
835 ; 0 ; 87 ; 8 ; [0.21871704480423382] ; [1.3765961761230077]
835 ; 0 ; 87 ; 13 ; [1.17460857855614] ; [2.3467753918110303]
835 ; 0 ; 87 ; 14 ; [1.645373263351894] ; [1.2117862017087826]
835 ; 0 ; 87 ; 15 ; [2.0953062039077013] ; [2.3516004564641331]
835 ; 0 ; 87 ; 18 ; [2.0341577875968229] ; [2.1070307074579646]
835 ; 0 ; 87 ; 20 ; [0.24610245580778478] ; [1.3031346488977091]
835 ; 0 ; 87 ; 21 ; [0.26038012271911848] ; [1.0790138588267715]
835 ; 0 ; 88 ; 0 ; [0.20633110990123385] ; [0.24153956601656074]
835 ; 0 ; 88 ; 2 ; [0.098131032929158993] ; [0.810343894881561]
835 ; 0 ; 89 ; 0 ; [0.18057656306733003, 0.70216742966069934] ; [0.19271567398077658, 0.79040549250524905]
835 ; 0 ; 89 ; 1 ; [0.77219717394232046] ; [0.27123729611886049]
835 ; 0 ; 90 ; 1 ; [0.015600961358430686] ; [0.0068229882003874604]
835 ; 0 ; 91 ; 0 ; [1.8717486317761247] ; [0.29958954933103499]
835 ; 0 ; 91 ; 1 ; [1.0890962727660607] ; [1.3834423647803893]
835 ; 0 ; 91 ; 5 ; [1.6627234089758882] ; [0.17130373963401491]
835 ; 0 ; 91 ; 6 ; [0.13516156615371122] ; [0.97254754279532418]
835 ; 0 ; 91 ; 8 ; [3.5104598846537201] ; [1.0960121703555201]
835 ; 0 ; 92 ; 0 ; [0.23353647393185753, 0.1400747470524259, 0.080321316726112688, 0.1815387069932034] ; [0.36785569936299223, 0.30558827996136056, 0.36139674094253871, 0.18875088447747934]
835 ; 0 ; 92 ; 1 ; [0.0094680229373910324] ; [0.29798582783008698]
835 ; 0 ; 93 ; 0 ; [0.5440838793442766] ; [0.11271625248259701]
835 ; 0 ; 93 ; 1 ; [0.82742532622851972] ; [0.11028692965177968]
835 ; 0 ; 93 ; 4 ; [0.051044295419204612] ; [0.24899603186014749]
835 ; 0 ; 95 ; 0 ; [0.13537824870266232] ; [0.014210013736800567]
835 ; 0 ; 95 ; 3 ; [0.34258553003400555] ; [0.1752115654058343]
835 ; 0 ; 96 ; 0 ; [0.88528088220779677] ; [0.60912055396785214]
835 ; 0 ; 97 ; 0 ; [0.089562475967907909, 0.059830428376866987, 0.096279463150939507, 0.071875003058266246, 0.034338167424339025] ; [0.24669311281799633, 0.14579119597683154, 0.28953294786992373, 0.23492699895789951, 0.1699396555720542]
835 ; 0 ; 98 ; 0 ; [0.20952867103933948, 0.98037235929741895] ; [0.086112813867943297, 0.97101975205510982]
835 ; 0 ; 98 ; 1 ; [0.063434495966651933] ; [0.38800356864759816]
835 ; 0 ; 98 ; 3 ; [1.0302393562846444] ; [0.5308771170434039]
835 ; 0 ; 99 ; 0 ; [0.0054594791255348669, -0.0029431915573914376, 0.0077959751221582767, -0.00804629027249135] ; [0.28657489889705606, 0.1746978389068852, 0.27454565216454602, 0.18664000320281449]
835 ; 0 ; 100 ; 0 ; [1.4212467349635156] ; [0.88611003722490955]
835 ; 0 ; 100 ; 4 ; [0.29385829495717203] ; [0.92315623026276195]
835 ; 0 ; 100 ; 12 ; [0.14340379709320103] ; [-0.0012267711392172822]
835 ; 0 ; 101 ; 0 ; [0.43186578249258989, 2.0505930542208186] ; [0.31999583056317321, 0.22831559791220979]
835 ; 0 ; 101 ; 1 ; [0.47770388491673288] ; [0.098226800247863968]
835 ; 0 ; 101 ; 6 ; [0.39847564820390724] ; [0.28628058694625463]
835 ; 0 ; 101 ; 8 ; [0.28747923432439548] ; [0.68028051138008394]
835 ; 0 ; 101 ; 12 ; [0.13914627636279789] ; [0.55904515906394392]
835 ; 0 ; 101 ; 13 ; [0.94500562101424146] ; [0.046651469425037034]
835 ; 0 ; 102 ; 0 ; [0.52351975124646233, 0.38974820743128624, 0.16562713962016595] ; [0.32810772932209503, 0.34782359107774496, 0.066605566054006221]
835 ; 0 ; 102 ; 1 ; [0.092630848764523308, 0.05559830269806873] ; [0.36125778761857852, 0.083379126620975935]
835 ; 0 ; 102 ; 2 ; [3.8026155661795995] ; [0.071734876189956942]
835 ; 0 ; 102 ; 3 ; [0.056748101563988969] ; [0.017241214523898759]
835 ; 0 ; 103 ; 0 ; [1.445683414004681] ; [1.4774730335792106]
835 ; 0 ; 103 ; 1 ; [0.42851475076506435] ; [1.1522267002644522]
835 ; 0 ; 105 ; 1 ; [0.42634232812068307] ; [1.281850465300614]
835 ; 0 ; 105 ; 5 ; [0.16705878709770661] ; [0.70496774935085971]
835 ; 0 ; 105 ; 6 ; [0.29398296994834017] ; [2.9716555691509066]
835 ; 0 ; 106 ; 3 ; [3.9529913447640936] ; [1.0915461995242224]
835 ; 0 ; 107 ; 0 ; [0.17607291149513371, 0.013965603067195123] ; [0.25939846754837648, 0.21836792812937653]
835 ; 0 ; 107 ; 1 ; [0.12950250532012017] ; [0.054864041244120372]
835 ; 0 ; 107 ; 2 ; [0.21515016799911821] ; [0.085323906167126831]
835 ; 0 ; 108 ; 1 ; [-0.18184658204025705] ; [2.000818280056218]
835 ; 0 ; 109 ; 7 ; [1.6478750433827898] ; [0.42831543949251594]
835 ; 0 ; 109 ; 8 ; [0.027316196325790867] ; [0.13280536982800625]
835 ; 0 ; 110 ; 0 ; [1.0138742847533053, 0.26773939686043174] ; [0.32436821644840336, 0.14917297393654416]
835 ; 0 ; 110 ; 1 ; [0.62961730599478738] ; [0.18913112457350476]
835 ; 0 ; 111 ; 1 ; [0.16641752860390824, 0.26255702798547959] ; [0.19360511326979563, 0.24687801601175643]
835 ; 0 ; 111 ; 2 ; [0.49365938672918813] ; [0.28269510246307183]
835 ; 0 ; 113 ; 8 ; [0.3698717168289925] ; [1.9881018231986736]
835 ; 0 ; 114 ; 0 ; [0.42029189051400051, 0.0046013438680722546] ; [0.56584813912215737, 0.23393152256935124]
835 ; 0 ; 114 ; 1 ; [0.10793789348532154] ; [1.1058987363523267]
835 ; 0 ; 114 ; 2 ; [0.27239173805238803] ; [0.23857364689780788]
835 ; 0 ; 114 ; 5 ; [0.11898828968888765] ; [-0.031858949619631829]
835 ; 0 ; 115 ; 0 ; [0.00088913498276835127] ; [-0.017781249639527655]
835 ; 0 ; 116 ; 0 ; [0.77385381354739202] ; [0.24551906154661154]
835 ; 0 ; 116 ; 2 ; [2.0914099410107507] ; [0.12685863335809144]
835 ; 0 ; 117 ; 0 ; [0.99620637396265632] ; [0.67621166461855997]
835 ; 0 ; 117 ; 1 ; [0.25013561432070264] ; [0.46203221688279089]
835 ; 0 ; 117 ; 4 ; [0.16973249199009413] ; [0.44176097504424261]
835 ; 0 ; 117 ; 6 ; [0.97964075275524432] ; [0.98279379645500398]
835 ; 0 ; 117 ; 7 ; [0.30449905444435277] ; [0.4953891591715564]
835 ; 0 ; 117 ; 11 ; [0.16841338939317316] ; [1.0907519701853219]
835 ; 0 ; 117 ; 14 ; [0.047718354358619312] ; [0.17128801453711079]
835 ; 0 ; 118 ; 0 ; [0.1348431987595258] ; [0.31617201338734452]
835 ; 0 ; 118 ; 1 ; [1.1324930542010514] ; [0.84637473970599164]
835 ; 0 ; 118 ; 5 ; [7.1045815158845285] ; [1.0547810576891732]
835 ; 0 ; 118 ; 7 ; [1.6045331279777835] ; [1.5931047530916511]
835 ; 0 ; 118 ; 8 ; [2.3189264082016554] ; [2.3162076250429848]
835 ; 0 ; 118 ; 13 ; [0.41173869165839921] ; [0.1219422112752037]
835 ; 0 ; 118 ; 21 ; [1.4414958083568044] ; [1.4278678439672083]
835 ; 0 ; 118 ; 22 ; [1.637978493457334] ; [2.4810578129374967]
835 ; 0 ; 119 ; 0 ; [0.41291700036929235, 0.023979110409446586] ; [0.22855532493271757, 0.10649534299332937]
835 ; 0 ; 120 ; 0 ; [0.13660008328476886] ; [0.39893903265304387]
835 ; 0 ; 121 ; 0 ; [0.14815025936889964, 0.12744993462342608, 0.28968151894247102, 0.076687350933811543, 1.0037829884665856] ; [0.27816202207042767, 0.49037399894637751, 0.3476176043602176, 0.22162402736689391, 0.82664422922082437]
835 ; 0 ; 122 ; 0 ; [0.2262832314329199] ; [0.33930110826814258]
835 ; 0 ; 122 ; 1 ; [-0.0087530143265944875] ; [0.01277504613367032]
835 ; 0 ; 123 ; 0 ; [1.0896737167437951] ; [1.1132712242227985]
835 ; 0 ; 123 ; 6 ; [1.123287639386902] ; [0.98050002048887186]
835 ; 0 ; 123 ; 7 ; [1.5400869424140586] ; [1.2394015276825898]
835 ; 0 ; 123 ; 9 ; [7.9107785697470749] ; [0.4225556501237937]
835 ; 0 ; 123 ; 17 ; [0.55010717215337823] ; [0.88447614704794042]
835 ; 0 ; 123 ; 19 ; [2.7577222009051385] ; [1.0020551576508798]
835 ; 0 ; 124 ; 0 ; [0.0081832452191794407] ; [0.1700078532095691]
835 ; 0 ; 124 ; 1 ; [0.033384076477223489] ; [0.26296962683255981]
835 ; 0 ; 125 ; 0 ; [0.50268015402009569] ; [0.026188237143200857]
835 ; 0 ; 125 ; 1 ; [0.21664984651314986] ; [0.038612727183751056]
835 ; 0 ; 125 ; 2 ; [2.2165877847331519] ; [0.79099683686437805]
835 ; 0 ; 125 ; 3 ; [1.003203523018559] ; [1.8557036349620077]
835 ; 0 ; 125 ; 4 ; [0.42367315477275419] ; [1.6186053721875946]
835 ; 0 ; 125 ; 8 ; [1.5785478050241313] ; [1.918301277847946]
835 ; 0 ; 125 ; 11 ; [1.4788709407033958] ; [2.3653556853850546]
835 ; 0 ; 126 ; 0 ; [0.56340708401359585] ; [0.10964403450639053]
835 ; 0 ; 126 ; 1 ; [0.61075839559634659] ; [0.82942823808003885]
835 ; 0 ; 126 ; 2 ; [0.46017269844656783] ; [0.30941293611323922]
835 ; 0 ; 126 ; 4 ; [1.8829034380699907] ; [0.6043230632150941]
835 ; 0 ; 126 ; 7 ; [0.27081911063929109] ; [0.49676123115059145]
835 ; 0 ; 126 ; 8 ; [0.68597430118082559] ; [0.17419731868142191]
835 ; 0 ; 126 ; 13 ; [0.36402677173242004] ; [0.39895916103524337]
835 ; 0 ; 126 ; 17 ; [0.24710006277683416] ; [3.5770130954120254]
835 ; 0 ; 127 ; 0 ; [0.043870898722106234, 0.30263681602566977] ; [0.33803061748763913, 0.10014202274707369]
835 ; 0 ; 127 ; 1 ; [-0.0056379306269067914, 0.097957525667676112] ; [0.25537425391946167, 0.17807184948967117]
835 ; 0 ; 128 ; 0 ; [0.30214269958089834, 0.022052361528073418, 0.0080318859779746014, 0.073037472500932052] ; [0.15249021337402319, 0.51618436057290129, 0.16415596033599988, 0.18498665141160064]
835 ; 0 ; 129 ; 0 ; [0.024404493399800508, 0.045204710328479253, 0.28909401081521441, 0.31205483286234198] ; [0.4071811931507382, 0.27091621404208172, 0.59586537855408672, 0.27765517822475339]
835 ; 0 ; 129 ; 1 ; [0.13953913591378975] ; [0.7325110570792327]
835 ; 0 ; 130 ; 0 ; [0.9998341229130111] ; [0.46278467979407384]
835 ; 0 ; 130 ; 1 ; [3.6169663237601073] ; [0.28453876354318985]
835 ; 0 ; 130 ; 2 ; [0.7963216925400749] ; [0.43580782866024348]
835 ; 0 ; 130 ; 7 ; [1.2418700542479266] ; [1.4968334513957289]
835 ; 0 ; 130 ; 8 ; [0.13919923121527242] ; [0.96538916344935377]
835 ; 0 ; 131 ; 0 ; [0.26942030394814376, 1.3619782849641331] ; [0.27453260813239594, 0.091033247439720813]
835 ; 0 ; 131 ; 1 ; [0.018673441349344146] ; [-0.01262586983978661]
835 ; 0 ; 131 ; 2 ; [0.07801689116473369] ; [0.030669930167221422]
835 ; 0 ; 132 ; 2 ; [0.085418028837610946] ; [0.018912982700341373]
835 ; 0 ; 132 ; 4 ; [0.1394688877980334, 0.21585177660847921, 0.3099590697190534, -0.0035257959306337085, 0.00037573871211837818] ; [0.27766962140906437, 0.32469376252118765, 0.60660661327509358, 0.17131941135893741, 0.052882858656398059]
835 ; 0 ; 132 ; 5 ; [2.1114311639763388] ; [0.15007056039110245]
835 ; 0 ; 133 ; 0 ; [0.36317471753422814, 0.001125595286551432, -0.004424070374155601] ; [0.2606112128745548, 0.48607000459529881, 0.16752767898680043]
835 ; 0 ; 134 ; 0 ; [0.064095403439121304, 0.10628610456816125] ; [0.30181023540771934, 0.16436990063427681]
835 ; 0 ; 135 ; 4 ; [0.45687719884204409, 0.68191233804729789] ; [0.99532281099285203, 0.50613235654419808]
835 ; 0 ; 135 ; 5 ; [0.47120047940595955] ; [0.74584996718695462]
835 ; 0 ; 136 ; 0 ; [7.4092656119725921, 1.3616550317329368] ; [0.23738082996645207, 0.16322903570871783]
835 ; 0 ; 136 ; 2 ; [1.5624642361769556] ; [1.3729215322502644]
835 ; 0 ; 136 ; 3 ; [2.2343056451085221] ; [1.3333955031136462]
835 ; 0 ; 137 ; 0 ; [0.33937931819516703, 0.24979593461019031, 0.27938021711460853, 0.2842468273146066, 0.29207216309407141, 0.22095526059942153] ; [0.21274210070374322, 0.18768369160416551, 0.16573092713045409, 0.26736450604726331, 0.2156446148872975, 0.14783331174082961]
835 ; 0 ; 138 ; 0 ; [0.21434100939225653] ; [0.49582800491328199]
835 ; 0 ; 138 ; 1 ; [0.31897536424991479] ; [0.19999374877032172]
835 ; 0 ; 138 ; 2 ; [0.87121173465261559] ; [1.4547975567296199]
835 ; 0 ; 138 ; 3 ; [0.53908038765810051] ; [2.7700824737729719]
835 ; 0 ; 139 ; 0 ; [0.68701571796674465] ; [0.30652994375195136]
835 ; 0 ; 139 ; 2 ; [0.32344950513985693] ; [0.541507653662333]
835 ; 0 ; 139 ; 5 ; [0.32395090622892725] ; [0.32572325538739816]
835 ; 0 ; 140 ; 0 ; [0.32209611117691395, 0.46805946293367179, 0.40755097933499185, 0.48643191841098393, 0.45560306298088987, 0.69680980633833611] ; [0.13382299427525338, 0.30827777950740937, 0.29728680139745017, 0.21470990522090375, 0.25441652357247624, 0.27888376964216655]
835 ; 0 ; 141 ; 0 ; [0.30097892898995321, 0.33017963406122453, 0.053799162123986992, 0.095962383286947006, 0.04324875764352247] ; [0.32378815318588672, 0.44710662388250694, 0.24979506138602403, 0.21259225173751314, 0.043361499893417317]
835 ; 0 ; 142 ; 0 ; [0.18850847825874126, 0.28558919966499852, 0.16377160874079977] ; [0.35020266041707021, 0.3265386770929174, 0.29887912737057371]
835 ; 0 ; 143 ; 1 ; [0.35862692778538119] ; [0.0066305952580097737]
835 ; 0 ; 144 ; 0 ; [0.86432683769692575] ; [0.047415163811296061]
835 ; 0 ; 144 ; 2 ; [1.6929006056152387] ; [1.0850335226570984]
835 ; 0 ; 144 ; 6 ; [0.34146056297594335] ; [1.2580734781941549]
835 ; 0 ; 144 ; 8 ; [0.32543344974672533] ; [1.1181406427022256]
835 ; 0 ; 146 ; 0 ; [0.1930511321639084] ; [0.091722282640841979]
835 ; 0 ; 147 ; 0 ; [0.4362496128770052] ; [4.0591266795718273]
835 ; 0 ; 147 ; 1 ; [0.40531204258195558] ; [-0.011256766997281344]
835 ; 0 ; 147 ; 2 ; [3.3115732785030749] ; [4.8185310314956871]
835 ; 0 ; 147 ; 3 ; [1.0386042249942369] ; [2.5826237782038399]
835 ; 0 ; 147 ; 5 ; [0.16531607008885121] ; [1.9617879552167903]
835 ; 0 ; 147 ; 6 ; [1.4769849687026406] ; [2.0717407684913858]
835 ; 0 ; 147 ; 7 ; [0.23489912338223218] ; [1.6234518455644651]
835 ; 0 ; 147 ; 9 ; [0.027784867874924485] ; [1.0931214014783286]
835 ; 0 ; 148 ; 0 ; [0.68756874169262683] ; [1.1420577940834173]
835 ; 0 ; 148 ; 1 ; [1.5820790643369558] ; [0.79065779714669449]
835 ; 0 ; 148 ; 2 ; [0.58998984161453594] ; [1.7586384213214721]
835 ; 0 ; 148 ; 11 ; [1.1682863609237435] ; [1.5313522989399764]
835 ; 0 ; 148 ; 12 ; [2.1112948839248338] ; [0.87315234247634366]
835 ; 0 ; 149 ; 0 ; [1.2702514221317618] ; [0.42856066973243373]
835 ; 0 ; 150 ; 0 ; [1.6744164018477672] ; [0.53776182596779343]
835 ; 0 ; 150 ; 2 ; [0.63537147578608766] ; [0.1013234984664954]
835 ; 0 ; 150 ; 10 ; [0.050393214640685663] ; [0.0231059522401647]
835 ; 0 ; 151 ; 0 ; [0.12930018342824101] ; [0.22697780825092279]
835 ; 0 ; 151 ; 2 ; [0.48712167455304806] ; [-0.01210303297718362]
835 ; 0 ; 152 ; 0 ; [0.051833069408049243] ; [0.65372919212672642]
835 ; 0 ; 152 ; 2 ; [0.033306356441751429] ; [0.17511278625100696]
835 ; 0 ; 152 ; 3 ; [0.23244642223225453] ; [0.637929240975038]
835 ; 0 ; 153 ; 0 ; [0.0046011548298241752, 0.046115818385264053, 0.015851592238611531, 0.015181688026764796] ; [0.19359231180568764, 0.15855252684127716, 0.17660725277393116, 0.081814185446968279]
835 ; 0 ; 154 ; 0 ; [1.4285727348762252] ; [0.7259079087518916]
835 ; 0 ; 154 ; 1 ; [0.20521507368848435] ; [0.1542216205864739]
835 ; 0 ; 154 ; 2 ; [0.0012910892221136459] ; [0.6009527129170994]
835 ; 0 ; 155 ; 0 ; [2.1187605740407953] ; [0.12254239663412443]
835 ; 0 ; 155 ; 4 ; [1.0881272166628495] ; [-0.00029458779388894706]
835 ; 0 ; 155 ; 6 ; [0.09840407038707151] ; [4.4355039985773246]
835 ; 0 ; 155 ; 7 ; [1.4021044850272886] ; [1.6207501860325009]
835 ; 0 ; 155 ; 10 ; [1.4740830678473933] ; [0.68564718494537924]
835 ; 0 ; 155 ; 14 ; [0.10543721262989524] ; [1.2316984333491652]
835 ; 0 ; 155 ; 15 ; [0.12984614931790103] ; [3.8649730620466807]
835 ; 0 ; 156 ; 0 ; [0.066553704724477358, -0.0063195366268500603, -0.00096988976122720522, 0.014438397594009684] ; [0.20868360306421263, 0.31619894680943034, 0.22212963239802674, 0.20090201717923076]
835 ; 0 ; 156 ; 1 ; [0.022078464924581702, 0.10390105997553192] ; [-0.012936937110808696, -0.0052778946431293857]
835 ; 0 ; 157 ; 0 ; [0.32000130593312437] ; [0.13099447121506638]
835 ; 0 ; 157 ; 2 ; [0.45411709034662368] ; [0.49377636220480614]
835 ; 0 ; 157 ; 3 ; [0.075113550017671116] ; [0.23852701336939414]
835 ; 0 ; 157 ; 4 ; [1.5323666361168082] ; [0.19319592170546554]
835 ; 0 ; 157 ; 5 ; [0.31671939565234064] ; [0.60366379778952395]
835 ; 0 ; 157 ; 6 ; [0.54040674001283939] ; [1.1518027485873539]
835 ; 0 ; 157 ; 8 ; [0.13418908763891338] ; [1.7845641616075811]
835 ; 0 ; 158 ; 0 ; [0.31276240086442558, 0.097651874119969548, 0.79275697381731425] ; [0.27084175115372905, 0.23076869520815249, 0.01288004286541963]
835 ; 0 ; 158 ; 1 ; [0.52008745559954606] ; [0.25134037355733857]
835 ; 0 ; 159 ; 0 ; [0.36117243884212319, 0.32273219196757408, 0.38464317078336829, 0.73401922420526711] ; [0.17743327215277785, 0.3043532766525982, 0.28543339539751628, 0.20919582896084282]
835 ; 0 ; 159 ; 2 ; [0.13564818445883228] ; [0.033936704778037119]
835 ; 0 ; 159 ; 3 ; [0.085274257783398519] ; [0.14678529554372294]
835 ; 0 ; 160 ; 0 ; [2.4037276063957882, 1.5962560700867816, 7.2592360989353226] ; [0.62072524651367555, 0.60425375152914484, 0.8708607797555975]
835 ; 0 ; 160 ; 3 ; [1.7630896581047553] ; [1.9225344940624913]
835 ; 0 ; 160 ; 6 ; [1.9086132024444982] ; [1.6223824989035804]
835 ; 0 ; 161 ; 0 ; [0.89880065181307989] ; [0.41128936595383081]
835 ; 0 ; 161 ; 1 ; [4.1250765158788365] ; [0.100634118954298]
835 ; 0 ; 161 ; 2 ; [0.34854365350802896] ; [-0.18560136805890162]
835 ; 0 ; 161 ; 6 ; [0.78805874548708243] ; [0.26734944810617101]
835 ; 0 ; 162 ; 2 ; [0.834838038995523] ; [1.303917971772971]
835 ; 0 ; 162 ; 6 ; [1.5776020720893633] ; [0.01326502158920218]
835 ; 0 ; 163 ; 0 ; [0.29698087304566284, 0.69956575332461146] ; [0.71573400975824941, 0.97628700935172197]
835 ; 0 ; 163 ; 1 ; [1.1716923442710332] ; [-0.011060160992592782]
835 ; 0 ; 164 ; 0 ; [6.9116922739590745] ; [3.0477813060901839]
835 ; 0 ; 164 ; 3 ; [0.47202646937361359] ; [11.487039800759469]
835 ; 0 ; 165 ; 3 ; [0.0036564846501108356] ; [0.23580199576592725]
835 ; 0 ; 167 ; 1 ; [2.1096184831180271] ; [-0.10335407416855835]
835 ; 0 ; 168 ; 0 ; [0.32889502902660861, 0.43266167701964875] ; [0.082514008959874138, 0.064329098398465276]
835 ; 0 ; 168 ; 1 ; [0.2601023787238016] ; [0.45265204328509007]
835 ; 0 ; 168 ; 2 ; [0.15751641863590024] ; [0.32002040663859127]
835 ; 0 ; 168 ; 3 ; [-0.002269633553277159] ; [0.11870817151217207]
835 ; 0 ; 169 ; 0 ; [0.23918283988412548, 0.2712578681874] ; [0.1690243047248135, 0.19802125164438822]
835 ; 0 ; 169 ; 1 ; [0.21312139781751419] ; [0.19320970545525459]
835 ; 0 ; 170 ; 2 ; [1.0249453882894555] ; [3.1432201085117262]
835 ; 0 ; 171 ; 0 ; [1.2222170662385274] ; [0.75064368480022403]
835 ; 0 ; 171 ; 2 ; [1.4835852631896502] ; [1.2066606937639257]
835 ; 0 ; 171 ; 3 ; [0.17603800828479524] ; [1.7725150503850937]
835 ; 0 ; 171 ; 5 ; [1.2627940582721902] ; [5.94852317882295]
835 ; 0 ; 171 ; 8 ; [0.91509143417192451] ; [2.7761298815816771]
835 ; 0 ; 172 ; 0 ; [0.9365913682246485, 0.037636428614324806] ; [0.2439472297407444, 0.19889539083656016]
835 ; 0 ; 172 ; 1 ; [-0.0043382517117548864] ; [0.10399773822172387]
835 ; 0 ; 172 ; 2 ; [0.23146266955971515] ; [0.0078779327257188937]
835 ; 0 ; 172 ; 4 ; [0.2220089035779805] ; [0.39733410180982931]
835 ; 0 ; 173 ; 0 ; [0.084563700222279783, 0.025738960904012426] ; [0.18944830329402365, 0.095004513497407309]
835 ; 0 ; 174 ; 0 ; [0.030831820144040664, 0.091932958286303615, 0.0016420340416893476] ; [0.22912482911582838, 0.22418316876032224, 0.079067712143666299]
835 ; 0 ; 176 ; 0 ; [3.4162275818485357] ; [0.5331415895093945]
835 ; 0 ; 176 ; 2 ; [4.2067522058357225] ; [1.0283727213081302]
835 ; 0 ; 177 ; 0 ; [0.11996788412562288, 0.095588977070142578, 0.083650801561631363, 0.21623525604358698] ; [0.42556619730417944, 0.13538186728158558, 0.29243887697188531, 0.88044841104048333]
835 ; 0 ; 177 ; 1 ; [0.22599046832894448] ; [0.33559870348365151]
835 ; 0 ; 177 ; 2 ; [0.59769522016425503] ; [0.094025335795216963]
835 ; 0 ; 178 ; 1 ; [0.04289299372102897, 0.014620157660587343, 0.0039266249831876347, 0.057379230568719804] ; [0.40073027798723443, 0.23266393737459928, 0.22481397388535515, 0.1746122919850597]
835 ; 0 ; 179 ; 0 ; [0.81652988709193575, 0.09093574947048623, 0.35130300342960452] ; [0.5515171202021204, 0.29707853957076252, 0.12764677750005507]
835 ; 0 ; 179 ; 1 ; [0.22742924919286842] ; [0.23556758456461144]
835 ; 0 ; 179 ; 2 ; [0.47353926208171043] ; [0.076223666510385368]
835 ; 0 ; 180 ; 0 ; [0.23162287422585812, 0.18877287398803008] ; [0.21877780223575777, 0.11509183665141412]
835 ; 0 ; 181 ; 0 ; [0.7725928797482049] ; [0.32692313615078344]
835 ; 0 ; 181 ; 1 ; [0.44424123982912234] ; [0.14251143662405852]
835 ; 0 ; 181 ; 3 ; [1.5033705927157268] ; [2.2275517863354337]
835 ; 0 ; 181 ; 6 ; [0.15604249223281952] ; [1.0084668271951494]
835 ; 0 ; 181 ; 7 ; [0.19886020278179758] ; [0.52739631900465134]
835 ; 0 ; 182 ; 2 ; [1.1200631556519716] ; [-0.12765120094267943]
835 ; 0 ; 182 ; 12 ; [0.83767463692610844, 0.9773456726856673] ; [0.47888980055718289, 1.0580447752509101]
835 ; 0 ; 183 ; 3 ; [0.17772132374733926] ; [2.601514017883602]
835 ; 0 ; 183 ; 9 ; [0.33010151207412169] ; [4.9503564014795911]
835 ; 0 ; 183 ; 10 ; [0.20371607952205195] ; [3.1897492690408362]
835 ; 0 ; 184 ; 0 ; [0.57733516665525419] ; [0.13200677725392029]
835 ; 0 ; 184 ; 3 ; [0.00029030250381793289] ; [0.29763259167114481]
835 ; 0 ; 185 ; 0 ; [2.3223377671355636] ; [0.20885132852302551]
835 ; 0 ; 185 ; 8 ; [0.40795280023309871] ; [0.001895374978424146]
835 ; 0 ; 186 ; 0 ; [0.40815139921054422] ; [0.89427997657370906]
835 ; 0 ; 186 ; 1 ; [1.1792304184642861] ; [-0.099691400240997444]
835 ; 0 ; 186 ; 3 ; [0.067703022091695708] ; [3.5372600808379571]
835 ; 0 ; 186 ; 5 ; [0.050623060979433941] ; [-0.2398294724114351]
835 ; 0 ; 187 ; 0 ; [0.1373272701186761] ; [0.63337770060262899]
835 ; 0 ; 187 ; 1 ; [3.1184717672111439] ; [0.13320668541555239]
835 ; 0 ; 187 ; 2 ; [0.023043946515686135] ; [1.2857134815862439]
835 ; 0 ; 187 ; 6 ; [0.46806761769314437] ; [0.056712433927974627]
835 ; 0 ; 187 ; 7 ; [0.046549637794438999] ; [0.77533562781477205]
835 ; 0 ; 187 ; 11 ; [0.40887365610718934] ; [0.67559113143279081]
835 ; 0 ; 188 ; 0 ; [0.20732262055775685] ; [0.039460222142399491]
835 ; 0 ; 188 ; 1 ; [0.24823048083082705] ; [0.2160801748329185]
835 ; 0 ; 188 ; 2 ; [0.2236241580468698] ; [2.2603522562298126]
835 ; 0 ; 188 ; 5 ; [0.44602746573692198] ; [-0.0031766080669694318]
835 ; 0 ; 188 ; 6 ; [0.16637966465852164] ; [0.39981854740819744]
835 ; 0 ; 189 ; 0 ; [0.495884774134073] ; [0.28636833825723335]
835 ; 0 ; 190 ; 0 ; [1.4690406762013193, 0.56363464499041838, 0.11301968780118862] ; [0.33168393771278254, 0.5879379985160238, 0.12982505360846933]
835 ; 0 ; 191 ; 0 ; [0.45894846912202225] ; [0.074555340175922621]
835 ; 0 ; 192 ; 0 ; [0.10234895029437109] ; [0.10635649397619103]
835 ; 0 ; 192 ; 1 ; [1.5573107769463286] ; [0.10489358908534691]
835 ; 0 ; 192 ; 2 ; [1.039271576269283] ; [0.91436484522509065]
835 ; 0 ; 192 ; 6 ; [1.1827459313781838] ; [1.0435064397226561]
835 ; 0 ; 192 ; 27 ; [1.2738115655815241] ; [0.906744156991524]
835 ; 0 ; 193 ; 2 ; [0.33899937743748521] ; [0.30138553867512724]
835 ; 0 ; 193 ; 3 ; [0.87812075665067368] ; [0.1306898620411869]
835 ; 0 ; 193 ; 8 ; [0.67432456708492305] ; [1.3505691580522055]
835 ; 0 ; 193 ; 11 ; [2.5785595017925051] ; [1.3590465297982344]
835 ; 0 ; 194 ; 0 ; [0.14711856449777794] ; [0.63620228145082558]
835 ; 0 ; 194 ; 1 ; [1.3835121026020418] ; [0.53162350402275471]
835 ; 0 ; 194 ; 2 ; [1.5507455200248474] ; [0.88945648126988364]
835 ; 0 ; 194 ; 4 ; [0.14875262965032665, 3.6657962027790636] ; [0.84886438936476527, 1.27279547980981]
835 ; 0 ; 194 ; 6 ; [0.19723405747600176] ; [0.27827361072286511]
835 ; 0 ; 194 ; 7 ; [1.8774726760127458] ; [0.54133249489207225]
835 ; 0 ; 194 ; 8 ; [1.1840031040220464] ; [0.27166713368556189]
835 ; 0 ; 194 ; 9 ; [0.85606135027336383] ; [1.8291019496363292]
835 ; 0 ; 194 ; 11 ; [0.70662712573984898] ; [0.92433660343053625]
835 ; 0 ; 194 ; 12 ; [0.023536135974906627] ; [0.34963554743603104]
835 ; 0 ; 194 ; 16 ; [2.5974582585547243] ; [0.49653144857584947]
835 ; 0 ; 194 ; 17 ; [1.4859405706159072] ; [0.57546413285379472]
835 ; 0 ; 194 ; 24 ; [0.55159647500397313] ; [0.3760128850365515]
835 ; 0 ; 194 ; 25 ; [1.760658173532057] ; [0.49863443446613215]
835 ; 0 ; 194 ; 27 ; [0.17017948061385674] ; [1.8686693094966231]
835 ; 0 ; 195 ; 0 ; [0.19997299323314796, 0.001488064052481426] ; [0.57646116833005523, 0.16933235459186857]
835 ; 0 ; 196 ; 0 ; [1.0581727468615545] ; [0.39887203279719896]
835 ; 0 ; 196 ; 1 ; [0.45943781436296433] ; [0.43392608553749096]
835 ; 0 ; 196 ; 3 ; [0.78365469125176068] ; [1.2303837950134613]
835 ; 0 ; 196 ; 4 ; [2.5188111158980266] ; [1.7759231699567517]
835 ; 0 ; 196 ; 5 ; [-0.069420943561108561] ; [0.68087224596998563]
835 ; 0 ; 196 ; 6 ; [0.5394840841552575] ; [0.66764168331210794]
835 ; 0 ; 196 ; 9 ; [0.14377120824668116] ; [0.70194133587720819]
835 ; 0 ; 196 ; 12 ; [0.78506423180330598] ; [1.7135960323872119]
835 ; 0 ; 196 ; 14 ; [0.3074126307831101] ; [3.9633820048577557]
835 ; 0 ; 196 ; 15 ; [6.4137906576816226] ; [0.77073281232973889]
835 ; 0 ; 196 ; 17 ; [0.21627284325572041] ; [0.52373523222350471]
835 ; 0 ; 196 ; 19 ; [-0.038339828926861962] ; [0.66093205683206979]
835 ; 0 ; 196 ; 20 ; [1.522191560874594] ; [1.5342233537867498]
835 ; 0 ; 196 ; 23 ; [2.9177824851530931] ; [2.1770216432667424]
835 ; 0 ; 196 ; 27 ; [1.624380140303106] ; [0.96034440782609631]
835 ; 0 ; 196 ; 30 ; [0.23376574453714041] ; [0.11832741073041614]
835 ; 0 ; 197 ; 0 ; [0.14415403096557741] ; [0.73440883410297564]
835 ; 0 ; 197 ; 1 ; [0.13777409825774112] ; [0.36875719806630552]
835 ; 0 ; 197 ; 2 ; [0.12113773035268144] ; [1.1501297199375289]
835 ; 0 ; 197 ; 9 ; [0.85474367572681709] ; [0.56959989808407929]
835 ; 0 ; 198 ; 0 ; [0.14133888863860286, 0.51075866122490243] ; [0.79069701451162933, 0.51422966079996679]
835 ; 0 ; 198 ; 3 ; [0.24729746447121623] ; [0.27187623092542995]
835 ; 0 ; 199 ; 0 ; [1.2863293377470728] ; [1.0263859652077532]
835 ; 0 ; 199 ; 4 ; [1.8469748057460522] ; [1.5535549498780319]
835 ; 0 ; 199 ; 12 ; [0.91066040042287599] ; [2.1471403448941015]
835 ; 0 ; 199 ; 14 ; [2.0724512959299863] ; [1.2679062192736468]
835 ; 0 ; 199 ; 15 ; [0.0047579247169835057] ; [1.7874323211308158]
835 ; 0 ; 199 ; 19 ; [1.5304805406513819] ; [2.144920080285027]
835 ; 0 ; 199 ; 20 ; [1.5336153977293947] ; [2.0770061382803378]
835 ; 0 ; 201 ; 0 ; [0.031552563280825882, -0.012778425339412858] ; [0.30257883599609836, 0.1302806248582733]
835 ; 0 ; 201 ; 3 ; [-0.014152850572852687] ; [0.19395689090849413]
835 ; 0 ; 201 ; 4 ; [0.15494652154389923] ; [0.027573575309359399]
835 ; 0 ; 202 ; 0 ; [0.19953216840110688] ; [0.24823443440532791]
835 ; 0 ; 203 ; 4 ; [0.1201550929255399] ; [0.08910270388536233]
835 ; 0 ; 204 ; 0 ; [0.22918602370227414, 0.26633694276912012, 0.13169855855268695] ; [0.37297146183587732, 0.26237785355628862, 0.39308916284830242]
835 ; 0 ; 205 ; 0 ; [0.15580391872936156, 0.59378502511313946, 0.14428693908541065] ; [0.20258773488560913, 0.33775698663183107, 0.33251876937944547]
835 ; 0 ; 205 ; 1 ; [0.94101114567986444, 0.29189641544066108] ; [0.24910964711281297, 0.50743137525699522]
835 ; 0 ; 206 ; 0 ; [-0.0029995242340105643, 0.20590480062808814, 0.4727073061184649] ; [0.33618223283234239, 0.22599978425203002, 0.22832816474785045]
835 ; 0 ; 206 ; 1 ; [0.15783293149583205, 0.44749241549568675] ; [0.13349756209908811, 0.36626654349975529]
835 ; 0 ; 206 ; 5 ; [0.13262330027892819] ; [-0.00010526603977700795]
835 ; 0 ; 207 ; 0 ; [0.13469634805044364, 0.17915157263058454] ; [0.2219105362166697, 0.22700818557494673]
835 ; 0 ; 207 ; 1 ; [1.2583062324616447] ; [0.11606683054890363]
835 ; 0 ; 208 ; 1 ; [0.80904704292501273] ; [0.47212419180689819]
835 ; 0 ; 208 ; 6 ; [2.4586288708847861] ; [1.0863262153922639]
835 ; 0 ; 208 ; 7 ; [2.0713198032133304] ; [0.83197236823527188]
835 ; 0 ; 208 ; 8 ; [0.82093160664289999] ; [2.2835234394469257]
835 ; 0 ; 209 ; 0 ; [0.46148930183656578, 0.81895005797448883] ; [0.55234537813806373, 0.5260766695612582]
835 ; 0 ; 209 ; 1 ; [0.47191166920942845] ; [0.44705231960694441]
835 ; 0 ; 210 ; 0 ; [0.22633370099695876] ; [1.2348905293568362]
835 ; 0 ; 210 ; 1 ; [1.7947479196852119] ; [1.192912336450958]
835 ; 0 ; 210 ; 3 ; [0.52055249393627134] ; [2.0906749171479926]
835 ; 0 ; 210 ; 4 ; [0.051700140281986814] ; [1.4434776524611102]
835 ; 0 ; 210 ; 6 ; [0.51983728661040307] ; [1.0043956169518407]
835 ; 0 ; 210 ; 7 ; [6.7808254401540369] ; [1.8159558634771129]
835 ; 0 ; 211 ; 0 ; [0.30266280268221357, 0.92858512666593529, 1.0643800507776422] ; [0.48037831834237604, 0.65384525047932063, 0.93455935650970323]
835 ; 0 ; 211 ; 6 ; [3.750418075033036] ; [0.89722987771284657]
835 ; 0 ; 212 ; 0 ; [0.17835701141670685] ; [0.18357339377414664]
835 ; 0 ; 212 ; 2 ; [1.9035886853487185] ; [1.6697987571064195]
835 ; 0 ; 212 ; 4 ; [1.2846413233659977] ; [0.61140705920221794]
835 ; 0 ; 212 ; 15 ; [0.2802097001142132] ; [0.54262087185651742]
835 ; 0 ; 213 ; 0 ; [1.1310901497379846] ; [-0.0092461624304131622]
835 ; 0 ; 213 ; 1 ; [0.42047928925100797] ; [0.52698489395338177]
835 ; 0 ; 213 ; 6 ; [0.51308015764931625] ; [0.069209217963890901]
835 ; 0 ; 213 ; 8 ; [0.11118021566512752] ; [1.453948059638253]
835 ; 0 ; 214 ; 2 ; [0.20273292804911136] ; [0.028460654968218181]
835 ; 0 ; 215 ; 0 ; [0.031810219198666168] ; [0.036323061195769696]
835 ; 0 ; 216 ; 0 ; [0.4915456203265286] ; [0.079403622109828834]
835 ; 0 ; 216 ; 1 ; [0.42911898363161582] ; [1.5054076108445031]
835 ; 0 ; 216 ; 9 ; [3.6015567917023144] ; [1.5028317257243693]
835 ; 0 ; 216 ; 20 ; [1.5239015374341713] ; [6.0770544279783172]
835 ; 0 ; 217 ; 0 ; [1.6295634348403052] ; [0.40053219791298073]
835 ; 0 ; 217 ; 1 ; [3.3833045506625319] ; [0.64382068841993567]
835 ; 0 ; 217 ; 4 ; [1.8054680369867051] ; [0.71111300981512249]
835 ; 0 ; 217 ; 8 ; [0.81129693915776668] ; [1.1250297298567644]
835 ; 0 ; 218 ; 0 ; [0.50020365911440678, 0.42232325671436244] ; [0.46249385942406707, 0.82150332997843034]
835 ; 0 ; 218 ; 1 ; [0.74214735618726846] ; [0.27353229456015621]
835 ; 0 ; 219 ; 1 ; [0.12428781710263638] ; [0.0021137075471198271]
835 ; 0 ; 219 ; 2 ; [0.12320890215290374] ; [-0.011007335683223094]
835 ; 0 ; 219 ; 3 ; [1.9411218658158842] ; [0.74917638118423979]
835 ; 0 ; 219 ; 5 ; [1.2224265616546377] ; [0.91279745889546182]
835 ; 0 ; 219 ; 6 ; [10.821454684826866] ; [2.6233632590570579]
835 ; 0 ; 220 ; 0 ; [1.4256093804820362] ; [0.1493976007401068]
835 ; 0 ; 220 ; 4 ; [0.88549147564161756] ; [1.011517907044919]
835 ; 0 ; 220 ; 6 ; [2.2793046972000881] ; [0.43092348873854003]
835 ; 0 ; 220 ; 7 ; [0.98180824420249002] ; [2.5268842819027211]
835 ; 0 ; 220 ; 8 ; [1.7658946779025215] ; [1.2499627099583559]
835 ; 0 ; 220 ; 10 ; [1.457186130158558] ; [2.1686704168403002]
835 ; 0 ; 220 ; 11 ; [1.8534572341318072] ; [0.16502609858302841]
835 ; 0 ; 220 ; 12 ; [3.2917436201766463] ; [2.095958943881306]
835 ; 0 ; 220 ; 16 ; [0.20272974344854358] ; [2.1122047962857584]
835 ; 0 ; 220 ; 18 ; [1.2432420732480074] ; [3.8188077406591456]
835 ; 0 ; 220 ; 19 ; [1.8111052052775978] ; [1.8317995536312797]
835 ; 0 ; 220 ; 20 ; [2.0551799075982484] ; [1.4359655670729052]
835 ; 0 ; 220 ; 21 ; [1.4949699836219499] ; [0.33632125231773213]
835 ; 0 ; 220 ; 22 ; [1.7889383341687952] ; [1.9849575320371242]
835 ; 0 ; 220 ; 23 ; [0.33812549424056748] ; [2.9595647292245553]
835 ; 0 ; 220 ; 25 ; [1.354610219522713] ; [1.6458852023588288]
835 ; 0 ; 220 ; 30 ; [1.3954136972383491] ; [2.6742143736748321]
835 ; 0 ; 220 ; 31 ; [4.4441212500624179] ; [3.885169453966614]
835 ; 0 ; 220 ; 34 ; [3.2728899336662951] ; [1.4546650519660806]
835 ; 0 ; 220 ; 37 ; [1.777987364674257] ; [1.9980903618161874]
835 ; 0 ; 220 ; 38 ; [1.8563883515927677] ; [1.7681356550855341]
835 ; 0 ; 220 ; 39 ; [1.9479563501324459] ; [2.2412083710648516]
835 ; 0 ; 220 ; 40 ; [1.9890162767419561] ; [2.3115048338863984]
835 ; 0 ; 220 ; 41 ; [1.5811243077214725] ; [1.9460758635709881]
835 ; 0 ; 220 ; 42 ; [2.2330419487085655] ; [1.5183228651835396]
835 ; 0 ; 221 ; 0 ; [0.14751996313984908] ; [1.4250248666012375]
835 ; 0 ; 221 ; 4 ; [0.038723100137521338] ; [1.1375851633453171]
835 ; 0 ; 221 ; 5 ; [0.049969032822977461] ; [1.8074739130528403]
835 ; 0 ; 221 ; 9 ; [0.1679593981600481] ; [0.63104226295660382]
835 ; 0 ; 221 ; 10 ; [0.051810254496718604] ; [0.31696923412059375]
835 ; 0 ; 221 ; 11 ; [1.6458691799469543] ; [1.3376657442989834]
835 ; 0 ; 221 ; 12 ; [1.7463297077535112] ; [1.4688537690224999]
835 ; 0 ; 222 ; 0 ; [0.056314517327058181, 0.14288952545557979, 0.35474047918166868] ; [0.37517460624469445, 0.76509966352342185, 0.19553140929244631]
835 ; 0 ; 222 ; 1 ; [1.7746632532952247, 0.0065511228455541661] ; [0.54757914772950211, 0.16000526102835769]
835 ; 0 ; 222 ; 2 ; [0.16590343386385534] ; [0.18985534667252563]
835 ; 0 ; 222 ; 4 ; [0.0028632378274049092] ; [0.43566631409783824]
835 ; 0 ; 222 ; 5 ; [0.096166946718939578] ; [2.659013276283988]
835 ; 0 ; 222 ; 6 ; [-0.0031509442098332798] ; [2.9916003917830087]
835 ; 0 ; 223 ; 4 ; [0.21707752056501686] ; [0.47204363608075695]
835 ; 0 ; 224 ; 0 ; [0.19595356939627095, 0.32617983016174085, 0.33606535989516118] ; [0.22042695525252429, 0.22125646656161926, 0.47963557385093686]
835 ; 0 ; 225 ; 0 ; [0.33609684489807262] ; [0.49541438668515214]
835 ; 0 ; 226 ; 0 ; [0.44653368087587991] ; [0.091846930047680478]
835 ; 0 ; 227 ; 0 ; [0.61260436802107832, 0.022180620456922331] ; [1.0309760936835026, 0.25844020303273935]
835 ; 0 ; 227 ; 1 ; [1.547934517484405] ; [0.44603747633593349]
835 ; 0 ; 228 ; 0 ; [0.11052475233790668] ; [0.041001635014956961]
835 ; 0 ; 229 ; 1 ; [0.64293790647013815] ; [0.48606947948215251]
835 ; 0 ; 229 ; 2 ; [1.0952891602319312] ; [0.84834287458432034]
835 ; 0 ; 229 ; 3 ; [0.78569490369878603] ; [0.86959269249961313]
835 ; 0 ; 229 ; 5 ; [0.16211985998216011] ; [0.49259086301843469]
835 ; 0 ; 229 ; 6 ; [0.47758970941325468] ; [1.0693938204826647]
835 ; 0 ; 229 ; 8 ; [0.21825278622545854] ; [0.55701901983037205]
835 ; 0 ; 229 ; 10 ; [0.44690844840197641] ; [2.5611571499946453]
835 ; 0 ; 229 ; 21 ; [2.8487046625338088] ; [0.62584197684821963]
835 ; 0 ; 229 ; 23 ; [1.6956547243318658] ; [1.2433916240735545]
835 ; 0 ; 230 ; 0 ; [0.12935053474013306, 0.0028711264121909284, 0.24233978054190514] ; [0.18812817769957565, 0.42186186066080944, 0.18820750687338947]
835 ; 0 ; 230 ; 1 ; [0.31352627400440314] ; [0.0589857573362145]
835 ; 0 ; 230 ; 2 ; [0.61212206371732225] ; [0.083988706099546701]
835 ; 0 ; 230 ; 3 ; [0.082991224362251287] ; [0.15217926749672328]
835 ; 0 ; 232 ; 0 ; [0.30759644553328491] ; [1.6671576696987511]
835 ; 0 ; 232 ; 1 ; [0.57728656654521493, 0.54813356635005739] ; [0.53965803909713783, 0.28736376655112111]
835 ; 0 ; 232 ; 2 ; [0.32194905713638844] ; [3.7600611795552479]
835 ; 0 ; 233 ; 4 ; [0.3196052144182655] ; [-0.057587896397364405]
835 ; 0 ; 234 ; 0 ; [0.31851310309761366, 0.26055699556471429, 0.2878376015885169, 0.19961186245031839, 1.0318368145505408] ; [0.10005031431633175, 0.24342324655600014, 0.24302230904523653, 0.1574059350630278, 0.22008053965323543]
835 ; 0 ; 235 ; 0 ; [0.68822991129391287] ; [0.28917714243471832]
835 ; 0 ; 235 ; 1 ; [0.30749915834589298] ; [0.074803077105804097]
835 ; 0 ; 235 ; 3 ; [0.25215826980099282] ; [3.2846562061185933]
835 ; 0 ; 235 ; 4 ; [5.863380890103616] ; [0.33635376239717302]
835 ; 0 ; 236 ; 1 ; [0.72758213530878646] ; [4.4574641957805738]
835 ; 0 ; 236 ; 2 ; [0.7859689468116241] ; [0.18498468633859805]
835 ; 0 ; 237 ; 0 ; [0.22834589688878018] ; [0.90061883177300428]
835 ; 0 ; 237 ; 11 ; [0.16983348580832033] ; [0.53660752084693442]
835 ; 0 ; 238 ; 0 ; [0.68401064597801142, 0.40183180710457189, 0.15642591931641983] ; [0.088158319985530448, 0.31838604070344401, 0.11395294118394456]
835 ; 0 ; 239 ; 0 ; [0.42263828150865018, 0.45176692248791245, 0.48021951617973568, 0.26596546264335152, 1.9993143024672744] ; [0.19596503305841484, 0.31291049781942809, 0.2042814652506722, 0.077738980907580288, 0.25789330591590703]
835 ; 0 ; 239 ; 1 ; [0.13519778649183814] ; [0.075864443631541351]
835 ; 0 ; 240 ; 1 ; [0.58371884224563608] ; [0.065883935140303579]
835 ; 0 ; 240 ; 3 ; [0.80643026750003532] ; [0.25052804253427474]
835 ; 0 ; 241 ; 0 ; [0.35583697907801121] ; [0.20748039662913767]
835 ; 0 ; 241 ; 1 ; [0.12638842484689597] ; [0.21227841620326651]
835 ; 0 ; 241 ; 3 ; [0.21793319446182605] ; [0.72427218583455721]
835 ; 0 ; 241 ; 6 ; [0.47592711452562975] ; [1.2671174206778058]
835 ; 0 ; 241 ; 10 ; [1.5823463556289148] ; [0.29464986905341489]
835 ; 0 ; 242 ; 0 ; [0.015049188730277439] ; [0.00075513025260032468]
835 ; 0 ; 242 ; 6 ; [0.0064923485880773761] ; [0.013660248148986568]
835 ; 0 ; 242 ; 7 ; [0.01807150881324817] ; [0.021995840200150454]
835 ; 0 ; 242 ; 8 ; [0.13952108363181134] ; [0.039500602470961668]
835 ; 0 ; 243 ; 0 ; [0.055129982476503532, 0.06873355019856206, 0.33090282269421606] ; [0.18560841315807544, 0.17669508601463951, 0.2053246346380822]
835 ; 0 ; 244 ; 0 ; [0.081076320095590293, 0.24180252267626856] ; [0.14439721163044947, 0.0042920037167351018]
835 ; 0 ; 244 ; 2 ; [0.84778234379017203] ; [1.4077261178323779]
835 ; 0 ; 244 ; 8 ; [0.71681857613826461] ; [0.12525549820290505]
835 ; 0 ; 245 ; 0 ; [0.54058445816217948] ; [0.44397948660127884]
835 ; 0 ; 246 ; 0 ; [0.27193326378231436, 0.17323209078942978, 0.23102781096544794, 0.11728364217535051] ; [0.4499419197718148, 0.23034781105544613, 0.24528971320458945, 0.14829621564355303]
835 ; 0 ; 246 ; 1 ; [0.040829416760760621] ; [0.1436475682519032]
835 ; 0 ; 246 ; 3 ; [0.95021212200429472] ; [0.18893151191370419]
835 ; 0 ; 246 ; 4 ; [0.1613820593370244] ; [0.53305311168492953]
835 ; 0 ; 247 ; 0 ; [0.25861877260453731, 0.24208724275263646, 0.40282375849707192, 0.14429380376901196] ; [0.2348154519402289, 0.37449186451753502, 0.17078448134033075, 0.019194752078832623]
835 ; 0 ; 247 ; 1 ; [0.050414156922583164, 0.46212375314154291] ; [0.29972807067266444, 0.50020960133545544]
835 ; 0 ; 247 ; 2 ; [0.055025601584542914] ; [0.27349128811477197]
835 ; 0 ; 248 ; 0 ; [0.10067767395798601] ; [0.30039564743214703]
835 ; 0 ; 248 ; 2 ; [0.2669448569234556] ; [0.16874772896345333]
835 ; 0 ; 248 ; 5 ; [0.24959260611567188] ; [0.46560253827661474]
835 ; 0 ; 248 ; 13 ; [1.2777286236394045] ; [2.0347999560565349]
835 ; 0 ; 250 ; 0 ; [0.28744834039622408, 0.17235081773633357, 0.21759924679956161, 0.18334623269700692] ; [0.26885796864653483, 0.11537060498479886, 0.17734724972555324, 0.32913617467480688]
835 ; 0 ; 251 ; 0 ; [0.23243115771767917, 0.11619251345143701, 0.12275631864507941] ; [0.31696701616833145, 0.27744057322224158, 0.24835703610313933]
835 ; 0 ; 251 ; 1 ; [0.13419403087188184] ; [-0.17215954270762374]
835 ; 0 ; 252 ; 0 ; [0.96068485485292709] ; [0.56002082952153742]
835 ; 0 ; 252 ; 1 ; [0.78015854350597824] ; [0.74052519708603481]
835 ; 0 ; 252 ; 3 ; [0.70975647261210006] ; [-0.008657664233183324]
835 ; 0 ; 252 ; 7 ; [0.50734363831045903] ; [-0.0036752222249383719]
835 ; 0 ; 252 ; 8 ; [0.55415277019431841] ; [-0.036060175802572814]
835 ; 0 ; 253 ; 0 ; [0.093299835082669383, 0.10120684748671195, 0.13479171837271686, 1.7637926957489511] ; [0.2465071437372961, 0.29804199477710408, 0.18123759227726374, 0.2077183956054077]
835 ; 0 ; 254 ; 0 ; [0.13000036914149687] ; [0.20510112134581401]
835 ; 0 ; 254 ; 2 ; [1.1615626634698659] ; [0.53494989128893133]
835 ; 0 ; 255 ; 0 ; [0.54953659411264733, 0.098861482896346373, 0.14990187768865895, 0.098039972233503636] ; [1.0913036834529553, 0.3618415391482398, 0.23180883624458545, 0.2417299358473369]
835 ; 0 ; 255 ; 2 ; [0.12363794545153495] ; [-0.0019888397562326191]
835 ; 0 ; 256 ; 1 ; [0.47715972413909119] ; [0.021129909930916114]
835 ; 0 ; 256 ; 2 ; [0.74713272579212564] ; [0.59617516898904999]
835 ; 0 ; 256 ; 4 ; [0.6186827647899924] ; [0.068451263406877114]
835 ; 0 ; 256 ; 6 ; [0.55711941502156082] ; [0.00065577180022699847]
835 ; 0 ; 257 ; 0 ; [1.3203343811712562] ; [0.4355654640099062]
835 ; 0 ; 257 ; 3 ; [0.28215457008502992, 0.29836768002495256] ; [0.51906250540511722, 0.53095677868656299]
835 ; 0 ; 258 ; 0 ; [0.55202705363594062, 0.46092419617503261] ; [0.6109684633799688, 0.96066210857214229]
835 ; 0 ; 258 ; 1 ; [2.4153743152915399] ; [0.42767445652028546]
835 ; 0 ; 258 ; 3 ; [0.81421951758819577] ; [-0.029130878388524038]
835 ; 0 ; 259 ; 0 ; [0.35689430457311211, 0.30305070406130485] ; [0.33508981806930127, 0.336084418516158]
835 ; 0 ; 259 ; 1 ; [1.0096232746373603] ; [0.13151750087593364]
835 ; 0 ; 260 ; 1 ; [0.20537191601411928, 0.035497190707205729] ; [0.53167429465380378, 0.13669981080957927]
835 ; 0 ; 260 ; 2 ; [0.27931513886158693] ; [1.9123988738568576]
835 ; 0 ; 261 ; 1 ; [0.16081107295336197] ; [1.2666246708755573]
835 ; 0 ; 261 ; 2 ; [0.22278190616936069] ; [1.531858211627747]
835 ; 0 ; 261 ; 6 ; [3.2585239110268849] ; [2.1425140897872201]
835 ; 0 ; 261 ; 8 ; [0.03563757631831941] ; [3.1554372321758928]
835 ; 0 ; 261 ; 9 ; [3.1558731509430897] ; [1.6945227663509885]
835 ; 0 ; 261 ; 11 ; [10.018467581080069] ; [4.2742170449833878]
835 ; 0 ; 261 ; 12 ; [0.92404810826138306] ; [2.0613864006853428]
835 ; 0 ; 262 ; 0 ; [0.0045288375871617523] ; [0.25099401986372055]
835 ; 0 ; 262 ; 1 ; [0.045618505664404209] ; [0.099403011855585921]
835 ; 0 ; 263 ; 0 ; [0.0061083124949150476, 0.04643755144189924] ; [0.19626553314833875, 0.26272226691016964]
835 ; 0 ; 263 ; 1 ; [0.10971555202757594] ; [0.12211258607561791]
835 ; 0 ; 263 ; 2 ; [0.11335705262254293] ; [0.20174226469309328]
835 ; 0 ; 264 ; 0 ; [0.23002823210819504, 0.014033340691139784, -0.019770145905711554] ; [0.43010205232149018, 0.21172089500439997, 0.053639754091992516]
835 ; 0 ; 265 ; 0 ; [0.18419404229868874, 0.25454088915645362, 0.34964981347275748, 0.77421533359138572] ; [0.14902263210324573, 0.17254499775039722, 0.34856853001190902, 0.24066807779169988]
835 ; 0 ; 265 ; 3 ; [0.087994961705656113] ; [0.53139825038968413]
835 ; 0 ; 266 ; 0 ; [0.65017874497789574] ; [0.32105658945222265]
835 ; 0 ; 266 ; 1 ; [0.76138511309718171] ; [0.34758570155668617]
835 ; 0 ; 266 ; 2 ; [0.58570847673235416] ; [0.24572978367696019]
835 ; 0 ; 266 ; 5 ; [1.0110229505386104] ; [0.21462813559794625]
835 ; 0 ; 267 ; 0 ; [0.33147756003278639, 0.15255987197062201, 0.21743034627325122, 0.15260699627410365, 0.13557075319469056] ; [0.31699859602534974, 0.22953707718316108, 0.24175786983737235, 0.2750097785762507, 0.16584282243996146]
835 ; 0 ; 268 ; 4 ; [0.49629147212806329, 0.52902170661479164, 0.20409967851001837, 0.16135419009684027] ; [0.76492144539366669, 0.36990530335993599, 0.13792719018985028, 0.11159719197878676]
835 ; 0 ; 269 ; 0 ; [0.92970253051565477] ; [1.3619165570250886]
835 ; 0 ; 269 ; 1 ; [0.16710568681838428] ; [0.48418024172124963]
835 ; 0 ; 269 ; 2 ; [0.58537975999359815] ; [1.2607641120668533]
835 ; 0 ; 269 ; 4 ; [0.27985585887524111] ; [1.7098059048297554]
835 ; 0 ; 269 ; 7 ; [1.160178360371344] ; [-0.065724470452728917]
835 ; 0 ; 270 ; 2 ; [0.27697118866923737] ; [0.19100869685538627]
835 ; 0 ; 272 ; 0 ; [0.15318637517474801] ; [0.088433040161653667]
835 ; 0 ; 272 ; 1 ; [0.054732399502859394, 1.4803957211254681] ; [0.50566439035208488, 0.11555405853429522]
835 ; 0 ; 272 ; 2 ; [1.6466544958424163] ; [4.6761706401860694]
835 ; 0 ; 272 ; 5 ; [0.1380917449434505] ; [1.7083655791065371]
835 ; 0 ; 272 ; 6 ; [0.38322095196904193] ; [7.1039030508753349]
835 ; 0 ; 273 ; 0 ; [0.74486602568979099] ; [0.19285474526156907]
835 ; 0 ; 273 ; 1 ; [0.74956630284661119] ; [0.087904689293812871]
835 ; 0 ; 273 ; 2 ; [0.1147145094495116] ; [0.013556170363376759]
835 ; 0 ; 273 ; 3 ; [0.041192381622596579] ; [0.11013276821742364]
835 ; 0 ; 273 ; 4 ; [0.21763382805627851, 0.00256511947807672, 0.018192205723172341, 0.3412895138713109] ; [0.15348990872656959, 0.35198706473655206, 0.23246047364180322, 0.15463143527453449]
835 ; 0 ; 274 ; 0 ; [2.4295969090846183] ; [0.4058881255414129]
835 ; 0 ; 274 ; 2 ; [2.7544694271561765] ; [0.22810962086945805]
835 ; 0 ; 274 ; 3 ; [1.2813876144360763] ; [0.23386843626354895]
835 ; 0 ; 274 ; 4 ; [2.3377988470883113] ; [0.25550885403165868]
835 ; 0 ; 274 ; 5 ; [6.3108974887544704] ; [0.69412665250659511]
835 ; 0 ; 274 ; 6 ; [0.20230899891513271] ; [0.47964967021452359]
835 ; 0 ; 274 ; 7 ; [1.2748342012636928] ; [0.86527272424371937]
835 ; 0 ; 274 ; 19 ; [1.3090548616362527] ; [1.9283680615706711]
835 ; 0 ; 274 ; 26 ; [1.3973523375224497] ; [2.6211206881772435]
835 ; 0 ; 274 ; 38 ; [1.4338662297571427] ; [0.46308356773666087]
835 ; 0 ; 275 ; 0 ; [0.96161369899828453] ; [0.0070257134922771707]
835 ; 0 ; 276 ; 0 ; [1.3699235978283875] ; [0.43346401885682495]
835 ; 0 ; 276 ; 5 ; [0.65909126562625042] ; [0.55335958178886657]
835 ; 0 ; 277 ; 0 ; [0.019868312682005392, -0.0066016219485106869, 0.67577031824654554, 0.19161751498076685] ; [0.31143504106473419, 0.21983532913423309, 0.16385357953057941, 0.14991133251727562]
835 ; 0 ; 278 ; 0 ; [0.4585176872307411, 0.28556985367764898, 0.30097532753560913] ; [0.25709930288111132, 0.5691343867995905, 0.19222629068130195]
835 ; 0 ; 278 ; 4 ; [0.0023280698772500902] ; [0.12201724101359411]
835 ; 0 ; 278 ; 5 ; [-0.00047702688672258839] ; [0.018457454421392155]
835 ; 0 ; 279 ; 0 ; [1.1458677833743078] ; [0.73382136516150975]
835 ; 0 ; 279 ; 2 ; [0.74639613497952106] ; [1.0649819524560933]
835 ; 0 ; 279 ; 3 ; [1.1879402061209812] ; [0.58722223999026146]
835 ; 0 ; 279 ; 4 ; [0.18846932527249946] ; [0.11817786120616665]
835 ; 0 ; 279 ; 9 ; [0.2963639614220881] ; [0.44713702341857842]
835 ; 0 ; 279 ; 10 ; [0.28988980552000271] ; [0.46480381198688936]
835 ; 0 ; 280 ; 0 ; [0.010018719475262231, 0.024572328316957992, 0.0026944316786669553, -0.01138623657497128] ; [0.21558554419141712, 0.23109403162818673, 0.27494127879615587, 0.075557356138967441]
835 ; 0 ; 281 ; 0 ; [0.36264105885366571] ; [0.029968533163279441]
835 ; 0 ; 281 ; 3 ; [0.12877797143270855, 0.12137418042823546] ; [0.26962579513387014, 0.54267482524249644]
835 ; 0 ; 282 ; 0 ; [0.51576442280661139] ; [0.94923657083781221]
835 ; 0 ; 282 ; 6 ; [0.54672239280724211] ; [0.66112066884981557]
835 ; 0 ; 282 ; 7 ; [0.55289995563376815] ; [0.51322916350180747]
835 ; 0 ; 283 ; 0 ; [0.21340702864352992] ; [0.15452242288349766]
835 ; 0 ; 283 ; 1 ; [0.50904286981611357] ; [0.034696446732255436]
835 ; 0 ; 283 ; 2 ; [2.422433884190645] ; [0.43403177438785201]
835 ; 0 ; 283 ; 3 ; [0.89557524041355829] ; [3.8311690444197612]
835 ; 0 ; 283 ; 5 ; [0.66580466497875956] ; [7.5798658547244795]
835 ; 0 ; 283 ; 7 ; [0.3575974149819886] ; [0.68265866785851348]
835 ; 0 ; 283 ; 8 ; [0.39461637514917824] ; [0.69931018328879779]
835 ; 0 ; 283 ; 9 ; [0.54215078966085539] ; [0.17010476338346159]
835 ; 0 ; 284 ; 0 ; [0.083512307415297027] ; [0.12471356201975903]
835 ; 0 ; 284 ; 1 ; [0.93497916061849384] ; [0.54179595315039975]
835 ; 0 ; 284 ; 6 ; [1.2094099523796804] ; [0.73185862146900837]
835 ; 0 ; 285 ; 0 ; [0.054046315545126698, -0.014132878623466407] ; [0.31469610812289528, 0.1006644017767202]
835 ; 0 ; 286 ; 0 ; [0.77315846779610342, 7.7830221824997317] ; [0.78703076823868978, 0.20750139841021842]
835 ; 0 ; 286 ; 1 ; [0.18767959609763032, 0.18179671501841801] ; [0.039880360289569018, 0.019684797522521176]
835 ; 0 ; 286 ; 2 ; [0.38612324303372986] ; [0.62572655202920391]
835 ; 0 ; 287 ; 0 ; [0.51921649330464847, 0.41648699096171632] ; [0.039842290472277643, 0.18657101943330864]
835 ; 0 ; 287 ; 1 ; [0.11508079606338495] ; [0.17077030803130724]
835 ; 0 ; 287 ; 2 ; [0.16782345928761602] ; [0.17828649555110232]
835 ; 0 ; 287 ; 6 ; [0.39731391158526941] ; [0.02526329121334582]
835 ; 0 ; 287 ; 7 ; [0.39870594335881526] ; [0.0028829819542592213]
835 ; 0 ; 288 ; 0 ; [0.26488034578045866, 0.077631167429371942, 0.042103145799486826, 0.15685562363749223] ; [0.65376272176902794, 0.19167865495161751, 0.14959828668432087, 0.12054707378405527]
835 ; 0 ; 289 ; 0 ; [0.24423237407594045, 0.38447870604608414, 0.36417542801314523, 0.87213121870221566] ; [0.15476723473286969, 0.20062107252141809, 0.23708414732329963, 0.15950837129107215]
835 ; 0 ; 289 ; 1 ; [0.25437529684067633] ; [0.20971434573297937]
835 ; 0 ; 291 ; 1 ; [1.0146197254586435] ; [-0.0082114017662711005]
835 ; 0 ; 291 ; 2 ; [0.28320339884716589, 0.15397090427842897, 0.13723582886511795] ; [0.63345500604316451, 0.20124994509624275, 0.32513059612445883]
835 ; 0 ; 292 ; 0 ; [2.5671919821082438] ; [0.84585232403124866]
835 ; 0 ; 292 ; 1 ; [0.027710404987393859] ; [1.9929334348836061]
835 ; 0 ; 292 ; 3 ; [0.24246939302111473] ; [1.2775133817667164]
835 ; 0 ; 292 ; 6 ; [0.063422408879144132] ; [1.710946807087584]
835 ; 0 ; 292 ; 8 ; [2.7293414449053759] ; [0.91773138531352727]
835 ; 0 ; 293 ; 0 ; [0.16733419732192506] ; [0.19607357032545744]
835 ; 0 ; 293 ; 1 ; [0.85307604056272146] ; [0.13369350835264895]
835 ; 0 ; 294 ; 1 ; [0.14312406275798778] ; [0.23692679869840036]
835 ; 0 ; 294 ; 2 ; [0.17994505745173073] ; [2.343710079741101]
835 ; 0 ; 294 ; 4 ; [0.35060410034724743] ; [0.081290479357089857]
835 ; 0 ; 294 ; 6 ; [0.23014140601591521] ; [0.29763143256669677]
835 ; 0 ; 295 ; 0 ; [0.12401949786356034, 0.12845432019441894, 0.18170465837663552] ; [0.2566400385880282, 0.3085637364868184, 0.35572171722083268]
835 ; 0 ; 295 ; 1 ; [-0.014921242944504658] ; [0.0030903037670273977]
835 ; 0 ; 296 ; 0 ; [0.49706472034984039, 0.7827970128157351] ; [0.21513465289199257, 0.12019270734184517]
835 ; 0 ; 296 ; 1 ; [0.98073872309308407] ; [1.354519788129035]
835 ; 0 ; 296 ; 2 ; [0.43011865706519903] ; [0.7409503319303945]
835 ; 0 ; 296 ; 4 ; [0.49097920601387363] ; [0.21459471169390337]
835 ; 0 ; 296 ; 6 ; [0.58903634648838576] ; [0.79843973979129812]
835 ; 0 ; 296 ; 7 ; [0.79472858056789786] ; [0.58230805978676325]
835 ; 0 ; 297 ; 0 ; [0.31529025026137703] ; [0.19300615282413397]
835 ; 0 ; 299 ; 0 ; [0.022338934776580451] ; [0.29230554265684827]
835 ; 0 ; 300 ; 0 ; [0.024613069428692017, -0.011814042538605182, -0.010536472582057171] ; [0.33595756147071149, 0.21121171671747035, 0.29758304683013631]
835 ; 0 ; 300 ; 1 ; [0.34498744213855648] ; [0.20432034335576249]
835 ; 0 ; 301 ; 0 ; [0.26801694777353852] ; [0.06402418479847205]
835 ; 0 ; 301 ; 2 ; [1.4144461254614653] ; [-0.029400514877835321]
835 ; 0 ; 301 ; 3 ; [0.96909415164634571] ; [0.12580709094412637]
835 ; 0 ; 301 ; 4 ; [0.43233946830750475] ; [1.5980599969107501]
835 ; 0 ; 301 ; 5 ; [0.27792101253144574] ; [4.17957850447808]
835 ; 0 ; 301 ; 6 ; [0.23295938643111389] ; [5.2068849267421058]
835 ; 0 ; 302 ; 0 ; [0.076867448017468379] ; [0.066988390066498676]
835 ; 0 ; 302 ; 1 ; [0.16234644366272583] ; [-0.022442420889220171]
835 ; 0 ; 302 ; 3 ; [0.10250943012809438] ; [0.34799310095903913]
835 ; 0 ; 303 ; 0 ; [0.0030410847702691127, 0.0095398589748526864] ; [0.26078254596364675, 0.087274068414546727]
835 ; 0 ; 304 ; 0 ; [0.050707185545791907, 0.019100892194484322, 0.64824165390924327] ; [0.2784939829311045, 0.21532786148588798, 0.16440977905448273]
835 ; 0 ; 305 ; 0 ; [0.17485578093156293, 0.37357921600004135] ; [0.38780147554976435, 0.39646890168927323]
835 ; 0 ; 305 ; 1 ; [0.09088852731815901, 0.13477187315753197] ; [0.25812328500095838, 0.27758738457041121]
835 ; 0 ; 305 ; 2 ; [0.36103962101269843] ; [0.13303891175420068]
835 ; 0 ; 305 ; 4 ; [0.011451693781247286] ; [1.6810509644191791]
835 ; 0 ; 305 ; 5 ; [0.12459722345682232, 0.040579189690518831] ; [0.44766169676564821, 0.22003674962147823]
835 ; 0 ; 306 ; 0 ; [0.32233127206447937, 0.30777153482418962] ; [0.25035084373601785, 0.38949669335289278]
835 ; 0 ; 306 ; 1 ; [0.30431729107744376] ; [0.0055590045711563394]
835 ; 0 ; 307 ; 0 ; [-0.060603148546492243] ; [0.042709754306792636]
835 ; 0 ; 308 ; 0 ; [0.29545332372831251] ; [0.38303831417662293]
835 ; 0 ; 308 ; 1 ; [0.28311419451172887] ; [0.17444782157897432]
835 ; 0 ; 308 ; 2 ; [0.64717332646911896] ; [0.32252929332181135]
835 ; 0 ; 309 ; 1 ; [0.046440913227669196] ; [0.12165272232771636]
835 ; 0 ; 309 ; 4 ; [0.56914960349462729] ; [0.042044345088852686]
835 ; 0 ; 310 ; 0 ; [0.27438867776885939] ; [0.080635175026407935]
835 ; 0 ; 310 ; 1 ; [1.0927199841801132] ; [1.218511624983019]
835 ; 0 ; 310 ; 3 ; [1.0517778711368404] ; [2.6017261068516362]
835 ; 0 ; 310 ; 6 ; [1.2923792350166738] ; [1.6032301932169808]
835 ; 0 ; 311 ; 0 ; [0.20907809076572426] ; [0.11377622675265926]
835 ; 0 ; 311 ; 3 ; [0.29428417681109498] ; [0.32591490992438948]
835 ; 0 ; 311 ; 4 ; [0.27435844480888538, 0.033952649764031076] ; [0.34017772999963086, 1.5529107346953337]
835 ; 0 ; 312 ; 0 ; [0.94639614592263521, 0.3482227257082221, 0.15497045237113352] ; [0.37702146543080861, 0.35187138992663775, 0.42475695603638125]
835 ; 0 ; 312 ; 1 ; [0.56205401953590339] ; [0.058356476663614702]
835 ; 0 ; 313 ; 0 ; [-0.0027784525752684993] ; [0.13670233815522118]
835 ; 0 ; 314 ; 0 ; [1.486386064797276] ; [0.37215943711485727]
835 ; 0 ; 314 ; 1 ; [1.2596337137332836] ; [1.9748597498185299]
835 ; 0 ; 314 ; 2 ; [2.30542100260825] ; [0.78352287356878214]
835 ; 0 ; 314 ; 3 ; [0.089550811217738419] ; [1.0238446829935264]
835 ; 0 ; 314 ; 4 ; [0.18918081373072176] ; [1.2642635512172002]
835 ; 0 ; 314 ; 5 ; [0.17753665010345354] ; [0.80418623699189917]
835 ; 0 ; 314 ; 7 ; [0.13186284525287573] ; [2.1824384881157406]
835 ; 0 ; 314 ; 9 ; [0.69596110592172689] ; [0.85393384589859622]
835 ; 0 ; 314 ; 14 ; [1.1858210592794629] ; [1.2842038392340276]
835 ; 0 ; 315 ; 0 ; [2.0425673403755105] ; [0.16845506469143978]
835 ; 0 ; 315 ; 4 ; [1.2012668092148964] ; [0.8032555017229519]
835 ; 0 ; 315 ; 8 ; [2.6575929443832558] ; [1.7835460082890673]
835 ; 0 ; 315 ; 11 ; [2.1451661806815423] ; [1.5087801426118208]
835 ; 0 ; 315 ; 13 ; [1.661727659672563] ; [3.6502675499022694]
835 ; 0 ; 315 ; 15 ; [1.9173501143569112] ; [2.9481459388456832]
835 ; 0 ; 315 ; 16 ; [2.0349180466216072] ; [1.7859658655001331]
835 ; 0 ; 316 ; 0 ; [0.079795717845373579] ; [0.20741833506221091]
835 ; 0 ; 316 ; 3 ; [0.044294960324442571] ; [0.0083911493667551528]
835 ; 0 ; 317 ; 0 ; [0.32388845269069849, 0.28117374883291424, 0.087314106665030908] ; [0.28696332622128312, 0.13555734680618067, 0.056581124907575976]
835 ; 0 ; 317 ; 1 ; [0.06034224031361575] ; [0.11718890184072325]
835 ; 0 ; 318 ; 1 ; [0.52292100941487818] ; [0.52182086087051371]
835 ; 0 ; 318 ; 4 ; [0.029519660675899242] ; [4.5786453076971663]
835 ; 0 ; 318 ; 6 ; [0.21859438602938011] ; [0.0636925779479387]
835 ; 0 ; 318 ; 11 ; [1.1302221333609748] ; [0.86791006727854003]
835 ; 0 ; 318 ; 12 ; [0.19130284621440158] ; [0.52192195272283071]
835 ; 0 ; 319 ; 0 ; [0.92637208417753047] ; [0.26541688527512836]
835 ; 0 ; 319 ; 1 ; [0.31868901561626489] ; [0.41818642678852153]
835 ; 0 ; 319 ; 2 ; [0.6218062194553976] ; [0.92809910979526011]
835 ; 0 ; 319 ; 3 ; [0.54591091822808302] ; [0.20134759183105064]
835 ; 0 ; 319 ; 4 ; [0.15719339868068952] ; [1.4315065631909114]
835 ; 0 ; 320 ; 0 ; [0.17212406482102166] ; [0.19196858793007041]
835 ; 0 ; 320 ; 1 ; [0.055033246969791789] ; [1.3700207718562702]
835 ; 0 ; 321 ; 0 ; [0.073908350918052659] ; [0.2535240656041976]
835 ; 0 ; 321 ; 1 ; [0.21402870645781649] ; [0.086726033441689568]
835 ; 0 ; 321 ; 2 ; [0.38743355605013668] ; [0.36699131879547547]
835 ; 0 ; 322 ; 0 ; [0.8596354911132017] ; [0.18525904592364931]
835 ; 0 ; 322 ; 1 ; [0.052554982214522893] ; [0.0845846407561201]
835 ; 0 ; 323 ; 0 ; [2.133615600945054] ; [0.44062146729889368]
835 ; 0 ; 323 ; 1 ; [0.096339312783129918] ; [0.25757845564087445]
835 ; 0 ; 323 ; 2 ; [0.096946284458739096] ; [0.83029281625474438]
835 ; 0 ; 324 ; 0 ; [0.44570097086839849, 0.2830571067872853] ; [0.22870715659706484, 0.22963809265547774]
835 ; 0 ; 324 ; 2 ; [0.3531321879576646, 2.4440443506656915] ; [0.10271855578761385, 0.12010603574230572]
835 ; 0 ; 325 ; 0 ; [0.34559427511022023, 0.26430607897468511] ; [0.43811006766643817, 0.17237041642680059]
835 ; 0 ; 325 ; 1 ; [0.3417372565007879] ; [0.19283158766489431]
835 ; 0 ; 325 ; 2 ; [0.1417473651727604] ; [0.011267413946105897]
835 ; 0 ; 326 ; 0 ; [0.23004073498728139, 0.30837492073954109, 0.28493073210718683, 0.2469342379668813, 0.23756467780000115] ; [0.13942351843788267, 0.42566004675032715, 0.37256313378793432, 0.23849183631731749, 0.15190095720040153]
835 ; 0 ; 327 ; 0 ; [0.12527092966387982] ; [0.29694970616313643]
835 ; 0 ; 327 ; 1 ; [0.12304766099449767] ; [0.056016352373639403]
835 ; 0 ; 328 ; 0 ; [0.21495545700297583, 0.16782496932870994] ; [0.2654312522276539, 0.24544248202292959]
835 ; 0 ; 329 ; 0 ; [0.29625998894398969, 0.035006308897417342] ; [0.2942965593332334, 0.26419534772402342]
835 ; 0 ; 329 ; 1 ; [0.38550241297048682] ; [0.11219238778127603]
835 ; 0 ; 329 ; 3 ; [1.1750087356277228] ; [0.065774590161721921]
835 ; 0 ; 330 ; 0 ; [0.28377852413180177, 0.5794461451168309, 0.12205963590194528] ; [0.26743794703054563, 0.18443887589674254, 0.1280153109169547]
835 ; 0 ; 330 ; 1 ; [0.045727984419048892] ; [0.3076699884229388]
835 ; 0 ; 331 ; 0 ; [0.11224606078280509, 0.13356192010547821, -0.0030373425631848392] ; [0.24275353613842376, 0.29689412780435609, 0.082086373693845791]
835 ; 0 ; 332 ; 7 ; [0.6270862376934454] ; [1.84156160101246]
835 ; 0 ; 333 ; 0 ; [0.61130905533248059] ; [0.33054591296278046]
835 ; 0 ; 333 ; 1 ; [0.47258495221218821] ; [-0.0096554706014874286]
835 ; 0 ; 333 ; 2 ; [0.72783475058054814] ; [0.71892666324604637]
835 ; 0 ; 334 ; 0 ; [0.6378109191042608, 0.4299729744368106, 0.19873696915368566] ; [0.52724503430500302, 0.55976733369372533, 0.20558540616468982]