# Run ; Subrun ; Event ; Track ; Charge Ratios View 0 ; Charge Ratios View 1 #
785 ; 1 ; 0 ; 0 ; [0.12010289424068031] ; [-0.00097620922057063003]
785 ; 1 ; 0 ; 3 ; [0.23488530696560228, 0.081635019457643052] ; [-0.0095309613084610008, -0.016057263441918133]
785 ; 1 ; 1 ; 0 ; [0.33607722531428774] ; [0.28118837046996231]
785 ; 1 ; 2 ; 0 ; [0.64804100159301747] ; [2.0640933050386283]
785 ; 1 ; 2 ; 2 ; [0.44774578721007535] ; [1.3490216830983826]
785 ; 1 ; 2 ; 3 ; [0.68182742649949235] ; [0.8463072920021506]
785 ; 1 ; 3 ; 0 ; [0.35215516298447724] ; [-0.0072378924537930978]
785 ; 1 ; 4 ; 0 ; [0.6822124538404023] ; [1.7122107703851426]
785 ; 1 ; 4 ; 1 ; [0.2228513333543187] ; [0.44529386758258688]
785 ; 1 ; 5 ; 0 ; [0.15646594923582696] ; [0.30187128086321524]
785 ; 1 ; 6 ; 0 ; [0.37037487636953675, 0.53416598595038078, 0.41977715657378478, 0.46006530640996746, 0.068988352134736322] ; [0.12967057744853852, 0.44906366660376351, 0.18760889251828297, 0.37271308545390353, 0.44079315538181901]
785 ; 1 ; 8 ; 0 ; [0.60026921962505864, 0.4003199655093912] ; [0.95128207620418104, 0.32343645646261127]
785 ; 1 ; 9 ; 0 ; [0.063399023304254218, 0.025495892508181642, -0.0088342019846985205] ; [0.28514368332157081, 0.30780020457533419, -0.11339328518903331]
785 ; 1 ; 11 ; 2 ; [1.0937458428701254] ; [2.2977900263067412]
785 ; 1 ; 11 ; 3 ; [0.1769016687073395] ; [0.20421428711851683]
785 ; 1 ; 11 ; 4 ; [0.78803202550289209] ; [1.2524634102740146]
785 ; 1 ; 12 ; 0 ; [0.37914693212204265] ; [0.38888876059132566]
785 ; 1 ; 13 ; 0 ; [0.54591877095320951] ; [0.29438911409546303]
785 ; 1 ; 14 ; 0 ; [0.10864699060052989] ; [0.17870225046590055]
785 ; 1 ; 14 ; 1 ; [0.1205051258963627] ; [0.44908460795497501]
785 ; 1 ; 15 ; 0 ; [0.020533901250975501, -0.016428373299050815] ; [0.33275360835860346, 0.24353899995914891]
785 ; 1 ; 16 ; 1 ; [0.37786029992666909] ; [0.43583535301914278]
785 ; 1 ; 16 ; 4 ; [1.9030818743711] ; [1.4210259199310775]
785 ; 1 ; 17 ; 0 ; [0.8349385090301783] ; [0.55566596091391662]
785 ; 1 ; 18 ; 0 ; [0.34868657261928443] ; [0.35537217439127455]
785 ; 1 ; 18 ; 2 ; [0.7940719583309469] ; [0.78396284625058965]
785 ; 1 ; 20 ; 0 ; [0.6793792307640808] ; [0.20149345381112463]
785 ; 1 ; 20 ; 1 ; [0.38520605029594218] ; [0.94301785070219279]
785 ; 1 ; 21 ; 0 ; [0.1761770204023409, -0.013904384928781537] ; [0.10552535188622293, 0.011735530303161301]
785 ; 1 ; 22 ; 0 ; [0.01431825613176128, 0.0049558187007309983, -0.00044921640019742284] ; [0.41736268137918675, 0.31094562627052824, 0.15942763681024366]
785 ; 1 ; 22 ; 1 ; [0.11031645009010511] ; [0.23889707212009051]
785 ; 1 ; 23 ; 0 ; [0.24795713873108574, 0.33540373659841305, 0.28046293391026456] ; [0.22710779881137072, 0.26138173468651876, 0.16027249840536903]
785 ; 1 ; 24 ; 0 ; [0.17468712910038836] ; [0.025043908592309254]
785 ; 1 ; 25 ; 0 ; [0.34263699911065981, 0.52974489000031755, 0.35269843065497197] ; [0.71371632209689917, 0.530246650717763, 0.15931724633077077]
785 ; 1 ; 26 ; 0 ; [0.6054228795543436, 0.31668592862113548] ; [0.58748989883861447, 0.38641751354791748]
785 ; 1 ; 26 ; 1 ; [2.7815217905518437] ; [0.92865215806175949]
785 ; 1 ; 27 ; 0 ; [-0.0013027616760498809] ; [0.015619238581769914]
785 ; 1 ; 28 ; 0 ; [0.0070409343101255168, -0.013665305770883214, 0.015943423472335943] ; [0.28518533454677464, 0.26231369980952213, -0.16234226721966216]
785 ; 1 ; 29 ; 0 ; [0.3078308473830268, 0.30821684556921602] ; [0.086947080384734476, 0.45850800138222453]
785 ; 1 ; 29 ; 1 ; [0.26793809159224491, 0.073147647834608587] ; [0.33389026378813019, 0.078588807793585624]
785 ; 1 ; 30 ; 0 ; [0.2248244213800408] ; [0.57445152685945811]
785 ; 1 ; 31 ; 2 ; [0.27088604946562655] ; [0.030728166865565943]
785 ; 1 ; 31 ; 3 ; [0.21241863565834448] ; [0.036752591737917291]
785 ; 1 ; 32 ; 0 ; [0.22719302202964453, 0.25737172096459998, 0.089057978245442787] ; [0.30563339266915329, 0.43262253706912202, -0.079695828630930943]
785 ; 1 ; 33 ; 0 ; [0.26607259675276729, 0.29593198774431151, 0.42656200151842527, 0.15799098274446399] ; [0.23632752629608145, 0.21750249490732332, 0.41409600928372298, 0.094090900233456148]
785 ; 1 ; 33 ; 1 ; [0.62048727604466714] ; [0.0094755311496945993]
785 ; 1 ; 33 ; 2 ; [0.12513012037491769] ; [0.20385985902046561]
785 ; 1 ; 33 ; 3 ; [-0.038162904283397345] ; [0.6648394514886028]
785 ; 1 ; 34 ; 0 ; [0.24643120448674125, 0.26307815420966041, 0.43193185505344867, 0.28153216260183278] ; [0.11983443958887295, 0.26575741537140307, 0.17178693422963026, 0.41766502717390802]
785 ; 1 ; 34 ; 3 ; [0.18023085848835965] ; [0.14619697356589914]
785 ; 1 ; 35 ; 1 ; [1.7559074920865263] ; [2.3530728500825124]
785 ; 1 ; 36 ; 0 ; [0.86670647847893978] ; [0.24926523682431243]
785 ; 1 ; 36 ; 1 ; [1.0837476469990883] ; [0.61086535565491273]
785 ; 1 ; 36 ; 3 ; [0.42030738609642532] ; [0.10921151214286234]
785 ; 1 ; 36 ; 5 ; [1.2238234814854583] ; [0.31302577191988012]
785 ; 1 ; 36 ; 10 ; [1.8135265527044837] ; [0.68551176496316801]
785 ; 1 ; 36 ; 11 ; [0.86463178465736379] ; [0.42052851820290976]
785 ; 1 ; 37 ; 0 ; [0.14692810620915053, 0.25329946111820734] ; [0.12139280947127588, 0.18416262966670691]
785 ; 1 ; 37 ; 1 ; [0.16956861821231131] ; [0.39325243804085214]
785 ; 1 ; 37 ; 3 ; [0.47696025099706985] ; [1.4216078342628324]
785 ; 1 ; 37 ; 8 ; [0.27783304142011972] ; [0.49635583050055382]
785 ; 1 ; 38 ; 0 ; [0.1795723826810984] ; [0.17863384322602985]
785 ; 1 ; 38 ; 1 ; [0.35869301134768206] ; [0.12401195898396503]
785 ; 1 ; 38 ; 2 ; [0.36582725369032831] ; [0.37935744143564121]
785 ; 1 ; 39 ; 0 ; [0.15501441407262195] ; [0.38538627241015716]
785 ; 1 ; 39 ; 1 ; [0.00065236140591244836] ; [0.49725226742181639]
785 ; 1 ; 39 ; 2 ; [0.58944413940936236] ; [0.10986772969785095]
785 ; 1 ; 39 ; 3 ; [1.694450851980879] ; [0.2326492392980487]
785 ; 1 ; 39 ; 4 ; [0.48089943794522055] ; [0.0076334341647304824]
785 ; 1 ; 40 ; 0 ; [0.45170131120594165, 0.23262443429788721] ; [0.24560831914062145, 0.24180325012047563]
785 ; 1 ; 40 ; 1 ; [0.20815763199490986] ; [0.45774248744255996]
785 ; 1 ; 40 ; 5 ; [0.20255065811740719, 0.25248294016271178, 0.067585741461619719] ; [0.83642198593775319, 0.20736610182992604, 0.079256039752113289]
785 ; 1 ; 40 ; 6 ; [0.13377888793441134, 4.9220474055272829] ; [0.23500508669939818, 0.69173688853285276]
785 ; 1 ; 41 ; 0 ; [0.30648744947146256, 0.29134712636698329, 0.1497962337287522] ; [0.2483802898123611, 0.32657865896952709, 0.17562221576709069]
785 ; 1 ; 44 ; 0 ; [0.52768968553421702, 0.15370928647478171] ; [0.62230321252010201, 0.21848463567456178]
785 ; 1 ; 45 ; 0 ; [0.38585847123444622, 0.4222841370430761, 0.37716137485199142, 0.39213631831389606] ; [0.22539119705108987, 0.37797240562855666, 0.3025789746275504, 0.4696044059678518]
785 ; 1 ; 45 ; 2 ; [0.014304045482826452] ; [0.049140073906053586]
785 ; 1 ; 46 ; 4 ; [0.83717059579550424] ; [1.3952435546312023]
785 ; 1 ; 46 ; 6 ; [1.850832967451858] ; [1.4875080453772598]
785 ; 1 ; 47 ; 0 ; [5.579781984217445] ; [0.93593794088139204]
785 ; 1 ; 48 ; 0 ; [0.39799949410061747] ; [0.29723141702076888]
785 ; 1 ; 48 ; 2 ; [0.93116149026386452] ; [2.3060742231397939]
785 ; 1 ; 48 ; 4 ; [0.85012646085304022] ; [1.6070227284096503]
785 ; 1 ; 49 ; 0 ; [0.34103692973841321] ; [0.31996038745801109]
785 ; 1 ; 50 ; 0 ; [0.69951902000956079] ; [1.7717650430180412]
785 ; 1 ; 50 ; 2 ; [2.3742765022378967] ; [2.2795545287874606]
785 ; 1 ; 51 ; 0 ; [0.75283101639873096] ; [1.429427892758069]
785 ; 1 ; 52 ; 1 ; [1.8530180546674768] ; [1.4867614030692931]
785 ; 1 ; 52 ; 2 ; [1.1602469597436527] ; [2.9832698287184551]
785 ; 1 ; 52 ; 8 ; [1.1059766048102815] ; [2.1240192305069554]
785 ; 1 ; 52 ; 9 ; [2.2005877596381929] ; [0.90285502531727724]
785 ; 1 ; 53 ; 0 ; [0.018511537581795964, 0.060573270063479213, -0.0028464734839592828] ; [0.10804469197776587, 0.11411042977071641, 0.28971990099871647]
785 ; 1 ; 54 ; 0 ; [0.97739015293137244] ; [0.74134415804218445]
785 ; 1 ; 54 ; 1 ; [1.0197646622969743] ; [-0.021416698578047681]
785 ; 1 ; 54 ; 2 ; [0.76351465438552346] ; [2.0894729721883643]
785 ; 1 ; 55 ; 0 ; [0.06015925866637542, 0.32679604943480872, 0.14667361136166879] ; [0.29609171750005825, 0.64004122766873239, 0.50759850814290386]
785 ; 1 ; 56 ; 0 ; [1.5583187761858406] ; [0.6921179357349706]
785 ; 1 ; 57 ; 0 ; [-0.0080584980799820929, 0.15363295224091508, 0.00057928603992710463] ; [0.32394797637678363, 0.30493619591020138, 0.092867460491986242]
785 ; 1 ; 57 ; 2 ; [0.053763929091252986] ; [-0.018852598767996019]
785 ; 1 ; 58 ; 0 ; [0.19581719351013138, 0.12368953596087646, 0.10528397247562717, 0.061295330989233406] ; [0.16180013843467936, 0.17050098123263752, 0.17727837947127667, 0.2691185398564897]
785 ; 1 ; 59 ; 0 ; [0.34199608969627948, 0.12906246338786193] ; [0.3012743794848764, -0.10145953425819967]
785 ; 1 ; 60 ; 0 ; [0.22643637725833776] ; [0.24797603107360758]
785 ; 1 ; 60 ; 1 ; [0.028882259737140308] ; [0.1526991687316539]
785 ; 1 ; 61 ; 2 ; [0.15958848535821829] ; [0.082606945822809891]
785 ; 1 ; 61 ; 3 ; [0.60325211818221947] ; [0.2060214171850179]
785 ; 1 ; 62 ; 0 ; [-0.010827128105327212] ; [0.13143170451750186]
785 ; 1 ; 62 ; 1 ; [0.17284320262440186] ; [0.58613320894543575]
785 ; 1 ; 62 ; 2 ; [0.68805418430409881] ; [0.19653689742532135]
785 ; 1 ; 63 ; 0 ; [0.44339457355464984] ; [0.4229754954972556]
785 ; 1 ; 64 ; 0 ; [-0.009576247564635704, -0.013764707804971001] ; [0.29059274239411037, 0.30596096995503175]
785 ; 1 ; 65 ; 0 ; [0.55837620179264558, 0.23860993565264713] ; [0.87928798748326942, 0.40791347374620468]
785 ; 1 ; 66 ; 0 ; [0.16278272255556139] ; [0.14413008267336302]
785 ; 1 ; 66 ; 2 ; [0.44393016845316424] ; [0.47402159415791989]
785 ; 1 ; 67 ; 0 ; [0.47452239453144796] ; [2.5301478145390837]
785 ; 1 ; 67 ; 1 ; [0.49837167578574726] ; [0.63087282068624362]
785 ; 1 ; 68 ; 0 ; [7.8959383629531024] ; [0.27644960417313802]
785 ; 1 ; 68 ; 1 ; [0.079827133738800585] ; [-0.017728609879442622]
785 ; 1 ; 68 ; 2 ; [0.026302130469304293] ; [0.70190597692101797]
785 ; 1 ; 68 ; 3 ; [5.0876570952154987] ; [4.3061684204081336]
785 ; 1 ; 69 ; 0 ; [0.11114603335417944, 0.077003114847375431, 0.033478108717416792] ; [0.80168925282088965, 0.34069407955403441, -0.025822949886622076]
785 ; 1 ; 69 ; 1 ; [0.036286133118990288] ; [0.31740257683106976]
785 ; 1 ; 70 ; 1 ; [0.17148846017106698] ; [0.35335894005754298]
785 ; 1 ; 70 ; 2 ; [0.65012601816226467] ; [0.45264251563054514]
785 ; 1 ; 70 ; 6 ; [0.16452562678752089] ; [0.013714146238580031]
785 ; 1 ; 71 ; 0 ; [0.33730322938021556, 0.30074292845267048] ; [0.19673564106878261, 0.25821835447008668]
785 ; 1 ; 71 ; 1 ; [0.025460020882871748] ; [0.051430303085481043]
785 ; 1 ; 72 ; 0 ; [0.14118011819218385] ; [0.35925091157625427]
785 ; 1 ; 72 ; 1 ; [1.0382582015237067, 0.084031641504715981, 0.06806775583796032] ; [0.40811302448096226, 0.3609112334391415, -0.014948422785614689]
785 ; 1 ; 73 ; 0 ; [0.044077738471765757, 0.17056496268267696, 0.019644087748437202] ; [0.33530931635756678, 0.57841622444823015, 0.31681487374559281]
785 ; 1 ; 76 ; 2 ; [0.34079243185648167] ; [0.29462210914033987]
785 ; 1 ; 76 ; 4 ; [0.39698409499157911] ; [0.66054540743628687]
785 ; 1 ; 78 ; 0 ; [0.42274942459338877, 0.34416415101008702, 0.34124291067547408] ; [0.32586019087882762, 0.34917810443579911, 0.30647102413713628]
785 ; 1 ; 78 ; 1 ; [1.9369861091871101] ; [1.1897507849640523]
785 ; 1 ; 79 ; 1 ; [0.46961746919545255] ; [3.4210205386261263]
785 ; 1 ; 79 ; 2 ; [2.4213661587795068] ; [0.48988690333059698]
785 ; 1 ; 79 ; 5 ; [0.68766170425155437] ; [0.47684054972320533]
785 ; 1 ; 79 ; 7 ; [1.0808793409858721] ; [2.4032546265286334]
785 ; 1 ; 80 ; 0 ; [0.11723747902169965] ; [-0.0015873363464594566]
785 ; 1 ; 80 ; 16 ; [0.078473745348001417] ; [0.039738583338376723]
785 ; 1 ; 82 ; 0 ; [0.32662371456217876] ; [1.0997795920747879]
785 ; 1 ; 83 ; 0 ; [0.19325990730164042] ; [0.28453609666125701]
785 ; 1 ; 83 ; 1 ; [0.27144256563076408] ; [0.70785265606610459]
785 ; 1 ; 85 ; 0 ; [0.82904478648368551] ; [0.34700642131114473]
785 ; 1 ; 85 ; 1 ; [0.22562631361513666] ; [0.16912676497455217]
785 ; 1 ; 85 ; 2 ; [0.33880506580661179] ; [0.58148567813445151]
785 ; 1 ; 85 ; 3 ; [0.43171599745316908] ; [0.65602827452178869]
785 ; 1 ; 85 ; 8 ; [0.40835946698977021] ; [0.88518415531485228]
785 ; 1 ; 86 ; 0 ; [0.092264854643847663, 0.091059613014486826, 0.0028470578342811984] ; [0.28792562601761834, 0.34618355673887441, 0.024584272012255354]
785 ; 1 ; 87 ; 0 ; [0.15480492867946324] ; [0.011454581587457633]
785 ; 1 ; 88 ; 2 ; [0.90901671892481728] ; [1.4031303466609892]
785 ; 1 ; 90 ; 1 ; [0.19193130888133858, 0.087379531216845469] ; [0.48873941854447439, 1.2814019743395568]
785 ; 1 ; 90 ; 2 ; [0.025586736704875022] ; [0.2540046681818306]
785 ; 1 ; 91 ; 0 ; [0.36132769930858782, 0.34937766189491254, 0.29762501605514458] ; [0.22569830667166593, 0.39380609630922114, 0.35519782266499161]
785 ; 1 ; 92 ; 0 ; [0.17366786432158102, 0.17668294130498727, 0.11688170355475271] ; [0.28183406690615054, 0.39870568765389475, 0.19513556586522457]
785 ; 1 ; 92 ; 1 ; [0.076206834945925395] ; [0.00019828118452954146]
785 ; 1 ; 92 ; 2 ; [-0.020810523860259993] ; [0.15149176549402601]
785 ; 1 ; 93 ; 0 ; [0.18293183382735725, 0.3420570866803137, 0.36830462341973441] ; [-0.032285660719025548, 0.23936442718961268, 1.3020020418529299]
785 ; 1 ; 93 ; 1 ; [0.18073321720524765] ; [0.48729084359908237]
785 ; 1 ; 94 ; 0 ; [0.39916742876158434, 0.44615171381418972, 0.2878657325507803] ; [0.43495782103794006, 0.48414279795912202, 0.34364884457561196]
785 ; 1 ; 95 ; 0 ; [1.826532700509933] ; [1.7150831966391777]
785 ; 1 ; 95 ; 4 ; [1.6968565252566474] ; [0.82597718588024249]
785 ; 1 ; 95 ; 5 ; [1.8032881819819147] ; [1.2602863328538665]
785 ; 1 ; 96 ; 0 ; [2.0811705503442042] ; [0.59076002988105369]
785 ; 1 ; 96 ; 1 ; [4.7516826532570331] ; [5.3105385145876651]
785 ; 1 ; 96 ; 2 ; [4.3447428596566766] ; [1.7090002324374483]
785 ; 1 ; 96 ; 4 ; [1.1966962525197702] ; [3.1032012199410794]
785 ; 1 ; 96 ; 5 ; [5.5852592438288511] ; [1.093848904487547]
785 ; 1 ; 96 ; 6 ; [1.5364484864600974] ; [0.97638626253712357]
785 ; 1 ; 96 ; 7 ; [3.8608625362711675] ; [2.0774501361407376]
785 ; 1 ; 96 ; 8 ; [1.273471202032427] ; [0.91667895376290154]
785 ; 1 ; 96 ; 9 ; [7.0643921906595377] ; [5.1366179102846061]
785 ; 1 ; 96 ; 12 ; [1.9295612118900762] ; [0.86969697920487754]
785 ; 1 ; 96 ; 18 ; [0.66974733553210331] ; [0.76628035774580627]
785 ; 1 ; 96 ; 21 ; [2.9757676462411964] ; [1.5840564323488791]
785 ; 1 ; 96 ; 29 ; [0.67671961855916973, 0.66102056714145296] ; [0.38863850479281858, 0.49818804151350277]
785 ; 1 ; 96 ; 30 ; [0.8849877310597648] ; [1.1293608193142868]
785 ; 1 ; 97 ; 0 ; [0.89071460574889538] ; [0.31730722688080615]
785 ; 1 ; 98 ; 2 ; [0.2156802983838115] ; [0.15662863251173548]
785 ; 1 ; 100 ; 0 ; [0.012826829280843338, -0.012647409533788278, 0.0047244336504963878] ; [1.5416006050707085, 0.35537833295768018, 0.18914671604336564]
785 ; 1 ; 100 ; 1 ; [0.015659652386852158] ; [0.055112715886902947]
785 ; 1 ; 101 ; 0 ; [1.0275529008919009, 0.50606706188420392] ; [0.64931486030125107, 2.148123738489335]
785 ; 1 ; 101 ; 1 ; [1.5763970676676651] ; [1.9498967706702712]
785 ; 1 ; 102 ; 0 ; [0.30509904306426022] ; [0.23539849473623592]
785 ; 1 ; 103 ; 0 ; [0.1261432100943794, 0.004576768351351056] ; [-0.12199745240447109, 0.14359166680978894]
785 ; 1 ; 103 ; 1 ; [0.66622081596982174] ; [0.72450653819993371]
785 ; 1 ; 104 ; 0 ; [0.11638412218365334, 0.013665766853896895, 0.046494157294354327] ; [0.19256388751698433, 0.34403621747340563, 0.5788574581328163]
785 ; 1 ; 104 ; 1 ; [0.60588079310191489] ; [0.26670233556944889]
785 ; 1 ; 104 ; 2 ; [0.42722779394605592] ; [0.11249037025003127]
785 ; 1 ; 105 ; 0 ; [0.34963577984191063] ; [0.46717439735751987]
785 ; 1 ; 106 ; 2 ; [1.5570851975531905] ; [2.2580604228238017]
785 ; 1 ; 107 ; 1 ; [2.7767281355632449] ; [8.5407116866064801]
785 ; 1 ; 108 ; 0 ; [0.69188204685917354] ; [1.5039562622509226]
785 ; 1 ; 108 ; 1 ; [0.22382097264927051] ; [0.062438929119203124]
785 ; 1 ; 109 ; 0 ; [0.16951828260695886] ; [0.32657994439864069]
785 ; 1 ; 110 ; 0 ; [0.02719404455402288, 0.057677198908852353, 0.033021950099555254, -0.022526762720877551] ; [0.25481162642248389, 0.23628754597786891, 0.25458699822898789, 0.064739242221367121]
785 ; 1 ; 110 ; 1 ; [0.057123784528338724] ; [0.0027617325968858531]
785 ; 1 ; 110 ; 2 ; [-0.01366760867021964] ; [-0.017213222916884544]
785 ; 1 ; 111 ; 0 ; [0.32965433770507319, 0.2949361436040851, 0.36936372737376444] ; [0.24723217970158856, 0.52300875163200355, 0.51073958806414455]
785 ; 1 ; 111 ; 1 ; [-0.021551034201837127] ; [-0.001448953934718803]
785 ; 1 ; 112 ; 0 ; [0.079986419336679201, 0.045937922898893244] ; [0.12719228111166769, 1.5085670389667203]
785 ; 1 ; 115 ; 0 ; [0.092805945079535754, 0.060120062487643317, 0.035940607938400676] ; [0.3801028741856049, 0.28389893861606269, 0.48153686321491451]
785 ; 1 ; 117 ; 0 ; [0.27035188746243743] ; [0.016275462569910078]
785 ; 1 ; 117 ; 1 ; [1.0432657912486836] ; [0.49680383196616262]
785 ; 1 ; 117 ; 6 ; [1.8089616344912174] ; [0.87193061624826695]
785 ; 1 ; 118 ; 0 ; [1.5720627957225133] ; [0.57907393082540659]
785 ; 1 ; 118 ; 1 ; [0.0370222177116242] ; [0.64934976758018115]
785 ; 1 ; 118 ; 3 ; [2.2351949246580247] ; [2.0365506193632097]
785 ; 1 ; 118 ; 5 ; [2.5674509663995253] ; [0.36909259024209329]
785 ; 1 ; 120 ; 4 ; [0.072733797719743046, 0.098394670403175885, 0.2213772994398211] ; [0.25969540590489404, 0.24779400045353872, 0.36034341320352092]
785 ; 1 ; 120 ; 5 ; [0.32417566309750412] ; [0.75901195240384478]
785 ; 1 ; 121 ; 1 ; [0.42031046069749356] ; [0.96990630827998725]
785 ; 1 ; 121 ; 3 ; [2.2784748724333057] ; [1.2964040688371747]
785 ; 1 ; 121 ; 4 ; [2.3104298382505699] ; [1.5631906078067168]
785 ; 1 ; 121 ; 5 ; [2.9002289047738343] ; [0.73569629742361731]
785 ; 1 ; 121 ; 7 ; [0.97998856371564091] ; [0.70436978794740335]
785 ; 1 ; 121 ; 8 ; [1.3884677781139199] ; [1.6406631300984522]
785 ; 1 ; 121 ; 10 ; [1.6417300711542246] ; [2.6346766408138298]
785 ; 1 ; 122 ; 0 ; [0.29055221092882505] ; [0.26096978228250528]
785 ; 1 ; 122 ; 1 ; [0.23338902501998654] ; [0.2776057109829681]
785 ; 1 ; 122 ; 2 ; [0.37401048989032781] ; [0.00522018546126216]
785 ; 1 ; 123 ; 0 ; [0.2211108691403243, 0.24597831427365868, 0.23668825455305095, 0.088720640722256799] ; [0.32905658059786724, 0.26800691301530966, 0.28346737957375351, 0.091258067901643161]
785 ; 1 ; 124 ; 0 ; [0.059516160464010454, 0.039780918508604587, -0.021164740752456796, -0.0047685156791613201] ; [0.59830393881943833, 0.32026604366492945, 0.19996757628713019, 0.10292098529348816]
785 ; 1 ; 124 ; 1 ; [-0.061779336222683244] ; [0.51902886068038878]
785 ; 1 ; 126 ; 0 ; [0.085310671403474148, 0.10695995820429312, 0.093449636777557632, 0.034775507765826837] ; [0.17220290054962881, 0.27249554129282089, 0.25993102370259136, 0.1806553290181927]
785 ; 1 ; 127 ; 0 ; [0.23083530448074216, 0.26092851509757758] ; [0.34186029290431441, 0.26269276130215202]
785 ; 1 ; 128 ; 0 ; [1.4734449788767217] ; [0.43323187927055318]
785 ; 1 ; 128 ; 1 ; [1.0710254915180693, 0.98099681831063257, 0.052431258900946742, 0.61476117698749866] ; [0.52232804598979743, 0.28034498641625766, 0.087066278901633501, 0.090217886783119497]
785 ; 1 ; 128 ; 3 ; [1.2500938431113628] ; [0.48851404947704746]
785 ; 1 ; 128 ; 5 ; [1.570181469824842] ; [1.1923177237229299]
785 ; 1 ; 128 ; 13 ; [1.3902274837033837] ; [0.5046407514530068]
785 ; 1 ; 129 ; 0 ; [0.37024721866193944] ; [0.58021884304717242]
785 ; 1 ; 129 ; 1 ; [3.8432086294298138] ; [0.73894086589710284]
785 ; 1 ; 130 ; 0 ; [-0.0073639126995446629, -0.00207273983596978, -0.0003506631128488844] ; [0.26759189620170049, 0.33294972126600803, 0.21831621310707267]
785 ; 1 ; 131 ; 1 ; [0.10520025694332437] ; [0.08697279651105555]
785 ; 1 ; 132 ; 0 ; [0.010987842800574325, 0.11389567083041073, 0.71373687338852099] ; [0.24216762575171244, 0.2962580403822816, 0.37357701259053061]
785 ; 1 ; 133 ; 0 ; [0.19623994867719666, 0.28753650997863778] ; [0.35921063369835499, 0.33457113170602715]
785 ; 1 ; 133 ; 8 ; [0.39721436524544973] ; [0.55841902225216455]
785 ; 1 ; 134 ; 0 ; [0.13968138526931045] ; [0.23654541210023061]
785 ; 1 ; 134 ; 1 ; [0.22656790772994378] ; [0.80760287839261147]
785 ; 1 ; 134 ; 3 ; [3.4817556038747224] ; [0.20390037324139765]
785 ; 1 ; 135 ; 0 ; [0.011946168118681407, 0.013357262737208383] ; [0.14885557472572358, 0.26668733628928526]
785 ; 1 ; 135 ; 1 ; [0.48525821147406589] ; [0.68341783384188215]
785 ; 1 ; 136 ; 0 ; [0.37801573518429288, 0.26254134577935545] ; [0.44132004643408551, 0.40157855532794567]
785 ; 1 ; 137 ; 0 ; [0.39572392461312972, 0.71830941311245255, 0.12478897163332106] ; [0.16994610274252389, 0.21457089914702643, 0.49930637438560954]
785 ; 1 ; 138 ; 0 ; [0.20276795432155878, 0.071658666319462341] ; [0.52931300211436638, 0.38685464641747547]
785 ; 1 ; 138 ; 1 ; [0.72624808851005207] ; [0.28201836298805022]
785 ; 1 ; 139 ; 0 ; [0.25935440965834416, 0.31985309986936306, 0.11892945640801096] ; [0.23709921532752781, 0.65194924887024919, 1.5778384912626451]
785 ; 1 ; 140 ; 0 ; [0.19542657187613077] ; [0.35357202255031212]
785 ; 1 ; 140 ; 2 ; [0.2842965679498678] ; [0.089699214169135524]
785 ; 1 ; 141 ; 0 ; [0.2054284956507724, 0.26359719574342966, 0.41537014523736215] ; [0.32288002412700295, 0.48240158733950744, 0.27349349671348738]
785 ; 1 ; 141 ; 1 ; [0.35812007559889486] ; [0.31514358383236163]
785 ; 1 ; 141 ; 3 ; [0.66161277875519575] ; [0.033271303856835369]
785 ; 1 ; 142 ; 0 ; [0.73108180892833674, 0.42171313381645192, 1.57669133120801] ; [0.59756640814234641, 0.79312069566803023, 0.82701926710913209]
785 ; 1 ; 142 ; 1 ; [0.40822595086306096] ; [1.2280509531838621]
785 ; 1 ; 142 ; 6 ; [4.8726427353157122] ; [1.1345682201694989]
785 ; 1 ; 142 ; 11 ; [2.2554744204017947] ; [1.2193722976968981]
785 ; 1 ; 143 ; 0 ; [0.071783633963324378, 0.25730505986600705] ; [0.35742731721207904, 1.6124542795459458]
785 ; 1 ; 143 ; 1 ; [0.71888052445688277] ; [-0.015092497233670605]
785 ; 1 ; 143 ; 2 ; [0.042840683508517031] ; [0.10659571190383638]
785 ; 1 ; 143 ; 3 ; [0.17372604019641838] ; [0.43037663922315167]
785 ; 1 ; 143 ; 8 ; [1.7274858253106051] ; [0.94479434983658828]
785 ; 1 ; 144 ; 0 ; [0.57052614367744625] ; [0.19646455050571618]
785 ; 1 ; 144 ; 2 ; [2.3612185437004767] ; [0.49962134330182034]
785 ; 1 ; 144 ; 5 ; [0.80038388612267775] ; [0.48615799178043623]
785 ; 1 ; 144 ; 15 ; [0.38336473156510997] ; [0.2715107401257586]
785 ; 1 ; 145 ; 0 ; [1.345409098953483] ; [0.8292737169233052]
785 ; 1 ; 145 ; 4 ; [1.3081160477596201] ; [1.4031213189565805]
785 ; 1 ; 145 ; 8 ; [0.65933428094555013] ; [1.1530188080985537]
785 ; 1 ; 146 ; 0 ; [3.1910118643437557] ; [0.60110959161329169]
785 ; 1 ; 148 ; 0 ; [0.98934560828428619] ; [0.17215703679168762]
785 ; 1 ; 148 ; 2 ; [1.1858584198685229] ; [1.7693836505347813]
785 ; 1 ; 148 ; 3 ; [0.11257965192878878] ; [0.075394200009389817]
785 ; 1 ; 148 ; 4 ; [1.4835641474077563] ; [2.7051570556309801]
785 ; 1 ; 148 ; 7 ; [0.18271952259742089] ; [0.63701422813098529]
785 ; 1 ; 148 ; 9 ; [0.54456516807628697] ; [0.6051644004147545]
785 ; 1 ; 148 ; 23 ; [1.9986197136451493] ; [0.7352902484106788]
785 ; 1 ; 148 ; 24 ; [3.2333824357760061] ; [1.0451353654537048]
785 ; 1 ; 150 ; 3 ; [1.1371860608970208] ; [3.1201645251962074]
785 ; 1 ; 151 ; 0 ; [0.17570474304004585, 0.14547680529842311] ; [0.35085919599370119, 0.63679099725502808]
785 ; 1 ; 151 ; 1 ; [0.47528226973567334] ; [0.72162613642676765]
785 ; 1 ; 152 ; 0 ; [0.065853436572084326, 0.2262983822918673, 0.030863162495441025] ; [0.27749823427024695, 0.42282499915229432, 0.16244354858817905]
785 ; 1 ; 153 ; 0 ; [0.017492217686490587] ; [0.097032850260430306]
785 ; 1 ; 153 ; 1 ; [0.64875367547081964] ; [0.28372799678417926]
785 ; 1 ; 153 ; 8 ; [2.0404288966817647] ; [0.35975676560505737]
785 ; 1 ; 153 ; 9 ; [0.39281210344396145] ; [0.73519731770629992]
785 ; 1 ; 153 ; 13 ; [0.1728914979160158] ; [0.38167824484061103]
785 ; 1 ; 154 ; 0 ; [1.17049292497363] ; [0.7744280835914521]
785 ; 1 ; 154 ; 1 ; [0.31298030753459694] ; [2.051264998256229]
785 ; 1 ; 154 ; 3 ; [0.16339434339631584] ; [0.39465672060022694]
785 ; 1 ; 154 ; 5 ; [2.5762099502530202] ; [1.3739969782330987]
785 ; 1 ; 154 ; 11 ; [0.99457418729979274] ; [0.64594738200085555]
785 ; 1 ; 154 ; 13 ; [1.9809264646630187] ; [0.76296798438659896]
785 ; 1 ; 154 ; 18 ; [0.010535176270517964] ; [0.91348741920470489]
785 ; 1 ; 154 ; 20 ; [1.9130326420069239] ; [1.3408208076756847]
785 ; 1 ; 154 ; 21 ; [1.6775766569912791] ; [1.9055763792505314]
785 ; 1 ; 154 ; 22 ; [2.5788162840286173] ; [1.0556990269604829]
785 ; 1 ; 154 ; 32 ; [1.1947645569762615] ; [1.0716514663186638]
785 ; 1 ; 154 ; 37 ; [0.29556517166287832] ; [2.5357024750135384]
785 ; 1 ; 156 ; 0 ; [0.25114816814831997, 0.40796191768054763, 0.50905755678127707, 1.0710246274511726] ; [0.20857631119115183, 0.39561969056408003, 0.46322187883111232, 0.16028743674984183]
785 ; 1 ; 157 ; 0 ; [0.26620322437388205, 0.33905915261838593, 0.10977131421748441] ; [0.33454047649303986, 0.39907005812606267, 0.26839847994708776]
785 ; 1 ; 158 ; 0 ; [0.45927610375415623, 0.18957232675666688] ; [3.4706087837989603, 1.1788664372946245]
785 ; 1 ; 158 ; 3 ; [3.6872366621211219] ; [3.9587402657599267]
785 ; 1 ; 158 ; 4 ; [8.7215702819859278] ; [0.59113120459871871]
785 ; 1 ; 159 ; 0 ; [0.2471860828087214, 0.18212399905553667, 0.053540489919854287] ; [0.2233999124531475, 0.22693203298001949, -0.15630475517524106]
785 ; 1 ; 160 ; 0 ; [0.027920712994716053, -0.00057262513482692209] ; [0.36935200211926744, 0.25837893447437987]
785 ; 1 ; 160 ; 1 ; [0.12562305556974454] ; [0.35430776557780624]
785 ; 1 ; 161 ; 0 ; [0.20341364849062918, 0.158014682211959, 0.028412632891221559] ; [0.23449473787926856, 0.2864014650586823, 0.060717850829948544]
785 ; 1 ; 161 ; 1 ; [-0.015098624792055013, -0.022307978951079423] ; [0.12789298546788072, 0.21524023136059692]
785 ; 1 ; 162 ; 0 ; [0.78998550065744477] ; [0.27795086759593562]
785 ; 1 ; 162 ; 1 ; [0.32797218391529959] ; [0.4392281789271591]
785 ; 1 ; 162 ; 2 ; [0.22128729355728377] ; [-0.01550739471916221]
785 ; 1 ; 162 ; 3 ; [0.55615752565171506] ; [0.93367780004289569]
785 ; 1 ; 162 ; 6 ; [0.39442536767355441] ; [1.8102403749474789]
785 ; 1 ; 163 ; 8 ; [0.062863445433806814] ; [0.25748982853327151]
785 ; 1 ; 164 ; 0 ; [1.7408875640831287] ; [1.4675620867497832]
785 ; 1 ; 164 ; 4 ; [2.2415545182995942] ; [0.68769554245208508]
785 ; 1 ; 164 ; 10 ; [0.67138734177193926] ; [0.71494766019170075]
785 ; 1 ; 164 ; 13 ; [1.4706460956848344] ; [2.3575581901388896]
785 ; 1 ; 165 ; 1 ; [0.40579284785005182] ; [0.073119361580563355]
785 ; 1 ; 167 ; 0 ; [1.0537256702939415] ; [0.55059376803838844]
785 ; 1 ; 167 ; 2 ; [0.26343091570957244] ; [1.1442338926995839]
785 ; 1 ; 169 ; 2 ; [1.3886163984795983] ; [1.1745177291418847]
785 ; 1 ; 169 ; 4 ; [0.36111680712056393] ; [1.3615260654273706]
785 ; 1 ; 169 ; 7 ; [3.8491704904562862] ; [1.78838815882706]
785 ; 1 ; 169 ; 9 ; [1.4950684601002937] ; [1.533935795963957]
785 ; 1 ; 170 ; 0 ; [0.22164727784542387] ; [0.19985357582387159]
785 ; 1 ; 171 ; 0 ; [0.69424099334646072] ; [-0.00065684786271095628]
785 ; 1 ; 171 ; 3 ; [1.2294995460233975] ; [1.5900022626453334]
785 ; 1 ; 171 ; 4 ; [6.7515333066173771] ; [3.1454991875993099]
785 ; 1 ; 171 ; 8 ; [3.4956853575337923] ; [2.3890063502614449]
785 ; 1 ; 171 ; 9 ; [3.7377854764329412] ; [4.0228709359350532]
785 ; 1 ; 171 ; 12 ; [0.52977721382060461] ; [0.013075481158581551]
785 ; 1 ; 172 ; 0 ; [2.0273840019369151] ; [0.68451989007318204]
785 ; 1 ; 172 ; 1 ; [1.7213899029423532] ; [0.67646033172797648]
785 ; 1 ; 172 ; 2 ; [2.0902167202483302] ; [0.0029957090409088931]
785 ; 1 ; 172 ; 3 ; [1.8798689829385631] ; [0.3725934198296097]
785 ; 1 ; 172 ; 4 ; [1.6041034858778394] ; [0.57588232575640541]
785 ; 1 ; 172 ; 5 ; [0.91676601546532499] ; [1.2034784442674613]
785 ; 1 ; 172 ; 6 ; [0.36350218438229498] ; [0.69378693727954621]
785 ; 1 ; 172 ; 7 ; [1.3844422595661146] ; [1.8408260501690792]
785 ; 1 ; 172 ; 8 ; [2.9117671583888436] ; [1.7297471985263224]
785 ; 1 ; 172 ; 10 ; [5.1361787380886206] ; [2.4709491552426872]
785 ; 1 ; 172 ; 12 ; [4.0572659759865299] ; [1.9016141710087004]
785 ; 1 ; 172 ; 14 ; [0.87871466034693446] ; [0.68340307202780504]
785 ; 1 ; 173 ; 0 ; [0.12835147097374072] ; [0.096139937181084434]
785 ; 1 ; 174 ; 2 ; [1.7393377530136869] ; [1.4351556997083659]
785 ; 1 ; 175 ; 0 ; [0.13861371752204085] ; [0.64134568017108307]
785 ; 1 ; 175 ; 2 ; [1.953969775765019] ; [1.4465090255597901]
785 ; 1 ; 176 ; 0 ; [0.44837338375159691, 0.2763515108425923] ; [0.49889899995394538, 0.35950025705934086]
785 ; 1 ; 176 ; 1 ; [0.31702359639428762] ; [0.0041354157500682635]
785 ; 1 ; 176 ; 3 ; [0.37467207861560498] ; [0.57149807680044329]
785 ; 1 ; 177 ; 0 ; [0.24448106694322097, 0.32091039904035623, 0.13962485564742388] ; [0.20219167456817475, 0.19070761772339068, 0.15891573025482511]
785 ; 1 ; 178 ; 0 ; [0.16427987182284004, 0.22405477919587652] ; [0.57677042002734258, 0.43140962960916712]
785 ; 1 ; 178 ; 1 ; [0.11471753615293041] ; [0.20359706233542532]
785 ; 1 ; 179 ; 0 ; [2.2142572630272359] ; [1.0022502742841153]
785 ; 1 ; 179 ; 1 ; [0.5732728508140853] ; [1.8786417624131866]
785 ; 1 ; 179 ; 4 ; [0.45546148560988664] ; [0.49219310822025264]
785 ; 1 ; 179 ; 5 ; [0.21205394603670824] ; [1.8445543081257967]
785 ; 1 ; 179 ; 7 ; [2.0378706834088063] ; [0.55333902469048091]
785 ; 1 ; 180 ; 1 ; [0.58748839221458149] ; [1.1642819162624614]
785 ; 1 ; 180 ; 2 ; [1.0196459641546873] ; [0.14009312101519442]
785 ; 1 ; 180 ; 4 ; [0.041703334603578397] ; [0.3868064855762654]
785 ; 1 ; 180 ; 5 ; [0.42010823023222188] ; [0.54379908159973822]
785 ; 1 ; 181 ; 0 ; [0.9922890039590192] ; [0.28773375592323724]
785 ; 1 ; 181 ; 1 ; [1.4074498802586133] ; [1.4268174902973765]
785 ; 1 ; 181 ; 2 ; [0.8836791451272008] ; [1.5654709044394188]
785 ; 1 ; 181 ; 4 ; [0.55067699646945378] ; [0.86485811371193666]
785 ; 1 ; 181 ; 5 ; [0.47995194753446252] ; [0.90031616935787129]
785 ; 1 ; 181 ; 8 ; [0.91085902327132107] ; [1.1384239551851028]
785 ; 1 ; 181 ; 9 ; [0.73661040593856397] ; [1.9503605292302806]
785 ; 1 ; 181 ; 14 ; [1.09164051611999] ; [0.71302847658205404]
785 ; 1 ; 181 ; 17 ; [4.4607195754578965] ; [1.3734658928943908]
785 ; 1 ; 181 ; 22 ; [0.19823236984299994] ; [1.2415119635707816]
785 ; 1 ; 181 ; 23 ; [4.4728317738627661] ; [1.4524989951209095]
785 ; 1 ; 182 ; 0 ; [0.33132862350221992] ; [0.44077159396131915]
785 ; 1 ; 183 ; 0 ; [0.11061391968911401] ; [0.014740255827170682]
785 ; 1 ; 185 ; 0 ; [0.16200971429904834, 0.16906891466306848, 0.15961179064159706, 1.2197813478788118] ; [0.28757022273547334, 0.24342736204981813, 0.24686356893383254, 0.0063772412602264607]
785 ; 1 ; 185 ; 1 ; [1.182223775489778] ; [0.086349108528685201]
785 ; 1 ; 186 ; 0 ; [0.3097737628219478] ; [0.39957859163666282]
785 ; 1 ; 186 ; 1 ; [1.8740283615574744] ; [0.11150930318258592]
785 ; 1 ; 186 ; 5 ; [4.8098404495414222] ; [5.4094103968312117]
785 ; 1 ; 187 ; 0 ; [-0.010310233361676711] ; [0.0081029262237111346]
785 ; 1 ; 188 ; 0 ; [0.14649895470785437, 0.12916423821662004, -0.04109264357929817] ; [0.25393747558509921, 0.3495076274985609, 0.099326392865451599]
785 ; 1 ; 189 ; 0 ; [0.13956418191538097, 0.24892863725760825, 0.012794662132786802] ; [0.46318859987571809, 0.66953311483008859, 0.033746770951759]
785 ; 1 ; 190 ; 0 ; [0.251442992427093] ; [0.6849023861731306]
785 ; 1 ; 190 ; 1 ; [-0.0038713873708590596] ; [0.017178585168419396]
785 ; 1 ; 191 ; 0 ; [0.34568772535892311, 0.26939618235946677] ; [0.44255355147701847, 0.2415387742991795]
785 ; 1 ; 192 ; 3 ; [0.13149935355683892] ; [0.022920100447532645]
785 ; 1 ; 194 ; 0 ; [0.035520311265641445, 0.38662644749510577] ; [0.39936922654443474, 1.0404499424713831]
785 ; 1 ; 194 ; 1 ; [0.76937991033633968] ; [0.34507275525439246]
785 ; 1 ; 194 ; 2 ; [1.0564005266811889] ; [0.25479236614723394]
785 ; 1 ; 194 ; 3 ; [0.51966202212492507] ; [0.91275111964968458]
785 ; 1 ; 194 ; 4 ; [1.5402677222757728] ; [0.38694211200433648]
785 ; 1 ; 194 ; 5 ; [0.72436136961178232] ; [0.51714509289960597]
785 ; 1 ; 196 ; 0 ; [0.25461187163838761] ; [0.65777712407751809]
785 ; 1 ; 197 ; 0 ; [2.0375345602724146] ; [0.40073015248375404]
785 ; 1 ; 197 ; 1 ; [0.58961837391522254] ; [0.40826597896597572]
785 ; 1 ; 197 ; 5 ; [0.34877186362604995] ; [0.16629060827827846]
785 ; 1 ; 199 ; 0 ; [-0.012250355806945416] ; [-0.02821805017826854]
785 ; 1 ; 199 ; 2 ; [1.7959943662128386] ; [1.4019885222211941]
785 ; 1 ; 200 ; 0 ; [0.035124242696997224] ; [-0.035646726744791329]
785 ; 1 ; 200 ; 1 ; [0.02647888453497] ; [0.10595879428724039]
785 ; 1 ; 200 ; 4 ; [0.39530834744720045] ; [0.79442465720369726]
785 ; 1 ; 200 ; 5 ; [0.55738913357402031] ; [0.014030595948207615]
785 ; 1 ; 201 ; 0 ; [0.37917651519037482, 0.35628177253792187, 0.33253533220007037] ; [0.3616447757757244, 0.31752968842750107, 0.49576844655984159]
785 ; 1 ; 202 ; 0 ; [0.37880191864979046] ; [0.25033136237776826]
785 ; 1 ; 202 ; 1 ; [1.6405094540840461] ; [0.39125424280927762]
785 ; 1 ; 202 ; 2 ; [0.40892936268219449] ; [2.0334734039661333]
785 ; 1 ; 202 ; 3 ; [2.3059361871648885] ; [1.2129674257604615]
785 ; 1 ; 204 ; 1 ; [2.0313832573221298] ; [2.0055315380714243]
785 ; 1 ; 204 ; 4 ; [1.6919373038429255] ; [2.5962639956563547]
785 ; 1 ; 204 ; 6 ; [1.5275709557236601] ; [1.8989953517151918]
785 ; 1 ; 204 ; 7 ; [1.7665897672231661] ; [1.6085022195982437]
785 ; 1 ; 204 ; 9 ; [1.0946259751803105] ; [2.8610503795828492]
785 ; 1 ; 204 ; 12 ; [2.3539720964883557] ; [2.2530520837544783]
785 ; 1 ; 204 ; 14 ; [1.6545515141726801] ; [1.6597165261610378]
785 ; 1 ; 205 ; 0 ; [0.1434378103675088, 0.01785785847382141, -0.020235827611258205] ; [0.32370833108534691, 0.20286043971488735, -0.026176886622609499]
785 ; 1 ; 206 ; 0 ; [0.022518078208118381] ; [-0.031062075792369817]
785 ; 1 ; 206 ; 1 ; [0.2407816489401268] ; [0.26982911499465184]
785 ; 1 ; 206 ; 2 ; [0.51615638319042734] ; [1.3427631171476586]
785 ; 1 ; 206 ; 3 ; [0.82130977144336348] ; [0.85858686033782816]
785 ; 1 ; 207 ; 0 ; [0.046486439486482851] ; [0.47634528702702572]
785 ; 1 ; 207 ; 1 ; [0.011039956927313712] ; [0.10714923314010727]
785 ; 1 ; 208 ; 2 ; [0.18973236344320318] ; [2.2917699778869509]
785 ; 1 ; 209 ; 0 ; [0.16930131957827754, 0.11441440987954098] ; [0.34168219772078207, 0.19196735103610382]
785 ; 1 ; 210 ; 0 ; [0.62180710722531751] ; [1.4529489449372786]
785 ; 1 ; 210 ; 1 ; [1.0443810174392383] ; [0.63806300157522544]
785 ; 1 ; 210 ; 14 ; [0.66101468337746472] ; [0.44324795726012028]
785 ; 1 ; 211 ; 0 ; [1.8875340926948267] ; [1.3956697829383511]
785 ; 1 ; 211 ; 1 ; [0.68352250807979364] ; [0.2202610953752896]
785 ; 1 ; 211 ; 2 ; [1.0153907728165457] ; [0.37958053618148779]
785 ; 1 ; 211 ; 5 ; [0.54226279493870133] ; [0.61069465150477364]
785 ; 1 ; 211 ; 9 ; [2.5088996532832355] ; [0.62296968769765027]
785 ; 1 ; 212 ; 0 ; [0.084465151572120575, 0.34244539077208186] ; [0.37743283768242653, 0.34351940333417985]
785 ; 1 ; 212 ; 2 ; [0.0054958730085688211] ; [0.2696019436474747]
785 ; 1 ; 213 ; 0 ; [0.613339489322553, 0.31231243761944344] ; [0.66478299284215281, 0.35108912132408049]
785 ; 1 ; 214 ; 0 ; [0.84120040319204847] ; [0.27029055430946985]
785 ; 1 ; 214 ; 1 ; [0.1579498524832261] ; [1.7767430133361788e-05]
785 ; 1 ; 214 ; 2 ; [-0.021259824871467596] ; [0.1266190213551833]
785 ; 1 ; 215 ; 0 ; [0.34055296325740825, 0.68668898786766852, 0.67932170426988481] ; [0.26369205307116977, 0.63545322473203403, 0.44103942067334667]
785 ; 1 ; 216 ; 0 ; [0.062766903564951987] ; [0.23107040737714846]
785 ; 1 ; 220 ; 0 ; [0.36410919301202399, 0.32539959786475203] ; [0.33051316541518355, 0.23869926821309262]
785 ; 1 ; 221 ; 0 ; [0.47822817994452232] ; [0.16379800464545882]
785 ; 1 ; 221 ; 2 ; [0.60028497066527819] ; [0.95857070419049895]
785 ; 1 ; 222 ; 0 ; [0.31036729440342919, 0.2252937264860676] ; [0.17958970727286916, -0.054773586246250172]
785 ; 1 ; 224 ; 1 ; [1.0669307229456231] ; [1.1640634684181888]
785 ; 1 ; 224 ; 2 ; [1.0593031587448236] ; [0.16187289761255852]
785 ; 1 ; 224 ; 3 ; [0.49538944442001975] ; [0.16960813305598399]
785 ; 1 ; 224 ; 5 ; [0.16738690560298428] ; [0.0060819811703781449]
785 ; 1 ; 225 ; 2 ; [2.1940543971946149] ; [0.62254677749927456]
785 ; 1 ; 225 ; 5 ; [1.835076002347394] ; [1.2724782282016291]
785 ; 1 ; 226 ; 0 ; [0.29456163437720639] ; [0.20621977609053474]
785 ; 1 ; 227 ; 0 ; [0.11877072369270172, 0.14193606184564511, 0.12511517647092979, -0.0020041840139228828] ; [0.27078761962592335, 0.25818378557245264, 0.33697448822720949, -0.082709937037939413]
785 ; 1 ; 228 ; 0 ; [0.20769887972477047, 0.24943651859343033, 0.05648778553139145] ; [0.5756692681361294, 0.3425228990847442, 0.16115975788406567]
785 ; 1 ; 228 ; 1 ; [0.080581487923041248] ; [0.083356850448166916]
785 ; 1 ; 229 ; 0 ; [0.29470318523466754] ; [0.36658092574200046]
785 ; 1 ; 230 ; 0 ; [0.22720599066963756, 0.63720361523686775, 0.21818958233353827] ; [0.41775193828697516, 0.4552988892150831, 0.20523700721859162]
785 ; 1 ; 230 ; 1 ; [0.27570298239567376] ; [0.095594183037769731]
785 ; 1 ; 230 ; 3 ; [-0.0069712870972602307] ; [0.38027991969321273]
785 ; 1 ; 232 ; 0 ; [-0.020182307604842929, 0.093605974795589297, 0.034206512664625585, 0.34680780572980846] ; [0.27213682448142873, 0.26841932981949201, 0.23390721296312458, -0.020407938674033455]
785 ; 1 ; 233 ; 0 ; [0.57381460712936538] ; [0.00071783733933890022]
785 ; 1 ; 235 ; 5 ; [1.7231829075533871] ; [1.7651935059936461]
785 ; 1 ; 236 ; 0 ; [0.56773239944591458] ; [-0.0066623312402826146]
785 ; 1 ; 236 ; 4 ; [0.4464363497773593] ; [0.77361732415631901]
785 ; 1 ; 237 ; 0 ; [0.10861094001052821, 0.11484510734311702] ; [0.29354803895928888, 0.20049802718537971]
785 ; 1 ; 238 ; 0 ; [0.062481549328872066] ; [0.32486207135279549]
785 ; 1 ; 239 ; 0 ; [0.10512634583027883, 0.17636123051450733, 0.23541361575615835] ; [0.23879755058669488, 0.51952603212931114, 0.32605952426279339]
785 ; 1 ; 239 ; 1 ; [0.17992841550067545, 0.3260086569581867, 0.20963968838166178] ; [0.36497780951370923, 0.28167305524598146, 0.17342966271382124]
785 ; 1 ; 239 ; 2 ; [0.75815702798998097] ; [0.028222924761585277]
785 ; 1 ; 240 ; 0 ; [0.58879332145641872] ; [1.2510748201354285]
785 ; 1 ; 240 ; 1 ; [1.5156376888665741] ; [0.16219523313790823]
785 ; 1 ; 240 ; 2 ; [1.5985917519254893] ; [1.0015882661375286]
785 ; 1 ; 240 ; 4 ; [1.9962118712663948] ; [1.2780400470933788]
785 ; 1 ; 240 ; 5 ; [0.16563631344327653] ; [0.040667619922171556]
785 ; 1 ; 240 ; 10 ; [1.5420209541242864] ; [1.771024464938745]
785 ; 1 ; 240 ; 19 ; [5.6763487771158498] ; [1.2141536161343325]
785 ; 1 ; 240 ; 21 ; [0.93884448046902136] ; [0.16520395980542274]
785 ; 1 ; 241 ; 0 ; [0.10052359769704422] ; [0.037157471844412801]
785 ; 1 ; 241 ; 1 ; [0.1174736923260857] ; [0.21896879597474903]
785 ; 1 ; 241 ; 2 ; [5.2421445609237347] ; [1.1184026767163466]
785 ; 1 ; 242 ; 3 ; [0.14806095384807796] ; [-0.078946768190654631]
785 ; 1 ; 242 ; 6 ; [2.290547204263202] ; [1.1290261211024761]
785 ; 1 ; 242 ; 9 ; [2.7511813515229622] ; [1.9705729358781723]
785 ; 1 ; 242 ; 10 ; [2.2447949028615359] ; [0.73207015501869876]
785 ; 1 ; 243 ; 0 ; [0.12136350287238738, 0.11532581690019333, 0.60149282963132755] ; [0.20023460457010211, 0.35103710901675933, 0.43418565082544514]
785 ; 1 ; 244 ; 0 ; [-0.00066645617223336576] ; [0.22023053329581932]
785 ; 1 ; 245 ; 0 ; [0.21621370775876297] ; [0.2833626892671457]
785 ; 1 ; 245 ; 1 ; [0.49491614165977199] ; [0.42937935453191806]
785 ; 1 ; 245 ; 3 ; [0.35646191814284528] ; [0.21010794448815645]
785 ; 1 ; 246 ; 0 ; [1.234609926251973] ; [0.53005470862567039]
785 ; 1 ; 246 ; 1 ; [0.3022721096006285] ; [-0.012890755678266143]
785 ; 1 ; 247 ; 0 ; [0.22587578370116262] ; [0.016613490713799164]
785 ; 1 ; 247 ; 1 ; [0.42469207002274673, 0.63334608090091227] ; [0.23641077251033746, 1.1352355907988936]
785 ; 1 ; 247 ; 4 ; [0.250773549740963] ; [0.049055445771500492]
785 ; 1 ; 248 ; 0 ; [0.2168786898267753] ; [1.5539594627219413]
785 ; 1 ; 249 ; 0 ; [0.0020117668980354571, 0.018930970276177062, 0.017763661315947497, -0.013959300024804921] ; [0.19190385193733622, 0.16354452597806712, 0.2611945756898405, -0.035568800608377721]
785 ; 1 ; 250 ; 0 ; [1.1342198780266113] ; [0.38439696260681477]
785 ; 1 ; 250 ; 2 ; [0.58637897718250431] ; [0.17718824916794793]
785 ; 1 ; 250 ; 9 ; [1.4674595798900141] ; [1.4081889017556188]
785 ; 1 ; 250 ; 11 ; [3.5822603687361725] ; [0.11927923801545921]
785 ; 1 ; 251 ; 0 ; [0.0018482295794557354, 0.029627403040654494, -0.058713663603594937] ; [0.19429802463629292, 0.27770556980798511, 0.18046153119917682]
785 ; 1 ; 251 ; 1 ; [0.11887164695277853] ; [0.047641689371265381]
785 ; 1 ; 252 ; 0 ; [0.35593578820256672, 0.27190471415121464, 0.15433499541562298] ; [0.2276432037689001, 0.20162232536784122, 0.16692310223583823]
785 ; 1 ; 254 ; 2 ; [6.0789835424666441] ; [1.1584455203426711]
785 ; 1 ; 255 ; 0 ; [4.4445823353420009] ; [0.28562694569572034]
785 ; 1 ; 255 ; 2 ; [2.1495282596140846] ; [0.96592795759158834]
785 ; 1 ; 255 ; 3 ; [0.42770808794614662] ; [0.59941008035705567]
785 ; 1 ; 256 ; 0 ; [0.5863459115715236, 0.37292538265371911, 0.39988955016230104] ; [1.1582730620495152, 0.31588613065875687, 0.34206266962188603]
785 ; 1 ; 256 ; 2 ; [0.20436082569035338] ; [0.38070045659664842]
785 ; 1 ; 257 ; 0 ; [1.2064509289267698, 0.43103338847763589] ; [-0.0024016164793042179, -0.031417034514981131]
785 ; 1 ; 257 ; 1 ; [2.1009026316522661] ; [2.0659107114647948]
785 ; 1 ; 257 ; 3 ; [2.0075727054079033] ; [1.793322297490654]
785 ; 1 ; 258 ; 0 ; [0.070584810754610802, 0.11571670945414819, 0.12002566485809742] ; [0.29800289096958205, 0.39852143117560035, 0.43901460994656966]
785 ; 1 ; 259 ; 0 ; [0.17192102271504112] ; [0.40091977673396095]
785 ; 1 ; 260 ; 0 ; [1.0432804309461179] ; [0.59409883789389861]
785 ; 1 ; 260 ; 1 ; [1.8163916543576084] ; [0.29860369575039747]
785 ; 1 ; 260 ; 2 ; [1.6639484155718387] ; [1.3106742062944057]
785 ; 1 ; 260 ; 3 ; [0.17706527222370066] ; [0.98602198189073031]
785 ; 1 ; 262 ; 0 ; [0.098630014635674015, 0.075561961570160457, 0.0203887846756707] ; [0.25610347709471981, 0.3280669826687701, -0.037692896425160841]
785 ; 1 ; 262 ; 1 ; [-0.020887144454347514] ; [-0.11453656852062608]
785 ; 1 ; 263 ; 1 ; [0.27272033809644391] ; [0.09925992160076022]
785 ; 1 ; 263 ; 10 ; [3.4272549084145076] ; [0.88330005359532726]
785 ; 1 ; 264 ; 0 ; [1.4079600195722204] ; [0.22888074890501225]
785 ; 1 ; 264 ; 1 ; [0.96347171061854642] ; [0.55743947015616657]
785 ; 1 ; 264 ; 2 ; [0.49452831260376073] ; [1.2004103495271239]
785 ; 1 ; 264 ; 3 ; [0.79941858561036261] ; [0.36279468151566319]
785 ; 1 ; 265 ; 0 ; [0.26787388952059343, 0.087086077212249952] ; [0.29308552380199848, 0.038908485315186675]
785 ; 1 ; 266 ; 0 ; [-0.00054677579747225739, 0.00020889399319750171, -0.037073161968934225] ; [0.26462919459592932, 0.21337698599383867, -0.028173445367602277]
785 ; 1 ; 267 ; 0 ; [0.17310643154895772] ; [0.20353501260902648]
785 ; 1 ; 267 ; 1 ; [0.1015453880260235] ; [1.1214832518751803]
785 ; 1 ; 267 ; 3 ; [0.93999637840799033] ; [1.8652634236777803]
785 ; 1 ; 268 ; 0 ; [0.42211716546516065] ; [0.63428472659924584]
785 ; 1 ; 268 ; 1 ; [0.40230769886534018] ; [0.37579478098865543]
785 ; 1 ; 269 ; 0 ; [1.8350904876341301, 0.68552129678076779] ; [0.15345101940302672, 0.12150802507883124]
785 ; 1 ; 269 ; 1 ; [1.3222487494712574] ; [0.0071950476801544696]
785 ; 1 ; 269 ; 2 ; [2.0339656878128443] ; [-0.21601519759075788]
785 ; 1 ; 269 ; 3 ; [-0.055279991591279089] ; [0.0064209887950702161]
785 ; 1 ; 270 ; 0 ; [0.062698736672909039] ; [0.063661170209261056]
785 ; 1 ; 272 ; 0 ; [0.91125449031183425] ; [1.0323280564726023]
785 ; 1 ; 272 ; 1 ; [1.4825214437895016] ; [1.4595375421675505]
785 ; 1 ; 272 ; 8 ; [1.6798544123809063] ; [1.0475159808903005]
785 ; 1 ; 273 ; 0 ; [0.22585041264321767] ; [0.080056443360578086]
785 ; 1 ; 273 ; 1 ; [0.1004012253558121] ; [0.021756811792757135]
785 ; 1 ; 273 ; 2 ; [0.52535910470915381] ; [0.27642629273806846]
785 ; 1 ; 274 ; 0 ; [0.12058341283463136, -0.014732726900014242] ; [0.42772973184276059, -0.026509758338635777]
785 ; 1 ; 275 ; 0 ; [0.25653974845972238, 0.37211388240861587, 0.3485449137421105, 0.053053789365967788] ; [0.39695229782112651, 0.15255970172308284, 0.14901163704693399, 0.30175031912264483]
785 ; 1 ; 276 ; 1 ; [0.26924412949797943, 0.37718733478752553] ; [0.25695545411540588, 0.16378060767621111]
785 ; 1 ; 276 ; 3 ; [0.20023747445483253, 0.27302775077324215, 0.25084590599774942] ; [0.15672846748223798, 0.11891325441040253, 0.35281323136693021]
785 ; 1 ; 277 ; 0 ; [0.73144373364971416] ; [0.56664371169543437]
785 ; 1 ; 277 ; 1 ; [0.47134136852488812] ; [0.48933015742115948]
785 ; 1 ; 277 ; 11 ; [0.91169299050244434] ; [1.393009241959887]
785 ; 1 ; 278 ; 0 ; [0.18294149284155739, 0.13193744272255162, 0.1990945753868652] ; [0.36611661716234634, 0.59237634510280124, 0.41147905126187301]
785 ; 1 ; 279 ; 0 ; [3.1853707266353659] ; [5.7462789720903258]
785 ; 1 ; 279 ; 2 ; [1.3171227169708721] ; [0.34825584194314896]
785 ; 1 ; 279 ; 3 ; [1.894368960231773] ; [1.6640073552615138]
785 ; 1 ; 279 ; 4 ; [1.7056695902198953] ; [3.4305074037542589]
785 ; 1 ; 279 ; 5 ; [0.97751449329266615] ; [2.3928383905119111]
785 ; 1 ; 279 ; 7 ; [1.917378278268328] ; [2.286850762549367]
785 ; 1 ; 282 ; 0 ; [1.5038620296549998] ; [0.31152165739150545]
785 ; 1 ; 282 ; 1 ; [0.51978108377320509] ; [0.85710194063202549]
785 ; 1 ; 282 ; 2 ; [1.3913894598144814] ; [1.0105241774609499]
785 ; 1 ; 282 ; 3 ; [1.743393591379939] ; [1.9921682644066185]
785 ; 1 ; 282 ; 5 ; [1.5655548179338465] ; [1.7882838637689995]
785 ; 1 ; 282 ; 7 ; [2.487750649000223] ; [2.8093305535389286]
785 ; 1 ; 282 ; 8 ; [2.138335919222238] ; [2.09254129612976]
785 ; 1 ; 282 ; 10 ; [2.058824153560626] ; [1.6963424544367391]
785 ; 1 ; 282 ; 13 ; [2.1840324150085211] ; [2.0222965569696831]
785 ; 1 ; 284 ; 1 ; [0.13432208972319412] ; [1.5206395060731379]
785 ; 1 ; 284 ; 2 ; [0.83557161442727501] ; [0.18863333651413897]
785 ; 1 ; 284 ; 9 ; [1.348581673839286] ; [1.2379501279628256]
785 ; 1 ; 285 ; 0 ; [-0.1051453193258278, 0.13909398543090129] ; [0.28814243764941805, 0.35263928275601969]
785 ; 1 ; 285 ; 1 ; [-0.059615705191498308] ; [-0.0053803176610728977]
785 ; 1 ; 287 ; 0 ; [0.043103438704571152] ; [-0.00069281243115789943]
785 ; 1 ; 289 ; 2 ; [0.23023359756846459, 0.13278189467142293, 0.078413487274404295] ; [0.5005343575313409, 0.31640913936177378, 0.071877864166883854]
785 ; 1 ; 289 ; 3 ; [0.57086307976752459] ; [0.41276453049685979]
785 ; 1 ; 290 ; 0 ; [0.31344441727871708, 0.082025098514347736] ; [0.37953372872408053, -0.041188570381969339]
785 ; 1 ; 292 ; 0 ; [0.28267435552123565, 0.17079778385239514] ; [0.38098146312268688, 0.21204292052963702]
785 ; 1 ; 293 ; 0 ; [-0.059571149993333648, 0.033260101224775296] ; [0.24710916901533012, 0.28602039358787779]
785 ; 1 ; 293 ; 1 ; [0.0014405811925926491, 0.090194081832271178] ; [0.015964109819429639, -0.014640529023907474]
785 ; 1 ; 294 ; 0 ; [0.48438136623233224] ; [0.64614656336974785]
785 ; 1 ; 294 ; 1 ; [1.8873854529877188] ; [1.1944385860545736]
785 ; 1 ; 294 ; 3 ; [1.278637007632861] ; [1.3083169715811191]
785 ; 1 ; 295 ; 0 ; [1.4315148364758978] ; [0.17911985524128415]
785 ; 1 ; 295 ; 1 ; [0.027789344321633908, 0.1795352198477515] ; [0.20314608065164727, 0.55679995528429305]
785 ; 1 ; 295 ; 2 ; [0.61199180496078975] ; [0.12793688406980164]
785 ; 1 ; 295 ; 8 ; [0.82844416795988252] ; [-0.03011551899923165]
785 ; 1 ; 295 ; 9 ; [0.21722037811766665] ; [0.16731107757788319]
785 ; 1 ; 295 ; 11 ; [-0.0042039823545427651] ; [0.08670879634522001]
785 ; 1 ; 295 ; 20 ; [0.99787958886422967] ; [2.971034383412988]
785 ; 1 ; 295 ; 23 ; [3.2000511323710104] ; [1.5159167020249709]
785 ; 1 ; 296 ; 1 ; [1.614948824096607] ; [2.7587842419859405]
785 ; 1 ; 298 ; 0 ; [-0.036762706633349233, 0.45547804483130527] ; [0.14541890741224611, 0.35001450877961426]
785 ; 1 ; 298 ; 1 ; [0.10320860984003208] ; [0.083381882505465632]
785 ; 1 ; 299 ; 1 ; [0.59076394925764231] ; [1.1212199983608562]
785 ; 1 ; 300 ; 0 ; [0.66013690429107208, 0.22210353070285113] ; [0.34737135794656371, 0.33932134900597766]
785 ; 1 ; 301 ; 1 ; [2.4122945822546598] ; [0.38708152875706042]
785 ; 1 ; 301 ; 2 ; [1.7997837465037336] ; [1.0027808026532219]
785 ; 1 ; 302 ; 0 ; [0.22133457848316188] ; [-0.011238989376841259]
785 ; 1 ; 303 ; 0 ; [0.11774910381526478, 0.21470499399619944] ; [0.12867163068769988, 0.04491332494425182]
785 ; 1 ; 303 ; 1 ; [-0.0046308723235532045] ; [0.30088449097903208]
785 ; 1 ; 304 ; 3 ; [1.7465057159584227] ; [2.2721178974597969]
785 ; 1 ; 304 ; 6 ; [0.83426132544403564] ; [3.1293694033810904]
785 ; 1 ; 305 ; 0 ; [0.15151901139390922] ; [0.14162792756979589]
785 ; 1 ; 305 ; 1 ; [1.3312753953750607] ; [1.774097522272827]
785 ; 1 ; 306 ; 0 ; [1.0298639975506485] ; [1.0023396397391846]
785 ; 1 ; 306 ; 1 ; [-0.00055856462121198994] ; [2.8353423082503184]
785 ; 1 ; 307 ; 0 ; [0.04558424907777122, -0.010357042961386505] ; [0.29602321543595334, 0.5161794032416458]
785 ; 1 ; 309 ; 0 ; [0.23230159667985972, 0.20948849604290232, 0.27796877942173603, 0.075141859426811244] ; [0.074622001729207882, 0.23094393621256543, 0.24740477386715798, -0.15801944282262401]
785 ; 1 ; 311 ; 0 ; [0.096944566315758998, 0.1169633588578714, 0.04609088309854726] ; [0.26232332952745102, 0.2205168376070602, 0.13349418120929904]
785 ; 1 ; 312 ; 0 ; [0.082108409645916675, 0.083783426587352036, 0.061423786597279255] ; [0.30616603287032124, 0.23316304985885555, 0.19457586210943836]
785 ; 1 ; 313 ; 0 ; [0.25501294427111398] ; [0.26608387256971161]
785 ; 1 ; 313 ; 1 ; [0.04453900010131423] ; [0.066479371609426491]
785 ; 1 ; 314 ; 0 ; [0.77266839177233637] ; [-0.02451872899351654]
785 ; 1 ; 314 ; 2 ; [0.36448895377036616] ; [0.62491529695030723]
785 ; 1 ; 314 ; 3 ; [0.25843142553976817] ; [0.45694024733467581]
785 ; 1 ; 315 ; 13 ; [0.0022381168898815674] ; [0.20002373961230938]
785 ; 1 ; 316 ; 0 ; [0.38326590999883736] ; [0.29947730216541285]
785 ; 1 ; 316 ; 1 ; [0.20638443378539184, 0.03844815945047151] ; [0.019020948333897114, 0.13591634590058557]
785 ; 1 ; 318 ; 0 ; [-0.087467481082482895, 2.0899680025544338] ; [0.015224281497207946, 0.013494266041313725]
785 ; 1 ; 318 ; 1 ; [0.48456716376720299] ; [0.12164409538787514]
785 ; 1 ; 318 ; 2 ; [0.042152148024624338, 0.01229198542661886] ; [0.41126535734382624, 0.29711436650875828]
785 ; 1 ; 319 ; 1 ; [0.74657121022462491] ; [0.67168958518837563]
785 ; 1 ; 319 ; 2 ; [2.2644769767543242] ; [0.80054747185252417]
785 ; 1 ; 319 ; 4 ; [5.035531536223135] ; [1.4751447272353839]
785 ; 1 ; 319 ; 5 ; [5.5342862282348717] ; [1.9957628983442655]
785 ; 1 ; 319 ; 7 ; [8.1020143143041299] ; [2.8319826082837976]
785 ; 1 ; 322 ; 3 ; [0.30991476507835092] ; [-0.20651565004683298]
785 ; 1 ; 323 ; 0 ; [0.11425045730025692, -0.013413057300795358] ; [0.29392650111456126, 0.17898031598395608]
785 ; 1 ; 325 ; 0 ; [0.30590122356368893] ; [0.54486477315306747]
785 ; 1 ; 325 ; 4 ; [0.093526991906695556] ; [0.25740644262342766]
785 ; 1 ; 326 ; 0 ; [0.12310082605894242, 0.16381855161985101, 0.11379467415946565, 0.023184299823160823] ; [0.33988549243145483, 0.22397784158164505, 0.27401200554514998, -0.065216877379468699]
785 ; 1 ; 327 ; 0 ; [0.33510271380244511, 0.2726087602197208] ; [0.27799761203029438, 0.16281410038652308]
785 ; 1 ; 328 ; 0 ; [0.037889552032696609] ; [-0.031587841328859709]
785 ; 1 ; 329 ; 0 ; [2.8251165227576007] ; [-0.084873873178473405]
785 ; 1 ; 329 ; 1 ; [1.1497040371970222] ; [2.2030424559151567]
785 ; 1 ; 330 ; 0 ; [0.25372725703633076, 0.23486374045741717, 0.29165302377612229] ; [0.29050966249061155, 0.38489645887838253, 0.41123400951567518]
785 ; 1 ; 331 ; 0 ; [0.10996059252680838] ; [0.015474353096356331]
785 ; 1 ; 332 ; 0 ; [0.24611018407619542, 0.22431553144020538, 0.12170872272889775] ; [0.32859760097158708, 0.33522865672115998, 0.20367143442916288]
785 ; 1 ; 333 ; 0 ; [0.22068814382101548, 0.035912170022176879] ; [0.34341080888589048, 0.2076555901511806]
785 ; 1 ; 334 ; 2 ; [2.2993853070401835] ; [0.28630840732361112]
785 ; 1 ; 334 ; 7 ; [1.6308827377720867] ; [3.5283469822678422]
785 ; 1 ; 334 ; 8 ; [1.7831447345621874] ; [1.9191942190468476]
785 ; 1 ; 334 ; 12 ; [2.1084604900832242] ; [3.8265871000746383]
785 ; 1 ; 334 ; 15 ; [2.1184445516750174] ; [0.61571595716036254]
785 ; 1 ; 334 ; 16 ; [2.2551842046541766] ; [3.1608993881429743]
785 ; 1 ; 334 ; 17 ; [1.7575774871304273] ; [0.61751579172515303]
785 ; 1 ; 334 ; 18 ; [2.0024957641247991] ; [2.2971627207634766]
785 ; 1 ; 334 ; 19 ; [1.6697526806468845] ; [2.0156900057808236]