# Run ; Subrun ; Event ; Track ; Charge Ratios View 0 ; Charge Ratios View 1 #
840 ; 25 ; 0 ; 0 ; [0.24878803443497463] ; [0.7206992034459242]
840 ; 25 ; 0 ; 1 ; [0.49798119789623202] ; [0.045730774388985249]
840 ; 25 ; 0 ; 2 ; [0.62643837985812423] ; [4.5703616550652004]
840 ; 25 ; 0 ; 4 ; [-0.095112786142423342] ; [1.2141682477312157]
840 ; 25 ; 1 ; 0 ; [0.16939049817445434] ; [0.045873758855426203]
840 ; 25 ; 1 ; 1 ; [2.5685884374840802] ; [0.54875378867282432]
840 ; 25 ; 2 ; 0 ; [1.3669198055991474] ; [0.3015885531507323]
840 ; 25 ; 2 ; 2 ; [0.44023627755156008] ; [1.2235940867917785]
840 ; 25 ; 2 ; 5 ; [-0.003925278375603569] ; [1.4856656631276837]
840 ; 25 ; 3 ; 0 ; [0.57041082345555927, 10.720745422960327, 5.3061168557922107] ; [0.16030462044941021, 0.27702838644623168, 0.45700851874496967]
840 ; 25 ; 3 ; 4 ; [-0.093321213711042697] ; [-0.14693725531210822]
840 ; 25 ; 3 ; 5 ; [-0.020148081935725412] ; [0.29861201602458198]
840 ; 25 ; 4 ; 0 ; [0.54035696878378259] ; [0.46415405721690056]
840 ; 25 ; 4 ; 1 ; [0.48574724749151088] ; [0.35995576015175584]
840 ; 25 ; 5 ; 0 ; [0.083530094424364265, 0.16758079534533205, 0.079168128082467565] ; [0.15136216726913715, 0.15504141733819751, 0.23961320240062733]
840 ; 25 ; 5 ; 1 ; [0.26288113842537664] ; [0.018184123297007023]
840 ; 25 ; 6 ; 0 ; [0.031131898578662505, 0.062748736055944901, 0.1650230201733435, 0.098660063776108892, 0.02148613882146385] ; [0.21788446329844252, 0.19964073006623417, 0.83417612338533087, 0.47081905105102534, 0.41676833470018543]
840 ; 25 ; 6 ; 3 ; [0.37777107078479516] ; [-0.034062608184191698]
840 ; 25 ; 7 ; 0 ; [0.16802545482200465] ; [1.9521052873196909]
840 ; 25 ; 7 ; 1 ; [0.36245114107270904] ; [1.7414394382603653]
840 ; 25 ; 7 ; 2 ; [0.34149878301106201] ; [1.6002914919267723]
840 ; 25 ; 7 ; 4 ; [0.039858703976919069] ; [-0.042830887985246861]
840 ; 25 ; 7 ; 7 ; [1.3570323481752564] ; [0.22267838231056075]
840 ; 25 ; 7 ; 10 ; [0.1943472338927397] ; [0.42885758108447458]
840 ; 25 ; 8 ; 0 ; [0.027491233202220248, -0.0047331497376935996] ; [0.24800059868198954, 0.12753695357294262]
840 ; 25 ; 8 ; 1 ; [-0.27245903145174027] ; [0.26764712363886223]
840 ; 25 ; 9 ; 0 ; [0.39091826561554488, 1.3404060767327319] ; [0.18567678975408197, 0.26517059308312008]
840 ; 25 ; 9 ; 4 ; [0.313399478684045] ; [0.99621218960688196]
840 ; 25 ; 10 ; 0 ; [2.0515722461910824] ; [0.55269244448993948]
840 ; 25 ; 11 ; 1 ; [0.022274655039103607] ; [-0.029602038542619794]
840 ; 25 ; 12 ; 3 ; [1.0290136559473204] ; [0.51580379628996076]
840 ; 25 ; 12 ; 5 ; [1.3709633399752341] ; [1.5384385864120822]
840 ; 25 ; 12 ; 13 ; [1.5697818081703341] ; [1.9299975608603459]
840 ; 25 ; 13 ; 0 ; [0.21770181003946393, 0.13673312641334945, 0.12844871551758855] ; [0.56706229292938692, 0.25291483843272222, 0.14196673005827415]
840 ; 25 ; 14 ; 0 ; [0.13685183039774035, 0.25826534213735192] ; [0.77059670077642561, 0.081270155814423373]
840 ; 25 ; 14 ; 1 ; [0.60009915891601873] ; [0.13381555460622871]
840 ; 25 ; 14 ; 3 ; [0.33777154823803757] ; [0.25497338225184152]
840 ; 25 ; 14 ; 4 ; [0.17574251110238578, 0.077194724872369155] ; [0.10692058896086634, 2.5075135474764654]
840 ; 25 ; 14 ; 5 ; [0.18167731783459182] ; [0.063620620186959478]
840 ; 25 ; 14 ; 9 ; [1.6329632333211348] ; [0.19448504827843249]
840 ; 25 ; 15 ; 0 ; [1.8876367725689571] ; [0.37568388994320273]
840 ; 25 ; 15 ; 1 ; [0.69761802725941802] ; [0.3885079711788797]
840 ; 25 ; 15 ; 2 ; [1.8307246270933968] ; [3.5677042510360799]
840 ; 25 ; 15 ; 6 ; [4.1258292555342946] ; [1.5394781399843229]
840 ; 25 ; 15 ; 8 ; [1.3171039567029248] ; [1.3685031117622484]
840 ; 25 ; 16 ; 0 ; [0.23255618694373079] ; [0.27683987822261558]
840 ; 25 ; 17 ; 10 ; [-0.4925106728371253] ; [1.5603480419939328]
840 ; 25 ; 17 ; 12 ; [0.75032591624109546] ; [1.0740328319674073]
840 ; 25 ; 17 ; 14 ; [5.847996867673519] ; [2.7051972623797123]
840 ; 25 ; 18 ; 0 ; [0.098508169858945976, 0.075316466584307934, 0.040007630212625003, 0.16766081927643375] ; [0.32390206492594159, 0.2056848797883476, 0.18800572548240693, 0.27006889397023787]
840 ; 25 ; 20 ; 0 ; [0.31749625387395047] ; [0.62548131359895121]
840 ; 25 ; 20 ; 1 ; [0.26483308276664419] ; [0.69073682385434798]
840 ; 25 ; 20 ; 2 ; [0.11408572595489055] ; [0.71095235665253986]
840 ; 25 ; 20 ; 4 ; [0.066539534553251775] ; [0.12016128219489734]
840 ; 25 ; 20 ; 6 ; [0.33233003950796125] ; [0.029349521686965564]
840 ; 25 ; 21 ; 0 ; [0.11288481049673876, 0.17045184497270074] ; [0.52302075652704694, 0.17799623465236608]
840 ; 25 ; 22 ; 0 ; [0.042732875721482919, 0.031465748800994509, 0.030590444388194402] ; [0.1382564704413449, 0.17098205952197232, 0.16327369894722446]
840 ; 25 ; 23 ; 0 ; [0.11245325532802918, 0.064464873579828136, 0.075866851070257021, -0.012917526679633392] ; [0.19152856438685678, 0.2180841764990088, 0.19126708237499268, 0.042640275754957976]
840 ; 25 ; 24 ; 0 ; [0.12566200695042756, -0.0024687989796887129] ; [0.28001102623374463, 0.010932032825915072]
840 ; 25 ; 24 ; 1 ; [0.28490858186314288] ; [0.46664599559514891]
840 ; 25 ; 25 ; 2 ; [0.51826860860510615] ; [0.20718808709737779]
840 ; 25 ; 25 ; 5 ; [0.077804408658152177] ; [0.13555398550830014]
840 ; 25 ; 25 ; 6 ; [0.11243743836319851] ; [0.045516319759481748]
840 ; 25 ; 25 ; 7 ; [0.9533786874715755] ; [0.32087875656019449]
840 ; 25 ; 25 ; 13 ; [0.041662515622498314] ; [0.52303952900476858]
840 ; 25 ; 25 ; 18 ; [0.68317081430763327] ; [0.27381439485799308]
840 ; 25 ; 26 ; 0 ; [0.15302875684617229, 0.13627690240862853, 0.14506211857978352, 0.32722526066832125] ; [0.22477183224780203, 0.18348754289166494, 0.27138235815797684, 0.24636166196909318]
840 ; 25 ; 26 ; 1 ; [0.54310414930436346] ; [0.037244462710056721]
840 ; 25 ; 26 ; 2 ; [0.044017891058656756] ; [0.029707748795565508]
840 ; 25 ; 27 ; 0 ; [0.96017149283558467] ; [0.92426868639395676]
840 ; 25 ; 27 ; 1 ; [0.75574267954825813] ; [0.49812369496017639]
840 ; 25 ; 27 ; 3 ; [1.0861325472703887] ; [0.24604970480890553]
840 ; 25 ; 27 ; 8 ; [0.13420800579983402] ; [1.3162412692950074]
840 ; 25 ; 27 ; 13 ; [-0.070086877941013884] ; [0.1023621533573232]
840 ; 25 ; 27 ; 21 ; [1.60930336747349] ; [1.1338238655358854]
840 ; 25 ; 27 ; 22 ; [0.50209305296589335] ; [0.37457738807876151]
840 ; 25 ; 28 ; 0 ; [0.48742564299654878] ; [0.31861066893565848]
840 ; 25 ; 28 ; 1 ; [1.8697092951275849, 1.7549788091049197] ; [0.99743244422904276, 0.48435859582677271]
840 ; 25 ; 28 ; 2 ; [1.27944226418424] ; [1.0839786972549892]
840 ; 25 ; 28 ; 6 ; [0.18468123635457295] ; [0.013812423182377]
840 ; 25 ; 28 ; 7 ; [0.79823061652390703] ; [1.3831504100465266]
840 ; 25 ; 28 ; 11 ; [0.16545028043883231] ; [1.5725526822891644]
840 ; 25 ; 28 ; 14 ; [0.30091550919052196] ; [1.5170483444761194]
840 ; 25 ; 28 ; 15 ; [1.1709744993357432] ; [1.0683849400807259]
840 ; 25 ; 28 ; 16 ; [0.53626808846130414] ; [0.60108413927092619]
840 ; 25 ; 29 ; 0 ; [2.3080290939674772] ; [0.4855127480144123]
840 ; 25 ; 29 ; 1 ; [1.584735911008363] ; [1.1083207608635308]
840 ; 25 ; 29 ; 9 ; [0.95694480175048457] ; [0.96265561332346805]
840 ; 25 ; 29 ; 21 ; [0.97171317037890903] ; [0.61644692207046592]
840 ; 25 ; 30 ; 0 ; [0.040349049785315817, 0.079334152811097791, 0.025817926935371008, 0.011189356637451792] ; [0.16040631803965744, 0.17150222054410028, 0.365748162219382, 0.28507892321213102]
840 ; 25 ; 30 ; 1 ; [0.081914006581451398] ; [0.085573768986356352]
840 ; 25 ; 31 ; 0 ; [0.1932360116177014] ; [0.13947828234606049]
840 ; 25 ; 31 ; 1 ; [0.26444290265339493] ; [0.10653820610123481]
840 ; 25 ; 31 ; 2 ; [0.10664384409872008] ; [0.063272585013658469]
840 ; 25 ; 31 ; 4 ; [0.79568653420678537] ; [0.098156197264832101]
840 ; 25 ; 31 ; 5 ; [0.54400411342820432] ; [2.4706903893678032]
840 ; 25 ; 31 ; 31 ; [0.18963866088080406] ; [0.95619879261133345]
840 ; 25 ; 31 ; 35 ; [0.51224199229673484] ; [0.48855022726679248]
840 ; 25 ; 32 ; 0 ; [-0.0010581399493255757, 0.0059194957774540771, 0.0037934860927302748] ; [0.19746224935027265, 0.49644698304626844, 0.21471552474742475]
840 ; 25 ; 32 ; 1 ; [0.27207249672423722] ; [0.87984922484758965]
840 ; 25 ; 33 ; 0 ; [0.44850302102997813] ; [0.42858744920762065]
840 ; 25 ; 33 ; 1 ; [0.36565445860254159] ; [0.31720367806417654]
840 ; 25 ; 33 ; 2 ; [0.011750308734614698] ; [0.31218565689335531]
840 ; 25 ; 33 ; 5 ; [1.7249123466375034] ; [0.074999191436619386]
840 ; 25 ; 34 ; 0 ; [0.065793411149515424] ; [0.16031460808213013]
840 ; 25 ; 34 ; 1 ; [0.52541710442460243] ; [0.061324457031873114]
840 ; 25 ; 34 ; 3 ; [-0.12148580292817139] ; [0.070685423251235155]
840 ; 25 ; 35 ; 0 ; [0.17957145220118312, 0.50838679486422567] ; [0.0095961794541874097, 0.059847020722629318]
840 ; 25 ; 35 ; 2 ; [0.78924089711133283] ; [0.23878972032508813]
840 ; 25 ; 35 ; 3 ; [1.0565489937029025] ; [1.3623063626141212]
840 ; 25 ; 35 ; 5 ; [0.48077837637013726] ; [0.8325827458974645]
840 ; 25 ; 36 ; 0 ; [0.036742260614748751, 0.16571277448614394] ; [0.23978109885543181, 0.26704800528098088]
840 ; 25 ; 37 ; 0 ; [0.36568922241990337, 0.10449784860258977] ; [0.0095301913110798931, 0.048847997116941273]
840 ; 25 ; 39 ; 0 ; [0.013077976446831631, -0.0074716847567724782, 0.021670928908805325] ; [0.24137258463981814, 0.32181724864815731, 0.11804573920165772]
840 ; 25 ; 40 ; 0 ; [0.37266015570005706] ; [0.17525616060684979]
840 ; 25 ; 41 ; 0 ; [0.56728101778685591, 0.48044573003602153, 1.3930777182319412] ; [0.55557704850893119, 0.37377466807410542, 0.39119793742770376]
840 ; 25 ; 41 ; 3 ; [0.81962121578688196] ; [0.54106999466256356]
840 ; 25 ; 42 ; 0 ; [0.27898439268395886] ; [0.27641039232280656]
840 ; 25 ; 43 ; 0 ; [0.0016888172203255764, 0.022419075741319159] ; [0.21999950253792877, 0.25575972689711812]
840 ; 25 ; 43 ; 1 ; [0.18191356008092749] ; [0.16533036933485526]
840 ; 25 ; 44 ; 0 ; [0.32315666955238909] ; [1.4319270797610926]
840 ; 25 ; 44 ; 1 ; [0.82154691366905819] ; [0.19428482933956781]
840 ; 25 ; 44 ; 2 ; [0.034843267685482869] ; [-0.030211750379005753]
840 ; 25 ; 44 ; 4 ; [0.44487063015607625] ; [0.52535299107391686]
840 ; 25 ; 45 ; 1 ; [0.69255268410597925] ; [1.1974829176595871]
840 ; 25 ; 45 ; 2 ; [0.36809560970751248] ; [0.06193912148643365]
840 ; 25 ; 45 ; 8 ; [0.1480762139394616] ; [0.4486865476692371]
840 ; 25 ; 45 ; 10 ; [0.56035283838896344] ; [1.3087344088981692]
840 ; 25 ; 45 ; 11 ; [1.8867534732218443] ; [0.6514465668626086]
840 ; 25 ; 45 ; 13 ; [4.0029859097994303] ; [0.93624034134754996]
840 ; 25 ; 46 ; 1 ; [0.56443189570534258] ; [0.023925786246332917]
840 ; 25 ; 46 ; 2 ; [1.2657672804257238] ; [0.13548428535212817]
840 ; 25 ; 46 ; 6 ; [0.15733808673320937] ; [-0.10943881653020758]
840 ; 25 ; 47 ; 0 ; [2.083694153569138e-05, 0.042159278879782519, 0.50521752114101148] ; [0.21600577975298735, 0.29497599236507521, 0.68730131155605867]
840 ; 25 ; 47 ; 1 ; [0.10630652651678084] ; [0.33314550139050503]
840 ; 25 ; 47 ; 2 ; [0.33538408524119501] ; [0.38634053963535886]
840 ; 25 ; 47 ; 3 ; [0.22749717046145251] ; [0.25604970005945255]
840 ; 25 ; 48 ; 0 ; [0.17798015146458041, 0.14373704279684921, 0.22020394351755126, 0.072037062506682514] ; [0.317519011065519, 0.28964434094361036, 0.17679580281773385, 0.44025022189185048]
840 ; 25 ; 48 ; 1 ; [0.55551478829039003] ; [0.53172382692396059]
840 ; 25 ; 48 ; 3 ; [0.61721573013228459] ; [0.29759930453849964]
840 ; 25 ; 49 ; 0 ; [0.12752704976996099, 0.088430148564036457] ; [0.21256314541733054, 0.20992243399174695]
840 ; 25 ; 49 ; 1 ; [0.43564794944201363] ; [0.36054954934593042]
840 ; 25 ; 50 ; 0 ; [0.15867947636805507, 0.12140611242598841, 0.021255046466765709] ; [0.21489925147392183, 0.25395853463929119, 0.16655917162921441]
840 ; 25 ; 51 ; 0 ; [0.16267273215302375, 0.27388823802166379, 0.065026563105750959] ; [0.28093847605941868, 0.16093282550646212, 0.073572606198943374]
840 ; 25 ; 51 ; 1 ; [0.046767035470180823] ; [0.10209226053930101]
840 ; 25 ; 52 ; 0 ; [0.45057303554821182] ; [-0.0016940218111472869]
840 ; 25 ; 53 ; 0 ; [0.51378550468814899, 0.19145035366541702] ; [0.21268629443550269, 0.30640740803853167]
840 ; 25 ; 53 ; 1 ; [0.028710850855225262, 0.23900218135442364, 0.13423120808123129] ; [0.22294463175263365, 0.38376826031575817, 0.014919887800666295]
840 ; 25 ; 53 ; 2 ; [0.0070723697236528844] ; [0.16665986215888559]
840 ; 25 ; 53 ; 3 ; [0.12576837536962404] ; [0.2171686615538006]
840 ; 25 ; 53 ; 4 ; [0.12647608711764621] ; [-0.28814341543805871]
840 ; 25 ; 53 ; 5 ; [0.097308201631050195] ; [0.31144506164997338]
840 ; 25 ; 54 ; 0 ; [0.60674748554066749] ; [0.3557498444887468]
840 ; 25 ; 54 ; 1 ; [0.19640052999067048] ; [1.213288699694216]
840 ; 25 ; 54 ; 2 ; [0.37121701426442882] ; [0.86352202309285508]
840 ; 25 ; 54 ; 8 ; [0.74841989809709286] ; [0.16299101705633318]
840 ; 25 ; 54 ; 9 ; [0.78309616937461224] ; [0.52034470232824059]
840 ; 25 ; 54 ; 15 ; [0.66122537625319833] ; [0.11555305044022701]
840 ; 25 ; 55 ; 0 ; [0.023264562067649836] ; [0.38257454815732245]
840 ; 25 ; 55 ; 1 ; [0.60833042555758199] ; [5.608172528859801]
840 ; 25 ; 55 ; 3 ; [1.8945752310479951] ; [1.7628460812643307]
840 ; 25 ; 55 ; 4 ; [2.5708038770619526] ; [3.2895129543959332]
840 ; 25 ; 55 ; 5 ; [3.081594880638399] ; [2.1040124673397931]
840 ; 25 ; 55 ; 6 ; [1.2119023478929976] ; [1.9639144618629196]
840 ; 25 ; 56 ; 0 ; [0.14671670242432547, -0.020456058172937903, 0.006709281014678322, 1.880502360217984, 0.04717871279043117] ; [0.1082766313580158, 0.12362240357837674, 0.45132424913823854, 0.13630746949391509, 0.1912503355363904]
840 ; 25 ; 56 ; 1 ; [0.1627524900388824] ; [0.15953657746731115]
840 ; 25 ; 56 ; 3 ; [0.19007921811607142] ; [0.015189872953002854]
840 ; 25 ; 58 ; 0 ; [1.1438412925644355] ; [0.11890853657604203]
840 ; 25 ; 58 ; 2 ; [0.25805857505987884] ; [0.6352165742954079]
840 ; 25 ; 58 ; 3 ; [1.19306103144369] ; [1.3876218283028852]
840 ; 25 ; 58 ; 4 ; [1.0947017503033571] ; [1.1096723115111775]
840 ; 25 ; 58 ; 5 ; [0.34531845540167022] ; [0.9044826513947648]
840 ; 25 ; 58 ; 7 ; [3.0675537384431135, 0.58218007933359461] ; [1.3787058696889523, 1.6248149868045945]
840 ; 25 ; 58 ; 8 ; [2.5920288560866256] ; [6.7965865119245681]
840 ; 25 ; 58 ; 9 ; [1.088749246791042] ; [1.2608735486597171]
840 ; 25 ; 58 ; 11 ; [1.291523897582999] ; [0.24169057119724244]
840 ; 25 ; 58 ; 15 ; [3.0336027780813453] ; [0.31681723273559514]
840 ; 25 ; 58 ; 16 ; [2.0823589201598951] ; [-0.080823079539742285]
840 ; 25 ; 58 ; 19 ; [0.34868140113069668] ; [1.0245847493848648]
840 ; 25 ; 58 ; 25 ; [2.3353422717748802] ; [1.3763348438770084]
840 ; 25 ; 58 ; 26 ; [1.3231699878833347] ; [0.079302865736180839]
840 ; 25 ; 59 ; 0 ; [0.88053038659351368] ; [1.5996554960359322]
840 ; 25 ; 59 ; 1 ; [0.63033634048450726] ; [0.51702216880496699]
840 ; 25 ; 60 ; 0 ; [6.4315535606322891] ; [0.40320620766214388]
840 ; 25 ; 60 ; 1 ; [0.93410055933937586] ; [2.3196325062690701]
840 ; 25 ; 60 ; 3 ; [4.4208211397537243] ; [1.7311070285859336]
840 ; 25 ; 60 ; 4 ; [2.770542160839343] ; [1.8195559299078892]
840 ; 25 ; 60 ; 5 ; [1.9103369089569515] ; [2.2443136441960365]
840 ; 25 ; 60 ; 6 ; [3.2923990567231427] ; [1.6463744775326601]
840 ; 25 ; 60 ; 7 ; [1.2051693248918087] ; [0.094369899027021517]
840 ; 25 ; 60 ; 8 ; [2.3484177297332498] ; [1.9815239715374504]
840 ; 25 ; 60 ; 10 ; [2.3387649202470473] ; [2.6120257761004106]
840 ; 25 ; 60 ; 12 ; [0.49628200954415247] ; [1.2577919925836738]
840 ; 25 ; 60 ; 15 ; [0.8509317459634137] ; [3.5129019265103332]
840 ; 25 ; 60 ; 20 ; [3.6934043235384806] ; [1.3141263998857093]
840 ; 25 ; 60 ; 27 ; [2.0869836344254216] ; [3.1228516859117876]
840 ; 25 ; 61 ; 3 ; [2.0355290654573626] ; [0.56820200523984721]
840 ; 25 ; 62 ; 0 ; [0.54929808475684139] ; [0.54317329150746974]
840 ; 25 ; 62 ; 1 ; [2.2393786539255816] ; [0.84379296545373128]
840 ; 25 ; 62 ; 3 ; [0.20867557017326749] ; [2.0272180928657506]
840 ; 25 ; 63 ; 0 ; [0.023133712318101695] ; [0.17736679901274854]
840 ; 25 ; 63 ; 1 ; [0.25902710510270799] ; [0.28988028703437196]
840 ; 25 ; 65 ; 0 ; [0.012076912017335321, -0.008490960178216999, -0.0013456306691249601, 0.0043468525839201596] ; [0.21694914822780087, 0.15941042426506272, 0.21375671157050277, 0.093666072679412404]
840 ; 25 ; 65 ; 1 ; [0.091876034674036086] ; [-0.015798415444563493]
840 ; 25 ; 66 ; 0 ; [0.052437440047284595] ; [0.15919768237602605]
840 ; 25 ; 66 ; 1 ; [6.1911155831689841] ; [3.972895923447552]
840 ; 25 ; 66 ; 2 ; [0.31867325392451423] ; [1.5515181897045609]
840 ; 25 ; 66 ; 3 ; [-0.10549941594104985] ; [1.0926986753744619]
840 ; 25 ; 66 ; 4 ; [0.41844059407768186] ; [0.87177567317822025]
840 ; 25 ; 66 ; 5 ; [4.9924938168625639] ; [2.7637449158098248]
840 ; 25 ; 66 ; 6 ; [0.089991701359484366] ; [5.2364284183742411]
840 ; 25 ; 66 ; 10 ; [0.093903552551572081] ; [0.43120600054718167]
840 ; 25 ; 66 ; 14 ; [0.8528396134594145] ; [3.6633938601294327]
840 ; 25 ; 66 ; 17 ; [0.20708602778539981] ; [0.92012871649700612]
840 ; 25 ; 66 ; 18 ; [0.1020880018355764] ; [1.4079446833426283]
840 ; 25 ; 67 ; 0 ; [1.2899001856109267] ; [4.6004608683052686]
840 ; 25 ; 67 ; 7 ; [0.05936316782314046] ; [0.6561796330695614]
840 ; 25 ; 68 ; 0 ; [0.44101150314556503, 0.34594050752164912, 0.21413884704624864, 0.15799854059600149] ; [0.25894195115811164, 0.39032948325532657, 0.33806274708311057, 0.23792167760238028]
840 ; 25 ; 68 ; 1 ; [0.21433866360043247] ; [0.22311083249576313]
840 ; 25 ; 69 ; 0 ; [0.079734069000067034] ; [0.21252555310332447]
840 ; 25 ; 70 ; 0 ; [0.092512633175777167, 0.4909870271068893] ; [0.23223492462703815, 0.21320861314876538]
840 ; 25 ; 70 ; 15 ; [0.10661061479922063, 0.067274559187094948] ; [0.08773086658164958, 0.12296090948907264]
840 ; 25 ; 70 ; 16 ; [0.10342585311298007] ; [0.22187298319514906]
840 ; 25 ; 71 ; 11 ; [0.10762314183660616] ; [1.92534062315875]
840 ; 25 ; 71 ; 12 ; [0.064477884230863938] ; [1.9695104256530005]
840 ; 25 ; 72 ; 0 ; [0.094971866184746831] ; [0.14051328563464044]
840 ; 25 ; 72 ; 1 ; [1.0322847318099297] ; [0.061533023225745394]
840 ; 25 ; 72 ; 3 ; [1.0020851589709678] ; [2.165878082328573]
840 ; 25 ; 72 ; 5 ; [0.38502804218050435] ; [1.2874316642112906]
840 ; 25 ; 72 ; 7 ; [0.27385707223830041, 0.074240023945504829] ; [0.68019571030278292, 0.12827110145687662]
840 ; 25 ; 73 ; 0 ; [0.18481070463345792, 0.38761838010439575] ; [0.28604600705743727, 0.2280349626370308]
840 ; 25 ; 74 ; 0 ; [0.99533820695557185] ; [0.40090572116237511]
840 ; 25 ; 74 ; 1 ; [0.14859386627029234] ; [0.12585811378939599]
840 ; 25 ; 74 ; 4 ; [1.8291253513097592] ; [1.6890501809234844]
840 ; 25 ; 75 ; 0 ; [0.22932256442788257, 0.27332982088042762, 0.081310846517108695] ; [0.19656340048219789, 0.22479866372015933, 0.13522765748040957]
840 ; 25 ; 76 ; 0 ; [0.43429791623371122] ; [0.49969368604236009]
840 ; 25 ; 77 ; 0 ; [0.19648039208646814, 0.043134127321474452, 0.31137738252736652] ; [0.57932121284576554, 0.49849239981864263, 0.1668092465041012]
840 ; 25 ; 77 ; 3 ; [2.9159266045290693] ; [0.50743059343881047]
840 ; 25 ; 77 ; 5 ; [0.40888315395969527] ; [1.41989715752321]
840 ; 25 ; 78 ; 6 ; [0.076166344834913191] ; [0.62333560176609881]
840 ; 25 ; 79 ; 0 ; [0.088036270347815845, 0.028417876793915262, 0.19593112882637295, 0.038686468118907712, 0.13008429451723938] ; [0.092512621302695455, 0.19681691141001725, 0.34847008340802227, 0.20770953626309357, 0.15381620899350781]
840 ; 25 ; 80 ; 0 ; [0.066437155008191445, 0.075089392776043234, 0.16060097628176906] ; [0.2279627804486315, 0.19410960326597076, 0.12790954129299845]
840 ; 25 ; 81 ; 0 ; [5.6142685664970573] ; [0.63283532343636995]
840 ; 25 ; 82 ; 0 ; [0.24586631947530227, 0.22004233466692996] ; [0.23723472312009142, 0.20130452306551327]
840 ; 25 ; 82 ; 2 ; [0.062818397368642268] ; [0.30352878407864992]
840 ; 25 ; 82 ; 3 ; [0.20980571857126051] ; [2.0477105663937625]
840 ; 25 ; 83 ; 5 ; [0.081094276469217866] ; [0.30858326996641861]
840 ; 25 ; 83 ; 8 ; [0.6932731184127956] ; [-0.29622808190786371]
840 ; 25 ; 84 ; 0 ; [0.25114734016979928, 0.16922801319060138, 5.5898626591958642] ; [0.55976316425782424, 0.24507596084109459, 0.052386997553882375]
840 ; 25 ; 84 ; 1 ; [-0.0031742038781798808] ; [0.27060999337621511]
840 ; 25 ; 84 ; 2 ; [0.11483156890395745] ; [-0.20556899897724348]
840 ; 25 ; 84 ; 3 ; [1.1425939401195944] ; [0.58077789341907704]
840 ; 25 ; 85 ; 0 ; [0.19820008433866032] ; [0.078779646510680396]
840 ; 25 ; 85 ; 1 ; [0.44220468000326557] ; [2.4954930716488417]
840 ; 25 ; 85 ; 2 ; [0.3638225885346818] ; [1.6138127585789708]
840 ; 25 ; 85 ; 3 ; [0.19625849469654019] ; [3.591225521050835]
840 ; 25 ; 85 ; 5 ; [4.2108044880868487] ; [4.5073012824725947]
840 ; 25 ; 85 ; 8 ; [1.5237370966525925] ; [0.58664117081587264]
840 ; 25 ; 85 ; 10 ; [-0.72567365160991371] ; [10.264239535300023]
840 ; 25 ; 86 ; 1 ; [3.4796004487147121] ; [2.8804612892512349]
840 ; 25 ; 86 ; 2 ; [0.8892848806086654] ; [1.7953597952306646]
840 ; 25 ; 86 ; 5 ; [0.75855561271115446] ; [1.4089700262985134]
840 ; 25 ; 86 ; 7 ; [-0.14276780804068889] ; [1.9262964519257679]
840 ; 25 ; 86 ; 10 ; [0.53811801316237295] ; [2.6454149953984438]
840 ; 25 ; 86 ; 11 ; [0.8095303485077654] ; [0.59272079241758924]
840 ; 25 ; 86 ; 16 ; [0.78661714123266591] ; [1.546074864187339]
840 ; 25 ; 87 ; 0 ; [0.18242741354100264] ; [0.19998042933305948]
840 ; 25 ; 87 ; 1 ; [0.58259110068029152] ; [0.018149389441875302]
840 ; 25 ; 87 ; 7 ; [-0.34643743733961835] ; [1.1823867025347405]
840 ; 25 ; 88 ; 0 ; [0.5144683931641657, 0.20427209531857146, 0.39410228512568429] ; [0.55487823226992883, 0.18066900717492693, 0.018861298074792896]
840 ; 25 ; 88 ; 1 ; [1.3630505228493663] ; [0.32027128457478743]
840 ; 25 ; 89 ; 0 ; [0.21075097241242927, 0.00043008172081011268, 0.041390217386869162] ; [0.39633771702923865, 0.23067358760792378, 0.23553608704225265]
840 ; 25 ; 90 ; 0 ; [0.12843675908419885] ; [0.00074531237938324556]
840 ; 25 ; 90 ; 1 ; [0.47091840080480418] ; [-0.011534023180014499]
840 ; 25 ; 91 ; 0 ; [0.52290563792687594] ; [0.16396527321466067]
840 ; 25 ; 92 ; 0 ; [0.87937201838477674, 1.010670915236707, 0.85553684404166908] ; [0.6166878739491084, 0.60854218951632499, 1.1695804264102547]
840 ; 25 ; 93 ; 0 ; [0.036177428190684799] ; [0.079812127756224843]
840 ; 25 ; 94 ; 0 ; [0.23213236428562573] ; [0.056759107965598639]
840 ; 25 ; 94 ; 1 ; [1.2267897120523088] ; [1.062510641749878]
840 ; 25 ; 94 ; 2 ; [2.1705915307198689] ; [0.82802100102707432]
840 ; 25 ; 94 ; 3 ; [0.81363616530478611] ; [3.8973816180981311]
840 ; 25 ; 94 ; 7 ; [0.55307397451658002] ; [2.3667361304030896]
840 ; 25 ; 94 ; 8 ; [1.4572716313580518] ; [3.5797411428237962]
840 ; 25 ; 94 ; 11 ; [0.90650261883252481] ; [2.2856076945362589]
840 ; 25 ; 94 ; 12 ; [1.4781145190739702] ; [1.3194496949756296]
840 ; 25 ; 94 ; 14 ; [0.23906586585120967] ; [0.8787328754085737]
840 ; 25 ; 94 ; 20 ; [0.20265349813003444] ; [1.5763812908773276]
840 ; 25 ; 95 ; 0 ; [2.0963554397016977] ; [0.11100361654839487]
840 ; 25 ; 95 ; 1 ; [1.6215367921960047, 3.9245214189903321] ; [2.253908457334858, 1.6047934941917141]
840 ; 25 ; 95 ; 3 ; [1.4193521162622966] ; [1.2997736602483527]
840 ; 25 ; 95 ; 4 ; [0.95638808682242804] ; [1.7561835907105041]
840 ; 25 ; 95 ; 6 ; [2.792180630399121] ; [1.4317604363163539]
840 ; 25 ; 95 ; 8 ; [1.8868268440459031] ; [1.8546303376987612]
840 ; 25 ; 95 ; 10 ; [1.1701186557235681] ; [4.0566393737685251]
840 ; 25 ; 95 ; 12 ; [2.1122738901197393] ; [1.5810489481322032]
840 ; 25 ; 95 ; 15 ; [2.5327465319337596] ; [1.6525426367328837]
840 ; 25 ; 95 ; 16 ; [2.5564442270473933] ; [2.7460597592275198]
840 ; 25 ; 95 ; 17 ; [1.6253613652491423] ; [2.5980481892801985]
840 ; 25 ; 95 ; 18 ; [2.1171478994616648] ; [1.9490273135949403]
840 ; 25 ; 95 ; 20 ; [1.3225923997163631] ; [1.9299219645956363]
840 ; 25 ; 95 ; 22 ; [2.6459064371263907] ; [2.2284565406965666]
840 ; 25 ; 95 ; 23 ; [0.81569168850727836] ; [1.5740734588229139]
840 ; 25 ; 95 ; 25 ; [0.98860678326931029] ; [1.7873754736844167]
840 ; 25 ; 95 ; 26 ; [1.8932816254007729] ; [1.7019676502937218]
840 ; 25 ; 95 ; 27 ; [0.83707755414438723] ; [2.1607536789621902]
840 ; 25 ; 95 ; 29 ; [0.86974866107492688] ; [2.5853359121853523]
840 ; 25 ; 95 ; 31 ; [2.0617446939906841] ; [1.5486672879547367]
840 ; 25 ; 95 ; 32 ; [0.71646609560439223] ; [3.2593357173242912]
840 ; 25 ; 95 ; 35 ; [2.3236011551239573] ; [1.7489340467876759]
840 ; 25 ; 95 ; 37 ; [0.99658728046881184] ; [1.1558292285545884]
840 ; 25 ; 95 ; 39 ; [1.9841678686613378] ; [3.4049007575282451]
840 ; 25 ; 95 ; 40 ; [2.5772286926641073] ; [1.6492909765900887]
840 ; 25 ; 95 ; 41 ; [2.473469262705696] ; [1.6061272510706734]
840 ; 25 ; 95 ; 44 ; [1.2940369563913359] ; [2.1403676710854826]
840 ; 25 ; 96 ; 3 ; [0.13968917394011857] ; [0.58711371123536393]
840 ; 25 ; 96 ; 4 ; [0.015313794919324976] ; [0.55014987210061839]
840 ; 25 ; 97 ; 0 ; [0.47223162540124447] ; [1.1087983670544921]
840 ; 25 ; 97 ; 2 ; [0.61334264312282372] ; [0.023112789412652213]
840 ; 25 ; 97 ; 5 ; [2.5686646086704417] ; [0.62247912891320334]
840 ; 25 ; 97 ; 9 ; [0.044601724084117021] ; [1.6004524856050237]
840 ; 25 ; 98 ; 0 ; [0.7286835238751993] ; [-0.02126314323534776]
840 ; 25 ; 98 ; 1 ; [1.3833172432230909] ; [2.035692734557319]
840 ; 25 ; 98 ; 2 ; [1.6623690262606696] ; [1.7623376285902199]
840 ; 25 ; 98 ; 3 ; [0.6203953662102305] ; [-0.24507209786291007]
840 ; 25 ; 98 ; 6 ; [0.31623626090850354] ; [1.5203135688591054]
840 ; 25 ; 98 ; 7 ; [0.71201111097667891] ; [1.3536733546571955]
840 ; 25 ; 98 ; 9 ; [0.059131009500035095] ; [0.76089192198553746]
840 ; 25 ; 99 ; 1 ; [1.5073925082150201] ; [1.672045837531964]
840 ; 25 ; 99 ; 2 ; [2.5631455343474494] ; [0.51356357339406189]
840 ; 25 ; 99 ; 4 ; [1.5950634976008855] ; [1.5000904230047847]
840 ; 25 ; 99 ; 5 ; [1.4328143812649961] ; [1.8031515975857029]
840 ; 25 ; 99 ; 6 ; [0.69065646197843444] ; [2.7763101411501254]
840 ; 25 ; 99 ; 7 ; [1.692379926832841] ; [1.459789472845695]
840 ; 25 ; 99 ; 9 ; [1.2629324020625321] ; [1.8535041752009285]
840 ; 25 ; 100 ; 6 ; [0.28382949296906801] ; [0.91997163986972041]
840 ; 25 ; 101 ; 1 ; [0.53916052149250948] ; [0.56377412991561193]
840 ; 25 ; 101 ; 2 ; [0.51331513864801226] ; [0.4706160845274367]
840 ; 25 ; 101 ; 4 ; [0.19215570909909133] ; [0.73074794639486329]
840 ; 25 ; 101 ; 9 ; [0.10610978329029272] ; [-0.0018693712677544082]
840 ; 25 ; 101 ; 20 ; [0.015437612007295987] ; [0.04328810027098897]
840 ; 25 ; 102 ; 0 ; [0.46642758291445052, 0.54430828620842742] ; [0.1388523252478894, 0.15989610272607632]
840 ; 25 ; 102 ; 1 ; [0.34435085602760324] ; [0.15111971095287444]
840 ; 25 ; 102 ; 2 ; [0.43704021991121139] ; [0.02085421984527679]
840 ; 25 ; 102 ; 3 ; [1.1901413367844242] ; [0.15288461698171935]
840 ; 25 ; 102 ; 4 ; [0.3408372760408801] ; [0.10192101239772806]
840 ; 25 ; 102 ; 5 ; [1.4129697559596786] ; [0.15641197592622963]
840 ; 25 ; 103 ; 0 ; [0.010657962410302653, 0.0011534564134881695, 1.0090524164423542] ; [0.72195654893939554, 0.27083678851383886, 0.27793815703432806]
840 ; 25 ; 103 ; 1 ; [0.33645250284513289] ; [0.046847755678035535]
840 ; 25 ; 103 ; 2 ; [0.23664303887671156] ; [0.0063265501800688403]
840 ; 25 ; 104 ; 0 ; [0.5009624058476454] ; [1.2672195291597332]
840 ; 25 ; 104 ; 1 ; [1.0370624439766274] ; [1.0013287661239672]
840 ; 25 ; 104 ; 2 ; [0.82784940108814487] ; [0.26667582681776847]
840 ; 25 ; 104 ; 5 ; [0.58178804446444754] ; [0.66725649972706846]
840 ; 25 ; 105 ; 0 ; [0.17837757814072228, 0.22225234491824292, 0.047977655627628742] ; [0.21084402510495909, 0.35991170756157981, 0.013818560191984471]
840 ; 25 ; 106 ; 0 ; [0.23744675532068474] ; [0.25788073488877844]
840 ; 25 ; 106 ; 2 ; [0.087169562436823445] ; [0.0060506619885141019]
840 ; 25 ; 107 ; 0 ; [2.2531950744054563] ; [0.10088605021999988]
840 ; 25 ; 107 ; 1 ; [4.7493516150773889] ; [0.26230123499864982]
840 ; 25 ; 107 ; 2 ; [0.015535514273995426] ; [0.22741531222370739]
840 ; 25 ; 108 ; 0 ; [0.077532505641006971] ; [0.25366440668044232]
840 ; 25 ; 108 ; 2 ; [0.55344199727287258] ; [0.55119068682858463]
840 ; 25 ; 109 ; 0 ; [5.3789220379510523] ; [0.40470360735156297]
840 ; 25 ; 110 ; 0 ; [0.18702342155060106, 0.26702236006888863, 0.015357974362278815, 0.027718709829450065] ; [0.2175794160633146, 0.33838463958572412, 0.24463777568278997, 0.09126632349721174]
840 ; 25 ; 111 ; 0 ; [0.24175737791578839, 0.1195490265819654] ; [0.21829161172410383, 0.068453256586553671]
840 ; 25 ; 112 ; 0 ; [2.3863616114176276] ; [-0.18157211320050265]
840 ; 25 ; 112 ; 2 ; [1.6110515577919506] ; [1.7565338945200939]
840 ; 25 ; 113 ; 0 ; [0.58740749726484087] ; [0.35277155574988062]
840 ; 25 ; 113 ; 1 ; [0.63391683033360358] ; [1.3039722305350387]
840 ; 25 ; 113 ; 2 ; [1.1613796076485623] ; [0.55514520778292831]
840 ; 25 ; 114 ; 0 ; [0.8369321949172327] ; [0.55011962455741836]
840 ; 25 ; 114 ; 1 ; [0.40446429681512852] ; [0.031484048230364478]
840 ; 25 ; 114 ; 2 ; [1.2357294500997178] ; [0.47177030836118217]
840 ; 25 ; 114 ; 3 ; [2.3963796991404815] ; [0.99864794431365977]
840 ; 25 ; 115 ; 0 ; [0.5075011276231095] ; [0.20329616115178717]
840 ; 25 ; 116 ; 0 ; [1.0514835338574953] ; [0.08012551276512847]
840 ; 25 ; 116 ; 1 ; [0.26246590966077166] ; [0.28462394543121494]
840 ; 25 ; 117 ; 0 ; [1.898767151952101] ; [0.99518238967022898]
840 ; 25 ; 117 ; 1 ; [1.2821119515626411] ; [1.3815182308980452]
840 ; 25 ; 117 ; 2 ; [0.99214918303400823] ; [1.2181814911187554]
840 ; 25 ; 117 ; 3 ; [2.7784149725145113] ; [0.98397090376344931]
840 ; 25 ; 117 ; 5 ; [2.2281258748316866] ; [0.87415100265597401]
840 ; 25 ; 118 ; 0 ; [0.32587648764623489] ; [1.300984283871792]
840 ; 25 ; 118 ; 2 ; [2.2971136699743018] ; [0.94126063295470408]
840 ; 25 ; 118 ; 8 ; [-0.30233063848124148] ; [1.5279041936749109]
840 ; 25 ; 119 ; 0 ; [0.012089971889962668, 0.056339333451149651, 0.038042215363177312] ; [0.17101453075282783, 0.3852258959307916, -0.031387769299217133]
840 ; 25 ; 120 ; 0 ; [0.17745065546610717] ; [0.18078125440274603]
840 ; 25 ; 120 ; 3 ; [4.1034985128702619] ; [1.5083274264119577]
840 ; 25 ; 120 ; 7 ; [1.3028758325921197] ; [2.0003739143571679]
840 ; 25 ; 120 ; 9 ; [2.1464869629079506] ; [0.62468080512595892]
840 ; 25 ; 120 ; 10 ; [2.7398940047997673] ; [0.055686552404143483]
840 ; 25 ; 120 ; 14 ; [3.8573061473298909, 3.1640823548918293] ; [0.79020571575631482, 0.46749052100002225]
840 ; 25 ; 120 ; 15 ; [4.2657805926035861] ; [2.5292863825983907]
840 ; 25 ; 121 ; 0 ; [0.021093956936216955, -0.01062622719302163, 0.019998833684852148, -0.020213611182917843] ; [0.21227967652059804, 0.16156350213769932, 0.13972890832198001, 0.24847874008764614]
840 ; 25 ; 121 ; 1 ; [0.35650099420802656] ; [0.093609220630466047]
840 ; 25 ; 121 ; 2 ; [-0.0028083915565903683] ; [0.06764123044853472]
840 ; 25 ; 123 ; 0 ; [1.1924732874979982] ; [0.06904887507163078]
840 ; 25 ; 123 ; 8 ; [0.47387585169305885] ; [0.11485780295926534]
840 ; 25 ; 125 ; 0 ; [0.044085109814365676, 0.062271064938356852, -0.0096349381370123121, -0.010523698150640559] ; [0.18572654331033514, 0.24572678484787125, 0.16794069048610918, 0.20577284327255962]
840 ; 25 ; 126 ; 8 ; [1.0337879311824505] ; [0.58799766975919199]
840 ; 25 ; 127 ; 6 ; [0.12921167466933847] ; [1.7626270003853208]
840 ; 25 ; 127 ; 11 ; [0.36178080802530177] ; [0.95171740319465037]
840 ; 25 ; 127 ; 12 ; [0.24577173333315197] ; [1.4118594592695071]
840 ; 25 ; 128 ; 0 ; [0.11867918940877199] ; [0.15158396858586079]
840 ; 25 ; 129 ; 0 ; [0.18759111685405916] ; [2.1146155344296593]
840 ; 25 ; 129 ; 1 ; [0.069226709985621027] ; [1.1841960373567344]
840 ; 25 ; 129 ; 2 ; [0.061724801601863277] ; [1.8248750582330802]
840 ; 25 ; 129 ; 3 ; [1.1911302347667774] ; [1.5916853951550052]
840 ; 25 ; 129 ; 5 ; [0.58364249816287161] ; [0.86279762646539704]
840 ; 25 ; 129 ; 7 ; [0.011396979435255451] ; [-0.088978782369557474]
840 ; 25 ; 130 ; 7 ; [1.1562163263037992] ; [1.3591822865722638]
840 ; 25 ; 130 ; 10 ; [1.8961432367930902] ; [1.2201362179723934]
840 ; 25 ; 130 ; 11 ; [0.83220440685498875] ; [1.8548638052585804]
840 ; 25 ; 130 ; 13 ; [0.4452025808831237] ; [2.2800933293971846]
840 ; 25 ; 130 ; 14 ; [1.7334413570152862] ; [2.6848757300312851]
840 ; 25 ; 130 ; 16 ; [1.8240059578859353] ; [2.4262985799338814]
840 ; 25 ; 130 ; 19 ; [1.5468054323957583] ; [0.63729995350691437]
840 ; 25 ; 131 ; 1 ; [0.14487936065762688] ; [-0.0016702598238805663]
840 ; 25 ; 131 ; 4 ; [0.62337349362815198] ; [1.790716444758143]
840 ; 25 ; 131 ; 5 ; [1.310185723695712] ; [2.0677273983528019]
840 ; 25 ; 132 ; 0 ; [0.24648073882934279] ; [0.78088573199987399]
840 ; 25 ; 132 ; 1 ; [0.80256876929968468] ; [-0.1834898403369131]
840 ; 25 ; 132 ; 2 ; [4.1065916656560555] ; [0.57461925815743498]
840 ; 25 ; 133 ; 2 ; [0.19915108072545054] ; [0.26983944144338373]
840 ; 25 ; 133 ; 3 ; [0.47557082287612734] ; [0.83009682504085558]
840 ; 25 ; 133 ; 8 ; [0.4541478761577521] ; [0.10883818898037899]
840 ; 25 ; 133 ; 9 ; [2.3517668001954419] ; [0.20897055244967483]
840 ; 25 ; 134 ; 0 ; [0.30808955732998755, 0.077167506579810891, 0.18971946248909852] ; [0.72614080829252881, 0.19085216189408466, 0.19626175643066956]
840 ; 25 ; 134 ; 1 ; [1.9230968156516315] ; [0.69938391587315674]
840 ; 25 ; 134 ; 3 ; [0.052518874858268921] ; [0.23901108578631131]
840 ; 25 ; 135 ; 3 ; [0.087525829971574112] ; [0.24683298861204619]
840 ; 25 ; 135 ; 5 ; [0.012521022679383967, 0.060097719115448582, 0.086689273393674188] ; [0.29178228110007537, 0.28329918032752438, 0.51635206763948049]
840 ; 25 ; 136 ; 1 ; [0.26813683072348399] ; [0.140902561934628]
840 ; 25 ; 136 ; 3 ; [0.11655048711601336, 0.046331909928846039] ; [0.20319341988926107, 0.19771925127820164]
840 ; 25 ; 137 ; 0 ; [0.18661708727647791, 0.18546462002661349] ; [0.21486311166081543, 0.0028735423919934926]
840 ; 25 ; 137 ; 1 ; [0.30540877872149641] ; [0.14159332275484918]
840 ; 25 ; 137 ; 2 ; [0.16136837998566042] ; [0.071207716248523095]
840 ; 25 ; 137 ; 3 ; [0.59437449287764799] ; [0.068556106920598783]
840 ; 25 ; 137 ; 4 ; [0.04860006008326876] ; [-0.06130102908950176]
840 ; 25 ; 138 ; 0 ; [0.42110348424036265] ; [0.36610928369723955]
840 ; 25 ; 138 ; 2 ; [0.70715554296025307] ; [0.098001973951231516]
840 ; 25 ; 138 ; 8 ; [0.40091873746691281] ; [0.5301016029174852]
840 ; 25 ; 139 ; 0 ; [0.16585394775617962, 0.12377686093904013, 0.16807734123366255, 0.066396200945231382] ; [0.43572919910804997, 0.19517355556813529, 0.32813470500386521, 0.016226260890849886]
840 ; 25 ; 140 ; 0 ; [0.29190750864485493, 0.21284525923342429, 0.32137355015162583, 0.24200534161853202] ; [0.25999556392348394, 0.28260421879506081, 0.2322387517879512, 0.17102982237147207]
840 ; 25 ; 140 ; 4 ; [-0.072595479908552682] ; [0.046480586410059435]
840 ; 25 ; 140 ; 6 ; [0.87228533350119508] ; [0.61734803473740008]
840 ; 25 ; 141 ; 0 ; [0.63665284546315593, 0.35700264849826385, 0.4418636556581042, 0.39795068619834389] ; [0.3118923945442883, 0.19486057044569555, 0.43639775074443665, 0.56574788751100069]
840 ; 25 ; 142 ; 0 ; [0.20066069118161908] ; [0.018219797378951172]
840 ; 25 ; 142 ; 1 ; [0.85855217901441438] ; [0.52681968445514815]
840 ; 25 ; 143 ; 2 ; [0.014284028705091961] ; [0.0013906598402596896]
840 ; 25 ; 144 ; 0 ; [2.48754859628206] ; [0.80607159099664583]
840 ; 25 ; 144 ; 2 ; [0.2436865831804006] ; [1.3881964954153492]
840 ; 25 ; 144 ; 3 ; [5.8525119208416605] ; [1.7081949907373448]
840 ; 25 ; 144 ; 5 ; [0.79203368251853445] ; [1.8852007602400629]
840 ; 25 ; 145 ; 0 ; [0.31742345358869356] ; [0.16086664848115301]
840 ; 25 ; 145 ; 1 ; [0.11578244855918868] ; [0.02317980125544607]
840 ; 25 ; 145 ; 6 ; [0.17659015254223276] ; [0.44015813006332377]
840 ; 25 ; 145 ; 7 ; [0.12019096371712283] ; [0.38888649400823994]
840 ; 25 ; 146 ; 0 ; [0.34498044996449834] ; [-0.0025766312300469657]
840 ; 25 ; 147 ; 0 ; [0.14145476978925448] ; [0.12083373625801527]
840 ; 25 ; 147 ; 3 ; [0.96413572828298622] ; [1.2493819147097291]
840 ; 25 ; 147 ; 7 ; [0.79889416594063722] ; [2.1090957967018489]
840 ; 25 ; 148 ; 0 ; [0.14625278387746138, 0.081736754050885402, 0.091340008297449649, 0.097850178736537868, 0.15200114950217586] ; [0.17672734498671555, 0.15268238254769845, 0.27701367847407138, 0.27606024830292575, 0.081905917656569502]
840 ; 25 ; 149 ; 0 ; [0.66060458130200339, 0.27013660362816411] ; [0.22162779590585915, 0.5727991878067602]
840 ; 25 ; 149 ; 1 ; [0.17892866135591723] ; [0.21982530007691864]
840 ; 25 ; 149 ; 2 ; [0.78395026230675524] ; [0.32592405699426003]
840 ; 25 ; 149 ; 7 ; [0.64965410819498925] ; [0.421343077623409]
840 ; 25 ; 150 ; 0 ; [1.3088426924638907] ; [0.15153497241959618]
840 ; 25 ; 150 ; 2 ; [1.0224952946084052] ; [0.7524960043169856]
840 ; 25 ; 150 ; 3 ; [0.88141831753635291] ; [1.1686852728298298]
840 ; 25 ; 151 ; 0 ; [0.46206543028775104] ; [0.23871881876358714]
840 ; 25 ; 151 ; 1 ; [0.055739273528208448] ; [0.61541863854748791]
840 ; 25 ; 152 ; 0 ; [0.6212707365311021] ; [0.04964626319942729]
840 ; 25 ; 152 ; 2 ; [0.62012466273409661] ; [0.0455020498924818]
840 ; 25 ; 153 ; 0 ; [0.030531667730908065, -0.011762338952778595] ; [0.26061421972951065, 0.048948854704625122]
840 ; 25 ; 155 ; 0 ; [0.72962919816475624] ; [0.86050033768575529]
840 ; 25 ; 155 ; 1 ; [0.077400648229316346] ; [0.0018915410406181385]
840 ; 25 ; 156 ; 4 ; [0.32337648558033538] ; [0.98781265257352069]
840 ; 25 ; 156 ; 5 ; [1.0258518465630493] ; [0.51191794040970884]
840 ; 25 ; 156 ; 6 ; [1.8049687145027375] ; [0.55488122514041871]
840 ; 25 ; 156 ; 11 ; [0.70947685790220416] ; [1.7782358943917662]
840 ; 25 ; 156 ; 17 ; [2.1823689196559708] ; [1.6444482249166656]
840 ; 25 ; 156 ; 20 ; [1.8127477480537135] ; [0.46556230948682364]
840 ; 25 ; 157 ; 1 ; [0.97401584892842874] ; [1.7216614133692971]
840 ; 25 ; 157 ; 3 ; [2.1158393136280012] ; [0.8716753384465431]
840 ; 25 ; 157 ; 8 ; [2.5627564654702968] ; [1.4606014733262018]
840 ; 25 ; 158 ; 0 ; [0.0051952872319637466, 0.02111911864355363, 0.081083649493077337, 0.029111576457071679, 0.069472420475579735] ; [0.15543333472046436, 0.13341551434352297, 0.16240934914837238, 0.1611055262372397, 0.063774517692886126]
840 ; 25 ; 159 ; 3 ; [0.53720972190885741, -0.018352036777771353] ; [0.46601093312046216, 0.015528965185581058]
840 ; 25 ; 160 ; 0 ; [0.035958041794815349, 0.053797128942120978, 0.055139281460100067] ; [0.17191072695994611, 0.32724515684032268, 0.16885605133021503]
840 ; 25 ; 161 ; 0 ; [0.72129236912569272, 1.8229515349812586] ; [-0.0078153441825681794, 0.17592052579344569]
840 ; 25 ; 161 ; 1 ; [0.50416705998326738] ; [0.076188035623932379]
840 ; 25 ; 161 ; 2 ; [0.35086809289120058] ; [0.020909750822960184]
840 ; 25 ; 161 ; 15 ; [1.0525728521428761] ; [0.57315607660126722]
840 ; 25 ; 161 ; 17 ; [1.3194999915661338] ; [0.2618298759507231]
840 ; 25 ; 162 ; 0 ; [0.15266560886301667, 0.080735469217786446, 0.024212316936600215] ; [0.31077133323302902, 0.22819911436740686, 0.054089691459602497]
840 ; 25 ; 162 ; 1 ; [0.17026747185733263] ; [0.1510893703414467]
840 ; 25 ; 163 ; 0 ; [0.38017308784006498] ; [0.18671033252983174]
840 ; 25 ; 163 ; 4 ; [0.6545330809632367] ; [0.41735450753966608]
840 ; 25 ; 164 ; 0 ; [0.29251431867501448] ; [0.56137353314986338]
840 ; 25 ; 164 ; 3 ; [1.0165391376437898] ; [0.67257246072014953]
840 ; 25 ; 164 ; 5 ; [1.6661367188344534] ; [0.28287469769323387]
840 ; 25 ; 164 ; 7 ; [1.8841021392671657] ; [0.57356537269005625]
840 ; 25 ; 164 ; 20 ; [2.0092397939993898] ; [2.1565085149990133]
840 ; 25 ; 165 ; 2 ; [1.0521861064631546] ; [0.39099599421075271]
840 ; 25 ; 166 ; 0 ; [0.19024576915643024, 0.23916911731554849, 0.054020789498894106] ; [0.2561970714805874, 0.20919255089103975, 0.27053940936911702]
840 ; 25 ; 166 ; 1 ; [0.049679987370445801] ; [0.09803332398720889]
840 ; 25 ; 167 ; 0 ; [1.709544947836628] ; [0.16613383323941922]
840 ; 25 ; 167 ; 2 ; [1.3963050100983332] ; [0.16455588266111681]
840 ; 25 ; 167 ; 3 ; [1.7734453575627602] ; [0.23405519544273781]
840 ; 25 ; 167 ; 4 ; [1.0935795454660229] ; [0.5504226481615464]
840 ; 25 ; 167 ; 6 ; [1.3324984718494139] ; [0.14753424881352659]
840 ; 25 ; 167 ; 10 ; [1.2544551194376692] ; [0.14889731665345013]
840 ; 25 ; 167 ; 16 ; [0.75040761378776499] ; [0.22339502964037847]
840 ; 25 ; 168 ; 0 ; [0.17778142787478515, 0.30858551598532952] ; [0.18276980828666758, 0.35098122649521146]
840 ; 25 ; 168 ; 1 ; [0.1050153276534551] ; [0.25573075819536434]
840 ; 25 ; 169 ; 0 ; [0.36607460317562079, 0.37980003028477771, 0.36909224088962472, 0.54148116159500603] ; [0.2319097884302245, 0.37527865316619979, 0.33547518723750402, 0.12199598829449584]
840 ; 25 ; 169 ; 1 ; [0.18044227923600564] ; [0.10089478772631214]
840 ; 25 ; 169 ; 2 ; [0.11027364560089056] ; [0.5555078340395424]
840 ; 25 ; 171 ; 0 ; [0.50925298612994696, 0.76935099100131277] ; [0.31205470322810541, 0.52497687603110088]
840 ; 25 ; 172 ; 0 ; [2.762274622730756] ; [0.29565788164849843]
840 ; 25 ; 172 ; 1 ; [0.40634486640166623] ; [0.817182653657891]
840 ; 25 ; 172 ; 2 ; [0.93923063578007426] ; [0.34149273582780787]
840 ; 25 ; 172 ; 3 ; [0.93607460409606502] ; [0.75445638955480765]
840 ; 25 ; 172 ; 7 ; [0.0095109216327747756] ; [0.91240384826660803]
840 ; 25 ; 172 ; 8 ; [0.81365560039038387] ; [1.7006682746807702]
840 ; 25 ; 172 ; 9 ; [0.19320264661761616] ; [1.6887095899686126]
840 ; 25 ; 172 ; 13 ; [1.0060682992301173] ; [0.90135793345586845]
840 ; 25 ; 172 ; 14 ; [3.0377236294543812] ; [1.2011093750329858]
840 ; 25 ; 172 ; 15 ; [0.0023784202385446086] ; [2.1255491984968882]
840 ; 25 ; 172 ; 16 ; [1.3456811879260346] ; [1.7471814275450503]
840 ; 25 ; 172 ; 17 ; [0.10319271704532679] ; [1.1137379099250815]
840 ; 25 ; 172 ; 19 ; [12.281516798012357] ; [0.64607945407021183]
840 ; 25 ; 172 ; 20 ; [0.016956643062478991] ; [1.7394074101003734]
840 ; 25 ; 172 ; 22 ; [2.1356163966245969] ; [3.3531312722229782]
840 ; 25 ; 173 ; 0 ; [0.18326051056700463, 0.14317447100192163, 0.13954290895586344] ; [0.17631958608160622, 0.15319823412624625, 0.17147739585629648]
840 ; 25 ; 174 ; 0 ; [0.1165997289302937, 0.9828787578721081] ; [0.34456899049009487, 0.97801300529052337]
840 ; 25 ; 174 ; 1 ; [2.6931532634467863] ; [0.44504709967266037]
840 ; 25 ; 174 ; 2 ; [-0.010554112904050512] ; [0.37140608992421431]
840 ; 25 ; 175 ; 0 ; [0.085608339572283476] ; [0.51236403451077128]
840 ; 25 ; 175 ; 1 ; [0.49626248849286347] ; [0.35137005002751531]
840 ; 25 ; 175 ; 2 ; [0.23595428718809297] ; [0.33182784139267302]
840 ; 25 ; 176 ; 0 ; [0.16427101432082261, -0.0018279773769571362, 0.45912309508579696] ; [0.86642207693499318, 0.36568154542553383, 0.51518126510262141]
840 ; 25 ; 176 ; 1 ; [0.099653570230916685] ; [0.26552496463642272]
840 ; 25 ; 176 ; 2 ; [0.53751239912489224] ; [1.8811453317136044]
840 ; 25 ; 177 ; 0 ; [0.0017744372608951245, -0.0067763473048369953] ; [0.17583090851358732, 0.11935836424396666]
840 ; 25 ; 178 ; 0 ; [0.31050306255240712] ; [0.51873250025989681]
840 ; 25 ; 178 ; 5 ; [1.4651416312563394] ; [0.83605775503156754]
840 ; 25 ; 178 ; 11 ; [1.3822293038766504] ; [0.65007654918495417]
840 ; 25 ; 179 ; 0 ; [0.09091492506905223] ; [0.089042004905707198]
840 ; 25 ; 179 ; 1 ; [1.1607855695666516] ; [0.30623215068233539]
840 ; 25 ; 179 ; 2 ; [1.4942187831896527] ; [4.05695969641509]
840 ; 25 ; 181 ; 0 ; [0.43002314783916945] ; [0.2837219905726972]
840 ; 25 ; 182 ; 1 ; [0.37351463020837483] ; [0.3689012701099737]
840 ; 25 ; 184 ; 0 ; [0.32542956917059362, 0.05215914115493215] ; [0.41828070263787431, 0.2512862819393421]
840 ; 25 ; 184 ; 1 ; [0.15802955997686988] ; [0.3116399578465282]
840 ; 25 ; 185 ; 0 ; [0.19973623131127805] ; [-0.00052980647761711444]
840 ; 25 ; 185 ; 1 ; [1.6636860917511818] ; [0.095190235963293846]
840 ; 25 ; 186 ; 0 ; [0.074664153452879009, 0.016848546401933045] ; [0.49980876874895047, 0.094349880880512715]
840 ; 25 ; 187 ; 0 ; [0.42757881027323069] ; [0.061732113200551324]
840 ; 25 ; 187 ; 1 ; [1.0818915100774469] ; [1.3637235973049882]
840 ; 25 ; 187 ; 3 ; [2.1165418323617642] ; [0.27234316272225922]
840 ; 25 ; 188 ; 0 ; [0.1465984711633313] ; [0.37032388921114695]
840 ; 25 ; 188 ; 1 ; [0.15178656451353373] ; [0.10227796266584631]
840 ; 25 ; 188 ; 3 ; [1.7835088772476899] ; [0.48615141132429995]
840 ; 25 ; 188 ; 4 ; [0.75662553288373813] ; [0.98486723867876758]
840 ; 25 ; 188 ; 6 ; [1.3042993790423592] ; [3.4606163452353096]
840 ; 25 ; 189 ; 0 ; [0.36780698704793152] ; [0.27767747346358795]
840 ; 25 ; 190 ; 0 ; [1.7948634879719869] ; [0.25435323005489247]
840 ; 25 ; 191 ; 0 ; [0.092196975752699972, 0.084634066998195465] ; [0.028434113865456898, 0.60869109811870414]
840 ; 25 ; 191 ; 1 ; [0.68698221159786321] ; [0.039348457574305475]
840 ; 25 ; 191 ; 2 ; [0.08943923420008168] ; [0.63846061149276645]
840 ; 25 ; 191 ; 3 ; [0.43372819214358704] ; [0.98756104437677983]
840 ; 25 ; 191 ; 5 ; [0.91424246518650221] ; [0.47439319930384999]
840 ; 25 ; 191 ; 6 ; [0.59410557137992648] ; [0.36474588072403252]
840 ; 25 ; 191 ; 7 ; [0.580867915630223] ; [0.84152787255165051]
840 ; 25 ; 191 ; 8 ; [2.0770614119726876] ; [0.45839028437091806]
840 ; 25 ; 191 ; 12 ; [0.44840366906496693] ; [0.77714592010518557]
840 ; 25 ; 191 ; 14 ; [0.70411963534396227] ; [0.92191741816438066]
840 ; 25 ; 191 ; 15 ; [0.22846732818735213] ; [0.79146012820579381]
840 ; 25 ; 192 ; 0 ; [0.63163643208187903] ; [0.66595391521154523]
840 ; 25 ; 192 ; 1 ; [0.38145476809265166] ; [0.7263002366142981]
840 ; 25 ; 192 ; 3 ; [3.1429465249755206] ; [0.71868940481494537]
840 ; 25 ; 193 ; 0 ; [0.47635510046337198, 0.086470956503362173] ; [0.62974560176458538, 0.10098109847217]
840 ; 25 ; 193 ; 1 ; [0.55892985262614125] ; [0.38238359198284444]
840 ; 25 ; 193 ; 3 ; [0.28427434478357611] ; [2.2099469380365488]
840 ; 25 ; 194 ; 0 ; [0.25692603645087891, 0.13452889359795481] ; [0.1546844380679166, 0.15336093367300771]
840 ; 25 ; 195 ; 0 ; [0.30327911529423351, 0.84300568656060471] ; [0.20148425569516676, 0.41520065158075137]
840 ; 25 ; 196 ; 0 ; [0.35245765091359399] ; [0.45455027282025928]
840 ; 25 ; 196 ; 1 ; [3.926111490633601] ; [0.17831006228261961]
840 ; 25 ; 196 ; 2 ; [1.6993105940193904] ; [0.51617707614347363]
840 ; 25 ; 196 ; 3 ; [2.3235555724661943] ; [1.5083340427905216]
840 ; 25 ; 197 ; 4 ; [0.18279616866413079] ; [0.9946936536401989]
840 ; 25 ; 198 ; 0 ; [0.39534065659126649, 0.026994049978489157, -0.051012021169113388] ; [0.45284732943217204, 0.24238110782762487, 0.36833451703692643]
840 ; 25 ; 198 ; 1 ; [2.7001477067884059] ; [0.034433189601317624]
840 ; 25 ; 198 ; 2 ; [0.20899765661616618] ; [0.14245715232401759]
840 ; 25 ; 199 ; 0 ; [0.28569432329303296] ; [0.22426574268706878]
840 ; 25 ; 199 ; 3 ; [2.1074415641374382] ; [0.59784431927853365]
840 ; 25 ; 200 ; 0 ; [0.62889412893612984] ; [0.45039823364679121]
840 ; 25 ; 200 ; 1 ; [1.2456444656076366] ; [0.1004155804879862]
840 ; 25 ; 200 ; 3 ; [3.0044912433110955] ; [0.49539449857398377]
840 ; 25 ; 200 ; 7 ; [2.9833144965756784] ; [0.96517040189214354]
840 ; 25 ; 201 ; 0 ; [0.1275159752957245, 0.40067272291511652, 0.46973383159885695] ; [0.40024692512458621, 0.82998088377819257, 0.51231434512794427]
840 ; 25 ; 202 ; 0 ; [0.15507806508775862] ; [0.11873410309354354]
840 ; 25 ; 202 ; 1 ; [0.52721139671630801] ; [0.81705933397216957]
840 ; 25 ; 202 ; 2 ; [0.55057515640597821] ; [0.80075369305252586]
840 ; 25 ; 202 ; 3 ; [0.24701873220472129] ; [0.30266739243071344]
840 ; 25 ; 202 ; 5 ; [1.6218457379575344] ; [0.83884615960147679]
840 ; 25 ; 202 ; 11 ; [1.3367293800661588] ; [2.0286960921249881]
840 ; 25 ; 202 ; 13 ; [0.48784695643312875] ; [2.2757264641035704]
840 ; 25 ; 202 ; 14 ; [1.5361811513070358] ; [1.6762505593398951]
840 ; 25 ; 202 ; 15 ; [2.5595145797492012] ; [2.4301145462089955]
840 ; 25 ; 203 ; 0 ; [0.56986313036958214] ; [1.8121662299513885]
840 ; 25 ; 203 ; 9 ; [2.1053955376134721] ; [3.6164776679472079]
840 ; 25 ; 204 ; 0 ; [0.066842848800288415, 0.087114014959513875, 0.038904775351941201] ; [0.17700062131214897, 0.18911042675685233, 0.054002960194863274]
840 ; 25 ; 205 ; 0 ; [1.285128860980848] ; [1.6941135870174096]
840 ; 25 ; 205 ; 2 ; [0.18262854750625426] ; [0.25427052743112805]
840 ; 25 ; 207 ; 0 ; [0.40969406856357882] ; [-0.032732489788594575]
840 ; 25 ; 207 ; 1 ; [0.53425744505245387] ; [0.31829817908312985]
840 ; 25 ; 208 ; 0 ; [3.2059598524204] ; [0.4956851137222496]
840 ; 25 ; 208 ; 1 ; [1.9876966678161867] ; [0.14394481552056737]
840 ; 25 ; 209 ; 0 ; [-0.025842081105289245] ; [-0.0076740172401936167]
840 ; 25 ; 209 ; 1 ; [1.0952194591178974] ; [0.46054238077160059]
840 ; 25 ; 209 ; 3 ; [1.4239109721210559] ; [2.4631827615363169]
840 ; 25 ; 210 ; 0 ; [0.17134860896830212, 0.11539221326367326, 0.031916499544979125] ; [0.36723224699526624, 0.19406115707967256, 0.057149982245348036]
840 ; 25 ; 210 ; 1 ; [0.083847075354680833, 0.014823496132284456] ; [0.24634438968571534, 0.26212132271411248]
840 ; 25 ; 211 ; 7 ; [2.1258758299055605] ; [1.7653135446918342]
840 ; 25 ; 211 ; 10 ; [3.1791608945871572] ; [1.3428929278177701]
840 ; 25 ; 211 ; 14 ; [1.6766522045178267] ; [3.3917262127421228]
840 ; 25 ; 212 ; 0 ; [0.18801129103440556] ; [0.19728447825242207]
840 ; 25 ; 213 ; 0 ; [0.44158643893409305] ; [1.0503583691540739]
840 ; 25 ; 213 ; 1 ; [0.66640127158805507] ; [-0.0013431117519994195]
840 ; 25 ; 213 ; 2 ; [0.46217215951837198] ; [0.35394716984997332]
840 ; 25 ; 213 ; 8 ; [0.29050413629853999] ; [1.0558789922927474]
840 ; 25 ; 213 ; 9 ; [0.018477081208048224] ; [0.64224337883142224]
840 ; 25 ; 214 ; 0 ; [0.52138838261541565, 1.0241255696960692] ; [0.38617693153172888, 0.15621028411528246]
840 ; 25 ; 215 ; 0 ; [1.5132395084121419] ; [0.30226884206827853]
840 ; 25 ; 215 ; 1 ; [0.7570295332308995] ; [-0.007404258892132966]
840 ; 25 ; 215 ; 4 ; [1.3360107299066462] ; [0.10883925494910583]
840 ; 25 ; 215 ; 6 ; [3.1332347291822282] ; [2.0071558975479884]
840 ; 25 ; 215 ; 11 ; [1.7514679112617719] ; [0.43832053294115264]
840 ; 25 ; 216 ; 0 ; [0.33933081900248918] ; [0.26010563268680703]
840 ; 25 ; 216 ; 1 ; [0.41423253081038075] ; [0.16348594673740621]
840 ; 25 ; 216 ; 2 ; [1.3500348920887977] ; [0.46508883039660731]
840 ; 25 ; 216 ; 4 ; [0.37488209491862845] ; [0.037694256180949334]
840 ; 25 ; 216 ; 11 ; [1.4076685729421989] ; [1.8790588469859009]
840 ; 25 ; 216 ; 18 ; [1.3986937406542506] ; [2.087833193555575]
840 ; 25 ; 217 ; 2 ; [2.9645181659524602] ; [0.7937599365505601]
840 ; 25 ; 217 ; 3 ; [0.97240971788604169] ; [2.1370480873855984]
840 ; 25 ; 217 ; 4 ; [1.1955021182475909] ; [0.96971317640558841]
840 ; 25 ; 218 ; 0 ; [1.7585165576700723] ; [0.6323970970052154]
840 ; 25 ; 218 ; 1 ; [-0.063631176413190341] ; [1.5386597694699855]
840 ; 25 ; 218 ; 3 ; [1.8678437292546126] ; [0.40367825691129916]
840 ; 25 ; 218 ; 4 ; [0.20848032152157878] ; [0.049508065907254227]
840 ; 25 ; 218 ; 11 ; [0.80546286242095777] ; [0.82578854278837777]
840 ; 25 ; 219 ; 0 ; [0.037001525163418932, -0.0092373339858354275, -0.031826379387307209] ; [0.29903919228876769, 0.2221191441648426, 0.1742311896627014]
840 ; 25 ; 220 ; 0 ; [0.77677986938267074] ; [-0.00068400746889281773]
840 ; 25 ; 220 ; 1 ; [0.47094217144176637] ; [0.59911484201136933]
840 ; 25 ; 220 ; 2 ; [0.30192945683176903] ; [0.38032168906290054]
840 ; 25 ; 220 ; 9 ; [2.0070782236481386] ; [0.95893050225984922]
840 ; 25 ; 221 ; 0 ; [3.0024496472590054, 1.1415328511306395] ; [0.077719043177770286, 0.13198534835723663]
840 ; 25 ; 221 ; 1 ; [2.126571677258521] ; [1.500495564446052]
840 ; 25 ; 221 ; 3 ; [0.52944567658089825] ; [0.86671884383769493]
840 ; 25 ; 221 ; 4 ; [0.080641684312994788] ; [1.7603381181827813]
840 ; 25 ; 221 ; 5 ; [0.63510792825046336] ; [1.1402876479927999]
840 ; 25 ; 221 ; 6 ; [0.031114480380470554] ; [6.3997880428457794]
840 ; 25 ; 222 ; 1 ; [1.8398398611879885] ; [1.577101114256505]
840 ; 25 ; 222 ; 3 ; [1.7722440363335328, 0.66440429654337907] ; [1.9845715106390729, 0.89722717962952891]
840 ; 25 ; 222 ; 6 ; [1.881546870460491] ; [0.17986334555632044]
840 ; 25 ; 222 ; 8 ; [1.7576725120002243, 0.26939525911620266] ; [1.9579931618965458, 0.30242850684174416]
840 ; 25 ; 222 ; 10 ; [2.3371239721400676] ; [0.86610569987134089]
840 ; 25 ; 222 ; 11 ; [0.95248975741782105] ; [0.24591460077558699]
840 ; 25 ; 222 ; 12 ; [0.74151807588903051] ; [1.4058562668244925]
840 ; 25 ; 222 ; 13 ; [0.47334746444258258] ; [0.445146067612331]
840 ; 25 ; 222 ; 15 ; [2.3868345660787202] ; [2.4902954110001523]
840 ; 25 ; 222 ; 16 ; [1.3703210443850735] ; [1.481627408893015]
840 ; 25 ; 222 ; 17 ; [0.24358549470272112] ; [1.6896259772882314]
840 ; 25 ; 222 ; 18 ; [0.68863972984630339] ; [0.14182342187400673]
840 ; 25 ; 222 ; 19 ; [0.5322708152333796] ; [0.12790472893127267]
840 ; 25 ; 222 ; 20 ; [0.8529213495462683] ; [1.318646092675402]
840 ; 25 ; 222 ; 21 ; [1.4868633790413683] ; [1.7223731541791725]
840 ; 25 ; 222 ; 22 ; [0.70134532099330693] ; [1.0016342527094668]
840 ; 25 ; 222 ; 24 ; [2.1240218806288524] ; [0.36992682242823099]
840 ; 25 ; 222 ; 25 ; [2.4741811405707645] ; [2.2888847694468528]
840 ; 25 ; 222 ; 26 ; [5.0594532360095927] ; [0.61551496354238189]
840 ; 25 ; 222 ; 27 ; [0.72987600500817806] ; [1.3060511234995962]
840 ; 25 ; 222 ; 28 ; [-0.05359271251250549] ; [0.72026217811643123]
840 ; 25 ; 222 ; 29 ; [1.8019270207509672] ; [0.16077447212118279]
840 ; 25 ; 222 ; 30 ; [5.2137193757223672] ; [0.18914458125894257]
840 ; 25 ; 222 ; 33 ; [2.5598371690151787] ; [1.5184132786388389]
840 ; 25 ; 222 ; 35 ; [1.3965600548060224] ; [1.1679628320241995]
840 ; 25 ; 222 ; 36 ; [1.6140186893946817] ; [1.1979959447916309]
840 ; 25 ; 222 ; 37 ; [0.76919550451614493] ; [1.4405821540356281]
840 ; 25 ; 222 ; 39 ; [2.4077149252836185] ; [0.55681160935650609]
840 ; 25 ; 222 ; 40 ; [2.1050232797870319] ; [1.9802087130775998]
840 ; 25 ; 222 ; 41 ; [0.68159788308818847] ; [1.0417083459206971]
840 ; 25 ; 223 ; 2 ; [1.7305372379055171] ; [0.28080207807163926]
840 ; 25 ; 223 ; 3 ; [2.1826691104461742] ; [0.46376280135167558]
840 ; 25 ; 223 ; 5 ; [0.72765384913186004] ; [1.4700528644034587]
840 ; 25 ; 223 ; 7 ; [0.87897293373649688] ; [2.6872913548117285]
840 ; 25 ; 223 ; 9 ; [2.4933396108654597] ; [0.42885819574415274]
840 ; 25 ; 223 ; 12 ; [3.8857520286900122] ; [2.3747011318549367]
840 ; 25 ; 223 ; 15 ; [3.8814300976579825] ; [2.1067875099140827]
840 ; 25 ; 223 ; 16 ; [6.7050144406391841] ; [2.3875493658897433]
840 ; 25 ; 223 ; 20 ; [7.2910959008780729] ; [2.9786482489755861]
840 ; 25 ; 223 ; 24 ; [1.293391694082314] ; [2.3022348841406544]
840 ; 25 ; 223 ; 25 ; [2.7664388581254546] ; [2.4031809998633458]
840 ; 25 ; 224 ; 0 ; [4.7988272165972683] ; [0.76701176912783542]
840 ; 25 ; 224 ; 2 ; [2.6572298497313409] ; [1.852740670299313]
840 ; 25 ; 225 ; 2 ; [0.45304304526774963] ; [2.2217676402216107]
840 ; 25 ; 226 ; 0 ; [0.40429201833644474] ; [0.11894572566323355]
840 ; 25 ; 227 ; 0 ; [0.31603639435528463] ; [0.51836970873242749]
840 ; 25 ; 227 ; 2 ; [1.5222168152151108] ; [0.17458825140939449]
840 ; 25 ; 228 ; 0 ; [0.14410143531732481, 0.072416996401017078, 0.099927727469022495] ; [0.20566889288790688, 0.20290376209483935, 0.21280408055791267]
840 ; 25 ; 228 ; 1 ; [0.087066114907482908] ; [-0.048092911500819631]
840 ; 25 ; 229 ; 0 ; [0.19791424184444817, 0.24466228019998251, 0.27480409287998381, 0.23581492406210272, 0.11779568647714996] ; [0.13741692242422712, 0.17379588380560151, 0.32981181499672646, 0.21649317997678288, 0.036929865070630043]
840 ; 25 ; 230 ; 0 ; [0.06735844871281492, -0.00074420152629388488] ; [0.26736270838443893, 0.19657301402927602]
840 ; 25 ; 230 ; 1 ; [0.26949523350639015] ; [0.042689308376806991]
840 ; 25 ; 232 ; 0 ; [0.55862362173431057, 0.14214118016496077, 0.89114549135491694] ; [1.1704164647187645, 0.39616035703920377, 0.19517078598095244]
840 ; 25 ; 233 ; 0 ; [0.34308451562084907] ; [1.0453469329591178]
840 ; 25 ; 233 ; 6 ; [0.99478348377995274] ; [0.75745914986890139]
840 ; 25 ; 233 ; 7 ; [0.26565474617184826] ; [2.3572393782769305]
840 ; 25 ; 233 ; 9 ; [2.9946720363006438] ; [2.9215843030804796]
840 ; 25 ; 234 ; 0 ; [0.053674714305321121] ; [0.20990626788666703]
840 ; 25 ; 234 ; 1 ; [0.20291838569978893] ; [1.2858347837496678]
840 ; 25 ; 234 ; 2 ; [0.0010159413256396164] ; [2.6527340580054877]
840 ; 25 ; 234 ; 3 ; [2.0074740494848955] ; [1.1721575197140455]
840 ; 25 ; 234 ; 4 ; [0.5901012836688071, 0.39891010435256841] ; [0.47307596128050855, 0.16984162729757504]
840 ; 25 ; 234 ; 6 ; [0.029400634448023547] ; [1.3618008195659184]
840 ; 25 ; 234 ; 7 ; [0.043314252854040322] ; [2.9765181136054824]
840 ; 25 ; 235 ; 0 ; [0.047941002143941459] ; [0.33769705400254713]
840 ; 25 ; 235 ; 2 ; [0.38454342087349297] ; [0.39301210265667391]
840 ; 25 ; 236 ; 0 ; [0.089793441302258345, 1.1886335478810146] ; [0.012049771805547321, -0.00050825453872800912]
840 ; 25 ; 236 ; 1 ; [0.19610692629451751] ; [0.75023726111158928]
840 ; 25 ; 236 ; 2 ; [0.46605855516082778] ; [0.013364651853249709]
840 ; 25 ; 236 ; 3 ; [0.068464842498651077] ; [0.28552937048317156]
840 ; 25 ; 236 ; 13 ; [0.043951797799980208] ; [0.00025239412338522562]
840 ; 25 ; 237 ; 0 ; [0.57177412495401869, 0.11578383582525276] ; [0.52704539778305071, 0.33715815927927995]
840 ; 25 ; 237 ; 1 ; [0.25210286017603778] ; [0.24660409194036467]
840 ; 25 ; 238 ; 4 ; [0.4522838724048901] ; [3.1843260381533911]
840 ; 25 ; 238 ; 9 ; [0.62391780137030173] ; [2.6382138180982833]
840 ; 25 ; 238 ; 10 ; [1.2277501595955504] ; [1.6501749406238602]
840 ; 25 ; 238 ; 15 ; [0.86630111659413489] ; [1.9132672067059748]
840 ; 25 ; 239 ; 0 ; [0.090909638414488791, 0.40589805925852684] ; [-0.010502049648961877, 0.59075215924668567]
840 ; 25 ; 239 ; 1 ; [0.57345691168450763, 0.25233625058673848] ; [0.093697925794790651, 0.064833757749532553]
840 ; 25 ; 239 ; 2 ; [0.92763207896977606] ; [0.27950154817124767]
840 ; 25 ; 239 ; 4 ; [0.35446830668557627] ; [0.38088343880609571]
840 ; 25 ; 239 ; 5 ; [0.58988320063822175] ; [0.34471846106402021]
840 ; 25 ; 240 ; 2 ; [1.7794520574145241] ; [0.6115109091486377]
840 ; 25 ; 241 ; 0 ; [0.035826506276769046, 0.017977027094499016, -0.003703569865539776] ; [0.12644289091826391, 0.24080683266919392, 0.076945116044523518]
840 ; 25 ; 242 ; 0 ; [0.018689358676824298] ; [0.35439344450418142]
840 ; 25 ; 242 ; 1 ; [-0.011630564635650223] ; [0.069367727119642703]
840 ; 25 ; 242 ; 2 ; [1.5382048206625323] ; [0.81931890124878037]
840 ; 25 ; 242 ; 3 ; [0.057028761484698182] ; [0.69007184116030884]
840 ; 25 ; 243 ; 0 ; [0.784494515648546, 2.0535902881996879] ; [0.4305294230774056, 0.38688074799587641]
840 ; 25 ; 243 ; 3 ; [0.46424643650873404] ; [2.8560522233073393]
840 ; 25 ; 243 ; 4 ; [1.9029618060120432] ; [2.1889117641834788]
840 ; 25 ; 243 ; 7 ; [3.1493293533656534] ; [1.6023729085111298]
840 ; 25 ; 243 ; 8 ; [3.0801897326327849] ; [2.2319577885076591]
840 ; 25 ; 244 ; 0 ; [2.2490319784820079] ; [0.055948545578696489]
840 ; 25 ; 244 ; 3 ; [1.4199221011643031] ; [0.77399107136471645]
840 ; 25 ; 245 ; 0 ; [0.030015680032126589, -0.0093827107817346985, 0.013770172578852834] ; [0.30074642057148526, 0.20876501785766183, 0.044621438040043537]
840 ; 25 ; 246 ; 4 ; [0.013567600666608826] ; [-0.032341851777012508]
840 ; 25 ; 248 ; 0 ; [0.2441023521789118, 0.3782312041428757, 0.40912150224219934, 0.52751704380950393] ; [0.1149242035512088, 0.25344824509246922, 0.24318516654041353, 0.2310788753530327]
840 ; 25 ; 248 ; 1 ; [0.0017635537927616321] ; [0.0060036176589272931]
840 ; 25 ; 249 ; 0 ; [0.87101455126944916] ; [0.33663493126932797]
840 ; 25 ; 249 ; 1 ; [2.0806150058210413] ; [0.37343266371520245]
840 ; 25 ; 250 ; 0 ; [0.038104199822302134, 0.049520708565323673, 0.11462723413112449, 0.047135445694670569] ; [0.18328157127805769, 0.24547525372351092, 0.35079323933759138, 0.11032520973462327]
840 ; 25 ; 250 ; 1 ; [0.26302656280279596] ; [0.088509101340810303]
840 ; 25 ; 251 ; 0 ; [-0.073727385750512783] ; [0.35208219428974019]
840 ; 25 ; 251 ; 1 ; [0.58616680595887938] ; [0.94563103443043939]
840 ; 25 ; 251 ; 2 ; [0.12045074993113374] ; [0.79705590427292639]
840 ; 25 ; 251 ; 3 ; [0.52975735009133207] ; [0.95318670116093163]
840 ; 25 ; 252 ; 3 ; [0.8570960535628237] ; [1.4137713689767213]
840 ; 25 ; 253 ; 0 ; [0.080764549078419998, 0.1027608387674968, 0.019293071954755707, 0.069886412553692684, 0.086517788686647404] ; [0.2491172130767445, 0.31388992242425484, 0.18932675737289167, 0.1230248936372649, 0.21308130319075935]
840 ; 25 ; 253 ; 1 ; [0.05458104471150816] ; [0.027712135504329358]
840 ; 25 ; 254 ; 0 ; [0.281636032998546, 0.14028335643694578, 0.033483312859596791] ; [0.24723741931959745, 0.17696058229697673, 0.10676048731120324]
840 ; 25 ; 254 ; 2 ; [0.024920901897335177] ; [0.051221906805442814]
840 ; 25 ; 255 ; 0 ; [0.36406774682146215] ; [0.63756346744261461]
840 ; 25 ; 255 ; 1 ; [0.76241827855564803] ; [0.0024065142195074741]
840 ; 25 ; 255 ; 2 ; [0.48458528037764059] ; [0.23723139282106598]
840 ; 25 ; 255 ; 3 ; [0.93250886745326222] ; [0.0052755319699173226]
840 ; 25 ; 255 ; 6 ; [0.38579562130490447] ; [0.77997284367813802]
840 ; 25 ; 255 ; 7 ; [0.32755221882375013] ; [0.02983620559723282]
840 ; 25 ; 255 ; 8 ; [0.15527532767332081] ; [0.33245113367382945]
840 ; 25 ; 256 ; 0 ; [0.037293668153719622] ; [-0.023271015936980805]
840 ; 25 ; 256 ; 1 ; [0.60909094136971464] ; [0.026430963880687525]
840 ; 25 ; 257 ; 0 ; [0.34636014749349558] ; [0.52014056872228431]
840 ; 25 ; 257 ; 1 ; [1.6982601548731464] ; [0.43624865485120895]
840 ; 25 ; 257 ; 2 ; [1.7223282668735878] ; [0.93292870338854539]
840 ; 25 ; 257 ; 3 ; [0.37001901045386998] ; [1.024204676709219]
840 ; 25 ; 257 ; 4 ; [2.7843509979440175] ; [1.2242705197328836]
840 ; 25 ; 257 ; 5 ; [2.9731306449688817] ; [0.5448529461972883]
840 ; 25 ; 257 ; 6 ; [1.4392154493983755] ; [0.047040001379588185]
840 ; 25 ; 257 ; 8 ; [1.1943648034926047] ; [1.3519227131721008]
840 ; 25 ; 257 ; 9 ; [2.5168813731838107] ; [0.92665752462054563]
840 ; 25 ; 257 ; 10 ; [1.0811378785826071] ; [1.1353923241271304]
840 ; 25 ; 257 ; 17 ; [0.82452581445607009] ; [0.90375112582806405]
840 ; 25 ; 257 ; 18 ; [2.0405116955510856] ; [1.2022618905579694]
840 ; 25 ; 257 ; 20 ; [2.962021260539077] ; [8.5524400578255442]
840 ; 25 ; 257 ; 24 ; [0.70217607995081188] ; [0.59228488287858427]
840 ; 25 ; 257 ; 25 ; [1.9703084752179347] ; [0.49098899264348406]
840 ; 25 ; 257 ; 26 ; [1.4430943771990625] ; [1.2531882456828505]
840 ; 25 ; 258 ; 0 ; [0.17013847931899692, 0.15562830521488008, 0.14675441270520034] ; [0.15801582548896689, 0.18196219437246566, 0.34004305430916898]
840 ; 25 ; 259 ; 3 ; [0.098264288104166306] ; [0.63963097125142032]
840 ; 25 ; 260 ; 1 ; [1.0167792232456403] ; [1.3457907735620847]
840 ; 25 ; 260 ; 7 ; [0.25939292719834223] ; [1.8312350729499125]
840 ; 25 ; 260 ; 9 ; [0.49807083182970624] ; [0.32429523456561865]
840 ; 25 ; 261 ; 0 ; [0.049612284015871949, 0.47037541174822123] ; [0.38019768561366918, 0.24136626245507509]
840 ; 25 ; 261 ; 1 ; [0.2636295868629957] ; [0.43641920267165224]
840 ; 25 ; 262 ; 0 ; [0.3244218423682606, 0.45348815210379145, 1.0617649875992112] ; [0.17851866959946022, 0.20720516373430223, 0.5998127461966638]
840 ; 25 ; 262 ; 1 ; [0.53630666587148812, 0.5162593120667206] ; [0.18990339778159421, 0.16998499837304373]
840 ; 25 ; 262 ; 2 ; [0.22420640572980974] ; [0.49078257932852837]
840 ; 25 ; 262 ; 3 ; [0.088089293982519218] ; [0.39020957033966991]
840 ; 25 ; 263 ; 0 ; [0.20799011289449043] ; [0.37622256844257762]
840 ; 25 ; 263 ; 1 ; [0.047633913608834268] ; [0.014659554058594105]
840 ; 25 ; 264 ; 0 ; [0.67203264124129081, 0.25920705469766175] ; [0.044742828384548523, 0.20400390381199235]
840 ; 25 ; 264 ; 2 ; [0.58665647114395492] ; [0.30003457653356508]
840 ; 25 ; 264 ; 3 ; [1.8904039590081976] ; [0.1293551429455381]
840 ; 25 ; 264 ; 6 ; [1.1523853512186675] ; [0.11313500690940007]
840 ; 25 ; 264 ; 7 ; [0.89560551481117534] ; [2.2174771775389188]
840 ; 25 ; 264 ; 8 ; [0.18048174778577375] ; [0.19567657373166047]
840 ; 25 ; 265 ; 0 ; [0.20492443593561405, 0.37376360660277708, 0.42163840394527763, 0.45569294861670617] ; [0.16027627992142926, 0.45002775081341434, 0.46991979971059988, 0.078315151732400903]
840 ; 25 ; 266 ; 0 ; [-0.0027719522292784585] ; [0.092923160260094562]
840 ; 25 ; 267 ; 0 ; [0.0035216259270808856, 0.026464387395568164, 0.022360701083111442] ; [0.17859841243660166, 0.18470639176648013, 0.15304217712994533]
840 ; 25 ; 268 ; 0 ; [0.3075876147348735] ; [0.18332958840281682]
840 ; 25 ; 268 ; 1 ; [0.16382786932341334] ; [0.033880778346418242]
840 ; 25 ; 268 ; 7 ; [0.0562744436970391] ; [1.0585663202104361]
840 ; 25 ; 268 ; 8 ; [0.090249939633990209] ; [0.16115953871143343]
840 ; 25 ; 268 ; 10 ; [0.64864935232586907] ; [0.25503344155400914]
840 ; 25 ; 269 ; 0 ; [0.89404454449352089] ; [0.33968236073173574]
840 ; 25 ; 269 ; 1 ; [0.14914253751149595] ; [0.033058093729855388]
840 ; 25 ; 269 ; 2 ; [0.8241330375560727] ; [0.21462751689800452]
840 ; 25 ; 269 ; 3 ; [0.51194967132758074] ; [0.04792781137138856]
840 ; 25 ; 269 ; 5 ; [1.3867171063632364] ; [0.19420351740557895]
840 ; 25 ; 269 ; 10 ; [0.67807303256548312] ; [0.18610362287494348]
840 ; 25 ; 270 ; 0 ; [0.284602071484999, 0.21743885683201453, 0.14929782642920103, 0.17985882154790248] ; [0.48601956104488597, 0.26151053893290654, 0.16739071150978563, 0.1253036550351429]
840 ; 25 ; 271 ; 0 ; [1.8906238215045112] ; [3.7035001682100055]
840 ; 25 ; 271 ; 1 ; [1.4933792604326919] ; [4.5460488285900356]
840 ; 25 ; 271 ; 3 ; [0.78390134158547953] ; [0.066258523597896066]
840 ; 25 ; 272 ; 0 ; [1.0029989468317502] ; [0.33966727050367618]
840 ; 25 ; 273 ; 10 ; [1.1729086176909711] ; [1.0061351105518876]
840 ; 25 ; 273 ; 39 ; [1.1958445538374927] ; [0.43853422553044202]
840 ; 25 ; 275 ; 0 ; [1.3336691621350441] ; [0.48546426243572943]
840 ; 25 ; 275 ; 2 ; [0.34202091223466152] ; [0.7905704211139678]
840 ; 25 ; 276 ; 0 ; [0.5628922922678059] ; [0.86101452369286324]
840 ; 25 ; 277 ; 0 ; [0.0091575176802051045, 0.095910551011467532, 2.9046535571160699] ; [0.66648093606551528, 0.47851363135552949, 1.541503437930148]
840 ; 25 ; 278 ; 0 ; [0.10730868247956066, 0.079981507256058612, 0.01270768705209196, 0.039831103336627136] ; [0.37965828237914512, 0.21887550723624694, 0.14912723427265689, 0.043836051503212035]
840 ; 25 ; 278 ; 1 ; [0.050540097181580625] ; [0.073446855941696879]
840 ; 25 ; 279 ; 0 ; [0.13401952076042975, 0.17733994979499179, 0.095892722770629296, 0.69551163241689318] ; [0.46022872181939328, 0.46840809834588337, 0.32798877830085071, 0.49775238649777626]
840 ; 25 ; 279 ; 1 ; [0.12398884393836959] ; [0.19886582397063102]
840 ; 25 ; 280 ; 0 ; [0.042699300794405183, 0.0016736531094678289, -0.0010281572124034039, -0.04680570987028855] ; [0.21361417887519013, 0.24855234285004402, 0.31198060108579817, 0.20094604754118175]
840 ; 25 ; 281 ; 0 ; [0.33143213979005554] ; [0.4172777506894832]
840 ; 25 ; 281 ; 1 ; [0.27705453710348094] ; [0.063341877485868905]
840 ; 25 ; 282 ; 0 ; [2.1182062522524632] ; [0.066187240619422896]
840 ; 25 ; 282 ; 1 ; [1.4157554554016525] ; [0.52753914649142231]
840 ; 25 ; 282 ; 3 ; [1.1034892607349016] ; [2.6171249070913492]
840 ; 25 ; 282 ; 4 ; [1.0416194167309414] ; [1.9361187344413717]
840 ; 25 ; 282 ; 7 ; [2.8897555711355736] ; [2.0464071189719095]
840 ; 25 ; 282 ; 8 ; [1.4890073760027169] ; [1.6982281906136281]
840 ; 25 ; 283 ; 0 ; [0.082722593031168384, 0.094965855834039797, 0.032311391570063477] ; [0.23485631493484571, 0.18095897271786809, 0.1144248478165913]
840 ; 25 ; 284 ; 0 ; [0.11607235763051579] ; [0.033723081717905376]
840 ; 25 ; 285 ; 2 ; [0.093235596544186547] ; [0.051733107704247515]
840 ; 25 ; 286 ; 0 ; [0.13319747721773259, 0.12429099361032267, 0.04128258194045429] ; [0.22129170587514926, 0.19417265650452095, 0.094681366317728888]
840 ; 25 ; 287 ; 0 ; [0.0031049488881603744, 0.0074028230910992057, 0.055650877927764478, 0.4227911066574373] ; [0.2393488429107104, 0.28926849474245703, 0.25166215024752031, 0.31053244093777838]
840 ; 25 ; 288 ; 0 ; [0.23652093385523212, 0.22523625317290941, 0.24680320978984929, 0.16547638156548367] ; [0.13237933082137049, 0.16291036272210968, 0.24132579118168138, 0.023592151589584529]
840 ; 25 ; 289 ; 0 ; [0.088108715018335712, 0.08483674850602306, 0.11969028488223957, 0.07380322542063697] ; [0.20988366847041479, 0.17951716708851265, 0.16196537744849004, 0.18865867422759161]
840 ; 25 ; 290 ; 8 ; [1.612516591912502] ; [0.44046901387686316]
840 ; 25 ; 291 ; 0 ; [1.0911927001004298] ; [0.6013191622324201]
840 ; 25 ; 292 ; 0 ; [0.48887014416563013] ; [0.41457334415188341]
840 ; 25 ; 292 ; 1 ; [0.49749998750706015] ; [0.25651595313541103]
840 ; 25 ; 293 ; 0 ; [0.013940691637913916, 0.016348488458782558, 0.014200415022980568, -0.015132658196893523] ; [0.12706641153277201, 0.22595051768148186, 0.19702896681562471, 0.065250247199186276]
840 ; 25 ; 294 ; 0 ; [0.62274285765487214] ; [0.94361678039505592]
840 ; 25 ; 295 ; 0 ; [1.3130054535839981] ; [0.98901318320120801]
840 ; 25 ; 295 ; 2 ; [0.83212797016647955] ; [0.77367659074733797]
840 ; 25 ; 295 ; 3 ; [0.8157508546444544] ; [0.70058524860987914]
840 ; 25 ; 295 ; 4 ; [0.17449076272828351] ; [0.16341977139057265]
840 ; 25 ; 295 ; 8 ; [0.014198760697140954] ; [0.36732964212892255]
840 ; 25 ; 295 ; 9 ; [1.9898860122126261] ; [0.80777611990009113]
840 ; 25 ; 295 ; 10 ; [0.33046090937775613] ; [0.065171097259674529]
840 ; 25 ; 295 ; 13 ; [0.64921642474659824] ; [0.88924468998452977]
840 ; 25 ; 295 ; 14 ; [0.33306854900535926] ; [-0.010092275060989173]
840 ; 25 ; 295 ; 15 ; [0.73590109917550806] ; [0.37451405167769269]
840 ; 25 ; 298 ; 0 ; [0.03172368317605459, 0.042169607630800333, 0.10585820598260397] ; [0.19267771787253277, 0.21562201050158397, 0.24656051056357164]
840 ; 25 ; 299 ; 0 ; [0.047742070017869218] ; [0.044081748800590209]
840 ; 25 ; 299 ; 1 ; [3.709647917421266] ; [0.71331128534209443]
840 ; 25 ; 299 ; 2 ; [2.6422514127259387] ; [0.6097918142417158]
840 ; 25 ; 299 ; 4 ; [3.7546748178021616] ; [1.0681477712364122]
840 ; 25 ; 299 ; 7 ; [1.1932859885587672] ; [2.7925525036607639]
840 ; 25 ; 300 ; 0 ; [0.32706976095881185] ; [0.2380581459491988]
840 ; 25 ; 301 ; 0 ; [0.40095607093498875, 0.12970767206595943] ; [0.58391900758590809, 0.23673974555770541]
840 ; 25 ; 301 ; 1 ; [0.0035781481874243735] ; [0.10613368050075782]
840 ; 25 ; 301 ; 2 ; [0.087057937900743954] ; [0.020169011914169845]
840 ; 25 ; 302 ; 1 ; [0.051826642219190033] ; [0.1157711108729797]
840 ; 25 ; 302 ; 3 ; [0.19477108923894343, 0.32797556858292981] ; [0.24103032452356779, 0.51074510703767761]
840 ; 25 ; 303 ; 0 ; [0.10763143725353944] ; [0.15659398359992591]
840 ; 25 ; 303 ; 1 ; [0.064889288777092213] ; [0.19092509424380608]
840 ; 25 ; 303 ; 2 ; [0.64860295120572808] ; [3.7233705970917397]
840 ; 25 ; 303 ; 3 ; [0.98863274442398841] ; [1.1038514435570446]
840 ; 25 ; 303 ; 5 ; [2.632057911152383] ; [1.6065966182316269]
840 ; 25 ; 303 ; 9 ; [1.8353212572530004] ; [1.6808637427664217]
840 ; 25 ; 303 ; 11 ; [0.21822996373646866] ; [0.020149680633829079]
840 ; 25 ; 303 ; 13 ; [2.0216802193363592] ; [0.4994702881602856]
840 ; 25 ; 303 ; 14 ; [2.2074047197979305] ; [1.6343535720659892]
840 ; 25 ; 303 ; 17 ; [0.82981939459325227] ; [4.5946152158659066]
840 ; 25 ; 304 ; 0 ; [0.76686017300073794] ; [0.24658319527783143]
840 ; 25 ; 304 ; 2 ; [-0.0014223675209123017] ; [0.59243922709751629]
840 ; 25 ; 304 ; 3 ; [0.75227138872645682] ; [0.68343877898745864]
840 ; 25 ; 305 ; 0 ; [0.17053149612283802, 0.09364534630446078, 0.10837095728288436, 0.069167822875129556, 0.060018054969985572] ; [0.18234626253125122, 0.34350708784797496, 0.21951207412528487, 0.18127408118835017, 0.047562829142130794]
840 ; 25 ; 305 ; 1 ; [0.032225978915733686] ; [0.10830942871344805]
840 ; 25 ; 305 ; 3 ; [0.52353378849193744] ; [0.10242808444043229]
840 ; 25 ; 306 ; 0 ; [0.065460186935948503] ; [0.10258636961294995]
840 ; 25 ; 306 ; 2 ; [1.1990105256197825] ; [0.3669681097823459]
840 ; 25 ; 306 ; 3 ; [0.11435592777973219] ; [0.80943143807006512]
840 ; 25 ; 306 ; 4 ; [0.11060688227586034] ; [0.16453681359596006]
840 ; 25 ; 307 ; 0 ; [1.3034112351205582] ; [4.3089465826575992]
840 ; 25 ; 308 ; 0 ; [0.24388837082435724, 0.21739795763223804, 0.25409451760544088, 0.20683631107692521, 0.16014988791849363] ; [0.16398232622942691, 0.15307825642961231, 0.23396476483262507, 0.26175005466863532, 0.17463171327707638]
840 ; 25 ; 309 ; 0 ; [0.43516280677625002] ; [0.031478964462116121]
840 ; 25 ; 309 ; 1 ; [0.54795689372231449] ; [0.18397276278536814]
840 ; 25 ; 309 ; 2 ; [0.17344915094474858] ; [0.0084776419368289627]
840 ; 25 ; 309 ; 3 ; [0.12513290327811441] ; [0.014297655670075496]
840 ; 25 ; 309 ; 4 ; [0.93988981378248526] ; [0.19784518450840588]
840 ; 25 ; 309 ; 7 ; [0.48476927231413414] ; [0.45721666365520264]
840 ; 25 ; 310 ; 0 ; [0.12643461080206866, 0.29001003155456068, 0.092518022510969591, 0.050800946344553677] ; [0.3286242702032367, 0.11976795361340072, 0.25357099890038276, 0.23667496433479737]
840 ; 25 ; 312 ; 0 ; [0.36227119334349295] ; [0.37552112524044046]
840 ; 25 ; 312 ; 1 ; [0.39607839615682483] ; [5.2841944644139671]
840 ; 25 ; 313 ; 0 ; [0.10826348024916931, 0.10830064871402263, 1.0821025198900958] ; [0.1812948849682457, 0.16715706431363528, 0.26190154646649472]
840 ; 25 ; 313 ; 9 ; [0.65670065880355677] ; [0.34165622925698952]
840 ; 25 ; 314 ; 0 ; [1.2203684461169677] ; [1.8063783351622953]
840 ; 25 ; 314 ; 1 ; [2.9873098112902108] ; [2.7294431639068595]
840 ; 25 ; 314 ; 2 ; [1.9254667681005944] ; [0.93595951522209475]
840 ; 25 ; 314 ; 3 ; [1.07221763065136] ; [3.2646896873725049]
840 ; 25 ; 314 ; 4 ; [2.2937507471259178] ; [1.1321289304137432]
840 ; 25 ; 314 ; 7 ; [0.17670066152542904] ; [1.4818141671096523]
840 ; 25 ; 314 ; 8 ; [1.6821827258305078] ; [0.46772731214645857]
840 ; 25 ; 314 ; 9 ; [2.3060194562545746] ; [1.6320778319653031]
840 ; 25 ; 314 ; 10 ; [0.13670842272461803, 0.43713933263977872] ; [0.8841894956371299, 0.37375066076255536]
840 ; 25 ; 314 ; 11 ; [1.6757934510061991] ; [3.5968968457359312]
840 ; 25 ; 314 ; 12 ; [1.2844831323832011] ; [1.5443478376521445]
840 ; 25 ; 314 ; 13 ; [1.9008969032250762] ; [0.82368527545858727]
840 ; 25 ; 314 ; 14 ; [1.095540024478481] ; [2.2214578302872345]
840 ; 25 ; 314 ; 15 ; [1.6964298047503172] ; [1.0507533099920114]
840 ; 25 ; 314 ; 16 ; [2.1869912124760109] ; [5.6666598631911214]
840 ; 25 ; 314 ; 17 ; [2.2241203434018866] ; [1.6800662946759632]
840 ; 25 ; 314 ; 18 ; [2.4884344271697643] ; [2.3170852090871463]
840 ; 25 ; 314 ; 19 ; [1.0606315707572611] ; [1.9139738295184094]
840 ; 25 ; 314 ; 20 ; [3.6482962410102613] ; [1.5615967458082431]
840 ; 25 ; 314 ; 23 ; [3.2930575427700588] ; [0.90102016979989341]
840 ; 25 ; 314 ; 27 ; [4.7391483547864581] ; [2.1050880514469381]
840 ; 25 ; 314 ; 28 ; [7.2876755780025446] ; [7.827931208081389]
840 ; 25 ; 314 ; 29 ; [1.4493865904424967] ; [1.6396464135992557]
840 ; 25 ; 314 ; 30 ; [2.3096077672969453] ; [0.76130675994239927]
840 ; 25 ; 314 ; 32 ; [2.1471384798530022] ; [2.8656150163425935]
840 ; 25 ; 314 ; 33 ; [1.3979223561113807] ; [2.2812045641046534]
840 ; 25 ; 314 ; 34 ; [2.291741856062449] ; [1.4837263709522466]
840 ; 25 ; 314 ; 35 ; [3.3744303017153805] ; [2.3437276429472846]
840 ; 25 ; 314 ; 36 ; [2.2673949009356353] ; [1.3579967441410248]
840 ; 25 ; 314 ; 37 ; [1.573571730286637] ; [1.9811623103491742]
840 ; 25 ; 314 ; 38 ; [1.5524041846690266] ; [3.0358419581339171]
840 ; 25 ; 314 ; 40 ; [4.260680863282575] ; [0.45315666049342168]
840 ; 25 ; 314 ; 41 ; [1.8520277771976617] ; [0.2308642429084288]
840 ; 25 ; 314 ; 42 ; [0.96164199096701519] ; [2.3125314273521167]
840 ; 25 ; 314 ; 43 ; [2.4559267717301991] ; [1.3056947451915917]
840 ; 25 ; 314 ; 45 ; [1.4559324215263751] ; [1.1538128364062228]
840 ; 25 ; 314 ; 47 ; [4.6190590526229078] ; [0.858045098238154]
840 ; 25 ; 314 ; 48 ; [0.168013873312303] ; [1.1575647466330585]
840 ; 25 ; 314 ; 50 ; [0.9090383424145867] ; [2.8599453916376536]
840 ; 25 ; 314 ; 51 ; [4.7575605627530972] ; [3.6137987354199921]
840 ; 25 ; 314 ; 53 ; [2.2649968354122016] ; [1.8925662416679401]
840 ; 25 ; 314 ; 54 ; [2.4487282079608015] ; [0.96992100940811254]
840 ; 25 ; 314 ; 58 ; [3.3390290952517274] ; [1.4052939464920275]
840 ; 25 ; 314 ; 60 ; [2.3145016370151614] ; [2.8322826263275904]
840 ; 25 ; 314 ; 61 ; [2.1199231074992508] ; [2.4843505925657596]
840 ; 25 ; 314 ; 62 ; [2.724591380279358] ; [1.0350932171460256]
840 ; 25 ; 314 ; 69 ; [1.941052722053672] ; [-0.042889369112288543]
840 ; 25 ; 314 ; 70 ; [2.9075327906728416] ; [1.2635959301717365]
840 ; 25 ; 314 ; 72 ; [2.5736962506181] ; [1.5895439195125032]
840 ; 25 ; 314 ; 73 ; [2.6958529356867751] ; [4.9800523097346847]
840 ; 25 ; 314 ; 74 ; [1.6821990059698082] ; [2.6886020852077737]
840 ; 25 ; 314 ; 76 ; [3.0229651755717648] ; [2.6010075957989334]
840 ; 25 ; 314 ; 77 ; [1.753306696944384] ; [1.3118397512034947]
840 ; 25 ; 314 ; 79 ; [1.4346708297917761] ; [1.8041630564481623]
840 ; 25 ; 314 ; 87 ; [1.6262705191061175] ; [1.4855487201775628]
840 ; 25 ; 314 ; 88 ; [0.27552647819596771] ; [1.3573561995685841]
840 ; 25 ; 314 ; 89 ; [0.20464521809039574] ; [1.5291853598765932]
840 ; 25 ; 314 ; 90 ; [4.463603221132459] ; [1.4768204456856666]
840 ; 25 ; 314 ; 91 ; [2.1195710823229974] ; [2.4227689958761358]
840 ; 25 ; 314 ; 92 ; [1.0512505246186623] ; [1.7475384818972148]
840 ; 25 ; 314 ; 93 ; [1.3553201058082407] ; [1.6802033545224173]
840 ; 25 ; 314 ; 94 ; [2.212228372361277] ; [1.0327677584120891]
840 ; 25 ; 314 ; 95 ; [1.3692768537728055] ; [2.8075958490637021]
840 ; 25 ; 315 ; 0 ; [0.13601099498140756, 0.48798381244090294] ; [0.27230798045272159, 0.11524197099416229]
840 ; 25 ; 315 ; 2 ; [0.11544174417405227, 0.2406586648087482] ; [0.19144986128841321, 0.18063459621749992]
840 ; 25 ; 317 ; 1 ; [16.160805598821202] ; [2.3329630956345402]
840 ; 25 ; 317 ; 2 ; [0.39381143224815152] ; [1.460708398069825]
840 ; 25 ; 317 ; 3 ; [0.28781955649209973] ; [1.3769488860646419]
840 ; 25 ; 317 ; 5 ; [0.16117033629088831] ; [1.36155588698168]
840 ; 25 ; 317 ; 6 ; [0.26408575539937867] ; [3.1390230713653873]
840 ; 25 ; 317 ; 7 ; [0.77699705103770511] ; [3.7623984029742599]
840 ; 25 ; 317 ; 9 ; [1.1818317083638896] ; [1.8616811615135131]
840 ; 25 ; 317 ; 15 ; [1.2985094257811376] ; [0.36345231521516658]
840 ; 25 ; 317 ; 16 ; [1.1823292427486312, 0.13764727134222687] ; [0.60443744576526537, 1.7794364160079403]
840 ; 25 ; 318 ; 0 ; [0.18070359951708412, 0.19361098818137426, 0.22591412795945062] ; [0.21844090171533151, 0.13763257409709301, 0.17283729937810868]
840 ; 25 ; 319 ; 0 ; [0.02083687109414805, 0.02378456493071647] ; [0.21295241434944195, 0.067265386721768142]
840 ; 25 ; 320 ; 0 ; [0.30228571693556133] ; [0.033419272654906379]
840 ; 25 ; 320 ; 10 ; [2.6407173789248466] ; [0.79309643066707536]
840 ; 25 ; 321 ; 0 ; [0.19289424597083873] ; [0.087164702770015784]
840 ; 25 ; 321 ; 1 ; [-0.17905990953763193] ; [0.44989977372575035]
840 ; 25 ; 321 ; 2 ; [0.004347334112819512] ; [0.044261592649483913]
840 ; 25 ; 322 ; 0 ; [0.18557746109328291, 0.16477891625250415, 0.17548025179773719, 0.17239812099150673, 0.057440862177056233] ; [0.11809563455679817, 0.15752901914456768, 0.16825263366472715, 0.29326421448161283, 0.12316528124116785]
840 ; 25 ; 323 ; 10 ; [0.67483250389848359] ; [0.82770017062502266]
840 ; 25 ; 323 ; 12 ; [1.1976639485511769] ; [1.0664415187959297]
840 ; 25 ; 323 ; 15 ; [0.064873395184686114] ; [0.0028861239767553094]
840 ; 25 ; 324 ; 0 ; [2.3020948312884411] ; [4.8440512561692195]
840 ; 25 ; 324 ; 3 ; [1.4522871503981394] ; [1.0192434350954409]
840 ; 25 ; 324 ; 4 ; [1.7615018377927909] ; [0.83351626678649582]
840 ; 25 ; 324 ; 7 ; [1.8031791092962768] ; [-0.05815593156028355]
840 ; 25 ; 324 ; 8 ; [1.4246758873421075] ; [0.611313781781883]
840 ; 25 ; 324 ; 9 ; [1.910284795233073] ; [1.2348703918006485]
840 ; 25 ; 325 ; 0 ; [0.21343777075517711, 0.21681255041168254, 0.32958546812598055, 0.41731087819297075, 0.16246912352376167] ; [0.13540418031490767, 0.22996270823322282, 0.23076477136475751, 0.40544784402631107, 0.16478238589415622]
840 ; 25 ; 326 ; 0 ; [0.33034276476677665, 0.25021111284037018, 0.23049866085379758, 0.71389768217740412] ; [0.29233394550962027, 0.16770585171824967, 0.45839222210791519, 0.28713444492756857]
840 ; 25 ; 326 ; 1 ; [0.075893277871526235] ; [0.097659022907494814]
840 ; 25 ; 326 ; 4 ; [0.55355053513043573] ; [0.28980787449480427]
840 ; 25 ; 327 ; 0 ; [0.52905806471313255] ; [0.2570878549907113]
840 ; 25 ; 327 ; 1 ; [0.066339413538757025] ; [0.82667627446301573]
840 ; 25 ; 327 ; 2 ; [0.27520493039161154] ; [0.21702930184875718]
840 ; 25 ; 327 ; 3 ; [0.77523323945384781] ; [1.1476224681418412]
840 ; 25 ; 327 ; 6 ; [0.23633299723767914] ; [1.9017330117819227]
840 ; 25 ; 328 ; 0 ; [0.020494485921850998, -0.014698552219847763] ; [0.024236640039721865, -0.0042488581688871286]
840 ; 25 ; 329 ; 0 ; [0.091253811368367188] ; [0.23076703585585745]
840 ; 25 ; 329 ; 1 ; [0.1695976889143814] ; [0.15199352976629654]
840 ; 25 ; 330 ; 0 ; [2.5463356164318829] ; [0.15064110741244588]
840 ; 25 ; 330 ; 1 ; [0.41313512932735746, -0.012783778768914409] ; [1.2035788699580694, 0.0079845036877177755]
840 ; 25 ; 330 ; 5 ; [0.21183343466869331] ; [0.18203790328498309]
840 ; 25 ; 331 ; 0 ; [0.52372419043547147] ; [0.40222096551682179]
840 ; 25 ; 331 ; 1 ; [0.018187620713015627, 1.5171490806988477] ; [0.0080339208397043095, 0.44586719452349083]
840 ; 25 ; 331 ; 2 ; [0.61332895341265359] ; [0.81081975957568864]
840 ; 25 ; 332 ; 0 ; [0.074223016189260096, 0.29349086479767106, 0.27245399498833189, 0.16941885702149687, 0.2559373984765837] ; [0.063710165130082527, 0.42233052506971919, 0.43538443987901043, 0.44488529828027568, 0.24031047206109923]
840 ; 25 ; 333 ; 0 ; [0.42138021558574423] ; [1.1171385210904023]
840 ; 25 ; 334 ; 0 ; [0.52540477046483769] ; [1.8777526823805368]
840 ; 25 ; 334 ; 1 ; [0.41660540740760571] ; [1.0186687958776248]
840 ; 25 ; 334 ; 2 ; [1.8323404866220212] ; [0.44177941181706704]
840 ; 25 ; 334 ; 10 ; [0.3391920920124723] ; [0.84610777733647602]