# Run ; Subrun ; Event ; Track ; Charge Ratios View 0 ; Charge Ratios View 1 #
840 ; 51 ; 0 ; 0 ; [0.82069053330040798] ; [0.098035154359143853]
840 ; 51 ; 0 ; 1 ; [0.095729361727683454] ; [0.81349469747059011]
840 ; 51 ; 0 ; 2 ; [0.95272352543166094] ; [1.6277910635974284]
840 ; 51 ; 0 ; 8 ; [1.5845983989711088] ; [1.6306658010537438]
840 ; 51 ; 0 ; 9 ; [3.7507738751361552] ; [1.603267744362646]
840 ; 51 ; 0 ; 10 ; [0.15961839006100878] ; [1.9678940898147053]
840 ; 51 ; 0 ; 12 ; [0.56071159749302346] ; [0.81585565463966803]
840 ; 51 ; 1 ; 0 ; [0.2048252745117185] ; [0.2903717431679782]
840 ; 51 ; 1 ; 1 ; [0.3299367130098807] ; [0.11881254449979217]
840 ; 51 ; 2 ; 0 ; [0.22592108228889426, 0.3039427163736142] ; [0.14324941163285049, 0.21464586924608658]
840 ; 51 ; 3 ; 0 ; [0.05560200990787896, 0.04684043276469433, -0.012392807410987344] ; [0.24065574595654099, 0.18824191969980142, 0.076731058047657077]
840 ; 51 ; 4 ; 0 ; [0.2552074614333027] ; [0.21856079363531886]
840 ; 51 ; 4 ; 11 ; [0.077298239481855324] ; [0.36227155100183084]
840 ; 51 ; 5 ; 0 ; [0.4705734572196611] ; [1.9351376587696658]
840 ; 51 ; 5 ; 1 ; [1.1437910716291981] ; [1.1005328927983611]
840 ; 51 ; 5 ; 7 ; [2.9052781843482003] ; [0.60227872543449334]
840 ; 51 ; 6 ; 0 ; [1.3272405648839429] ; [0.10340046448341685]
840 ; 51 ; 6 ; 1 ; [1.4601347439111501] ; [0.72579139365476453]
840 ; 51 ; 6 ; 2 ; [1.7796139821599266] ; [0.8803109156848179]
840 ; 51 ; 6 ; 3 ; [2.4720750030008762] ; [0.32681076910584406]
840 ; 51 ; 6 ; 4 ; [0.88260566856488687] ; [2.3409194550826178]
840 ; 51 ; 6 ; 5 ; [3.1632469604983458] ; [1.3641995120361234]
840 ; 51 ; 6 ; 6 ; [3.9514480566602908] ; [2.2929345060117701]
840 ; 51 ; 6 ; 8 ; [1.6357245529811366] ; [0.61557432110000376]
840 ; 51 ; 6 ; 9 ; [1.2098155849324033] ; [2.0616863413466575]
840 ; 51 ; 6 ; 11 ; [0.32467637331450833] ; [2.0231658909317929]
840 ; 51 ; 6 ; 12 ; [0.66948390001671831] ; [2.0132540760052491]
840 ; 51 ; 6 ; 13 ; [2.1764242892582408] ; [1.9748555770878795]
840 ; 51 ; 6 ; 14 ; [1.2590190645486694] ; [0.89185640056841409]
840 ; 51 ; 6 ; 20 ; [1.0295800587842296] ; [2.0118575206776286]
840 ; 51 ; 6 ; 21 ; [2.0286099013810617] ; [2.5441930114141287]
840 ; 51 ; 7 ; 0 ; [0.25981055129003, 0.41855616792274747] ; [0.67610755998915828, 0.4779619146253008]
840 ; 51 ; 7 ; 1 ; [1.7592443385511793] ; [0.4988160337034605]
840 ; 51 ; 7 ; 3 ; [0.17077558595785089] ; [0.31014878844401533]
840 ; 51 ; 8 ; 0 ; [0.15033955230320889] ; [0.15127594067260802]
840 ; 51 ; 10 ; 0 ; [0.016772756258444294, -0.0070439682575705312] ; [0.24402254189814568, 0.037087957109193638]
840 ; 51 ; 11 ; 0 ; [0.5057985603804579] ; [0.63230768494881673]
840 ; 51 ; 11 ; 1 ; [0.51302683865705867] ; [0.66351226329586677]
840 ; 51 ; 11 ; 2 ; [1.2518253493984668, 0.81384926388292045] ; [2.3126482249319498, 2.1294868832898097]
840 ; 51 ; 11 ; 4 ; [0.67757368337500934] ; [1.5787733945197731]
840 ; 51 ; 11 ; 5 ; [2.4133694233204404] ; [0.15187598072187483]
840 ; 51 ; 11 ; 7 ; [0.7058672287906701] ; [1.3045872352528256]
840 ; 51 ; 11 ; 8 ; [1.43392595691088] ; [1.5608753858095732]
840 ; 51 ; 11 ; 19 ; [0.57484101555787392] ; [0.52155784078115364]
840 ; 51 ; 11 ; 20 ; [1.1413579184823079] ; [0.68575414888917752]
840 ; 51 ; 12 ; 4 ; [1.7470643437116198] ; [2.1891912109690947]
840 ; 51 ; 12 ; 6 ; [2.0883726937992324] ; [2.0984208559453759]
840 ; 51 ; 12 ; 8 ; [1.6674724481571226] ; [1.3626575203803568]
840 ; 51 ; 13 ; 0 ; [0.0025330560422216668, 0.024046996075529393, -0.0070135347919519043] ; [0.28462136709594071, 0.27105274719243777, 1.1531602758791848]
840 ; 51 ; 13 ; 1 ; [0.024863825323786021] ; [0.28385163582085887]
840 ; 51 ; 14 ; 0 ; [0.096131308036468965, 0.041402049882091868, 0.0033473206868763756] ; [0.18481261962843806, 0.14298066309989432, 0.062775076310980296]
840 ; 51 ; 15 ; 0 ; [1.4600451731721558] ; [4.8312378850797444]
840 ; 51 ; 15 ; 2 ; [1.4031459193423335] ; [0.7133813528813514]
840 ; 51 ; 15 ; 4 ; [1.1450167740340729] ; [3.8379571444515328]
840 ; 51 ; 15 ; 5 ; [1.3305182264539561] ; [3.7386860949876373]
840 ; 51 ; 15 ; 9 ; [2.6089991701939819] ; [3.235986325490769]
840 ; 51 ; 15 ; 12 ; [0.026145234518010697] ; [1.4635453100347966]
840 ; 51 ; 15 ; 16 ; [-0.035364606689570345] ; [4.2573721787341681]
840 ; 51 ; 15 ; 20 ; [2.137149980704093] ; [2.1151141468933909]
840 ; 51 ; 15 ; 21 ; [2.5090777301072036] ; [1.7033488050768941]
840 ; 51 ; 16 ; 0 ; [0.27879690241494393] ; [0.0079472952615573644]
840 ; 51 ; 16 ; 2 ; [0.34198560949714146] ; [2.4047024778540811]
840 ; 51 ; 16 ; 3 ; [1.1191024945989037] ; [0.5385242688514088]
840 ; 51 ; 16 ; 4 ; [2.4853870612624807] ; [0.50727313526697626]
840 ; 51 ; 16 ; 8 ; [0.31467889937361632] ; [0.2958868155879581]
840 ; 51 ; 18 ; 0 ; [0.14667141098337899, 0.064952261568357234] ; [0.11692805107000287, 0.13388994747331273]
840 ; 51 ; 19 ; 0 ; [2.6232973757706399] ; [0.56186004821858515]
840 ; 51 ; 19 ; 1 ; [0.17573064925645823] ; [0.20504862257837875]
840 ; 51 ; 20 ; 0 ; [0.30003611502549804, 0.093244473575897727] ; [0.49036345585515506, 0.23904821357507547]
840 ; 51 ; 21 ; 0 ; [0.16785849609685158, 0.16375452272620256, 0.1351955925952599, 0.038953449077767412] ; [0.18961639793830404, 0.1959684527035489, 0.18432077323860144, 0.0060619866476028265]
840 ; 51 ; 22 ; 2 ; [0.97703261959083276] ; [0.088484142368286403]
840 ; 51 ; 22 ; 3 ; [1.9535972549146343] ; [2.4920385415342254]
840 ; 51 ; 22 ; 6 ; [1.7019223917363238] ; [1.42362386017381]
840 ; 51 ; 22 ; 7 ; [2.3580490471441351] ; [1.2124938516612864]
840 ; 51 ; 23 ; 0 ; [0.4840602740964382, 0.29690948847781629] ; [0.48146272931915945, 0.13763167882071969]
840 ; 51 ; 23 ; 2 ; [0.66760384593450717] ; [2.7437062291170067]
840 ; 51 ; 23 ; 3 ; [0.63663482307702146] ; [0.96954211523347644]
840 ; 51 ; 23 ; 4 ; [0.20817176176439736] ; [1.6291015647217466]
840 ; 51 ; 23 ; 5 ; [0.71956263967540102] ; [3.4333455479589552]
840 ; 51 ; 24 ; 0 ; [0.25542294620334549] ; [0.050068651439783216]
840 ; 51 ; 24 ; 1 ; [0.58827612727993361] ; [0.74104302864552063]
840 ; 51 ; 24 ; 4 ; [0.19734223797980777] ; [0.2166276158196804]
840 ; 51 ; 24 ; 7 ; [0.36182557629012951] ; [0.033595537211409135]
840 ; 51 ; 25 ; 0 ; [0.14589460642743871] ; [0.44315611060018606]
840 ; 51 ; 25 ; 1 ; [2.2661727677720149] ; [0.72368628159149817]
840 ; 51 ; 25 ; 3 ; [0.5664273081047887] ; [0.69805997049511548]
840 ; 51 ; 25 ; 4 ; [0.75644799851071232] ; [0.79106156391464577]
840 ; 51 ; 25 ; 9 ; [1.811399340413181] ; [0.47437736824710791]
840 ; 51 ; 26 ; 1 ; [2.8421295244441525] ; [0.51005935013638271]
840 ; 51 ; 26 ; 2 ; [0.69436084389380426] ; [1.7449639148948539]
840 ; 51 ; 26 ; 5 ; [1.4536819836161183] ; [3.1376358509778268]
840 ; 51 ; 26 ; 6 ; [1.2068726326602641] ; [0.93057199724877948]
840 ; 51 ; 26 ; 11 ; [1.3655493245581953] ; [1.3530766061425599]
840 ; 51 ; 26 ; 16 ; [1.0008537802350492] ; [2.3548226607876392]
840 ; 51 ; 26 ; 20 ; [4.062244121729627] ; [1.0255725069213315]
840 ; 51 ; 26 ; 22 ; [0.35131071673339892] ; [1.9825496620954326]
840 ; 51 ; 26 ; 23 ; [1.4340316536549627] ; [2.1943811968383278]
840 ; 51 ; 27 ; 1 ; [1.2865788922220975] ; [0.35811856463253933]
840 ; 51 ; 28 ; 0 ; [0.22938153234006925] ; [0.21154867363541119]
840 ; 51 ; 28 ; 2 ; [0.47530647015669625] ; [1.3945535097841522]
840 ; 51 ; 28 ; 3 ; [1.77052296743475] ; [0.85868992450444637]
840 ; 51 ; 28 ; 4 ; [0.989979422646037] ; [0.5417513887290355]
840 ; 51 ; 28 ; 10 ; [0.66962963003610121] ; [3.6546837682255262]
840 ; 51 ; 28 ; 11 ; [1.0170126604445175] ; [0.79332291279760769]
840 ; 51 ; 29 ; 0 ; [1.7603286568329677, 0.26436657143440734, 0.15379735004252404] ; [0.17989640369213478, 0.20636354420387421, 0.1967330644325655]
840 ; 51 ; 29 ; 1 ; [0.38285845857611583] ; [0.14493877996860979]
840 ; 51 ; 29 ; 3 ; [5.3978465797939714] ; [0.69683524811659237]
840 ; 51 ; 30 ; 0 ; [0.56848259890817843] ; [0.37141960067128776]
840 ; 51 ; 30 ; 2 ; [2.5012359976718033] ; [1.1822304003383393]
840 ; 51 ; 30 ; 6 ; [0.2533086888663843] ; [0.21920737500086493]
840 ; 51 ; 30 ; 7 ; [0.40995174341572127] ; [0.024835248098041038]
840 ; 51 ; 30 ; 8 ; [0.46711543471479366] ; [0.87835847708711379]
840 ; 51 ; 30 ; 11 ; [0.23844674110065725] ; [0.35156967187418853]
840 ; 51 ; 31 ; 0 ; [0.26540058503251507, 0.73079664545110123] ; [0.20370176937361126, 0.37524254928633116]
840 ; 51 ; 31 ; 1 ; [0.38671192500891349] ; [0.031315246266623811]
840 ; 51 ; 32 ; 4 ; [0.40838001454776085, 0.26379660174570374] ; [0.23953255471881935, 0.22238065062180748]
840 ; 51 ; 33 ; 0 ; [1.0009641890438161, 1.0779928223990765] ; [0.11129691223020766, 0.065836986457337418]
840 ; 51 ; 33 ; 1 ; [0.48711971096361867] ; [0.28730044095845569]
840 ; 51 ; 33 ; 2 ; [0.68246295495269982] ; [0.53994101259728955]
840 ; 51 ; 33 ; 3 ; [0.017621445011554947] ; [0.41714476249140725]
840 ; 51 ; 33 ; 5 ; [1.2478724152624423] ; [1.3000097078427297]
840 ; 51 ; 33 ; 6 ; [0.063923931378775153] ; [0.56270390621361688]
840 ; 51 ; 34 ; 1 ; [0.11403155526854064] ; [0.033866882176738701]
840 ; 51 ; 35 ; 0 ; [0.44979766755680317] ; [0.10732452599047798]
840 ; 51 ; 35 ; 1 ; [0.11758789973783031] ; [0.050369670577385561]
840 ; 51 ; 35 ; 6 ; [1.6507601424553375] ; [0.36994802694342893]
840 ; 51 ; 35 ; 8 ; [0.25181027826510188] ; [0.047308837474928936]
840 ; 51 ; 35 ; 16 ; [1.6191759702467494] ; [0.14005324905151073]
840 ; 51 ; 35 ; 19 ; [0.022990814147592433] ; [0.65926914758397737]
840 ; 51 ; 35 ; 20 ; [0.46064553334476976] ; [5.1964614431603495]
840 ; 51 ; 36 ; 0 ; [0.12809304941028002] ; [-0.015292280005733733]
840 ; 51 ; 36 ; 2 ; [0.4056971273350603] ; [0.37380100162744673]
840 ; 51 ; 37 ; 0 ; [0.038672022005351546, 0.083723691255676844, 0.038659511176410838] ; [0.1952714607156151, 0.19609680384920711, 0.12572538074291081]
840 ; 51 ; 38 ; 0 ; [0.0061400421716061721, 0.0087395368779860077, -0.012804069642488739] ; [0.23780242712643457, 0.17460843060350528, 0.27418661102540953]
840 ; 51 ; 38 ; 1 ; [0.29480365877276349] ; [0.0910030549836605]
840 ; 51 ; 40 ; 1 ; [-0.0057674234310002926] ; [0.13789506870697557]
840 ; 51 ; 41 ; 0 ; [0.13266079572905953, 0.25052865322917189, 0.33998519350530654, 0.20433337770275642, 0.029959893828688688] ; [0.19290228580216748, 0.23689634463908787, 0.5803054694540033, 0.46809750688063012, 0.093384457290797834]
840 ; 51 ; 41 ; 1 ; [0.11924497705210664] ; [0.29595637997358848]
840 ; 51 ; 41 ; 2 ; [0.16745737864844429] ; [1.7920058292435281]
840 ; 51 ; 43 ; 0 ; [0.16407101461633286, 0.24009687361328094, 0.16529514894615135, 0.14274830483629808] ; [0.1515200230021404, 0.14589181494281603, 0.18772700246437599, 0.076357904335440083]
840 ; 51 ; 44 ; 0 ; [0.24260614113661139] ; [0.5779846018213366]
840 ; 51 ; 45 ; 0 ; [0.24423535998291496] ; [0.070209564435077254]
840 ; 51 ; 45 ; 1 ; [0.77425877252759356] ; [0.39527758938107788]
840 ; 51 ; 45 ; 2 ; [0.40886117789585669] ; [0.44978015496261364]
840 ; 51 ; 45 ; 3 ; [0.49340674895558567] ; [0.75568789922403612]
840 ; 51 ; 45 ; 13 ; [1.485728799187255] ; [1.8812356632616385]
840 ; 51 ; 46 ; 0 ; [0.13300900453507858, 0.18475910432131193, 0.1747004478544277, 0.12843420714775911, 0.068397685941937139] ; [0.081247420672329027, 0.12309885271717846, 0.22300675621761454, 0.12234582088558259, 0.10543215247639437]
840 ; 51 ; 47 ; 0 ; [-0.015946846929038198] ; [0.068992932249496597]
840 ; 51 ; 48 ; 0 ; [1.4963715461658995] ; [0.16521176814740679]
840 ; 51 ; 48 ; 2 ; [0.60981038268930698] ; [0.92041660195552311]
840 ; 51 ; 48 ; 4 ; [3.4022649028311043] ; [0.87379550395580685]
840 ; 51 ; 48 ; 10 ; [2.339482906573354] ; [1.8514351107244602]
840 ; 51 ; 49 ; 0 ; [0.041996417534594883, 0.063275008662962651, 0.10652302679430677] ; [0.18292467737214538, 0.26098262694184593, 0.065672029280164496]
840 ; 51 ; 51 ; 0 ; [0.13174235912481244] ; [0.12772919508529135]
840 ; 51 ; 51 ; 1 ; [0.55168970362762126] ; [0.087830140830362793]
840 ; 51 ; 51 ; 3 ; [0.1431485608912452] ; [1.6133878198383718]
840 ; 51 ; 51 ; 4 ; [1.5326697457915233] ; [1.4880244466257968]
840 ; 51 ; 51 ; 7 ; [0.40668738095538587] ; [1.0176964195008951]
840 ; 51 ; 51 ; 8 ; [1.6706299082122738] ; [1.7670623821688207]
840 ; 51 ; 51 ; 9 ; [0.073334850132418375] ; [0.52032362463865101]
840 ; 51 ; 51 ; 11 ; [3.7643162527333192] ; [1.1281766343468027]
840 ; 51 ; 51 ; 13 ; [1.943471353196778] ; [1.946954610289195]
840 ; 51 ; 51 ; 15 ; [0.57019640571992969] ; [0.78327358560924354]
840 ; 51 ; 52 ; 0 ; [2.1080316434617417] ; [0.83947994149754401]
840 ; 51 ; 52 ; 2 ; [1.1838503694434555] ; [0.24593801141397797]
840 ; 51 ; 53 ; 1 ; [1.1258231100816265] ; [0.26817319933556688]
840 ; 51 ; 54 ; 0 ; [0.17899323672571155] ; [0.3411318190498504]
840 ; 51 ; 54 ; 1 ; [0.62940258855242892] ; [0.7672102347865597]
840 ; 51 ; 54 ; 2 ; [1.3619060003002701] ; [0.83924823192814657]
840 ; 51 ; 54 ; 3 ; [0.32020134078346252] ; [0.64562638120821336]
840 ; 51 ; 55 ; 0 ; [0.078517166653396309, 0.0071678151799258096, 0.23644385234611381] ; [0.21068815866477417, 0.17810234582200793, 0.25378617373104967]
840 ; 51 ; 55 ; 1 ; [0.21256248315252776] ; [0.095583255145196444]
840 ; 51 ; 55 ; 2 ; [-0.0187219711122819] ; [0.062645517890001334]
840 ; 51 ; 56 ; 0 ; [0.096573752838786067] ; [0.20992378103190903]
840 ; 51 ; 56 ; 1 ; [0.53776426300984315] ; [0.76603663167239044]
840 ; 51 ; 57 ; 1 ; [0.71469072734761552] ; [0.99270537877251697]
840 ; 51 ; 57 ; 8 ; [2.4095205536595015] ; [4.0777139338585231]
840 ; 51 ; 57 ; 9 ; [1.5426608764404881] ; [7.7002403877734711]
840 ; 51 ; 57 ; 12 ; [1.226925600710365] ; [1.808669210003387]
840 ; 51 ; 57 ; 14 ; [1.9003049453152039] ; [6.9397532660756829]
840 ; 51 ; 57 ; 17 ; [0.80948188563438328] ; [1.2310370672285764]
840 ; 51 ; 58 ; 0 ; [0.31134251582902994, 0.18688707542713195, 0.015196276376058405] ; [0.31929240844729267, 0.37300729102190661, 0.012927827323087263]
840 ; 51 ; 58 ; 1 ; [0.047764490340989944] ; [0.047006503304004695]
840 ; 51 ; 59 ; 5 ; [0.037631183441527757] ; [0.08671224381921272]
840 ; 51 ; 59 ; 10 ; [0.48734830904546217] ; [0.71109426108645268]
840 ; 51 ; 59 ; 15 ; [0.92681946311909991] ; [0.28532002223930453]
840 ; 51 ; 59 ; 16 ; [1.4346872619587443] ; [0.47951050910888388]
840 ; 51 ; 59 ; 17 ; [0.47891428508621908] ; [0.41691406802686243]
840 ; 51 ; 60 ; 0 ; [0.076954279777188703, 0.022606821166531635, -0.0037121648155790574] ; [0.26802861651006643, 0.21311388552943927, 0.1265027064096215]
840 ; 51 ; 61 ; 0 ; [0.80200389108330827] ; [3.4409461822622798]
840 ; 51 ; 61 ; 1 ; [1.2466813923264903] ; [0.38904840325842427]
840 ; 51 ; 61 ; 5 ; [1.2778389700554673] ; [1.161914172162885]
840 ; 51 ; 62 ; 0 ; [0.39521890073689481] ; [0.22594797936064026]
840 ; 51 ; 62 ; 2 ; [0.46298916575955423] ; [0.44149528831976592]
840 ; 51 ; 62 ; 3 ; [1.4016183948981367] ; [0.32374334505260949]
840 ; 51 ; 63 ; 0 ; [0.32650395632447343, 0.33033719993481414, 0.24979647812364675, 0.23333093799723389, 0.18822793909366395] ; [0.35565773518757721, 0.29084934593623141, 0.15533401407466524, 0.23958847087539095, 0.25137153900704573]
840 ; 51 ; 64 ; 0 ; [0.1842815684762118, 0.18426624740191827, 0.15704927962335177, 0.045319412349516669] ; [0.16401820031414097, 0.17518936765580723, 0.16507780893350293, -0.051428481970854568]
840 ; 51 ; 65 ; 0 ; [0.049410240001505908, 0.1189100152780333, 0.11206024160965172, 0.047152588579779033] ; [0.184575407090773, 0.18605280804854707, 0.21533923255069751, 0.10055684971569545]
840 ; 51 ; 66 ; 0 ; [0.70839804277674379] ; [0.62068773030582325]
840 ; 51 ; 66 ; 1 ; [2.3213933958346953] ; [1.1462702336043136]
840 ; 51 ; 66 ; 4 ; [0.77789996323583455] ; [0.67433773473495329]
840 ; 51 ; 66 ; 8 ; [2.0563224802977902] ; [1.9133352617488502]
840 ; 51 ; 67 ; 0 ; [0.12293896570853814, 0.13140060593738262, 0.092886143906474317] ; [0.18893364213695418, 0.14188089261746475, 0.20811385149073755]
840 ; 51 ; 67 ; 1 ; [0.078012832305653146, 0.077405310906768041] ; [0.51679749299926725, 0.12006563042886344]
840 ; 51 ; 69 ; 1 ; [0.46138428726611541] ; [0.64770787846130584]
840 ; 51 ; 69 ; 2 ; [1.1695029473177658] ; [2.1528307630513157]
840 ; 51 ; 69 ; 4 ; [1.8577087474500027] ; [1.0853504005880277]
840 ; 51 ; 69 ; 5 ; [0.88702354084191215] ; [1.2306099204648924]
840 ; 51 ; 69 ; 9 ; [1.2111238513022011] ; [1.1969465066541864]
840 ; 51 ; 69 ; 18 ; [1.159206965357058] ; [1.7187092194483427]
840 ; 51 ; 69 ; 19 ; [0.49974933837204666] ; [1.5170657235397065]
840 ; 51 ; 69 ; 22 ; [1.3838884732545813] ; [0.85398973062908068]
840 ; 51 ; 69 ; 23 ; [1.6510471813865415] ; [1.734679210439227]
840 ; 51 ; 70 ; 0 ; [0.15689897525932922] ; [0.14729920597904744]
840 ; 51 ; 70 ; 4 ; [1.1560761394599366] ; [0.49943624505935513]
840 ; 51 ; 71 ; 0 ; [0.2017867158268643, 0.014877918780172578] ; [0.38957999503408136, 0.25483287178983516]
840 ; 51 ; 72 ; 0 ; [0.26530467631019566, 0.33112468933114048, 0.082103170400519968] ; [0.47900241357968276, 0.19611385525312744, 0.086025632467187849]
840 ; 51 ; 73 ; 0 ; [0.31092243677074788] ; [-0.004241355567228362]
840 ; 51 ; 74 ; 0 ; [0.40725743208558673] ; [0.28944261781580938]
840 ; 51 ; 74 ; 1 ; [0.61558780252494893] ; [0.16477283825752251]
840 ; 51 ; 76 ; 0 ; [0.13146069552709369, 0.22654822252897047, 0.19824665094959126, 0.17577466779679476] ; [0.17432033098899632, 0.19814983742793824, 0.16353490683673164, 0.072039885155075797]
840 ; 51 ; 76 ; 1 ; [0.18746320679742301] ; [0.030821011658686552]
840 ; 51 ; 77 ; 0 ; [0.074603622557606178, 0.094502117669649416, 0.015101488303263817] ; [0.26543207481474268, 0.22779339066572313, 0.089869263287336992]
840 ; 51 ; 78 ; 1 ; [0.12175716565919159] ; [0.052135934053692816]
840 ; 51 ; 79 ; 0 ; [0.40339512489993973] ; [0.34868107414610583]
840 ; 51 ; 79 ; 1 ; [0.56055399666302308] ; [0.80324822402291973]
840 ; 51 ; 79 ; 2 ; [0.77063205526991285] ; [1.1589809195513221]
840 ; 51 ; 79 ; 3 ; [0.6211365310022402] ; [0.522354548591625]
840 ; 51 ; 79 ; 5 ; [1.4742176699538483] ; [0.28733452657425962]
840 ; 51 ; 79 ; 6 ; [0.91552647398411169] ; [0.92225618668021458]
840 ; 51 ; 79 ; 11 ; [0.92125054358180369] ; [1.8523677903065185]
840 ; 51 ; 79 ; 13 ; [1.0160127704458035] ; [1.1600646263663292]
840 ; 51 ; 79 ; 17 ; [0.65859616764853046] ; [1.2983905319079292]
840 ; 51 ; 80 ; 0 ; [1.5442650095957184] ; [0.13719276480109649]
840 ; 51 ; 80 ; 1 ; [0.37543827821613773] ; [1.8670113106790998]
840 ; 51 ; 80 ; 3 ; [1.7611870685173447] ; [1.2347787448885506]
840 ; 51 ; 80 ; 6 ; [1.455118934227541] ; [1.120931149595235]
840 ; 51 ; 80 ; 7 ; [0.81947082952946637] ; [0.97645399542285682]
840 ; 51 ; 80 ; 9 ; [1.5457529930024396] ; [1.6566040826280153]
840 ; 51 ; 81 ; 0 ; [0.079967912095220306, 0.030490147058541906, 0.022231190663256985] ; [0.17412740205394217, 0.16277802769581634, 0.20931460078769215]
840 ; 51 ; 82 ; 0 ; [0.20042304085246046, 0.1320160830125762, 0.14261224603990488] ; [0.19442875957548261, 0.15089197452224631, 0.12522081436234658]
840 ; 51 ; 82 ; 1 ; [0.11909593127252914] ; [0.32103111087653707]
840 ; 51 ; 83 ; 0 ; [0.8914302125058382] ; [0.26269541691487169]
840 ; 51 ; 83 ; 1 ; [0.44809798370143061] ; [0.32312875948975889]
840 ; 51 ; 83 ; 2 ; [0.71879069669652806] ; [0.61957499045266429]
840 ; 51 ; 83 ; 3 ; [0.35001124812942208] ; [0.31130720762563491]
840 ; 51 ; 83 ; 4 ; [1.3767129481765927] ; [0.67133481297764686]
840 ; 51 ; 83 ; 9 ; [0.53685947562256353] ; [0.17374571736661673]
840 ; 51 ; 83 ; 12 ; [0.02492049300672124] ; [1.6522004122177192]
840 ; 51 ; 83 ; 21 ; [0.033037780693850501] ; [1.6124560228081637]
840 ; 51 ; 84 ; 0 ; [0.24208107438075632, 0.46869675404951161, 0.13512356292926575, 0.23008080627129426, 0.10301616886341762] ; [0.12632309703776601, 0.52528884074117865, 0.80105003826624899, 0.26443355819049308, 0.19697759860556802]
840 ; 51 ; 85 ; 0 ; [0.09685513674893291, 0.26627448632014916] ; [0.22624897325530119, 0.32334128730950945]
840 ; 51 ; 86 ; 0 ; [0.55233887550409155] ; [0.0068244448012189755]
840 ; 51 ; 87 ; 0 ; [0.056299541642875754] ; [0.19195048636938106]
840 ; 51 ; 87 ; 2 ; [0.019125266933413314] ; [0.13803899500522077]
840 ; 51 ; 88 ; 0 ; [2.0899183587730721, 1.6121679246252338] ; [1.663119521155654, 0.17867181441333091]
840 ; 51 ; 88 ; 1 ; [1.4961517936649384] ; [1.1989372681388188]
840 ; 51 ; 88 ; 3 ; [1.9996515975087863] ; [1.1801313598385537]
840 ; 51 ; 88 ; 4 ; [1.4820896149209797] ; [3.0046361181210668]
840 ; 51 ; 88 ; 5 ; [1.1452686609218921] ; [2.8088300446703078]
840 ; 51 ; 88 ; 6 ; [1.4732756510789302] ; [1.8186529066527963]
840 ; 51 ; 88 ; 7 ; [0.61486923739221067] ; [2.2168428943989782]
840 ; 51 ; 88 ; 9 ; [8.3475799224428897] ; [5.0288156361557048]
840 ; 51 ; 88 ; 10 ; [1.7146393974034779] ; [1.0151469672090057]
840 ; 51 ; 88 ; 12 ; [2.6872693398447711] ; [1.8358679623314647]
840 ; 51 ; 88 ; 13 ; [4.1742502017655054] ; [2.8809649261917296]
840 ; 51 ; 88 ; 14 ; [1.6513435899960573] ; [1.9882668826920051]
840 ; 51 ; 88 ; 16 ; [1.1883331501465233] ; [1.4474953980314689]
840 ; 51 ; 88 ; 18 ; [0.52457345536065803] ; [2.0855277909359407]
840 ; 51 ; 88 ; 19 ; [2.0804868679220161] ; [1.7721456959159938]
840 ; 51 ; 89 ; 0 ; [0.029961181293145043, 0.68495200805436407, 0.039883146416216028, 0.016275052404924481, 0.20195762766593381] ; [0.27441989374943343, 0.73483194420746611, 0.27182034945458838, 0.44173330079951079, -0.0027023046257967148]
840 ; 51 ; 89 ; 1 ; [0.64225426542893571] ; [0.11506228428063865]
840 ; 51 ; 89 ; 2 ; [0.11708716084462695] ; [0.12048893157540395]
840 ; 51 ; 90 ; 0 ; [0.21295251158295461, 0.20450322581523733, 0.093644198536530374] ; [0.27554857776481007, 0.16609062895592808, 0.25467226837019119]
840 ; 51 ; 91 ; 1 ; [1.1063930959881114] ; [3.5132616004947539]
840 ; 51 ; 91 ; 2 ; [1.1659636144329577] ; [0.84282275985697064]
840 ; 51 ; 91 ; 3 ; [1.0218017731038493] ; [2.0890899799089424]
840 ; 51 ; 91 ; 7 ; [1.2228486295437897] ; [1.3109603590155947]
840 ; 51 ; 91 ; 13 ; [1.8740605978154665] ; [2.8027497604101663]
840 ; 51 ; 91 ; 19 ; [4.6158508795048645] ; [2.584878208697055]
840 ; 51 ; 91 ; 22 ; [0.13218883630135048] ; [0.45347644792638164]
840 ; 51 ; 91 ; 24 ; [1.904820319200824] ; [2.5860838139346263]
840 ; 51 ; 92 ; 1 ; [0.74570661651462511, 0.3532335508727133] ; [0.26582065713019304, 0.13846585574116446]
840 ; 51 ; 93 ; 0 ; [0.039385184073504192, 0.046417308139884525, 0.029416727182529905, 0.05679909371842809, 0.024347099172521064] ; [0.38185142445429326, 0.083199672043763231, 0.15229658493598133, 0.34947817714713109, 0.26878530102502057]
840 ; 51 ; 94 ; 0 ; [1.3594141424626542] ; [0.47439227681688068]
840 ; 51 ; 94 ; 1 ; [0.7240352640279718] ; [0.45947585281672332]
840 ; 51 ; 94 ; 2 ; [0.012166745657337818] ; [0.56781801802346266]
840 ; 51 ; 94 ; 8 ; [1.2857813079792817] ; [2.3975447431414367]
840 ; 51 ; 95 ; 0 ; [0.38447683420633344] ; [0.059011951410649022]
840 ; 51 ; 95 ; 1 ; [0.72186385839245459] ; [0.18850887505512839]
840 ; 51 ; 96 ; 0 ; [0.88962524076755489] ; [0.43489121917594165]
840 ; 51 ; 96 ; 2 ; [0.50611625727906107] ; [0.17695501377319947]
840 ; 51 ; 96 ; 3 ; [12.555942718057109] ; [1.5808656613161338]
840 ; 51 ; 97 ; 0 ; [-0.0061220598841125592] ; [1.2565098928545395]
840 ; 51 ; 97 ; 2 ; [1.4178999891203325] ; [4.1089188847252256]
840 ; 51 ; 97 ; 7 ; [3.4677937957450333] ; [1.2562484576952642]
840 ; 51 ; 97 ; 8 ; [2.7887746181013462] ; [0.32291276464344071]
840 ; 51 ; 98 ; 0 ; [0.87286601962709032, 0.82114487549467152] ; [0.52946473699238084, 0.99629047396850479]
840 ; 51 ; 98 ; 5 ; [0.13758926053777559] ; [0.29222822446169416]
840 ; 51 ; 98 ; 7 ; [5.117901211273475] ; [0.1827915846880053]
840 ; 51 ; 99 ; 0 ; [0.1797651857180762] ; [0.046150138104512989]
840 ; 51 ; 99 ; 2 ; [1.6213629721770371] ; [1.0773808565879017]
840 ; 51 ; 100 ; 0 ; [0.12520152429883738, 0.023798581919379273] ; [0.15761513507706235, 0.1468408516484988]
840 ; 51 ; 100 ; 1 ; [0.16735032108235337] ; [0.097356334372371248]
840 ; 51 ; 102 ; 0 ; [0.0059628145861677778, 0.03647391542438648, 0.023424459876011838] ; [0.16655265178734377, 0.16010519911084289, 0.16338020642573753]
840 ; 51 ; 103 ; 0 ; [0.086742469527191807, 0.10049884592164321, 0.18998592621181914, 0.084580546352003239] ; [0.17408820727708707, 0.18617368095438369, 0.34067334536033239, 0.27568548181255947]
840 ; 51 ; 103 ; 1 ; [1.0052068490419652, 0.50074892218810485] ; [-0.0092798865438621959, 0.42712392446153929]
840 ; 51 ; 103 ; 2 ; [0.92213495932569545] ; [0.129694793899434]
840 ; 51 ; 105 ; 0 ; [0.41878732551820574, 0.21802491048740982, 0.22923120156286478] ; [0.45553357371084469, 0.32295002419745195, 0.10550167933618568]
840 ; 51 ; 105 ; 2 ; [0.080362233435826033] ; [0.033894125753601109]
840 ; 51 ; 106 ; 0 ; [0.10089221526878683, 0.21055769021631202, 0.21025100381227071] ; [0.28822433459713198, 0.69759574457112394, 0.45530825741919445]
840 ; 51 ; 107 ; 18 ; [1.4708371855380808] ; [1.7728960905058622]
840 ; 51 ; 108 ; 0 ; [0.18695317005159473, 0.18645963156451581, 0.37796128629287373, 0.38289816803949839, 0.25228395309194313] ; [0.2658676209945558, 0.27088445963844893, 0.25458444543925735, 0.1039659764934541, 0.2247931987178686]
840 ; 51 ; 108 ; 1 ; [0.87144002801028086] ; [0.13458425399482793]
840 ; 51 ; 108 ; 3 ; [0.36097737019324716] ; [0.031037805128981188]
840 ; 51 ; 109 ; 0 ; [0.6089996562241381] ; [0.63364449310274773]
840 ; 51 ; 110 ; 0 ; [0.24579098285220111] ; [0.26990884802906984]
840 ; 51 ; 111 ; 0 ; [0.17020722699270302, 0.10701287457205189] ; [0.67461709481749088, 0.1367024967803587]
840 ; 51 ; 112 ; 0 ; [0.44931633857257469] ; [-0.002076359444946935]
840 ; 51 ; 112 ; 1 ; [0.08670027916497991] ; [0.090515603904737826]
840 ; 51 ; 112 ; 7 ; [1.2190381222152564] ; [0.21087493883106403]
840 ; 51 ; 112 ; 8 ; [0.15161129754176958] ; [-0.10627852800541841]
840 ; 51 ; 113 ; 0 ; [0.15688168561244725, 0.11195785507150402, 0.1560924319146956, 0.1614405532780456] ; [0.45320273119783516, 0.22286464786224613, 0.14246276000124508, 0.26338404339136612]
840 ; 51 ; 113 ; 2 ; [1.584325571821986] ; [0.35933475239246587]
840 ; 51 ; 113 ; 3 ; [0.025063197805825208] ; [2.4275321422811307]
840 ; 51 ; 114 ; 0 ; [0.29056043119686825] ; [0.039095305026254253]
840 ; 51 ; 114 ; 3 ; [7.1429979044119838] ; [0.044585844770445221]
840 ; 51 ; 115 ; 0 ; [0.24840608658032937, 0.19816496484842405, 0.17437345554353598, 0.54143360777008087] ; [0.23788409161959131, 0.2987545161448682, 0.2935061319106822, 0.014669761595607149]
840 ; 51 ; 115 ; 2 ; [0.084418783298422659] ; [-0.54782851589030701]
840 ; 51 ; 116 ; 0 ; [0.032903393887351036, -0.0090555470314677648, -0.028603904888816718] ; [0.47973697360322987, 0.16940644601896149, 0.17379511624952951]
840 ; 51 ; 116 ; 1 ; [0.67149718368520384] ; [0.5130916593553364]
840 ; 51 ; 116 ; 2 ; [1.3376356307685699] ; [0.22677243507395523]
840 ; 51 ; 117 ; 0 ; [0.074254044461885715, 0.084377487430372156, 0.037156246377256646] ; [0.22111670143913367, 0.26565514946313096, 0.082619876921313062]
840 ; 51 ; 118 ; 3 ; [2.5095202001733439] ; [1.0900060777121827]
840 ; 51 ; 118 ; 6 ; [0.095862635948370065] ; [1.1416555727047446]
840 ; 51 ; 118 ; 12 ; [2.09132113298792] ; [1.6799119058713896]
840 ; 51 ; 119 ; 0 ; [0.27926779635623616, 0.23128182004816497, 0.069059805645095798] ; [0.21645484547509336, 0.18047033361460413, 0.057698988567253799]
840 ; 51 ; 119 ; 1 ; [0.28396611332490806] ; [0.074496002083042287]
840 ; 51 ; 119 ; 2 ; [0.66527574651502219] ; [-0.32291574313822308]
840 ; 51 ; 120 ; 2 ; [0.55020908277276326] ; [0.0051410573392875981]
840 ; 51 ; 120 ; 4 ; [0.47950031839461205, 0.3718933837738661, 0.29152936266853191] ; [0.36423964315005097, 0.37272791716682541, 0.41186182718886299]
840 ; 51 ; 121 ; 0 ; [0.12490141747670905, 0.82738377278233399] ; [0.050922127305044043, 0.5160691236699112]
840 ; 51 ; 121 ; 1 ; [0.14436998684725527] ; [0.059593281857438368]
840 ; 51 ; 122 ; 0 ; [0.55226309783084893, 0.15640788363772995] ; [0.5574428454980449, 0.21449900733662111]
840 ; 51 ; 122 ; 1 ; [3.126216014871666] ; [1.6989869233528958]
840 ; 51 ; 122 ; 2 ; [1.9789768128060263] ; [0.41938382188719953]
840 ; 51 ; 123 ; 1 ; [6.3261320745300127] ; [6.3535043476718895]
840 ; 51 ; 124 ; 0 ; [-0.083705146084172774] ; [0.70806384421966995]
840 ; 51 ; 125 ; 0 ; [1.1046945576616203, 0.93463149370167942] ; [0.4727820327981373, 0.36640933880245252]
840 ; 51 ; 125 ; 1 ; [0.61723890905323542] ; [1.2902306197923588]
840 ; 51 ; 125 ; 3 ; [10.198368365230795] ; [1.8447940944533394]
840 ; 51 ; 125 ; 4 ; [24.139755546248182] ; [1.7681472759521755]
840 ; 51 ; 125 ; 7 ; [3.1417791072862435] ; [1.7042275236729132]
840 ; 51 ; 126 ; 0 ; [0.21194503696053857] ; [0.22878953517186951]
840 ; 51 ; 126 ; 2 ; [0.40093113006653708] ; [0.23427007562333635]
840 ; 51 ; 127 ; 0 ; [0.31609732133574237] ; [0.46659781428811981]
840 ; 51 ; 127 ; 1 ; [0.75565946047819665] ; [0.14221951761606119]
840 ; 51 ; 127 ; 8 ; [0.38046454749320641] ; [0.82412118845750648]
840 ; 51 ; 128 ; 0 ; [0.069681847703818717] ; [0.11524008695127284]
840 ; 51 ; 128 ; 2 ; [0.66917646459233826] ; [-0.0095137285920770826]
840 ; 51 ; 128 ; 3 ; [0.073064737651900705] ; [0.14806432611309914]
840 ; 51 ; 129 ; 0 ; [0.31260370560164924, 0.085604666506584659, 0.092266951979174061] ; [0.83417258783905168, 0.5086624915160487, 0.074139824893629719]
840 ; 51 ; 129 ; 1 ; [1.295205846100691] ; [1.3373238182685934]
840 ; 51 ; 129 ; 2 ; [0.91974492255609663] ; [0.08555630300511928]
840 ; 51 ; 129 ; 7 ; [0.25691197828412682] ; [0.74342991606245945]
840 ; 51 ; 130 ; 0 ; [0.54061148603052211] ; [0.24298313776843791]
840 ; 51 ; 130 ; 1 ; [0.48172253126899006] ; [0.34435945201854484]
840 ; 51 ; 130 ; 4 ; [0.56521332806220281] ; [2.560307880819523]
840 ; 51 ; 130 ; 5 ; [0.52911975965865665] ; [2.1877026791584822]
840 ; 51 ; 130 ; 6 ; [0.45640487375007005] ; [2.5364490369695214]
840 ; 51 ; 130 ; 7 ; [0.30343418570363412] ; [2.8357232889416579]
840 ; 51 ; 130 ; 9 ; [1.6818349050135277] ; [1.4875304978801207]
840 ; 51 ; 130 ; 12 ; [1.0967317415490101] ; [2.1569411182339304]
840 ; 51 ; 130 ; 13 ; [2.1034311334029714] ; [0.55250159176031666]
840 ; 51 ; 130 ; 14 ; [0.20467524476581461] ; [0.60352669087487976]
840 ; 51 ; 130 ; 16 ; [1.4445048748650566] ; [0.72033629523694065]
840 ; 51 ; 130 ; 18 ; [0.98643897096890243] ; [2.5042880832065109]
840 ; 51 ; 130 ; 19 ; [4.4994298343442738] ; [0.98409040885044241]
840 ; 51 ; 130 ; 24 ; [0.3395661809401922] ; [2.0978124762453474]
840 ; 51 ; 130 ; 27 ; [2.2754330935946654] ; [2.2271177503404211]
840 ; 51 ; 131 ; 0 ; [0.4233705812296234] ; [0.75630483246025326]
840 ; 51 ; 131 ; 2 ; [0.35460706386065921] ; [1.1314990788754706]
840 ; 51 ; 131 ; 12 ; [1.3964498879183649] ; [1.6029089075596568]
840 ; 51 ; 131 ; 14 ; [4.011699785284577] ; [1.3002223693507062]
840 ; 51 ; 131 ; 26 ; [0.7232745153540111] ; [0.55914391318340562]
840 ; 51 ; 132 ; 0 ; [0.21358779782204904] ; [0.18279085513845822]
840 ; 51 ; 132 ; 4 ; [0.040376984989952312] ; [0.37765567389444982]
840 ; 51 ; 132 ; 8 ; [1.0865335866986388] ; [0.43578723061028141]
840 ; 51 ; 133 ; 1 ; [1.7777677093041544] ; [1.2442852451556508]
840 ; 51 ; 133 ; 4 ; [1.0681012815202413] ; [1.9974873464160057]
840 ; 51 ; 133 ; 9 ; [0.010589952307043604] ; [0.43798648013642694]
840 ; 51 ; 133 ; 12 ; [-5.936530136446516e-05] ; [1.5664892112775115]
840 ; 51 ; 133 ; 14 ; [1.2337903966261905] ; [0.66610415653374566]
840 ; 51 ; 134 ; 0 ; [0.074962872055871849] ; [0.23557839479156231]
840 ; 51 ; 134 ; 2 ; [0.48223208537542367] ; [0.34379968650857889]
840 ; 51 ; 134 ; 3 ; [0.51806137618824433] ; [1.1654101769140768]
840 ; 51 ; 134 ; 7 ; [1.2030152933187481] ; [0.19903076559272415]
840 ; 51 ; 134 ; 11 ; [0.57347215391384598] ; [0.6204735639892931]
840 ; 51 ; 135 ; 0 ; [1.1063787446226954] ; [0.98706065500495366]
840 ; 51 ; 135 ; 3 ; [1.0744838475802463] ; [0.51879486325424407]
840 ; 51 ; 136 ; 0 ; [0.21674589393026844, 0.14342671784344149, 0.16755800056725123, 0.53719807949072296] ; [0.16676094396536809, 0.23563299914453448, 0.24559216468988565, 0.23801668694422284]
840 ; 51 ; 137 ; 0 ; [0.39502680595402112, 0.21955932663248107, 0.12789720917377823, 0.22558670169976214] ; [0.25326846263590291, 0.23494553539094318, 0.30510261274716549, 0.28132326907064903]
840 ; 51 ; 137 ; 2 ; [0.42565160811733199] ; [0.43452899562573827]
840 ; 51 ; 138 ; 0 ; [0.33758229097417308] ; [-0.021109338617626323]
840 ; 51 ; 139 ; 0 ; [0.066926746915840371, 0.064523162003281107, 0.44574770051387547, 0.064783875079260186] ; [0.44706294082618853, 0.19135273070439682, 0.79281660152611733, 0.07765197698512441]
840 ; 51 ; 140 ; 0 ; [0.23143513850506806, 0.1915975355161382, 0.47193061834196071] ; [0.27349619660278635, 0.26895973003763124, 0.071396083737431976]
840 ; 51 ; 141 ; 0 ; [0.097350876069116993, 0.10284378663615552, 0.054772029928006512, 0.075287969121052983] ; [0.22978715933340924, 0.19062318032766773, 0.095990443116855576, 0.10871295102371367]
840 ; 51 ; 141 ; 1 ; [0.43990407033452961] ; [0.12323371536594134]
840 ; 51 ; 142 ; 0 ; [0.1769371804316045, 0.079965183612145704] ; [0.259775067930968, 0.29575168099573973]
840 ; 51 ; 142 ; 1 ; [0.64435580894966837, 0.20083034392298868] ; [0.13516600076771429, 0.17257572646400415]
840 ; 51 ; 142 ; 2 ; [0.36868641064793622] ; [0.030817260569486481]
840 ; 51 ; 142 ; 3 ; [0.055799813703563815] ; [0.051454640093029989]
840 ; 51 ; 142 ; 4 ; [0.51733041797659063] ; [-0.014306012444991795]
840 ; 51 ; 144 ; 0 ; [0.086720819224755857] ; [0.16534290880705751]
840 ; 51 ; 145 ; 1 ; [0.78483231248003238] ; [2.0244688527171908]
840 ; 51 ; 146 ; 0 ; [0.11455513225951314, 0.17184976301662208, 0.38437713574203786] ; [0.18650352784504737, 0.24337922405403523, 0.10029313774120753]
840 ; 51 ; 146 ; 1 ; [0.50063605716136261] ; [-0.00070644342148447662]
840 ; 51 ; 147 ; 0 ; [0.15079613704467701, 0.14896389875542793, 0.099191913470426565, 0.091821571363414081] ; [0.3802256788175436, 0.27314384984464041, 0.19562057897272381, 0.16577601404244668]
840 ; 51 ; 148 ; 4 ; [0.24242135066081907, 0.28632947070967496, 0.30605290161300103, 0.3332796979058763, 0.36316772092932814] ; [0.2319873668396821, 0.29665981735487218, 0.16459747561601706, 0.24809840014771808, 0.08233744099743473]
840 ; 51 ; 149 ; 0 ; [0.034218996734985657] ; [0.15459644378510171]
840 ; 51 ; 149 ; 2 ; [0.12244791265545031] ; [0.04936712553005617]
840 ; 51 ; 149 ; 4 ; [0.027582938530870765] ; [-0.28073457434258015]
840 ; 51 ; 150 ; 0 ; [1.7942917808853187] ; [0.13286924338045683]
840 ; 51 ; 150 ; 1 ; [0.11582407696910779] ; [0.10928734630060061]
840 ; 51 ; 150 ; 6 ; [0.31023851289663373] ; [0.26245104950281672]
840 ; 51 ; 150 ; 8 ; [0.032045278065683698] ; [0.62192640610782868]
840 ; 51 ; 150 ; 9 ; [2.0322299828474075] ; [0.25103695407191406]
840 ; 51 ; 151 ; 0 ; [0.44026797407405288] ; [0.80588235142366893]
840 ; 51 ; 151 ; 1 ; [0.12289468137329415] ; [0.49739388674113005]
840 ; 51 ; 151 ; 3 ; [-0.3005222433938986] ; [0.023864419702121418]
840 ; 51 ; 152 ; 0 ; [0.50177588532173545] ; [0.17820605644001944]
840 ; 51 ; 152 ; 1 ; [0.18214802188961551] ; [0.21493678200081515]
840 ; 51 ; 153 ; 0 ; [0.16177705649852223, 0.24512257815376556, 0.20613270916206963, 0.1514504469549198, 0.13579198424080569] ; [0.22586816218281539, 0.23021053038228115, 0.36797320558652269, 0.21868058337778806, 0.25504829781842286]
840 ; 51 ; 153 ; 1 ; [0.0699081433274064] ; [0.17322010391467749]
840 ; 51 ; 153 ; 2 ; [0.0035468158880044595] ; [0.063525178440389421]
840 ; 51 ; 154 ; 0 ; [0.26479222152031162] ; [-0.0014241596234602963]
840 ; 51 ; 154 ; 1 ; [1.2543250803484038] ; [0.65906371330584368]
840 ; 51 ; 154 ; 2 ; [0.58629860797439326] ; [0.55847049688869366]
840 ; 51 ; 154 ; 3 ; [1.4077816191392707] ; [1.563185080493207]
840 ; 51 ; 154 ; 5 ; [0.36050024286998966] ; [1.6224736035866556]
840 ; 51 ; 154 ; 6 ; [0.795166104764502] ; [1.0862254473052322]
840 ; 51 ; 154 ; 8 ; [0.39199731806873761] ; [1.3099459911224918]
840 ; 51 ; 154 ; 10 ; [1.3185919708695109] ; [0.47996689300702206]
840 ; 51 ; 154 ; 11 ; [1.2449191371002919] ; [0.48445223613205646]
840 ; 51 ; 155 ; 0 ; [0.077298210608685011, 0.1770477148452306, 0.61649230971896252] ; [0.20654030691189193, 0.17338027447619536, 0.23146675147578444]
840 ; 51 ; 157 ; 0 ; [0.30521418942837758] ; [0.17916163260201451]
840 ; 51 ; 157 ; 2 ; [0.16766863130619922] ; [0.052645963256956189]
840 ; 51 ; 158 ; 0 ; [0.22328973741578215, 0.10143980452992368, 0.017275921651091083, 0.009805798359295478] ; [0.20192069691776549, 0.17792362495034139, 0.24569721552187171, 0.25400719393690024]
840 ; 51 ; 159 ; 0 ; [0.11574991054145788, 0.050527805512510952] ; [0.16493432440891212, 0.068937059584711871]
840 ; 51 ; 160 ; 0 ; [0.16099816300035882, 2.4057083669982586] ; [0.087134416019831601, 0.27492966792511825]
840 ; 51 ; 160 ; 1 ; [0.094079810451685772] ; [0.11351365684489169]
840 ; 51 ; 160 ; 3 ; [0.53734445025793931] ; [1.0144434824104185]
840 ; 51 ; 160 ; 5 ; [-0.27674789941621991] ; [0.57216429014033188]
840 ; 51 ; 161 ; 0 ; [0.17235610949592708, 0.07946495320915907, -0.0023770695558845015] ; [0.43139239470346646, 0.38283303563254567, 0.15474044708263246]
840 ; 51 ; 161 ; 4 ; [0.39361714871712522] ; [0.045573417080284839]
840 ; 51 ; 161 ; 6 ; [0.58350304925666352] ; [1.4658749870414833]
840 ; 51 ; 161 ; 7 ; [1.692612654300782] ; [0.0048853089809049949]
840 ; 51 ; 161 ; 8 ; [1.7009079812262713] ; [1.6294424040005129]
840 ; 51 ; 162 ; 0 ; [0.24803832272779652] ; [0.38534739716671762]
840 ; 51 ; 162 ; 1 ; [0.39440259352863677] ; [0.20766138002228782]
840 ; 51 ; 163 ; 0 ; [1.3202527785147478] ; [-0.031156643238999072]
840 ; 51 ; 166 ; 2 ; [1.9247223020004318] ; [0.3340750242304294]
840 ; 51 ; 166 ; 3 ; [0.89331398878291779] ; [0.48448434906432936]
840 ; 51 ; 166 ; 4 ; [1.5744599829361028] ; [0.58359372808985555]
840 ; 51 ; 166 ; 6 ; [1.7226815516409959] ; [0.43952367736510589]
840 ; 51 ; 166 ; 8 ; [2.0696841501306578] ; [2.648944604856641]
840 ; 51 ; 166 ; 11 ; [1.8959101049270328] ; [-0.13109292399962197]
840 ; 51 ; 166 ; 12 ; [1.2572988108256833] ; [0.029029373681720698]
840 ; 51 ; 167 ; 0 ; [0.10520236134734991, 0.23873680351059712, 0.12831558232707638] ; [0.19203564136785028, 0.30586990430636085, 0.20219416428679615]
840 ; 51 ; 167 ; 1 ; [0.74994449262467733] ; [0.2780707819941044]
840 ; 51 ; 168 ; 0 ; [0.33171270342536135, 0.087675710785312361] ; [0.26664546656605181, 0.039937113466609435]
840 ; 51 ; 168 ; 1 ; [0.15250142841016531] ; [0.1162479029356175]
840 ; 51 ; 168 ; 2 ; [0.060882946896967403] ; [0.04759189886762924]
840 ; 51 ; 168 ; 3 ; [0.18463774275493589] ; [0.016597204197985448]
840 ; 51 ; 168 ; 4 ; [1.5129564147996524] ; [0.078451524452681803]
840 ; 51 ; 169 ; 0 ; [0.11687204840714416, 0.11578973443733973, 0.17113172098664295, 0.097660531810985149] ; [0.48862175312294204, 0.21482123808387721, 0.2284212839431565, 0.25487964760985116]
840 ; 51 ; 170 ; 0 ; [0.050672767162607907, 0.27522975650033099, 0.2156014549078844] ; [0.22916355453496443, 0.37392839886731494, 0.15874670181635858]
840 ; 51 ; 171 ; 0 ; [0.22102380310064898, 0.26001605948563267, 0.24373932277838817, 0.15709774361349932] ; [0.3237795994249909, 0.20953684531686909, 0.22858447484590094, 0.030408360292718286]
840 ; 51 ; 172 ; 0 ; [0.16660109895084679] ; [1.2355161034835942]
840 ; 51 ; 172 ; 1 ; [1.33489412865779] ; [0.11662790345347657]
840 ; 51 ; 172 ; 3 ; [1.2740266677611913] ; [1.649885925502288]
840 ; 51 ; 172 ; 5 ; [1.357244410557666] ; [2.177208820257408]
840 ; 51 ; 172 ; 10 ; [1.330371311448334] ; [0.36382200382976565]
840 ; 51 ; 172 ; 11 ; [0.6698534013508437] ; [1.6834202774599045]
840 ; 51 ; 172 ; 15 ; [0.53581790204494628] ; [0.6024663654907142]
840 ; 51 ; 173 ; 0 ; [0.21877636527977506, 0.17682851301191027, 0.23932134424204057, 0.13755696798301989, 0.26193690522618318] ; [0.18791084510215411, 0.19240051767195215, 0.19319190335062342, 0.16598157619159121, 0.32805991695310677]
840 ; 51 ; 173 ; 1 ; [0.11370536832277385] ; [0.2480237626909107]
840 ; 51 ; 174 ; 0 ; [0.12520789164621393, 0.1404282933576497] ; [0.21726691690201955, 0.15143565104232817]
840 ; 51 ; 174 ; 1 ; [0.83575846460136727] ; [1.856753961644074]
840 ; 51 ; 174 ; 5 ; [0.071487672899384583] ; [1.8564749514571126]
840 ; 51 ; 175 ; 0 ; [0.14004283781707844, 0.11728822594909903] ; [0.17348500106877712, 0.17434682009914174]
840 ; 51 ; 176 ; 0 ; [2.0306395605877792] ; [1.4956130404915104]
840 ; 51 ; 176 ; 1 ; [10.581449948473217] ; [2.0655628572488984]
840 ; 51 ; 176 ; 4 ; [2.1445376219995795] ; [1.3730524264817552]
840 ; 51 ; 176 ; 7 ; [1.4097514203346435] ; [1.1607431113005398]
840 ; 51 ; 176 ; 8 ; [3.1251393709478617] ; [0.65199630104192408]
840 ; 51 ; 176 ; 9 ; [9.4769447087756564] ; [1.5693443355955694]
840 ; 51 ; 176 ; 11 ; [1.5959299321646851] ; [1.5036078124413434]
840 ; 51 ; 176 ; 12 ; [0.41007872335390838] ; [1.3108493593133521]
840 ; 51 ; 176 ; 13 ; [9.8025001029792982] ; [1.7699587714009446]
840 ; 51 ; 176 ; 14 ; [1.850523535298932] ; [0.63042604086103227]
840 ; 51 ; 176 ; 15 ; [1.5786342345672721] ; [1.0468762319177536]
840 ; 51 ; 176 ; 17 ; [1.6985709963339999] ; [0.84250216952659562]
840 ; 51 ; 176 ; 18 ; [2.8869771655525391] ; [1.6437725131302847]
840 ; 51 ; 176 ; 19 ; [16.308256546372061] ; [2.232312677416965]
840 ; 51 ; 176 ; 20 ; [8.2962995868360192] ; [1.6655045645253066]
840 ; 51 ; 176 ; 21 ; [1.0209743550376198] ; [1.914080566487111]
840 ; 51 ; 176 ; 23 ; [0.95591994358424648] ; [1.1516267321659883]
840 ; 51 ; 176 ; 27 ; [0.85245344381535093] ; [1.896925504096709]
840 ; 51 ; 176 ; 29 ; [3.333892344092749] ; [1.9534075869939778]
840 ; 51 ; 176 ; 30 ; [1.9977342353952692] ; [0.96943070182813496]
840 ; 51 ; 176 ; 31 ; [5.7888559196927378, 8.2960209671150942] ; [0.85632751128496565, 0.56767747614645292]
840 ; 51 ; 176 ; 32 ; [8.9358007446819325] ; [0.78833405273972401]
840 ; 51 ; 178 ; 0 ; [0.14868119697497476, 0.070339251818925308, 0.064336887225751649] ; [0.2375001652186069, 0.26039758719816192, 0.12167134707061747]
840 ; 51 ; 178 ; 1 ; [-0.006509982358128317] ; [-0.034747941616571985]
840 ; 51 ; 179 ; 1 ; [0.074600285759472862] ; [-0.032643045908408559]
840 ; 51 ; 179 ; 2 ; [0.059993394107155117] ; [0.063146151865709779]
840 ; 51 ; 180 ; 0 ; [0.37188428361494941] ; [4.9997318312944667]
840 ; 51 ; 180 ; 1 ; [0.72906753837004823] ; [0.5678893218990787]
840 ; 51 ; 180 ; 3 ; [0.12771433454184672] ; [1.378929478051536]
840 ; 51 ; 181 ; 0 ; [0.29535226915388385, 0.32267698234802483, 0.58425269166933591] ; [0.1218494679130506, 0.27022861783887309, 0.58663911501148824]
840 ; 51 ; 181 ; 2 ; [0.12719788992263475] ; [0.039851549168921911]
840 ; 51 ; 182 ; 0 ; [1.2621813725127997] ; [0.44255599643778065]
840 ; 51 ; 182 ; 10 ; [2.7229615741783846] ; [0.15480923117850851]
840 ; 51 ; 182 ; 12 ; [2.1715041658907106] ; [1.2630009152906667]
840 ; 51 ; 183 ; 0 ; [0.11380855288451154, 0.08274810855047196, 0.044072694463857094] ; [0.17365737909488629, 0.18612372900372712, 0.35726557131645781]
840 ; 51 ; 184 ; 0 ; [0.70815918583939663] ; [0.21570731631014775]
840 ; 51 ; 186 ; 0 ; [0.054858307715284479, 0.080812204345174707, 0.042037251998322187] ; [0.2151729811068947, 0.18392308137620239, 0.068103122774739094]
840 ; 51 ; 187 ; 3 ; [2.8983824546120505] ; [0.17466542578954675]
840 ; 51 ; 187 ; 4 ; [0.94070066051648338] ; [0.40875914391392937]
840 ; 51 ; 188 ; 0 ; [0.40076419547497066] ; [0.079699295179351273]
840 ; 51 ; 188 ; 1 ; [0.71100451381209351] ; [0.9926352676914334]
840 ; 51 ; 189 ; 0 ; [0.21391731487583779] ; [0.10637104368648638]
840 ; 51 ; 190 ; 1 ; [0.053848585068187044] ; [1.5947880055201253]
840 ; 51 ; 190 ; 2 ; [1.628465558389131] ; [1.3478625490330893]
840 ; 51 ; 190 ; 3 ; [0.48850186051574246] ; [0.29179721242992473]
840 ; 51 ; 190 ; 6 ; [1.7913503184413686] ; [3.1467163113106649]
840 ; 51 ; 190 ; 13 ; [2.0977149976845606] ; [1.0502302883696928]
840 ; 51 ; 190 ; 14 ; [0.65244862864525732] ; [0.88277280357526822]
840 ; 51 ; 190 ; 16 ; [2.5849834405682071] ; [2.0172009342053987]
840 ; 51 ; 190 ; 21 ; [1.5876690850974147] ; [0.53264354526342961]
840 ; 51 ; 191 ; 0 ; [1.1256983770624471] ; [0.38809378937214778]
840 ; 51 ; 192 ; 0 ; [0.73896540998397298, 0.69050773231303841] ; [0.70758915681558587, 0.54485844916677684]
840 ; 51 ; 192 ; 1 ; [2.9654409896449474] ; [0.23967484721049526]
840 ; 51 ; 192 ; 3 ; [0.10108184143006323] ; [0.99359651122483583]
840 ; 51 ; 192 ; 4 ; [1.9393797783333997] ; [2.226080843531546]
840 ; 51 ; 193 ; 3 ; [1.0984006781801812] ; [0.63257161104454218]
840 ; 51 ; 193 ; 4 ; [1.2733807699352755] ; [0.25757892921492426]
840 ; 51 ; 193 ; 7 ; [0.9592304050710363] ; [0.72459449949332455]
840 ; 51 ; 193 ; 8 ; [0.86286956657015346] ; [0.5516412753958142]
840 ; 51 ; 193 ; 12 ; [3.3918903578812443] ; [0.75473625338336958]
840 ; 51 ; 193 ; 16 ; [1.7963225526218178] ; [-0.013085160358305125]
840 ; 51 ; 193 ; 18 ; [0.44060570734878984] ; [0.65284193403799329]
840 ; 51 ; 194 ; 0 ; [0.014905331612888007, 0.082142458684110811] ; [0.19628433478067281, 0.075594212973990757]
840 ; 51 ; 194 ; 1 ; [0.051730191129561266] ; [0.21886962377614791]
840 ; 51 ; 195 ; 0 ; [1.1448274698566225] ; [1.1900785265847473]
840 ; 51 ; 195 ; 2 ; [1.6024161888819086] ; [0.092328173537190014]
840 ; 51 ; 195 ; 6 ; [2.4504206313104766] ; [1.2541569196060014]
840 ; 51 ; 196 ; 0 ; [0.20145584309267306, 0.16613037938420711, 0.25985562571536325, 0.17774804428556953] ; [0.19281886833044565, 0.17617606154079413, 0.23476543572366279, 0.12324425067060495]
840 ; 51 ; 197 ; 0 ; [0.52790627094097231] ; [0.23622194327254201]
840 ; 51 ; 197 ; 1 ; [3.2523751536594565] ; [0.58195870405319805]
840 ; 51 ; 197 ; 3 ; [0.53239946562733398] ; [0.26737517006327921]
840 ; 51 ; 197 ; 5 ; [1.2376625301606234] ; [0.18471551348211465]
840 ; 51 ; 197 ; 6 ; [2.2190295176925159] ; [0.32062497308633953]
840 ; 51 ; 197 ; 12 ; [0.60589656039380524] ; [3.352324282861042]
840 ; 51 ; 198 ; 0 ; [0.95015433117779979] ; [0.23731337423450671]
840 ; 51 ; 198 ; 1 ; [0.67658206189252257] ; [7.6878774619304888]
840 ; 51 ; 199 ; 0 ; [0.13891952154435339] ; [0.030568578475297589]
840 ; 51 ; 199 ; 2 ; [1.099416130160989] ; [0.15266186292916503]
840 ; 51 ; 199 ; 4 ; [-0.5449765883255322] ; [-0.0073131275304803237]
840 ; 51 ; 200 ; 0 ; [0.63919292621694535, 0.42866269580988542] ; [0.22651130148702539, 0.2819776616478285]
840 ; 51 ; 200 ; 1 ; [0.32194396514582801] ; [0.26902535442063569]
840 ; 51 ; 200 ; 2 ; [0.43339628984184997] ; [0.34332703697233907]
840 ; 51 ; 200 ; 13 ; [0.078447250301401275] ; [2.079320082235335]
840 ; 51 ; 200 ; 15 ; [1.6531412309951359] ; [1.7611610990069686]
840 ; 51 ; 200 ; 25 ; [1.6367305494108242] ; [1.8103536486564522]
840 ; 51 ; 201 ; 0 ; [0.23770005043937167] ; [0.011015756485027787]
840 ; 51 ; 201 ; 1 ; [1.2156014529355175] ; [0.58424993653017954]
840 ; 51 ; 201 ; 2 ; [0.41421635177308458] ; [0.82463636932706719]
840 ; 51 ; 201 ; 3 ; [0.19656031359871506] ; [0.082992162284635379]
840 ; 51 ; 201 ; 4 ; [0.30937420455206721] ; [1.2998937523739533]
840 ; 51 ; 202 ; 0 ; [-0.78970415572543295, -0.62805501654600615, -0.4197467294376877] ; [0.16945496286531, 0.18345988665618623, 0.28903230637176919]
840 ; 51 ; 203 ; 0 ; [0.14715446574093108, 0.083229346977067922, 0.23803328066772603] ; [0.18426565198911979, 0.28315489421141887, 0.2900164087942404]
840 ; 51 ; 203 ; 1 ; [0.12280604077488066] ; [0.022909288795862525]
840 ; 51 ; 203 ; 3 ; [0.24256126056910526] ; [0.0041961282993744379]
840 ; 51 ; 204 ; 0 ; [0.45625420133613126] ; [0.16722339956854151]
840 ; 51 ; 204 ; 1 ; [0.30559887253179097] ; [0.36232696499475797]
840 ; 51 ; 204 ; 2 ; [0.19863856250514064] ; [0.034794704837573756]
840 ; 51 ; 204 ; 3 ; [0.095154209724913452] ; [0.20260974108056726]
840 ; 51 ; 205 ; 0 ; [0.39132393156923001] ; [-0.15213538392608361]
840 ; 51 ; 205 ; 1 ; [0.0172855663797475] ; [0.57736307622830974]
840 ; 51 ; 205 ; 6 ; [1.9990423297860893] ; [1.1343936124776322]
840 ; 51 ; 205 ; 10 ; [1.2937149889498063] ; [0.6121194250771852]
840 ; 51 ; 205 ; 12 ; [0.1108319914040384] ; [0.55686046580247484]
840 ; 51 ; 206 ; 0 ; [0.25924330006627172] ; [0.19735537553424937]
840 ; 51 ; 206 ; 2 ; [0.16785781572695527] ; [3.5791959117875418]
840 ; 51 ; 206 ; 3 ; [1.6056860462109339] ; [2.417941083992508]
840 ; 51 ; 206 ; 4 ; [3.5673182957442853] ; [0.60303241878365299]
840 ; 51 ; 207 ; 0 ; [0.0060361113053450767, -0.017603707033882161, 0.039954815620608854] ; [0.28593925925001812, 0.26590146450183799, 0.32623893626601019]
840 ; 51 ; 208 ; 0 ; [0.047652062773473211, 0.14463916699147394, 0.13435002875544683] ; [0.20636279917836631, 0.16289474052838546, 0.1380118531582703]
840 ; 51 ; 208 ; 1 ; [1.1323318168954113] ; [0.16127650610357647]
840 ; 51 ; 209 ; 0 ; [1.3653979919680641] ; [0.10024472812094382]
840 ; 51 ; 209 ; 1 ; [0.24720194014501565] ; [-0.054642253119621211]
840 ; 51 ; 209 ; 3 ; [0.52636491696144638] ; [0.8658347321885449]
840 ; 51 ; 209 ; 4 ; [3.7048018341189137] ; [0.032322735086488912]
840 ; 51 ; 209 ; 7 ; [1.3615360181104506] ; [2.0270529967151805]
840 ; 51 ; 209 ; 12 ; [1.8714121088140381] ; [0.46314338756279488]
840 ; 51 ; 210 ; 0 ; [0.36705367157292385, 0.08166192698592914] ; [0.42818122239915035, 0.10117800028821561]
840 ; 51 ; 210 ; 1 ; [0.53866866958088278] ; [0.16142978635546873]
840 ; 51 ; 210 ; 3 ; [-0.15500948134040238] ; [2.6130326646511817]
840 ; 51 ; 211 ; 0 ; [0.32967215281897555, 0.40225483715829885] ; [0.17478809143259194, 1.3365773883397372]
840 ; 51 ; 211 ; 1 ; [0.66660921677837159] ; [0.15864720156806736]
840 ; 51 ; 211 ; 2 ; [1.0510399810301845] ; [0.3126458125585494]
840 ; 51 ; 211 ; 4 ; [1.4808529399091066] ; [0.66685955061497137]
840 ; 51 ; 211 ; 7 ; [0.44199715738171663] ; [2.2531810196976467]
840 ; 51 ; 212 ; 0 ; [1.114035521337589, 0.24853217925626778] ; [0.24090872772411995, 0.22475147131634654]
840 ; 51 ; 213 ; 0 ; [0.049917712771898652, 0.0025745150983314986, 0.19351912015782599] ; [0.23821215035649551, 0.30426710418590924, 0.31036089680295992]
840 ; 51 ; 214 ; 0 ; [0.023076303836714985, -0.0019665386377125883] ; [0.30666196081327296, 0.2685530189863809]
840 ; 51 ; 214 ; 1 ; [0.0079915748001507525] ; [0.44379156295255667]
840 ; 51 ; 215 ; 0 ; [1.1378862286739702] ; [0.3947848566918179]
840 ; 51 ; 216 ; 0 ; [0.076133841018385925] ; [0.52203783607946375]
840 ; 51 ; 216 ; 2 ; [0.58602988939122425] ; [0.72689584632999071]
840 ; 51 ; 216 ; 6 ; [0.7828861312285037] ; [1.3591983584341785]
840 ; 51 ; 216 ; 10 ; [0.9812557433940966] ; [1.5136368921615564]
840 ; 51 ; 216 ; 13 ; [0.068752615187630914] ; [0.35977065152898058]
840 ; 51 ; 216 ; 17 ; [0.060620169142289952] ; [1.1448974722723193]
840 ; 51 ; 217 ; 0 ; [0.78287085573852511] ; [0.072216573665832798]
840 ; 51 ; 217 ; 1 ; [0.18182390491335571] ; [4.1809535851497488]
840 ; 51 ; 217 ; 7 ; [0.031696323401655978] ; [1.5995140051499706]
840 ; 51 ; 217 ; 9 ; [0.47056843241315838] ; [1.6206130501614375]
840 ; 51 ; 217 ; 12 ; [0.29311348981899443] ; [0.37458002749473812]
840 ; 51 ; 217 ; 13 ; [0.31031691442675774] ; [0.33827648588422704]
840 ; 51 ; 217 ; 14 ; [0.33771983380289688] ; [0.074758932069036749]
840 ; 51 ; 217 ; 20 ; [-0.10813216218756289] ; [5.9518403008157748]
840 ; 51 ; 220 ; 1 ; [0.14042432216056216] ; [0.4693422320866536]
840 ; 51 ; 220 ; 3 ; [0.52956444275752501] ; [2.2836207750924626]
840 ; 51 ; 220 ; 4 ; [0.74723781017279156] ; [1.0887207461036752]
840 ; 51 ; 220 ; 5 ; [0.29263381446518572] ; [1.6387246906328672]
840 ; 51 ; 220 ; 7 ; [0.65801077961563259] ; [1.2220332667109977]
840 ; 51 ; 220 ; 10 ; [0.49772792240084446] ; [0.20003051227307503]
840 ; 51 ; 220 ; 11 ; [1.2118743578947611] ; [0.89131519720254571]
840 ; 51 ; 220 ; 14 ; [0.45326931109673751] ; [2.1265205173356119]
840 ; 51 ; 220 ; 16 ; [0.35718192707296459] ; [1.2379516035776572]
840 ; 51 ; 220 ; 17 ; [0.3279644518021903] ; [0.92863510412981787]
840 ; 51 ; 222 ; 0 ; [3.6721375563558913] ; [1.4119238812323769]
840 ; 51 ; 222 ; 2 ; [1.3542848747044454] ; [0.53892254951910257]
840 ; 51 ; 222 ; 4 ; [0.33799359785989724] ; [0.86447618388643155]
840 ; 51 ; 222 ; 8 ; [0.73456535367053166] ; [0.61116289468489859]
840 ; 51 ; 222 ; 9 ; [0.49168974981023406] ; [1.2177158063459739]
840 ; 51 ; 222 ; 10 ; [0.63526650239578974] ; [0.75199743285863974]
840 ; 51 ; 222 ; 12 ; [1.6951398139441642] ; [0.44806934767765694]
840 ; 51 ; 222 ; 13 ; [0.60990294544125889] ; [2.7140068815237917]
840 ; 51 ; 222 ; 14 ; [1.4437697777453697] ; [0.51958273793787657]
840 ; 51 ; 222 ; 15 ; [1.0011602265534021] ; [0.29473150522594715]
840 ; 51 ; 222 ; 16 ; [1.8168403518619969] ; [1.0623879483574401]
840 ; 51 ; 222 ; 21 ; [0.13022088784908656] ; [0.66886177530383906]
840 ; 51 ; 223 ; 0 ; [0.34352799069173612, 0.20573353885577733] ; [0.13046614835825324, 0.24049841105988362]
840 ; 51 ; 224 ; 0 ; [0.39318297621385928] ; [0.48853731365423037]
840 ; 51 ; 224 ; 6 ; [0.023927444825550336] ; [0.1401658978327758]
840 ; 51 ; 225 ; 0 ; [0.19895422251379755, 0.23804632459342231, 0.0067107550324126764] ; [0.2361458286312135, 0.28178490881675772, 0.083841569663974783]
840 ; 51 ; 225 ; 1 ; [0.43555093470542267, 0.01209710480945511] ; [0.19755131759546435, 0.042619347438235998]
840 ; 51 ; 225 ; 3 ; [0.20907775849603849, 0.12494173479730994, 0.15238829401248469] ; [0.24866065991283881, 0.2234348230919066, 0.19474384963218994]
840 ; 51 ; 226 ; 0 ; [0.038768231333585763, 0.026848659614128086, 0.63118810528910718, 0.20378764525077867] ; [0.20250435210750881, 0.19553303687021351, 0.36974809225227817, 0.15678350986934106]
840 ; 51 ; 227 ; 1 ; [0.1284482431640433] ; [0.17006962865656089]
840 ; 51 ; 227 ; 4 ; [0.041929454552324552] ; [-0.0075177934071838726]
840 ; 51 ; 227 ; 8 ; [0.58257855354286892] ; [0.32147934289075614]
840 ; 51 ; 228 ; 0 ; [1.0380468265371492] ; [0.99634912697730171]
840 ; 51 ; 228 ; 1 ; [2.0040588557974552] ; [1.4758796145761137]
840 ; 51 ; 228 ; 3 ; [0.91026795063442068] ; [1.1721467461759001]
840 ; 51 ; 228 ; 6 ; [2.7484247174752419] ; [16.805414735317722]
840 ; 51 ; 228 ; 7 ; [1.309512450351858] ; [1.5755408119524035]
840 ; 51 ; 228 ; 11 ; [0.80204192263897611] ; [1.7526895904494231]
840 ; 51 ; 228 ; 13 ; [1.3794872945831185] ; [1.6752474602640768]
840 ; 51 ; 228 ; 14 ; [0.39464368658365839] ; [1.1078052074507718]
840 ; 51 ; 229 ; 0 ; [0.36080044823620971, 0.1639597000130468, 0.2662972314946615, 0.26310719016055811] ; [0.3717947354510856, 0.13195822195822654, 0.25164779213055016, 0.10262623116087209]
840 ; 51 ; 230 ; 0 ; [-0.001264814006409007, -0.0012686661808852867] ; [0.31994046788709518, 0.53612381217209604]
840 ; 51 ; 230 ; 1 ; [0.019825585504745783] ; [0.53777818973175795]
840 ; 51 ; 231 ; 0 ; [0.731706817665434] ; [0.048803940851105752]
840 ; 51 ; 231 ; 4 ; [0.1709851873366689, 0.48448612093548132, 0.78995744581023253] ; [0.60841356127587476, 0.39161621286570086, 0.09043448630420875]
840 ; 51 ; 232 ; 0 ; [0.10788851908597671, 0.023062567124488047] ; [0.23231114485792026, 0.043128704295904277]
840 ; 51 ; 233 ; 1 ; [0.47800878446234341] ; [0.22050583266794616]
840 ; 51 ; 233 ; 3 ; [0.076354959421049723, 0.060963905638775323] ; [0.18914493452770756, 5.6935908173958625]
840 ; 51 ; 233 ; 4 ; [0.66267692535359535] ; [0.21512527267041254]
840 ; 51 ; 234 ; 0 ; [-0.0036991924114030674] ; [0.13432376081706945]
840 ; 51 ; 235 ; 0 ; [0.13918381061582943, 0.46412434240466832] ; [0.19613479905351, 0.78446568437937736]
840 ; 51 ; 235 ; 1 ; [1.4212995170388367] ; [0.20129178677776277]
840 ; 51 ; 235 ; 2 ; [0.41501777242941373] ; [0.58459335507081212]
840 ; 51 ; 235 ; 3 ; [0.082197534185724827] ; [0.25897548340366888]
840 ; 51 ; 236 ; 0 ; [2.5281723971894516] ; [1.0090632295557382]
840 ; 51 ; 236 ; 2 ; [1.0030606183141724] ; [1.4311963220701858]
840 ; 51 ; 236 ; 3 ; [1.5466192605405942] ; [1.7503554202014078]
840 ; 51 ; 236 ; 4 ; [2.0496619166399963] ; [1.500367391992083]
840 ; 51 ; 236 ; 5 ; [0.83740340922436562] ; [2.0260078590218664]
840 ; 51 ; 236 ; 6 ; [1.6094756498495335] ; [1.492440570203881]
840 ; 51 ; 236 ; 8 ; [1.5971931418654775] ; [0.78100910410516577]
840 ; 51 ; 236 ; 10 ; [1.3360452556674796] ; [1.2981846535917196]
840 ; 51 ; 236 ; 12 ; [2.081931296414262] ; [4.4214526985506408]
840 ; 51 ; 236 ; 13 ; [2.636161720498424] ; [1.6229712447839644]
840 ; 51 ; 236 ; 14 ; [1.8317125874050677] ; [1.7373566618599154]
840 ; 51 ; 236 ; 15 ; [1.3784293072441047] ; [1.829895997884025]
840 ; 51 ; 236 ; 16 ; [1.694225689455878] ; [1.0873513755930011]
840 ; 51 ; 236 ; 17 ; [2.6311941974166619] ; [1.4681801016416263]
840 ; 51 ; 236 ; 18 ; [1.6306780410026256] ; [1.7836328305050859]
840 ; 51 ; 236 ; 19 ; [1.4671809645589384] ; [1.6320360133452676]
840 ; 51 ; 236 ; 22 ; [1.9604957487941783] ; [5.4624481371679723]
840 ; 51 ; 236 ; 23 ; [1.900138665613516] ; [1.5058433473673385]
840 ; 51 ; 236 ; 25 ; [0.43494727240580755] ; [1.5370322452421363]
840 ; 51 ; 236 ; 26 ; [1.7236923864316025] ; [1.3682769237108692]
840 ; 51 ; 236 ; 27 ; [3.3999065759369067] ; [2.3886609110319212]
840 ; 51 ; 236 ; 28 ; [1.8213150330677856] ; [2.1128164296884342]
840 ; 51 ; 237 ; 0 ; [0.034886021288032365] ; [0.18296891881110536]
840 ; 51 ; 237 ; 1 ; [0.3157430512787332] ; [0.12092452233454082]
840 ; 51 ; 237 ; 2 ; [0.11866477666274272] ; [0.0041642150084778371]
840 ; 51 ; 238 ; 0 ; [0.18770366291403803] ; [0.30044909943345333]
840 ; 51 ; 238 ; 2 ; [9.5422316675226106] ; [2.0721028613776991]
840 ; 51 ; 239 ; 2 ; [0.57601383937112327] ; [0.42716459186573552]
840 ; 51 ; 239 ; 4 ; [2.5396259041623717] ; [0.39460416704738455]
840 ; 51 ; 239 ; 5 ; [2.8069597652609248] ; [0.27314272237414527]
840 ; 51 ; 239 ; 8 ; [-0.0070291307716421666] ; [0.25365890554089099]
840 ; 51 ; 239 ; 9 ; [0.017650390701765498] ; [1.2736138264740313]
840 ; 51 ; 240 ; 0 ; [0.0021836157161900498, 0.077456536744639051, 0.02847275095719079] ; [0.29348287179552912, 0.22070613608002043, 0.41023980203804372]
840 ; 51 ; 241 ; 0 ; [1.6078281957190841] ; [0.77990659323349809]
840 ; 51 ; 241 ; 1 ; [1.3948258061556416] ; [1.8113079217638897]
840 ; 51 ; 241 ; 3 ; [3.0988016363304989] ; [1.6984869481195122]
840 ; 51 ; 241 ; 7 ; [0.57166735178215611] ; [1.8042438789989403]
840 ; 51 ; 241 ; 8 ; [1.7279322840657498] ; [0.50512145301001188]
840 ; 51 ; 242 ; 0 ; [0.2778640602663755] ; [0.12634314965877524]
840 ; 51 ; 242 ; 2 ; [2.847150891309429] ; [0.59117672728096204]
840 ; 51 ; 242 ; 10 ; [4.8760980727383876] ; [1.035337273709076]
840 ; 51 ; 243 ; 2 ; [0.0350028941604262] ; [-0.61721488625597432]
840 ; 51 ; 243 ; 3 ; [-0.19098649023935702] ; [-0.089703842204784057]
840 ; 51 ; 243 ; 4 ; [0.29472663737139598, 0.28854737014797577, 0.26234453016064102] ; [0.30458187040532625, 0.28200705774831447, 0.20871813660627556]
840 ; 51 ; 244 ; 0 ; [0.27618692210780516] ; [0.36486934699841006]
840 ; 51 ; 245 ; 0 ; [0.3053502683907437] ; [0.05726452831092204]
840 ; 51 ; 245 ; 1 ; [0.46301890639125565] ; [0.79877856098975919]
840 ; 51 ; 245 ; 2 ; [0.18026363649264615] ; [0.15334604269375604]
840 ; 51 ; 246 ; 0 ; [1.540268151120306] ; [1.7798782017472856]
840 ; 51 ; 246 ; 2 ; [0.82752553788629024] ; [0.92075392912109744]
840 ; 51 ; 246 ; 3 ; [0.052656885277515247] ; [0.3144897697588348]
840 ; 51 ; 246 ; 4 ; [2.2008710266940255] ; [1.2529310420374808]
840 ; 51 ; 246 ; 5 ; [0.41461758023111717] ; [0.4620900533394478]
840 ; 51 ; 246 ; 6 ; [0.19835684340216475] ; [3.1427338507620739]
840 ; 51 ; 247 ; 0 ; [1.2170201317910461] ; [0.18068033458504429]
840 ; 51 ; 247 ; 1 ; [3.3859654433384949] ; [0.34080145603622275]
840 ; 51 ; 247 ; 2 ; [4.0691578036633826] ; [3.6545863567367065]
840 ; 51 ; 247 ; 3 ; [1.4449245554881063] ; [5.2081866128334076]
840 ; 51 ; 247 ; 4 ; [2.7483367130429408] ; [1.7370191721916011]
840 ; 51 ; 247 ; 5 ; [3.2203839992993029] ; [7.010671420620648]
840 ; 51 ; 247 ; 7 ; [5.4601654709361211] ; [0.09324001457785]
840 ; 51 ; 248 ; 5 ; [2.3296112365126023] ; [0.22042244864892524]
840 ; 51 ; 249 ; 0 ; [0.53503781875521894] ; [0.062029886334193186]
840 ; 51 ; 249 ; 1 ; [0.68074328647179383] ; [0.26466432610992602]
840 ; 51 ; 249 ; 2 ; [0.83492987202073987] ; [0.80310028909309639]
840 ; 51 ; 249 ; 3 ; [0.94023070525367547] ; [0.40696896939809057]
840 ; 51 ; 250 ; 0 ; [0.52642830674264685] ; [0.2922016556604729]
840 ; 51 ; 250 ; 1 ; [1.8618616595428783] ; [0.045460462345227798]
840 ; 51 ; 250 ; 4 ; [1.5213276221093421] ; [-0.14229596423036103]
840 ; 51 ; 250 ; 5 ; [0.27237489574713103] ; [7.4909853848974537]
840 ; 51 ; 250 ; 6 ; [1.4445720692228052] ; [2.2187618344240652]
840 ; 51 ; 250 ; 7 ; [1.2577802346280045] ; [0.95763671240710735]
840 ; 51 ; 250 ; 9 ; [0.54860430547994699] ; [0.78695798547420748]
840 ; 51 ; 251 ; 0 ; [0.31164010547113763, 0.12450904815107608] ; [0.12368295492154141, 0.39447546108603559]
840 ; 51 ; 251 ; 2 ; [0.0044567959481624743] ; [0.23289662602937519]
840 ; 51 ; 252 ; 0 ; [0.49871751707558792, 0.24618666448850715] ; [0.52513164078662999, 0.20196361167866461]
840 ; 51 ; 253 ; 0 ; [0.10126063692169678, 0.010022677887192142, 0.054575651857973972] ; [0.34166395006771194, 0.33815054104309589, 0.10206017762257122]
840 ; 51 ; 253 ; 2 ; [-0.41277529921913558] ; [-0.85313513215139658]
840 ; 51 ; 254 ; 0 ; [0.15420621271217669] ; [0.88506046773252411]
840 ; 51 ; 254 ; 1 ; [0.46451151390906026] ; [0.30987959270763904]
840 ; 51 ; 254 ; 4 ; [0.17217960980867938] ; [0.023293675497982207]
840 ; 51 ; 254 ; 8 ; [0.08741968160148933] ; [0.70886163447930928]
840 ; 51 ; 255 ; 0 ; [1.0903844266999527] ; [0.18222627290167581]
840 ; 51 ; 255 ; 1 ; [0.49791881390560622] ; [0.039337684524285828]
840 ; 51 ; 255 ; 2 ; [0.1452031538037501, 0.64650862914706697] ; [0.1169551457935329, 1.1796130739677355]
840 ; 51 ; 255 ; 7 ; [0.65519089870928782] ; [0.41620367331108793]
840 ; 51 ; 256 ; 0 ; [0.24859228928213825, 0.13722278338825028] ; [0.22594226387206742, 0.14089804465265898]
840 ; 51 ; 257 ; 0 ; [0.33906827197106598, 0.51471132710389034, 0.44589747889939829] ; [0.53355932898016412, 1.0187456022723718, 0.57276021576136804]
840 ; 51 ; 257 ; 3 ; [0.059972618053950648] ; [0.0063175063506974542]
840 ; 51 ; 257 ; 9 ; [1.2330243175382658] ; [0.76517125212807546]
840 ; 51 ; 257 ; 10 ; [0.07419132798388875] ; [0.19881298793145719]
840 ; 51 ; 258 ; 1 ; [0.6325281856108359] ; [0.57546716271658516]
840 ; 51 ; 258 ; 6 ; [0.92585590695092945] ; [0.29427456958166365]
840 ; 51 ; 259 ; 2 ; [0.41207288570564593, 0.087473235005079572] ; [0.25958748468305559, 0.090917995457900469]
840 ; 51 ; 259 ; 3 ; [0.35384934440418875] ; [0.46747888000553001]
840 ; 51 ; 260 ; 0 ; [-0.033649154412249818] ; [0.081588544618076533]
840 ; 51 ; 261 ; 0 ; [0.97139527488629585, 0.7058325205347824] ; [0.2806436853882982, 0.2932179761346817]
840 ; 51 ; 262 ; 0 ; [0.64021287141750671] ; [2.089460093832253]
840 ; 51 ; 262 ; 1 ; [2.1477725040917006] ; [-0.09385810632510018]
840 ; 51 ; 262 ; 2 ; [3.5115098905993039] ; [1.5009816395070659]
840 ; 51 ; 263 ; 1 ; [0.18130648946173189, 0.18506072299425355, 0.28102327342397704, 0.32913189103210194] ; [0.21180356814488147, 0.16051821870187846, 0.35098790953462922, 0.059216427860384252]
840 ; 51 ; 263 ; 2 ; [0.30353737918564566] ; [0.069009555546294399]
840 ; 51 ; 264 ; 0 ; [0.094268495695036522, 0.0756256332366715] ; [0.31301756468593867, 0.15961079797706257]
840 ; 51 ; 264 ; 1 ; [-0.055577734876516474] ; [0.0084393327617546775]
840 ; 51 ; 265 ; 0 ; [0.81137481338534623, 0.21654657180323128] ; [0.26706501355115947, 0.096274487016596202]
840 ; 51 ; 265 ; 1 ; [0.16025001166884534, 0.089102284032173878] ; [0.19510293674459722, 0.18586615616566413]
840 ; 51 ; 265 ; 2 ; [0.11674156509055796] ; [0.38800472358018728]
840 ; 51 ; 266 ; 0 ; [0.43083567896018116] ; [0.59942079498950518]
840 ; 51 ; 266 ; 2 ; [0.38486513950637974] ; [4.2271063440593801]
840 ; 51 ; 266 ; 5 ; [1.297776983265714] ; [0.69946841640365476]
840 ; 51 ; 267 ; 0 ; [0.11219584261551713, 0.41112799580350579, 0.75911442597939283] ; [0.21682551761628296, 0.29032148349815173, 0.57485896037700512]
840 ; 51 ; 267 ; 2 ; [2.4687100390494052] ; [0.21703804234141297]
840 ; 51 ; 267 ; 4 ; [-0.024608197703219443] ; [1.2126161755517104]
840 ; 51 ; 267 ; 7 ; [1.0116913099285458] ; [0.46902680302621802]
840 ; 51 ; 268 ; 0 ; [0.12109138268915297, 0.15818156899073943, 0.18364145117799063, 0.15455790577593423] ; [0.39365310076311882, 0.12639733333036862, 0.16968017876838343, 0.097239082833871671]
840 ; 51 ; 269 ; 0 ; [0.075806107738792428, 0.14671282673941899, 0.19889860315935881, 0.063516553760267339, 0.11514265948010466] ; [0.27332293649321354, 0.19539984260808504, 0.35316071723276066, 0.17901806263982864, 0.23061287627442822]
840 ; 51 ; 269 ; 1 ; [0.1796341350523197] ; [0.20326957522895081]
840 ; 51 ; 270 ; 0 ; [1.4213188555390097] ; [2.6852612485966536]
840 ; 51 ; 270 ; 1 ; [0.31882866943857963] ; [2.5957943888680131]
840 ; 51 ; 270 ; 3 ; [1.8590517777783522] ; [2.4781061521257093]
840 ; 51 ; 271 ; 0 ; [0.11940474008119399] ; [0.23597904174910733]
840 ; 51 ; 272 ; 0 ; [0.79563691719032636] ; [0.54662578175117049]
840 ; 51 ; 272 ; 1 ; [1.3891890856645328] ; [0.41265187739024539]
840 ; 51 ; 272 ; 3 ; [0.67472043348888933] ; [1.191089069981764]
840 ; 51 ; 272 ; 4 ; [2.1449691238655992] ; [0.2299509713508478]
840 ; 51 ; 272 ; 7 ; [1.156798091842747] ; [0.44118075005172225]
840 ; 51 ; 272 ; 13 ; [0.48252029364496907] ; [0.98464674187012213]
840 ; 51 ; 272 ; 15 ; [0.7590775848300485] ; [0.81221109618654397]
840 ; 51 ; 272 ; 22 ; [1.2293909162993204] ; [1.1011034426141186]
840 ; 51 ; 272 ; 28 ; [0.28922118644133715] ; [1.8327648687924816]
840 ; 51 ; 273 ; 0 ; [0.04383810839917119, 0.16850754629062903, 0.03341306944133831] ; [0.1864995952224959, 0.25270165404415629, 0.37763257200764805]
840 ; 51 ; 274 ; 0 ; [0.5423279266606249] ; [0.35187713475289939]
840 ; 51 ; 274 ; 1 ; [0.050356483636643079] ; [0.056180410031017168]
840 ; 51 ; 275 ; 0 ; [0.36014877744421192] ; [0.25547495346042809]
840 ; 51 ; 275 ; 2 ; [0.54426452965074301] ; [-0.032863660194039176]
840 ; 51 ; 275 ; 5 ; [-0.17412755581067269] ; [-0.051501814901033532]
840 ; 51 ; 275 ; 7 ; [0.48228709696495237] ; [-0.044141382603313607]
840 ; 51 ; 275 ; 8 ; [3.0022635454868518] ; [-0.0740753739502516]
840 ; 51 ; 275 ; 9 ; [1.5413239237423189] ; [1.0434500136903226]
840 ; 51 ; 275 ; 10 ; [0.81441461735303655] ; [-0.22784230817459711]
840 ; 51 ; 275 ; 11 ; [2.7937788464443321] ; [1.0766938018910439]
840 ; 51 ; 276 ; 0 ; [0.8551692032911874] ; [0.043451421181666401]
840 ; 51 ; 276 ; 1 ; [0.67724228321958668] ; [0.142719943813929]
840 ; 51 ; 276 ; 2 ; [-0.0080284358821778434] ; [0.10439208834279534]
840 ; 51 ; 276 ; 5 ; [1.1416641480313994] ; [0.28583815235394561]
840 ; 51 ; 276 ; 8 ; [0.5479743430770343] ; [0.78996724426446463]
840 ; 51 ; 277 ; 0 ; [2.9881995019202914] ; [0.40341654068946586]
840 ; 51 ; 277 ; 1 ; [0.47198971218190505] ; [0.29247058203007159]
840 ; 51 ; 277 ; 5 ; [0.93120246732844891] ; [1.4882989296310147]
840 ; 51 ; 277 ; 7 ; [3.5109923064799466] ; [0.44154279560013698]
840 ; 51 ; 277 ; 10 ; [0.27733034602553785] ; [0.46806968152149186]
840 ; 51 ; 278 ; 0 ; [0.42931646041953775, 0.95846709501406724] ; [0.73123340573633433, 0.661927871744598]
840 ; 51 ; 279 ; 0 ; [1.3085075242693001, 2.5457095871572109] ; [0.60643678387708555, 0.66668349334737353]
840 ; 51 ; 279 ; 1 ; [1.46627358201605] ; [1.272523280864394]
840 ; 51 ; 279 ; 3 ; [0.63217171857477628] ; [0.94809717405157468]
840 ; 51 ; 279 ; 4 ; [1.0497012021051608] ; [1.5319536376939358]
840 ; 51 ; 279 ; 5 ; [1.9120958715763507] ; [1.310828121407559]
840 ; 51 ; 279 ; 6 ; [1.9749918939732825] ; [1.4719786292821431]
840 ; 51 ; 279 ; 8 ; [2.1886642153703009] ; [1.5086112569164123]
840 ; 51 ; 280 ; 0 ; [0.51575586259996886, 0.38699775644324702, 0.61144142300898241, 0.83332328494436858, 1.2158262268505535] ; [0.41026170537496193, 0.24056068081336709, 0.42821066755351861, 0.52648088463072507, 0.96395282597702947]
840 ; 51 ; 280 ; 3 ; [1.0822760257960111] ; [0.50806636798790039]
840 ; 51 ; 281 ; 0 ; [0.22580019217758449] ; [0.24342672409361618]
840 ; 51 ; 281 ; 1 ; [0.20266492581307499] ; [0.29004985573607039]
840 ; 51 ; 282 ; 1 ; [1.827959399602215] ; [1.6528675907932351]
840 ; 51 ; 282 ; 2 ; [1.4850842318626265] ; [0.44405577488428033]
840 ; 51 ; 282 ; 3 ; [1.8916143918278903] ; [1.689964486280866]
840 ; 51 ; 282 ; 4 ; [2.0263988487139422] ; [1.8284821172663379]
840 ; 51 ; 282 ; 5 ; [0.9679448533376126, 1.9682957402776733] ; [1.9061611073269631, 1.6275157159682234]
840 ; 51 ; 282 ; 7 ; [1.8548183199940163] ; [2.2728976085470225]
840 ; 51 ; 282 ; 8 ; [6.3782647029262378] ; [1.7336090762497378]
840 ; 51 ; 282 ; 9 ; [1.5736155108415633] ; [1.8135309310972909]
840 ; 51 ; 282 ; 10 ; [2.5364800239957432] ; [0.87891629894938483]
840 ; 51 ; 282 ; 13 ; [1.5095475863444858] ; [1.652791769070979]
840 ; 51 ; 282 ; 15 ; [2.9639484098427196] ; [1.9048040694476707]
840 ; 51 ; 282 ; 16 ; [2.2504148006712952] ; [1.8011399473914287]
840 ; 51 ; 282 ; 18 ; [12.14323617523679] ; [1.4874625428913608]
840 ; 51 ; 282 ; 20 ; [2.7308304238382979] ; [2.0726366510190486]
840 ; 51 ; 282 ; 21 ; [3.006466041607371] ; [2.3772165641385126]
840 ; 51 ; 282 ; 22 ; [0.62790350190099031] ; [1.7071617748174599]
840 ; 51 ; 282 ; 23 ; [0.76788654515503763] ; [2.0073026044284874]
840 ; 51 ; 282 ; 24 ; [0.74680440522117619] ; [1.9803470430437988]
840 ; 51 ; 282 ; 26 ; [1.2248961110615419] ; [1.8825317174826286]
840 ; 51 ; 282 ; 28 ; [0.44274221573487438] ; [1.9714335411251778]
840 ; 51 ; 282 ; 30 ; [3.1943814105143802] ; [0.87711926778796168]
840 ; 51 ; 282 ; 32 ; [3.4685190130514783] ; [2.0186113913946397]
840 ; 51 ; 282 ; 33 ; [1.7111221801990311] ; [1.4068705592102979]
840 ; 51 ; 282 ; 34 ; [2.5217378113237783] ; [1.3898497011082724]
840 ; 51 ; 282 ; 39 ; [1.7184793927736224] ; [1.9052156221660497]
840 ; 51 ; 282 ; 45 ; [3.7605015717994639] ; [1.1903609723476116]
840 ; 51 ; 282 ; 46 ; [1.3343647207885294] ; [1.3479132486499876]
840 ; 51 ; 282 ; 49 ; [1.4864753545739051] ; [1.6615253756910249]
840 ; 51 ; 283 ; 0 ; [0.11127791951893895] ; [0.60460008305245638]
840 ; 51 ; 283 ; 1 ; [0.37589808019706722] ; [0.47375333569177441]
840 ; 51 ; 283 ; 3 ; [0.19232652164138361] ; [0.68480021673343938]
840 ; 51 ; 284 ; 0 ; [0.086830371028256401, 0.083872010798383703, 0.043078357953388845, 0.057139582728048345] ; [0.23706743867328919, 0.23200852495933116, 0.18170498028695334, 0.13165993678123242]
840 ; 51 ; 285 ; 0 ; [0.04546293171175568, 0.008276795859236321, 0.016709604753335751] ; [0.47332147425400495, 0.19537215264171823, 0.094429747957931201]
840 ; 51 ; 285 ; 4 ; [-0.12021260287666952] ; [0.3111158551771106]
840 ; 51 ; 286 ; 0 ; [0.024750646934829909] ; [2.4332596164485132]
840 ; 51 ; 287 ; 5 ; [2.1788390874983756] ; [0.1167645116322223]
840 ; 51 ; 287 ; 7 ; [1.6347218013902289] ; [1.0513227775666489]
840 ; 51 ; 287 ; 8 ; [0.95103774650510509] ; [1.6327917661964202]
840 ; 51 ; 287 ; 9 ; [0.056456645553755146] ; [1.272580082205008]
840 ; 51 ; 287 ; 15 ; [0.55030544128175929] ; [1.2167706956184841]
840 ; 51 ; 287 ; 22 ; [2.802220614642505] ; [1.3602126403056496]
840 ; 51 ; 288 ; 0 ; [0.87148955696057606, 1.4112990414985589] ; [0.93553001445888495, 0.20105660929727023]
840 ; 51 ; 288 ; 1 ; [0.21965015265441162] ; [1.1719965891633586]
840 ; 51 ; 288 ; 2 ; [-0.046212545451625481] ; [0.92638318469812042]
840 ; 51 ; 288 ; 3 ; [0.26453789889169532] ; [1.8730459475746761]
840 ; 51 ; 288 ; 4 ; [0.72762553113400497] ; [1.4125520812833114]
840 ; 51 ; 289 ; 1 ; [0.26870231042374232] ; [0.32320537503501567]
840 ; 51 ; 289 ; 4 ; [2.3984024586982615] ; [-0.0063511142293903719]
840 ; 51 ; 289 ; 10 ; [0.70966823514062294] ; [0.29059241271884839]
840 ; 51 ; 291 ; 0 ; [0.29362361605460041, 0.29024400940061429, 0.28475437581923518, 0.48816957718430604] ; [0.28104661543151882, 0.11654070671062096, 0.21053798582933345, 0.040148591602425551]
840 ; 51 ; 291 ; 1 ; [0.22633795645054605] ; [0.099506280088560078]
840 ; 51 ; 292 ; 1 ; [0.13190842802245289] ; [-0.01156645000446903]
840 ; 51 ; 292 ; 6 ; [0.035358130978174085] ; [-0.10910754318066038]
840 ; 51 ; 293 ; 0 ; [0.18485901618469405, 0.97781584245108155] ; [0.15260695465419405, 0.46150375001758526]
840 ; 51 ; 293 ; 1 ; [0.44204021320243775] ; [0.19965095791011103]
840 ; 51 ; 293 ; 4 ; [0.10552025226890072] ; [0.37619504984871621]
840 ; 51 ; 294 ; 0 ; [3.6293104934118143] ; [0.79001627451599299]
840 ; 51 ; 294 ; 1 ; [2.3981003161015351] ; [0.51098219131009626]
840 ; 51 ; 294 ; 2 ; [1.5509976247969661] ; [0.066358228424630919]
840 ; 51 ; 295 ; 1 ; [2.7113622790244496] ; [1.241862149722317]
840 ; 51 ; 295 ; 2 ; [1.783523167164393] ; [2.1331181726907862]
840 ; 51 ; 295 ; 4 ; [2.7826799713835721] ; [0.25677852207609025]
840 ; 51 ; 295 ; 5 ; [0.16055866014540129] ; [2.3530573186560342]
840 ; 51 ; 295 ; 6 ; [1.0485323592054647] ; [4.2833855716021114]
840 ; 51 ; 295 ; 7 ; [2.1830885500492263] ; [2.2418445097801096]
840 ; 51 ; 295 ; 8 ; [5.9369341636499824] ; [1.4130190674802645]
840 ; 51 ; 295 ; 11 ; [5.0938678675397338] ; [4.6701291338136732]
840 ; 51 ; 295 ; 14 ; [0.96521830902248618] ; [1.2106109263355891]
840 ; 51 ; 295 ; 18 ; [0.4501060532640257] ; [5.2893753424385359]
840 ; 51 ; 295 ; 19 ; [1.254890832504991] ; [0.96376608140882092]
840 ; 51 ; 295 ; 23 ; [0.55224948095904913] ; [1.2005127820784431]
840 ; 51 ; 295 ; 24 ; [0.43894499510216239] ; [1.7070223167731329]
840 ; 51 ; 296 ; 0 ; [1.6692741569824188] ; [0.38988483624470111]
840 ; 51 ; 296 ; 1 ; [0.031911700569985435] ; [0.35959553235868696]
840 ; 51 ; 296 ; 2 ; [0.25644039855931977] ; [1.2246545642231765]
840 ; 51 ; 296 ; 5 ; [0.82983449821207511] ; [0.019269215794860305]
840 ; 51 ; 297 ; 0 ; [0.081448314037790986] ; [0.03845544775915239]
840 ; 51 ; 297 ; 2 ; [0.1104546506300315] ; [0.36237970961061383]
840 ; 51 ; 297 ; 4 ; [0.57852457128267787] ; [0.79818710062011433]
840 ; 51 ; 297 ; 8 ; [1.2667479453586368] ; [1.1957488717550016]
840 ; 51 ; 297 ; 9 ; [1.10082785427486] ; [1.8219460457474135]
840 ; 51 ; 297 ; 10 ; [1.2368454279155312] ; [1.0437535327593952]
840 ; 51 ; 297 ; 11 ; [1.1004248783980055] ; [2.1729454513275765]
840 ; 51 ; 297 ; 14 ; [1.3574811994054437] ; [0.59864165970454342]
840 ; 51 ; 297 ; 15 ; [0.069290580772446805] ; [1.9786895222896148]
840 ; 51 ; 297 ; 16 ; [0.06939219321939355] ; [1.5326819355823664]
840 ; 51 ; 297 ; 21 ; [1.9047833314263056] ; [2.6378453284186159]
840 ; 51 ; 298 ; 0 ; [0.10601818146142565, 0.14977225149714493, 0.16914039173590789, 0.14727274994701672] ; [0.33550126600940305, 0.17936648719650786, 0.20930509021919264, 0.21378509670988044]
840 ; 51 ; 299 ; 0 ; [0.50718876043631578] ; [0.27536595440308331]
840 ; 51 ; 299 ; 2 ; [0.53874406753530579, 0.31562106400158246, 0.59681307133429351] ; [0.56008995729777666, 0.50165890875330155, 0.16579809988712205]
840 ; 51 ; 301 ; 0 ; [0.18297196830780024] ; [0.19427087528585724]
840 ; 51 ; 301 ; 1 ; [0.087124907572198262] ; [0.19608370963541225]
840 ; 51 ; 301 ; 2 ; [0.54748251616937493] ; [0.11340233773107659]
840 ; 51 ; 301 ; 4 ; [0.10677896495666248] ; [0.21726596291374786]
840 ; 51 ; 302 ; 0 ; [0.56115396819506325, 0.30718384257081449, 0.8529484450858934] ; [0.36217989000856676, 0.17046767243924671, 0.6245068117365512]
840 ; 51 ; 302 ; 2 ; [0.16882563542466272] ; [-0.01756466793360522]
840 ; 51 ; 303 ; 0 ; [0.24971956100771087, 0.29706188372132886, 0.29840477980864255, 0.11329392984543574] ; [0.12528857586191447, 0.11896846264435924, 0.36242416953903278, 0.29727358148215638]
840 ; 51 ; 304 ; 0 ; [-0.0063433284815078619] ; [0.20462962850245969]
840 ; 51 ; 305 ; 0 ; [-0.050369963406683718, 0.063961673361975377] ; [0.35588187110019137, 0.29010799048799624]
840 ; 51 ; 305 ; 2 ; [0.19660890625153485] ; [0.0015594730341217118]
840 ; 51 ; 306 ; 0 ; [0.24037825410632377] ; [0.12468621546788383]
840 ; 51 ; 306 ; 2 ; [1.3530072711216246] ; [0.78853402310994614]
840 ; 51 ; 306 ; 13 ; [1.4435123354985744] ; [0.99497805451208321]
840 ; 51 ; 306 ; 14 ; [2.3719060395937981] ; [1.5417584380227476]
840 ; 51 ; 309 ; 0 ; [17.95506110324364] ; [0.26031477170885575]
840 ; 51 ; 309 ; 1 ; [0.092403944525209905] ; [2.6639255037405642]
840 ; 51 ; 309 ; 2 ; [3.9113465071110873] ; [1.788191526954483]
840 ; 51 ; 309 ; 3 ; [-0.17749420370457661] ; [1.3717651274565734]
840 ; 51 ; 309 ; 4 ; [3.0402267969076191] ; [0.0047671832982684867]
840 ; 51 ; 309 ; 5 ; [-0.12263397393179264] ; [1.8321340791600487]
840 ; 51 ; 310 ; 0 ; [1.8653758497054649] ; [0.59447395460550345]
840 ; 51 ; 310 ; 1 ; [1.0407668801614147] ; [0.90515607661372022]
840 ; 51 ; 310 ; 5 ; [0.12245220679774189] ; [0.31157459856561137]
840 ; 51 ; 310 ; 13 ; [1.6303781330427527] ; [1.6901968143621158]
840 ; 51 ; 310 ; 18 ; [0.62098277836582261] ; [1.3709920101725552]
840 ; 51 ; 311 ; 0 ; [0.4316942216764319] ; [1.1376825023895527]
840 ; 51 ; 311 ; 3 ; [0.49158263131554292] ; [0.43585454088196623]
840 ; 51 ; 313 ; 0 ; [0.31016088344271964, 0.25322076927870762, 0.22255143142522354, 0.20278959879335803] ; [0.17022639901267042, 0.16982167040631066, 0.27327109117986026, 0.26310621220778041]
840 ; 51 ; 314 ; 0 ; [0.1482555424585206] ; [0.0089823812740227084]
840 ; 51 ; 314 ; 1 ; [0.57986096188926228] ; [0.05159318102135016]
840 ; 51 ; 314 ; 2 ; [1.4059993922982199] ; [8.2351291905421515]
840 ; 51 ; 314 ; 5 ; [0.93534587470702468] ; [1.3545519571613056]
840 ; 51 ; 315 ; 2 ; [0.14671089341324928] ; [3.7440866747384507]
840 ; 51 ; 315 ; 4 ; [9.6428899992086503] ; [0.87654145310218945]
840 ; 51 ; 315 ; 6 ; [0.54359006650752673] ; [1.0954747416189785]
840 ; 51 ; 315 ; 7 ; [0.45664524900925912] ; [1.6104937532823942]
840 ; 51 ; 315 ; 9 ; [0.6720163594642129] ; [1.006667362209372]
840 ; 51 ; 315 ; 10 ; [0.34946773094616262] ; [0.40000958165411082]
840 ; 51 ; 316 ; 0 ; [0.39650880590013926] ; [0.59324019288352769]
840 ; 51 ; 316 ; 1 ; [0.51940067825658409] ; [0.3890718681816609]
840 ; 51 ; 316 ; 2 ; [1.4342861959404227] ; [-0.027836435507897595]
840 ; 51 ; 316 ; 5 ; [0.77434360219799037] ; [0.73594978002493183]
840 ; 51 ; 316 ; 7 ; [0.77062823925120916] ; [0.97311488151384717]
840 ; 51 ; 316 ; 11 ; [0.017379069130488058] ; [-0.23188423911965761]
840 ; 51 ; 316 ; 12 ; [1.2928984958058982] ; [0.013205221836148974]
840 ; 51 ; 316 ; 14 ; [0.27113186318780258] ; [0.31648492403288259]
840 ; 51 ; 316 ; 15 ; [0.93664240414249778] ; [0.5256047437939243]
840 ; 51 ; 317 ; 0 ; [1.0952129468625103] ; [0.58611128885867536]
840 ; 51 ; 317 ; 1 ; [1.8948440684364258] ; [0.18759943101878948]
840 ; 51 ; 317 ; 14 ; [1.4982324022738054] ; [0.28491600718471771]
840 ; 51 ; 318 ; 1 ; [0.18148641568178484] ; [0.30121724558875784]
840 ; 51 ; 318 ; 2 ; [0.12490634737281354] ; [0.273325570846777]
840 ; 51 ; 320 ; 0 ; [0.012230838662722] ; [0.56519307650849671]
840 ; 51 ; 320 ; 2 ; [0.39860394298107527] ; [0.60663133401015701]
840 ; 51 ; 320 ; 3 ; [0.11600360790075817] ; [0.27285510092498694]
840 ; 51 ; 320 ; 5 ; [1.3598650288620038] ; [0.79897973676495204]
840 ; 51 ; 322 ; 1 ; [2.0731270455173894] ; [-0.18940608483848037]
840 ; 51 ; 322 ; 5 ; [3.017910368463141] ; [1.0709662481377049]
840 ; 51 ; 322 ; 6 ; [0.48603421214202747] ; [2.5818832317086784]
840 ; 51 ; 323 ; 0 ; [0.13302530439745031, 0.070737067309307441, 0.054198384651106019] ; [0.25505356426871828, 0.5527435217982547, 0.46360810127070767]
840 ; 51 ; 323 ; 1 ; [0.70963556654461102] ; [0.31015324071536521]
840 ; 51 ; 323 ; 3 ; [0.03288287481491866] ; [-0.26088154901878835]
840 ; 51 ; 323 ; 5 ; [-0.14222962466294284] ; [-0.0069024614635230788]
840 ; 51 ; 323 ; 6 ; [0.061955111568645145] ; [-0.31783180628465008]
840 ; 51 ; 324 ; 0 ; [0.3634472427948191] ; [0.080377730467171671]
840 ; 51 ; 324 ; 1 ; [0.86907862682484316] ; [5.7187181357475945]
840 ; 51 ; 324 ; 2 ; [3.4551842910541635] ; [1.2887339714933714]
840 ; 51 ; 324 ; 3 ; [1.6081964925233128] ; [1.2418008931193674]
840 ; 51 ; 324 ; 4 ; [3.4868015846874241] ; [6.9942758672522647]
840 ; 51 ; 324 ; 7 ; [3.0902639486577534] ; [3.5590051428147751]
840 ; 51 ; 324 ; 9 ; [3.6648877501156329] ; [3.5615598694123856]
840 ; 51 ; 324 ; 10 ; [3.3435758214844595] ; [3.837990958087421]
840 ; 51 ; 325 ; 0 ; [0.28718302762448761, 0.13724130670197848, 0.23582725122702872, 0.10996021402706305] ; [0.3370176259517294, 0.41086420640155186, 0.28957841324678057, 0.25918640391158698]
840 ; 51 ; 325 ; 2 ; [0.13063298184027147] ; [0.4304248717964208]
840 ; 51 ; 326 ; 0 ; [0.065995375508802565] ; [0.26665227620596466]
840 ; 51 ; 326 ; 1 ; [0.20172190521789748] ; [0.36533771870710019]
840 ; 51 ; 326 ; 3 ; [0.63455062281910335] ; [0.0023342832953931717]
840 ; 51 ; 327 ; 0 ; [0.018392767049523976, -0.0068591656467891435, -0.0015134476250328105, -0.0081154079081991164] ; [0.21868917341191965, 0.37104560690480753, 0.25787209564949803, 0.049835287581029314]
840 ; 51 ; 328 ; 0 ; [0.38852526552626898, 0.48883241364233443, 0.52894306348373499] ; [0.4304666373541175, 0.43862754698992512, 0.37598358326993142]
840 ; 51 ; 328 ; 1 ; [0.36374628563895006] ; [0.12632053601515159]
840 ; 51 ; 328 ; 2 ; [1.0268770222807804] ; [-0.0076461577098270684]
840 ; 51 ; 329 ; 0 ; [0.14782759158909189] ; [0.30161287560190414]
840 ; 51 ; 329 ; 3 ; [-0.038415118173117851] ; [1.4401878890820776]
840 ; 51 ; 330 ; 0 ; [0.13902230879151853, 0.18113842271935637, 0.15934104770662549, 0.095671984921556347] ; [0.16600207548150298, 0.26326827435368777, 0.23428720578519618, 0.032753413902510999]
840 ; 51 ; 330 ; 1 ; [0.106636314421335] ; [0.045438470380051256]
840 ; 51 ; 331 ; 0 ; [4.1787319184546119] ; [0.43858425620637342]
840 ; 51 ; 331 ; 2 ; [0.21622417551789996] ; [0.87301823046782445]
840 ; 51 ; 331 ; 3 ; [10.679017304102731] ; [0.15456272827593751]
840 ; 51 ; 331 ; 9 ; [0.44885149762441706] ; [0.65815293901058614]
840 ; 51 ; 332 ; 0 ; [1.3633661206600065, 1.79435579458553] ; [0.17072571014996363, 0.057683686029294148]
840 ; 51 ; 333 ; 0 ; [0.25212062775801047] ; [0.11044652585409809]
840 ; 51 ; 333 ; 1 ; [0.47153638357687744] ; [0.17617388039311849]
840 ; 51 ; 334 ; 0 ; [3.177828892489857] ; [0.75599419917024346]
840 ; 51 ; 334 ; 2 ; [2.7701528874228081] ; [1.8756328810440095]
840 ; 51 ; 334 ; 3 ; [1.8863944928035681] ; [1.5430011193487907]
840 ; 51 ; 334 ; 10 ; [0.37742370446157325] ; [1.3190589851062517]