# Run ; Subrun ; Event ; Track ; Charge Ratios View 0 ; Charge Ratios View 1 #
840 ; 32 ; 1 ; 0 ; [0.13230309359997788, 0.17389191857887845, 0.068028791612356032] ; [0.19380062777840484, 0.26089844379915478, 0.16383061957069858]
840 ; 32 ; 2 ; 0 ; [0.15932293983528381, 0.19838309908749469, 0.26424871643530562, 0.16129255489152172, 0.12756039008765765] ; [0.21028751779356836, 0.20288151398078411, 0.26839103255351543, 0.1689583485451624, 0.0078903515039972609]
840 ; 32 ; 3 ; 0 ; [0.73259781485394204, 0.77145270818517631] ; [0.11285787358753405, 0.025848029799593469]
840 ; 32 ; 3 ; 4 ; [0.028896162866485556] ; [0.011882007127851866]
840 ; 32 ; 5 ; 0 ; [0.091076327999867174, 0.05436357735001468, 0.015534495246942328] ; [0.2803056029065204, 0.31548630845589326, 0.31146022464915601]
840 ; 32 ; 6 ; 0 ; [0.034713004478800033, 0.043371520332762203, 0.037080327080506854, 0.03417708988311878] ; [0.19915404619905661, 0.26781499762187183, 0.2018128037603602, 0.14932765681547902]
840 ; 32 ; 6 ; 1 ; [0.33072822181158318, 0.44882504065677187] ; [0.14296451886407147, 0.15006002328572199]
840 ; 32 ; 6 ; 2 ; [0.28355556284156491] ; [0.58159234587674857]
840 ; 32 ; 7 ; 0 ; [0.063931740609594431, 0.13548019237058179, 0.057248360552779494] ; [0.14511849297562537, 0.17960594339898597, 0.10317211952720903]
840 ; 32 ; 8 ; 0 ; [0.23095560937186912] ; [0.17428677961524594]
840 ; 32 ; 8 ; 1 ; [1.0052125263267395] ; [4.5003784217777065]
840 ; 32 ; 8 ; 3 ; [1.8229129027734905] ; [6.4073532084921228]
840 ; 32 ; 8 ; 4 ; [3.2456768208844102] ; [2.9337291764313416]
840 ; 32 ; 8 ; 8 ; [3.0974829972453577] ; [4.1271235931188652]
840 ; 32 ; 9 ; 0 ; [0.0010999887518948479] ; [1.3325346911020712]
840 ; 32 ; 9 ; 1 ; [-0.0066859866304885794] ; [-0.31319682332746213]
840 ; 32 ; 10 ; 0 ; [-0.0066969568948759316, -0.0010231654708814594] ; [0.1885083656494049, 0.12338988900104475]
840 ; 32 ; 11 ; 0 ; [0.17889913168032176] ; [0.087869966599262286]
840 ; 32 ; 11 ; 11 ; [1.2810962100725107] ; [1.1317442020511737]
840 ; 32 ; 11 ; 14 ; [0.038679275611345029] ; [0.62350897946742057]
840 ; 32 ; 12 ; 0 ; [2.3933791198139587] ; [2.1164265279864014]
840 ; 32 ; 12 ; 2 ; [1.8812785208692819] ; [1.8438979925708174]
840 ; 32 ; 13 ; 0 ; [0.2764193696489034, 0.68228341856075148] ; [0.20752582185479548, 0.098004987781435113]
840 ; 32 ; 13 ; 3 ; [0.090562145681494635] ; [0.0090290395099404328]
840 ; 32 ; 14 ; 0 ; [0.28317207508090009, 0.90893460517283575] ; [0.27351408423712237, 0.1150130007639666]
840 ; 32 ; 14 ; 1 ; [0.57990765640853648] ; [0.056428261937607083]
840 ; 32 ; 14 ; 4 ; [1.0517059898761272] ; [2.1099131917413638]
840 ; 32 ; 14 ; 14 ; [1.9934107269800312] ; [1.3825102740695825]
840 ; 32 ; 14 ; 21 ; [1.4402875835488627] ; [0.98571280629297897]
840 ; 32 ; 14 ; 22 ; [0.98265652754161392] ; [1.6461591433347551]
840 ; 32 ; 15 ; 0 ; [1.5140291174438614] ; [1.229655249515216]
840 ; 32 ; 15 ; 7 ; [0.059307777364931286] ; [0.32864973689870514]
840 ; 32 ; 15 ; 13 ; [3.5214691493949641] ; [2.1646634045831443]
840 ; 32 ; 15 ; 14 ; [1.5566965872460143] ; [0.2771761167377248]
840 ; 32 ; 15 ; 15 ; [2.1721020992347162] ; [0.93498538518058272]
840 ; 32 ; 15 ; 16 ; [0.62568397788161512] ; [2.734411484543775]
840 ; 32 ; 15 ; 17 ; [4.4117509128261911] ; [1.6272804371941476]
840 ; 32 ; 15 ; 18 ; [1.2433455283128716] ; [1.1559783845835179]
840 ; 32 ; 15 ; 24 ; [4.5625562562674382] ; [0.47557679153253768]
840 ; 32 ; 15 ; 26 ; [1.9627730508185313] ; [1.3932028680479012]
840 ; 32 ; 15 ; 27 ; [1.131977605763838, 0.89911734278399935, 0.60900632037564673] ; [0.54377776990898485, 0.27052589965183133, 0.13303304154806006]
840 ; 32 ; 15 ; 28 ; [2.5290726989175552] ; [0.70751783433284721]
840 ; 32 ; 15 ; 29 ; [0.68229787146180687, 1.1766371576700951] ; [6.7717234548233352, 2.1931560534316987]
840 ; 32 ; 15 ; 30 ; [1.6881150653522898] ; [4.2320194384731744]
840 ; 32 ; 15 ; 31 ; [0.28100720572093063] ; [1.0504380046721082]
840 ; 32 ; 15 ; 32 ; [0.071635061651291312] ; [0.93404412290623162]
840 ; 32 ; 16 ; 0 ; [0.091316811502243619] ; [0.02485841747729543]
840 ; 32 ; 16 ; 1 ; [0.027012945640571492, 0.093101539026961264, 0.10951302963204852] ; [0.19875757713464867, 0.31407841064824388, 0.34858520252696185]
840 ; 32 ; 17 ; 0 ; [0.20537405991300578] ; [0.42609435114570887]
840 ; 32 ; 17 ; 1 ; [0.35179013278103433] ; [0.75206742656449099]
840 ; 32 ; 17 ; 3 ; [0.056799664593239922] ; [0.23756277890192815]
840 ; 32 ; 18 ; 0 ; [0.93402021801754342, 0.53042601760471597] ; [0.22650829985389145, 0.090299694227615662]
840 ; 32 ; 19 ; 1 ; [0.19965350700736501] ; [1.6937912592750748]
840 ; 32 ; 19 ; 5 ; [-0.076529642977510318] ; [1.2339430676274554]
840 ; 32 ; 20 ; 1 ; [2.3290912772827292] ; [0.35956088721680557]
840 ; 32 ; 20 ; 2 ; [2.3652948610025795] ; [1.0013137521051996]
840 ; 32 ; 20 ; 4 ; [0.22679772071590884] ; [0.34477479360169183]
840 ; 32 ; 20 ; 5 ; [0.68382876338889409] ; [1.0692832048835788]
840 ; 32 ; 20 ; 9 ; [1.7034838641428869] ; [1.8352535575779478]
840 ; 32 ; 20 ; 11 ; [0.41809739538094887] ; [2.9454718519245358]
840 ; 32 ; 20 ; 12 ; [0.33071668500035367] ; [0.96195866003016728]
840 ; 32 ; 20 ; 13 ; [1.0188146168943439, 0.16306135839304617] ; [0.91368825567534973, 2.1612434969453851]
840 ; 32 ; 20 ; 15 ; [1.2851914619602747] ; [1.7199556960910261]
840 ; 32 ; 20 ; 18 ; [5.5802047557059691] ; [2.9104136703852834]
840 ; 32 ; 20 ; 21 ; [0.4637599393092085] ; [1.9426792581301429]
840 ; 32 ; 20 ; 28 ; [1.7902446397254195] ; [0.098943034197990401]
840 ; 32 ; 21 ; 0 ; [0.11134214909896119, 0.01866862465691322, 0.051806676268379037, 0.061260274911564189, 0.11539633598119653] ; [0.82170907821317818, 0.29865297884104386, 0.18115969939813134, 0.28768524370333426, 0.27885142968528875]
840 ; 32 ; 22 ; 0 ; [1.0803219086596767] ; [1.0515715703661077]
840 ; 32 ; 22 ; 4 ; [-0.021571568640989892] ; [0.55477658947604547]
840 ; 32 ; 23 ; 0 ; [0.39934086103288757, 0.37130086460747325, 0.4194922111331767] ; [0.46012433204827308, 0.76456927470960734, 1.4632129528322084]
840 ; 32 ; 24 ; 0 ; [0.55145718770155838] ; [0.80636851602163206]
840 ; 32 ; 25 ; 1 ; [1.7906249310243185] ; [1.8235985005193482]
840 ; 32 ; 25 ; 2 ; [1.4857354935476597] ; [1.538827120329296]
840 ; 32 ; 25 ; 8 ; [0.36442216219819595] ; [0.52977349968567611]
840 ; 32 ; 26 ; 0 ; [0.13587903160749201] ; [7.9047897294534142]
840 ; 32 ; 27 ; 0 ; [-0.0032810922975461633, 0.009902575350405356, 0.046976477955791351, 0.14630510766819929] ; [0.21102471240099335, 0.22852548430732028, 0.19199494231048403, 0.18581084259598993]
840 ; 32 ; 28 ; 0 ; [0.04167084952942629] ; [0.10561129147729559]
840 ; 32 ; 28 ; 1 ; [0.81616746397590334] ; [0.43785790989217505]
840 ; 32 ; 28 ; 2 ; [0.2127958834136236] ; [0.43639746094065418]
840 ; 32 ; 28 ; 3 ; [0.38713484824955569] ; [0.83584304544269605]
840 ; 32 ; 29 ; 0 ; [0.92370091589462699] ; [0.71932370874436535]
840 ; 32 ; 29 ; 2 ; [0.53007893755457069] ; [0.36223124818016089]
840 ; 32 ; 30 ; 0 ; [0.61365945022556168] ; [0.18651279500066467]
840 ; 32 ; 30 ; 4 ; [1.3775945899703994] ; [1.0931876214937881]
840 ; 32 ; 31 ; 0 ; [0.41676320805820577] ; [0.38788364480356169]
840 ; 32 ; 33 ; 0 ; [0.00020986815554575419, 0.23489520718651971] ; [0.20796495853908753, 0.12784672876224867]
840 ; 32 ; 33 ; 1 ; [0.084390121441592691, 0.20063322774306572, 0.23461980433241261, 0.23622766642324622] ; [0.32448098623815996, 0.1959795988057835, 0.26102151750805919, 0.13533253777883905]
840 ; 32 ; 34 ; 1 ; [0.020509559582131024] ; [0.10485517039768888]
840 ; 32 ; 34 ; 3 ; [0.10273026905302712, 0.429784943078726, 0.23727984991983794, 0.23669300955668451] ; [0.21316680296414303, 0.64160230182756506, 0.34886193631995721, 0.22653117501100126]
840 ; 32 ; 35 ; 0 ; [0.24351559642430462] ; [0.12466256592924604]
840 ; 32 ; 35 ; 1 ; [0.36468417015974552] ; [0.32894007700811595]
840 ; 32 ; 35 ; 12 ; [0.48702465676148787] ; [0.45019465790089569]
840 ; 32 ; 35 ; 13 ; [0.40023981780583007] ; [0.4153945119941454]
840 ; 32 ; 36 ; 0 ; [0.50090608208235288, 0.26198058147067288, 0.20739647750913662] ; [0.16843469905853889, 0.25116504085539831, 0.12969842952467414]
840 ; 32 ; 36 ; 1 ; [0.86657467017514134] ; [0.14934433459357518]
840 ; 32 ; 37 ; 1 ; [0.87115553084974695] ; [1.3131204653593902]
840 ; 32 ; 37 ; 3 ; [1.6364962075365637] ; [2.4534907012177047]
840 ; 32 ; 37 ; 4 ; [0.73469240384380874] ; [0.56444732949102217]
840 ; 32 ; 38 ; 0 ; [0.47939501503521598] ; [0.33527636011075723]
840 ; 32 ; 38 ; 1 ; [0.83774849110171468] ; [0.87487804968942029]
840 ; 32 ; 38 ; 3 ; [0.072997456251921236, 0.40415066783736192, 0.80371724429166702, 0.23377732946037755] ; [0.0036700024069703297, 0.40455465551103625, 1.239165820068675, 0.23895253766406779]
840 ; 32 ; 39 ; 0 ; [4.1458236449445121] ; [0.30087159573094208]
840 ; 32 ; 39 ; 1 ; [0.091665575466331431] ; [0.024126595849889874]
840 ; 32 ; 39 ; 2 ; [1.3250360897800977] ; [0.83306204344054946]
840 ; 32 ; 39 ; 3 ; [0.99743858482905789] ; [0.61291242887250119]
840 ; 32 ; 39 ; 4 ; [0.42771623212033366] ; [0.43593461651783366]
840 ; 32 ; 39 ; 5 ; [1.6684802820685574] ; [1.0913686595631109]
840 ; 32 ; 39 ; 11 ; [1.8379968807795406] ; [0.43635912151312667]
840 ; 32 ; 40 ; 0 ; [0.67723733152855725] ; [0.057776475072939815]
840 ; 32 ; 40 ; 1 ; [0.81109491327170469] ; [0.51240757384482516]
840 ; 32 ; 40 ; 2 ; [0.47424512383819334] ; [4.2409978922681839]
840 ; 32 ; 41 ; 0 ; [-0.0066273760495559565, 0.036064874365469117] ; [1.097378689110754, 1.9756439909290491]
840 ; 32 ; 41 ; 1 ; [2.2869398085737482] ; [0.81045411858473904]
840 ; 32 ; 42 ; 0 ; [0.6305689834270245] ; [0.59761418058976001]
840 ; 32 ; 42 ; 2 ; [0.5845111313133049] ; [0.55087575280064904]
840 ; 32 ; 44 ; 0 ; [0.11319428251060311, 0.016934997997213659, 0.025037727056357588, 0.12065409171350795] ; [0.1770177846374798, 0.18383475923247325, 0.19209843667520624, 0.037546147536368528]
840 ; 32 ; 44 ; 1 ; [0.19466748609309587] ; [-0.019002175489862369]
840 ; 32 ; 45 ; 0 ; [0.1163972522968906] ; [0.7085104902430418]
840 ; 32 ; 45 ; 1 ; [0.30584109656960123, 0.111371563793558] ; [-0.0040508014189394106, -0.0038766454096801472]
840 ; 32 ; 45 ; 2 ; [0.51752939147209032] ; [0.18678032440030942]
840 ; 32 ; 45 ; 4 ; [0.034255298362572704] ; [0.91535852030831932]
840 ; 32 ; 46 ; 0 ; [9.1176911860153194] ; [0.34475754162182942]
840 ; 32 ; 46 ; 1 ; [0.49175629145642064] ; [1.7851719390835856]
840 ; 32 ; 47 ; 0 ; [0.19661209819469033, 0.150131117647646, 0.23177336967053389, 0.15458258112591322, 0.069471001021510784] ; [0.21474438652658859, 0.171933730951466, 0.38596706870887765, 0.20647040230333041, 0.15476007741787814]
840 ; 32 ; 48 ; 0 ; [0.34119176946537316] ; [0.11506351249477814]
840 ; 32 ; 48 ; 1 ; [0.45642591103880159] ; [0.58530429481310753]
840 ; 32 ; 48 ; 2 ; [1.2377160637913365] ; [0.47482833916575046]
840 ; 32 ; 48 ; 7 ; [-0.13986742599714408] ; [1.2818170671856617]
840 ; 32 ; 48 ; 10 ; [0.67219410021456527] ; [0.34497044534809851]
840 ; 32 ; 49 ; 0 ; [0.28545384175342564, 0.16817083591353732] ; [0.21896338000878535, 0.10026446663177897]
840 ; 32 ; 49 ; 1 ; [2.2534097101996187] ; [0.46147194149774678]
840 ; 32 ; 49 ; 2 ; [1.1099729485155909] ; [0.28745973534458796]
840 ; 32 ; 49 ; 3 ; [1.0315128093503751] ; [0.4508995685351212]
840 ; 32 ; 49 ; 6 ; [0.8315102939141944] ; [1.1480833672901452]
840 ; 32 ; 49 ; 7 ; [0.98447171365644659] ; [1.1110252436816077]
840 ; 32 ; 49 ; 13 ; [0.43503091400165056] ; [0.5176265971982883]
840 ; 32 ; 50 ; 0 ; [0.098903925573570431] ; [0.071654455556795352]
840 ; 32 ; 50 ; 4 ; [0.43606067304866059] ; [1.6487054353742858]
840 ; 32 ; 51 ; 0 ; [0.19196583665230338] ; [0.028771778573447281]
840 ; 32 ; 52 ; 0 ; [0.64465641566418663] ; [0.23680907762096653]
840 ; 32 ; 52 ; 1 ; [0.20562755653023035] ; [1.1276944740822994]
840 ; 32 ; 52 ; 2 ; [0.7623949061284585] ; [0.65893868543325551]
840 ; 32 ; 52 ; 4 ; [0.73454061332318898] ; [0.9805026254695236]
840 ; 32 ; 52 ; 10 ; [0.52242457125765118] ; [0.93538404153973631]
840 ; 32 ; 52 ; 11 ; [0.26632382812628796] ; [-0.054313555869391107]
840 ; 32 ; 52 ; 17 ; [0.73912556718289868] ; [0.011109398362001819]
840 ; 32 ; 52 ; 18 ; [1.9009710951298271] ; [0.41806367433759589]
840 ; 32 ; 53 ; 0 ; [1.3016308995535926] ; [0.016742796877845245]
840 ; 32 ; 53 ; 1 ; [1.0917046330289366] ; [3.6812397035646205]
840 ; 32 ; 53 ; 6 ; [1.5359025985705523] ; [1.5475567492417173]
840 ; 32 ; 53 ; 7 ; [1.8758525053091446] ; [1.3604021719736874]
840 ; 32 ; 53 ; 8 ; [1.5740819129060952] ; [1.4803031463266749]
840 ; 32 ; 53 ; 9 ; [1.0002139978332525] ; [2.1304542047535096]
840 ; 32 ; 53 ; 14 ; [1.7233457350219175] ; [1.4108377175703644]
840 ; 32 ; 53 ; 18 ; [0.064479802845647818] ; [2.0061318911840242]
840 ; 32 ; 54 ; 0 ; [0.087229678769912042] ; [0.096543273967638343]
840 ; 32 ; 55 ; 0 ; [1.5005588724953818, 2.8860710876724927, 1.6757638973770959] ; [0.82190357482349319, 0.37592975129096096, 0.061673569142369253]
840 ; 32 ; 55 ; 1 ; [0.51677458996733061] ; [2.6575701892554453]
840 ; 32 ; 56 ; 0 ; [1.0384888212560881] ; [0.013982170797342167]
840 ; 32 ; 56 ; 2 ; [1.1851208315620776] ; [0.60571593933814638]
840 ; 32 ; 57 ; 1 ; [0.32778083929789475] ; [1.3435805991468626]
840 ; 32 ; 59 ; 0 ; [0.24088255503451367] ; [0.14824122728374087]
840 ; 32 ; 59 ; 1 ; [0.39746467127266644] ; [6.3739792700626507]
840 ; 32 ; 59 ; 3 ; [3.5752979569797052] ; [0.86796197009225273]
840 ; 32 ; 59 ; 4 ; [1.4807707724685342] ; [7.0510064245283663]
840 ; 32 ; 59 ; 6 ; [2.0870198543210865] ; [0.48981432480862863]
840 ; 32 ; 59 ; 8 ; [1.3016564182945622] ; [2.0906578255983339]
840 ; 32 ; 59 ; 10 ; [1.3684528275419312] ; [1.2218723197325352]
840 ; 32 ; 59 ; 11 ; [3.7620529388570283] ; [0.3341181346740934]
840 ; 32 ; 59 ; 12 ; [0.056199633146685343] ; [0.7581687371992607]
840 ; 32 ; 59 ; 13 ; [0.49075651403901915] ; [0.52060224756306372]
840 ; 32 ; 59 ; 14 ; [0.04520771748954195] ; [8.1299294695131508]
840 ; 32 ; 59 ; 16 ; [0.58937875796848316] ; [5.9169980992141111]
840 ; 32 ; 59 ; 17 ; [1.3845706133405029] ; [2.816653467554294]
840 ; 32 ; 59 ; 22 ; [3.2533613810295194] ; [0.84789445306675193]
840 ; 32 ; 59 ; 23 ; [9.5069066150701111] ; [0.44006439074327558]
840 ; 32 ; 60 ; 0 ; [0.61685393881534178] ; [0.35975764867285276]
840 ; 32 ; 60 ; 1 ; [0.68660656622578975] ; [0.049094324598383053]
840 ; 32 ; 61 ; 0 ; [0.020306964352355471, -0.0038153410306950596, 0.00042513156233946946] ; [0.1901448167497562, 0.22601536263128336, 0.13197099373702562]
840 ; 32 ; 62 ; 0 ; [0.58550037256724652] ; [0.85292400331980101]
840 ; 32 ; 62 ; 1 ; [1.0582227012032963] ; [1.1593617303327526]
840 ; 32 ; 62 ; 3 ; [0.75252159559169096] ; [1.0356950071259017]
840 ; 32 ; 63 ; 2 ; [2.6910745691274163] ; [0.21703190012973519]
840 ; 32 ; 63 ; 10 ; [1.7795452629380875] ; [0.38350351901962598]
840 ; 32 ; 63 ; 11 ; [1.4468500117282914] ; [1.1109902276482917]
840 ; 32 ; 63 ; 14 ; [1.5804407552580879] ; [2.4859659380264931]
840 ; 32 ; 63 ; 15 ; [2.0140084964611171] ; [0.75000956736259261]
840 ; 32 ; 63 ; 16 ; [1.3462442546028381] ; [1.6111287523150568]
840 ; 32 ; 63 ; 17 ; [1.4694908902933845] ; [1.237013186094287]
840 ; 32 ; 63 ; 18 ; [1.4920606542555326] ; [2.1576187821426616]
840 ; 32 ; 63 ; 19 ; [0.54638059262835847] ; [1.8111800866086765]
840 ; 32 ; 63 ; 21 ; [5.5994827193311689] ; [4.8349123448343043]
840 ; 32 ; 63 ; 23 ; [0.47032173952373346] ; [1.7964504429026662]
840 ; 32 ; 63 ; 29 ; [0.78041716032182296] ; [0.55946216455685138]
840 ; 32 ; 64 ; 0 ; [0.35947639414992705, 0.30647251982079832, 0.44664329705430605] ; [0.27452021023272244, 0.32446334723053732, 0.13177498975439919]
840 ; 32 ; 65 ; 0 ; [-0.0030408497495298531, 0.044891338901630488, -0.0010885008453597369] ; [0.16427421725161784, 0.18696673699154542, 0.12081929983222008]
840 ; 32 ; 66 ; 0 ; [0.026706520844289438, 0.0016716003691563102, 0.0043195036031665225, 0.0010947606191670091] ; [0.33285111107667964, 0.27616160013371976, 0.21680436120352459, 0.22757116616922921]
840 ; 32 ; 67 ; 0 ; [0.50896167201290266] ; [0.33937039582560513]
840 ; 32 ; 68 ; 0 ; [0.29215439273311966] ; [0.25793704116990562]
840 ; 32 ; 68 ; 2 ; [0.44446787856711611] ; [0.085119256558295553]
840 ; 32 ; 68 ; 3 ; [1.3330464774356174] ; [0.19418885879455317]
840 ; 32 ; 69 ; 0 ; [0.12959671109200696, 0.15144375262743998, 0.23684115355658764, 0.13025325375591262] ; [0.18357290111825353, 0.24218064262234038, 0.24952082176504772, 0.30081482080900096]
840 ; 32 ; 70 ; 3 ; [1.2075549027447865] ; [6.2705711627946732]
840 ; 32 ; 71 ; 0 ; [0.26856560683252334] ; [3.2565498041919678]
840 ; 32 ; 71 ; 1 ; [0.79800070810355705] ; [1.9558610642649332]
840 ; 32 ; 71 ; 3 ; [1.9911101755165301] ; [1.7252137974216546]
840 ; 32 ; 71 ; 6 ; [1.1576676378047388] ; [1.8512498196062803]
840 ; 32 ; 71 ; 8 ; [1.5889026078592852] ; [3.0568232747242372]
840 ; 32 ; 71 ; 9 ; [1.4696557037268767] ; [1.8462856199541737]
840 ; 32 ; 71 ; 10 ; [1.0792364801399013] ; [1.5398934236778554]
840 ; 32 ; 71 ; 14 ; [3.3631120368423302] ; [1.3739792988550064]
840 ; 32 ; 71 ; 15 ; [2.1154218992718508] ; [2.1682011639178045]
840 ; 32 ; 71 ; 16 ; [0.80000883527894096] ; [1.5895986975075969]
840 ; 32 ; 71 ; 17 ; [1.5493857580011439] ; [1.6994251469410488]
840 ; 32 ; 71 ; 18 ; [1.1573505059235762] ; [1.6592734267298632]
840 ; 32 ; 71 ; 20 ; [1.5048399858937689] ; [1.9266928753980626]
840 ; 32 ; 71 ; 25 ; [2.3284232664200961] ; [2.0508799142917242]
840 ; 32 ; 71 ; 29 ; [0.96862493278380424] ; [1.5208014445505025]
840 ; 32 ; 71 ; 30 ; [1.7887883236589883] ; [1.8747397569286377]
840 ; 32 ; 71 ; 31 ; [1.7222627104537234] ; [2.1112148843478025]
840 ; 32 ; 72 ; 0 ; [0.31972790490195308] ; [0.4200072684529142]
840 ; 32 ; 72 ; 1 ; [0.22551040977111092] ; [0.15656614605003341]
840 ; 32 ; 72 ; 2 ; [0.70227897749959334] ; [0.044972860084527347]
840 ; 32 ; 72 ; 3 ; [2.4238279582698006] ; [0.23522644727625194]
840 ; 32 ; 72 ; 4 ; [0.36420987808798699] ; [0.081927626331515235]
840 ; 32 ; 73 ; 0 ; [1.1201082807935372] ; [0.64692097711370333]
840 ; 32 ; 73 ; 3 ; [0.45049522268762809] ; [0.56340826222301843]
840 ; 32 ; 73 ; 6 ; [1.3019966201589592] ; [0.34328016566646702]
840 ; 32 ; 73 ; 7 ; [1.5118797155549808] ; [1.6123568065875722]
840 ; 32 ; 74 ; 0 ; [0.10729395322771881] ; [0.14127602934578645]
840 ; 32 ; 74 ; 2 ; [1.0287967033392971] ; [1.2175751849347836]
840 ; 32 ; 75 ; 0 ; [0.070001847911161513, 0.1199307413874553, 0.042816758878431213] ; [0.14879878456534834, 0.12703007376132081, 0.1078174815513923]
840 ; 32 ; 76 ; 0 ; [0.20818588483489869] ; [1.7051512936496163]
840 ; 32 ; 76 ; 1 ; [0.56432797681638247] ; [0.013899545502143496]
840 ; 32 ; 76 ; 6 ; [2.820270127173476] ; [0.031234366710178374]
840 ; 32 ; 76 ; 7 ; [1.9431753754595442] ; [0.34542998205747982]
840 ; 32 ; 76 ; 8 ; [3.2113720403237145] ; [2.3029324749508211]
840 ; 32 ; 76 ; 10 ; [1.5985428425227908] ; [1.8962327393156033]
840 ; 32 ; 77 ; 0 ; [0.42105766455334281, 0.38050925205227332, 0.46100040575370382, 0.19878098033935079] ; [0.25474652250704505, 0.12233385526670279, 0.47411183595710243, 0.19979941911652369]
840 ; 32 ; 78 ; 0 ; [0.33960500723363946] ; [0.26030557861373077]
840 ; 32 ; 78 ; 1 ; [0.0017505902511831073] ; [-0.0079851273779044211]
840 ; 32 ; 78 ; 6 ; [0.62974446673709017] ; [0.97060648507065828]
840 ; 32 ; 78 ; 7 ; [0.57073163658976411] ; [0.1852819414872855]
840 ; 32 ; 79 ; 0 ; [1.7696232736405442, -3.1979852673102567] ; [0.58719794501314115, 0.31455992020813239]
840 ; 32 ; 79 ; 1 ; [0.9448005306495465] ; [0.43666711168327998]
840 ; 32 ; 80 ; 0 ; [0.2284843504792636, 0.20705919268225151, 0.26924616357018516, 0.15858996544246168] ; [0.21849280574313523, 0.21755396871682933, 0.19093869783356138, 0.19745638175192728]
840 ; 32 ; 81 ; 0 ; [0.4840246878974937, 0.030719729702872473] ; [0.31959043525945041, 0.065021818252144176]
840 ; 32 ; 82 ; 0 ; [0.045015178903426566, -0.17351391577472697, -0.10933983185825043, -0.053841684387715236] ; [0.49421008195643573, 0.22603221250109654, 0.60967814840441636, 0.098858274307281654]
840 ; 32 ; 82 ; 1 ; [1.34244009734356, 0.13690371806962681] ; [0.38331239550565971, 0.10507979809948283]
840 ; 32 ; 83 ; 0 ; [0.25129542665221183, 0.28617035114211842] ; [0.020679875662447288, 0.14470878778020127]
840 ; 32 ; 83 ; 1 ; [0.49776159252945529] ; [0.11884158448489485]
840 ; 32 ; 84 ; 0 ; [0.14348563452638483] ; [0.096716338337427876]
840 ; 32 ; 85 ; 0 ; [0.0012085321092901681, -0.0060781422002119494, 0.019711000347382192] ; [0.24662544384819596, 0.17081557654113677, 0.025282677502581698]
840 ; 32 ; 86 ; 0 ; [0.037823693913670554] ; [-0.019037001411484046]
840 ; 32 ; 87 ; 0 ; [1.7064383803489496] ; [0.82888927571592474]
840 ; 32 ; 87 ; 1 ; [0.88892403882336157] ; [1.8548826332463053]
840 ; 32 ; 88 ; 0 ; [0.16966010330364278, 0.15881069322330965, 0.039012094373822304, 0.64215738288202495] ; [0.2008635261754203, 0.2609212578927812, 0.38666884007410474, 0.32792164095635368]
840 ; 32 ; 88 ; 1 ; [0.45065799625429431] ; [0.13282749422668907]
840 ; 32 ; 90 ; 0 ; [0.071547871981824662, 0.56997135987306069, 0.082560259865514865, 0.098334258125303872, 0.12587586709143814] ; [0.17443148051644866, 0.56310554854243744, 0.53011533994797322, 0.29462462527373784, 0.10328014305486537]
840 ; 32 ; 91 ; 0 ; [1.0137556900779106] ; [1.0352654940635706]
840 ; 32 ; 91 ; 7 ; [0.74357993608904627] ; [0.92818822235325793]
840 ; 32 ; 92 ; 0 ; [0.21430094239611608, 0.24098552284612357, 0.10773751548358773] ; [0.26107235892211544, 0.22637586603892254, 0.15766430630077935]
840 ; 32 ; 93 ; 0 ; [0.39724467572690014] ; [0.5081288689211203]
840 ; 32 ; 93 ; 8 ; [-0.080449528084768115] ; [-0.16144997533042246]
840 ; 32 ; 93 ; 11 ; [0.068029516037559204] ; [0.012509518866614153]
840 ; 32 ; 94 ; 0 ; [0.2442355260759104] ; [0.73368747182683958]
840 ; 32 ; 94 ; 1 ; [0.96514724905929516] ; [0.36332700298443665]
840 ; 32 ; 94 ; 2 ; [2.266805531949712] ; [0.45705459780742064]
840 ; 32 ; 94 ; 4 ; [1.4490951879082168] ; [-0.010654662006092868]
840 ; 32 ; 94 ; 8 ; [3.2552770240600397] ; [1.8333158979336175]
840 ; 32 ; 94 ; 22 ; [0.22593866221564296] ; [1.7359821152150319]
840 ; 32 ; 94 ; 28 ; [0.042923721074220524] ; [0.2446371971387889]
840 ; 32 ; 94 ; 29 ; [0.14333993716297375] ; [1.5267633415638755]
840 ; 32 ; 94 ; 30 ; [0.22866179100775957] ; [1.1540055708973287]
840 ; 32 ; 95 ; 0 ; [0.18512825610457548] ; [0.089741983149813326]
840 ; 32 ; 95 ; 5 ; [0.0560040967984708] ; [0.12033805777458538]
840 ; 32 ; 96 ; 0 ; [0.28904982131575568, 0.1852409385084666, 0.11170166501179665] ; [0.69969649028886505, 0.29486065277064472, 0.18138428227799963]
840 ; 32 ; 97 ; 0 ; [0.37654337266921489] ; [0.011705655433342677]
840 ; 32 ; 97 ; 3 ; [0.012050895656999764] ; [0.005368621026517824]
840 ; 32 ; 98 ; 0 ; [0.25008565124042548] ; [0.17525997379233749]
840 ; 32 ; 98 ; 1 ; [1.1388212076801516] ; [1.0577682674801094]
840 ; 32 ; 98 ; 2 ; [1.2935047838128593] ; [1.9732490149669335]
840 ; 32 ; 98 ; 9 ; [3.454393463872627] ; [0.78918589299419906]
840 ; 32 ; 98 ; 10 ; [1.5526085456401517] ; [1.7752516035213848]
840 ; 32 ; 98 ; 11 ; [0.99327203933622288] ; [1.2989144440936868]
840 ; 32 ; 98 ; 16 ; [0.073109815884569246] ; [1.8513555673022848]
840 ; 32 ; 98 ; 29 ; [2.9602388860513704] ; [6.1103259022807306]
840 ; 32 ; 98 ; 31 ; [2.1651862160658877] ; [2.0673104427962201]
840 ; 32 ; 98 ; 32 ; [0.93374894840037492] ; [0.55944924666165452]
840 ; 32 ; 98 ; 33 ; [1.1222056300719625] ; [1.0068191731707641]
840 ; 32 ; 100 ; 0 ; [0.00076452750705848806, -0.0050417006784596891, 0.012705886065187008] ; [0.11388248557386413, 0.21681797955566062, 0.1518196533059552]
840 ; 32 ; 100 ; 1 ; [0.23523229512647131] ; [0.19363578633774942]
840 ; 32 ; 101 ; 0 ; [0.13980104907834601] ; [0.10671183045299065]
840 ; 32 ; 102 ; 0 ; [0.7964016272813883, 0.65200812154368737] ; [0.56331676225838268, 0.64854961834211089]
840 ; 32 ; 103 ; 0 ; [0.25135593115158122, 0.14304800332342865] ; [0.17200777291817243, 0.12327280968530972]
840 ; 32 ; 104 ; 0 ; [0.17558206086193279, 0.12119466565052259, 0.033908662350776241] ; [0.36122072575286596, 0.22327660559660165, 0.084196163802381707]
840 ; 32 ; 105 ; 0 ; [0.15045066730620499] ; [0.036085707255671777]
840 ; 32 ; 106 ; 0 ; [0.22815287671801393, 0.42144528470795928] ; [0.3474213241715694, 0.52621222902672626]
840 ; 32 ; 106 ; 4 ; [1.2909109366400642, -0.22753617643464169] ; [0.22378999570085287, 0.75979227950582739]
840 ; 32 ; 107 ; 0 ; [0.18860703167672144, 0.35640731295917949, 0.41803500466537213] ; [0.23420318438648155, 0.54373240673722179, 0.47010127224579112]
840 ; 32 ; 108 ; 0 ; [1.0862965118645216] ; [3.5355492436893785]
840 ; 32 ; 108 ; 1 ; [0.056536333066583407] ; [-0.029655809260661695]
840 ; 32 ; 108 ; 3 ; [1.1572616206732065] ; [1.5870021400418246]
840 ; 32 ; 109 ; 0 ; [0.12625857018399103] ; [-0.028675229143117945]
840 ; 32 ; 109 ; 2 ; [0.36193044187372225] ; [0.50277788642629107]
840 ; 32 ; 110 ; 1 ; [1.7519404044197948] ; [2.2916976893504306]
840 ; 32 ; 110 ; 6 ; [0.53410888628223596] ; [-0.15033660455783804]
840 ; 32 ; 111 ; 0 ; [0.61353735860855318] ; [0.15076324939610924]
840 ; 32 ; 111 ; 1 ; [1.0414349606424118] ; [0.82242132767381004]
840 ; 32 ; 111 ; 8 ; [0.32291297186701851] ; [-0.0033656604510568177]
840 ; 32 ; 111 ; 9 ; [0.78033221041941281] ; [-0.082328930152071017]
840 ; 32 ; 112 ; 0 ; [0.28204018553014448, 0.31290239483621074, 0.27529237873970286] ; [0.22157596075456415, 0.23826347748003102, 0.15820644063489228]
840 ; 32 ; 113 ; 0 ; [0.022368142575089421, 0.20680941504518124, 0.0088318323792175579] ; [0.19141864512019655, 0.40336525729548728, 0.1754109153076846]
840 ; 32 ; 114 ; 0 ; [0.17687733216560769] ; [1.0672470584773643]
840 ; 32 ; 114 ; 1 ; [0.62309640954599188] ; [0.93445841919449935]
840 ; 32 ; 114 ; 4 ; [0.37407698858671889] ; [0.14069894024186705]
840 ; 32 ; 115 ; 2 ; [0.37955833021255192] ; [0.72131951825493168]
840 ; 32 ; 115 ; 4 ; [1.4732633487071378] ; [1.1359032172445096]
840 ; 32 ; 115 ; 5 ; [1.0440773152970477] ; [1.8920730726358865]
840 ; 32 ; 115 ; 7 ; [0.80502608711767287] ; [1.5324589060791891]
840 ; 32 ; 115 ; 9 ; [3.6809795283922329] ; [0.085331431576201058]
840 ; 32 ; 115 ; 10 ; [0.064936249581758532] ; [0.0019236938243129349]
840 ; 32 ; 115 ; 12 ; [1.5831754465117163] ; [0.37773144112529994]
840 ; 32 ; 115 ; 16 ; [1.0951984118999802] ; [1.785202539316451]
840 ; 32 ; 115 ; 21 ; [0.35007338192818255] ; [0.52413535577204773]
840 ; 32 ; 116 ; 0 ; [2.1924749446561322] ; [0.61132951857225903]
840 ; 32 ; 116 ; 2 ; [1.4098352549390893] ; [0.0028100801531604149]
840 ; 32 ; 116 ; 3 ; [0.21441106572322224] ; [0.070737569308568962]
840 ; 32 ; 116 ; 4 ; [1.5334666850730074] ; [0.27744420036572387]
840 ; 32 ; 117 ; 0 ; [0.06019006632573206, 0.015994622759901291, 0.056564355090860156, 0.093165896566418355, 0.046903918305282975] ; [0.13784640709409313, 0.1257505992437678, 0.29533448951073837, 0.28667283680750255, 0.092069818813930893]
840 ; 32 ; 118 ; 0 ; [0.15429191866483483, 0.25376982948019072, 0.24108721325999327] ; [0.19772410644231023, 0.17335675269684114, 0.31823000885126257]
840 ; 32 ; 118 ; 1 ; [0.3983135073138146, 0.24421357761422971] ; [0.046636785465292457, 0.079458312408646398]
840 ; 32 ; 118 ; 2 ; [0.12645411315439647] ; [0.055213742582456371]
840 ; 32 ; 120 ; 0 ; [0.075763652525549341, 0.044072303156509486] ; [0.22277385901741192, 0.061592336154428863]
840 ; 32 ; 121 ; 0 ; [1.3111885924728401, 1.5568174731931899] ; [0.25216673322381528, 0.80770568321113978]
840 ; 32 ; 121 ; 1 ; [1.620931099560742, 0.35010717817459647] ; [0.67551556448637085, 0.41731447917685582]
840 ; 32 ; 122 ; 0 ; [2.1932847709397247] ; [0.060020801668954078]
840 ; 32 ; 122 ; 1 ; [0.23476367456850519] ; [1.5445231014425713]
840 ; 32 ; 122 ; 3 ; [0.2501380336291481] ; [5.952331296392801]
840 ; 32 ; 122 ; 4 ; [0.4783739800187678] ; [1.4137644991777674]
840 ; 32 ; 122 ; 5 ; [0.47745056368798827] ; [1.7647295729851222]
840 ; 32 ; 122 ; 7 ; [1.8339743403854212] ; [1.8552653390008749]
840 ; 32 ; 122 ; 8 ; [1.4170795722790603] ; [0.63907146110200908]
840 ; 32 ; 122 ; 10 ; [0.50332038590442874] ; [2.234205237562561]
840 ; 32 ; 122 ; 11 ; [2.6402910618621402] ; [5.8391993348126556]
840 ; 32 ; 123 ; 1 ; [0.11063772889520977] ; [-0.025111454165183882]
840 ; 32 ; 123 ; 2 ; [0.57118355425734957] ; [0.7097528932930246]
840 ; 32 ; 124 ; 0 ; [0.12849725758657007] ; [0.053453541109811667]
840 ; 32 ; 124 ; 1 ; [1.0423108534977146] ; [0.95499220369755422]
840 ; 32 ; 124 ; 3 ; [0.61824301492153189] ; [1.9436623490467677]
840 ; 32 ; 124 ; 4 ; [1.2394849632290119] ; [1.1636054283660597]
840 ; 32 ; 124 ; 10 ; [1.1841821214962598] ; [-0.14719320092886998]
840 ; 32 ; 124 ; 18 ; [-0.21127153735954562] ; [0.090521402715617705]
840 ; 32 ; 124 ; 19 ; [1.5087895517202905] ; [1.7513256608985739]
840 ; 32 ; 124 ; 26 ; [0.47532324918484486] ; [6.2261931181499888]
840 ; 32 ; 125 ; 0 ; [0.2070451513017125, 0.26052329102330318, 0.26113708836192401, 0.23890194152052741] ; [0.1379203360574858, 0.28853052758563452, 0.25274869874293965, 0.32188340463145426]
840 ; 32 ; 126 ; 0 ; [0.96298440963659904] ; [0.54711379808276828]
840 ; 32 ; 127 ; 1 ; [0.77488555669668746] ; [0.32936303869258926]
840 ; 32 ; 127 ; 2 ; [0.11067985430110518] ; [-0.049244742551800641]
840 ; 32 ; 127 ; 6 ; [0.042832036546393733] ; [0.16744247374826055]
840 ; 32 ; 128 ; 0 ; [0.11803497514652848] ; [0.061889740690745813]
840 ; 32 ; 128 ; 1 ; [0.56045702815817688] ; [0.43476762256255608]
840 ; 32 ; 129 ; 0 ; [0.46612918625409255] ; [1.1582903468708297]
840 ; 32 ; 129 ; 1 ; [1.3111734678783411] ; [0.38395539993833266]
840 ; 32 ; 129 ; 2 ; [1.9926906685604888] ; [0.42117200847115971]
840 ; 32 ; 129 ; 6 ; [1.2204783230272944] ; [0.62884046363397328]
840 ; 32 ; 130 ; 0 ; [0.39205365396928948] ; [0.39421008392266049]
840 ; 32 ; 130 ; 1 ; [1.2715596710033283] ; [1.5011745351424599]
840 ; 32 ; 130 ; 7 ; [2.0479621191148709] ; [1.8223519201194709]
840 ; 32 ; 132 ; 0 ; [0.07313039933157045, 0.087591540495526324, 0.050627785761332714, 0.049731479048327837] ; [0.19530017589836421, 0.25330986081837953, 0.17655885927795673, 0.11852631514983583]
840 ; 32 ; 133 ; 0 ; [-0.0072741592449111067, -0.0027580685884868754, 0.0013318972224172878] ; [0.30162434423553108, 0.22367882523229446, 0.0098531704382788087]
840 ; 32 ; 134 ; 0 ; [0.082286091065097031, 0.16936738181010272, 0.039730865584130186, 0.0043597626563030281] ; [0.22652330836098777, 0.26558527213909183, 0.18736106430102115, 0.073749865584789742]
840 ; 32 ; 134 ; 1 ; [0.83988060507082796] ; [0.05089549143392947]
840 ; 32 ; 135 ; 0 ; [2.3224134581253799] ; [0.61026052757262461]
840 ; 32 ; 135 ; 1 ; [0.8358978643599605] ; [0.76031053771645696]
840 ; 32 ; 135 ; 4 ; [1.5304551572847978] ; [2.5309144439838342]
840 ; 32 ; 135 ; 5 ; [1.0376134122597951] ; [0.65367374146393897]
840 ; 32 ; 135 ; 8 ; [0.68902873143460608] ; [0.97083447168915538]
840 ; 32 ; 135 ; 10 ; [2.7717400778287851] ; [1.398607287639563]
840 ; 32 ; 135 ; 11 ; [1.7514889319669045] ; [1.1834261514353002]
840 ; 32 ; 135 ; 18 ; [1.056492903557295] ; [2.0884486360460168]
840 ; 32 ; 135 ; 19 ; [0.8625912391383328] ; [1.0267243754865791]
840 ; 32 ; 135 ; 23 ; [0.67139026527522849] ; [1.829018012090146]
840 ; 32 ; 135 ; 25 ; [1.1041344345829092] ; [0.94962717881091951]
840 ; 32 ; 136 ; 0 ; [0.3007299345399061, 0.30912952440018016, 0.29549450622506723, 0.16700016240537915, 0.051459001075948439] ; [0.22259638088050562, 0.23567606484728576, 0.4210382711918676, 0.21488288724743182, -0.013931891440424385]
840 ; 32 ; 137 ; 0 ; [0.28207319841673434, 0.30142675907099725, 0.1147646467115573, 0.020593128124307178] ; [0.23335794032540177, 0.36584287210625982, 0.1975343009854322, 0.021826001652459424]
840 ; 32 ; 138 ; 0 ; [1.0010997951402278] ; [0.68473232189742095]
840 ; 32 ; 138 ; 3 ; [1.4335991974029128] ; [1.1151091291583102]
840 ; 32 ; 139 ; 0 ; [0.29391344432426297] ; [0.067813839172180895]
840 ; 32 ; 139 ; 7 ; [0.17181522758797255] ; [2.0656203418398142]
840 ; 32 ; 139 ; 9 ; [-0.013341737063985261] ; [0.08045880578484936]
840 ; 32 ; 139 ; 10 ; [-0.0081490238573011676] ; [0.030785068987378764]
840 ; 32 ; 140 ; 0 ; [0.59592308741157951] ; [0.5022389007382374]
840 ; 32 ; 140 ; 1 ; [0.079987883542328594] ; [-0.0063109353261501435]
840 ; 32 ; 140 ; 7 ; [0.13309631751151554] ; [0.30261704232131648]
840 ; 32 ; 141 ; 0 ; [0.18801176462934016, 0.066783449434865763, 0.06915519464106297, 0.19205069087751583] ; [0.80027366158503366, 0.15754424983398649, 0.24990494144878578, 0.12439665475483627]
840 ; 32 ; 141 ; 2 ; [-0.088935137987040572] ; [0.0051365453461791116]
840 ; 32 ; 142 ; 0 ; [0.097049764164386043, 0.094958327960329533, 0.13587547022292751, 0.15266592632123463, 0.027144312426341174] ; [0.14086567293409671, 0.21781459296149508, 0.24468663688735001, 0.25105755193919049, -0.023462277482343797]
840 ; 32 ; 143 ; 0 ; [2.7754571503495957] ; [0.53471067908705838]
840 ; 32 ; 143 ; 1 ; [2.1611110505408084] ; [2.4023975524405494]
840 ; 32 ; 143 ; 2 ; [1.9608797045287873] ; [0.63780975103398629]
840 ; 32 ; 143 ; 3 ; [0.67781810501507866] ; [0.93329318148577411]
840 ; 32 ; 143 ; 4 ; [0.3201338398402358] ; [2.3068578692125872]
840 ; 32 ; 143 ; 6 ; [0.019909376279246695] ; [0.76746678183081207]
840 ; 32 ; 143 ; 7 ; [1.0454359056961278] ; [1.0954329388067678]
840 ; 32 ; 144 ; 0 ; [0.05543884615207427, 0.22038259675058658, 0.055711470437473778] ; [0.24199104464195814, 0.2643901830073257, 0.14927007203984685]
840 ; 32 ; 145 ; 4 ; [0.91972669142348651] ; [0.32678570140455476]
840 ; 32 ; 145 ; 5 ; [1.5862822355557928] ; [1.6780704204652297]
840 ; 32 ; 145 ; 13 ; [0.81298523575179593] ; [3.1199243829448959]
840 ; 32 ; 145 ; 20 ; [0.73667584540603326] ; [2.2004220491109328]
840 ; 32 ; 145 ; 23 ; [2.1768291824250987] ; [0.98237546092190475]
840 ; 32 ; 146 ; 0 ; [0.42171810040814756] ; [0.27171226647934232]
840 ; 32 ; 146 ; 1 ; [0.072038348944126238] ; [0.49173947606461482]
840 ; 32 ; 147 ; 0 ; [0.56988062982256049] ; [0.86983449378972799]
840 ; 32 ; 147 ; 2 ; [2.7922498541861356] ; [1.4903212601176341]
840 ; 32 ; 147 ; 3 ; [0.69351810700535921] ; [0.95541233880476983]
840 ; 32 ; 147 ; 11 ; [5.7370619876339726] ; [1.8144108407110706]
840 ; 32 ; 147 ; 15 ; [2.3246168685009407] ; [1.4552837189132897]
840 ; 32 ; 147 ; 17 ; [1.9341817266595052] ; [3.1343808073834127]
840 ; 32 ; 147 ; 24 ; [0.13969820361891136] ; [4.5518481612053083]
840 ; 32 ; 147 ; 26 ; [0.14362693002451632] ; [3.1208255418449529]
840 ; 32 ; 148 ; 0 ; [0.003716782729738979, 0.13168464945534597] ; [0.22936162140384811, 0.33564616032470773]
840 ; 32 ; 149 ; 4 ; [0.79441250799105034] ; [2.1015815394766579]
840 ; 32 ; 149 ; 5 ; [2.918382108295404] ; [1.7907609876517074]
840 ; 32 ; 149 ; 8 ; [1.9096143278623829] ; [1.3335395808796735]
840 ; 32 ; 149 ; 9 ; [0.58831747006452118] ; [1.1178339807413535]
840 ; 32 ; 149 ; 12 ; [2.6712739781323744] ; [1.9481387667448775]
840 ; 32 ; 149 ; 14 ; [2.046432399126858] ; [1.8574075694314944]
840 ; 32 ; 149 ; 15 ; [2.1036026453622751] ; [1.2618210112045178]
840 ; 32 ; 149 ; 16 ; [1.1350163589524873] ; [0.22436094401195222]
840 ; 32 ; 149 ; 17 ; [1.688567964236684] ; [2.0367486189441859]
840 ; 32 ; 149 ; 18 ; [1.9937447467341256] ; [2.2834707033709618]
840 ; 32 ; 149 ; 19 ; [2.4839593121860464] ; [1.5444202385373071]
840 ; 32 ; 149 ; 20 ; [1.5297492314990062] ; [1.5795038406338637]
840 ; 32 ; 149 ; 21 ; [1.0768351240205163] ; [1.3620579233282901]
840 ; 32 ; 149 ; 22 ; [1.3134634649875145] ; [1.6761384478777792]
840 ; 32 ; 149 ; 23 ; [1.9365011374520262] ; [1.2353176484203348]
840 ; 32 ; 149 ; 24 ; [1.3076625052156412] ; [1.7484941467436665]
840 ; 32 ; 149 ; 25 ; [1.4595891510147283] ; [2.0142422299772238]
840 ; 32 ; 149 ; 27 ; [1.2241350321830906] ; [1.6274966374630013]
840 ; 32 ; 149 ; 33 ; [2.2703978783055101] ; [2.028226939034778]
840 ; 32 ; 149 ; 35 ; [1.3894054497171355] ; [1.9246956480658111]
840 ; 32 ; 149 ; 36 ; [1.4325769610299397] ; [1.8092988358471378]
840 ; 32 ; 149 ; 37 ; [1.3456718023336305] ; [1.8627143858477995]
840 ; 32 ; 149 ; 38 ; [1.2929234104936052] ; [1.5530343816137344]
840 ; 32 ; 150 ; 0 ; [1.2956210047311709] ; [0.43080588930052199]
840 ; 32 ; 151 ; 0 ; [1.2773949072004973] ; [0.33915139769417102]
840 ; 32 ; 151 ; 6 ; [0.82648870385560869] ; [1.083716794149262]
840 ; 32 ; 152 ; 0 ; [0.098009592790512204, 0.0057287304387744218, 0.26431016920787836] ; [0.18714995431791462, 0.19942236577378269, 1.0820021813518277]
840 ; 32 ; 153 ; 0 ; [0.39641942615088549] ; [0.8098921787001977]
840 ; 32 ; 153 ; 2 ; [-0.0013879875995232878] ; [0.027717872668062523]
840 ; 32 ; 153 ; 3 ; [1.6176365148063105] ; [1.213571713799021]
840 ; 32 ; 154 ; 3 ; [0.35517745016643959] ; [0.82999195573174234]
840 ; 32 ; 154 ; 5 ; [1.2949608441434746] ; [1.3426117817727612]
840 ; 32 ; 154 ; 11 ; [0.93601944470031384] ; [1.3008653896384996]
840 ; 32 ; 154 ; 12 ; [1.6823476767641996] ; [1.5847440021344725]
840 ; 32 ; 154 ; 13 ; [1.255794736158073] ; [2.045855501584434]
840 ; 32 ; 155 ; 0 ; [0.12156892135567891, 0.10542918255061313, 0.15129906998165701, 0.10871435978089568, 0.16500237347736268] ; [0.17855614518855684, 0.16851968591739222, 0.55666232173208552, 0.23447761424887462, 0.25766483359875642]
840 ; 32 ; 155 ; 1 ; [0.83474133535012096, 0.19764050734448829] ; [0.33831398969031257, 0.097476336049497847]
840 ; 32 ; 156 ; 1 ; [0.4519874695196614] ; [1.018155161844607]
840 ; 32 ; 156 ; 2 ; [0.41887348841716665] ; [0.68919042106706063]
840 ; 32 ; 157 ; 0 ; [0.25345690295924783, 0.36606984830141248] ; [0.28388263917509071, 0.19298930674340051]
840 ; 32 ; 158 ; 3 ; [1.6902718017503329] ; [2.3957119451696141]
840 ; 32 ; 158 ; 4 ; [1.0179671672657773] ; [1.5044883371105573]
840 ; 32 ; 158 ; 5 ; [1.718632688734677] ; [1.2476854673813451]
840 ; 32 ; 158 ; 7 ; [1.1834232053351936] ; [1.3998502531133226]
840 ; 32 ; 158 ; 9 ; [2.3180283815470752] ; [2.0209409707192729]
840 ; 32 ; 159 ; 0 ; [0.47721026732152499] ; [0.17660374130026474]
840 ; 32 ; 159 ; 1 ; [0.3365497739141658] ; [0.62490552689039536]
840 ; 32 ; 159 ; 2 ; [0.042149370403713221] ; [0.0067910122013438105]
840 ; 32 ; 159 ; 4 ; [1.8639567447799688] ; [-0.018429741761711534]
840 ; 32 ; 160 ; 0 ; [0.33751241618776856] ; [0.48160121825250113]
840 ; 32 ; 161 ; 1 ; [2.2191887112319426] ; [5.8117470574415373]
840 ; 32 ; 161 ; 2 ; [2.4736095840936585] ; [0.88944176041630019]
840 ; 32 ; 161 ; 6 ; [3.3658687389463151] ; [1.8095274982953586]
840 ; 32 ; 161 ; 12 ; [1.4381159443692098] ; [4.3193422260941503]
840 ; 32 ; 161 ; 13 ; [1.2148658260733896] ; [1.0129606764571957]
840 ; 32 ; 161 ; 16 ; [0.39609837551370081] ; [3.5986811531803746]
840 ; 32 ; 161 ; 17 ; [1.4687210707791114] ; [1.6829074179176908]
840 ; 32 ; 162 ; 0 ; [0.40671581844473848, -0.0046386579968060613] ; [0.10075957106927803, 0.16826566371447294]
840 ; 32 ; 162 ; 1 ; [0.068359030395599207] ; [0.028657257465210507]
840 ; 32 ; 162 ; 2 ; [0.73767837015196203] ; [0.051938111692510454]
840 ; 32 ; 162 ; 3 ; [0.57517243695317222] ; [0.44843652113493787]
840 ; 32 ; 163 ; 2 ; [1.5439832074317708] ; [1.7200765698007421]
840 ; 32 ; 163 ; 3 ; [1.0524186475513471] ; [1.2174977680986487]
840 ; 32 ; 163 ; 4 ; [1.9071699362752856] ; [1.8413158792490962]
840 ; 32 ; 163 ; 6 ; [1.9462943979995764] ; [1.8696231929424378]
840 ; 32 ; 163 ; 7 ; [1.539186084866798] ; [1.9573663982849279]
840 ; 32 ; 163 ; 11 ; [1.0207902710671937] ; [6.4245559069291449]
840 ; 32 ; 163 ; 12 ; [4.6149594555934854] ; [0.60459012524315403]
840 ; 32 ; 163 ; 13 ; [1.1836460338718453, 1.0445299936924664] ; [2.5298728533213697, 0.57722478487635498]
840 ; 32 ; 163 ; 14 ; [1.963986299368351] ; [0.52955546543328957]
840 ; 32 ; 163 ; 16 ; [0.0049874015656866692] ; [1.7420091222034799]
840 ; 32 ; 163 ; 21 ; [1.0199700104402081] ; [0.44082050713757798]
840 ; 32 ; 163 ; 24 ; [0.99165829827241525] ; [0.97578340853520151]
840 ; 32 ; 163 ; 25 ; [1.723343661586082] ; [1.16396495851483]
840 ; 32 ; 163 ; 26 ; [1.1105803654774391] ; [0.9022430938151782]
840 ; 32 ; 163 ; 27 ; [0.9640501020902158] ; [0.90769514804778118]
840 ; 32 ; 163 ; 29 ; [1.8004919507465988] ; [1.5288061411684557]
840 ; 32 ; 163 ; 30 ; [1.0755508095284203] ; [2.2239408026139933]
840 ; 32 ; 163 ; 31 ; [1.1297319439187981] ; [1.671630015009842]
840 ; 32 ; 163 ; 32 ; [1.3668865902452294] ; [1.7530323100819669]
840 ; 32 ; 163 ; 33 ; [2.1195289354153752] ; [1.3418019946324786]
840 ; 32 ; 163 ; 34 ; [1.0212959424525641] ; [1.8091348270846592]
840 ; 32 ; 163 ; 35 ; [1.0247790253598901] ; [1.4378549854952509]
840 ; 32 ; 163 ; 36 ; [6.2897372110823726, 0.54111483801626814] ; [1.3731122789724106, 0.94412044837143638]
840 ; 32 ; 163 ; 38 ; [1.0992422333606116] ; [1.1076411240194544]
840 ; 32 ; 164 ; 0 ; [0.06568072654077535, 0.093514685449308563, 0.060488491190420067] ; [0.18437308064770469, 0.20617943778482675, 0.24722804209895713]
840 ; 32 ; 164 ; 1 ; [0.15939768286694897] ; [0.24347041570038649]
840 ; 32 ; 165 ; 0 ; [2.3482157697294954] ; [0.67361574051706918]
840 ; 32 ; 165 ; 1 ; [0.39155633362049164] ; [0.95892226445997131]
840 ; 32 ; 165 ; 3 ; [0.47291703211079733] ; [0.69485478607936901]
840 ; 32 ; 165 ; 7 ; [1.9929396630930873] ; [0.41464570590663669]
840 ; 32 ; 165 ; 8 ; [1.775302986647513] ; [1.1987591499069326]
840 ; 32 ; 165 ; 9 ; [2.6378253757393577] ; [0.99369709002542672]
840 ; 32 ; 165 ; 10 ; [1.5048177797022912] ; [0.81264599736576815]
840 ; 32 ; 165 ; 12 ; [1.1554654284446966] ; [0.64932010947564123]
840 ; 32 ; 165 ; 16 ; [1.1105029113082441] ; [1.4854304883316931]
840 ; 32 ; 165 ; 17 ; [0.86222454389959202] ; [2.7029622164415823]
840 ; 32 ; 165 ; 20 ; [0.86028540535912013] ; [2.0205186677999167]
840 ; 32 ; 165 ; 24 ; [0.95250296285259484] ; [2.9763954048724433]
840 ; 32 ; 165 ; 29 ; [1.0833361799715164] ; [1.298512379884281]
840 ; 32 ; 165 ; 32 ; [2.9782468173551346] ; [2.8224774260477594]
840 ; 32 ; 165 ; 35 ; [2.2324333844558146] ; [3.9478865163025523]
840 ; 32 ; 165 ; 38 ; [2.585453782471522] ; [1.6961684462422286]
840 ; 32 ; 165 ; 40 ; [1.5916038635023639] ; [1.982093543278693]
840 ; 32 ; 165 ; 42 ; [1.3420697702076962] ; [1.2748887165666116]
840 ; 32 ; 165 ; 43 ; [2.7078670014019024] ; [2.1765901558701879]
840 ; 32 ; 165 ; 44 ; [1.5298773322557186] ; [1.7246948128583326]
840 ; 32 ; 165 ; 48 ; [0.79966966326921196] ; [1.3808487989624207]
840 ; 32 ; 165 ; 50 ; [2.7298675431171633] ; [1.0942044298968987]
840 ; 32 ; 165 ; 51 ; [1.5948651281786819] ; [1.0587848974456742]
840 ; 32 ; 165 ; 53 ; [1.4265158550598445] ; [1.514300340434525]
840 ; 32 ; 165 ; 59 ; [1.5218917646354462] ; [2.0792069270019149]
840 ; 32 ; 165 ; 60 ; [1.6177729218327705] ; [1.4727588856946796]
840 ; 32 ; 165 ; 73 ; [1.9675390580087906] ; [1.8195832676850001]
840 ; 32 ; 166 ; 0 ; [-0.011591578589902226, 0.10638924599146377, -0.018156947015274587] ; [0.21960094719904449, 0.19194661169670524, 0.1759544615303468]
840 ; 32 ; 167 ; 0 ; [0.1148072581885816, 0.039576871503317873, 0.0332536253133634, -0.0011833265176324449, 0.055017915287103633] ; [0.26461812745468055, 0.19524386677189517, 0.17940617771173212, 0.264396375659738, 0.14969011131937907]
840 ; 32 ; 168 ; 0 ; [0.14938475753127001, 0.094126032547726446, 1.1078714915449497] ; [0.27468132516118643, 0.22511402064344485, 0.025269015915407343]
840 ; 32 ; 168 ; 1 ; [0.00058250860949400195] ; [0.039450010620761103]
840 ; 32 ; 169 ; 0 ; [0.2007330062438262] ; [0.22024681527099227]
840 ; 32 ; 169 ; 1 ; [0.4424361652212086] ; [0.075456161476621889]
840 ; 32 ; 170 ; 0 ; [0.19888340839835508, 0.16267250076317838, 0.41220520827349222] ; [0.93942488320936024, 0.28339339011348214, 0.044260263048401804]
840 ; 32 ; 170 ; 1 ; [0.87451935339108522] ; [0.22495958495143689]
840 ; 32 ; 170 ; 10 ; [0.54439982936498532] ; [0.39763740725137708]
840 ; 32 ; 171 ; 0 ; [0.35357256142404853] ; [0.24980704356270059]
840 ; 32 ; 172 ; 0 ; [0.25984038779302804] ; [0.1660628365325201]
840 ; 32 ; 172 ; 1 ; [0.10323172931129274] ; [0.17382735661723517]
840 ; 32 ; 173 ; 0 ; [0.1941751619316493, 0.2233219178390409] ; [0.15179486399259148, 0.21460651536487266]
840 ; 32 ; 174 ; 0 ; [0.3751038541194528, 0.21453477259910722, 0.4614102979100832, 0.30597784901686914, 0.25370870518427646, 0.12985467883340968] ; [0.10399404048383032, 0.13785498978743735, 0.26197106961494676, 0.13720295401607438, 0.20635104524706824, 0.087360184960412396]
840 ; 32 ; 175 ; 0 ; [0.12262585048116532, 0.18463886124197229, 0.3719471187536153, 0.44800739538926787] ; [0.31795754381019931, 0.34836542323741432, 0.43353654938858915, 0.33008790279005762]
840 ; 32 ; 176 ; 4 ; [0.62731807901803349] ; [1.2700743527142275]
840 ; 32 ; 177 ; 1 ; [0.74546954567391921] ; [0.17432933149157717]
840 ; 32 ; 177 ; 4 ; [0.29780229137402042] ; [0.32365244031456053]
840 ; 32 ; 178 ; 0 ; [1.1557844093111662] ; [1.5929270650050442]
840 ; 32 ; 178 ; 2 ; [1.9153002740086018] ; [2.1625149960600343]
840 ; 32 ; 178 ; 4 ; [0.0069600043501975252] ; [1.9483306618065737]
840 ; 32 ; 178 ; 5 ; [3.250167103152152] ; [0.0059204179262490886]
840 ; 32 ; 178 ; 7 ; [1.1837137007705782] ; [0.18557568215036496]
840 ; 32 ; 179 ; 0 ; [1.8585285915776175] ; [0.28456524670168692]
840 ; 32 ; 179 ; 1 ; [2.1345799104902952] ; [2.1780912620394286]
840 ; 32 ; 179 ; 2 ; [1.9129588882010098, 1.26197366742052] ; [1.4501427526941246, 0.26245120035307878]
840 ; 32 ; 179 ; 4 ; [2.0070919299997461] ; [1.3597414645462702]
840 ; 32 ; 179 ; 5 ; [1.8035636718457015] ; [0.62925559384852126]
840 ; 32 ; 179 ; 6 ; [1.8113618173615469] ; [1.1319689861342501]
840 ; 32 ; 179 ; 7 ; [1.0052556553761056] ; [2.0154234154606807]
840 ; 32 ; 179 ; 11 ; [3.1780100408928291] ; [1.8148968725711565]
840 ; 32 ; 179 ; 12 ; [1.9416030380577798] ; [1.381986479635295]
840 ; 32 ; 179 ; 13 ; [1.8335537891121132] ; [2.1139429868127664]
840 ; 32 ; 180 ; 0 ; [2.4870575224497884] ; [0.79078014358886484]
840 ; 32 ; 180 ; 1 ; [0.35443142729302901] ; [0.52997197212086744]
840 ; 32 ; 180 ; 4 ; [0.55201874094101133] ; [0.70742753686227178]
840 ; 32 ; 180 ; 5 ; [1.6652328219516535] ; [0.99599608047942323]
840 ; 32 ; 180 ; 6 ; [0.39773819633042584] ; [0.48452497524599775]
840 ; 32 ; 180 ; 10 ; [1.6643572850347441] ; [1.8549780921787753]
840 ; 32 ; 180 ; 11 ; [1.5387555428627853] ; [1.9165372640512435]
840 ; 32 ; 180 ; 12 ; [3.3297483663775105] ; [1.5829243387602001]
840 ; 32 ; 180 ; 14 ; [1.9343929832512483] ; [0.1510965788775715]
840 ; 32 ; 180 ; 16 ; [2.9476522834784351] ; [1.4218192334123616]
840 ; 32 ; 180 ; 18 ; [4.2301385255199788] ; [2.0571210325610076]
840 ; 32 ; 180 ; 19 ; [1.6210747311738503] ; [1.8440276279232071]
840 ; 32 ; 180 ; 21 ; [0.91252130819384536] ; [0.062917109078014705]
840 ; 32 ; 180 ; 27 ; [0.76523847443949622] ; [2.112738213288726]
840 ; 32 ; 180 ; 30 ; [0.5451479948407254] ; [0.30578401680557354]
840 ; 32 ; 180 ; 35 ; [1.6803975302547223] ; [0.22319858590289587]
840 ; 32 ; 181 ; 0 ; [0.14557476515508602, 0.11711866994306908] ; [0.13884119411095669, 0.031906603888636073]
840 ; 32 ; 182 ; 0 ; [0.23667085984213029, 0.28533109007960167, 0.126607864872194] ; [0.19472920170325628, 0.21145746950491642, 0.092687809277187297]
840 ; 32 ; 183 ; 0 ; [0.34545730182559842, 0.38573125557938392, 0.40027106572054499] ; [0.21060747008111999, 0.22919133369323949, 0.23844027244764771]
840 ; 32 ; 183 ; 1 ; [0.44729821321372709] ; [0.022762895202496764]
840 ; 32 ; 184 ; 10 ; [1.010394226525323] ; [1.2997909727970767]
840 ; 32 ; 184 ; 14 ; [0.66423546393966226] ; [1.3070506014487133]
840 ; 32 ; 184 ; 15 ; [0.81683269711037298] ; [1.9466048990116278]
840 ; 32 ; 185 ; 0 ; [1.1979654144629026] ; [0.97446764895737426]
840 ; 32 ; 185 ; 2 ; [0.462848484584095] ; [0.70174734749939904]
840 ; 32 ; 186 ; 10 ; [0.41757527233105018] ; [0.31633043683760298]
840 ; 32 ; 187 ; 0 ; [0.11218375534870845, 0.065508859584754706, 0.055593781493770332, 0.035845862440534532] ; [0.14698022197219981, 0.37344173175431744, 0.15810705099168207, 0.11436155955037025]
840 ; 32 ; 187 ; 1 ; [0.36407824670198397] ; [0.030323129675080458]
840 ; 32 ; 188 ; 3 ; [0.40765919128266309] ; [0.10959591197293742]
840 ; 32 ; 188 ; 7 ; [2.3777890858029163] ; [1.7056143742769787]
840 ; 32 ; 188 ; 9 ; [2.9139613832674267] ; [3.5368754094060511]
840 ; 32 ; 189 ; 0 ; [0.078103050758385167] ; [0.22580840727711243]
840 ; 32 ; 189 ; 1 ; [0.67552436963075191] ; [0.2712059967561033]
840 ; 32 ; 189 ; 3 ; [1.8259838297241711] ; [1.4476495951778454]
840 ; 32 ; 189 ; 9 ; [0.25281801762030043] ; [0.78671260115275032]
840 ; 32 ; 190 ; 0 ; [0.10847894374411336] ; [0.042106122377386604]
840 ; 32 ; 190 ; 1 ; [0.35844953333426449] ; [-0.011178159831360307]
840 ; 32 ; 190 ; 5 ; [0.2768642308699964] ; [-0.0059061979931524077]
840 ; 32 ; 191 ; 7 ; [0.99244811217296669] ; [2.3464232667235181]
840 ; 32 ; 191 ; 8 ; [1.5059493026012367] ; [4.5346924865579448]
840 ; 32 ; 191 ; 14 ; [1.5735500079157376] ; [1.4668395568617332]
840 ; 32 ; 191 ; 18 ; [1.8330769544273786] ; [1.7913412434593985]
840 ; 32 ; 191 ; 19 ; [1.3442467672037015] ; [0.97346433700437263]
840 ; 32 ; 192 ; 0 ; [0.24509399944961038] ; [0.16740468860926916]
840 ; 32 ; 192 ; 1 ; [0.24546791807207316] ; [0.040492245221625145]
840 ; 32 ; 192 ; 2 ; [0.44986235386842865] ; [0.13643510469165535]
840 ; 32 ; 192 ; 3 ; [1.2066017854818667] ; [0.18405939328741414]
840 ; 32 ; 192 ; 4 ; [0.26194305432300335] ; [0.13885812731417418]
840 ; 32 ; 193 ; 0 ; [0.072852968473866894] ; [0.18063271035904949]
840 ; 32 ; 194 ; 0 ; [1.3866243430104832] ; [1.8338055079197744]
840 ; 32 ; 194 ; 1 ; [1.5385622773811314] ; [2.2686502354385674]
840 ; 32 ; 194 ; 4 ; [1.0387579565965854] ; [1.7117016717629288]
840 ; 32 ; 195 ; 2 ; [0.034175568765496503] ; [0.49632853602549226]
840 ; 32 ; 196 ; 0 ; [0.87286455194371104, 0.19363273668809552, 0.18441019998776062] ; [0.97101287545786508, 0.18195558843061763, 0.16802844260867492]
840 ; 32 ; 197 ; 0 ; [2.9269313385057698] ; [0.80694399782488291]
840 ; 32 ; 197 ; 2 ; [1.6088241452830374] ; [0.48254457616806401]
840 ; 32 ; 198 ; 0 ; [-0.019794553005792932] ; [0.12757249943118878]
840 ; 32 ; 199 ; 0 ; [0.48174218514488676] ; [0.79864423317689914]
840 ; 32 ; 199 ; 1 ; [0.068962646671257136] ; [0.39848748087643399]
840 ; 32 ; 200 ; 0 ; [0.19571573320429014] ; [-0.0087875594895479216]
840 ; 32 ; 200 ; 1 ; [0.53216872786763803] ; [2.184036595190483]
840 ; 32 ; 200 ; 3 ; [0.87887750795109909] ; [1.0056728566675481]
840 ; 32 ; 200 ; 6 ; [1.41583494492986] ; [1.5872420122117534]
840 ; 32 ; 200 ; 7 ; [2.3362682187484314] ; [1.5361721694469559]
840 ; 32 ; 200 ; 8 ; [1.3819110560884329] ; [3.743841482210883]
840 ; 32 ; 200 ; 9 ; [1.6956027687140904] ; [-0.13241159001878733]
840 ; 32 ; 200 ; 10 ; [2.7377316281284036] ; [1.8038817106363259]
840 ; 32 ; 200 ; 11 ; [0.16541842088136993] ; [1.6131834205024216]
840 ; 32 ; 200 ; 12 ; [0.17842149779023078] ; [0.97242903046925822]
840 ; 32 ; 201 ; 0 ; [0.64250325401141817] ; [0.47723164306767862]
840 ; 32 ; 202 ; 0 ; [1.5594458215256051] ; [1.8913426194641139]
840 ; 32 ; 202 ; 1 ; [1.8114503051771802] ; [1.8583175075052345]
840 ; 32 ; 202 ; 3 ; [1.741995905997066] ; [1.5767490618149167]
840 ; 32 ; 202 ; 4 ; [1.820979843479811] ; [1.8816755396586735]
840 ; 32 ; 202 ; 5 ; [1.7641533275992032] ; [1.8520906130479551]
840 ; 32 ; 202 ; 6 ; [1.8620385594021636] ; [0.80649632795567805]
840 ; 32 ; 202 ; 7 ; [1.7295227621877276] ; [1.6570278183839018]
840 ; 32 ; 202 ; 8 ; [1.8226635044015751, 1.7633768186292424] ; [1.8758908617642349, 1.8151905597183093]
840 ; 32 ; 202 ; 9 ; [1.9509948330989737, 1.4720387243294408] ; [1.8440104608020771, 1.9061276570653729]
840 ; 32 ; 202 ; 10 ; [0.79570622611602726] ; [1.7879077766273355]
840 ; 32 ; 202 ; 11 ; [2.1420451682840027] ; [2.0213273351185501]
840 ; 32 ; 202 ; 13 ; [1.7735207644266093] ; [1.4193752175797734]
840 ; 32 ; 202 ; 14 ; [1.3261793495495329] ; [1.7189448451418248]
840 ; 32 ; 202 ; 15 ; [1.8765932709427591] ; [1.706091708303386]
840 ; 32 ; 202 ; 17 ; [2.4686926630095969] ; [1.6855258742394148]
840 ; 32 ; 202 ; 18 ; [2.0947800223358963] ; [1.6640451549133104]
840 ; 32 ; 202 ; 19 ; [1.7611138700187636] ; [1.6533335673665623]
840 ; 32 ; 202 ; 20 ; [1.4740705752041587] ; [2.1756196660777021]
840 ; 32 ; 202 ; 21 ; [1.8655000997977631] ; [1.7027300824434559]
840 ; 32 ; 202 ; 23 ; [1.7413392865153696] ; [2.0887883246005661]
840 ; 32 ; 202 ; 24 ; [1.7576701441506444] ; [1.831005184438711]
840 ; 32 ; 202 ; 26 ; [1.7773810668274779] ; [0.68962116065913126]
840 ; 32 ; 203 ; 0 ; [1.147623112385578] ; [0.27089673436454731]
840 ; 32 ; 203 ; 1 ; [0.44562987581289631] ; [0.35659556702837897]
840 ; 32 ; 203 ; 2 ; [0.18911347868562459] ; [0.52669227257289175]
840 ; 32 ; 205 ; 0 ; [0.23799316441354348] ; [0.27664045760778833]
840 ; 32 ; 205 ; 1 ; [0.48409913014882933] ; [0.040535721398251984]
840 ; 32 ; 205 ; 4 ; [0.85034580926110392] ; [0.35832589256772335]
840 ; 32 ; 206 ; 0 ; [0.044943959202372971, 0.0099634290700043333] ; [0.4034629487844108, 0.1404800017425325]
840 ; 32 ; 207 ; 0 ; [0.11570325991539032] ; [0.141936379642221]
840 ; 32 ; 207 ; 1 ; [0.097596516698297553] ; [0.31120208391773108]
840 ; 32 ; 207 ; 3 ; [0.10813716954381891] ; [0.59338120968814023]
840 ; 32 ; 208 ; 0 ; [0.1840018914605456, 0.15008292028314246, 0.15047422354484935, 0.075253347557774949] ; [0.19808694189939691, 0.295746676853893, 0.16937707080290071, 0.045594432863845916]
840 ; 32 ; 208 ; 1 ; [0.079107583432169892] ; [0.111187878398762]
840 ; 32 ; 209 ; 0 ; [0.45344296799522193, 0.23855357771297089, 0.64130408740318923] ; [0.34395654644439644, 0.20585033163610869, 0.54248227027988916]
840 ; 32 ; 209 ; 1 ; [0.46237710546582739, 0.12204881366394317] ; [0.2284393229864865, 0.069670744149429323]
840 ; 32 ; 210 ; 0 ; [0.50736839593810013] ; [0.14263433567311343]
840 ; 32 ; 210 ; 1 ; [2.1466470687213688] ; [0.14556738908162029]
840 ; 32 ; 210 ; 2 ; [4.7787739176310939] ; [0.2949870859267964]
840 ; 32 ; 210 ; 3 ; [0.60940398732541334] ; [0.0092699740539319651]
840 ; 32 ; 210 ; 6 ; [2.431414259066583] ; [0.86874288315529336]
840 ; 32 ; 210 ; 9 ; [1.3586897012569441] ; [0.64541372002893815]
840 ; 32 ; 210 ; 14 ; [0.49866700329876607] ; [2.0384047836966359]
840 ; 32 ; 210 ; 16 ; [8.5559434195131701] ; [3.2791817868280533]
840 ; 32 ; 210 ; 26 ; [1.0740174726771252] ; [0.73813119516142622]
840 ; 32 ; 212 ; 0 ; [0.050603384698310487, 0.10832041029119858, -0.023139919114327882] ; [0.24206974298710354, 0.27559612429170782, 0.13519821589673847]
840 ; 32 ; 212 ; 1 ; [0.0016346847768366453] ; [0.050968251111849994]
840 ; 32 ; 213 ; 0 ; [0.021516738570281399, 0.03349129934560513, 0.038641128834510173, 0.058477992759119302] ; [0.22306239794570368, 0.15775118525122817, 0.18604976169534351, 0.1652550568453493]
840 ; 32 ; 214 ; 1 ; [2.9558758883425638] ; [0.79412869367215555]
840 ; 32 ; 214 ; 2 ; [0.4248987163473168] ; [0.82987959469296324]
840 ; 32 ; 214 ; 3 ; [6.1081605315683634] ; [2.3503108195488434]
840 ; 32 ; 214 ; 4 ; [0.9547371671317878] ; [1.3646062556147072]
840 ; 32 ; 214 ; 5 ; [2.2004239090708348] ; [0.69229725179385893]
840 ; 32 ; 214 ; 11 ; [2.6558654471852652] ; [2.460531110206913]
840 ; 32 ; 214 ; 12 ; [0.35257086533822229] ; [3.1176706077462457]
840 ; 32 ; 214 ; 14 ; [2.3914274123368253] ; [2.7851617376285818]
840 ; 32 ; 214 ; 19 ; [0.32992334341910889] ; [1.0369437207945413]
840 ; 32 ; 214 ; 20 ; [0.86507470582155277] ; [0.8400004883405553]
840 ; 32 ; 215 ; 0 ; [0.28333438310912112, 0.31146570968065335, 0.36850963166059503, 0.33379149830775956] ; [0.20773018166378965, 0.17443046841638751, 0.21963339613535043, 0.25429555747266197]
840 ; 32 ; 215 ; 2 ; [0.88573383481927115] ; [0.020379780332921663]
840 ; 32 ; 216 ; 0 ; [0.060612326806589706, 0.010695963944266512] ; [0.26237927094011976, 0.14231525458936767]
840 ; 32 ; 217 ; 0 ; [0.41992707328836593] ; [2.5168435476950375]
840 ; 32 ; 217 ; 2 ; [0.31349597939938822] ; [0.41173313563434888]
840 ; 32 ; 217 ; 3 ; [0.9455304800859422] ; [0.53067421097912393]
840 ; 32 ; 217 ; 4 ; [0.26714670426346171] ; [0.44122389611326801]
840 ; 32 ; 217 ; 15 ; [1.3182872407215342] ; [0.89802783144926446]
840 ; 32 ; 218 ; 0 ; [0.22388330522074062] ; [0.17101394615463708]
840 ; 32 ; 218 ; 1 ; [0.057104165026629232] ; [0.078828273792834955]
840 ; 32 ; 218 ; 2 ; [0.9535846391331716] ; [-0.0012921824175801818]
840 ; 32 ; 219 ; 0 ; [0.078811191715399076] ; [0.2674836919700555]
840 ; 32 ; 219 ; 1 ; [0.019601010833173255] ; [0.24078957966863407]
840 ; 32 ; 219 ; 7 ; [1.4918624334231747] ; [2.5529477757703756]
840 ; 32 ; 219 ; 16 ; [2.0490996097294554] ; [0.11154593173115222]
840 ; 32 ; 220 ; 0 ; [0.058054630308487454, 0.10690954812029196] ; [0.25861853541456875, 0.31969109350230757]
840 ; 32 ; 220 ; 1 ; [0.10408326567339561] ; [0.20720649778171821]
840 ; 32 ; 222 ; 0 ; [0.12858164711905531, 0.10332224108329945] ; [0.23170198143493978, 0.056433800598743769]
840 ; 32 ; 222 ; 1 ; [0.2967934656451468] ; [0.015118648465416216]
840 ; 32 ; 223 ; 0 ; [0.69852991104382978] ; [0.16007950703869803]
840 ; 32 ; 223 ; 7 ; [1.4798502085734051] ; [0.56205138336588378]
840 ; 32 ; 223 ; 8 ; [1.7655738555065255] ; [0.42774485644614146]
840 ; 32 ; 224 ; 0 ; [0.23456565205476892, 0.1909920467005328, 0.1073093547628422, 0.12051813607252354] ; [0.26640886879637882, 0.24974949622244327, 0.14765201371038869, 0.058248142811349914]
840 ; 32 ; 224 ; 1 ; [0.39076005560654792] ; [0.020535971324528932]
840 ; 32 ; 225 ; 1 ; [0.23214636071362507] ; [0.15262825495410581]
840 ; 32 ; 226 ; 0 ; [0.5224642656896481] ; [0.27936901067711661]
840 ; 32 ; 226 ; 1 ; [0.39540853669200321] ; [0.54724368336352402]
840 ; 32 ; 226 ; 2 ; [1.1613194086730561] ; [0.66294796565487868]
840 ; 32 ; 226 ; 4 ; [2.6479071505413962] ; [0.019665599313003757]
840 ; 32 ; 226 ; 5 ; [1.6961864091539707] ; [1.1326713193039333]
840 ; 32 ; 227 ; 0 ; [-0.00082500991209774946, 0.0023056716764782268, -6.1648894171309861e-05] ; [0.1645209014472449, 0.19635415439344917, 0.28671945562746204]
840 ; 32 ; 228 ; 0 ; [0.16844219980790559, 0.16342989490647963, 0.048449899183276537] ; [0.19491305050037888, 0.32450059730197861, 0.032697987231691913]
840 ; 32 ; 229 ; 2 ; [0.99477735029701919] ; [0.013191128658062672]
840 ; 32 ; 230 ; 0 ; [0.30021558388634023, 0.14308394277841791, 0.10026443505249996] ; [0.26953625220824207, 0.21008044853241908, 0.038291583894482749]
840 ; 32 ; 231 ; 0 ; [0.52888921860600613, 0.25928314826966165] ; [0.63098353960251685, 0.1690074847239548]
840 ; 32 ; 232 ; 0 ; [0.68421550362092165, 1.3693544753086497] ; [0.57926489003670723, 0.12874479216724566]
840 ; 32 ; 232 ; 1 ; [1.5547830462553403] ; [0.22251965969451135]
840 ; 32 ; 232 ; 2 ; [6.1035468032054494] ; [2.8083849499362952]
840 ; 32 ; 232 ; 3 ; [4.3864838425432042] ; [1.6044626606615051]
840 ; 32 ; 232 ; 4 ; [1.203181884691308] ; [4.9215090758112154]
840 ; 32 ; 232 ; 5 ; [3.340321311243196] ; [3.1148550618210789]
840 ; 32 ; 232 ; 6 ; [0.97654924867394421] ; [1.171487387312607]
840 ; 32 ; 232 ; 7 ; [0.69697272045568781] ; [1.9273530142142647]
840 ; 32 ; 233 ; 0 ; [1.6401222915219138] ; [1.5690387200259472]
840 ; 32 ; 233 ; 1 ; [0.17685633135755474] ; [1.4982432233794742]
840 ; 32 ; 233 ; 3 ; [1.4473549584126266] ; [2.6375955567148757]
840 ; 32 ; 233 ; 9 ; [0.30875410691317401] ; [1.8468889433396625]
840 ; 32 ; 233 ; 11 ; [0.062418430881514726] ; [1.6677529289928901]
840 ; 32 ; 234 ; 1 ; [0.17324562254583137] ; [0.030396094888432198]
840 ; 32 ; 235 ; 2 ; [1.2900192738882073] ; [1.1692973699607703]
840 ; 32 ; 235 ; 3 ; [0.79200420610162336] ; [1.4779414436839593]
840 ; 32 ; 235 ; 5 ; [1.3013746850353227] ; [1.4982536478075972]
840 ; 32 ; 235 ; 6 ; [1.9493754026307721] ; [1.2397390819597347]
840 ; 32 ; 235 ; 8 ; [1.8611645603994995] ; [1.0698226287525434]
840 ; 32 ; 235 ; 11 ; [1.4190491039121798] ; [1.9991559215018102]
840 ; 32 ; 235 ; 12 ; [2.9280842503970401] ; [0.62395598809497366]
840 ; 32 ; 235 ; 18 ; [3.6338192997127661] ; [2.1965669287636036]
840 ; 32 ; 236 ; 0 ; [0.3516907106268945] ; [0.376808334876579]
840 ; 32 ; 236 ; 3 ; [0.40391166354305885] ; [2.1916044957966578]
840 ; 32 ; 236 ; 13 ; [1.0151837391510197] ; [0.47869675013389018]
840 ; 32 ; 237 ; 0 ; [0.53020296891260443] ; [0.16683619747346945]
840 ; 32 ; 237 ; 1 ; [3.3968709614347588] ; [1.9739578281542678]
840 ; 32 ; 237 ; 5 ; [2.0247372881658356] ; [1.5162906898673674]
840 ; 32 ; 237 ; 9 ; [1.8686353585743289] ; [0.24088091798651184]
840 ; 32 ; 238 ; 0 ; [0.14553037991134748, 0.22906912721172359, 0.72772243068631759] ; [0.23522509890957244, 0.19275002023086979, 0.79106455506308371]
840 ; 32 ; 238 ; 1 ; [0.15288400458144213] ; [0.21789115075446838]
840 ; 32 ; 239 ; 3 ; [1.7898099411499564] ; [1.6208259600986548]
840 ; 32 ; 239 ; 8 ; [1.9605185510913079] ; [2.5713633810246082]
840 ; 32 ; 239 ; 16 ; [1.5948127734811139] ; [1.1597087623441609]
840 ; 32 ; 239 ; 18 ; [1.5820536173714164] ; [1.6987447598727574]
840 ; 32 ; 239 ; 21 ; [1.7285488290600404] ; [0.83701053348577259]
840 ; 32 ; 239 ; 23 ; [2.3582238940953868] ; [2.4574139006180222]
840 ; 32 ; 239 ; 24 ; [0.54291801392811545] ; [2.7869566777451622]
840 ; 32 ; 239 ; 25 ; [0.42858777970529699] ; [0.99066889476667863]
840 ; 32 ; 239 ; 26 ; [2.6277725683358142] ; [1.0235646992206298]
840 ; 32 ; 239 ; 27 ; [2.5354795174188327] ; [1.8832420485426653]
840 ; 32 ; 239 ; 29 ; [2.0741017556067782] ; [1.7075306686117084]
840 ; 32 ; 239 ; 33 ; [2.5849601889418921] ; [0.74852185427428808]
840 ; 32 ; 240 ; 0 ; [0.25363829411114786] ; [0.34146734868911782]
840 ; 32 ; 240 ; 1 ; [0.17864172023479527] ; [-0.031911321410266674]
840 ; 32 ; 241 ; 0 ; [0.23345351109346724, 0.14958403769135242] ; [0.20006907299365873, 0.33160813283176965]
840 ; 32 ; 242 ; 0 ; [1.0426677671356386, 0.37584641570878768] ; [0.19231589034503427, 0.10736181860841854]
840 ; 32 ; 242 ; 2 ; [0.71540485738536341] ; [0.8743172583849349]
840 ; 32 ; 242 ; 3 ; [0.8457926832152165] ; [0.72750044095788846]
840 ; 32 ; 242 ; 4 ; [0.049372697690346301] ; [0.14816847744862377]
840 ; 32 ; 242 ; 5 ; [0.36963114675790371] ; [0.51006700222386325]
840 ; 32 ; 242 ; 6 ; [0.82334712251823949] ; [0.18983877361343565]
840 ; 32 ; 242 ; 7 ; [0.69290310210171568] ; [0.68371786628032949]
840 ; 32 ; 242 ; 9 ; [1.53658694588036] ; [2.8557661567069519]
840 ; 32 ; 242 ; 11 ; [2.038056960834536] ; [3.4357694062680038]
840 ; 32 ; 242 ; 13 ; [2.2094919477966788] ; [0.2168654689294334]
840 ; 32 ; 242 ; 15 ; [1.8660556450011896] ; [0.64809650977353117]
840 ; 32 ; 242 ; 19 ; [0.63427752060511977] ; [0.47554762880406304]
840 ; 32 ; 242 ; 25 ; [0.66993185506772968] ; [0.30879831162011812]
840 ; 32 ; 242 ; 27 ; [0.5955932764043238] ; [0.64823852780084024]
840 ; 32 ; 242 ; 30 ; [0.99422110933680163] ; [1.430176727282678]
840 ; 32 ; 243 ; 0 ; [0.085832909103138177] ; [0.28026484492270715]
840 ; 32 ; 243 ; 1 ; [0.5706262449729459] ; [0.45290126165043482]
840 ; 32 ; 243 ; 3 ; [0.37688135279553253] ; [0.094243738712521286]
840 ; 32 ; 243 ; 10 ; [0.34606488304101485] ; [0.060548501271735923]
840 ; 32 ; 244 ; 0 ; [0.40468171129066532] ; [0.68860722106429539]
840 ; 32 ; 244 ; 4 ; [1.0547559517339913] ; [0.85245220871698912]
840 ; 32 ; 244 ; 10 ; [2.2974267296762294] ; [1.9826960331297308]
840 ; 32 ; 244 ; 12 ; [1.8021063733074658] ; [0.00021617995098340936]
840 ; 32 ; 245 ; 0 ; [1.2671131205336976] ; [0.47945638638150445]
840 ; 32 ; 245 ; 1 ; [0.58603988480287483] ; [0.37668958409934972]
840 ; 32 ; 246 ; 0 ; [0.15128823002218186, 0.10119846234897385] ; [0.16275021737140122, 0.11035306762038902]
840 ; 32 ; 246 ; 1 ; [0.095237127373062377] ; [0.20075678129924007]
840 ; 32 ; 247 ; 0 ; [0.39887159914386505] ; [1.5066118945148181]
840 ; 32 ; 248 ; 0 ; [0.16875076665093078, -0.0096045700425227282] ; [0.19858468851255412, 0.10849054206377663]
840 ; 32 ; 249 ; 0 ; [0.13369548255163025] ; [0.04669846956640078]
840 ; 32 ; 249 ; 1 ; [1.3542318473999702] ; [1.5286756179081089]
840 ; 32 ; 251 ; 0 ; [0.27220394375595869, 0.26815375346641812, 0.10250665155435651] ; [0.16190674706772074, 0.33038862446241746, 0.10761034700511121]
840 ; 32 ; 251 ; 1 ; [0.0054668288023106198, 0.012627475311276544] ; [0.11413283651894353, 0.097829885440155723]
840 ; 32 ; 251 ; 2 ; [0.10258127826373929] ; [0.27946501381975719]
840 ; 32 ; 252 ; 0 ; [0.13519755671533351, 0.14100032160781903, 0.048483684973231071, 0.04844855279567311, 0.05019390320301511] ; [0.090772635782081487, 0.16190844360068582, 0.21991150957052832, 0.13770766719124486, 0.063979241803621578]
840 ; 32 ; 253 ; 2 ; [1.1969314857346396] ; [1.6463579894985902]
840 ; 32 ; 255 ; 0 ; [-0.0001772976145801443, 0.07361141456928294, 0.029497358711557512] ; [0.25101364477335264, 0.17527187109674414, 0.35029609404861944]
840 ; 32 ; 255 ; 1 ; [0.001466666006035431] ; [-0.0035255265726409171]
840 ; 32 ; 256 ; 0 ; [0.00307403081890909, 0.0097235436559002016] ; [0.20619005065758739, 0.20764034720590974]
840 ; 32 ; 257 ; 1 ; [0.20897070293818967] ; [0.42316348801352688]
840 ; 32 ; 257 ; 2 ; [0.55088262105243635] ; [0.068344795249943177]
840 ; 32 ; 257 ; 7 ; [0.42672245964873295] ; [0.39671480836398498]
840 ; 32 ; 258 ; 0 ; [0.34759039034732475, 0.65059944752571985] ; [0.19985773260115616, 0.64528376114172081]
840 ; 32 ; 258 ; 1 ; [0.77093036664449044] ; [0.59689702125171162]
840 ; 32 ; 258 ; 2 ; [0.7410567869257868] ; [0.02313545575701783]
840 ; 32 ; 258 ; 3 ; [0.80385842446453593] ; [0.52254962443862107]
840 ; 32 ; 259 ; 0 ; [0.040677207680466752] ; [0.12334114797560444]
840 ; 32 ; 260 ; 0 ; [0.13101390845224414] ; [0.013623089316828601]
840 ; 32 ; 260 ; 1 ; [0.020648720469456722] ; [0.071895759148491237]
840 ; 32 ; 261 ; 0 ; [0.02395342098143604] ; [-8.1693018787162884e-05]
840 ; 32 ; 262 ; 0 ; [0.64649521698984302] ; [0.492336543135595]
840 ; 32 ; 263 ; 0 ; [0.15239000021659793] ; [0.034901816992837044]
840 ; 32 ; 264 ; 1 ; [0.20501111349098958] ; [0.10700305743935246]
840 ; 32 ; 264 ; 2 ; [1.7602614488231456] ; [0.59200019852705499]
840 ; 32 ; 265 ; 0 ; [0.27145053331059055, 0.86825941110588722] ; [0.18023855683369552, 0.34533507633630811]
840 ; 32 ; 265 ; 1 ; [0.81068204411013511] ; [0.027982833302349089]
840 ; 32 ; 266 ; 0 ; [0.63841817026529413] ; [0.72636698044136871]
840 ; 32 ; 266 ; 2 ; [0.14296549334933176] ; [0.59152098415347998]
840 ; 32 ; 266 ; 5 ; [0.16623918953708886] ; [0.024671945333347451]
840 ; 32 ; 266 ; 11 ; [0.33170052701700564] ; [3.201444552215404]
840 ; 32 ; 267 ; 0 ; [0.063685380477906478] ; [0.18269711585277551]
840 ; 32 ; 267 ; 1 ; [6.2612878322000132] ; [0.51314528024716899]
840 ; 32 ; 268 ; 0 ; [0.07575483784831305, 0.37411346282422309] ; [0.3234725709979952, 0.42069755329002317]
840 ; 32 ; 268 ; 1 ; [0.6906924746971782] ; [0.32168944614396028]
840 ; 32 ; 270 ; 1 ; [0.55219220058430096] ; [0.330730685701634]
840 ; 32 ; 270 ; 2 ; [2.0285435534628324] ; [1.4214165643843277]
840 ; 32 ; 271 ; 0 ; [0.050299585118597473, 0.041870988330732037, 0.0067753111120641141] ; [0.18271814692999963, 0.18104705965615267, 0.098616665862777508]
840 ; 32 ; 272 ; 8 ; [0.43723371733286465] ; [0.57662896270206021]
840 ; 32 ; 273 ; 2 ; [0.28118438865280709] ; [1.4002578596689881]
840 ; 32 ; 273 ; 12 ; [1.6983083895257887] ; [1.4231680135450775]
840 ; 32 ; 274 ; 2 ; [0.21180410895794924] ; [2.6986704299098339]
840 ; 32 ; 274 ; 10 ; [0.08446259357191252] ; [0.057195976785126397]
840 ; 32 ; 274 ; 11 ; [0.062313627581125963] ; [0.034721015826834671]
840 ; 32 ; 275 ; 0 ; [0.69288299587028845] ; [0.48554871455195348]
840 ; 32 ; 275 ; 2 ; [0.057378318042831063] ; [0.044553939725490502]
840 ; 32 ; 275 ; 6 ; [0.2038047022813298] ; [0.11110095887565662]
840 ; 32 ; 276 ; 0 ; [0.83243142263999748] ; [1.2647507927429842]
840 ; 32 ; 276 ; 3 ; [1.9839657663237378] ; [1.1706188186086477]
840 ; 32 ; 276 ; 8 ; [2.2536829313389473] ; [2.2612164022796093]
840 ; 32 ; 277 ; 0 ; [0.15901981946300117] ; [0.44585405250307908]
840 ; 32 ; 278 ; 0 ; [0.28837009533870239] ; [-0.0056878510755850277]
840 ; 32 ; 278 ; 2 ; [0.030145708293391419] ; [0.014893024013974108]
840 ; 32 ; 278 ; 3 ; [0.15995434088131708] ; [0.087757589966482891]
840 ; 32 ; 279 ; 1 ; [1.3709276475051351] ; [2.4012278728224898]
840 ; 32 ; 279 ; 4 ; [1.0581327186534222] ; [1.7178754049872551]
840 ; 32 ; 280 ; 0 ; [0.46468409883244982] ; [0.1097531991144472]
840 ; 32 ; 280 ; 1 ; [0.6347447084522051] ; [0.30606062758727975]
840 ; 32 ; 281 ; 0 ; [0.12422200141999133] ; [2.9520490443981129]
840 ; 32 ; 281 ; 6 ; [1.9648630941867931] ; [0.80811546606757445]
840 ; 32 ; 281 ; 10 ; [1.4726938634308209] ; [2.676089169672732]
840 ; 32 ; 281 ; 11 ; [1.3161833625670296] ; [1.4476968751813555]
840 ; 32 ; 281 ; 12 ; [0.37742387214956619] ; [2.4218072560803745]
840 ; 32 ; 281 ; 14 ; [2.8615372036070568] ; [1.6255477534644671]
840 ; 32 ; 281 ; 15 ; [1.8106572344940948] ; [2.6969769666364343]
840 ; 32 ; 283 ; 0 ; [0.011934922227630958, 0.025483510702103706, 0.036347202322431195] ; [0.21908864784729187, 0.20741093154213497, 0.1337660643762778]
840 ; 32 ; 284 ; 0 ; [0.15414251861599965, 0.08303744404251974, 0.053036152481304444] ; [0.26349249492079779, 0.13509192256771893, 0.19826217866838725]
840 ; 32 ; 285 ; 0 ; [0.1663253104429227, 0.079024159631683438] ; [0.37934042617307068, 0.11112066824053497]
840 ; 32 ; 287 ; 0 ; [0.17245029519463737] ; [0.069094971194011492]
840 ; 32 ; 288 ; 0 ; [0.070433132934455842] ; [0.036589133573702727]
840 ; 32 ; 288 ; 1 ; [0.49924419882786536] ; [0.62401500616797012]
840 ; 32 ; 288 ; 2 ; [0.099560756351788196] ; [0.054227046542691865]
840 ; 32 ; 288 ; 4 ; [0.60109215037420405] ; [0.33031588181131155]
840 ; 32 ; 288 ; 5 ; [1.7487899128490294] ; [0.59450083943081122]
840 ; 32 ; 289 ; 1 ; [0.23661431979595635, 0.17062525855386668, 0.26887252862624811, 0.0025248226794404517, 0.00080537751264908358] ; [0.24518397726059901, 0.31013989057391506, 0.70785770640941581, 0.9991859410001479, 0.21594353708804034]
840 ; 32 ; 290 ; 0 ; [0.25076552388247247] ; [0.14050776316748734]
840 ; 32 ; 290 ; 1 ; [0.50569588135149368] ; [0.28592177704906918]
840 ; 32 ; 290 ; 2 ; [1.0657084791758047] ; [0.72386972753764833]
840 ; 32 ; 291 ; 0 ; [-0.0065149561040155598, 0.0059339351913857211, 0.017036432918247142] ; [0.1996923125359264, 0.24847603496011572, 0.16849173031658002]
840 ; 32 ; 292 ; 0 ; [0.99060758596826892, 0.8238743282655856, 0.17513978501966052] ; [0.61187164548166384, 0.19476505408976272, 0.10535606459741879]
840 ; 32 ; 292 ; 1 ; [0.933852265120381] ; [0.39967215267860234]
840 ; 32 ; 293 ; 0 ; [-0.02046815161297524, 0.0049596006244776369, -0.00014736772104163647, 0.18429586019981939] ; [0.12952059724827861, 0.17614995212536025, 0.23948136444645862, 0.21829258012180866]
840 ; 32 ; 294 ; 0 ; [0.070853399297647821, 1.7513912339374942] ; [0.22262601643674659, 1.2352423115834434]
840 ; 32 ; 294 ; 1 ; [0.10295583976103337] ; [1.8987882247114629]
840 ; 32 ; 294 ; 3 ; [0.86363893160285887] ; [0.81721060092070974]
840 ; 32 ; 294 ; 5 ; [0.65303235164430784] ; [0.44267977474152065]
840 ; 32 ; 294 ; 6 ; [1.5125158959644207] ; [0.80014495018437615]
840 ; 32 ; 294 ; 10 ; [1.1102914398657002] ; [1.1478852329234195]
840 ; 32 ; 294 ; 12 ; [1.2471888304598204] ; [3.7567289992582857]
840 ; 32 ; 294 ; 13 ; [0.85633296242585277] ; [1.3483483801035001]
840 ; 32 ; 294 ; 15 ; [1.5927881574682545] ; [1.716593413515056]
840 ; 32 ; 294 ; 20 ; [1.5554499490604343] ; [1.2438509856678344]
840 ; 32 ; 294 ; 22 ; [3.3157277444719262] ; [0.9463586804116414]
840 ; 32 ; 295 ; 0 ; [0.086550380846108221, 0.084648424602479594, 0.038848815223383688] ; [0.15015555508575743, 0.18395640509053182, 0.06747414306292665]
840 ; 32 ; 296 ; 0 ; [2.8799633281586114] ; [0.32705216343696081]
840 ; 32 ; 296 ; 4 ; [0.82453896044091657] ; [0.3300859247134138]
840 ; 32 ; 296 ; 5 ; [1.2381555284626493] ; [1.1195596730524224]
840 ; 32 ; 296 ; 6 ; [1.1643568509431976] ; [1.4418558908199151]
840 ; 32 ; 296 ; 13 ; [0.72363608600069074] ; [1.5800604411474637]
840 ; 32 ; 297 ; 0 ; [0.49084025415362936, 0.44268458050063686] ; [0.81973842109850237, 0.43973831383433754]
840 ; 32 ; 297 ; 3 ; [0.77496794847169359] ; [0.31438699040644985]
840 ; 32 ; 298 ; 0 ; [0.50610039124930395] ; [0.68824588330581049]
840 ; 32 ; 298 ; 1 ; [1.2117379238183112] ; [1.3927460958920317]
840 ; 32 ; 299 ; 2 ; [0.16029064339177254, 0.31903555223991614, 0.14687344023791632] ; [0.95965714035872196, 0.5494694298954873, 0.21859485007491661]
840 ; 32 ; 300 ; 1 ; [2.5658639094260587] ; [5.0128595306335377]
840 ; 32 ; 300 ; 4 ; [3.6413005734794575] ; [3.3562641905986657]
840 ; 32 ; 300 ; 6 ; [0.024543831335515832] ; [1.1475285538321978]
840 ; 32 ; 300 ; 9 ; [0.025385297985311417] ; [3.1119055356083729]
840 ; 32 ; 301 ; 0 ; [0.41089035185429545, 0.25026547364289442, 0.42388719862183316, 0.12661378101000292] ; [0.24153824080937195, 0.23213910455936804, 0.22789966613706167, 0.042166323592036946]
840 ; 32 ; 301 ; 1 ; [0.4783463781480547] ; [0.22640964287225818]
840 ; 32 ; 302 ; 0 ; [0.30976688258967722, 0.19588615581041013, 0.17006300410656994] ; [0.31148360983532469, 0.22733679920756272, 0.18045142665917807]
840 ; 32 ; 302 ; 1 ; [0.31967926346714992] ; [0.096466880336384953]
840 ; 32 ; 303 ; 0 ; [0.33759198559752002, 0.3512464737110908, 0.38589522109429608, 0.34918628827204623, 0.21483998114981667] ; [0.11984185460184779, 0.20924555749479631, 0.31925825988752249, 0.20268164002797329, 0.19036238350830667]
840 ; 32 ; 304 ; 0 ; [0.17614022497496121] ; [0.2057704791736063]
840 ; 32 ; 304 ; 1 ; [0.18652540564455855] ; [0.12695631672445312]
840 ; 32 ; 304 ; 2 ; [0.93247561346947117] ; [1.7114669983579174]
840 ; 32 ; 304 ; 3 ; [1.7347793667557663] ; [3.1242573523059973]
840 ; 32 ; 304 ; 6 ; [2.1569456182438711] ; [0.45480796079959146]
840 ; 32 ; 304 ; 10 ; [0.48458559854041777] ; [0.87771853599340066]
840 ; 32 ; 305 ; 0 ; [0.2516122210973244] ; [0.17040771642258432]
840 ; 32 ; 305 ; 1 ; [0.24998064622132926] ; [-0.032049258145109921]
840 ; 32 ; 305 ; 3 ; [1.2192358538004073] ; [1.5351032589515869]
840 ; 32 ; 305 ; 4 ; [0.59340192000109904] ; [1.5053850250075227]
840 ; 32 ; 305 ; 6 ; [5.9128998961633217] ; [2.1720340995226106]
840 ; 32 ; 306 ; 0 ; [1.1021198890896748] ; [0.34567390799626585]
840 ; 32 ; 306 ; 2 ; [1.2275339370148559] ; [0.023566804524739363]
840 ; 32 ; 306 ; 11 ; [0.39329313875833705] ; [1.0932282248727061]
840 ; 32 ; 306 ; 13 ; [-0.12873982150128913] ; [0.89338186619824322]
840 ; 32 ; 307 ; 10 ; [0.55035461734079028] ; [1.0463213686351416]
840 ; 32 ; 307 ; 11 ; [0.15737044956556279] ; [1.4497865761192017]
840 ; 32 ; 307 ; 12 ; [1.7957136293293399] ; [1.4754506483697001]
840 ; 32 ; 307 ; 13 ; [1.7897882801535268, 2.1058520650694112] ; [0.0048712727850730624, 0.052668903113587975]
840 ; 32 ; 307 ; 18 ; [2.696365464280162] ; [1.9544485915772964]
840 ; 32 ; 307 ; 23 ; [2.1820112529881941] ; [1.8452952901093276]
840 ; 32 ; 308 ; 0 ; [2.1428931748734126] ; [0.12727161229047967]
840 ; 32 ; 308 ; 1 ; [6.4598103736305923] ; [2.4068423378880492]
840 ; 32 ; 308 ; 2 ; [4.8404106186496341] ; [0.51271918471482403]
840 ; 32 ; 308 ; 3 ; [0.3667140430264928] ; [4.6973357737182253]
840 ; 32 ; 308 ; 4 ; [4.8776439743357702] ; [0.31196615743054024]
840 ; 32 ; 308 ; 5 ; [0.046911186673472285] ; [0.99767417032983108]
840 ; 32 ; 308 ; 6 ; [0.21793730327328273] ; [0.58058541089880233]
840 ; 32 ; 308 ; 7 ; [7.6383761343724279] ; [0.13493785217956994]
840 ; 32 ; 308 ; 14 ; [10.42883605125655] ; [4.1590499942596075]
840 ; 32 ; 309 ; 0 ; [-0.031215111167601513, 0.17488373412391336] ; [0.057727718951899876, 0.063784729093511475]
840 ; 32 ; 310 ; 0 ; [0.55426877721378476] ; [0.042702286463488066]
840 ; 32 ; 310 ; 3 ; [0.12303222995945481] ; [0.14453723538182944]
840 ; 32 ; 310 ; 4 ; [0.75588902001437785] ; [0.06747923084179748]
840 ; 32 ; 311 ; 0 ; [0.79264452624451631] ; [0.20823932762624817]
840 ; 32 ; 311 ; 1 ; [0.016357664805678494] ; [0.065419238493983747]
840 ; 32 ; 311 ; 2 ; [0.099692378491678252] ; [0.75797112806403066]
840 ; 32 ; 311 ; 3 ; [0.054527673249308656] ; [0.0063371882445418292]
840 ; 32 ; 311 ; 5 ; [0.099495981476743725] ; [0.50297760417285986]
840 ; 32 ; 312 ; 0 ; [0.50348119597996766] ; [0.45791305226012363]
840 ; 32 ; 313 ; 0 ; [0.099904989653320148, 0.082198625964927496, 0.047274612880807719, 0.0034412900230004831] ; [0.23047352632423135, 0.17890310545274699, 0.21898767894091795, 0.047131814623895721]
840 ; 32 ; 314 ; 0 ; [0.22736572854478132, 0.14622635386847113, 0.11619543624923154] ; [0.43907864352857817, 0.15754409277050357, 0.24787248919008811]
840 ; 32 ; 315 ; 0 ; [0.42548479185124016] ; [0.28745097151577725]
840 ; 32 ; 316 ; 0 ; [0.29241661096187299] ; [1.0445388913174187]
840 ; 32 ; 316 ; 2 ; [2.4423354141359379] ; [0.2807560355144611]
840 ; 32 ; 317 ; 0 ; [0.66628054185275321] ; [0.11028222209147191]
840 ; 32 ; 317 ; 2 ; [0.22504022370077653] ; [0.36360535316407139]
840 ; 32 ; 318 ; 0 ; [0.13570143683188957, 0.16574374152952764] ; [0.23885032649701743, 0.17709819169722082]
840 ; 32 ; 318 ; 1 ; [0.070377853389041137] ; [0.074346542190448409]
840 ; 32 ; 319 ; 11 ; [0.10447259583027221] ; [1.3575044909590048]
840 ; 32 ; 320 ; 0 ; [0.81838871424274928] ; [0.69571383179793622]
840 ; 32 ; 320 ; 9 ; [0.34781284289857589] ; [0.024475125277851572]
840 ; 32 ; 321 ; 0 ; [0.11877957257516551, 0.67383973714240009] ; [0.041911732713804134, 0.40430177233291176]
840 ; 32 ; 321 ; 1 ; [0.85385986175929218] ; [0.10886170896420169]
840 ; 32 ; 321 ; 2 ; [0.66124608315626199] ; [1.6359581623126158]
840 ; 32 ; 321 ; 3 ; [0.17018151979880275] ; [0.70891869521780304]
840 ; 32 ; 321 ; 6 ; [0.15135399123389073] ; [0.40051026125642447]
840 ; 32 ; 321 ; 9 ; [0.72899916106070151] ; [0.13793149455048823]
840 ; 32 ; 321 ; 18 ; [0.81555920165209528] ; [0.28675974954425693]
840 ; 32 ; 322 ; 0 ; [0.98062158569951174] ; [0.81792481030586683]
840 ; 32 ; 322 ; 1 ; [0.92211961436537015] ; [0.86613645269023354]
840 ; 32 ; 322 ; 2 ; [1.3216762197063199] ; [1.254281634598672]
840 ; 32 ; 323 ; 0 ; [0.28508768946076635, 0.22900652806108185, 0.095515738159894878] ; [0.18123518222083637, 0.17326854335751626, 0.12362284468843188]
840 ; 32 ; 324 ; 0 ; [0.78218854576381691] ; [0.97425542169290524]
840 ; 32 ; 324 ; 1 ; [0.052359649225756769] ; [0.59532924579779978]
840 ; 32 ; 324 ; 2 ; [1.3380567126870413] ; [1.3727574608700526]
840 ; 32 ; 324 ; 3 ; [1.9124505180864269] ; [1.1237810022485113]
840 ; 32 ; 324 ; 5 ; [1.0015759374471171] ; [1.173853396107351]
840 ; 32 ; 324 ; 7 ; [0.27877073181091155] ; [-0.0013341207608279504]
840 ; 32 ; 324 ; 10 ; [1.3322709483540882] ; [0.47764634249325472]
840 ; 32 ; 324 ; 17 ; [0.9234542019726899] ; [0.091244138595804061]
840 ; 32 ; 324 ; 19 ; [0.54958211809178825] ; [0.58109183019935595]
840 ; 32 ; 324 ; 20 ; [0.2216542152837768] ; [0.44486333655139404]
840 ; 32 ; 325 ; 0 ; [0.22070765639137901] ; [0.15142542648983473]
840 ; 32 ; 325 ; 1 ; [0.0047471908336420192] ; [0.11821720195916699]
840 ; 32 ; 325 ; 2 ; [0.24376411481901816] ; [0.31881706416946459]
840 ; 32 ; 325 ; 3 ; [0.28809764164833945] ; [0.40323138797969343]
840 ; 32 ; 325 ; 4 ; [0.20453503040074655] ; [0.097770219386770829]
840 ; 32 ; 325 ; 5 ; [0.54970361987716554] ; [0.010738764727479148]
840 ; 32 ; 326 ; 0 ; [0.065707223961230618] ; [0.14086528316276825]
840 ; 32 ; 326 ; 1 ; [0.27591547685046908] ; [0.20391573977820357]
840 ; 32 ; 326 ; 4 ; [1.5692547851035659] ; [0.59576900843001912]
840 ; 32 ; 326 ; 11 ; [0.10635838291310844] ; [0.62074947438819139]
840 ; 32 ; 327 ; 0 ; [0.098093956861329573] ; [0.15425691808771994]
840 ; 32 ; 327 ; 1 ; [0.02056946831973009] ; [0.075996873381158223]
840 ; 32 ; 328 ; 2 ; [0.0031343436866706101, 0.010872438949894706, 0.15278956988989151] ; [0.16958101273890336, 0.21497521907101264, 0.36389327183027648]
840 ; 32 ; 329 ; 0 ; [0.15336187581265159, 0.17023711540401959, 0.1362967017625008, 0.04663339907544501] ; [0.34543955291014927, 0.16285749144014008, 0.17564916217886056, 0.22336069175799478]
840 ; 32 ; 330 ; 0 ; [0.016634507766033341, 0.03313772521713939, 0.017279200525108486] ; [0.22391751661281686, 0.23358228877274081, 0.050096594107749026]
840 ; 32 ; 331 ; 0 ; [0.049487797093321177, 0.041969951023272174, 0.0025523472385454902] ; [0.24465791032577006, 0.18978138890693633, 0.025260309440887578]
840 ; 32 ; 332 ; 0 ; [0.26824292468685618] ; [0.41571792140043218]
840 ; 32 ; 332 ; 1 ; [0.054020501076794396] ; [0.0040309327856863034]
840 ; 32 ; 332 ; 2 ; [0.091821248642773481] ; [0.59059728688532609]
840 ; 32 ; 332 ; 5 ; [5.0988938112344755] ; [1.332458182214973]
840 ; 32 ; 332 ; 6 ; [0.88495864533990376] ; [1.3441335463355144]
840 ; 32 ; 333 ; 3 ; [0.038527804375938869] ; [-0.0046043335123958848]
840 ; 32 ; 334 ; 4 ; [0.25823020441480393] ; [0.05556637362397112]
840 ; 32 ; 334 ; 5 ; [0.34050280887189754] ; [0.28997435792595982]