# Run ; Subrun ; Event ; Track ; Charge Ratios View 0 ; Charge Ratios View 1 #
840 ; 93 ; 0 ; 0 ; [0.062059385728382904, 0.093524438890601844, 0.11481797254576431] ; [0.1721657549705698, 0.16400200065309714, 0.14728668038505982]
840 ; 93 ; 1 ; 0 ; [-0.027527821788285771, 0.066401731030392139] ; [0.20487845539324109, 0.6849959899890844]
840 ; 93 ; 1 ; 1 ; [1.0552644216064899] ; [0.21014215023604757]
840 ; 93 ; 1 ; 4 ; [0.90605396465811239] ; [1.0405092808021845]
840 ; 93 ; 1 ; 7 ; [0.91187952955064622] ; [0.59324536862364208]
840 ; 93 ; 1 ; 8 ; [0.13793891520894105] ; [0.10779320068064532]
840 ; 93 ; 2 ; 0 ; [0.33165954949745086, 0.3635533785472827] ; [0.16711571087381766, 0.32183869559213524]
840 ; 93 ; 2 ; 1 ; [0.39625104596787963, 0.10967407697597538] ; [0.46345518629894017, 0.18743741947869291]
840 ; 93 ; 2 ; 2 ; [0.24047857477640611] ; [0.25033255441882668]
840 ; 93 ; 2 ; 3 ; [0.046816200869842069, 0.4642633695245445] ; [0.15938853074654466, 0.27339687519335309]
840 ; 93 ; 4 ; 1 ; [0.010778679209048929] ; [0.031293718478407541]
840 ; 93 ; 4 ; 5 ; [0.097317664261317438] ; [0.80896052806642227]
840 ; 93 ; 4 ; 6 ; [0.085576310105169806] ; [1.0592019980169165]
840 ; 93 ; 4 ; 8 ; [0.12302176955981081] ; [0.51579478197968009]
840 ; 93 ; 5 ; 0 ; [0.015926332532471388, 0.084265325291890444, 0.021077141199223104] ; [0.26350783533570071, 0.25870181224731359, 0.22173765772953832]
840 ; 93 ; 5 ; 1 ; [0.081919535699849846] ; [0.11511027904188659]
840 ; 93 ; 5 ; 2 ; [0.043570124334597636] ; [0.28683339910360012]
840 ; 93 ; 6 ; 0 ; [0.92467927797182448] ; [0.33279109939680407]
840 ; 93 ; 6 ; 2 ; [1.4945070893920063] ; [1.4076804663485494]
840 ; 93 ; 6 ; 10 ; [0.033893425957460213] ; [1.9415100622371739]
840 ; 93 ; 6 ; 12 ; [0.6117991068538744] ; [1.6032551763532061]
840 ; 93 ; 6 ; 13 ; [0.60455431919228875] ; [5.413083528638043]
840 ; 93 ; 8 ; 0 ; [-0.030608836024145904, 0.010421924225466285] ; [0.43753053221007771, 0.15513401195408688]
840 ; 93 ; 9 ; 0 ; [0.23577867994614807, 0.23010263413597326] ; [0.14570140383313562, 0.21034109643213456]
840 ; 93 ; 9 ; 1 ; [0.46337251277172947] ; [0.039049106925914484]
840 ; 93 ; 9 ; 2 ; [0.67468367263663831] ; [0.098887061869744455]
840 ; 93 ; 10 ; 0 ; [0.41932408931891169, 0.44109076161748245] ; [0.11401323363637568, 0.60768767772093935]
840 ; 93 ; 11 ; 1 ; [1.8101980127595678] ; [2.9322930284280702]
840 ; 93 ; 11 ; 2 ; [0.085280439429048949] ; [-0.33974526971855351]
840 ; 93 ; 11 ; 3 ; [0.23666086315591622] ; [4.2897214964067469]
840 ; 93 ; 12 ; 0 ; [6.8769963539044356] ; [0.26233888102287595]
840 ; 93 ; 12 ; 1 ; [1.2574046617294907] ; [0.25707132462808407]
840 ; 93 ; 12 ; 5 ; [0.64996400718630332] ; [1.7432264385461906]
840 ; 93 ; 12 ; 8 ; [0.58495724593249199] ; [0.089307060441043307]
840 ; 93 ; 13 ; 0 ; [0.073239072880859929, 0.22832009010758225, 0.031268046538618186] ; [0.15960241169042963, 0.19594400471196344, 0.30046268227083006]
840 ; 93 ; 13 ; 1 ; [0.35744746599015503] ; [0.11040870510992663]
840 ; 93 ; 14 ; 0 ; [0.42563978049689688] ; [0.66346955816371334]
840 ; 93 ; 14 ; 1 ; [2.7586665691186734] ; [0.48860264329530684]
840 ; 93 ; 14 ; 4 ; [0.16870064392664649] ; [1.0366373591276596]
840 ; 93 ; 14 ; 5 ; [4.5922802169961141] ; [0.37175136832816263]
840 ; 93 ; 14 ; 9 ; [0.87382017097662312] ; [0.64001995337550854]
840 ; 93 ; 14 ; 11 ; [-3.1629205884271587] ; [1.4072349752269033]
840 ; 93 ; 14 ; 15 ; [4.3084799968750387] ; [-0.52882855116530103]
840 ; 93 ; 14 ; 16 ; [0.41983535197589267] ; [1.4663539712113753]
840 ; 93 ; 14 ; 17 ; [10.557665511090052] ; [1.7628222977953123]
840 ; 93 ; 14 ; 19 ; [3.6394847609792693] ; [2.0725459690155912]
840 ; 93 ; 14 ; 22 ; [-0.54983700175043482] ; [0.99105905911847636]
840 ; 93 ; 14 ; 23 ; [-1.543629787078969] ; [-0.18266331776553399]
840 ; 93 ; 14 ; 25 ; [0.9442636328838] ; [0.59817735614639644]
840 ; 93 ; 14 ; 26 ; [-0.19729150068867254] ; [0.10142473984054802]
840 ; 93 ; 14 ; 28 ; [1.9843816112603379] ; [1.6668754775234007]
840 ; 93 ; 14 ; 30 ; [0.031926349489733621] ; [-0.39143345630954501]
840 ; 93 ; 14 ; 32 ; [0.35457534049339912] ; [1.2693210340175194]
840 ; 93 ; 14 ; 33 ; [0.79431420999272828] ; [1.5507506642427888]
840 ; 93 ; 15 ; 0 ; [0.17708965775383839, 0.5825530323722411] ; [0.16611249131784489, 0.31624641464538633]
840 ; 93 ; 15 ; 3 ; [0.58458339693890427] ; [-4.6713817154360919]
840 ; 93 ; 16 ; 0 ; [0.20393898135457222, 0.12269877020188839] ; [0.26567446536440464, 0.20262325049399127]
840 ; 93 ; 17 ; 1 ; [1.1245517725912118] ; [4.9712468501485123]
840 ; 93 ; 17 ; 3 ; [0.94322009523090733] ; [1.7042377225728291]
840 ; 93 ; 17 ; 6 ; [1.747247505548839] ; [1.5391098485064916]
840 ; 93 ; 17 ; 7 ; [7.3327210112827252] ; [1.5985347574727997]
840 ; 93 ; 17 ; 11 ; [0.27819648232438765] ; [1.7703181565922359]
840 ; 93 ; 17 ; 12 ; [0.49152593771404141] ; [1.5505785556590341]
840 ; 93 ; 17 ; 14 ; [1.0741679730378277] ; [5.2189056042488788]
840 ; 93 ; 17 ; 19 ; [4.1133502761550567] ; [1.3459467618429515]
840 ; 93 ; 19 ; 0 ; [0.098302378671392882] ; [0.13525846265935479]
840 ; 93 ; 20 ; 0 ; [0.39814739523304121] ; [0.27241834966204304]
840 ; 93 ; 20 ; 3 ; [0.15283729144654601] ; [0.13064200642375379]
840 ; 93 ; 20 ; 5 ; [1.2538160915283281] ; [4.9239157089299992]
840 ; 93 ; 21 ; 0 ; [0.47565171185977145] ; [0.077078948422247301]
840 ; 93 ; 21 ; 1 ; [0.75446187501719453] ; [0.46393538391753675]
840 ; 93 ; 22 ; 0 ; [0.22543494965867092, 0.39071606159305972, 0.19296571261067502, 0.13061947994840523] ; [0.43373892817287413, 0.33274462231716823, 0.2676539061225604, 0.051976405574508854]
840 ; 93 ; 23 ; 1 ; [1.8811751100665588] ; [1.5105005139949002]
840 ; 93 ; 23 ; 2 ; [0.52176345310558903] ; [3.2829722786415378]
840 ; 93 ; 23 ; 3 ; [0.48296121459160313] ; [2.1662903596204983]
840 ; 93 ; 23 ; 5 ; [0.4291010525666657] ; [0.30824721812943184]
840 ; 93 ; 24 ; 0 ; [0.039929256143967459, 0.060601282858816934] ; [0.23544863864443821, 0.11444673348837715]
840 ; 93 ; 25 ; 1 ; [0.97256702692215724] ; [0.052784063749247559]
840 ; 93 ; 25 ; 2 ; [-0.0069077060339769545, 0.81473082158454568] ; [0.099369400778522687, 0.022346578390130767]
840 ; 93 ; 26 ; 0 ; [0.42480554659735348] ; [1.099109369055048]
840 ; 93 ; 26 ; 1 ; [1.0520103632750764] ; [0.63017011669100986]
840 ; 93 ; 26 ; 2 ; [0.6311735509270503] ; [0.46203089460922453]
840 ; 93 ; 26 ; 3 ; [0.52364450305671839] ; [0.017011699045956643]
840 ; 93 ; 26 ; 4 ; [1.369973947691332] ; [0.0086933720949781152]
840 ; 93 ; 26 ; 5 ; [2.0722873467507235] ; [0.79218925360963699]
840 ; 93 ; 26 ; 6 ; [0.1812542361239208] ; [0.37421755300428577]
840 ; 93 ; 26 ; 8 ; [0.00050109072893230182] ; [3.3663556980964473]
840 ; 93 ; 27 ; 1 ; [0.37902910596682438] ; [0.090526172645981867]
840 ; 93 ; 27 ; 2 ; [1.4753356280161325] ; [1.1561363752763234]
840 ; 93 ; 27 ; 4 ; [0.97711350913673389] ; [2.0121380893009158]
840 ; 93 ; 27 ; 5 ; [0.72078856915983369] ; [0.81157976983727065]
840 ; 93 ; 27 ; 11 ; [0.36114995135129757] ; [2.122771899462184]
840 ; 93 ; 27 ; 13 ; [3.7020982931525857] ; [0.73711659465742063]
840 ; 93 ; 27 ; 18 ; [1.7468725685421711] ; [1.4350005508613055]
840 ; 93 ; 27 ; 20 ; [1.2438493707664808] ; [1.7278996819450914]
840 ; 93 ; 28 ; 0 ; [0.16779287540708213, 0.25632586837682725, 0.21758687038151919, 0.59405075126131601] ; [0.14008039898759658, 0.17734776708645675, 0.13296932862284619, 0.057629410608882145]
840 ; 93 ; 29 ; 0 ; [0.16275386050847515] ; [0.070291580568842466]
840 ; 93 ; 29 ; 1 ; [0.92218716652893518] ; [0.88008085022745841]
840 ; 93 ; 29 ; 3 ; [0.022361285732404222] ; [0.22546818322210796]
840 ; 93 ; 29 ; 4 ; [0.36218110687789407] ; [0.78903436953353256]
840 ; 93 ; 29 ; 9 ; [0.042019925229258272] ; [-0.02865599147709396]
840 ; 93 ; 29 ; 10 ; [2.0730900777464933] ; [0.44487925964390745]
840 ; 93 ; 29 ; 14 ; [1.2353028682929181] ; [0.47253169645391552]
840 ; 93 ; 30 ; 2 ; [0.46804014690674095, 0.71023620393164677, 0.22241691769163399] ; [0.32615717160854912, 0.86550125968100766, 0.14119809322311669]
840 ; 93 ; 30 ; 3 ; [0.78256048269917733] ; [7.443097222210854]
840 ; 93 ; 31 ; 0 ; [0.55437844824923166] ; [0.029288298060939074]
840 ; 93 ; 31 ; 1 ; [0.14910388206589245] ; [0.25771648339638231]
840 ; 93 ; 32 ; 0 ; [0.20779162343668822, 0.073502145951625533, 0.040164660485961193] ; [0.173937266933614, 0.17607172517446579, 0.044956316404571178]
840 ; 93 ; 32 ; 1 ; [0.07460014648736947] ; [0.33037140795642506]
840 ; 93 ; 33 ; 1 ; [2.4463029795729239] ; [1.9719336497090778]
840 ; 93 ; 33 ; 2 ; [0.57607915043032154] ; [0.033214359902710683]
840 ; 93 ; 33 ; 3 ; [0.14891187192687166] ; [0.9999320370367154]
840 ; 93 ; 33 ; 6 ; [1.0855557648686498] ; [0.58563631141854955]
840 ; 93 ; 33 ; 7 ; [6.9684809752333141] ; [3.434349743133621]
840 ; 93 ; 34 ; 0 ; [0.099955937184913496, 0.23672797719363292] ; [0.090515881597323072, 0.14165240175198121]
840 ; 93 ; 34 ; 1 ; [0.69289716160267623] ; [0.3275642664583816]
840 ; 93 ; 34 ; 2 ; [0.3813073779785876] ; [0.066907934327874591]
840 ; 93 ; 34 ; 3 ; [0.41591030937093354] ; [0.078130386994878925]
840 ; 93 ; 34 ; 4 ; [0.12258123232762547] ; [0.026381409468545742]
840 ; 93 ; 35 ; 0 ; [0.064967716799230454, 0.066971165500134905, 0.020635083132227429] ; [0.18779803235158057, 0.13275680441722995, 0.14409760933007529]
840 ; 93 ; 35 ; 1 ; [0.09592336249578047, 0.035022799990157803] ; [0.19061326986138327, 0.13738940051323811]
840 ; 93 ; 36 ; 0 ; [0.30891632525009827, 0.13711114463053092] ; [0.72613335785171185, 0.27456933381183363]
840 ; 93 ; 36 ; 5 ; [0.27246812461559794] ; [0.47844595259562045]
840 ; 93 ; 37 ; 0 ; [0.097572686546913007] ; [0.24680173631679886]
840 ; 93 ; 37 ; 1 ; [0.94607132168928321] ; [2.005249866171158]
840 ; 93 ; 37 ; 2 ; [2.9993215127673629] ; [0.83738095939702284]
840 ; 93 ; 38 ; 0 ; [3.365831054150612] ; [0.372316484665562]
840 ; 93 ; 38 ; 1 ; [0.10622110994801451] ; [1.6300106249715161]
840 ; 93 ; 38 ; 4 ; [0.52133913932643206] ; [0.10689942129168645]
840 ; 93 ; 39 ; 0 ; [0.21811626809119516] ; [0.21437600240287905]
840 ; 93 ; 39 ; 2 ; [0.71302893632634823, 0.17141260033431446, 0.20542578227537359, 0.23227802247655721, 0.134247060205748] ; [0.60660370329603241, 0.28241078880415876, 0.10243455679364054, 0.21140984897049658, 0.080106616737366049]
840 ; 93 ; 40 ; 0 ; [0.2360593835266406] ; [0.31878079184247587]
840 ; 93 ; 40 ; 6 ; [0.17192324728881694] ; [0.30615562041000571]
840 ; 93 ; 41 ; 0 ; [0.00038560865285678151] ; [-0.0022533545836589666]
840 ; 93 ; 42 ; 1 ; [0.039049640363560567] ; [0.98350910290893034]
840 ; 93 ; 42 ; 3 ; [0.55765056629509679] ; [0.56061740457853371]
840 ; 93 ; 42 ; 7 ; [3.8824221144609763] ; [2.1233756520509788]
840 ; 93 ; 42 ; 8 ; [0.29644952862910728] ; [2.5841529036255522]
840 ; 93 ; 42 ; 9 ; [0.46502306400430465] ; [0.28463203182113145]
840 ; 93 ; 42 ; 10 ; [2.8066411209229303] ; [0.99272598491576303]
840 ; 93 ; 42 ; 11 ; [1.3535950971660369] ; [5.1031379961876011]
840 ; 93 ; 42 ; 12 ; [1.2749226555857271] ; [1.5318141570930801]
840 ; 93 ; 42 ; 13 ; [0.28209264263878175] ; [1.3476167872076148]
840 ; 93 ; 43 ; 0 ; [0.1035600062234293] ; [1.0925721402918529]
840 ; 93 ; 43 ; 3 ; [4.1151693083154957] ; [2.473079159906415]
840 ; 93 ; 43 ; 5 ; [1.038836491327354] ; [2.6508061287631199]
840 ; 93 ; 43 ; 7 ; [8.6582803342162791] ; [1.1280794815793649]
840 ; 93 ; 43 ; 13 ; [1.7488875025564015] ; [2.0860456426149079]
840 ; 93 ; 43 ; 15 ; [1.1615665216943547] ; [1.4068357059763927]
840 ; 93 ; 43 ; 20 ; [0.26007620722982949] ; [1.7579075939822095]
840 ; 93 ; 43 ; 22 ; [4.532560541747884] ; [2.3053119221813025]
840 ; 93 ; 43 ; 23 ; [3.7598551094325754] ; [1.7426081543560086]
840 ; 93 ; 43 ; 28 ; [5.6035405764662141] ; [2.6207676689192083]
840 ; 93 ; 44 ; 0 ; [0.043455410527482696] ; [0.34599324402122134]
840 ; 93 ; 45 ; 0 ; [-0.00045905687947611265, 0.0087234798486716513, 0.035521871822957955] ; [0.21265962369435373, 0.16864794674462441, 0.093606515780394375]
840 ; 93 ; 46 ; 0 ; [0.4614599974415588] ; [0.10881427066445741]
840 ; 93 ; 46 ; 1 ; [2.259510515278496] ; [0.30148844684970671]
840 ; 93 ; 46 ; 2 ; [0.70559212986756847] ; [1.4442612607668528]
840 ; 93 ; 47 ; 0 ; [0.090003144244109781] ; [0.18019694079748858]
840 ; 93 ; 47 ; 1 ; [0.040703887166842867, 0.10594295410786421] ; [0.19915313227864548, 0.27608857761065042]
840 ; 93 ; 48 ; 0 ; [0.3321770596689762] ; [0.58348844822477031]
840 ; 93 ; 48 ; 1 ; [0.68926516144038952] ; [0.67589276365358175]
840 ; 93 ; 48 ; 2 ; [2.3857456603984679] ; [0.80904447533420765]
840 ; 93 ; 49 ; 0 ; [0.44408248891333779, 0.45793463895477859, 0.2782197533404987, 0.22497545857712758] ; [0.28522787116493536, 0.67247845138589324, 0.30557073998683593, 0.34725941948176642]
840 ; 93 ; 49 ; 1 ; [0.07096590264648113] ; [-0.048914405458138605]
840 ; 93 ; 49 ; 3 ; [0.87272786064579744] ; [0.2788067841697891]
840 ; 93 ; 49 ; 8 ; [0.32251455227776904] ; [0.050659985733230738]
840 ; 93 ; 50 ; 0 ; [0.28459906138059421] ; [0.35567143780926092]
840 ; 93 ; 50 ; 1 ; [0.10211863097443977] ; [0.26311526883561759]
840 ; 93 ; 50 ; 6 ; [0.67704634918227269] ; [0.028108588418521326]
840 ; 93 ; 50 ; 10 ; [2.8297530061736285] ; [0.027334928772615116]
840 ; 93 ; 50 ; 13 ; [3.8396537336636132] ; [4.1413876641850615]
840 ; 93 ; 50 ; 14 ; [0.46720253747830481] ; [-0.0087858855538596216]
840 ; 93 ; 52 ; 0 ; [0.2506551453165306, 0.29035798551583936, 0.43203819273416166] ; [0.17056652149707205, 0.177693841449861, 0.17179282810876947]
840 ; 93 ; 53 ; 0 ; [0.31361892537987901] ; [0.24101430243313965]
840 ; 93 ; 53 ; 2 ; [0.056486534587736094] ; [0.73704794417082309]
840 ; 93 ; 53 ; 8 ; [2.1831906446719378] ; [2.1324831209191726]
840 ; 93 ; 54 ; 0 ; [0.14106401817289782, 0.1146503384174291, 0.06536702932605, 0.093027653626193779] ; [0.27018264404953934, 0.17831032514298159, 0.15581949992385186, 0.084701758442288527]
840 ; 93 ; 55 ; 1 ; [2.2327260935880378] ; [1.7968011261747858]
840 ; 93 ; 55 ; 5 ; [1.1934771974500573] ; [1.7858228802692031]
840 ; 93 ; 55 ; 9 ; [0.028015306674809934] ; [1.8918262303369475]
840 ; 93 ; 55 ; 11 ; [1.9290186676419303] ; [1.2027761130959362]
840 ; 93 ; 55 ; 12 ; [0.059612297703997251] ; [1.6418000164760356]
840 ; 93 ; 55 ; 13 ; [1.669510395705688] ; [1.6413671281577913]
840 ; 93 ; 55 ; 14 ; [1.3717092433946594] ; [1.7496582359241375]
840 ; 93 ; 56 ; 3 ; [0.20939211777229791] ; [2.81813206864551]
840 ; 93 ; 56 ; 8 ; [0.38088336059425404] ; [1.371514781198762]
840 ; 93 ; 56 ; 12 ; [1.0019633214235826] ; [2.6678601713338015]
840 ; 93 ; 57 ; 0 ; [0.13436052685880243, 0.15075430679732324, 0.13974131946340265] ; [0.2056850914418919, 0.17277090846546286, 0.22802811757203051]
840 ; 93 ; 58 ; 1 ; [0.6431295394254577] ; [0.41179691011876346]
840 ; 93 ; 58 ; 2 ; [0.40918781897537587] ; [0.12224231258949796]
840 ; 93 ; 59 ; 0 ; [0.16632983959532688, 0.20377044578613523, 0.11368727708407834, 0.28325100812921378] ; [0.2470349597187825, 0.1893858134006339, 0.19245168238900415, 0.08739736810714098]
840 ; 93 ; 59 ; 1 ; [0.052356566754256595] ; [0.01942309633327147]
840 ; 93 ; 60 ; 2 ; [3.7401504356215587] ; [1.4063152751845212]
840 ; 93 ; 61 ; 0 ; [3.9537994344354481] ; [0.91057460348996577]
840 ; 93 ; 61 ; 1 ; [0.019857648951277583] ; [0.024504380100256139]
840 ; 93 ; 61 ; 3 ; [5.0909939054025664] ; [1.5636443972994278]
840 ; 93 ; 61 ; 5 ; [0.10470227825069039] ; [1.4413854034103422]
840 ; 93 ; 61 ; 6 ; [0.32519156871091454, 0.22791912016168006] ; [0.46733028590605952, 0.28790114772391362]
840 ; 93 ; 62 ; 0 ; [0.05554955570651679] ; [0.046768778877282688]
840 ; 93 ; 63 ; 2 ; [-0.014567879710465996] ; [0.18717432880512455]
840 ; 93 ; 63 ; 5 ; [0.047740787712911306] ; [0.20815846202479263]
840 ; 93 ; 63 ; 7 ; [0.086692803879215657, 0.30193303576868896] ; [0.29644558109875802, 0.91245442728449122]
840 ; 93 ; 64 ; 8 ; [1.2425333123131044] ; [1.1093233870662849]
840 ; 93 ; 65 ; 0 ; [0.037056251098132487, 0.10484783089840323] ; [0.091238633674820005, 0.18810729214577288]
840 ; 93 ; 65 ; 1 ; [0.066100653891810454] ; [0.12097477833530548]
840 ; 93 ; 65 ; 2 ; [0.064906658640497231] ; [0.070928270867580065]
840 ; 93 ; 66 ; 0 ; [0.18191468324837395, 0.46939493595745146] ; [0.24687133378903497, 0.39723769610157711]
840 ; 93 ; 66 ; 1 ; [0.12916985486730287] ; [0.21017924192164458]
840 ; 93 ; 67 ; 0 ; [0.0098074690439806031] ; [0.033527233150784937]
840 ; 93 ; 67 ; 1 ; [0.54026589891693344] ; [0.042368973690169738]
840 ; 93 ; 67 ; 3 ; [-0.039318988268175488] ; [0.58750075757653653]
840 ; 93 ; 68 ; 2 ; [0.22619407247025342] ; [0.16857695027527059]
840 ; 93 ; 69 ; 0 ; [0.24054789420291819, 0.23646322849443147] ; [0.010406320455217164, 0.0062824091431119711]
840 ; 93 ; 69 ; 1 ; [0.093732703351238775] ; [0.033320861999108095]
840 ; 93 ; 70 ; 0 ; [0.40357820476808243, 0.021150303802580327, 0.079070709223612118] ; [0.23520815686447702, 0.48980616592935122, 0.49653491939208999]
840 ; 93 ; 70 ; 1 ; [0.34498460064647307] ; [0.96231642040241594]
840 ; 93 ; 70 ; 4 ; [-0.011019269147748268] ; [-0.014473552181554434]
840 ; 93 ; 71 ; 0 ; [0.68196912864029235] ; [1.2090952202470375]
840 ; 93 ; 71 ; 1 ; [0.46189330335113843] ; [0.48113403521929904]
840 ; 93 ; 71 ; 2 ; [-0.35026119275852186] ; [1.2112458878544379]
840 ; 93 ; 71 ; 3 ; [2.5197328203284601] ; [0.84822370528780855]
840 ; 93 ; 71 ; 5 ; [0.51916350133918321] ; [2.0105182158206509]
840 ; 93 ; 71 ; 24 ; [1.8372883239913893] ; [1.2303319904824692]
840 ; 93 ; 71 ; 25 ; [0.44105255182446312] ; [0.80432212677728154]
840 ; 93 ; 72 ; 0 ; [0.029103943860836284, 0.010813046424687745, 0.29261433876426485, -0.018743854889318703] ; [0.18201894515287476, 0.17774319240748168, 0.21488429697571046, 0.11318971132535581]
840 ; 93 ; 73 ; 0 ; [1.2863548777166969] ; [1.5728581749977621]
840 ; 93 ; 73 ; 3 ; [0.52425433580916836] ; [1.1165852421080891]
840 ; 93 ; 75 ; 0 ; [1.2103632034444327] ; [0.41951676016220346]
840 ; 93 ; 75 ; 4 ; [2.352144334891205] ; [0.28481010421243946]
840 ; 93 ; 76 ; 0 ; [0.19333427712641904, 0.024286255862971465] ; [0.27808623916306913, 0.075254667375745377]
840 ; 93 ; 76 ; 1 ; [0.33716206577576019] ; [0.67587630664097376]
840 ; 93 ; 76 ; 2 ; [0.15917035822476902] ; [0.38706728163803633]
840 ; 93 ; 76 ; 4 ; [1.4804647151328083] ; [0.068769974416292998]
840 ; 93 ; 77 ; 0 ; [0.034044627251692453, 0.95843485140324458] ; [0.20682622996049593, 0.37749094875484374]
840 ; 93 ; 77 ; 1 ; [2.3692496708904409] ; [0.018277580709452554]
840 ; 93 ; 78 ; 0 ; [0.20592671985783301] ; [0.17472776478694971]
840 ; 93 ; 80 ; 0 ; [-0.021749383394925118] ; [0.026945504409128233]
840 ; 93 ; 81 ; 0 ; [0.97840774240280759] ; [0.67204616009044227]
840 ; 93 ; 81 ; 3 ; [1.5549069751283766] ; [0.20177171996851226]
840 ; 93 ; 81 ; 6 ; [0.95744578552514403] ; [1.1672742880923412]
840 ; 93 ; 81 ; 19 ; [0.26152816267839718] ; [1.4632326898682277]
840 ; 93 ; 81 ; 25 ; [5.9870263112629427] ; [1.3617797384460448]
840 ; 93 ; 82 ; 0 ; [0.90298331422096867] ; [0.69204538745506228]
840 ; 93 ; 82 ; 1 ; [0.31897718619932264] ; [0.097264577127519736]
840 ; 93 ; 84 ; 0 ; [0.0766285316880011, 0.11087908663831543] ; [0.23731232006316588, 0.20414247864964649]
840 ; 93 ; 84 ; 1 ; [0.19076084359632534] ; [0.12870264269627185]
840 ; 93 ; 86 ; 0 ; [0.14312049272234847, 0.011686927206909829, 0.02120533942945688] ; [0.16768398294054754, 0.2188590638476397, 0.11219903548697664]
840 ; 93 ; 86 ; 1 ; [0.78731108993325893] ; [0.19333612291044183]
840 ; 93 ; 86 ; 2 ; [0.411561410545419] ; [0.12082680978647518]
840 ; 93 ; 86 ; 3 ; [0.15720683173386782] ; [0.056114527325658289]
840 ; 93 ; 86 ; 4 ; [0.1132144497912897] ; [0.024863383397850304]
840 ; 93 ; 87 ; 0 ; [0.0073047087150720971, 0.1296525464988188, 0.040634099331704594, 0.0032278590579234876] ; [0.35014205850051722, 0.34780537547707274, 0.26402968889023731, 0.19862390107175956]
840 ; 93 ; 88 ; 0 ; [0.16701709033461259] ; [0.89845070135445815]
840 ; 93 ; 89 ; 0 ; [0.11634837944758177, 0.169778071477419] ; [1.3725003728124723, 0.2074744497707498]
840 ; 93 ; 90 ; 1 ; [0.1380414489348919] ; [0.1097892834870114]
840 ; 93 ; 90 ; 2 ; [0.17661135191050986] ; [0.65198239716877571]
840 ; 93 ; 91 ; 1 ; [5.2816647879036429] ; [0.022222938656128476]
840 ; 93 ; 91 ; 3 ; [0.56861421817088342] ; [1.8063102881877791]
840 ; 93 ; 91 ; 4 ; [1.4897502148297035] ; [2.5650118231131929]
840 ; 93 ; 91 ; 5 ; [1.1515564868192834] ; [2.4351072991813432]
840 ; 93 ; 91 ; 6 ; [1.3397883245366193] ; [1.9482034931967973]
840 ; 93 ; 91 ; 8 ; [1.6666805337396986] ; [1.5911314298096106]
840 ; 93 ; 91 ; 9 ; [1.0253457123935827] ; [1.6712621349740071]
840 ; 93 ; 91 ; 15 ; [1.9520798034394731] ; [3.7354105705234883]
840 ; 93 ; 92 ; 0 ; [0.9201954171624428] ; [2.8768013378359618]
840 ; 93 ; 92 ; 1 ; [1.9910543657941457] ; [0.7359021295974103]
840 ; 93 ; 92 ; 3 ; [3.6748120953259851] ; [1.7455547916854832]
840 ; 93 ; 92 ; 5 ; [1.8576884631379247] ; [0.92850833977092184]
840 ; 93 ; 92 ; 6 ; [4.0425957519107181] ; [3.614193034434928]
840 ; 93 ; 92 ; 7 ; [1.9889219869792767] ; [1.9211149405288077]
840 ; 93 ; 92 ; 8 ; [0.33983274691718801] ; [1.1569929630878275]
840 ; 93 ; 92 ; 9 ; [2.8705142640877717] ; [1.6932173893064275]
840 ; 93 ; 92 ; 10 ; [1.8127813456430748] ; [1.4886256134774318]
840 ; 93 ; 93 ; 0 ; [1.4899665022489827] ; [0.88027114350565949]
840 ; 93 ; 93 ; 2 ; [0.010444561963529829] ; [0.92645102230851806]
840 ; 93 ; 94 ; 0 ; [0.058098446832847511] ; [0.21472265301621205]
840 ; 93 ; 94 ; 1 ; [0.323102533105315] ; [0.12873154847423213]
840 ; 93 ; 95 ; 0 ; [-0.013654560596144425, -0.001230725998503323, 0.0060215915808499929] ; [0.1571075840700572, 0.13854443704819169, 0.17780843609805527]
840 ; 93 ; 96 ; 1 ; [0.8939079343427524] ; [0.54091105092924208]
840 ; 93 ; 96 ; 5 ; [0.10263422022198106] ; [0.81838316657718624]
840 ; 93 ; 98 ; 1 ; [0.68556206686519461] ; [0.36440794144774852]
840 ; 93 ; 98 ; 5 ; [0.21588621371799901] ; [0.10209324959383756]
840 ; 93 ; 98 ; 7 ; [1.541668436771414] ; [0.9705111281582427]
840 ; 93 ; 98 ; 10 ; [1.4253335509740772] ; [0.39465966392733903]
840 ; 93 ; 98 ; 13 ; [1.6370546448584484] ; [1.7300393852850304]
840 ; 93 ; 99 ; 0 ; [0.23582469230200367, 0.12186583124893287, 0.28679502691301839] ; [0.54822593725360624, 0.36472611585870196, 0.11660957542288868]
840 ; 93 ; 99 ; 1 ; [0.21692028131039057] ; [0.19316065026164037]
840 ; 93 ; 100 ; 0 ; [0.75782873734609013] ; [0.087815099054188855]
840 ; 93 ; 100 ; 3 ; [0.25049584439944828] ; [0.034580244520257507]
840 ; 93 ; 101 ; 0 ; [0.14488135420822973] ; [0.11335638914586114]
840 ; 93 ; 101 ; 1 ; [0.099552191580687219] ; [0.1463562063941114]
840 ; 93 ; 101 ; 2 ; [0.18264479272012632] ; [0.13249288290426572]
840 ; 93 ; 102 ; 1 ; [0.72121657124347915] ; [0.45111530803393007]
840 ; 93 ; 102 ; 2 ; [1.4309104254206435] ; [0.31295230820734965]
840 ; 93 ; 102 ; 8 ; [0.03102519603067385] ; [0.44465537047455539]
840 ; 93 ; 103 ; 0 ; [1.1506778376754065, 0.062538288681477344] ; [0.91680613735948135, 0.77288199415254721]
840 ; 93 ; 103 ; 1 ; [1.205629319339427] ; [0.6980909908124544]
840 ; 93 ; 103 ; 2 ; [0.77358186170628818] ; [0.87373638286722377]
840 ; 93 ; 103 ; 8 ; [2.8619773969419962] ; [1.2955598646125934]
840 ; 93 ; 103 ; 9 ; [1.4870165910364905] ; [1.450362749910725]
840 ; 93 ; 103 ; 15 ; [0.15458033811993613] ; [2.0779157986661492]
840 ; 93 ; 104 ; 0 ; [0.5647590186342436, 0.1311762349692753] ; [0.77258583097444877, 0.29724512702666001]
840 ; 93 ; 105 ; 0 ; [-0.002365518741311756, 0.0073155315905257517, 0.046950670386738724, 0.057952214263112159] ; [0.16554686611777614, 0.26904241827548919, 0.19969374598338382, 0.033741429098936064]
840 ; 93 ; 106 ; 0 ; [0.80513007003118564] ; [0.071454805569199573]
840 ; 93 ; 106 ; 3 ; [0.65138612112538086] ; [0.59531102103391142]
840 ; 93 ; 106 ; 4 ; [1.8074408249900407] ; [0.54085927400391143]
840 ; 93 ; 106 ; 5 ; [1.5336670987314611] ; [0.68587558878434607]
840 ; 93 ; 107 ; 0 ; [0.32056273793320322] ; [1.0944590455712999]
840 ; 93 ; 107 ; 1 ; [0.4290251092760986] ; [0.16724437141136755]
840 ; 93 ; 107 ; 2 ; [0.27329655019075805] ; [0.32243843151764706]
840 ; 93 ; 107 ; 7 ; [0.24861196562810761] ; [1.7092393775234482]
840 ; 93 ; 107 ; 11 ; [0.32517727138474412] ; [1.6076328899259726]
840 ; 93 ; 107 ; 13 ; [1.6853108744729681] ; [1.7565097832861893]
840 ; 93 ; 108 ; 0 ; [-0.011533071827278319, 0.00093562524219888133, -0.0071391159565291646] ; [0.18274567286095333, 0.16090821532093891, 0.011458066672545284]
840 ; 93 ; 108 ; 1 ; [0.043780401977411967] ; [0.046967805102526933]
840 ; 93 ; 109 ; 2 ; [0.28592807870049358] ; [0.42047482364941974]
840 ; 93 ; 109 ; 8 ; [2.2552374069460419] ; [1.0168945339615267]
840 ; 93 ; 109 ; 11 ; [2.1613126878939872] ; [1.7563683515474577]
840 ; 93 ; 109 ; 14 ; [1.71260979643448] ; [1.0125866167446183]
840 ; 93 ; 109 ; 19 ; [1.6438109580148421] ; [1.9415994551511935]
840 ; 93 ; 110 ; 0 ; [0.012019913828573011, -0.027851113048188974] ; [0.20451854304449477, 0.16261318212857262]
840 ; 93 ; 110 ; 1 ; [0.67990617059735037] ; [-0.0067638013474285155]
840 ; 93 ; 111 ; 1 ; [0.20633901736335522, 0.17557444429429644, 0.2848898829441785, 0.53116852816569227, 0.020829384163786657] ; [0.18713490932972257, 0.15595070494059624, 0.46636308602334908, 0.42137853826653376, 0.099618529661817654]
840 ; 93 ; 112 ; 0 ; [0.037572320011460748, 0.048640434544426132, 0.16606633729973921] ; [0.16935925190929196, 0.23534520686348312, 0.037686962393413487]
840 ; 93 ; 113 ; 0 ; [0.94709321886077846] ; [3.0634086231638933]
840 ; 93 ; 113 ; 21 ; [1.0071683721366134] ; [2.0803693142497037]
840 ; 93 ; 113 ; 22 ; [1.1134466399036149] ; [1.7278976983331278]
840 ; 93 ; 113 ; 23 ; [1.6802340744647526] ; [2.7400000159187581]
840 ; 93 ; 113 ; 24 ; [1.3250462149951765] ; [2.426308386709342]
840 ; 93 ; 113 ; 27 ; [1.3773350259255854] ; [1.8173631853634904]
840 ; 93 ; 113 ; 29 ; [0.93381125651337349] ; [0.92743387410306188]
840 ; 93 ; 114 ; 3 ; [1.3402174854484459] ; [0.71436313249581052]
840 ; 93 ; 115 ; 0 ; [0.93240760096052211] ; [1.3786818211752032]
840 ; 93 ; 115 ; 4 ; [0.65064633905521929] ; [0.25252060824124473]
840 ; 93 ; 115 ; 9 ; [1.4222811936798971] ; [1.9871495334723994]
840 ; 93 ; 116 ; 0 ; [0.58389508826248604] ; [1.387173634438176]
840 ; 93 ; 116 ; 1 ; [0.66138421819020687] ; [0.11063117299854475]
840 ; 93 ; 116 ; 5 ; [2.0125708734853145] ; [1.5236171399954539]
840 ; 93 ; 116 ; 7 ; [0.34801471534129397] ; [2.612079173519843]
840 ; 93 ; 116 ; 8 ; [1.4474876546818156] ; [8.7282698017576852]
840 ; 93 ; 116 ; 10 ; [1.5253930793080699] ; [2.1679589081210926]
840 ; 93 ; 116 ; 11 ; [1.8398160308845526] ; [1.4794648257915011]
840 ; 93 ; 116 ; 14 ; [0.6904879105547872] ; [2.8753100379800065]
840 ; 93 ; 117 ; 1 ; [0.74990325481726294] ; [0.83840717686331434]
840 ; 93 ; 118 ; 0 ; [2.3037220328055925] ; [0.16709738105289884]
840 ; 93 ; 118 ; 1 ; [1.0789124119854683] ; [0.52221995243245212]
840 ; 93 ; 118 ; 2 ; [0.24296749102594969] ; [0.88036881492898289]
840 ; 93 ; 118 ; 7 ; [0.50692446718812956] ; [0.61692958962236366]
840 ; 93 ; 119 ; 0 ; [0.017436143787936915, 0.064786560194708923, 0.026608689333722204] ; [0.20481744569097751, 0.2264117777566951, 0.15168955404647944]
840 ; 93 ; 120 ; 0 ; [0.51235829099176167] ; [1.2921532170841381]
840 ; 93 ; 121 ; 3 ; [0.066302641855206929] ; [0.095597803164600509]
840 ; 93 ; 122 ; 0 ; [0.1481151116040535, 0.054538909314459934, 0.10474774416654513, 0.15960837428833133, 0.13368526035750286] ; [0.10013052288484772, 0.20405866325472735, 0.1560862253172359, 0.24039422340324487, 0.30616777785795879]
840 ; 93 ; 123 ; 0 ; [0.00023524397978432322, 0.048800202534639459, 0.10578598989577008] ; [0.16347516458048936, 0.26973091192411441, 0.171543942488389]
840 ; 93 ; 123 ; 1 ; [0.070092345166929831, 0.010996738757054801] ; [0.0011104844253041499, 0.097763416566502531]
840 ; 93 ; 124 ; 0 ; [0.049372039149758455, 0.10466445148710951, 0.095451351149451275, 0.030926350164599867] ; [0.133688740942183, 0.13425748998785542, 0.25434966367788892, 0.093909940252466503]
840 ; 93 ; 125 ; 0 ; [0.50729753363893293] ; [0.54054479894526775]
840 ; 93 ; 125 ; 1 ; [0.55627128692645755] ; [0.27416140393633182]
840 ; 93 ; 125 ; 2 ; [0.0059453355745638283] ; [0.62961528278228074]
840 ; 93 ; 125 ; 3 ; [0.55933858487003452] ; [0.099319352893841334]
840 ; 93 ; 125 ; 4 ; [0.02103504851903672] ; [0.25139475657206806]
840 ; 93 ; 125 ; 5 ; [0.029214533667759904] ; [0.063492466690616964]
840 ; 93 ; 125 ; 15 ; [0.59326746194318125] ; [0.87738282719241678]
840 ; 93 ; 125 ; 18 ; [0.31562876318037331] ; [0.17511643923354581]
840 ; 93 ; 126 ; 0 ; [0.023593207414682994, 0.21037925165833887] ; [0.087361535788120892, 0.39641304148834206]
840 ; 93 ; 126 ; 1 ; [0.060873258295842267] ; [0.11016186871260757]
840 ; 93 ; 127 ; 0 ; [0.68679292943731607, 0.01934735688741452, -0.071069168178768252] ; [0.3738072286498601, 0.28828570689103017, 0.12968210269559885]
840 ; 93 ; 128 ; 0 ; [0.1491785933805499] ; [0.2431704861602631]
840 ; 93 ; 129 ; 0 ; [0.0064946073606125098] ; [0.011421630383467411]
840 ; 93 ; 129 ; 1 ; [0.48607238183360268] ; [0.32606272576026707]
840 ; 93 ; 130 ; 0 ; [0.35558983260138177] ; [0.062192206543284355]
840 ; 93 ; 130 ; 1 ; [0.83907351799192398] ; [0.20599560684822724]
840 ; 93 ; 130 ; 9 ; [0.088269177444038935] ; [0.19867600638155308]
840 ; 93 ; 131 ; 0 ; [3.062829123274533] ; [0.36767572626334544]
840 ; 93 ; 131 ; 4 ; [1.4546900529720286] ; [0.89355103711640638]
840 ; 93 ; 132 ; 0 ; [1.5504464315249493] ; [1.825766184169253]
840 ; 93 ; 132 ; 7 ; [0.51264098055152929] ; [1.3774253428782359]
840 ; 93 ; 133 ; 0 ; [0.035180091629019826, 0.0063116545743828103, 0.0081178285235225453, -0.0047848074465159365] ; [0.18006702043622888, 0.18028035718874333, 0.19077968954908153, 0.067842260063250684]
840 ; 93 ; 135 ; 1 ; [1.2638991271214022] ; [0.2187006493027592]
840 ; 93 ; 135 ; 4 ; [0.85907338428789848] ; [1.0785655780165497]
840 ; 93 ; 136 ; 4 ; [0.095273761823791409] ; [0.81556053675551954]
840 ; 93 ; 137 ; 0 ; [0.15900667291967108] ; [0.12577343576579023]
840 ; 93 ; 137 ; 1 ; [0.2005289778812879] ; [0.048102270019024368]
840 ; 93 ; 137 ; 2 ; [1.4337392260328474] ; [0.21606735282509673]
840 ; 93 ; 137 ; 3 ; [0.26779303027448026] ; [0.30987577262949373]
840 ; 93 ; 138 ; 0 ; [0.78037033747801599, 0.065770477597537236, 0.49349022207976428] ; [0.34129052397920129, 0.2540729922904334, 0.092661554962637421]
840 ; 93 ; 138 ; 1 ; [1.3883405019571726] ; [-0.014516846487885182]
840 ; 93 ; 138 ; 3 ; [0.12315568632974738] ; [-0.023158455921847999]
840 ; 93 ; 139 ; 0 ; [0.22128432971009065] ; [0.050478006887855732]
840 ; 93 ; 139 ; 1 ; [1.8457772393405936] ; [0.75261362198697035]
840 ; 93 ; 139 ; 2 ; [4.201880947118986] ; [0.80103542727299271]
840 ; 93 ; 139 ; 4 ; [0.91770566341404247] ; [0.19946039112215655]
840 ; 93 ; 139 ; 8 ; [0.62558353217290807] ; [1.2492516938505285]
840 ; 93 ; 139 ; 13 ; [0.19268174038133037] ; [0.80972132989772272]
840 ; 93 ; 140 ; 0 ; [1.2737675054085387] ; [0.55416232634684326]
840 ; 93 ; 140 ; 1 ; [1.0239639127520075] ; [1.661974264201693]
840 ; 93 ; 141 ; 0 ; [0.20368150174785765] ; [-0.0038292597899064621]
840 ; 93 ; 141 ; 4 ; [0.050914292433477934] ; [0.50294028727496076]
840 ; 93 ; 142 ; 0 ; [0.049528535362370084, 0.059615932069430486] ; [0.13212939971182971, 0.4224904449279146]
840 ; 93 ; 142 ; 4 ; [0.23446366710855654, 0.89509654623878154] ; [0.2517948401068566, 0.26886146937851363]
840 ; 93 ; 143 ; 0 ; [1.5886978398570164] ; [1.3374300140502413]
840 ; 93 ; 143 ; 1 ; [1.7935210614771484] ; [0.52280060185841137]
840 ; 93 ; 143 ; 2 ; [1.0161849896681618] ; [1.7191649796375736]
840 ; 93 ; 143 ; 4 ; [0.9638741473290886] ; [3.2219168881181854]
840 ; 93 ; 143 ; 5 ; [0.40023617553622259] ; [1.3326151977808904]
840 ; 93 ; 143 ; 6 ; [2.936106524459948] ; [4.9660235523880321]
840 ; 93 ; 143 ; 9 ; [0.53092039708851368] ; [2.1782519206971718]
840 ; 93 ; 145 ; 0 ; [0.24683632063266137, 0.034113385407272476] ; [0.30334739254796017, 0.10422551125438854]
840 ; 93 ; 146 ; 0 ; [0.91768436507571394] ; [0.56844068958220684]
840 ; 93 ; 146 ; 1 ; [-0.02637355193966413] ; [0.035227503780900178]
840 ; 93 ; 146 ; 2 ; [2.553236370116549] ; [0.45853861758529024]
840 ; 93 ; 147 ; 0 ; [0.13655929322807822, 0.22931704521517923, 0.10394620762368362] ; [0.17162339140060207, 0.19233999771292284, 0.14703284072434405]
840 ; 93 ; 147 ; 1 ; [-0.0008116609175802574] ; [0.077569123497339118]
840 ; 93 ; 148 ; 0 ; [0.16720719830736019, 0.1515398776054761, 0.00033450789499784802, 0.0085118487965382579] ; [0.3395451522505144, 0.24271713043561591, 0.19017986381097832, 0.047269555073281344]
840 ; 93 ; 148 ; 1 ; [0.076826021535063765] ; [0.10704016579757346]
840 ; 93 ; 151 ; 0 ; [1.12511581285863] ; [0.16729404060765896]
840 ; 93 ; 151 ; 1 ; [0.43272185637285365] ; [1.0173776314002774]
840 ; 93 ; 151 ; 15 ; [0.71994019441079227] ; [0.99603652744508875]
840 ; 93 ; 151 ; 16 ; [1.410825699219632] ; [1.9776134575280582]
840 ; 93 ; 152 ; 0 ; [0.33786183477589388] ; [0.1862945713330294]
840 ; 93 ; 153 ; 5 ; [0.53708741692878703] ; [0.34210073173967309]
840 ; 93 ; 153 ; 6 ; [0.28154768483506198] ; [0.14083521243162161]
840 ; 93 ; 154 ; 0 ; [0.046452525931839912, 0.095746332152709446] ; [0.31535772663252531, 0.088892232431102225]
840 ; 93 ; 155 ; 0 ; [0.47742282492698523] ; [0.29846803501170549]
840 ; 93 ; 155 ; 2 ; [0.14571989369992736] ; [0.012098061653166414]
840 ; 93 ; 156 ; 0 ; [0.16671213296551227, 0.012705668800222345] ; [0.090014093009571486, -0.00653519906809255]
840 ; 93 ; 157 ; 3 ; [2.4516071874277299] ; [0.29846927245030269]
840 ; 93 ; 158 ; 0 ; [0.13606833984113226, 0.19056538722165497, 0.28532305109999773] ; [0.25449924279179198, 0.17312646575420204, 0.16704289072862755]
840 ; 93 ; 159 ; 0 ; [0.035763421652642277] ; [0.29911837019057336]
840 ; 93 ; 159 ; 5 ; [0.20825554758287271] ; [0.19610021960033394]
840 ; 93 ; 160 ; 0 ; [0.12357918857703529, 0.091508978460456109, 0.086499932623108206, 0.15586557674078724] ; [0.14814343796186943, 0.26270553890860715, 0.17918848389883552, 0.12688591895964782]
840 ; 93 ; 160 ; 1 ; [0.0070263565166943862] ; [0.11385550915164608]
840 ; 93 ; 161 ; 0 ; [0.10736981360410786] ; [0.13178275751255505]
840 ; 93 ; 162 ; 1 ; [1.1763373371827313, 0.54500595882036806] ; [0.3600583571548564, 0.4820079670079282]
840 ; 93 ; 164 ; 0 ; [1.298177074938577] ; [0.20207328926848259]
840 ; 93 ; 164 ; 1 ; [0.14055064862238018] ; [0.087445353471949608]
840 ; 93 ; 164 ; 2 ; [0.42655520042796108] ; [0.26862695274744142]
840 ; 93 ; 164 ; 3 ; [0.48551393590075015] ; [0.22342845279838822]
840 ; 93 ; 165 ; 3 ; [0.60466621808550025] ; [2.300034208595243]
840 ; 93 ; 165 ; 8 ; [0.059455145243340203] ; [0.76869453543440502]
840 ; 93 ; 165 ; 9 ; [1.465693002837658] ; [2.724814127786741]
840 ; 93 ; 167 ; 0 ; [0.14168843749591947] ; [0.21877913124646448]
840 ; 93 ; 167 ; 1 ; [0.58788392378570231, 0.4459832805598678] ; [0.25882809760732134, 0.10181075122899237]
840 ; 93 ; 167 ; 2 ; [0.36030955866205872, 0.21797923450765416] ; [0.18967598162134441, 0.21633783150347682]
840 ; 93 ; 168 ; 0 ; [0.93101859999775749] ; [0.5771886659608958]
840 ; 93 ; 169 ; 0 ; [0.05236604435310481] ; [0.082287334057575934]
840 ; 93 ; 169 ; 1 ; [0.39341581493708555] ; [0.58364767316723642]
840 ; 93 ; 169 ; 2 ; [0.87016809518170413] ; [0.39300801974343097]
840 ; 93 ; 169 ; 3 ; [0.31715035100106898] ; [0.38427032595914012]
840 ; 93 ; 169 ; 10 ; [0.80865100403127466] ; [0.32184710813670614]
840 ; 93 ; 170 ; 0 ; [0.1782816620079791, 0.045958728072159505] ; [0.40120926926323014, 0.093766802186283416]
840 ; 93 ; 170 ; 1 ; [-0.0088900582887540599] ; [2.1711042248914119]
840 ; 93 ; 171 ; 0 ; [0.17158840742550513, 0.26268517230740879, 0.51461955083681798] ; [0.11735640427269906, 0.19389603347251444, 0.14799621797652115]
840 ; 93 ; 172 ; 0 ; [2.6434651877770627] ; [0.43322695459894911]
840 ; 93 ; 172 ; 1 ; [1.2744002194233151] ; [0.88444246427757778]
840 ; 93 ; 172 ; 2 ; [0.5466606454541707] ; [0.95636600701555274]
840 ; 93 ; 173 ; 0 ; [0.0018096758140550469, 0.11338248151229746] ; [-0.0015151223438938514, -0.011140683645060687]
840 ; 93 ; 174 ; 0 ; [0.57030921871217699] ; [0.62477680476573172]
840 ; 93 ; 174 ; 5 ; [0.59634098735096719, 0.81804768043038745] ; [0.31548397349795809, 0.39970712928723284]
840 ; 93 ; 174 ; 6 ; [0.25136390222391941] ; [1.630313001444055]
840 ; 93 ; 175 ; 0 ; [0.18649453080702649, 0.15270249036912864, 0.22116781367396904, 0.17103075729979894] ; [0.18006285387050217, 0.12865151225271357, 0.1283405226210623, 0.10550770557601329]
840 ; 93 ; 175 ; 1 ; [0.089263297305924416] ; [0.11717551348117392]
840 ; 93 ; 176 ; 0 ; [0.46935806478104442, 0.23419861404712455, 0.148943569526053] ; [0.38623055660162037, 0.25462890565399382, 0.4336871293063812]
840 ; 93 ; 176 ; 3 ; [0.26268537002562797] ; [0.23055942571096646]
840 ; 93 ; 177 ; 0 ; [0.20686520629592564, 0.21551746333319574, 0.1777527076083871, 0.31245525914991229] ; [0.22452041586278515, 0.26277238934358865, 0.21915247538370891, 0.25163219859821517]
840 ; 93 ; 177 ; 1 ; [0.11655613359659019] ; [-0.0071866509688399763]
840 ; 93 ; 178 ; 0 ; [0.34703868876148558] ; [0.19572990151187761]
840 ; 93 ; 179 ; 2 ; [0.021561073076944812, 0.028220720197034383] ; [0.19375344575349007, 0.1248040651135939]
840 ; 93 ; 180 ; 2 ; [0.45788659210382771] ; [0.53402406062551089]
840 ; 93 ; 180 ; 4 ; [0.51976004343225002] ; [0.0081321682625269242]
840 ; 93 ; 181 ; 0 ; [0.75631940159140543] ; [0.13489679041493338]
840 ; 93 ; 181 ; 2 ; [0.95411122670309489] ; [1.146316693533143]
840 ; 93 ; 181 ; 3 ; [0.71702470070413182] ; [0.249339257990594]
840 ; 93 ; 182 ; 3 ; [0.16329314106989917] ; [0.19534872779867476]
840 ; 93 ; 182 ; 5 ; [0.83919797557103526] ; [0.70909525793499062]
840 ; 93 ; 183 ; 0 ; [0.080285362360824911, 0.21676719360793195] ; [0.10006359106717877, 0.12484904768571319]
840 ; 93 ; 183 ; 1 ; [0.54568014401753395, 0.71775509811161364] ; [0.24099394715354189, 0.6667376581234713]
840 ; 93 ; 183 ; 2 ; [0.56159892413893675] ; [0.041602879966341516]
840 ; 93 ; 184 ; 0 ; [0.097257915596826505, 0.04972810209518929, 0.074066810890290644] ; [0.14281341993645494, 0.15809210287808959, 0.17093619881179137]
840 ; 93 ; 185 ; 2 ; [0.30596962757862628] ; [0.55228403092692291]
840 ; 93 ; 185 ; 3 ; [1.5099209190293499] ; [0.28027690233553781]
840 ; 93 ; 186 ; 0 ; [0.29730594894573636, 0.44143141288154586] ; [0.2607024127720371, 0.15563750393441622]
840 ; 93 ; 187 ; 0 ; [0.047494397867557478, 1.2509274117899789] ; [0.26260957749920183, 0.31638282204708412]
840 ; 93 ; 188 ; 0 ; [0.017349131632380305] ; [0.33061865044074362]
840 ; 93 ; 188 ; 2 ; [0.12032816216647098] ; [0.51933636173946485]
840 ; 93 ; 188 ; 3 ; [0.52094422118240946] ; [0.35967017807325047]
840 ; 93 ; 188 ; 5 ; [0.033267056970256753] ; [0.017035224544100776]
840 ; 93 ; 188 ; 8 ; [0.043466537538204134] ; [1.3233240116373137]
840 ; 93 ; 188 ; 9 ; [0.059568397172176255] ; [1.4039590999431264]
840 ; 93 ; 188 ; 11 ; [0.085911870092460679] ; [0.1251765574808302]
840 ; 93 ; 188 ; 12 ; [0.13011792533522346] ; [0.013457600553978759]
840 ; 93 ; 189 ; 0 ; [0.61851011297040026] ; [0.11397363363275044]
840 ; 93 ; 189 ; 2 ; [1.6805649740969719] ; [0.44340573467985728]
840 ; 93 ; 189 ; 4 ; [0.75468951068725265] ; [0.033234447588021271]
840 ; 93 ; 190 ; 4 ; [0.64409192674316673] ; [1.3019513256706319]
840 ; 93 ; 190 ; 7 ; [1.1961433849065706] ; [2.1309027583561226]
840 ; 93 ; 190 ; 8 ; [1.0916463576725366] ; [2.3250301159296045]
840 ; 93 ; 190 ; 9 ; [1.9283119016464172] ; [1.753895241465949]
840 ; 93 ; 190 ; 11 ; [3.0722934516373872] ; [2.4501855342950707]
840 ; 93 ; 190 ; 12 ; [1.2827940023362514] ; [2.0899856966727541]
840 ; 93 ; 191 ; 0 ; [0.03809961751440652, 0.49867145235869265] ; [0.23448476681849487, 0.011797781254745164]
840 ; 93 ; 192 ; 0 ; [0.5307279941444798] ; [0.33616787962934652]
840 ; 93 ; 192 ; 1 ; [1.1934997242081631] ; [0.50746076393522033]
840 ; 93 ; 192 ; 3 ; [0.23923074031406186] ; [1.0639854846732482]
840 ; 93 ; 193 ; 0 ; [0.055654509544262681, -0.017742924210278722, 0.13038518223604489, 0.1373980033117454] ; [0.14270256926878527, 0.19956111354024003, 0.23130711029432444, 0.18535478233476502]
840 ; 93 ; 195 ; 0 ; [-2.2968852852145409, 0.024749585124769435] ; [0.26912383168076798, 0.16365459576108668]
840 ; 93 ; 196 ; 0 ; [0.01328371115366187, 0.0084475690360319832, 0.018107667111102156] ; [0.16956714102400655, 0.15018956293377528, 0.10210085961590695]
840 ; 93 ; 197 ; 0 ; [0.22195005041679991, 0.21014062939145678] ; [0.17422266918887377, 0.33119375335905987]
840 ; 93 ; 197 ; 3 ; [0.13831047178440586] ; [0.2147243402897161]
840 ; 93 ; 198 ; 0 ; [0.89012042211954112] ; [0.148612273671234]
840 ; 93 ; 198 ; 1 ; [0.28520400369085164] ; [0.017998619076502707]
840 ; 93 ; 198 ; 2 ; [0.29238352942826568] ; [0.055655901690937107]
840 ; 93 ; 198 ; 10 ; [0.11978550467099157] ; [1.152349655848119]
840 ; 93 ; 198 ; 15 ; [0.34875654039320336] ; [0.77718203920886031]
840 ; 93 ; 199 ; 1 ; [0.36105820775247471] ; [1.6385671105637296]
840 ; 93 ; 199 ; 2 ; [0.15133234193763004] ; [2.0399264055909736]
840 ; 93 ; 199 ; 3 ; [0.82545967634487971] ; [1.5808531956855096]
840 ; 93 ; 199 ; 8 ; [1.3389464575610506] ; [2.2802284484228736]
840 ; 93 ; 199 ; 12 ; [4.4951844476751015] ; [1.5062906970324255]
840 ; 93 ; 199 ; 16 ; [0.19293996593462143] ; [0.49327308665682051]
840 ; 93 ; 201 ; 13 ; [0.092983814061086162] ; [2.3702396541730733]
840 ; 93 ; 202 ; 0 ; [2.059380952785685] ; [1.9816901523066695]
840 ; 93 ; 202 ; 3 ; [0.12305994653706716] ; [6.044368561291801]
840 ; 93 ; 202 ; 7 ; [4.9591200971721001] ; [0.49081496686026654]
840 ; 93 ; 202 ; 10 ; [2.1902336707295089] ; [4.5331521193169317]
840 ; 93 ; 202 ; 11 ; [0.4878694203068154] ; [2.2219935198352978]
840 ; 93 ; 202 ; 12 ; [0.28290568524485943] ; [7.1911185139620724]
840 ; 93 ; 203 ; 0 ; [0.31202845685986597, 0.25314341514713606, 0.076601699826853567] ; [0.72365027339742394, 1.0139103384247619, 0.22091505502705927]
840 ; 93 ; 204 ; 0 ; [0.086055531641808333] ; [0.23612693507529037]
840 ; 93 ; 204 ; 2 ; [0.23442313650417679] ; [0.043112911525338887]
840 ; 93 ; 204 ; 3 ; [0.19288228938595314] ; [0.26962475979348571]
840 ; 93 ; 204 ; 7 ; [0.14908933296927679] ; [0.57266222363113295]
840 ; 93 ; 205 ; 0 ; [0.021507935492913282, 0.12075933633425491, 0.033055990661354992, 0.14457118779179476] ; [0.25671831486402463, 0.1898331156496221, 0.22690631816877568, 0.10575687002106071]
840 ; 93 ; 206 ; 0 ; [0.6686476256934365, 0.012153909711953365] ; [0.33958052376096659, 0.097435995934890274]
840 ; 93 ; 206 ; 2 ; [11.395430548375741] ; [1.5077907593469502]
840 ; 93 ; 207 ; 0 ; [0.61531722981047321, 0.29586933398788506, 0.16450644909438142] ; [0.72150369850640139, 0.30801089446013391, 0.14611275398725201]
840 ; 93 ; 207 ; 3 ; [3.0672377686016707] ; [0.0036336378386515257]
840 ; 93 ; 208 ; 0 ; [0.21569216164038316, 0.015328856127154978, 0.10038198682078431] ; [0.16171960494011869, 0.14374014694132042, 0.1317005607084055]
840 ; 93 ; 208 ; 1 ; [0.57460101784972739, 0.15454295592305714] ; [-0.007179851396016494, -0.016201036234166456]
840 ; 93 ; 209 ; 0 ; [0.10902345582867184, -0.002714518376748758, -0.0016652036389279189] ; [0.46926842826231496, 0.25963739826027732, -0.036032713182117239]
840 ; 93 ; 210 ; 0 ; [1.0354531314509838] ; [0.12872087554223346]
840 ; 93 ; 210 ; 2 ; [3.2169552704083717] ; [0.3996731560114814]
840 ; 93 ; 210 ; 3 ; [2.4866351335570007] ; [0.57947535942211825]
840 ; 93 ; 210 ; 11 ; [0.18198374698549161] ; [0.70383427413401189]
840 ; 93 ; 210 ; 12 ; [2.6773741675531566] ; [1.6874857550101865]
840 ; 93 ; 210 ; 16 ; [1.1913377623163848] ; [0.34478441467639764]
840 ; 93 ; 210 ; 20 ; [1.842123712441621] ; [0.84957995170225509]
840 ; 93 ; 210 ; 25 ; [2.1100407625551552] ; [0.67339684345329687]
840 ; 93 ; 210 ; 32 ; [4.3942410542519132] ; [1.1918674848496611]
840 ; 93 ; 210 ; 35 ; [0.24776123559385732] ; [1.2651363811088392]
840 ; 93 ; 210 ; 37 ; [2.3469266095234627] ; [2.1004304213417604]
840 ; 93 ; 210 ; 42 ; [0.63410566778873034] ; [1.586940923196448]
840 ; 93 ; 210 ; 46 ; [2.4575678589827303] ; [2.0847069133461233]
840 ; 93 ; 210 ; 48 ; [0.12767724682460346] ; [1.5768480771912627]
840 ; 93 ; 210 ; 55 ; [1.8326208321053927] ; [2.0101910642448955]
840 ; 93 ; 210 ; 56 ; [1.5605962501438233] ; [0.9308115202806031]
840 ; 93 ; 210 ; 57 ; [0.96069157097864588] ; [2.3221314336424186]
840 ; 93 ; 211 ; 0 ; [1.2152886689975184] ; [0.9057934782658883]
840 ; 93 ; 211 ; 3 ; [2.9025072957841624] ; [2.5482067354108335]
840 ; 93 ; 212 ; 0 ; [0.2220305197956311] ; [2.8080890118169268]
840 ; 93 ; 212 ; 4 ; [0.2064241051910847] ; [-0.0025886611842902501]
840 ; 93 ; 212 ; 8 ; [0.089445949353071291] ; [2.7951935345921086]
840 ; 93 ; 213 ; 0 ; [2.3078622335793861] ; [0.29035696380395021]
840 ; 93 ; 213 ; 1 ; [0.21459108072089378] ; [0.0034819758296595364]
840 ; 93 ; 213 ; 4 ; [0.10825634383746931] ; [0.8601642038358922]
840 ; 93 ; 214 ; 0 ; [0.37194394963541416, 0.29441989213130931, 0.2841846388382045, 1.5550630091043829] ; [0.35034840767467235, 0.24248673884887179, 0.17781674166488579, 0.074034108760275094]
840 ; 93 ; 214 ; 2 ; [0.012018866995239538] ; [0.024632703030197798]
840 ; 93 ; 214 ; 3 ; [-3.5884345687111416] ; [-0.08329249019836979]
840 ; 93 ; 215 ; 0 ; [0.40541578744868306, 0.0046245079948800186] ; [0.17697594375016112, 0.067609777620266709]
840 ; 93 ; 216 ; 0 ; [0.024705004905637713] ; [0.029069535232965821]
840 ; 93 ; 217 ; 0 ; [1.1946552010879523] ; [0.44381249901927933]
840 ; 93 ; 217 ; 1 ; [0.17665272305187749] ; [-0.00641780857205357]
840 ; 93 ; 217 ; 3 ; [0.53010286389605665, 0.0019608632156831942, 0.19941324256720647] ; [1.0523420821555067, 0.22975097878334816, 0.36139931609148068]
840 ; 93 ; 218 ; 3 ; [0.13657554669892605] ; [0.014707273139748742]
840 ; 93 ; 219 ; 0 ; [0.53238162465965766, 0.73708059348751931, 0.84054795305481356] ; [0.49664388632068668, 0.26715738322864907, 0.28078045655705425]
840 ; 93 ; 219 ; 1 ; [0.41935765862279084] ; [0.34137871759955829]
840 ; 93 ; 219 ; 2 ; [0.36096304596251605] ; [0.048973581453882184]
840 ; 93 ; 220 ; 0 ; [0.72155655352796633, 0.24256057451865715, 0.59882379436029443] ; [0.30295711384209723, 0.21549740001868301, 0.34996192671695397]
840 ; 93 ; 221 ; 1 ; [0.67085474454418825] ; [0.31062661281815512]
840 ; 93 ; 221 ; 2 ; [0.23426214027581946] ; [0.10254777474175951]
840 ; 93 ; 221 ; 5 ; [0.15898123711356987] ; [0.10430414072324051]
840 ; 93 ; 222 ; 0 ; [0.53083115520535995] ; [0.26785539899533994]
840 ; 93 ; 222 ; 1 ; [0.16216125929969621] ; [-0.0083932335401690535]
840 ; 93 ; 222 ; 2 ; [0.16964570566131645] ; [0.13235648569944414]
840 ; 93 ; 222 ; 3 ; [0.35553595370089336] ; [0.17781600300937131]
840 ; 93 ; 223 ; 0 ; [0.83435104461686604] ; [0.59794538819506704]
840 ; 93 ; 223 ; 1 ; [0.72411907239838491] ; [-0.0070514694782747751]
840 ; 93 ; 223 ; 2 ; [1.2203127232699218] ; [1.5911518093000629]
840 ; 93 ; 224 ; 3 ; [1.1180115207899497] ; [1.4886685130574255]
840 ; 93 ; 225 ; 0 ; [0.16465901557128257, 0.14513320544592487, 0.13169162377634233] ; [0.33565885784176208, 0.445996544542482, 0.18976309990259263]
840 ; 93 ; 225 ; 1 ; [-0.00033856454432218733, -0.001853063411086472] ; [0.27372167382917939, 0.11016352850613174]
840 ; 93 ; 226 ; 3 ; [1.0141009824219602] ; [0.48926947125777676]
840 ; 93 ; 228 ; 0 ; [0.068869085580133382, 0.056139045609770323, 0.040858049180612255] ; [0.24203817808892455, 0.21787053982749618, 0.015615011594882343]
840 ; 93 ; 229 ; 0 ; [1.414422676167403] ; [0.62462365541653253]
840 ; 93 ; 229 ; 1 ; [0.7208695381498591, 0.98902870180873359] ; [0.017768484003667012, 0.050819234533141897]
840 ; 93 ; 229 ; 2 ; [0.4357493972109307] ; [0.76379014509923215]
840 ; 93 ; 229 ; 4 ; [1.2931158538196934] ; [0.88064984481053177]
840 ; 93 ; 229 ; 5 ; [1.0723522879882013] ; [3.434948409489587]
840 ; 93 ; 229 ; 6 ; [1.7919129711827264] ; [1.2966447539918005]
840 ; 93 ; 229 ; 9 ; [2.1092590033476513] ; [1.7572214418779373]
840 ; 93 ; 229 ; 10 ; [2.0719566854524039] ; [1.8657793893315233]
840 ; 93 ; 229 ; 11 ; [1.4013093018382912] ; [4.7427647628883776]
840 ; 93 ; 229 ; 13 ; [1.2944173695933396] ; [1.8002915707586951]
840 ; 93 ; 229 ; 15 ; [0.72091926944895646] ; [2.4653740549520062]
840 ; 93 ; 229 ; 16 ; [1.2623494853616946] ; [0.82020514993657734]
840 ; 93 ; 229 ; 20 ; [1.6533803429389102] ; [0.61354776192657723]
840 ; 93 ; 229 ; 21 ; [1.4733342858982155] ; [0.99170757824574929]
840 ; 93 ; 229 ; 23 ; [1.6811619356908838] ; [2.4271431740489509]
840 ; 93 ; 229 ; 25 ; [2.1869726795578233] ; [2.2591562927901885]
840 ; 93 ; 229 ; 26 ; [1.97165596518228] ; [2.65037914206416]
840 ; 93 ; 230 ; 0 ; [0.15918019678003434, 0.22056481134842199, 0.13598064638000135, 0.032409438966365341] ; [0.10849021648856276, 0.16778769998267851, 0.11232951692143003, 0.12213666408416497]
840 ; 93 ; 230 ; 1 ; [0.45567897789179879] ; [0.10316904037192678]
840 ; 93 ; 230 ; 2 ; [0.016726447072283775] ; [0.029924780755755203]
840 ; 93 ; 230 ; 3 ; [1.1029685085951686] ; [0.20229635707991467]
840 ; 93 ; 230 ; 4 ; [0.16682924299005436] ; [0.86855964223146331]
840 ; 93 ; 231 ; 0 ; [0.058769697416232863, 0.080727579078620937, 0.036647614255328122] ; [0.25359762371154054, 0.23389377992777044, 0.061319887367844599]
840 ; 93 ; 232 ; 0 ; [2.4550819142319633] ; [1.6041605896913522]
840 ; 93 ; 232 ; 2 ; [3.4583551678716344] ; [0.5202827832379332]
840 ; 93 ; 232 ; 4 ; [2.0943145534017136] ; [0.75978074767806114]
840 ; 93 ; 232 ; 5 ; [2.9610411489965536] ; [1.6003004218327779]
840 ; 93 ; 232 ; 6 ; [2.1080267654375433] ; [1.9405753560548555]
840 ; 93 ; 232 ; 11 ; [1.1520310921337751] ; [1.9099599042584952]
840 ; 93 ; 232 ; 13 ; [4.5188351577010017] ; [1.0522558757449989]
840 ; 93 ; 232 ; 16 ; [2.0011263842334728] ; [1.7996823121996879]
840 ; 93 ; 232 ; 18 ; [3.3333672838114765] ; [0.98188089533261691]
840 ; 93 ; 232 ; 19 ; [1.2451695783985641] ; [1.1993230562527353]
840 ; 93 ; 232 ; 20 ; [4.3780014230922886] ; [2.4008959357485322]
840 ; 93 ; 232 ; 21 ; [1.2705633013018338] ; [0.50475121771078324]
840 ; 93 ; 232 ; 29 ; [2.6301723343963328] ; [1.6989579765680325]
840 ; 93 ; 232 ; 30 ; [2.1107066104186059] ; [1.7343999593622204]
840 ; 93 ; 232 ; 31 ; [1.2105083255267672] ; [1.7348040495494608]
840 ; 93 ; 233 ; 0 ; [0.39723737144540539] ; [1.094531115910834]
840 ; 93 ; 233 ; 1 ; [1.1007267717830003] ; [1.4683798525361424]
840 ; 93 ; 233 ; 2 ; [0.33785538116538577] ; [1.2200966508713669]
840 ; 93 ; 233 ; 4 ; [0.052600452663695382] ; [2.1267374802491275]
840 ; 93 ; 235 ; 2 ; [0.64731873782664628] ; [-0.012907118769032963]
840 ; 93 ; 235 ; 7 ; [0.35620419338588882] ; [1.2009121064922108]
840 ; 93 ; 235 ; 14 ; [0.78848347824997511] ; [0.55455822325639859]
840 ; 93 ; 236 ; 3 ; [0.085158713790835033] ; [0.18301919128069427]
840 ; 93 ; 236 ; 10 ; [0.5774134552362713] ; [0.91868438005555997]
840 ; 93 ; 236 ; 11 ; [1.568173173122805] ; [0.65446686111577945]
840 ; 93 ; 236 ; 16 ; [1.2286106930109977] ; [2.5892687713811551]
840 ; 93 ; 237 ; 0 ; [0.29211105981482061, 0.34955746459587389] ; [0.31763894013314847, 0.1822023090418034]
840 ; 93 ; 237 ; 5 ; [0.38232069619618847] ; [0.56009145112373215]
840 ; 93 ; 238 ; 0 ; [0.11008635765878845] ; [0.29346667343013905]
840 ; 93 ; 239 ; 0 ; [0.090165621929749515, 0.10478357537658987, 0.066144470210518419] ; [0.15917952179047287, 0.23870514476951335, 0.067238114530550425]
840 ; 93 ; 240 ; 1 ; [1.2479799875863398] ; [1.2967911204617402]
840 ; 93 ; 240 ; 2 ; [2.4331284770845927] ; [0.83837998516403467]
840 ; 93 ; 240 ; 4 ; [0.61678096262501125] ; [1.0751822313845307]
840 ; 93 ; 240 ; 11 ; [0.76653794454289637] ; [1.0806931400145472]
840 ; 93 ; 240 ; 12 ; [0.91031147124810929] ; [2.4920550517810311]
840 ; 93 ; 240 ; 18 ; [0.49595710567133944] ; [2.9963898306660099]
840 ; 93 ; 241 ; 0 ; [0.16697269072087675, 0.43208055077030383, 0.21432818596454126] ; [0.26177732260609737, 0.88612607367029772, 0.26086391316632218]
840 ; 93 ; 242 ; 0 ; [0.13093636924868435] ; [0.030607739695069965]
840 ; 93 ; 242 ; 3 ; [1.3196742462257351] ; [1.6840709526243165]
840 ; 93 ; 242 ; 5 ; [1.4898527531904673] ; [1.5540201333631831]
840 ; 93 ; 243 ; 0 ; [1.5603108642059957] ; [0.9835463470679221]
840 ; 93 ; 243 ; 1 ; [0.48860178467032145] ; [0.59860341676345152]
840 ; 93 ; 243 ; 2 ; [0.46412144931491889] ; [-0.00670767554550956]
840 ; 93 ; 243 ; 4 ; [2.5305902370603737] ; [0.58890527201241039]
840 ; 93 ; 244 ; 0 ; [0.20811055975046444, 0.11344750088161876] ; [0.21392387980904254, 0.13767330618311932]
840 ; 93 ; 245 ; 0 ; [0.22003640031682464] ; [0.26474015309187904]
840 ; 93 ; 245 ; 1 ; [0.81738772153991845] ; [0.25274189889035592]
840 ; 93 ; 245 ; 5 ; [0.23360029308794178] ; [0.39342443687049766]
840 ; 93 ; 246 ; 0 ; [0.34600747687729494] ; [4.1178101479851987]
840 ; 93 ; 246 ; 1 ; [0.87231754170469988] ; [3.4101475454954184]
840 ; 93 ; 246 ; 3 ; [0.082211431619891306] ; [3.2981688990068894]
840 ; 93 ; 246 ; 4 ; [1.7466034528625534] ; [0.91446900040904444]
840 ; 93 ; 246 ; 5 ; [1.6480750684141778] ; [1.7183516976292372]
840 ; 93 ; 246 ; 6 ; [0.32177144431039062] ; [1.0284132101970813]
840 ; 93 ; 246 ; 10 ; [0.20987742123369235] ; [1.5632553145728856]
840 ; 93 ; 246 ; 11 ; [1.3313295282519271] ; [2.0396923863312195]
840 ; 93 ; 247 ; 2 ; [0.26691991503353679] ; [0.03984775571101265]
840 ; 93 ; 247 ; 7 ; [2.025328651223528] ; [0.63523335855340002]
840 ; 93 ; 247 ; 8 ; [1.4773171643013119] ; [0.23775906841907954]
840 ; 93 ; 248 ; 0 ; [0.20822962266182404, 0.21702085729151413, 0.16665730501088144, 0.054421153289973073] ; [0.13619625187624221, 0.22481428283889213, 0.184963020250688, 0.20249494688405056]
840 ; 93 ; 249 ; 0 ; [1.2359579331574364] ; [0.86558668614839673]
840 ; 93 ; 249 ; 1 ; [1.0083667792709907] ; [0.50397171382141936]
840 ; 93 ; 249 ; 2 ; [0.026374654870041939] ; [0.038057353401285958]
840 ; 93 ; 249 ; 11 ; [0.21498898361647314] ; [0.88066102702547511]
840 ; 93 ; 249 ; 14 ; [0.25577802618088907] ; [1.6225071521421872]
840 ; 93 ; 250 ; 1 ; [0.065915543086673134] ; [0.43195650755813492]
840 ; 93 ; 250 ; 3 ; [4.1163235481466653] ; [0.33952115384323167]
840 ; 93 ; 250 ; 6 ; [0.03030256246020031] ; [0.050886258484461551]
840 ; 93 ; 250 ; 7 ; [0.12327859814460991] ; [2.3011083073702636]
840 ; 93 ; 251 ; 0 ; [0.20436774531523791] ; [0.38201968817260207]
840 ; 93 ; 251 ; 1 ; [0.069045026761856906] ; [-0.0070074421847990788]
840 ; 93 ; 253 ; 0 ; [0.09767178029824769, 0.21226642648422128, 0.81660450168570031] ; [0.3107916376058541, 0.31730150185059891, 0.057544967346827625]
840 ; 93 ; 253 ; 1 ; [0.22206012405169065] ; [1.8500059462182263]
840 ; 93 ; 254 ; 0 ; [0.65242596414644749] ; [0.50804981756956147]
840 ; 93 ; 254 ; 1 ; [0.78289414810851998] ; [0.018418254838434019]
840 ; 93 ; 254 ; 4 ; [2.3475532457017998] ; [2.0756969467615245]
840 ; 93 ; 255 ; 0 ; [-0.0046835975072485924] ; [0.21188627807657728]
840 ; 93 ; 256 ; 5 ; [4.1580734925287626] ; [0.32611821828613463]
840 ; 93 ; 257 ; 0 ; [0.29610357554826056, 0.23192565962447018, 0.2839056338068765] ; [0.19003131531106884, 0.11937792969671647, 0.52505313615801708]
840 ; 93 ; 258 ; 0 ; [0.18278893962929815] ; [0.062420291657912762]
840 ; 93 ; 258 ; 3 ; [0.95334507129456703] ; [0.77585954683619174]
840 ; 93 ; 259 ; 1 ; [0.052120686324107261, 0.082612011922185702] ; [0.27661006414723294, 0.24460401213469857]
840 ; 93 ; 260 ; 0 ; [1.6164772837176677] ; [1.0922171753961891]
840 ; 93 ; 260 ; 1 ; [3.404938699538282, 0.43805383237610451] ; [3.7293853975967326, 1.2311806474727016]
840 ; 93 ; 260 ; 2 ; [1.4046519639818951] ; [1.473788125445739]
840 ; 93 ; 260 ; 4 ; [0.68990982492719877] ; [1.0806268159390209]
840 ; 93 ; 260 ; 5 ; [2.4408007444895881] ; [0.54230209046952882]
840 ; 93 ; 260 ; 6 ; [1.9542713059235868] ; [1.2102641319131926]
840 ; 93 ; 260 ; 8 ; [2.0357832186359222] ; [5.8764942163899994]
840 ; 93 ; 260 ; 9 ; [1.2797240284040134] ; [0.23335450222878493]
840 ; 93 ; 260 ; 10 ; [0.97538825394930218] ; [1.6229265020195167]
840 ; 93 ; 260 ; 11 ; [6.6567168954711171] ; [1.6086917642994794]
840 ; 93 ; 260 ; 12 ; [1.2843854379829689] ; [3.1513635535063993]
840 ; 93 ; 260 ; 13 ; [1.5305489341878196] ; [1.7778791669355527]
840 ; 93 ; 260 ; 16 ; [1.3069456010112277] ; [1.5320907003162467]
840 ; 93 ; 260 ; 17 ; [1.6288835705255018] ; [0.65013568344744499]
840 ; 93 ; 260 ; 18 ; [1.1762244020804105] ; [1.1614612600454239]
840 ; 93 ; 260 ; 26 ; [1.2312159778868634] ; [2.1274787985600918]
840 ; 93 ; 260 ; 29 ; [4.2246926428421832] ; [3.0090746508802653]
840 ; 93 ; 260 ; 32 ; [1.8647702420491115] ; [3.2068059562694136]
840 ; 93 ; 260 ; 34 ; [2.8194215681439498] ; [0.50139768925628858]
840 ; 93 ; 260 ; 35 ; [1.331093488624973] ; [0.24831413322288781]
840 ; 93 ; 260 ; 37 ; [11.60875224911214] ; [0.80226840342324124]
840 ; 93 ; 260 ; 39 ; [1.4237195463152243] ; [0.85923220692051583]
840 ; 93 ; 260 ; 40 ; [2.4957074866936] ; [1.430595779476701]
840 ; 93 ; 260 ; 41 ; [2.0575796174805028] ; [3.1789059898673866]
840 ; 93 ; 260 ; 42 ; [1.0142086477434569] ; [3.0460765497108659]
840 ; 93 ; 260 ; 44 ; [3.6635565191460486] ; [2.2325431675286653]
840 ; 93 ; 260 ; 49 ; [1.2931417644854171] ; [1.5394721315630078]
840 ; 93 ; 260 ; 50 ; [0.94719114118537406] ; [1.6463177768872426]
840 ; 93 ; 260 ; 51 ; [4.0630218260148308] ; [2.5497451154515329]
840 ; 93 ; 260 ; 52 ; [0.83912028960109086] ; [1.9948729388930393]
840 ; 93 ; 260 ; 53 ; [1.1739098115317768] ; [0.8745319280994861]
840 ; 93 ; 260 ; 57 ; [1.936987324113564] ; [0.67984632361679675]
840 ; 93 ; 260 ; 61 ; [1.1598528196165774] ; [1.2308117195357196]
840 ; 93 ; 260 ; 63 ; [2.6536300799733263] ; [0.255062924721083]
840 ; 93 ; 260 ; 64 ; [1.7614347643613759] ; [1.6604053846626312]
840 ; 93 ; 260 ; 65 ; [1.0706746787833339] ; [1.3774655760728289]
840 ; 93 ; 260 ; 69 ; [2.2061618294057288] ; [0.71390079013381025]
840 ; 93 ; 260 ; 70 ; [2.367319467712965] ; [2.6170771520877274]
840 ; 93 ; 260 ; 71 ; [2.1441618750925953] ; [2.6536042650678935]
840 ; 93 ; 260 ; 73 ; [0.17041890042875787] ; [1.6567336726840534]
840 ; 93 ; 260 ; 74 ; [0.17755019683865031] ; [1.180375659582334]
840 ; 93 ; 261 ; 0 ; [0.011006376098391014, 0.030289167480335812, 0.02701158929224563] ; [0.19803960420989547, 0.19862513264494666, 0.12340395951585016]
840 ; 93 ; 262 ; 0 ; [0.9695610190507703] ; [0.18126538649093518]
840 ; 93 ; 262 ; 2 ; [2.0861936697402221] ; [1.189034873476525]
840 ; 93 ; 262 ; 3 ; [0.20978384359117688, 0.62822771285113144, 0.45134767423688388] ; [0.29873856787990533, 0.62904965041802496, 1.1394402555674708]
840 ; 93 ; 264 ; 0 ; [0.10535693164533615] ; [0.038475465809273149]
840 ; 93 ; 264 ; 1 ; [0.47645261171578535] ; [0.54393588095214374]
840 ; 93 ; 264 ; 2 ; [2.2989829676300921] ; [0.40230702563136583]
840 ; 93 ; 264 ; 5 ; [0.21694914393237918] ; [0.045730670075836838]
840 ; 93 ; 265 ; 0 ; [0.034591344279730353, 0.0042838410382930103, -0.0089824313794142682] ; [0.17321713477263764, 0.25790340884471491, 0.13740293510861951]
840 ; 93 ; 266 ; 0 ; [0.41605464433749045] ; [0.51504076634993212]
840 ; 93 ; 266 ; 9 ; [1.9477667017856237] ; [0.85624927387460958]
840 ; 93 ; 267 ; 0 ; [0.087521711547410799] ; [0.59840336061302057]
840 ; 93 ; 267 ; 1 ; [0.038417190995871944] ; [0.96566316134552532]
840 ; 93 ; 267 ; 3 ; [64.989278898249125] ; [0.63862702843706665]
840 ; 93 ; 267 ; 4 ; [0.040439242675655664] ; [0.9912434847607452]
840 ; 93 ; 267 ; 13 ; [1.2062919605088427] ; [1.0170741693053948]
840 ; 93 ; 267 ; 14 ; [0.65966850393871379] ; [0.4762193631464825]
840 ; 93 ; 267 ; 17 ; [4.6019056144209491] ; [0.33180446667902946]
840 ; 93 ; 268 ; 0 ; [0.64923633397020408, 0.44246266003586709] ; [0.66451851182342137, 0.99612633690071095]
840 ; 93 ; 269 ; 0 ; [0.55421554884722635, 0.24572626739633943] ; [0.42950155568633819, 0.20488945320728072]
840 ; 93 ; 270 ; 0 ; [0.16474891240401116, 0.080720927031057446] ; [0.30269057626009038, 0.15044500384795942]
840 ; 93 ; 271 ; 6 ; [1.9238747246444126] ; [1.3638901642740837]
840 ; 93 ; 271 ; 8 ; [0.95844288918838927] ; [1.7973790513764532]
840 ; 93 ; 271 ; 9 ; [2.1018625533082185] ; [2.3640253177821964]
840 ; 93 ; 271 ; 10 ; [1.6934554551473919] ; [1.3678092411696365]
840 ; 93 ; 271 ; 14 ; [1.3575950745981036] ; [2.1974106687561683]
840 ; 93 ; 271 ; 15 ; [1.4900306037285058] ; [2.0614353127507208]
840 ; 93 ; 271 ; 16 ; [0.10230800658507937] ; [2.1638563780345708]
840 ; 93 ; 271 ; 17 ; [2.9681564174074735] ; [1.3956125703225912]
840 ; 93 ; 271 ; 18 ; [1.3969777806590797] ; [1.3704663080233479]
840 ; 93 ; 271 ; 20 ; [1.7521611488735922] ; [1.6280836984893419]
840 ; 93 ; 271 ; 21 ; [3.7082931386145126] ; [2.1722658780801472]
840 ; 93 ; 271 ; 22 ; [1.2671482003483012] ; [3.223956854158041]
840 ; 93 ; 271 ; 23 ; [1.4455097933434538] ; [1.0202612580571662]
840 ; 93 ; 271 ; 28 ; [1.9716574592558487] ; [1.4547818959882255]
840 ; 93 ; 271 ; 29 ; [1.4972890133553771] ; [0.25464485951701599]
840 ; 93 ; 271 ; 30 ; [2.3219214203163316] ; [2.3467382617326669]
840 ; 93 ; 271 ; 31 ; [1.463949168312467] ; [0.83937531909323415]
840 ; 93 ; 272 ; 15 ; [0.38985725758516232] ; [2.1983382842012618]
840 ; 93 ; 273 ; 0 ; [0.13415819001967225, 0.13333672405286751] ; [0.24949712471489005, 0.11668840297346002]
840 ; 93 ; 274 ; 0 ; [0.22470553111804792, 0.28462795133618568, 0.19928598815604173, 0.26879353609699974] ; [0.22716173833286074, 0.17384678654111277, 0.14674316030169207, 0.16756988767522707]
840 ; 93 ; 274 ; 1 ; [0.183768924104519] ; [-0.032399096522425806]
840 ; 93 ; 275 ; 0 ; [3.179543536808719] ; [1.1488581778121802]
840 ; 93 ; 275 ; 1 ; [2.5460043963477741] ; [1.4600341931341556]
840 ; 93 ; 275 ; 2 ; [2.4330254485740017] ; [1.1791882116127024]
840 ; 93 ; 275 ; 3 ; [5.0728058602087316] ; [0.99430769979958389]
840 ; 93 ; 275 ; 4 ; [2.5713987474863278] ; [1.3132680141021147]
840 ; 93 ; 275 ; 5 ; [0.71430436587745449] ; [1.273285001698262]
840 ; 93 ; 275 ; 8 ; [0.47440160280569943] ; [3.2744566068580352]
840 ; 93 ; 275 ; 9 ; [0.81180672934896669] ; [1.065331142106922]
840 ; 93 ; 275 ; 11 ; [2.9279158093313979] ; [0.9465590513106531]
840 ; 93 ; 275 ; 14 ; [0.53086837182754587] ; [0.23210684593256517]
840 ; 93 ; 275 ; 16 ; [2.0537691777717155] ; [2.1881172761063068]
840 ; 93 ; 275 ; 17 ; [0.89094031531252127] ; [1.0835412949730039]
840 ; 93 ; 275 ; 19 ; [2.7503778936744321] ; [1.8153128270466727]
840 ; 93 ; 275 ; 20 ; [0.83775935298117687] ; [0.62385571737561252]
840 ; 93 ; 275 ; 21 ; [1.1271995177543574] ; [2.2454006755469993]
840 ; 93 ; 275 ; 22 ; [1.5652030675504589] ; [0.5876557534539889]
840 ; 93 ; 275 ; 23 ; [1.7589632876931824] ; [2.2466495223148231]
840 ; 93 ; 275 ; 24 ; [2.8124178376516125] ; [0.55339104273797501]
840 ; 93 ; 275 ; 25 ; [2.5349536015731653] ; [0.5508360535683009]
840 ; 93 ; 275 ; 28 ; [2.6840832508526229] ; [0.68215543154637059]
840 ; 93 ; 275 ; 33 ; [1.5687218995060623] ; [4.4319883561452578]
840 ; 93 ; 275 ; 35 ; [2.345180110649963] ; [2.3653038442409771]
840 ; 93 ; 275 ; 36 ; [1.2209063169780998] ; [1.4931872059605198]
840 ; 93 ; 275 ; 37 ; [2.4808472148712668] ; [3.8956396595139418]
840 ; 93 ; 275 ; 38 ; [1.5433586448065901] ; [1.7412479931107012]
840 ; 93 ; 275 ; 41 ; [0.90213981723367087] ; [2.7666904038828224]
840 ; 93 ; 275 ; 42 ; [2.1996406372506465] ; [1.0186772075587189]
840 ; 93 ; 275 ; 43 ; [2.0821680075179807] ; [0.78102138289161005]
840 ; 93 ; 275 ; 45 ; [2.0945311410898371] ; [1.2209914213202906]
840 ; 93 ; 275 ; 46 ; [2.8572262499244805] ; [1.4136924451330142]
840 ; 93 ; 275 ; 47 ; [0.99430896237087629] ; [1.6416802736964204]
840 ; 93 ; 275 ; 49 ; [1.5333598031331699] ; [1.7467421879502085]
840 ; 93 ; 275 ; 51 ; [1.5220463311685486] ; [1.5514031374631889]
840 ; 93 ; 275 ; 60 ; [3.4143901862109112] ; [0.78952895063274453]
840 ; 93 ; 276 ; 0 ; [0.069963564003846596, 0.1202651014636766, 0.04740675920350583, -0.0062160060323107622] ; [0.23481370517032776, 0.20052583046415318, 0.18790753508214789, 0.1139127184798034]
840 ; 93 ; 277 ; 0 ; [0.47307696855195802] ; [0.11065986791137296]
840 ; 93 ; 277 ; 3 ; [0.72512063715169295] ; [0.18911955889511822]
840 ; 93 ; 277 ; 4 ; [0.28108110372028478] ; [0.26084429635702783]
840 ; 93 ; 277 ; 5 ; [0.95974277102159711] ; [0.37123123320603424]
840 ; 93 ; 277 ; 6 ; [2.4529281089112747] ; [0.2861796912462895]
840 ; 93 ; 277 ; 9 ; [1.2403460813813731] ; [0.33962869921502503]
840 ; 93 ; 277 ; 14 ; [-0.004674772246676371] ; [1.7109438480411083]
840 ; 93 ; 278 ; 0 ; [0.26789089305559965] ; [1.0683445055046545]
840 ; 93 ; 278 ; 1 ; [1.0226898636851796] ; [0.52250140135356948]
840 ; 93 ; 278 ; 2 ; [1.5729128632302078] ; [2.0343746422574105]
840 ; 93 ; 278 ; 3 ; [1.0462218706862867] ; [0.6683393874423168]
840 ; 93 ; 278 ; 4 ; [0.086548213352672571] ; [1.1275230510637466]
840 ; 93 ; 278 ; 5 ; [1.9414283142779116] ; [2.0715068063317283]
840 ; 93 ; 278 ; 6 ; [1.370606925284221] ; [0.54425726756620307]
840 ; 93 ; 278 ; 8 ; [0.31586990678454047] ; [0.88960596784464707]
840 ; 93 ; 278 ; 9 ; [1.554954381951182] ; [1.0733983543143348]
840 ; 93 ; 278 ; 11 ; [1.5151666150407193] ; [1.3888901674533314]
840 ; 93 ; 278 ; 13 ; [1.5994346039718697] ; [0.74839640786618489]
840 ; 93 ; 278 ; 15 ; [1.0508790571250979] ; [0.61013499811226335]
840 ; 93 ; 278 ; 16 ; [2.1392376482278341] ; [1.097788906122581]
840 ; 93 ; 278 ; 18 ; [2.6984874782781025] ; [2.3133596507633958]
840 ; 93 ; 278 ; 19 ; [2.634251376433971] ; [1.6813602088515971]
840 ; 93 ; 278 ; 20 ; [2.2370325937900657] ; [0.51657647773373749]
840 ; 93 ; 279 ; 0 ; [0.076743239338883759] ; [0.26835692972963343]
840 ; 93 ; 279 ; 1 ; [0.037359498582622643] ; [2.3120958179914317]
840 ; 93 ; 279 ; 5 ; [0.59824088630913796] ; [0.93718245459879823]
840 ; 93 ; 279 ; 6 ; [3.169898944295221] ; [0.69430245292337611]
840 ; 93 ; 279 ; 11 ; [4.1877390151821965] ; [1.9828128004365992]
840 ; 93 ; 280 ; 0 ; [0.97564267945993333] ; [0.056250090749693192]
840 ; 93 ; 280 ; 1 ; [0.67122450033841408] ; [0.94831792344588772]
840 ; 93 ; 280 ; 2 ; [0.88562882766414974] ; [2.0235045457258503]
840 ; 93 ; 280 ; 3 ; [0.84457171356661898] ; [1.9722691135301289]
840 ; 93 ; 280 ; 5 ; [2.3019882258670421] ; [0.098692510037617948]
840 ; 93 ; 280 ; 6 ; [2.2072518296806978] ; [1.8647621289517435]
840 ; 93 ; 280 ; 9 ; [2.2180872873565267] ; [1.047586842135489]
840 ; 93 ; 280 ; 10 ; [10.523953016077492] ; [0.12108702141845372]
840 ; 93 ; 280 ; 12 ; [0.4447721922334415] ; [1.0573809534489884]
840 ; 93 ; 280 ; 13 ; [1.5179057188794067] ; [1.2928007874093788]
840 ; 93 ; 280 ; 14 ; [6.7956467843381496] ; [5.460668044282257]
840 ; 93 ; 281 ; 0 ; [0.94086935815507278] ; [1.2056227164553186]
840 ; 93 ; 281 ; 2 ; [0.0543780863229801] ; [0.028709777654313626]
840 ; 93 ; 281 ; 4 ; [2.1806488691144628] ; [1.1606503305041524]
840 ; 93 ; 281 ; 10 ; [2.3443129927423749] ; [0.92115671350906991]
840 ; 93 ; 282 ; 3 ; [0.65953593184777604] ; [1.0250576020817788]
840 ; 93 ; 282 ; 11 ; [2.3883226327459162] ; [4.917446251771632]
840 ; 93 ; 283 ; 0 ; [0.052136707539539515, 0.14242349604959112] ; [0.20608904619837429, 0.27935552363851268]
840 ; 93 ; 284 ; 0 ; [0.41017083258750109] ; [1.0425135523102551]
840 ; 93 ; 284 ; 1 ; [0.78779741445546858] ; [0.34940346346321133]
840 ; 93 ; 284 ; 2 ; [0.052305571670385111] ; [0.20455461116760246]
840 ; 93 ; 284 ; 5 ; [0.57530888813301317] ; [0.797874723619593]
840 ; 93 ; 285 ; 3 ; [1.7231943401066057] ; [1.3084490825558188]
840 ; 93 ; 285 ; 4 ; [2.103747835371196] ; [1.9105939684270286]
840 ; 93 ; 285 ; 6 ; [1.0713973286463676] ; [1.9101055253401422]
840 ; 93 ; 285 ; 7 ; [2.3586623088829213] ; [1.1182290165801696]
840 ; 93 ; 285 ; 8 ; [2.3468416135273023] ; [1.9089492436182964]
840 ; 93 ; 285 ; 11 ; [1.0998793448303459] ; [1.8116212249066814]
840 ; 93 ; 285 ; 12 ; [0.11735886078565506] ; [0.54680637833347034]
840 ; 93 ; 285 ; 13 ; [3.6905535192343026] ; [1.6625479363480038]
840 ; 93 ; 285 ; 16 ; [2.3067194176915882] ; [1.2440356816405447]
840 ; 93 ; 285 ; 17 ; [1.617656218476335] ; [1.9734868838969892]
840 ; 93 ; 285 ; 22 ; [-0.030922496267355517] ; [1.3887007337384969]
840 ; 93 ; 285 ; 24 ; [1.1389653261426114] ; [3.81721993119295]
840 ; 93 ; 286 ; 0 ; [0.35139801335917237] ; [0.43979977843665485]
840 ; 93 ; 286 ; 1 ; [0.69135318730153528] ; [0.66974715929166184]
840 ; 93 ; 286 ; 3 ; [1.1193782239360528] ; [0.25278198349803932]
840 ; 93 ; 287 ; 0 ; [1.0161779438400089] ; [0.09486031876066113]
840 ; 93 ; 287 ; 1 ; [1.4616030428779587] ; [0.0107408251251377]
840 ; 93 ; 287 ; 2 ; [1.707021966032124] ; [0.044713593156455685]
840 ; 93 ; 287 ; 3 ; [0.28338757180327723] ; [3.3025658748744409]
840 ; 93 ; 287 ; 4 ; [1.6266509503229687] ; [3.9905094421395999]
840 ; 93 ; 287 ; 5 ; [1.5114216472624575] ; [1.3265074258766094]
840 ; 93 ; 287 ; 7 ; [1.4631227299679144] ; [5.4824613862639131]
840 ; 93 ; 287 ; 8 ; [2.3966494214297818] ; [1.5505326467491636]
840 ; 93 ; 287 ; 9 ; [1.4473773862523578] ; [10.038307465910352]
840 ; 93 ; 287 ; 11 ; [1.4872328171704354] ; [0.7129930465058214]
840 ; 93 ; 288 ; 0 ; [0.092865485267205131, 1.135846209691119] ; [0.18397188386310678, 0.36665450083920476]
840 ; 93 ; 288 ; 1 ; [0.40696352475668368] ; [0.24023841539922605]
840 ; 93 ; 288 ; 3 ; [0.67753170523451312] ; [0.76094449400970965]
840 ; 93 ; 288 ; 8 ; [1.1835633659823026] ; [1.0103308492451308]
840 ; 93 ; 288 ; 13 ; [1.4189012146697302] ; [0.026817149314571978]
840 ; 93 ; 289 ; 0 ; [0.039309578404504796, 0.16686730381694956, 0.054797579661430333] ; [0.21508492689113951, 0.24011032128728027, 0.068921459322108483]
840 ; 93 ; 290 ; 0 ; [2.6443698389042503, 2.860487848904322] ; [0.30714193196389744, 0.38672049979660289]
840 ; 93 ; 290 ; 2 ; [0.33314227534960811] ; [1.4362026413709938]
840 ; 93 ; 290 ; 7 ; [4.5035510824128817] ; [1.964024653871554]
840 ; 93 ; 290 ; 8 ; [4.1328337992335582] ; [2.1093572478987186]
840 ; 93 ; 290 ; 9 ; [2.34264823120155] ; [2.6188345943859561]
840 ; 93 ; 290 ; 10 ; [1.8768905049872526] ; [4.5893923795521223]
840 ; 93 ; 291 ; 1 ; [0.7027806183073193] ; [0.047890204749375116]
840 ; 93 ; 291 ; 12 ; [3.1094504274188313] ; [0.3128660077987252]
840 ; 93 ; 292 ; 0 ; [0.11411896694598725, 0.40854163945145811, 0.57332626578477841] ; [0.13222245642664615, 0.1597140435290138, 0.38292212907590473]
840 ; 93 ; 294 ; 0 ; [0.029476145105016976, -0.0072191829698925718] ; [0.24337783352841597, 0.090289459144174744]
840 ; 93 ; 295 ; 5 ; [0.013059557579572178] ; [0.040076629519016874]
840 ; 93 ; 296 ; 0 ; [0.19587889220598756] ; [0.5196125418359353]
840 ; 93 ; 296 ; 1 ; [0.13343666475126781] ; [0.056808017255580129]
840 ; 93 ; 296 ; 2 ; [0.017011477602637215] ; [0.20935581683562973]
840 ; 93 ; 297 ; 0 ; [0.12160255306944737, 0.19239027211709173, 0.16209006631713646, 0.91683469380341531] ; [0.22537259650852451, 0.26333062616864505, 0.19851565622304121, 0.19740194171975886]
840 ; 93 ; 298 ; 0 ; [0.25793526486401497, 0.59044682894890332] ; [0.21516564671354266, 0.12081478016753716]
840 ; 93 ; 299 ; 0 ; [0.025005020449919691, 0.12477527242273447, 0.059176191642539525] ; [0.14777896177076288, 0.45289515616099224, 0.011418424896381764]
840 ; 93 ; 300 ; 0 ; [0.59067610513465785] ; [0.50098853433060808]
840 ; 93 ; 300 ; 1 ; [1.2538785476119099] ; [0.72694324348817385]
840 ; 93 ; 300 ; 9 ; [0.66880571769603359] ; [0.48711651694187502]
840 ; 93 ; 300 ; 10 ; [0.63043090952040826] ; [2.7995933938682498]
840 ; 93 ; 301 ; 0 ; [0.028079361708306997] ; [0.17815334839655803]
840 ; 93 ; 301 ; 2 ; [0.15920641220987292] ; [0.27392094211458778]
840 ; 93 ; 302 ; 0 ; [0.084807879180713086] ; [0.25625863369636481]
840 ; 93 ; 302 ; 1 ; [0.11838392475140898] ; [0.039385662955982295]
840 ; 93 ; 303 ; 1 ; [0.75171862997051431] ; [0.67592285528475082]
840 ; 93 ; 303 ; 2 ; [0.66211961141777442] ; [0.41038959060161406]
840 ; 93 ; 303 ; 4 ; [1.9020555878015601] ; [0.022049280717428777]
840 ; 93 ; 303 ; 5 ; [0.55810127717312863] ; [0.72688888353211811]
840 ; 93 ; 303 ; 6 ; [1.8633560089901111] ; [2.5263117456742981]
840 ; 93 ; 303 ; 10 ; [5.2763878542957308] ; [11.191444654801991]
840 ; 93 ; 303 ; 11 ; [5.6629354571885306] ; [1.7836780734971169]
840 ; 93 ; 303 ; 12 ; [4.1816497301127455] ; [1.4843472588484938]
840 ; 93 ; 303 ; 13 ; [4.9890740347685698] ; [0.31436953739138751]
840 ; 93 ; 304 ; 0 ; [0.75554338442001656] ; [1.2104596534284007]
840 ; 93 ; 304 ; 3 ; [1.0760329659623158] ; [1.425547126271709]
840 ; 93 ; 304 ; 4 ; [0.6343648625947369] ; [1.797450386480232]
840 ; 93 ; 304 ; 6 ; [0.73445967570382631] ; [1.2097332942678409]
840 ; 93 ; 305 ; 0 ; [0.030516885109221781, 1.0285493984746565] ; [0.19736224003552827, 0.21845555540120853]
840 ; 93 ; 306 ; 0 ; [0.13244367045793659, 0.062572752666842563, 0.12719287427649725] ; [0.1089830111219301, 0.5492706257396418, 0.28978028039639603]
840 ; 93 ; 306 ; 1 ; [0.19523537417224862] ; [0.141793457887994]
840 ; 93 ; 306 ; 2 ; [0.034527090241842945] ; [0.020996901180359486]
840 ; 93 ; 307 ; 0 ; [0.0015120131885761399, 0.0016457161646735608] ; [0.22105431807190751, 0.23075350121615265]
840 ; 93 ; 308 ; 0 ; [0.5469348014569213, 0.13320511097041671] ; [0.39864806692131671, 0.15128649934212232]
840 ; 93 ; 308 ; 3 ; [0.73328000878381516] ; [0.38873938046465828]
840 ; 93 ; 309 ; 0 ; [0.32404820485059366, 0.51849801757010694] ; [0.26925674382898585, 0.037469325044392217]
840 ; 93 ; 309 ; 1 ; [0.58688348959322889] ; [0.47690490529240492]
840 ; 93 ; 309 ; 2 ; [0.1644556202947636] ; [1.1013897993674979]
840 ; 93 ; 309 ; 3 ; [0.19238393115327551] ; [0.61704495182839392]
840 ; 93 ; 309 ; 4 ; [0.89809013075780786] ; [0.26316028669748326]
840 ; 93 ; 309 ; 5 ; [0.49335810611969744] ; [0.0063997962228505689]
840 ; 93 ; 310 ; 0 ; [0.30941840175454077] ; [0.23515424059886694]
840 ; 93 ; 310 ; 1 ; [0.094337587841337125] ; [0.090940497844659393]
840 ; 93 ; 310 ; 2 ; [0.098831437809564465] ; [0.053906968365666386]
840 ; 93 ; 310 ; 7 ; [0.45578732852512216] ; [0.61816689711859052]
840 ; 93 ; 310 ; 8 ; [0.07141279904828933] ; [0.058764722000650083]
840 ; 93 ; 310 ; 9 ; [0.32590270705163293] ; [0.066653841813339998]
840 ; 93 ; 312 ; 0 ; [0.32531178664157845] ; [0.13128309082196007]
840 ; 93 ; 312 ; 1 ; [0.13617305625610451] ; [0.22012734234159789]
840 ; 93 ; 312 ; 2 ; [0.28206777115617654] ; [0.60012272473522588]
840 ; 93 ; 313 ; 0 ; [0.1232335206045886, 0.072312797844267501] ; [0.18030509075132184, 0.06880835116600488]
840 ; 93 ; 314 ; 0 ; [-0.0060342078858954592] ; [0.027717641725086894]
840 ; 93 ; 315 ; 0 ; [0.56862915101295963] ; [0.83945284209189397]
840 ; 93 ; 315 ; 1 ; [0.022341100283575232] ; [0.91445401490252987]
840 ; 93 ; 316 ; 0 ; [0.7696116684333566] ; [0.21673741326193782]
840 ; 93 ; 316 ; 2 ; [0.15116151581934292] ; [0.45822961160861803]
840 ; 93 ; 317 ; 0 ; [0.019354214128208154] ; [0.04435939491160424]
840 ; 93 ; 317 ; 3 ; [1.6096036399310256] ; [0.95955231950234066]
840 ; 93 ; 317 ; 5 ; [0.044038125031189319] ; [1.5559462843312233]
840 ; 93 ; 319 ; 0 ; [0.48431316934359891, 0.71910571268136614, 0.35117332410761543] ; [0.37675174169726094, 0.91134057810311508, 0.29747207774438467]
840 ; 93 ; 319 ; 1 ; [0.62973758236869148] ; [0.27423442724566993]
840 ; 93 ; 320 ; 0 ; [0.35809664460303586] ; [0.043440925696957559]
840 ; 93 ; 320 ; 1 ; [0.15084467421086506, 0.20410230993237977, 0.31023028016008902, 0.15938273319198354] ; [0.24254370844514456, 0.16684866091712225, 0.33429117684814891, 0.20217295514230638]
840 ; 93 ; 320 ; 2 ; [0.3839682837795641] ; [0.31280002405506074]
840 ; 93 ; 321 ; 0 ; [0.86089955068535884] ; [0.38403551397447233]
840 ; 93 ; 321 ; 1 ; [0.22427523195050889] ; [0.26723950750029662]
840 ; 93 ; 321 ; 2 ; [1.0750361804602846] ; [0.51002781833994026]
840 ; 93 ; 321 ; 3 ; [0.86741760544161639] ; [0.084078761251266912]
840 ; 93 ; 321 ; 4 ; [0.83768199665869958] ; [0.37349113101850789]
840 ; 93 ; 321 ; 7 ; [0.08179773576842074] ; [0.5493870843184413]
840 ; 93 ; 322 ; 7 ; [0.2935726583355554] ; [1.6327072127133448]
840 ; 93 ; 323 ; 0 ; [0.22516254265419136, 0.26815007548493597] ; [0.49000757148008839, 0.93637451199454058]
840 ; 93 ; 323 ; 2 ; [0.25501653220440479] ; [0.36145430899962311]
840 ; 93 ; 324 ; 0 ; [2.0351049447222693] ; [0.7951397657131275]
840 ; 93 ; 324 ; 1 ; [0.11277799473614018] ; [0.079932907412925636]
840 ; 93 ; 326 ; 0 ; [0.78536084387734195] ; [1.119981102249213]
840 ; 93 ; 326 ; 1 ; [1.7639612827009048] ; [0.49160061994547549]
840 ; 93 ; 326 ; 4 ; [1.3496079429249779] ; [1.627618194739213]
840 ; 93 ; 326 ; 11 ; [1.134122412048248] ; [0.58619829340241392]
840 ; 93 ; 326 ; 12 ; [1.4780236259103428] ; [0.88060943211216003]
840 ; 93 ; 326 ; 14 ; [1.2519690883940953] ; [0.60070486119451572]
840 ; 93 ; 326 ; 16 ; [4.4364319907083196] ; [1.0825240611124292]
840 ; 93 ; 326 ; 17 ; [0.049502421768788149] ; [1.2015366327512993]
840 ; 93 ; 326 ; 20 ; [46.361105458661356] ; [0.89864172773200246]
840 ; 93 ; 327 ; 0 ; [0.0026663810236679359, 0.0048655326204297628] ; [0.14039202147983881, 0.35141492692772941]
840 ; 93 ; 327 ; 1 ; [-0.0027734118309167828] ; [0.33296686156641087]
840 ; 93 ; 328 ; 0 ; [0.62819136237738737] ; [0.39948457250482883]
840 ; 93 ; 328 ; 1 ; [0.56115187788208643] ; [0.77510345159084892]
840 ; 93 ; 328 ; 2 ; [0.80966902626859683] ; [1.9540954047101891]
840 ; 93 ; 328 ; 3 ; [1.0938724035648077] ; [0.63704728020861079]
840 ; 93 ; 328 ; 4 ; [1.2072988924946513] ; [1.1688510542796118]
840 ; 93 ; 328 ; 10 ; [0.82580189945138216] ; [1.2518018828997446]
840 ; 93 ; 328 ; 13 ; [0.94322910520206638] ; [0.12684518851032633]
840 ; 93 ; 328 ; 15 ; [1.8252919070076499] ; [1.0029577995024708]
840 ; 93 ; 328 ; 16 ; [1.4565005401015754] ; [0.39013788874518984]
840 ; 93 ; 328 ; 18 ; [0.56998700608442898] ; [0.48573844851314091]
840 ; 93 ; 329 ; 0 ; [0.14356976589327042, 0.12784055602069824, 0.042075840371059853] ; [0.19059116810958543, 0.27190779098830958, 0.10230189790649628]
840 ; 93 ; 331 ; 0 ; [0.44279836884759582] ; [0.77623572892003401]
840 ; 93 ; 331 ; 1 ; [0.75426151024612575] ; [0.31788190705355091]
840 ; 93 ; 332 ; 0 ; [0.65059216519399821] ; [0.0095073663216731878]
840 ; 93 ; 332 ; 10 ; [0.65951437650745648] ; [1.1285766158843489]
840 ; 93 ; 333 ; 0 ; [0.64928177222530536] ; [2.2117684113198077]
840 ; 93 ; 333 ; 2 ; [1.8618061890201665] ; [0.24445359214020643]
840 ; 93 ; 334 ; 3 ; [0.51450659738705773] ; [0.73447586591224368]
840 ; 93 ; 334 ; 4 ; [0.0078678227597883746] ; [1.4063305998930398]
840 ; 93 ; 334 ; 7 ; [0.56901878183668564] ; [0.62031756949285322]