# Run ; Subrun ; Event ; Track ; Charge Ratios View 0 ; Charge Ratios View 1 #
840 ; 102 ; 0 ; 0 ; [0.20516509220729209] ; [0.43632363446641836]
840 ; 102 ; 2 ; 3 ; [-0.37630745320909842] ; [-0.022253122284229803]
840 ; 102 ; 3 ; 0 ; [0.0098864082879656454] ; [0.19062597521440569]
840 ; 102 ; 4 ; 0 ; [3.5350207668382367] ; [0.042225050293553966]
840 ; 102 ; 4 ; 3 ; [5.9287278451235981] ; [0.06948171519909975]
840 ; 102 ; 4 ; 6 ; [4.9949066161626066] ; [0.03109041655930566]
840 ; 102 ; 4 ; 10 ; [0.1198839054943769] ; [0.063836101487370969]
840 ; 102 ; 5 ; 1 ; [0.88126148303799356] ; [0.063716113780569225]
840 ; 102 ; 6 ; 0 ; [-0.29823578266029332] ; [1.8836099068189418]
840 ; 102 ; 6 ; 11 ; [13.835736043274389] ; [1.7861199691631424]
840 ; 102 ; 6 ; 12 ; [0.59451168619528894] ; [0.25178570458021371]
840 ; 102 ; 6 ; 13 ; [5.2647982263820774] ; [4.3722199018254635]
840 ; 102 ; 6 ; 16 ; [2.6607751486120175] ; [1.3787478798410979]
840 ; 102 ; 6 ; 17 ; [-1.9713666385581161] ; [2.7555976874737]
840 ; 102 ; 6 ; 18 ; [13.390764894900022] ; [2.9982435806757612]
840 ; 102 ; 8 ; 0 ; [-0.46046842689850465] ; [0.071787148114926452]
840 ; 102 ; 8 ; 1 ; [0.55004244828369431] ; [0.0735147149964573]
840 ; 102 ; 8 ; 4 ; [0.017944022762500032] ; [-2.5719036650973055]
840 ; 102 ; 9 ; 1 ; [0.66855282280525996] ; [1.5355364973074257]
840 ; 102 ; 9 ; 3 ; [0.39507335926257348] ; [1.2548707471777192]
840 ; 102 ; 9 ; 5 ; [-0.54510953792404004] ; [0.10533186741137458]
840 ; 102 ; 9 ; 10 ; [-8.3017693147183369] ; [0.8619708123361336]
840 ; 102 ; 9 ; 11 ; [0.075858333264278363] ; [3.7057841877105275]
840 ; 102 ; 9 ; 13 ; [0.11585549210723936] ; [1.2005627632381324]
840 ; 102 ; 9 ; 16 ; [0.020838864954958403] ; [2.3864839911522697]
840 ; 102 ; 11 ; 0 ; [0.052812819260513739] ; [0.035122120538467957]
840 ; 102 ; 12 ; 0 ; [0.16782804275147944] ; [0.27920253128167399]
840 ; 102 ; 12 ; 1 ; [0.16859384256237309] ; [-3.0168470873490718]
840 ; 102 ; 12 ; 9 ; [0.32539917538105773] ; [0.32295369957144954]
840 ; 102 ; 14 ; 4 ; [1.6118340792458814] ; [0.89563901498565801]
840 ; 102 ; 14 ; 19 ; [1.1648470545685574] ; [0.96394798253919767]
840 ; 102 ; 14 ; 22 ; [2.0624952891793216] ; [1.0996062982683945]
840 ; 102 ; 14 ; 28 ; [1.2559408865149704] ; [1.1589508006168208]
840 ; 102 ; 14 ; 31 ; [0.60383884515381769] ; [0.78043730147575296]
840 ; 102 ; 14 ; 32 ; [1.0460530374762442, 2.2253789743893906] ; [0.15025966141136607, 0.86962730699009916]
840 ; 102 ; 14 ; 33 ; [1.3971647165544125] ; [0.14487068582105442]
840 ; 102 ; 14 ; 34 ; [0.88933441110521538] ; [1.921597568495955]
840 ; 102 ; 14 ; 35 ; [1.2875455665231605] ; [3.508701814923096]
840 ; 102 ; 15 ; 6 ; [0.18296877261363917] ; [0.60420939430857534]
840 ; 102 ; 15 ; 7 ; [0.21590252363644205] ; [3.1048943789840688]
840 ; 102 ; 15 ; 11 ; [7.4888973118768787] ; [0.43044194368862276]
840 ; 102 ; 16 ; 0 ; [0.13052573672260606] ; [0.16608546184369305]
840 ; 102 ; 16 ; 1 ; [0.18993415372734188] ; [0.22414780775200788]
840 ; 102 ; 16 ; 2 ; [-0.0058751451637968858] ; [0.049233135509307059]
840 ; 102 ; 17 ; 0 ; [0.45285890747607799] ; [0.46794573726958777]
840 ; 102 ; 17 ; 4 ; [0.43927503048031774] ; [3.7287038099801126]
840 ; 102 ; 17 ; 11 ; [0.31675606523543026] ; [-0.54446382844812014]
840 ; 102 ; 18 ; 0 ; [0.12164732934787151] ; [0.065758704552596067]
840 ; 102 ; 18 ; 1 ; [0.025000135434743456] ; [0.14157369257319743]
840 ; 102 ; 18 ; 5 ; [4.4296337431087096] ; [0.016074489368006893]
840 ; 102 ; 19 ; 7 ; [0.0048931556130947726] ; [0.22858252210316179]
840 ; 102 ; 21 ; 7 ; [13.995688633961294] ; [1.1611384537727676]
840 ; 102 ; 22 ; 0 ; [0.23965037685553905] ; [0.5816916253000598]
840 ; 102 ; 22 ; 1 ; [0.50089950869352462] ; [0.32816751680963085]
840 ; 102 ; 22 ; 2 ; [0.46852717627312768] ; [2.1168752043072012]
840 ; 102 ; 22 ; 3 ; [-0.65155605855689136] ; [0.40371473775767741]
840 ; 102 ; 22 ; 13 ; [-0.39226613783416175] ; [-1.8818424845187192]
840 ; 102 ; 23 ; 2 ; [0.77889989644265689] ; [1.4319656311038962]
840 ; 102 ; 23 ; 3 ; [1.3639213101288707] ; [2.1151567724655522]
840 ; 102 ; 23 ; 6 ; [2.0637421840897914] ; [2.25243183756155]
840 ; 102 ; 23 ; 7 ; [0.81049694758813506] ; [1.0528573181442582]
840 ; 102 ; 23 ; 9 ; [157.68781517087334] ; [0.94435822402437397]
840 ; 102 ; 23 ; 12 ; [3.715400625563722] ; [0.97550649368112796]
840 ; 102 ; 23 ; 15 ; [1.5534506676934932] ; [1.3609622968593602]
840 ; 102 ; 24 ; 13 ; [2.400082762285392] ; [0.7953964972648494]
840 ; 102 ; 24 ; 14 ; [1.7051557172278398] ; [1.9068164146804574]
840 ; 102 ; 24 ; 15 ; [1.1357942517575901] ; [1.462446390507701]
840 ; 102 ; 24 ; 16 ; [1.3174758925020529] ; [1.1326390013889134]
840 ; 102 ; 24 ; 19 ; [2.2538938530177748] ; [0.88740111616218831]
840 ; 102 ; 24 ; 20 ; [0.10620695359954392] ; [0.29594687603866904]
840 ; 102 ; 24 ; 21 ; [3.3383344518227696] ; [2.2168712756377356]
840 ; 102 ; 24 ; 28 ; [1.2428187939492505] ; [3.6648352450129922]
840 ; 102 ; 24 ; 29 ; [0.48701402051803233] ; [0.46388469635097701]
840 ; 102 ; 24 ; 30 ; [0.42581977059297521] ; [1.1019674315304402]
840 ; 102 ; 25 ; 0 ; [1.3307680942445741] ; [0.48844626629535887]
840 ; 102 ; 25 ; 8 ; [0.46173717208715281] ; [-0.1613592372982941]
840 ; 102 ; 25 ; 12 ; [0.86318860366335226] ; [0.46612455953714022]
840 ; 102 ; 26 ; 1 ; [0.24951810701491758] ; [0.023922802468899544]
840 ; 102 ; 27 ; 5 ; [0.063890543897400995] ; [0.16112847121426566]
840 ; 102 ; 29 ; 2 ; [0.066713853989450067] ; [16.576828345947995]
840 ; 102 ; 29 ; 4 ; [27.436639718383187] ; [1.6678300529575303]
840 ; 102 ; 30 ; 10 ; [0.23510823689631882] ; [1.4724965175706657]
840 ; 102 ; 30 ; 17 ; [5.4585894545460931] ; [1.3312261968232113]
840 ; 102 ; 30 ; 19 ; [0.63952657395470713] ; [0.04060405490868977]
840 ; 102 ; 31 ; 0 ; [2.4040562104857304] ; [0.29598276938772794]
840 ; 102 ; 32 ; 8 ; [2.0578382314535428] ; [1.2400623963835995]
840 ; 102 ; 32 ; 10 ; [3.0618634296648848] ; [-0.078013211736976368]
840 ; 102 ; 34 ; 9 ; [11.530108873395928] ; [2.2146259910546342]
840 ; 102 ; 35 ; 1 ; [-0.39175372509599388, 0.42648573340246121] ; [0.31724565085346945, 0.15127437281935818]
840 ; 102 ; 36 ; 4 ; [0.14485709271843403] ; [0.17817071481540661]
840 ; 102 ; 36 ; 5 ; [0.55963153968378343] ; [0.37080960564085619]
840 ; 102 ; 36 ; 10 ; [-0.53918913362610266] ; [0.2441367159265814]
840 ; 102 ; 37 ; 0 ; [0.76051709208077212] ; [0.39864447097409961]
840 ; 102 ; 37 ; 1 ; [3.0808199882929128] ; [1.2266471158626762]
840 ; 102 ; 37 ; 2 ; [0.39898842451219774] ; [0.12921555662972314]
840 ; 102 ; 37 ; 3 ; [0.18600954319685786] ; [1.7705227733795803]
840 ; 102 ; 37 ; 11 ; [4.2835959858094244] ; [0.50977418848187483]
840 ; 102 ; 37 ; 20 ; [4.8891475699731064] ; [2.9152822016022379]
840 ; 102 ; 39 ; 7 ; [0.36515569997078978] ; [1.9552546107114388]
840 ; 102 ; 39 ; 10 ; [0.011567694599857938] ; [0.31651456311716358]
840 ; 102 ; 40 ; 2 ; [2.7598979777951298] ; [0.19551023100601125]
840 ; 102 ; 40 ; 12 ; [0.83950146498584255] ; [0.1915563600116641]
840 ; 102 ; 42 ; 7 ; [0.28386486455249055] ; [0.17245385126799651]
840 ; 102 ; 42 ; 8 ; [7.1171921863480767] ; [0.42126667657457817]
840 ; 102 ; 42 ; 9 ; [1.3418084742731502] ; [0.11024269668061697]
840 ; 102 ; 42 ; 16 ; [-50.140753099656365] ; [1.3090223513932253]
840 ; 102 ; 44 ; 5 ; [0.4634852838889118] ; [0.34411404707790533]
840 ; 102 ; 44 ; 6 ; [1.1590412116845259] ; [-0.45729254105416833]
840 ; 102 ; 45 ; 0 ; [0.11495685739935536] ; [0.091906671287140668]
840 ; 102 ; 45 ; 8 ; [-1.4525191585954063] ; [15.503447311157663]
840 ; 102 ; 45 ; 9 ; [-5.8062062778861669] ; [-0.68657754198999066]
840 ; 102 ; 46 ; 4 ; [-0.75485736563191419] ; [0.18667896680456625]
840 ; 102 ; 46 ; 5 ; [0.021625577350222566] ; [0.6880749252037246]
840 ; 102 ; 46 ; 9 ; [3.3707892630615945] ; [0.76866583859824023]
840 ; 102 ; 46 ; 12 ; [0.59128857718057515] ; [1.11990262851498]
840 ; 102 ; 48 ; 0 ; [1.553873261310186] ; [0.46248574208442184]
840 ; 102 ; 48 ; 3 ; [0.068585678539363495] ; [0.00098507611040766271]
840 ; 102 ; 49 ; 8 ; [0.11230056527524207] ; [-0.0041784939538292544]
840 ; 102 ; 49 ; 15 ; [0.35414499666434113] ; [0.12931016195150338]
840 ; 102 ; 50 ; 3 ; [2.3481664119933066] ; [0.81427790464468919]
840 ; 102 ; 50 ; 7 ; [3.1827680651124663] ; [0.52098746804141394]
840 ; 102 ; 50 ; 8 ; [1.6309196832096928] ; [0.18850247418755076]
840 ; 102 ; 50 ; 15 ; [1.1878196167427006] ; [0.79058587188037899]
840 ; 102 ; 51 ; 4 ; [-0.38027226908394024, 0.28454396465699694] ; [-1.0153536069569196, 0.14951233030416072]
840 ; 102 ; 51 ; 5 ; [1.7009821870425008] ; [0.23475521307280425]
840 ; 102 ; 51 ; 6 ; [1.3349357686054792] ; [3.4617008245984811]
840 ; 102 ; 52 ; 12 ; [0.085524336768795631] ; [1.9294085036863879]
840 ; 102 ; 54 ; 0 ; [0.19372780509067894] ; [0.035054891037660046]
840 ; 102 ; 54 ; 1 ; [1.6442755490872536] ; [1.9264043186709567]
840 ; 102 ; 54 ; 2 ; [1.8844362649756665] ; [0.19009874910682925]
840 ; 102 ; 54 ; 5 ; [0.12029403006686482] ; [0.31055374587196599]
840 ; 102 ; 54 ; 6 ; [5.2885998215040813] ; [0.64861496919015749]
840 ; 102 ; 55 ; 0 ; [0.031191715591581626] ; [16.569132232855569]
840 ; 102 ; 57 ; 1 ; [0.19777485686466198] ; [0.1173389668720302]
840 ; 102 ; 57 ; 5 ; [2.117957395243133] ; [0.0021929297134163587]
840 ; 102 ; 57 ; 7 ; [1.0671490366753074] ; [0.57086335339478544]
840 ; 102 ; 57 ; 8 ; [0.17441772806398328] ; [0.45919642732362032]
840 ; 102 ; 57 ; 9 ; [1.0809504255295783] ; [0.13137410556572765]
840 ; 102 ; 57 ; 12 ; [0.094427799058476342] ; [0.07602686002535769]
840 ; 102 ; 58 ; 0 ; [0.19565545522193512] ; [0.16857097631096199]
840 ; 102 ; 58 ; 9 ; [-217.48376819718229] ; [0.011887634141351494]
840 ; 102 ; 60 ; 8 ; [0.70812479010130047] ; [1.5876489349373253]
840 ; 102 ; 60 ; 9 ; [0.95520366709793536] ; [0.99519497566671511]
840 ; 102 ; 61 ; 5 ; [0.61757407297256806] ; [1.6933182218737215]
840 ; 102 ; 61 ; 6 ; [1.4756625242024666] ; [1.3846638161798062]
840 ; 102 ; 61 ; 10 ; [1.7156476522181425] ; [2.3992746503000593]
840 ; 102 ; 61 ; 11 ; [1.0519779781255305] ; [2.5613662376743425]
840 ; 102 ; 61 ; 13 ; [1.3091027352437139] ; [2.7746155949706979]
840 ; 102 ; 61 ; 14 ; [2.1350218119284445] ; [2.589000765491515]
840 ; 102 ; 61 ; 16 ; [1.4617317809172565] ; [2.954028617532138]
840 ; 102 ; 61 ; 17 ; [0.9688879301851594] ; [1.7060855738537859]
840 ; 102 ; 61 ; 18 ; [1.0621353320635136] ; [3.2828081931758075]
840 ; 102 ; 61 ; 20 ; [2.2365626429714691] ; [1.6754921789309984]
840 ; 102 ; 61 ; 23 ; [1.6529295018336947] ; [2.3821138427668291]
840 ; 102 ; 61 ; 24 ; [1.4482668490719333] ; [4.1703946819756181]
840 ; 102 ; 64 ; 4 ; [0.38471697022666462] ; [0.98373188169600434]
840 ; 102 ; 64 ; 14 ; [0.89089295233991961] ; [1.5193377164842763]
840 ; 102 ; 64 ; 16 ; [1.2309460165394717] ; [1.9781783964758051]
840 ; 102 ; 64 ; 17 ; [0.66961167435878133] ; [1.6275071069158238]
840 ; 102 ; 64 ; 19 ; [0.50710223465053261] ; [2.3504901643021823]
840 ; 102 ; 64 ; 24 ; [0.43982613668416759] ; [1.2233398373133506]
840 ; 102 ; 65 ; 0 ; [0.2447055768234053] ; [0.71752579202998368]
840 ; 102 ; 65 ; 10 ; [0.34936915462269813] ; [-0.15525034968547285]
840 ; 102 ; 66 ; 1 ; [1.9604300199301024] ; [0.50312349213136431]
840 ; 102 ; 66 ; 9 ; [0.0067406854039398396] ; [1.1089253697159687]
840 ; 102 ; 66 ; 11 ; [-0.0064910979728034432] ; [0.29497995580714548]
840 ; 102 ; 67 ; 10 ; [1.4881514378869589] ; [1.6793692266801448]
840 ; 102 ; 67 ; 15 ; [0.9843584907761016] ; [1.6930646185820595]
840 ; 102 ; 69 ; 1 ; [0.51640963358085668] ; [0.19137100189566553]
840 ; 102 ; 70 ; 4 ; [1.7015182343687629] ; [1.3036439688421375]
840 ; 102 ; 70 ; 5 ; [0.37760920686871868] ; [2.338946315974721]
840 ; 102 ; 70 ; 8 ; [2.2102782414395969] ; [0.86396255561115598]
840 ; 102 ; 72 ; 0 ; [0.64422391550094416] ; [0.11755888092323932]
840 ; 102 ; 72 ; 1 ; [2.0557597871194258] ; [0.14317229834877793]
840 ; 102 ; 72 ; 4 ; [3.6315198797590535] ; [1.638887069963711]
840 ; 102 ; 72 ; 5 ; [2.4275199903091274] ; [0.64273881492498075]
840 ; 102 ; 72 ; 12 ; [0.89630796982133543] ; [0.14740201385912888]
840 ; 102 ; 72 ; 13 ; [0.35719494862753609] ; [1.3597655797155261]
840 ; 102 ; 72 ; 15 ; [2.0185528687627481] ; [0.7194486435592935]
840 ; 102 ; 72 ; 16 ; [4.3589868533612028] ; [0.38507512805690108]
840 ; 102 ; 72 ; 17 ; [1.4252997685372912] ; [0.59422618677338246]
840 ; 102 ; 72 ; 20 ; [9.2730296226549385] ; [1.9695449247621919]
840 ; 102 ; 72 ; 21 ; [15.162457797110923] ; [1.7315409287062027]
840 ; 102 ; 74 ; 9 ; [4.1290157538738752] ; [1.2177204474220706]
840 ; 102 ; 74 ; 10 ; [0.5239771079964276] ; [1.2638521523041888]
840 ; 102 ; 74 ; 12 ; [0.92618363806031856] ; [5.5819504525453469]
840 ; 102 ; 74 ; 14 ; [1.4992916345808152] ; [0.65143029583773415]
840 ; 102 ; 74 ; 17 ; [0.57412792608818652] ; [0.57326555779622912]
840 ; 102 ; 74 ; 18 ; [0.60454672651060959] ; [1.9302566157154406]
840 ; 102 ; 75 ; 1 ; [0.37796869363414309] ; [0.11386273251354745]
840 ; 102 ; 76 ; 5 ; [3.9351318677590617] ; [0.38768454712911893]
840 ; 102 ; 77 ; 7 ; [-0.99067667792179859] ; [0.29071948970985029]
840 ; 102 ; 78 ; 4 ; [6.5566103619206455] ; [0.076338004804079665]
840 ; 102 ; 78 ; 8 ; [0.22730973256968673] ; [0.32229793172440618]
840 ; 102 ; 79 ; 16 ; [2.9993238919768541] ; [0.43771478058332342]
840 ; 102 ; 80 ; 1 ; [0.013118725638682098] ; [0.2396494139201468]
840 ; 102 ; 80 ; 2 ; [0.054509344580545779] ; [1.0829023071256396]
840 ; 102 ; 80 ; 3 ; [0.70331999719792815] ; [0.0057784889546822508]
840 ; 102 ; 81 ; 1 ; [0.64228843896525079] ; [0.10491811572239441]
840 ; 102 ; 81 ; 5 ; [0.084994180840039346] ; [0.038649328139971191]
840 ; 102 ; 83 ; 3 ; [1.1831657104752358] ; [3.7502769193234871]
840 ; 102 ; 83 ; 7 ; [0.074955760029842583] ; [0.88261925314247991]
840 ; 102 ; 84 ; 1 ; [1.9370308957159101] ; [1.3624835509836273]
840 ; 102 ; 84 ; 9 ; [0.97659257432852531] ; [0.46326180328652383]
840 ; 102 ; 84 ; 15 ; [8.0615588861522305] ; [4.3125438371866078]
840 ; 102 ; 84 ; 21 ; [0.90160440472299141] ; [2.3014849815601086]
840 ; 102 ; 84 ; 22 ; [0.66097945810579961] ; [1.6880129327568725]
840 ; 102 ; 84 ; 23 ; [2.0904025030283968] ; [3.8511924969073936]
840 ; 102 ; 84 ; 24 ; [0.42502932932020288] ; [0.31296742795435978]
840 ; 102 ; 84 ; 27 ; [1.3493332968654213] ; [0.69938520874564125]
840 ; 102 ; 84 ; 33 ; [0.51500779375864314] ; [1.5186160223659635]
840 ; 102 ; 86 ; 0 ; [0.78592259024649236] ; [0.73370216200396376]
840 ; 102 ; 86 ; 2 ; [0.89223916518380386] ; [0.76330127564828798]
840 ; 102 ; 86 ; 5 ; [1.1248390711851721] ; [0.33825197625213138]
840 ; 102 ; 86 ; 6 ; [1.5546329100795981] ; [0.09807987020821185]
840 ; 102 ; 86 ; 7 ; [1.0980035122998113] ; [0.11475261567739085]
840 ; 102 ; 86 ; 23 ; [2.6264240483218293] ; [1.0747205542358667]
840 ; 102 ; 86 ; 25 ; [0.033015301970820067] ; [0.73308555052602964]
840 ; 102 ; 87 ; 0 ; [0.13233880798817857] ; [0.53597727016167862]
840 ; 102 ; 87 ; 6 ; [0.00021152168309352976] ; [0.021690272240941652]
840 ; 102 ; 87 ; 7 ; [0.47249923708157149] ; [0.055672693396469589]
840 ; 102 ; 87 ; 8 ; [4.1233559282118382] ; [0.31274395193971055]
840 ; 102 ; 87 ; 9 ; [0.37711558195518191] ; [0.45475254222671985]
840 ; 102 ; 88 ; 6 ; [-0.008975412500555887] ; [0.009678559825209064]
840 ; 102 ; 90 ; 0 ; [0.6445855474836002] ; [0.075045394229843104]
840 ; 102 ; 90 ; 15 ; [1.1798207754309267] ; [0.38346227335122196]
840 ; 102 ; 91 ; 0 ; [4.8205918048432865] ; [0.099502346257655666]
840 ; 102 ; 91 ; 2 ; [0.90093949771483772] ; [0.076710274434110839]
840 ; 102 ; 91 ; 3 ; [0.20812409415549632] ; [0.39636461860410649]
840 ; 102 ; 91 ; 6 ; [0.65243275787352906] ; [0.43069045282746515]
840 ; 102 ; 91 ; 9 ; [0.5611790919861509] ; [-3.3008109527325593]
840 ; 102 ; 91 ; 16 ; [0.8280964648192578] ; [0.45337950820126871]
840 ; 102 ; 91 ; 20 ; [0.707488544634989] ; [0.53331062444441446]
840 ; 102 ; 91 ; 21 ; [1.1558926629549473] ; [0.87253350809204555]
840 ; 102 ; 91 ; 27 ; [0.6181762596994762] ; [0.44816329245811315]
840 ; 102 ; 91 ; 28 ; [151.77528270809776] ; [2.1408317365606986]
840 ; 102 ; 91 ; 30 ; [0.34355573759015196] ; [0.46948490929407977]
840 ; 102 ; 91 ; 33 ; [0.94601392780759375] ; [0.38443209996384253]
840 ; 102 ; 91 ; 34 ; [1.6379406558176788] ; [0.81473833759346148]
840 ; 102 ; 91 ; 35 ; [1.7183658890473263] ; [5.2787609923444565]
840 ; 102 ; 91 ; 36 ; [1.7500950103522683] ; [1.1400200382189132]
840 ; 102 ; 91 ; 37 ; [2.3331577499784695] ; [0.53992189248764122]
840 ; 102 ; 91 ; 42 ; [3.3584936926366367] ; [0.6957984782530493]
840 ; 102 ; 91 ; 48 ; [2.0802953655581615] ; [0.33318001752147214]
840 ; 102 ; 91 ; 50 ; [2.043975965353833] ; [0.73308674270812346]
840 ; 102 ; 93 ; 0 ; [-0.0016981632357976255] ; [0.60240460752872538]
840 ; 102 ; 93 ; 4 ; [-0.51063925227269258] ; [0.37705091458641593]
840 ; 102 ; 93 ; 8 ; [7.3232914361435348] ; [0.12474614068852587]
840 ; 102 ; 96 ; 0 ; [0.46449508201027495] ; [2.0586082219781887]
840 ; 102 ; 96 ; 1 ; [1.1856268176037579] ; [1.9440620110129445]
840 ; 102 ; 96 ; 10 ; [1.3906857049107471] ; [2.3271134010036261]
840 ; 102 ; 96 ; 12 ; [1.3415128265503526] ; [1.5905866242453193]
840 ; 102 ; 98 ; 0 ; [1.0232865342645683] ; [0.56844560448375725]
840 ; 102 ; 99 ; 0 ; [0.21041949943416333] ; [4.1141913404076842]
840 ; 102 ; 99 ; 5 ; [-0.66523589803549488] ; [0.90743599959369448]
840 ; 102 ; 100 ; 3 ; [0.029011589619537648] ; [-0.0040446167102531948]
840 ; 102 ; 101 ; 0 ; [0.96158120762620902] ; [1.0442500237779146]
840 ; 102 ; 101 ; 2 ; [0.71944380950370457] ; [0.051824216881423128]
840 ; 102 ; 101 ; 14 ; [1.1629437248383114] ; [0.42114539134527257]
840 ; 102 ; 102 ; 4 ; [2.82338972335145] ; [-0.5508118317150732]
840 ; 102 ; 102 ; 6 ; [0.11048656512909112] ; [0.15400843758050312]
840 ; 102 ; 104 ; 0 ; [0.33428528991876238] ; [0.013296839656398709]
840 ; 102 ; 104 ; 4 ; [1.5954545450700266] ; [0.094360259786787068]
840 ; 102 ; 104 ; 6 ; [0.24927765691866641] ; [-0.033278218393481412]
840 ; 102 ; 106 ; 0 ; [1.3515233699011751] ; [0.1019355371830975]
840 ; 102 ; 107 ; 0 ; [0.14068207002973562] ; [0.11037449731057596]
840 ; 102 ; 107 ; 1 ; [-3.3666570734055776] ; [0.14377210552347119]
840 ; 102 ; 107 ; 2 ; [-0.010736037945643649] ; [0.0023785129600396829]
840 ; 102 ; 107 ; 4 ; [3.2021358791212071] ; [-0.0062773621307074933]
840 ; 102 ; 107 ; 14 ; [-39.019798551641394] ; [-0.62368734381233515]
840 ; 102 ; 109 ; 4 ; [100.93001309924681] ; [1.4420360194112933]
840 ; 102 ; 109 ; 8 ; [2.7641479215714253] ; [3.699815600001954]
840 ; 102 ; 110 ; 0 ; [0.020129680279347601] ; [0.014076602157920894]
840 ; 102 ; 112 ; 5 ; [0.17715721436348347] ; [0.29573332729930069]
840 ; 102 ; 112 ; 12 ; [2.5577860100927228] ; [-101.9583903618629]
840 ; 102 ; 114 ; 0 ; [0.81486236500738085] ; [0.014049054672740225]
840 ; 102 ; 114 ; 2 ; [0.15262423410591897] ; [6.9999474418656042]
840 ; 102 ; 115 ; 5 ; [0.63490185614637462] ; [1.1844730987609]
840 ; 102 ; 115 ; 6 ; [1.1198558987706169] ; [0.22837289662268195]
840 ; 102 ; 116 ; 0 ; [0.71105008827058602] ; [0.62522256266020459]
840 ; 102 ; 116 ; 1 ; [0.30821760386950442] ; [0.46957260672492263]
840 ; 102 ; 116 ; 9 ; [0.35669697376748322] ; [0.041986044985640437]
840 ; 102 ; 116 ; 11 ; [0.58697403837940332] ; [0.45009295127960414]
840 ; 102 ; 117 ; 7 ; [0.030696801153919345] ; [0.0319293494558546]
840 ; 102 ; 117 ; 8 ; [0.46835882515255478] ; [0.60663911751645339]
840 ; 102 ; 117 ; 9 ; [0.0070082593454399399] ; [1.642281741855143]
840 ; 102 ; 117 ; 13 ; [0.084246890771739649] ; [0.78221967706197826]
840 ; 102 ; 117 ; 15 ; [-20.915980557170567] ; [0.82150907181884947]
840 ; 102 ; 117 ; 16 ; [4.8484761468797055] ; [0.86060903713894987]
840 ; 102 ; 118 ; 4 ; [0.38860491894587823] ; [0.39065960925898735]
840 ; 102 ; 119 ; 4 ; [-2.4520874003913962] ; [1.7054777102410081]
840 ; 102 ; 119 ; 7 ; [4.6025828663256183] ; [2.0833782146087363]
840 ; 102 ; 119 ; 10 ; [4.984138000120014] ; [3.4431045335861912]
840 ; 102 ; 120 ; 0 ; [0.16926228978966346] ; [-0.04094066956219599]
840 ; 102 ; 120 ; 4 ; [0.024636653012385684] ; [0.40078615788955896]
840 ; 102 ; 121 ; 2 ; [0.50696269857642073] ; [1.4293923255770142]
840 ; 102 ; 121 ; 4 ; [0.31336481084156342] ; [-0.086265598470724431]
840 ; 102 ; 121 ; 17 ; [0.43997794135919716] ; [0.33580413418512178]
840 ; 102 ; 122 ; 6 ; [0.22648975556127551] ; [0.20588435052720902]
840 ; 102 ; 122 ; 7 ; [0.025444670797349012] ; [0.093376195057145478]
840 ; 102 ; 122 ; 8 ; [-2.6872529347813807] ; [0.44473847353233142]
840 ; 102 ; 124 ; 4 ; [0.43913813021644083] ; [0.94011503933076468]
840 ; 102 ; 124 ; 5 ; [1.3468159332798575] ; [1.33583738618524]
840 ; 102 ; 124 ; 8 ; [0.021209323529570109] ; [2.319613903599377]
840 ; 102 ; 124 ; 12 ; [2.0465705897761826] ; [1.1210697937075467]
840 ; 102 ; 124 ; 16 ; [0.0016682793286465973] ; [1.7040436959473166]
840 ; 102 ; 125 ; 1 ; [0.39423435893517195] ; [0.21556731469684715]
840 ; 102 ; 125 ; 4 ; [0.43493674446733271] ; [0.25592135087055029]
840 ; 102 ; 125 ; 6 ; [1.5412724221717387] ; [0.49878465118862542]
840 ; 102 ; 125 ; 9 ; [0.79326292248243591] ; [0.35167307774933482]
840 ; 102 ; 126 ; 2 ; [0.1805762500406434] ; [1.5758333846325783]
840 ; 102 ; 126 ; 17 ; [1.3080617888941699] ; [0.35911656099202943]
840 ; 102 ; 126 ; 19 ; [3.0347588508122385] ; [3.12644503351303]
840 ; 102 ; 126 ; 20 ; [41.097624146973416] ; [-203.50519779812421]
840 ; 102 ; 126 ; 23 ; [0.41485582811335814] ; [1.5266380062737102]
840 ; 102 ; 126 ; 29 ; [0.74126214395466627] ; [1.5295597021658107]
840 ; 102 ; 126 ; 30 ; [3.0517211930617809] ; [0.65478764675752443]
840 ; 102 ; 127 ; 4 ; [2.0250098132525753] ; [0.96648387715036344]
840 ; 102 ; 127 ; 6 ; [1.9279271794663138] ; [0.89703080359934972]
840 ; 102 ; 129 ; 11 ; [0.73587229509767482] ; [0.5444250907358128]
840 ; 102 ; 130 ; 0 ; [0.041393975292711972, 0.015669492832702036] ; [-0.0053888947385597784, 0.0028140223933772681]
840 ; 102 ; 131 ; 7 ; [0.12591242007128231] ; [0.070698831038424503]
840 ; 102 ; 134 ; 0 ; [0.092825255419140107] ; [0.17082132269227587]
840 ; 102 ; 135 ; 0 ; [0.0500407581834297] ; [0.22286413059353477]
840 ; 102 ; 135 ; 11 ; [28.889511262810963] ; [1.3733724800017979]
840 ; 102 ; 136 ; 9 ; [0.58075071797760647] ; [0.88060518367506191]
840 ; 102 ; 137 ; 0 ; [0.043534532952618929] ; [0.04418507484812853]
840 ; 102 ; 137 ; 1 ; [0.09169223386679573] ; [-0.026497479482930741]
840 ; 102 ; 139 ; 0 ; [0.020990945188819228] ; [0.26786332610236635]
840 ; 102 ; 139 ; 1 ; [0.037494601086574868] ; [0.045974268330039196]
840 ; 102 ; 140 ; 3 ; [0.0036675280372835033] ; [-0.010815694861243756]
840 ; 102 ; 142 ; 0 ; [0.051671451194474083] ; [2.8989426362284356]
840 ; 102 ; 142 ; 2 ; [0.22028338891517563] ; [0.32351470904088397]
840 ; 102 ; 142 ; 16 ; [0.96084509809595908] ; [0.13286369308792242]
840 ; 102 ; 142 ; 18 ; [0.30150721812901843] ; [0.97187067347050615]
840 ; 102 ; 145 ; 0 ; [0.11319827878508898] ; [0.083506644465683094]
840 ; 102 ; 147 ; 1 ; [0.077082687906825945] ; [-0.0050737212522050752]
840 ; 102 ; 147 ; 7 ; [0.97943046948784451] ; [0.96659000948117146]
840 ; 102 ; 149 ; 3 ; [1.4937885569025005] ; [0.6703502604909487]
840 ; 102 ; 149 ; 6 ; [2.0668866619995878] ; [1.7018949465126749]
840 ; 102 ; 149 ; 7 ; [1.8789616634388375] ; [0.65824411498015867]
840 ; 102 ; 149 ; 10 ; [1.0393827406089429] ; [0.91294099582394705]
840 ; 102 ; 149 ; 13 ; [1.0736117545108057] ; [0.87421004957311255]
840 ; 102 ; 149 ; 16 ; [1.4898225263215725] ; [0.82529191934252344]
840 ; 102 ; 149 ; 17 ; [1.203024550381584] ; [0.55390215489871453]
840 ; 102 ; 149 ; 18 ; [2.6071507770386781] ; [0.36112500953778548]
840 ; 102 ; 149 ; 20 ; [1.3358192758551182] ; [1.3050357992709258]
840 ; 102 ; 149 ; 22 ; [3.1850352019041681] ; [2.3518760640879148]
840 ; 102 ; 149 ; 26 ; [1.7189123019967365] ; [0.25618440612489601]
840 ; 102 ; 149 ; 32 ; [3.1412477922188029] ; [1.6628110204147093]
840 ; 102 ; 149 ; 39 ; [1.1457933298411795] ; [0.61749113202210437]
840 ; 102 ; 149 ; 40 ; [2.6836478952866565] ; [0.50625474479026455]
840 ; 102 ; 149 ; 41 ; [1.788249253016394] ; [1.5587041488042159]
840 ; 102 ; 149 ; 42 ; [2.9155604990101698] ; [-0.38478929711407883]
840 ; 102 ; 149 ; 43 ; [1.8236486339085651] ; [0.95951154650318993]
840 ; 102 ; 149 ; 47 ; [1.9787740224585879] ; [1.051679784632457]
840 ; 102 ; 149 ; 48 ; [2.4741995951192517] ; [1.0463403652216128]
840 ; 102 ; 149 ; 56 ; [0.69860271269605145] ; [0.66501019901353031]
840 ; 102 ; 149 ; 57 ; [4.2804331367004034] ; [0.68778968627480219]
840 ; 102 ; 150 ; 0 ; [0.27740179373990936] ; [-0.0065694681273679627]
840 ; 102 ; 150 ; 9 ; [0.67111217835559378] ; [-0.030330225281751597]
840 ; 102 ; 150 ; 18 ; [0.97473305550570666] ; [0.64676691042592971]
840 ; 102 ; 152 ; 1 ; [0.29975383689088231] ; [0.12992296857194277]
840 ; 102 ; 153 ; 0 ; [0.11591776741394527] ; [6.7978939467914614]
840 ; 102 ; 153 ; 6 ; [2.9211656421705028] ; [1.3735356121846831]
840 ; 102 ; 153 ; 7 ; [-0.25226533787025635] ; [2.5494587110103621]
840 ; 102 ; 154 ; 0 ; [1.9197038890873066] ; [-0.12363402417596633]
840 ; 102 ; 154 ; 1 ; [0.32918175322439569] ; [0.46488551416465745]
840 ; 102 ; 155 ; 0 ; [0.50123490731286879] ; [0.28243831852970802]
840 ; 102 ; 156 ; 3 ; [0.66507713151994674] ; [0.54706018099909248]
840 ; 102 ; 156 ; 6 ; [-6.9902975276844952] ; [0.60358812032827036]
840 ; 102 ; 157 ; 0 ; [0.20202785992605854] ; [2.8176307292763059]
840 ; 102 ; 157 ; 1 ; [0.24712567076552316] ; [0.034681543979495223]
840 ; 102 ; 158 ; 1 ; [-0.0025829945610421011] ; [0.15532916480678727]
840 ; 102 ; 158 ; 8 ; [0.15368860789456856] ; [0.23165512905577421]
840 ; 102 ; 158 ; 9 ; [0.33740801575178769] ; [0.5452711013898659]
840 ; 102 ; 161 ; 0 ; [0.064156779096318062] ; [1.8534663697831506]
840 ; 102 ; 162 ; 0 ; [0.55527982678451038] ; [-0.016015969968315807]
840 ; 102 ; 162 ; 5 ; [2.5095074401061139] ; [0.23180760937433817]
840 ; 102 ; 162 ; 6 ; [2.345741678971887] ; [1.1203435925699057]
840 ; 102 ; 162 ; 10 ; [2.4686555579396767] ; [-1.1171088962841114]
840 ; 102 ; 163 ; 5 ; [7.7684345502333834] ; [0.014787485272485008]
840 ; 102 ; 163 ; 9 ; [4.2878587932816039] ; [-0.53786345192268104]
840 ; 102 ; 165 ; 7 ; [0.46518699312942347] ; [0.85845536335240247]
840 ; 102 ; 165 ; 8 ; [0.44881953147964454] ; [0.61055042325176401]
840 ; 102 ; 165 ; 10 ; [0.15988141666036007] ; [0.98609580496303217]
840 ; 102 ; 165 ; 16 ; [1.4039403509513162] ; [1.309409838062453]
840 ; 102 ; 165 ; 21 ; [-0.59455852803987641, 0.32249637833868228] ; [-2.97596679038584, 0.54343782363029247]
840 ; 102 ; 166 ; 1 ; [1.8000603746998012] ; [2.5630693770898807]
840 ; 102 ; 166 ; 12 ; [1.791503635966224] ; [2.2660902586389957]
840 ; 102 ; 167 ; 1 ; [0.016852972093131389] ; [2.0926170846013128]
840 ; 102 ; 167 ; 2 ; [0.15733400846835599] ; [1.6429632178964559]
840 ; 102 ; 167 ; 4 ; [-0.024936411770773756] ; [0.15614994214607145]
840 ; 102 ; 168 ; 0 ; [0.35840145452276545] ; [-0.012347934914337914]
840 ; 102 ; 168 ; 1 ; [-0.0064970970534475522] ; [-0.014367454766656343]
840 ; 102 ; 168 ; 7 ; [-1.0494077283144851] ; [0.040097663359752074]
840 ; 102 ; 169 ; 2 ; [-0.0068346377062407544] ; [0.2001146783794365]
840 ; 102 ; 170 ; 8 ; [0.10861854228014925] ; [0.087029791653615268]
840 ; 102 ; 170 ; 9 ; [-3.4511036069821883] ; [-0.016592898382320677]
840 ; 102 ; 173 ; 9 ; [-2.1359690038054016] ; [1.9688587477437609]
840 ; 102 ; 173 ; 10 ; [0.079253845583508578] ; [0.38744426491824568]
840 ; 102 ; 174 ; 7 ; [0.26426157025796215] ; [1.2200539674655739]
840 ; 102 ; 174 ; 9 ; [0.62067936507358468] ; [-0.51460484529356887]
840 ; 102 ; 174 ; 10 ; [0.57402908192325441] ; [-0.3866972911301283]
840 ; 102 ; 175 ; 0 ; [-0.099404392073395173] ; [0.030977827963105921]
840 ; 102 ; 175 ; 3 ; [-0.012771418046027886] ; [0.10116304293818416]
840 ; 102 ; 176 ; 0 ; [0.42564574736991329] ; [49.089148161884509]
840 ; 102 ; 176 ; 7 ; [2.1784432009860621] ; [0.0033108484950316809]
840 ; 102 ; 176 ; 16 ; [0.17798128516746775] ; [4.6369264212850618]
840 ; 102 ; 176 ; 17 ; [-1.606677389036306] ; [1.5542368785309075]
840 ; 102 ; 178 ; 1 ; [0.61132325249980302] ; [2.3584434340353231]
840 ; 102 ; 178 ; 4 ; [0.61368588673162972] ; [0.2019035151996009]
840 ; 102 ; 178 ; 8 ; [0.31664650531754013] ; [1.0660388723745688]
840 ; 102 ; 178 ; 11 ; [2.1972201851992241] ; [0.24350537797269708]
840 ; 102 ; 178 ; 12 ; [1.4492906402839978] ; [0.072940031218554427]
840 ; 102 ; 178 ; 20 ; [4.2668701671964886] ; [3.9602143820895748]
840 ; 102 ; 178 ; 23 ; [1.3612498541968685] ; [0.24666405933527241]
840 ; 102 ; 178 ; 25 ; [2.5178512143754292] ; [2.0528832250815849]
840 ; 102 ; 179 ; 8 ; [0.18835624670857595] ; [0.44430008701258833]
840 ; 102 ; 179 ; 9 ; [-3.7584194319534352] ; [-0.038309955430620643]
840 ; 102 ; 179 ; 10 ; [0.10915614312270173] ; [0.057021433958693683]
840 ; 102 ; 179 ; 13 ; [37.764687258113184] ; [-0.004062868745679119]
840 ; 102 ; 180 ; 1 ; [-2.0923828163561828] ; [0.0028980968898811321]
840 ; 102 ; 180 ; 4 ; [7.6668352801001323] ; [1.4650551774578124]
840 ; 102 ; 180 ; 7 ; [1.0110868210246569] ; [0.070896467806741567]
840 ; 102 ; 180 ; 9 ; [7.9428976912737772] ; [-0.56083017558436155]
840 ; 102 ; 181 ; 0 ; [1.8433184252326933] ; [0.32736258448072708]
840 ; 102 ; 181 ; 5 ; [0.32728642360063553] ; [1.0841861674653253]
840 ; 102 ; 182 ; 5 ; [0.069690452837811084] ; [-0.72194079618414708]
840 ; 102 ; 183 ; 1 ; [0.51928512146299621] ; [0.33941317192093684]
840 ; 102 ; 185 ; 1 ; [1.7877901598748789] ; [0.061583664453632884]
840 ; 102 ; 186 ; 0 ; [0.27674305941893401] ; [-2.4223513877590159]
840 ; 102 ; 186 ; 6 ; [0.71513822051902431] ; [1.0519594686197047]
840 ; 102 ; 188 ; 2 ; [0.73918539368810787] ; [0.29430213050519749]
840 ; 102 ; 188 ; 6 ; [1.229708973597309] ; [0.18090504057151535]
840 ; 102 ; 188 ; 11 ; [1.6460033408617509] ; [0.69088989322502969]
840 ; 102 ; 188 ; 12 ; [0.44718892904986307] ; [0.50999028703702898]
840 ; 102 ; 188 ; 13 ; [4.0107066194066974] ; [0.46692433213852969]
840 ; 102 ; 188 ; 14 ; [8.2538197393919397] ; [0.53249338280245617]
840 ; 102 ; 188 ; 15 ; [2.2236955707500914] ; [0.07059121473869627]
840 ; 102 ; 188 ; 16 ; [2.891891705596962] ; [0.31567542006949595]
840 ; 102 ; 188 ; 19 ; [2.6835098242974547] ; [-0.0073709647662013782]
840 ; 102 ; 188 ; 20 ; [2.0594351979735883] ; [0.67820835234197874]
840 ; 102 ; 188 ; 25 ; [1.2927595284062294] ; [0.31105942560858574]
840 ; 102 ; 188 ; 28 ; [10.857224953431603] ; [0.76864621329926264]
840 ; 102 ; 188 ; 29 ; [1.5263061041609525] ; [1.114315528315168]
840 ; 102 ; 188 ; 30 ; [1.5852377768424581] ; [0.58378012856488204]
840 ; 102 ; 189 ; 5 ; [0.65304619871664071] ; [0.21949603912490182]
840 ; 102 ; 189 ; 8 ; [0.073556446807152981] ; [0.15066750046071106]
840 ; 102 ; 189 ; 9 ; [1.1809458472697512] ; [0.88989344181074592]
840 ; 102 ; 189 ; 10 ; [0.088479188575415021] ; [0.23248572446663868]
840 ; 102 ; 189 ; 11 ; [0.19754497066227336] ; [0.18631572810117966]
840 ; 102 ; 189 ; 17 ; [1.3261321370349584] ; [0.43090447511531405]
840 ; 102 ; 189 ; 19 ; [2.7811084074121353] ; [2.3826894553654876]
840 ; 102 ; 189 ; 20 ; [1.2516855325856011] ; [0.24281852848135249]
840 ; 102 ; 190 ; 3 ; [9.4214804722438146] ; [0.17965009539808957]
840 ; 102 ; 192 ; 0 ; [0.034436579260668738] ; [0.16725380863553305]
840 ; 102 ; 192 ; 6 ; [-0.022661220904526699] ; [0.24446850131741524]
840 ; 102 ; 193 ; 0 ; [0.12411657779395477] ; [0.088038199321135061]
840 ; 102 ; 193 ; 2 ; [1.6570578771939486] ; [0.24351942559146389]
840 ; 102 ; 193 ; 6 ; [0.65895531911561189] ; [0.36423257666200864]
840 ; 102 ; 193 ; 7 ; [2.7817368526606159] ; [0.73079425430343969]
840 ; 102 ; 193 ; 26 ; [1.5206788196899665] ; [0.77622743998183619]
840 ; 102 ; 193 ; 27 ; [0.21270429646584965] ; [0.039207649869069654]
840 ; 102 ; 193 ; 31 ; [0.39543602362071045] ; [-0.055999462454580616]
840 ; 102 ; 193 ; 36 ; [1.6991558045375579] ; [0.34521947071201975]
840 ; 102 ; 193 ; 37 ; [1.0162416926811253] ; [0.35497325112075062]
840 ; 102 ; 193 ; 53 ; [0.99775179669022018] ; [0.18681348124131641]
840 ; 102 ; 194 ; 15 ; [-12.921224227760923] ; [1.5937828973245525]
840 ; 102 ; 195 ; 0 ; [0.21261531420371085] ; [0.33013512952533669]
840 ; 102 ; 195 ; 8 ; [-0.011113553209232305] ; [0.1246451074957293]
840 ; 102 ; 195 ; 9 ; [0.38640554636219637] ; [0.22139346765309798]
840 ; 102 ; 195 ; 14 ; [1.357723916625009] ; [0.55584240250235839]
840 ; 102 ; 195 ; 15 ; [0.65382011483938107] ; [-0.34431760770460629]
840 ; 102 ; 195 ; 16 ; [0.24244420631689712] ; [0.68426987313971299]
840 ; 102 ; 195 ; 18 ; [1.8371323176922214] ; [0.26230831252051212]
840 ; 102 ; 195 ; 21 ; [2.3387833268177585] ; [0.26836310929605317]
840 ; 102 ; 195 ; 23 ; [0.39139106688652475] ; [1.0725178491546723]
840 ; 102 ; 196 ; 13 ; [0.21043240704773608] ; [0.99827644101392354]
840 ; 102 ; 196 ; 15 ; [0.76822148156468506] ; [0.65132033733114447]
840 ; 102 ; 196 ; 18 ; [0.13667965306428392] ; [1.6503640183072823]
840 ; 102 ; 196 ; 20 ; [-2.5198424674854003] ; [1.0870575215095122]
840 ; 102 ; 197 ; 5 ; [-0.014790666297811365] ; [0.13065331871460281]
840 ; 102 ; 197 ; 10 ; [1.7395911357272513] ; [-0.24883456394486247]
840 ; 102 ; 199 ; 6 ; [0.77031392043747049] ; [0.94321556363091053]
840 ; 102 ; 199 ; 9 ; [1.7111160126796738] ; [5.1895359504657659]
840 ; 102 ; 199 ; 12 ; [2.8040355377009369] ; [0.84334526242676067]
840 ; 102 ; 199 ; 14 ; [1.0083124501222522] ; [1.8603588604705865]
840 ; 102 ; 200 ; 6 ; [0.58190115138361986] ; [0.83695408095844781]
840 ; 102 ; 201 ; 0 ; [2.2126994963225566] ; [1.1698293991730113]
840 ; 102 ; 201 ; 1 ; [1.5763428484672053] ; [0.55284656468953597]
840 ; 102 ; 201 ; 8 ; [0.92703018293625117] ; [1.2191470123861823]
840 ; 102 ; 201 ; 9 ; [1.8242574347008367] ; [1.1957897822191992]
840 ; 102 ; 201 ; 10 ; [0.023132497109830768] ; [1.7421161747959084]
840 ; 102 ; 201 ; 16 ; [0.02985944153091475] ; [2.6565750987936823]
840 ; 102 ; 201 ; 20 ; [1.1120669567703487] ; [0.92711765430249182]
840 ; 102 ; 201 ; 22 ; [0.011456829188570706] ; [1.3273445267355268]
840 ; 102 ; 201 ; 23 ; [0.031801164768053107] ; [1.1641172975055412]
840 ; 102 ; 202 ; 0 ; [6.0682162632869723] ; [0.067473072921912416]
840 ; 102 ; 203 ; 2 ; [-0.36283256133052122] ; [-0.11851339564899217]
840 ; 102 ; 204 ; 3 ; [0.5717941248594981] ; [7.9988330053045535]
840 ; 102 ; 204 ; 19 ; [0.28342351385143455] ; [1.6174709712628976]
840 ; 102 ; 204 ; 21 ; [0.13969411044136346] ; [1.207641631168447]
840 ; 102 ; 205 ; 0 ; [0.88592114984497594] ; [0.41670659938491]
840 ; 102 ; 205 ; 3 ; [0.64619908442626151] ; [1.3135945004280072]
840 ; 102 ; 205 ; 4 ; [4.7620572718736254] ; [0.15108639627126116]
840 ; 102 ; 206 ; 11 ; [1.2606307223020257] ; [2.1177214743803243]
840 ; 102 ; 209 ; 4 ; [0.025288852201792299] ; [0.36303991699597338]
840 ; 102 ; 209 ; 14 ; [9.000389652644639] ; [0.64366119074558759]
840 ; 102 ; 209 ; 15 ; [0.81786472872340465] ; [1.0277650088477772]
840 ; 102 ; 210 ; 0 ; [1.7557279702618684] ; [0.10972995688015982]
840 ; 102 ; 210 ; 10 ; [1.7447212773577236] ; [3.379516316161566]
840 ; 102 ; 210 ; 11 ; [1.7215830014870497] ; [1.8740763813626036]
840 ; 102 ; 210 ; 14 ; [2.2201683588265912, 10.330170674780486] ; [1.3700574306500071, 1.4920160136038698]
840 ; 102 ; 210 ; 16 ; [0.5227567985485253, 1.2569547509628061] ; [1.1895130389831177, 1.9755838403378732]
840 ; 102 ; 210 ; 20 ; [22.957859625720907, 0.57490834101018184] ; [1.0974104686757398, 0.81183794000136555]
840 ; 102 ; 210 ; 24 ; [0.86229200322067534] ; [1.5222022649557758]
840 ; 102 ; 210 ; 31 ; [1.208053266040036] ; [1.0488808504731293]
840 ; 102 ; 210 ; 33 ; [0.50745227483674971] ; [1.504435657760669]
840 ; 102 ; 210 ; 34 ; [2.4822743104916918] ; [1.3729001587753362]
840 ; 102 ; 210 ; 36 ; [1.9009448677725214] ; [1.1307661532386362]
840 ; 102 ; 210 ; 37 ; [0.24226877542340891] ; [1.1369663929790006]
840 ; 102 ; 210 ; 39 ; [2.7456938180236832] ; [2.0135161593342512]
840 ; 102 ; 210 ; 43 ; [1.7433811616462296] ; [0.97156390252500413]
840 ; 102 ; 210 ; 44 ; [0.91548536133220826] ; [1.4648573276232046]
840 ; 102 ; 210 ; 45 ; [8.7417707373581894] ; [1.0499110682972357]
840 ; 102 ; 210 ; 46 ; [1.1929961427922831] ; [1.2193053028605245]
840 ; 102 ; 210 ; 47 ; [1.6729807108666506] ; [1.5556930757136131]
840 ; 102 ; 211 ; 10 ; [-7.7977694135683278] ; [21.375021316403842]
840 ; 102 ; 211 ; 11 ; [0.15951651419405982] ; [1.846649875259154]
840 ; 102 ; 212 ; 0 ; [0.61962450558419535] ; [0.2850335938482525]
840 ; 102 ; 212 ; 2 ; [-0.019255791213827277] ; [0.2117525511553725]
840 ; 102 ; 212 ; 3 ; [0.1353220141198071] ; [2.0093236154773457]
840 ; 102 ; 212 ; 18 ; [1.7388317574984922] ; [0.75596999371284834]
840 ; 102 ; 212 ; 19 ; [2.6694023815584176] ; [1.4886857217757454]
840 ; 102 ; 212 ; 22 ; [2.2624400205304109] ; [1.0709598681042483]
840 ; 102 ; 212 ; 23 ; [4.1636903867812851] ; [2.93321466628369]
840 ; 102 ; 212 ; 24 ; [1.4460498747736683] ; [0.74813715104191159]
840 ; 102 ; 212 ; 33 ; [4.243564432615603] ; [0.12902539923763934]
840 ; 102 ; 213 ; 0 ; [0.10287097148382843] ; [-0.0040657376617547498]
840 ; 102 ; 213 ; 5 ; [0.9088917716061643] ; [0.29189612008638782]
840 ; 102 ; 213 ; 6 ; [-1.1004494325805732] ; [0.008356358659625444]
840 ; 102 ; 215 ; 11 ; [-14.129986987799857] ; [0.32134897243010219]
840 ; 102 ; 215 ; 12 ; [6.0815975610469586] ; [0.66076950452842531]
840 ; 102 ; 215 ; 14 ; [4.2373755412247043] ; [2.0545187925443291]
840 ; 102 ; 216 ; 5 ; [0.41946158791089622] ; [2.4068351926086633]
840 ; 102 ; 216 ; 7 ; [1.6613865558016312] ; [7.6245405163881781]
840 ; 102 ; 216 ; 12 ; [-133.86640895278254] ; [0.51938554359600198]
840 ; 102 ; 216 ; 13 ; [0.40518359217889366] ; [0.5303053689968702]
840 ; 102 ; 217 ; 1 ; [1.6234076847134049] ; [0.056363294363542989]
840 ; 102 ; 217 ; 4 ; [-5.4568568824696451] ; [0.082414033529160685]
840 ; 102 ; 217 ; 6 ; [1.0423799982290156] ; [0.10302280532814501]
840 ; 102 ; 217 ; 8 ; [2.6713352616094159] ; [-0.088431911232017713]
840 ; 102 ; 217 ; 10 ; [5.3681494426940599] ; [0.29305899999118046]
840 ; 102 ; 217 ; 12 ; [0.12102316122160221] ; [0.14006835571659201]
840 ; 102 ; 217 ; 15 ; [-0.53882598166926932] ; [-0.37588376613297131]
840 ; 102 ; 217 ; 16 ; [-3.9134766371116991] ; [-0.36674143432710243]
840 ; 102 ; 218 ; 2 ; [-0.0052784210812209771] ; [0.96260329947862477]
840 ; 102 ; 219 ; 7 ; [0.0057175503178901049] ; [-0.065065021723500135]
840 ; 102 ; 220 ; 0 ; [0.053940229287291766] ; [0.068566094792062451]
840 ; 102 ; 220 ; 10 ; [0.46145055294783094] ; [-0.018752864080881178]
840 ; 102 ; 221 ; 12 ; [0.77472142075775963] ; [2.5891842477364904]
840 ; 102 ; 223 ; 0 ; [0.60301241422690388] ; [2.4941504426581265]
840 ; 102 ; 223 ; 2 ; [0.38641563094029763] ; [0.43082073726860187]
840 ; 102 ; 223 ; 5 ; [0.26144871186931795] ; [-0.2333332852591655]
840 ; 102 ; 223 ; 7 ; [2.5020838433158628] ; [0.81544374864556035]
840 ; 102 ; 224 ; 5 ; [1.3584881952334233] ; [0.4771284643787424]
840 ; 102 ; 224 ; 14 ; [0.11734105429600342] ; [0.06918595793356476]
840 ; 102 ; 224 ; 16 ; [0.014680178794984376] ; [1.0119081705666364]
840 ; 102 ; 225 ; 6 ; [0.62259058966356207] ; [2.7692496247863856]
840 ; 102 ; 225 ; 9 ; [-0.7448790905247048] ; [1.7868720190070113]
840 ; 102 ; 226 ; 2 ; [10.614819907813098] ; [0.45673078104693882]
840 ; 102 ; 226 ; 9 ; [0.092528298682209562] ; [1.2745650595646678]
840 ; 102 ; 227 ; 0 ; [0.27834824857099749] ; [0.69034090772267354]
840 ; 102 ; 227 ; 1 ; [0.25136408838863994] ; [15.883378997348784]
840 ; 102 ; 227 ; 4 ; [0.027945104395286174] ; [-0.025142067504600091]
840 ; 102 ; 227 ; 5 ; [0.10467817642180972] ; [5.2201920095346743]
840 ; 102 ; 227 ; 6 ; [4.2945469160377598] ; [0.07212194895028709]
840 ; 102 ; 227 ; 11 ; [0.53018042346751693] ; [0.99328990426563013]
840 ; 102 ; 229 ; 7 ; [-0.10972911471532551] ; [0.0025998962053124671]
840 ; 102 ; 231 ; 0 ; [0.95951942148388158] ; [0.51253788062231709]
840 ; 102 ; 231 ; 1 ; [1.7371403503950751] ; [-0.028457036715261185]
840 ; 102 ; 231 ; 7 ; [2.0842018861424574] ; [0.66815767565252837]
840 ; 102 ; 231 ; 21 ; [0.21458451453735089] ; [0.46742228031634975]
840 ; 102 ; 231 ; 22 ; [0.080900018191863043] ; [0.4746010366092876]
840 ; 102 ; 231 ; 23 ; [-0.060012019840136613] ; [0.2262076621574575]
840 ; 102 ; 231 ; 27 ; [0.53000369822443161] ; [0.52110661617512444]
840 ; 102 ; 231 ; 38 ; [-0.069006031161538972] ; [0.2826916301013162]
840 ; 102 ; 231 ; 43 ; [0.77594636605823086] ; [1.0381007925853138]
840 ; 102 ; 231 ; 44 ; [0.76212456842089304] ; [0.63973111938338589]
840 ; 102 ; 234 ; 7 ; [0.2156191813026716] ; [0.1191438359146807]
840 ; 102 ; 235 ; 1 ; [1.7329585835942536] ; [2.198772229812445]
840 ; 102 ; 235 ; 11 ; [102.33318812085463] ; [0.77519580570808633]
840 ; 102 ; 236 ; 3 ; [3.0970281163961046] ; [0.54937942224138492]
840 ; 102 ; 236 ; 5 ; [-77.928649735824706] ; [-1.0567359255227236]
840 ; 102 ; 236 ; 6 ; [1.5458010230219434] ; [2.9742654024085722]
840 ; 102 ; 236 ; 8 ; [0.32293314037523396] ; [1.5970795390195136]
840 ; 102 ; 236 ; 12 ; [2.0925445823804618] ; [-0.58798649337798103]
840 ; 102 ; 236 ; 15 ; [0.83243945771734107] ; [1.0241135747561096]
840 ; 102 ; 236 ; 16 ; [-0.092114575344650923] ; [1.3981148027723991]
840 ; 102 ; 236 ; 18 ; [-3.8982033604298181] ; [1.3120869709176342]
840 ; 102 ; 236 ; 19 ; [0.43233600935637967] ; [0.028182585688516681]
840 ; 102 ; 237 ; 4 ; [3.2743199373931104] ; [-0.011350449877950116]
840 ; 102 ; 237 ; 6 ; [0.060195528757188241] ; [0.21700215107227805]
840 ; 102 ; 239 ; 1 ; [2.3769413066851826] ; [0.0045714127782864478]
840 ; 102 ; 239 ; 7 ; [0.014605841156741057] ; [2.0077514756503927]
840 ; 102 ; 239 ; 15 ; [0.070221671421560342] ; [0.20075849543707897]
840 ; 102 ; 239 ; 16 ; [0.46299261593144875] ; [0.093827644402381838]
840 ; 102 ; 239 ; 21 ; [13.805515627063397] ; [0.83402708009933413]
840 ; 102 ; 240 ; 0 ; [0.022818936997394266] ; [0.79488457646554833]
840 ; 102 ; 240 ; 2 ; [0.16661259639267048] ; [1.3683937542071947]
840 ; 102 ; 240 ; 17 ; [-0.039457590810314823] ; [3.6998127711276561]
840 ; 102 ; 241 ; 3 ; [-2.1144130736056912] ; [0.074638783036312981]
840 ; 102 ; 241 ; 7 ; [0.36043617094885366] ; [0.025740032664208427]
840 ; 102 ; 241 ; 12 ; [0.31471584280452186] ; [1.2764460995792817]
840 ; 102 ; 242 ; 2 ; [2.0755827498444965] ; [0.78840856052309871]
840 ; 102 ; 242 ; 5 ; [1.4164713302829728] ; [0.65980384961071592]
840 ; 102 ; 244 ; 0 ; [0.062185249277137394] ; [0.0056016590246104553]
840 ; 102 ; 244 ; 9 ; [3.0042218238230873] ; [0.15059238643263573]
840 ; 102 ; 244 ; 10 ; [-73.77946691794881] ; [-1.9549796749356201]
840 ; 102 ; 246 ; 0 ; [0.16839083408290853] ; [1.0395938361706474]
840 ; 102 ; 247 ; 1 ; [0.26820071857973365] ; [0.84365348884271241]
840 ; 102 ; 247 ; 6 ; [0.92072780121160047] ; [0.10821173426224787]
840 ; 102 ; 247 ; 9 ; [-0.057547526783983817] ; [0.37395589674202701]
840 ; 102 ; 247 ; 10 ; [2.6194711478758181] ; [0.8229077033036104]
840 ; 102 ; 249 ; 12 ; [-1.2420783112339944] ; [0.10155313805253903]
840 ; 102 ; 249 ; 15 ; [1.4066751259820907] ; [0.38179772987682375]
840 ; 102 ; 249 ; 21 ; [0.21983748897117864] ; [0.44938234391520038]
840 ; 102 ; 250 ; 10 ; [0.0038670673636798086] ; [0.048883735303893561]
840 ; 102 ; 252 ; 10 ; [-2.5137220463936076] ; [1.3501166285837147]
840 ; 102 ; 254 ; 0 ; [-0.55224725115464668] ; [0.082423147531185195]
840 ; 102 ; 255 ; 2 ; [0.75042672331251647] ; [-0.040129110975140866]
840 ; 102 ; 255 ; 7 ; [0.24779612739247758] ; [-0.052225222586103334]
840 ; 102 ; 256 ; 0 ; [2.1049885039010485] ; [0.14310942175229965]
840 ; 102 ; 256 ; 1 ; [0.91444915412854844] ; [0.18102225844326791]
840 ; 102 ; 256 ; 5 ; [1.6350902958085922] ; [0.070739917496567828]
840 ; 102 ; 256 ; 6 ; [0.54017910969980987] ; [0.59219675955440321]
840 ; 102 ; 257 ; 0 ; [0.16140238317534938] ; [1.8690835448624845]
840 ; 102 ; 257 ; 1 ; [3.4851634785210086] ; [1.5092320741140106]
840 ; 102 ; 258 ; 13 ; [0.37990254201251317] ; [2.0610791256299694]
840 ; 102 ; 258 ; 23 ; [0.46279220130242449] ; [1.7732775617797716]
840 ; 102 ; 258 ; 25 ; [3.4976324807953634] ; [0.6616338654012357]
840 ; 102 ; 258 ; 27 ; [0.13662511346308304] ; [0.8200216920922232]
840 ; 102 ; 258 ; 29 ; [0.63563492393652954] ; [0.42846329619932966]
840 ; 102 ; 258 ; 31 ; [2.9820549062903794] ; [0.22884488451612275]
840 ; 102 ; 258 ; 32 ; [0.60466746424995665] ; [4.1374613882028539]
840 ; 102 ; 258 ; 34 ; [17.001826652126368] ; [0.28399600319342644]
840 ; 102 ; 261 ; 3 ; [0.018603232609926232] ; [45.899748562438752]
840 ; 102 ; 262 ; 0 ; [0.57954710230895423] ; [0.95644461022926586]
840 ; 102 ; 262 ; 2 ; [0.22886889576135735] ; [0.36095433791954656]
840 ; 102 ; 262 ; 3 ; [0.579982423520639] ; [0.72547701955067712]
840 ; 102 ; 262 ; 4 ; [0.27528885406893056] ; [0.84592416436743623]
840 ; 102 ; 264 ; 13 ; [0.56613094927838292] ; [0.060436029418155582]
840 ; 102 ; 264 ; 16 ; [4.1228971680685813, 1.365093961315581] ; [0.2475723956995361, 1.4818763355163673]
840 ; 102 ; 264 ; 19 ; [1.0591285663911907] ; [1.2908387120321867]
840 ; 102 ; 264 ; 27 ; [2.1158087838096056] ; [0.35709705381645984]
840 ; 102 ; 264 ; 28 ; [1.2328155315534139] ; [2.390311843650144]
840 ; 102 ; 264 ; 29 ; [0.46928093534821891] ; [0.14143391188401172]
840 ; 102 ; 264 ; 30 ; [0.61403339910706922] ; [0.23450867173232665]
840 ; 102 ; 264 ; 33 ; [0.34547289459836739] ; [0.42521400028192352]
840 ; 102 ; 264 ; 36 ; [0.19945205824660453] ; [0.20039919098483952]
840 ; 102 ; 264 ; 37 ; [0.18206180468717331] ; [0.19419561443125213]
840 ; 102 ; 264 ; 38 ; [0.94356888452695686] ; [0.2415819802674733]
840 ; 102 ; 264 ; 39 ; [0.93228620983657695] ; [0.40991109316691837]
840 ; 102 ; 265 ; 7 ; [4.8225191221657289] ; [-0.024993748735124676]
840 ; 102 ; 266 ; 4 ; [1.1490206228279303] ; [0.67514805488642271]
840 ; 102 ; 266 ; 5 ; [0.96769755472481966] ; [0.68297495674662922]
840 ; 102 ; 266 ; 14 ; [0.37196153412191707] ; [0.95761166887060989]
840 ; 102 ; 266 ; 21 ; [0.40215064581177218] ; [1.0415663082134978]
840 ; 102 ; 266 ; 22 ; [0.65175849360122462] ; [1.7658068122543462]
840 ; 102 ; 266 ; 24 ; [1.4911794541517476] ; [1.3231674542364951]
840 ; 102 ; 266 ; 26 ; [1.6155072016023808] ; [0.24539898682854222]
840 ; 102 ; 266 ; 28 ; [0.56188482618917268] ; [1.8687497988017838]
840 ; 102 ; 266 ; 29 ; [6.9197444069133907] ; [1.3045998990699534]
840 ; 102 ; 266 ; 31 ; [0.7367558730889191] ; [0.50964908927350916]
840 ; 102 ; 266 ; 32 ; [0.60118914591004768] ; [1.8883321640761987]
840 ; 102 ; 266 ; 34 ; [0.95108770558589817] ; [0.17878826433254408]
840 ; 102 ; 266 ; 35 ; [6.5675175886311212] ; [1.9456917453129885]
840 ; 102 ; 266 ; 41 ; [2.7444133347920991] ; [2.0996792101635822]
840 ; 102 ; 266 ; 43 ; [0.64033345380291073] ; [0.94622841356760723]
840 ; 102 ; 266 ; 54 ; [0.92329280831861815] ; [0.45390506983835027]
840 ; 102 ; 266 ; 56 ; [1.1402038812445725] ; [2.6108367274812161]
840 ; 102 ; 266 ; 58 ; [0.64626349318929954] ; [2.29342336782245]
840 ; 102 ; 266 ; 59 ; [1.6622670000938653] ; [0.45811290607466015]
840 ; 102 ; 266 ; 60 ; [0.88205588639254295] ; [0.43105667787635948]
840 ; 102 ; 266 ; 61 ; [1.3371572805310794] ; [1.4988059220021586]
840 ; 102 ; 266 ; 62 ; [1.316690025368052] ; [0.60718998714570516]
840 ; 102 ; 268 ; 1 ; [8.0037988705528758] ; [1.2431293982887235]
840 ; 102 ; 268 ; 3 ; [0.45519086859474595] ; [1.1110592394523187]
840 ; 102 ; 268 ; 11 ; [0.58529955208917206] ; [0.028261012762216188]
840 ; 102 ; 268 ; 16 ; [2.2421258376129045] ; [0.72484375363317866]
840 ; 102 ; 269 ; 18 ; [0.094065109849653841] ; [0.75053596839982306]
840 ; 102 ; 269 ; 19 ; [-0.29360512674392136] ; [0.9893458129445668]
840 ; 102 ; 269 ; 24 ; [0.3795637861802898] ; [0.31382470505873272]
840 ; 102 ; 270 ; 3 ; [1.4826262310841261] ; [1.6303614129460813]
840 ; 102 ; 270 ; 12 ; [10.726039790628695] ; [1.2078221777899096]
840 ; 102 ; 270 ; 16 ; [0.59722109138503721] ; [0.029110961885525897]
840 ; 102 ; 270 ; 17 ; [0.69374859315050885] ; [0.2866122793591081]
840 ; 102 ; 270 ; 18 ; [-16.438923832612023] ; [2.270669499713283]
840 ; 102 ; 270 ; 22 ; [1.7362362188632834] ; [4.0013424534011017]
840 ; 102 ; 270 ; 24 ; [4.4937318880708679] ; [0.79273851287371466]
840 ; 102 ; 270 ; 28 ; [0.37996612412410757] ; [2.050537574171273]
840 ; 102 ; 270 ; 30 ; [-100.96791244712314] ; [1.001954798219022]
840 ; 102 ; 270 ; 31 ; [7.0108240360371816] ; [0.55049598525431487]
840 ; 102 ; 271 ; 11 ; [1.0423740593190916] ; [61.144183992107202]
840 ; 102 ; 273 ; 0 ; [0.46027413561287084] ; [0.14021605748687846]
840 ; 102 ; 273 ; 13 ; [0.39749957046127415] ; [0.77721763220577]
840 ; 102 ; 273 ; 18 ; [2.3845835228142276] ; [1.3849948404399799]
840 ; 102 ; 273 ; 19 ; [1.1371694847367053] ; [0.22926069132701937]
840 ; 102 ; 275 ; 0 ; [0.87574638624219669] ; [0.15584410138887486]
840 ; 102 ; 275 ; 8 ; [2.4948076845225553] ; [0.46658525521397343]
840 ; 102 ; 275 ; 13 ; [1.1218524041167404] ; [3.0959400989503858]
840 ; 102 ; 275 ; 18 ; [0.47986903602440611] ; [1.6836305060772463]
840 ; 102 ; 275 ; 19 ; [3.4670687043514237] ; [3.1538408619972285]
840 ; 102 ; 275 ; 20 ; [3.0010426611511587] ; [0.79387736610877913]
840 ; 102 ; 275 ; 27 ; [1.895672871555687] ; [0.28978397457558058]
840 ; 102 ; 275 ; 39 ; [1.2103719297508067] ; [0.72490661457890149]
840 ; 102 ; 276 ; 1 ; [-4.9894620173371473, 0.24961552300281065] ; [11.79957866723336, -0.085109615217525775]
840 ; 102 ; 278 ; 0 ; [-0.050782523931157682] ; [0.048300266508119388]
840 ; 102 ; 278 ; 10 ; [1.0003523299025743] ; [1.5302259497512012]
840 ; 102 ; 278 ; 17 ; [2.487100530893041] ; [0.23530424999524882]
840 ; 102 ; 279 ; 3 ; [-0.56139297481900141] ; [0.21826075928759142]
840 ; 102 ; 280 ; 5 ; [0.73696663870713341] ; [0.91508870843456425]
840 ; 102 ; 280 ; 9 ; [0.16696312330933816] ; [1.0695441727549235]
840 ; 102 ; 280 ; 19 ; [9.6943935799520116] ; [1.8658029428335288]
840 ; 102 ; 280 ; 20 ; [11.129937938801513] ; [0.64130552534246243]
840 ; 102 ; 280 ; 27 ; [0.59654836720128668] ; [0.46961245180111133]
840 ; 102 ; 280 ; 28 ; [1.1858351385254988] ; [5.5454911918592931]
840 ; 102 ; 280 ; 29 ; [4.1416424125072222] ; [2.0098324143391357]
840 ; 102 ; 280 ; 36 ; [2.2618994687740814] ; [6.1521557207072988]
840 ; 102 ; 280 ; 37 ; [0.81837013907368716] ; [1.0681830703323487]
840 ; 102 ; 280 ; 41 ; [4.0941546838198546] ; [0.78083657071731016]
840 ; 102 ; 282 ; 6 ; [0.54619305624804371] ; [0.56079602691161146]
840 ; 102 ; 282 ; 10 ; [0.61058419939600306] ; [2.3887007834631442]
840 ; 102 ; 283 ; 0 ; [0.2362111500721078] ; [0.49009149807791319]
840 ; 102 ; 283 ; 4 ; [0.52760405144787814] ; [0.46691588121454264]
840 ; 102 ; 283 ; 5 ; [0.42925366215545563] ; [0.21547351669345821]
840 ; 102 ; 283 ; 7 ; [0.86343541144042846] ; [-105.73728777701001]
840 ; 102 ; 283 ; 11 ; [0.64429015197283512] ; [1.5398570713168511]
840 ; 102 ; 284 ; 0 ; [0.87845212805880923] ; [0.007793595432125688]
840 ; 102 ; 284 ; 2 ; [0.42530793685947654] ; [-0.014689024391405332]
840 ; 102 ; 284 ; 5 ; [0.058863178994288827] ; [0.17730311483232278]
840 ; 102 ; 285 ; 10 ; [3.5079629786686772] ; [0.85449685507473327]
840 ; 102 ; 286 ; 1 ; [0.42419295841849797] ; [0.075510621168569853]
840 ; 102 ; 286 ; 3 ; [0.91363301193033519] ; [0.084288203265378822]
840 ; 102 ; 286 ; 4 ; [10.266886282017087] ; [0.32018269620796436]
840 ; 102 ; 286 ; 7 ; [0.27314670690923726] ; [1.0517049568608405]
840 ; 102 ; 286 ; 10 ; [1.4174756506160573] ; [1.8422193955831743]
840 ; 102 ; 288 ; 14 ; [5.8828785676508115] ; [0.064433668546588649]
840 ; 102 ; 289 ; 4 ; [0.3066885512586518] ; [0.081652225493645106]
840 ; 102 ; 289 ; 6 ; [0.47898485968638355] ; [0.57391967832561219]
840 ; 102 ; 289 ; 12 ; [0.24902353123138876] ; [0.43890377398950881]
840 ; 102 ; 289 ; 15 ; [0.31955536754983604] ; [0.16838528828877933]
840 ; 102 ; 289 ; 18 ; [3.200351611906092] ; [2.7433441224619615]
840 ; 102 ; 289 ; 21 ; [2.3298369537508643] ; [0.046465894341912721]
840 ; 102 ; 289 ; 22 ; [5.3666288967651328] ; [0.93647138725091095]
840 ; 102 ; 290 ; 7 ; [0.29672174491897463] ; [-0.046868741375216481]
840 ; 102 ; 290 ; 8 ; [0.038074838909478367] ; [0.012283730891778975]
840 ; 102 ; 291 ; 6 ; [4.4574714792765873] ; [0.55037585473373063]
840 ; 102 ; 291 ; 12 ; [0.89553802978583885] ; [0.56040659494801237]
840 ; 102 ; 291 ; 14 ; [1.3656476085977103] ; [1.7969005917034238]
840 ; 102 ; 293 ; 0 ; [0.084250512587766238] ; [0.065645016038199999]
840 ; 102 ; 294 ; 0 ; [0.71028037339868244] ; [0.24804402235233206]
840 ; 102 ; 294 ; 14 ; [2.1978639200684977] ; [0.017540660986728226]
840 ; 102 ; 295 ; 0 ; [0.013660878347016434] ; [-16.407017089022016]
840 ; 102 ; 296 ; 0 ; [0.13749061183455777] ; [0.089310025004078988]
840 ; 102 ; 296 ; 2 ; [1.5109734048403849] ; [0.062875231705208909]
840 ; 102 ; 296 ; 5 ; [0.18809796349327265] ; [0.23072418933285729]
840 ; 102 ; 296 ; 7 ; [1.0507960301301704] ; [1.788060406687872]
840 ; 102 ; 296 ; 8 ; [8.7828257908568901] ; [1.6856309905751858]
840 ; 102 ; 296 ; 10 ; [0.19281962043286291] ; [-1.9871112843658483]
840 ; 102 ; 296 ; 12 ; [1.3027350645806943] ; [-4.0154296144665267]
840 ; 102 ; 297 ; 2 ; [0.29928426556374205] ; [-0.016298317663910822]
840 ; 102 ; 297 ; 5 ; [0.22021910934177813] ; [0.12624944693100076]
840 ; 102 ; 297 ; 15 ; [0.12828192106758354] ; [0.018539960579302146]
840 ; 102 ; 297 ; 16 ; [-1.0642987107142665] ; [2.0649583435948009]
840 ; 102 ; 298 ; 0 ; [0.05406947546091033] ; [0.022445745365708324]
840 ; 102 ; 299 ; 8 ; [1.6244667645342306] ; [0.8633590751993081]
840 ; 102 ; 299 ; 10 ; [4.2387975998906384] ; [11.259239229787784]
840 ; 102 ; 299 ; 14 ; [1.6359081395786612] ; [0.71647733914736045]
840 ; 102 ; 299 ; 16 ; [2.2147551469483031] ; [1.6587482039613395]
840 ; 102 ; 299 ; 19 ; [0.062636756077037156] ; [0.76582037019852556]
840 ; 102 ; 299 ; 20 ; [0.12961376589021145] ; [1.1206796084736124]
840 ; 102 ; 300 ; 2 ; [2.5513909303580982] ; [-1.9037775349770822]
840 ; 102 ; 300 ; 4 ; [2.0426669372570081] ; [0.74107800172716964]
840 ; 102 ; 300 ; 5 ; [-2.7404508776571679] ; [-0.41111722589311311]
840 ; 102 ; 300 ; 6 ; [10.701394592549084] ; [4.4791616916924699]
840 ; 102 ; 300 ; 7 ; [2.263853750479615] ; [2.3647374735413487]
840 ; 102 ; 300 ; 8 ; [-2.5774994056440725] ; [-0.40231176892462356]
840 ; 102 ; 300 ; 11 ; [-0.0772824017369656] ; [3.1883124655453536]
840 ; 102 ; 300 ; 12 ; [-0.44696707029989841] ; [0.54479229502530446]
840 ; 102 ; 301 ; 0 ; [0.53626370349504704] ; [0.36069398726829]
840 ; 102 ; 301 ; 6 ; [0.47468059720465533] ; [0.1456126912686064]
840 ; 102 ; 301 ; 11 ; [0.39639086004895274] ; [1.0036198376360494]
840 ; 102 ; 302 ; 13 ; [0.48410276844429612] ; [0.15683540897273773]
840 ; 102 ; 303 ; 6 ; [4.4357844183968895] ; [-0.018038125104349712]
840 ; 102 ; 304 ; 0 ; [7.3974070846878579] ; [0.28588471371097274]
840 ; 102 ; 304 ; 2 ; [0.21245452401174372] ; [0.57762995536925688]
840 ; 102 ; 305 ; 0 ; [1.0964538112509663] ; [0.32385596481328027]
840 ; 102 ; 306 ; 0 ; [-0.16840331895322994] ; [0.14408342478409031]
840 ; 102 ; 307 ; 13 ; [0.20949868139843378] ; [0.18055890912499373]
840 ; 102 ; 307 ; 15 ; [0.17833555288277306] ; [0.87350876438722214]
840 ; 102 ; 307 ; 16 ; [-0.01608960656800805] ; [0.20951042077767335]
840 ; 102 ; 307 ; 17 ; [2.7574320722106069] ; [1.1978081875788018]
840 ; 102 ; 308 ; 2 ; [0.25558250230374835] ; [-0.018832411035659843]
840 ; 102 ; 309 ; 0 ; [0.0016464113291504566] ; [0.10337108841580631]
840 ; 102 ; 309 ; 1 ; [1.0976252750265361] ; [0.61388018312739634]
840 ; 102 ; 309 ; 5 ; [1.5683302461571973] ; [0.45527372481852096]
840 ; 102 ; 310 ; 0 ; [13.434621366591349] ; [0.00069398344285678186]
840 ; 102 ; 311 ; 4 ; [4.2635899189757005] ; [0.043327360664184932]
840 ; 102 ; 311 ; 8 ; [1.6904963165575386] ; [0.89221999045257239]
840 ; 102 ; 311 ; 9 ; [0.51980263650737213] ; [0.69502162853778438]
840 ; 102 ; 311 ; 10 ; [0.71899473108467138] ; [0.67425455708176396]
840 ; 102 ; 311 ; 16 ; [0.091337473380484743] ; [2.0737362960270529]
840 ; 102 ; 311 ; 18 ; [3.2957150736676524] ; [1.361966101847965]
840 ; 102 ; 311 ; 19 ; [0.73285199453899452] ; [3.312202011152118]
840 ; 102 ; 311 ; 21 ; [3.2122894784357121] ; [0.13433199817635066]
840 ; 102 ; 311 ; 22 ; [0.64666029279547554] ; [0.84143487474509537]
840 ; 102 ; 311 ; 25 ; [0.93655555517168476] ; [0.18730063638083991]
840 ; 102 ; 311 ; 26 ; [13.509695507377842] ; [9.4795767708273342]
840 ; 102 ; 311 ; 28 ; [1.015142908248031] ; [0.83516065537211392]
840 ; 102 ; 311 ; 32 ; [2.2066743448483597] ; [2.359946401848557]
840 ; 102 ; 312 ; 6 ; [0.12606400465811188] ; [2.6447628854225429]
840 ; 102 ; 313 ; 0 ; [0.20565266283057179] ; [0.56045755893345006]
840 ; 102 ; 313 ; 17 ; [0.0092436826512145524] ; [-0.22151202959237776]
840 ; 102 ; 313 ; 18 ; [0.51205922662468772] ; [-0.31044165340622865]
840 ; 102 ; 314 ; 7 ; [0.56697341091503606] ; [5.3348864221244412]
840 ; 102 ; 317 ; 8 ; [0.51917178851214563] ; [1.4433283418135976]
840 ; 102 ; 317 ; 11 ; [0.70943183120449294] ; [1.7149743357918841]
840 ; 102 ; 317 ; 13 ; [1.0888092896892017] ; [0.27189246565938485]
840 ; 102 ; 317 ; 15 ; [1.0332587741514641] ; [1.6946142825964006]
840 ; 102 ; 317 ; 21 ; [0.68526095414183141] ; [1.1993067425125794]
840 ; 102 ; 317 ; 22 ; [0.60160076007073326] ; [1.2264146369171292]
840 ; 102 ; 319 ; 1 ; [0.59991286960008317] ; [0.6238429414086395]
840 ; 102 ; 319 ; 9 ; [-0.33295072742898851] ; [0.088429253255287568]
840 ; 102 ; 319 ; 22 ; [-8.4543265558087395] ; [3.3399402197406998]
840 ; 102 ; 320 ; 0 ; [0.14095230820660137] ; [0.26349606961284644]
840 ; 102 ; 322 ; 0 ; [1.0998669279173376] ; [0.78945051447356096]
840 ; 102 ; 322 ; 18 ; [52.368573071802437] ; [0.71090389286646161]
840 ; 102 ; 323 ; 1 ; [0.080902071601388181] ; [0.48442952234514952]
840 ; 102 ; 323 ; 3 ; [0.1282492386515178] ; [2.5972237929267852]
840 ; 102 ; 323 ; 6 ; [-0.82938706515320848] ; [0.10296854371405052]
840 ; 102 ; 323 ; 9 ; [0.34087353922012675] ; [0.2265680418425898]
840 ; 102 ; 323 ; 10 ; [0.31061248636908656] ; [0.92709623887191983]
840 ; 102 ; 324 ; 0 ; [0.13901307886164657] ; [0.0076018684186637377]
840 ; 102 ; 327 ; 0 ; [1.7264870158173744] ; [0.43585646829999969]
840 ; 102 ; 328 ; 7 ; [0.21210303547540044] ; [0.19884104326806204]
840 ; 102 ; 328 ; 9 ; [3.7199493641706569] ; [0.20442374677555983]
840 ; 102 ; 328 ; 12 ; [0.45217875063586538] ; [0.43822354025635074]
840 ; 102 ; 329 ; 3 ; [0.133156359283055] ; [0.12234879978566721]
840 ; 102 ; 329 ; 8 ; [0.060708105696525336] ; [1.0637137931227736]
840 ; 102 ; 329 ; 9 ; [0.0012957548689961596] ; [0.72659148969313281]
840 ; 102 ; 329 ; 11 ; [0.45381877704837431] ; [-0.24115147665985115]
840 ; 102 ; 329 ; 12 ; [-1.8028224212171262] ; [0.36301690643643958]
840 ; 102 ; 331 ; 8 ; [0.11085118489861247] ; [0.095036706502171858]
840 ; 102 ; 331 ; 15 ; [3.0455478342772757] ; [-0.27470076468246829]
840 ; 102 ; 332 ; 10 ; [1.1904770953488704] ; [0.537546506269449]
840 ; 102 ; 332 ; 11 ; [1.0377072156262992] ; [1.9953650594514758]
840 ; 102 ; 332 ; 15 ; [2.0987256291256697] ; [0.93795337504886289]
840 ; 102 ; 332 ; 16 ; [2.0293709631145362] ; [1.0617157447104493]
840 ; 102 ; 332 ; 17 ; [0.68031123387609882] ; [0.056573677575064076]
840 ; 102 ; 333 ; 14 ; [-0.1916883588279723] ; [1.32512316606509]
840 ; 102 ; 333 ; 16 ; [1.5853824778418806] ; [1.7684683033709261]
840 ; 102 ; 334 ; 14 ; [0.60085507474221778] ; [-0.1349613425995955]