# Run ; Subrun ; Event ; Track ; Charge Ratios View 0 ; Charge Ratios View 1 #
840 ; 100 ; 0 ; 6 ; [1.2531651904137215] ; [0.47754553324874183]
840 ; 100 ; 0 ; 7 ; [0.10096509414403207] ; [-0.064148231773653822]
840 ; 100 ; 0 ; 8 ; [0.041761884846520159] ; [0.44113226214565743]
840 ; 100 ; 0 ; 12 ; [0.09268222562501803] ; [-0.17016759631297992]
840 ; 100 ; 2 ; 0 ; [0.56151560522832777] ; [0.16573229086670829]
840 ; 100 ; 3 ; 1 ; [-0.020987073869772652] ; [2.0877774408404033]
840 ; 100 ; 3 ; 10 ; [0.86143781871726743] ; [0.70756150306907872]
840 ; 100 ; 4 ; 0 ; [0.17773722149188162] ; [0.2195579202069772]
840 ; 100 ; 4 ; 1 ; [0.74782892415137503] ; [0.14342104614272297]
840 ; 100 ; 4 ; 2 ; [0.15987692835401121] ; [2.0191702761140764]
840 ; 100 ; 5 ; 0 ; [0.031690022151958229] ; [0.051603896801067237]
840 ; 100 ; 6 ; 13 ; [0.39892628308189437] ; [0.59438181129211654]
840 ; 100 ; 6 ; 14 ; [0.81154695474255323] ; [1.4587571437591567]
840 ; 100 ; 7 ; 0 ; [0.26213709361737292, 0.45156631697232336] ; [0.28243539786887589, 0.32068020730515012]
840 ; 100 ; 8 ; 0 ; [8.819575949361866, 2.7507960128942033] ; [0.095313786285845331, 0.060990993067591016]
840 ; 100 ; 8 ; 7 ; [0.47126546894422033] ; [1.2618343957746911]
840 ; 100 ; 9 ; 13 ; [-0.060612683337735576] ; [0.54117470580972649]
840 ; 100 ; 9 ; 14 ; [3.7311575635127565] ; [-28.593668853546475]
840 ; 100 ; 10 ; 0 ; [-0.00071954268487842111, 0.045349921640557289] ; [0.17653021478037223, 0.21803435556615444]
840 ; 100 ; 10 ; 3 ; [0.35296228175075217] ; [0.010065678511879665]
840 ; 100 ; 11 ; 0 ; [1.5406708430900704] ; [0.17385251207258501]
840 ; 100 ; 11 ; 8 ; [-0.0046846593433444699] ; [6.8464449975068895]
840 ; 100 ; 11 ; 10 ; [0.35016290578673942] ; [95.946223917282836]
840 ; 100 ; 12 ; 0 ; [0.25879465110602523, 0.16687963081343227] ; [0.25043833809220856, 0.1127762919144312]
840 ; 100 ; 12 ; 2 ; [0.16797280708087664] ; [-0.016987387439530873]
840 ; 100 ; 13 ; 0 ; [0.36846930361923658] ; [8.3011004808538686]
840 ; 100 ; 13 ; 1 ; [0.58943948502788546] ; [0.20771889776123953]
840 ; 100 ; 13 ; 6 ; [0.2438650050756784] ; [4.0008334841134987]
840 ; 100 ; 13 ; 9 ; [0.85425532220773959] ; [-0.90329567912719477]
840 ; 100 ; 14 ; 0 ; [0.60751914951267671] ; [4.5604268119569369]
840 ; 100 ; 14 ; 5 ; [0.14325626465816055] ; [8.8252367407560417]
840 ; 100 ; 14 ; 8 ; [0.54922838444918864] ; [1.1598598335988934]
840 ; 100 ; 15 ; 0 ; [0.22254331102496827] ; [0.22415210290557736]
840 ; 100 ; 16 ; 0 ; [3.485677073568533] ; [0.17458795185818168]
840 ; 100 ; 16 ; 1 ; [0.76136885310600222] ; [0.056528755713689281]
840 ; 100 ; 16 ; 2 ; [0.22684437302058033] ; [7.0105345339379896]
840 ; 100 ; 16 ; 10 ; [1.2498254264776869] ; [2.4730632257221981]
840 ; 100 ; 16 ; 13 ; [0.47296621985850656] ; [4.9452054187297518]
840 ; 100 ; 16 ; 14 ; [-0.0043257109172440671] ; [0.2265867406601258]
840 ; 100 ; 16 ; 16 ; [0.80760983754236626] ; [1.4553442806011052]
840 ; 100 ; 16 ; 20 ; [1.8207446449235163] ; [0.18518695025903711]
840 ; 100 ; 16 ; 21 ; [0.34424535246496035] ; [2.3516377512977136]
840 ; 100 ; 16 ; 24 ; [16.485237013854064] ; [0.068935840419115837]
840 ; 100 ; 17 ; 0 ; [4.3075020925291794] ; [-0.022913352754585319]
840 ; 100 ; 18 ; 0 ; [0.014301916439801957] ; [0.03226487735310108]
840 ; 100 ; 18 ; 3 ; [0.16333775167978734] ; [3.6668349990235636]
840 ; 100 ; 18 ; 4 ; [1.3211833003853617] ; [0.018230193778394781]
840 ; 100 ; 18 ; 7 ; [0.0044112350846498699] ; [2.1440221871980412]
840 ; 100 ; 18 ; 10 ; [0.76215160536950322] ; [1.4505584305904493]
840 ; 100 ; 19 ; 4 ; [0.28323404421580461] ; [0.041845347958991995]
840 ; 100 ; 20 ; 0 ; [0.805333306514744] ; [0.12222700689712609]
840 ; 100 ; 21 ; 8 ; [2.739127550964322] ; [0.070743804619546394]
840 ; 100 ; 21 ; 9 ; [0.21056957857165184] ; [2.9621676607738343]
840 ; 100 ; 21 ; 12 ; [-0.0039538855287045921] ; [0.070684113876980384]
840 ; 100 ; 22 ; 0 ; [0.18769190204058997] ; [0.16254797025208442]
840 ; 100 ; 23 ; 0 ; [0.56814405827320857] ; [0.62363646708604303]
840 ; 100 ; 23 ; 1 ; [0.11659173164138294] ; [0.19563916538603332]
840 ; 100 ; 25 ; 0 ; [0.22889567884257958] ; [0.2058063414434286]
840 ; 100 ; 25 ; 1 ; [0.12494422514958278, 0.45237863544460399] ; [0.41328543135880991, 0.19768582445450072]
840 ; 100 ; 25 ; 2 ; [0.31400962541435118] ; [0.44921562566596335]
840 ; 100 ; 25 ; 3 ; [0.35630798056032847] ; [0.069890615363846956]
840 ; 100 ; 25 ; 7 ; [0.24439012004938032] ; [0.52829628385874439]
840 ; 100 ; 25 ; 8 ; [5.8414261582227978] ; [0.46894803061531454]
840 ; 100 ; 25 ; 9 ; [0.30920425042065863] ; [1.7505374466471035]
840 ; 100 ; 25 ; 10 ; [0.03305748887512909] ; [0.25818275904628196]
840 ; 100 ; 26 ; 1 ; [-22.197045678968259] ; [0.35425809859674706]
840 ; 100 ; 27 ; 0 ; [0.20664228979768867] ; [7.1598111493609373]
840 ; 100 ; 27 ; 1 ; [0.22316908773466304] ; [6.4419421484458166]
840 ; 100 ; 28 ; 0 ; [0.029115699640149359] ; [0.073237161473909601]
840 ; 100 ; 28 ; 3 ; [0.29859590323254359] ; [1.3395089963175986]
840 ; 100 ; 28 ; 7 ; [0.29248084063100216] ; [2.3587197216470188]
840 ; 100 ; 28 ; 9 ; [-43.937571811926084] ; [-0.40477720204051115]
840 ; 100 ; 28 ; 13 ; [0.5722693815006088] ; [1.2792484006201579]
840 ; 100 ; 29 ; 0 ; [0.65380035426047789] ; [-0.0479297015946753]
840 ; 100 ; 29 ; 1 ; [1.765925917698224] ; [0.061314445787683872]
840 ; 100 ; 29 ; 6 ; [5.4181465452032365] ; [1.68795997434418]
840 ; 100 ; 30 ; 4 ; [0.12966330354981365, 0.78993969485615656] ; [1.6590031231519704, 0.96530944224679227]
840 ; 100 ; 30 ; 6 ; [1.0594267255306533] ; [2.1941371459107226]
840 ; 100 ; 30 ; 10 ; [-36.309532646071204] ; [0.72576859779135805]
840 ; 100 ; 30 ; 12 ; [0.79079756371467813] ; [0.44035736072032411]
840 ; 100 ; 30 ; 15 ; [-0.027729080350358464] ; [0.3017412739958279]
840 ; 100 ; 30 ; 19 ; [0.87082681693303154] ; [0.86297116660638695]
840 ; 100 ; 30 ; 21 ; [1.4514512459301858] ; [0.69687629951704266]
840 ; 100 ; 30 ; 22 ; [2.4883889482089776] ; [1.192369018169487]
840 ; 100 ; 30 ; 23 ; [-102.73398058695183] ; [1.3029243641922537]
840 ; 100 ; 30 ; 24 ; [1.8932096863401542] ; [2.6758482718987917]
840 ; 100 ; 30 ; 26 ; [0.4500966755630304] ; [0.68356118205239125]
840 ; 100 ; 30 ; 27 ; [1.0238178829604463] ; [0.4990868527624589]
840 ; 100 ; 30 ; 31 ; [26.389071997179137] ; [0.40799608819891664]
840 ; 100 ; 30 ; 32 ; [10.739014278381589] ; [0.51749458170767837]
840 ; 100 ; 30 ; 35 ; [1.2086218631971795] ; [1.4533658539853211]
840 ; 100 ; 30 ; 36 ; [2.0303674561930758] ; [0.65794707153399201]
840 ; 100 ; 30 ; 41 ; [0.29339545352647761] ; [0.4929450271137118]
840 ; 100 ; 30 ; 43 ; [0.24130751778552578] ; [0.76457973849192362]
840 ; 100 ; 30 ; 44 ; [2.4487628301041715] ; [0.99002423400901118]
840 ; 100 ; 30 ; 45 ; [0.9257904619206333] ; [2.6809673282237307]
840 ; 100 ; 30 ; 47 ; [2.0304113209684167] ; [0.18217108127475085]
840 ; 100 ; 30 ; 54 ; [0.83902332530648616] ; [2.3620296044690074]
840 ; 100 ; 31 ; 0 ; [0.070873163559416932] ; [0.25973537724122653]
840 ; 100 ; 31 ; 9 ; [0.012866097269163625] ; [1.3505927937950419]
840 ; 100 ; 32 ; 0 ; [0.04585066167503983] ; [0.14929908272712533]
840 ; 100 ; 32 ; 1 ; [1.4527401052097295] ; [0.30176724363082175]
840 ; 100 ; 32 ; 2 ; [0.27019122640873494] ; [0.15364365324415094]
840 ; 100 ; 32 ; 4 ; [0.31640124135965364] ; [-1.0581260359123998]
840 ; 100 ; 33 ; 0 ; [0.14892398010971677, 0.59227784985622234] ; [0.1452506718620781, 0.036886666070106065]
840 ; 100 ; 33 ; 1 ; [1.9575532384120227, -3.2010741051149627] ; [0.65172456415593927, 2.2477697416128088]
840 ; 100 ; 33 ; 4 ; [1.004812219105] ; [-19.34272318993904]
840 ; 100 ; 33 ; 6 ; [1.8066484878554769] ; [-0.36203470058158294]
840 ; 100 ; 33 ; 8 ; [5.6206037876512402] ; [4.48528569804329]
840 ; 100 ; 33 ; 10 ; [4.1775713948328406] ; [2.3225142789506723]
840 ; 100 ; 33 ; 11 ; [1.7630218692029709] ; [-0.085245039328230465]
840 ; 100 ; 33 ; 12 ; [57.39590341053114] ; [5.3650019371828188]
840 ; 100 ; 33 ; 15 ; [0.75051043108076065] ; [2.4547720443965475]
840 ; 100 ; 33 ; 16 ; [17.542157077576601] ; [2.2931825722635484]
840 ; 100 ; 33 ; 17 ; [1.0128580888520282] ; [7.1783261240667064]
840 ; 100 ; 33 ; 19 ; [12.566878452518708] ; [2.7022988474431]
840 ; 100 ; 33 ; 20 ; [94.526764480860692] ; [2.5417320897664579]
840 ; 100 ; 34 ; 0 ; [0.61686084095121951] ; [0.066558027934736919]
840 ; 100 ; 34 ; 4 ; [1.3548524488765352] ; [-4.5170153659202743]
840 ; 100 ; 35 ; 0 ; [0.20905448018806636] ; [0.18685210942210348]
840 ; 100 ; 35 ; 4 ; [0.2519983521830681] ; [0.058099979933519647]
840 ; 100 ; 36 ; 0 ; [0.2736157470039145] ; [0.32594513772954514]
840 ; 100 ; 36 ; 4 ; [0.0096463964915102628] ; [74.582931980315607]
840 ; 100 ; 36 ; 5 ; [-0.23502116952092841] ; [2.489279800644574]
840 ; 100 ; 36 ; 6 ; [0.41894277662738877] ; [0.15218324881938056]
840 ; 100 ; 36 ; 9 ; [3.8380049849285811] ; [7.1010038061625531]
840 ; 100 ; 36 ; 10 ; [-1.1421253918017207] ; [3.6624140538443726]
840 ; 100 ; 36 ; 12 ; [3.5999634107971934] ; [-28.304904657012283]
840 ; 100 ; 36 ; 13 ; [2.9616104834751509] ; [1.6615272955628662]
840 ; 100 ; 36 ; 14 ; [2.6596387338093392] ; [16.044092600934679]
840 ; 100 ; 36 ; 15 ; [6.5606239622912064] ; [1.0548110655432272]
840 ; 100 ; 37 ; 7 ; [0.43910917543694844] ; [1.1968933123926873]
840 ; 100 ; 38 ; 1 ; [65.001605834493205] ; [0.17707361684071896]
840 ; 100 ; 38 ; 5 ; [102.05210901325194] ; [3.0591550960950689]
840 ; 100 ; 38 ; 6 ; [0.1936391097234291] ; [21.665337280998866]
840 ; 100 ; 39 ; 0 ; [2.0033677012141595] ; [0.94385012555098458]
840 ; 100 ; 39 ; 1 ; [1.3244034149183805] ; [1.1633225343099052]
840 ; 100 ; 39 ; 2 ; [0.026919886821648083] ; [0.3839662548471095]
840 ; 100 ; 39 ; 3 ; [1.9624343705061069] ; [0.68592282671041682]
840 ; 100 ; 39 ; 7 ; [1.1979900422456011] ; [0.54975923610912969]
840 ; 100 ; 41 ; 0 ; [6.6144334441338328] ; [2.86419320072658]
840 ; 100 ; 41 ; 5 ; [5.6351196298328947] ; [0.88543345915053939]
840 ; 100 ; 42 ; 0 ; [1.6376038684483807] ; [0.69717937767606974]
840 ; 100 ; 42 ; 4 ; [0.3340751786611475] ; [0.62562467593197579]
840 ; 100 ; 42 ; 8 ; [1.013201920710441] ; [1.1094096050254805]
840 ; 100 ; 42 ; 9 ; [3.3343043929702025] ; [2.1704743722859945]
840 ; 100 ; 42 ; 10 ; [1.2641176276912964] ; [1.0199719941595746]
840 ; 100 ; 42 ; 11 ; [0.93364598649659536] ; [1.6357509954367828]
840 ; 100 ; 42 ; 15 ; [2.9467201392124798] ; [1.0659195532536598]
840 ; 100 ; 42 ; 16 ; [0.06279001884405902] ; [1.211905201562619]
840 ; 100 ; 42 ; 18 ; [3.2132262875522368] ; [2.3927319905225599]
840 ; 100 ; 42 ; 21 ; [1.0720381186470351] ; [4.5964568734705278]
840 ; 100 ; 42 ; 23 ; [1.7226863220620234] ; [0.94245903254450625]
840 ; 100 ; 42 ; 25 ; [2.3029033659024001] ; [0.77506054110929123]
840 ; 100 ; 42 ; 26 ; [1.6294123009131432] ; [0.74187040237604707]
840 ; 100 ; 42 ; 27 ; [1.6790334091842134] ; [0.84880733006934139]
840 ; 100 ; 43 ; 0 ; [0.099956141085473446] ; [0.20010493902070942]
840 ; 100 ; 44 ; 3 ; [5.4165712749765333] ; [0.68054800367947654]
840 ; 100 ; 44 ; 7 ; [0.010111642548840331] ; [18.912506870017811]
840 ; 100 ; 45 ; 0 ; [0.47516274288610294] ; [0.09745230697268055]
840 ; 100 ; 45 ; 1 ; [1.210682177415642, 0.80392682251740744] ; [0.55971193302990285, 0.7278610772618519]
840 ; 100 ; 45 ; 2 ; [3.3090394662964409] ; [0.35222519593798973]
840 ; 100 ; 45 ; 17 ; [1.569957125119648] ; [0.44376643341780414]
840 ; 100 ; 46 ; 0 ; [0.76793401277902784] ; [6.0805078720889707]
840 ; 100 ; 46 ; 2 ; [0.91016934679895467] ; [1.7040517141838669]
840 ; 100 ; 46 ; 4 ; [0.71829765124633105] ; [1.4562337940221812]
840 ; 100 ; 46 ; 5 ; [2.5212280003842058] ; [-0.035947227104384125]
840 ; 100 ; 47 ; 0 ; [4.6891866134520628, 1.3108569639802139] ; [0.097158139525324164, 0.18861078725974295]
840 ; 100 ; 47 ; 1 ; [0.71022945218962064] ; [1.5227492793092274]
840 ; 100 ; 47 ; 2 ; [2.1805553987196045] ; [1.0622388048076317]
840 ; 100 ; 47 ; 11 ; [2.8015207312042252] ; [1.8690283516497019]
840 ; 100 ; 47 ; 12 ; [0.63512705767229882] ; [1.8186485940240769]
840 ; 100 ; 47 ; 13 ; [1.2063390989510172] ; [0.94155625283219291]
840 ; 100 ; 47 ; 14 ; [1.329499696393353] ; [4.1941388563042077]
840 ; 100 ; 47 ; 16 ; [0.38679745694506529] ; [2.7115020911264982]
840 ; 100 ; 47 ; 18 ; [4.0153441845308837] ; [1.8998536606536391]
840 ; 100 ; 47 ; 19 ; [2.1665629413506102] ; [0.79710381293255772]
840 ; 100 ; 47 ; 20 ; [1.5494810350566173] ; [1.8018901962135674]
840 ; 100 ; 47 ; 21 ; [6.0120344652196787] ; [1.5021869040210678]
840 ; 100 ; 47 ; 23 ; [2.0608427057664338] ; [0.30522051439707665]
840 ; 100 ; 47 ; 26 ; [0.57030268787619498] ; [1.3285572987216319]
840 ; 100 ; 48 ; 4 ; [0.21855157919269894, 0.011890781778198726] ; [-0.21968019438206207, 0.61303711143000661]
840 ; 100 ; 48 ; 7 ; [0.42065941494278436] ; [12.590836789798757]
840 ; 100 ; 49 ; 0 ; [0.18371059684683505] ; [0.16048061434706309]
840 ; 100 ; 49 ; 1 ; [0.78540328054977837] ; [1.0369174840753363]
840 ; 100 ; 49 ; 2 ; [1.0152658953103824] ; [1.1471328088007824]
840 ; 100 ; 49 ; 3 ; [0.3309520060811863] ; [0.031627380947985798]
840 ; 100 ; 50 ; 0 ; [0.014823836983402039] ; [0.17531866077683347]
840 ; 100 ; 51 ; 0 ; [0.26454413480393757] ; [0.1550728454460748]
840 ; 100 ; 51 ; 1 ; [0.18055008131363218, 0.1504819680501075] ; [0.083741188168891173, 0.056524804313271448]
840 ; 100 ; 51 ; 3 ; [0.16875606154700218] ; [1.2922905299750784]
840 ; 100 ; 52 ; 1 ; [35.290477688521904] ; [3.2542556015424746]
840 ; 100 ; 53 ; 0 ; [1.5111026701135897] ; [0.24732014010688855]
840 ; 100 ; 54 ; 0 ; [0.19271368383406193, 0.13525906441357402] ; [0.084442917644530116, 0.36139825374971302]
840 ; 100 ; 54 ; 1 ; [1.2196273032997491] ; [0.096204819702465486]
840 ; 100 ; 54 ; 2 ; [0.57630066963190496] ; [0.18111720168630069]
840 ; 100 ; 54 ; 4 ; [0.1020506924046049] ; [0.50948151279248777]
840 ; 100 ; 54 ; 8 ; [0.43185765118603342] ; [1.3437409531633149]
840 ; 100 ; 54 ; 18 ; [0.88516270133568742] ; [0.62488242690577411]
840 ; 100 ; 55 ; 4 ; [0.35162831233465786] ; [2.3066194539809088]
840 ; 100 ; 55 ; 7 ; [7.4922333662258653] ; [0.4546121729254376]
840 ; 100 ; 55 ; 9 ; [1.3988642659618222] ; [1.0179460068393353]
840 ; 100 ; 55 ; 15 ; [1.8720213869361431] ; [0.27970809513600281]
840 ; 100 ; 55 ; 17 ; [5.6953190723420093] ; [2.7375686478654138]
840 ; 100 ; 55 ; 21 ; [2.6445299764989998] ; [0.62586198650485647]
840 ; 100 ; 55 ; 24 ; [0.056761338476184878] ; [2.019118479232703]
840 ; 100 ; 55 ; 25 ; [4.0273333303361811] ; [2.5139793218074207]
840 ; 100 ; 55 ; 26 ; [2.1451233135871273] ; [2.4232638587980255]
840 ; 100 ; 55 ; 27 ; [0.031682081699777202] ; [0.55472600262972938]
840 ; 100 ; 55 ; 29 ; [3.4370876147252329] ; [-2.3590602433391807]
840 ; 100 ; 55 ; 32 ; [34.507957830702438] ; [0.098280827883811636]
840 ; 100 ; 56 ; 4 ; [0.69335019552505273] ; [-0.00037360332480499444]
840 ; 100 ; 56 ; 6 ; [0.51960046988248243] ; [0.44446622622955129]
840 ; 100 ; 56 ; 7 ; [0.16361655496682084] ; [0.80122480288774056]
840 ; 100 ; 57 ; 1 ; [0.29640260918979916] ; [0.26608116391849468]
840 ; 100 ; 57 ; 5 ; [0.19005501329068913] ; [0.18067865300870695]
840 ; 100 ; 57 ; 15 ; [1.3284426473828068] ; [0.4515219326065178]
840 ; 100 ; 57 ; 18 ; [0.70340857907426224, 0.12903173850354388] ; [0.48060650010725731, 0.08085609724364004]
840 ; 100 ; 58 ; 3 ; [1.4057260085939638] ; [1.311004781572247]
840 ; 100 ; 58 ; 7 ; [0.74266234278217114] ; [0.86576095738869363]
840 ; 100 ; 58 ; 8 ; [2.4398517766714023] ; [1.1650891642015135]
840 ; 100 ; 58 ; 9 ; [3.6455874335037595] ; [0.70422285603144408]
840 ; 100 ; 59 ; 0 ; [-0.0031428374504887404, 0.049772103658947006] ; [0.19670858821619225, -0.10866558123593383]
840 ; 100 ; 60 ; 0 ; [0.11645599388187476] ; [0.1191273498282998]
840 ; 100 ; 60 ; 3 ; [1.1402643022348014] ; [-0.063728037224412518]
840 ; 100 ; 60 ; 8 ; [0.043790382272314972] ; [0.8422114354009409]
840 ; 100 ; 61 ; 0 ; [0.013744206939186597] ; [0.019872967665543501]
840 ; 100 ; 61 ; 6 ; [-0.00097359174015615988] ; [-0.07299387054210249]
840 ; 100 ; 62 ; 0 ; [0.20705577627935506] ; [0.085554145750686136]
840 ; 100 ; 63 ; 0 ; [0.14348617454323956] ; [5.49406942196938]
840 ; 100 ; 64 ; 0 ; [0.20205107516949347, 0.21553500005922141, 0.29746395013955185] ; [0.15245017017371287, 0.19645112845520801, 0.15688056592681104]
840 ; 100 ; 65 ; 1 ; [0.80543603360677951] ; [0.48692346824805338]
840 ; 100 ; 65 ; 6 ; [389.42893145341884] ; [0.24715344974703218]
840 ; 100 ; 65 ; 9 ; [32.470743683771751] ; [0.9638989598555302]
840 ; 100 ; 65 ; 10 ; [0.5051810429803143] ; [0.12283341716708995]
840 ; 100 ; 65 ; 13 ; [0.095071939796421354] ; [0.59714839586457769]
840 ; 100 ; 65 ; 14 ; [0.039356579428174505] ; [1.2502721590368719]
840 ; 100 ; 66 ; 0 ; [0.31895798178629736] ; [0.49830846309279447]
840 ; 100 ; 66 ; 1 ; [0.7065800513809225] ; [1.4656198415767707]
840 ; 100 ; 66 ; 4 ; [3.7617600294263447] ; [1.3138463085939498]
840 ; 100 ; 66 ; 5 ; [0.77998463101296889] ; [1.8390455820396845]
840 ; 100 ; 66 ; 8 ; [0.87609026558033309] ; [0.49237126982010115]
840 ; 100 ; 67 ; 2 ; [0.43137679001749696] ; [-0.13689582106648621]
840 ; 100 ; 68 ; 0 ; [1.0253736615292535] ; [0.012328213141412376]
840 ; 100 ; 68 ; 1 ; [0.15852428777029837] ; [1.3087317463404606]
840 ; 100 ; 68 ; 2 ; [0.2179186486637866] ; [0.26337359892804707]
840 ; 100 ; 68 ; 7 ; [2.8254642607791585] ; [1.3387790331619311]
840 ; 100 ; 68 ; 9 ; [74.234156016503348] ; [0.030482808897574151]
840 ; 100 ; 68 ; 20 ; [1.3831391578338577] ; [0.42238602621822297]
840 ; 100 ; 68 ; 26 ; [0.35511375172318449] ; [2.3154177310273023]
840 ; 100 ; 68 ; 27 ; [3.0807479753731766] ; [0.84151553641894616]
840 ; 100 ; 68 ; 29 ; [0.10604941694096869] ; [0.48779915673628554]
840 ; 100 ; 69 ; 0 ; [-0.23698825353731276] ; [0.59571564599607396]
840 ; 100 ; 69 ; 1 ; [1.4975327105840615] ; [1.2050337645583544]
840 ; 100 ; 69 ; 2 ; [0.64232485686219076] ; [0.99785220810744824]
840 ; 100 ; 69 ; 7 ; [0.39670712400535318] ; [0.43492657748711361]
840 ; 100 ; 69 ; 9 ; [-1.5209259696362418] ; [0.20964289624625448]
840 ; 100 ; 69 ; 10 ; [-1.8186491904248967] ; [-0.57020963360104648]
840 ; 100 ; 69 ; 11 ; [-0.77218167350340516] ; [0.4817800117422868]
840 ; 100 ; 69 ; 12 ; [0.11482375800060513] ; [0.21375019700818851]
840 ; 100 ; 70 ; 1 ; [1.1455746069538424] ; [2.7473562402724485]
840 ; 100 ; 70 ; 4 ; [0.54393899983839611] ; [1.3338994385945488]
840 ; 100 ; 70 ; 5 ; [2.7775572086178579] ; [0.12714827064474937]
840 ; 100 ; 72 ; 1 ; [0.38830906116417863] ; [0.26177987507825473]
840 ; 100 ; 72 ; 3 ; [0.45882928935252515] ; [1.5771094749711192]
840 ; 100 ; 72 ; 6 ; [11.556452500497416] ; [0.9020081264415486]
840 ; 100 ; 72 ; 12 ; [-15.167833971634055] ; [1.9273996401882898]
840 ; 100 ; 73 ; 1 ; [0.54260448759831148] ; [0.062037848128929471]
840 ; 100 ; 73 ; 4 ; [0.78735964888043919] ; [1.3284847059935352]
840 ; 100 ; 74 ; 3 ; [0.091818004380959078] ; [1.4831860565525605]
840 ; 100 ; 74 ; 4 ; [3.8684702871073746] ; [3.0744847822231356]
840 ; 100 ; 75 ; 1 ; [0.14203093163164693] ; [0.4214910017696778]
840 ; 100 ; 76 ; 0 ; [2.347563987570823] ; [0.15589975737380932]
840 ; 100 ; 76 ; 1 ; [9.6191886719424637] ; [0.23234515602418762]
840 ; 100 ; 76 ; 2 ; [2.8982074851121955] ; [1.6179955445582588]
840 ; 100 ; 76 ; 4 ; [0.1591502743248826] ; [0.17618439204690625]
840 ; 100 ; 76 ; 5 ; [1.3328098844905618] ; [0.26217008526972263]
840 ; 100 ; 76 ; 8 ; [6.8101114212395295] ; [2.3591177134625392]
840 ; 100 ; 78 ; 0 ; [0.854310378352096] ; [0.0013077708103070528]
840 ; 100 ; 79 ; 0 ; [0.58430011703847073] ; [0.26452251724097736]
840 ; 100 ; 79 ; 3 ; [0.23270973109552076] ; [2.4022370927392953]
840 ; 100 ; 79 ; 7 ; [0.48356965205321389] ; [1.4992205423992873]
840 ; 100 ; 79 ; 14 ; [3.3719879170286826] ; [1.0269896636785192]
840 ; 100 ; 79 ; 19 ; [5.0624760244010325] ; [3.7038092060552614]
840 ; 100 ; 79 ; 20 ; [2.7829583564430522] ; [6.0775736885432163]
840 ; 100 ; 79 ; 22 ; [0.045729042369751248] ; [0.44574620908912027]
840 ; 100 ; 79 ; 24 ; [0.021406892031036441] ; [0.16618036881827167]
840 ; 100 ; 79 ; 26 ; [0.49893644372608303] ; [0.81777244136467619]
840 ; 100 ; 79 ; 28 ; [0.18667886362068006] ; [0.92621919685469523]
840 ; 100 ; 79 ; 33 ; [0.42696903876483827] ; [3.9652213144712998]
840 ; 100 ; 81 ; 1 ; [0.050120398466760842, 0.14241389510942631] ; [0.026807881079892029, 0.47188907322115675]
840 ; 100 ; 81 ; 3 ; [0.013274387858577045] ; [0.31754254920746194]
840 ; 100 ; 82 ; 3 ; [0.044615144579843537] ; [0.089523378746464585]
840 ; 100 ; 83 ; 10 ; [0.054233298692886213] ; [3.0745582455810729]
840 ; 100 ; 84 ; 2 ; [1.5838713875156261, 1.9752883539958859] ; [1.953051146106894, 1.1517147479099235]
840 ; 100 ; 84 ; 8 ; [1.8427494805427997] ; [0.76288264768644598]
840 ; 100 ; 84 ; 9 ; [0.69060370110578906] ; [1.8535765595490978]
840 ; 100 ; 84 ; 12 ; [2.7401696000382287] ; [1.6188990655128674]
840 ; 100 ; 84 ; 13 ; [1.7727524881476655] ; [1.1188432365090322]
840 ; 100 ; 84 ; 14 ; [1.2630839357826633] ; [1.564215638269703]
840 ; 100 ; 84 ; 15 ; [1.4836451502246728] ; [1.1208544134485179]
840 ; 100 ; 84 ; 16 ; [2.0809375512250132] ; [2.5451215272272298]
840 ; 100 ; 84 ; 17 ; [1.5849893845419616] ; [0.5106870500982682]
840 ; 100 ; 84 ; 31 ; [1.6236455600728044] ; [1.1393612540445393]
840 ; 100 ; 85 ; 0 ; [0.091624717301013334, 0.15660719202332382, 0.041792599004187504] ; [0.1998854540997286, 0.22877677391052401, 0.035394317925461688]
840 ; 100 ; 85 ; 2 ; [0.088342210610663052] ; [0.20723553698062935]
840 ; 100 ; 86 ; 5 ; [0.98843585005726631] ; [0.88232206700398641]
840 ; 100 ; 86 ; 6 ; [0.70099927032310327] ; [1.1695593229221501]
840 ; 100 ; 86 ; 11 ; [2.1764431155141835] ; [1.9372874496550678]
840 ; 100 ; 86 ; 13 ; [0.89731859134445024] ; [0.16864104451565134]
840 ; 100 ; 86 ; 15 ; [0.48744847252260703] ; [1.4576571411158832]
840 ; 100 ; 86 ; 16 ; [0.69343682777897431] ; [0.47336492862414908]
840 ; 100 ; 86 ; 17 ; [0.58072195812723293] ; [1.8438280731291969]
840 ; 100 ; 86 ; 18 ; [2.3958023153413772] ; [13.197232483455284]
840 ; 100 ; 86 ; 20 ; [1.6950193498660409] ; [2.0776074993111884]
840 ; 100 ; 86 ; 22 ; [0.71077127801187245] ; [2.9235254814566787]
840 ; 100 ; 86 ; 28 ; [0.99271852777486991] ; [2.881597596702731]
840 ; 100 ; 86 ; 29 ; [1.7942687686032837] ; [0.92553950851873712]
840 ; 100 ; 86 ; 31 ; [5.4577314714748244] ; [0.8537375674645562]
840 ; 100 ; 86 ; 36 ; [1.887374528567989] ; [0.56624354028273338]
840 ; 100 ; 86 ; 38 ; [3.9352050324789767] ; [0.87570854952720079]
840 ; 100 ; 88 ; 2 ; [0.43163782258574807] ; [4.3443953070649473]
840 ; 100 ; 89 ; 0 ; [0.35196833530643507] ; [0.70960054399888073]
840 ; 100 ; 89 ; 2 ; [14.848552701913626] ; [2.1633913648774685]
840 ; 100 ; 89 ; 3 ; [1.9449582864545629] ; [1.7134490242740033]
840 ; 100 ; 89 ; 4 ; [4.8065355863456229] ; [1.9640531455629155]
840 ; 100 ; 89 ; 5 ; [8.4339256081940235] ; [0.21227345715223409]
840 ; 100 ; 89 ; 9 ; [1.8794653216050756] ; [0.48669186387471136]
840 ; 100 ; 89 ; 13 ; [1.1807461689138075] ; [1.6155811165544514]
840 ; 100 ; 89 ; 16 ; [0.10598574940690893] ; [0.4327571357353347]
840 ; 100 ; 89 ; 17 ; [14.343374953409455] ; [4.2321185525857423]
840 ; 100 ; 89 ; 18 ; [1.4599189949131481] ; [1.584536877479759]
840 ; 100 ; 89 ; 19 ; [0.92494719850573426] ; [2.3079995575878938]
840 ; 100 ; 89 ; 21 ; [1.7382267310696013] ; [3.2015523218622883]
840 ; 100 ; 89 ; 25 ; [1.8004002416485514] ; [0.72404367546385462]
840 ; 100 ; 89 ; 27 ; [-1.3896948797452755] ; [4.2498465723494938]
840 ; 100 ; 90 ; 0 ; [-0.00058104428352229436] ; [0.10121213824691928]
840 ; 100 ; 90 ; 2 ; [0.5355013282508998] ; [0.042214727910965373]
840 ; 100 ; 90 ; 3 ; [-0.015255171622269218] ; [0.0012970555496959609]
840 ; 100 ; 90 ; 5 ; [0.10357627124154561] ; [0.12510816546885836]
840 ; 100 ; 90 ; 6 ; [0.1448314578193696] ; [0.11184870802079698]
840 ; 100 ; 91 ; 0 ; [0.010964430102979547] ; [0.082779190268129674]
840 ; 100 ; 91 ; 1 ; [-0.50931640447404469] ; [0.050348573097412898]
840 ; 100 ; 91 ; 2 ; [0.00048370849698009728] ; [-2.0204867023190873]
840 ; 100 ; 91 ; 10 ; [-0.00063683089872089416] ; [0.55021930950508746]
840 ; 100 ; 91 ; 12 ; [0.031710151364258414] ; [0.3326978849899086]
840 ; 100 ; 92 ; 0 ; [0.14871005495859643, 0.061364307552917136] ; [0.22718887948682029, 0.013145621241537226]
840 ; 100 ; 92 ; 1 ; [0.3186736290296267] ; [0.51433593245318165]
840 ; 100 ; 92 ; 4 ; [0.26289936693554927] ; [-0.2218918548014317]
840 ; 100 ; 94 ; 1 ; [-4.105751296752258] ; [0.037661744662975165]
840 ; 100 ; 94 ; 2 ; [3.3784859206521243] ; [1.746405086965507]
840 ; 100 ; 95 ; 0 ; [-0.01634359153945808, 0.052819328194080979] ; [0.098703430843594689, -0.0045018258868228635]
840 ; 100 ; 95 ; 1 ; [0.10664657574260139] ; [-0.036249567374428013]
840 ; 100 ; 95 ; 2 ; [0.66963744344427034] ; [0.051382989537720143]
840 ; 100 ; 96 ; 0 ; [0.44096764585692699] ; [0.47802655720173221]
840 ; 100 ; 96 ; 2 ; [0.54676717134386554] ; [0.96870007291441895]
840 ; 100 ; 96 ; 5 ; [0.36225907579736721] ; [0.22969940973921493]
840 ; 100 ; 96 ; 11 ; [1.4307804370260011] ; [1.2980448486586373]
840 ; 100 ; 97 ; 1 ; [0.91389513251969279] ; [0.56644697335786065]
840 ; 100 ; 97 ; 6 ; [1.6405118019069462] ; [1.1386273126700508]
840 ; 100 ; 97 ; 9 ; [0.70432029791018302] ; [1.1327340988515138]
840 ; 100 ; 98 ; 0 ; [0.017542051481620115] ; [0.17901374635164996]
840 ; 100 ; 99 ; 0 ; [0.032412077098913521] ; [6.7760786897922989]
840 ; 100 ; 99 ; 12 ; [1.6990865664575892] ; [0.091015447050266221]
840 ; 100 ; 100 ; 0 ; [2.2601613496171544] ; [0.58318859485337615]
840 ; 100 ; 100 ; 1 ; [0.31452814273206964] ; [0.18398663065674656]
840 ; 100 ; 100 ; 3 ; [0.29287842677043707] ; [1.6894086172138163]
840 ; 100 ; 100 ; 10 ; [0.63621043889750728] ; [0.60127024588371647]
840 ; 100 ; 100 ; 14 ; [2.4072492675312653] ; [2.2196881987461343]
840 ; 100 ; 100 ; 16 ; [23.334259776155807] ; [4.7031687187027842]
840 ; 100 ; 101 ; 0 ; [0.47401658866587187] ; [0.73397766061293201]
840 ; 100 ; 101 ; 3 ; [0.80231408565608919] ; [8.9891414379888719]
840 ; 100 ; 101 ; 4 ; [0.001741613878929172] ; [1.7770167086390185]
840 ; 100 ; 101 ; 6 ; [0.0002630695954205057] ; [0.68076255401184338]
840 ; 100 ; 102 ; 0 ; [4.0731174602054958] ; [0.31418438512044417]
840 ; 100 ; 102 ; 2 ; [0.1499253340373648] ; [0.46588064708447202]
840 ; 100 ; 102 ; 6 ; [1.3064189368816306] ; [1.6540737950730684]
840 ; 100 ; 102 ; 8 ; [1.0227618544444477] ; [1.6671840106247331]
840 ; 100 ; 102 ; 9 ; [0.021605286018296178] ; [1.3505003852915085]
840 ; 100 ; 102 ; 10 ; [1.2954399134445536] ; [2.2431963779260644]
840 ; 100 ; 102 ; 12 ; [1.7054832524482628] ; [0.56177724647263161]
840 ; 100 ; 102 ; 13 ; [11.589665971982519] ; [1.9899786490510079]
840 ; 100 ; 102 ; 17 ; [13.435206872029186] ; [2.7665935993746582]
840 ; 100 ; 102 ; 18 ; [6.1958269952066329] ; [0.20667042183275761]
840 ; 100 ; 104 ; 0 ; [0.015904287751049875, -0.018241751568746543, 0.16623771804150908] ; [0.11576910738397557, 0.23142854359455051, 0.18301176361072363]
840 ; 100 ; 104 ; 1 ; [0.64254179877590578] ; [-0.0126199547070999]
840 ; 100 ; 104 ; 2 ; [0.14763289348263139] ; [0.0069517408132792093]
840 ; 100 ; 104 ; 6 ; [0.05167521522283855] ; [-0.0056153389171349627]
840 ; 100 ; 105 ; 0 ; [0.028910466692415603] ; [4.1511998827919507]
840 ; 100 ; 105 ; 2 ; [0.24782842827493287] ; [0.18375878038204174]
840 ; 100 ; 107 ; 0 ; [0.50879033797992357] ; [0.072507453063119454]
840 ; 100 ; 107 ; 1 ; [1.1215191404556319] ; [0.43581992832789035]
840 ; 100 ; 107 ; 3 ; [0.97355764641083609] ; [0.98106599434258412]
840 ; 100 ; 107 ; 9 ; [0.70823491243108394] ; [1.9150159130326876]
840 ; 100 ; 107 ; 10 ; [0.5998356449885367] ; [1.6900977258844296]
840 ; 100 ; 107 ; 15 ; [0.066220381988269475] ; [1.4941320616930918]
840 ; 100 ; 108 ; 0 ; [1.6257317148335284, 0.40137392787968801] ; [0.24809905702752616, 0.50789475280220753]
840 ; 100 ; 108 ; 1 ; [0.29987689572471637] ; [0.42642957072570137]
840 ; 100 ; 110 ; 0 ; [0.60443599320876285] ; [0.28187040671742242]
840 ; 100 ; 110 ; 2 ; [6.8208850608186973] ; [1.2548954565640325]
840 ; 100 ; 110 ; 15 ; [2.440777166711515] ; [10.258439823508896]
840 ; 100 ; 110 ; 21 ; [0.17061333592591549] ; [-0.16525407802364894]
840 ; 100 ; 111 ; 0 ; [0.38754260993924877, 0.81587745230366515] ; [0.044527010804342973, 0.21879326544661873]
840 ; 100 ; 111 ; 1 ; [0.56223563506939078] ; [0.42624746566785526]
840 ; 100 ; 111 ; 2 ; [0.45143207394659962] ; [0.41665253180654865]
840 ; 100 ; 111 ; 3 ; [10.335319065309029] ; [0.28577166065279969]
840 ; 100 ; 111 ; 7 ; [1.1702108862098963] ; [0.21665835278274664]
840 ; 100 ; 111 ; 18 ; [0.44833380993580119] ; [2.0370223794410376]
840 ; 100 ; 111 ; 24 ; [0.66306570711930701] ; [0.84742580427799663]
840 ; 100 ; 111 ; 25 ; [0.36688936099584812] ; [1.9328329686509667]
840 ; 100 ; 111 ; 37 ; [0.89498789981080051] ; [0.17710198745567232]
840 ; 100 ; 111 ; 38 ; [0.31950986147329352] ; [0.53646771702161822]
840 ; 100 ; 111 ; 39 ; [0.78481102854374585] ; [1.1368960618835957]
840 ; 100 ; 112 ; 0 ; [0.13562833773386057] ; [3.0769812586328307]
840 ; 100 ; 112 ; 1 ; [0.043991723094617796] ; [0.35399420130538867]
840 ; 100 ; 113 ; 0 ; [0.65336074675840783] ; [0.13837956126259338]
840 ; 100 ; 113 ; 1 ; [0.72912862897826825] ; [-0.016079942906987426]
840 ; 100 ; 113 ; 2 ; [0.58244859908071045] ; [0.33341175184408967]
840 ; 100 ; 113 ; 3 ; [1.1239582273058542] ; [0.74212020026935488]
840 ; 100 ; 114 ; 0 ; [0.30817320995599345] ; [0.17764254232085092]
840 ; 100 ; 114 ; 1 ; [0.44090437875909488] ; [0.69870369479279804]
840 ; 100 ; 114 ; 4 ; [0.73269078141760413] ; [1.2280740092291977]
840 ; 100 ; 114 ; 9 ; [0.33420285394085425] ; [2.4494201629712906]
840 ; 100 ; 114 ; 10 ; [1.5208555719019208] ; [2.4907204486657792]
840 ; 100 ; 114 ; 11 ; [0.28026919872660533] ; [1.6964339501181576]
840 ; 100 ; 114 ; 12 ; [1.4158314894270645] ; [0.29495698271490861]
840 ; 100 ; 114 ; 15 ; [0.54337054230288795] ; [3.2536004417256885]
840 ; 100 ; 114 ; 19 ; [0.36736486151620706] ; [0.39696248712602916]
840 ; 100 ; 114 ; 21 ; [0.38042850104842085] ; [1.1271101194182946]
840 ; 100 ; 114 ; 22 ; [0.045662920747355826] ; [0.58936681857911932]
840 ; 100 ; 115 ; 2 ; [1.9921597049237536] ; [1.7974498907834366]
840 ; 100 ; 116 ; 0 ; [0.72345241719134235] ; [0.56270112488513602]
840 ; 100 ; 117 ; 0 ; [1.0829151175364617, 2.6642797126076561] ; [0.36087863020341887, 0.70425021618451944]
840 ; 100 ; 117 ; 1 ; [0.72866135125017473] ; [0.77417660098208829]
840 ; 100 ; 117 ; 2 ; [14.313648608747997] ; [1.0356703364625379]
840 ; 100 ; 118 ; 0 ; [0.096884277121620982, 0.11224125929577181, 0.054370721629271271] ; [0.23940839181080409, 0.13767521887074771, 0.021721282799890804]
840 ; 100 ; 120 ; 1 ; [0.058534527061698781] ; [0.11898942479604079]
840 ; 100 ; 122 ; 0 ; [-0.012235839991532792] ; [0.13442440638490868]
840 ; 100 ; 122 ; 1 ; [11.562359041256549] ; [-0.40112575014757051]
840 ; 100 ; 122 ; 5 ; [0.0078496889772086201] ; [-3.009428926768003]
840 ; 100 ; 122 ; 7 ; [4.734574512363932] ; [0.091444940843903005]
840 ; 100 ; 123 ; 0 ; [2.0474850535868114] ; [0.77543100679953691]
840 ; 100 ; 123 ; 1 ; [0.59522055924921569] ; [0.28965148720075795]
840 ; 100 ; 123 ; 4 ; [2.9581919193143862] ; [1.9617343402296867]
840 ; 100 ; 123 ; 11 ; [0.27687651541670266] ; [4.7683976491328908]
840 ; 100 ; 123 ; 14 ; [2.1810219734401337] ; [3.4121199194870475]
840 ; 100 ; 123 ; 18 ; [7.2281138508688869] ; [1.0973234725054692]
840 ; 100 ; 123 ; 19 ; [7.32513807077674] ; [0.08345288225437765]
840 ; 100 ; 125 ; 0 ; [0.025560467860551526] ; [0.025689297868082092]
840 ; 100 ; 125 ; 1 ; [0.0041167301224571597] ; [0.18443444872998954]
840 ; 100 ; 128 ; 1 ; [0.31223706863453776] ; [4.3568441586725104]
840 ; 100 ; 128 ; 3 ; [0.37020684586442348] ; [0.78444941822834247]
840 ; 100 ; 128 ; 9 ; [0.0033205362398062844] ; [0.029304132218792758]
840 ; 100 ; 128 ; 11 ; [0.013717563688566414] ; [-5.6643596220986572]
840 ; 100 ; 128 ; 13 ; [0.17607517260446692] ; [0.52863627030163096]
840 ; 100 ; 129 ; 0 ; [0.11537280761675529] ; [0.049620735584845928]
840 ; 100 ; 129 ; 5 ; [0.13945814440886614] ; [-0.22799018147364941]
840 ; 100 ; 129 ; 6 ; [0.087723648295049819] ; [1.2280174354991147]
840 ; 100 ; 129 ; 7 ; [0.40140181960106708] ; [-0.052262442210103364]
840 ; 100 ; 130 ; 0 ; [0.86385459486692506] ; [0.75989117813387097]
840 ; 100 ; 131 ; 0 ; [0.28627057698366881, 0.11796666290529426] ; [0.13960713201340391, 0.1557193123333572]
840 ; 100 ; 132 ; 6 ; [-1.5008348705707713] ; [5.3447820009411764]
840 ; 100 ; 132 ; 7 ; [-0.0056293194913555672] ; [-0.19826392562504289]
840 ; 100 ; 133 ; 4 ; [0.54111696970362189] ; [-0.11732869126882696]
840 ; 100 ; 133 ; 5 ; [2.9877226799450862] ; [3.62961863199149]
840 ; 100 ; 133 ; 7 ; [-0.35835550437563279] ; [0.25444264628660679]
840 ; 100 ; 133 ; 8 ; [2.510684317331636] ; [5.5780070525990393]
840 ; 100 ; 133 ; 11 ; [1.686589838720973] ; [6.6545263705456801]
840 ; 100 ; 134 ; 0 ; [0.16670793271662171] ; [1.198545587377194]
840 ; 100 ; 134 ; 3 ; [1.5151565177550212] ; [1.9159715664089141]
840 ; 100 ; 134 ; 4 ; [2.2975690449541921] ; [0.82017186114564533]
840 ; 100 ; 134 ; 7 ; [2.314651944490226] ; [0.8137965479893885]
840 ; 100 ; 134 ; 8 ; [2.7685744135431301, 1.7500788925878696] ; [1.0537308257242912, 2.4331498310007214]
840 ; 100 ; 134 ; 11 ; [1.5925436911593662] ; [2.5176631619784393]
840 ; 100 ; 134 ; 13 ; [1.4490328628074365] ; [1.7891973036911217]
840 ; 100 ; 134 ; 17 ; [1.4383485105119989] ; [2.1748209442147042]
840 ; 100 ; 134 ; 18 ; [1.6801927716640879] ; [0.13603382082079632]
840 ; 100 ; 134 ; 19 ; [1.5731067572748163] ; [4.072756081670649]
840 ; 100 ; 134 ; 21 ; [1.3126783904570167] ; [2.1109012793247373]
840 ; 100 ; 134 ; 22 ; [2.0271092694958601] ; [1.9994683344187927]
840 ; 100 ; 134 ; 23 ; [1.740432471308442] ; [1.5555826715592942]
840 ; 100 ; 134 ; 31 ; [3.318640040918531] ; [0.21006713444561062]
840 ; 100 ; 134 ; 32 ; [1.37398825014698] ; [0.92872791539414179]
840 ; 100 ; 135 ; 0 ; [0.034512824781896427] ; [-0.3868983966102395]
840 ; 100 ; 136 ; 0 ; [0.072426201778691454] ; [0.20761986000816832]
840 ; 100 ; 138 ; 0 ; [0.038894982206293706] ; [0.5690959019808578]
840 ; 100 ; 138 ; 1 ; [0.32301333147570627] ; [6.5851296397335979]
840 ; 100 ; 138 ; 8 ; [0.72242556862853347] ; [2.3977355860198926]
840 ; 100 ; 138 ; 13 ; [1.8952715592994518] ; [2.6403064508870542]
840 ; 100 ; 138 ; 14 ; [15.192917980970382] ; [1.8102444466067875]
840 ; 100 ; 138 ; 17 ; [0.862959622330288] ; [1.1627576889830373]
840 ; 100 ; 138 ; 18 ; [1.1174724545968435] ; [0.12700278473091817]
840 ; 100 ; 138 ; 24 ; [0.93906659298421935] ; [1.4537215623860842]
840 ; 100 ; 139 ; 0 ; [0.25717038053075009] ; [0.078214801948632506]
840 ; 100 ; 139 ; 5 ; [0.36613101667824199] ; [0.075685353191417684]
840 ; 100 ; 139 ; 9 ; [0.2099307346475143] ; [0.61891319512617704]
840 ; 100 ; 139 ; 21 ; [-34.936697868231455] ; [0.72384169743012627]
840 ; 100 ; 139 ; 26 ; [-0.094755005439899773] ; [1.1630708895188571]
840 ; 100 ; 139 ; 27 ; [-2.9739940206077593] ; [0.58179134097894281]
840 ; 100 ; 141 ; 0 ; [1.881546855295166] ; [0.34731628733691672]
840 ; 100 ; 142 ; 0 ; [0.11219255698755133] ; [0.061906178809597652]
840 ; 100 ; 142 ; 4 ; [0.0026184557282048363] ; [2.2308008610598486]
840 ; 100 ; 143 ; 0 ; [0.31791522767073205] ; [-4.04815329281681]
840 ; 100 ; 143 ; 10 ; [0.13113906207309386] ; [0.11792152689329301]
840 ; 100 ; 143 ; 11 ; [0.11581867621857989] ; [0.13328796862711847]
840 ; 100 ; 143 ; 12 ; [0.19558606469299541] ; [1.4608761480231371]
840 ; 100 ; 145 ; 0 ; [1.0895868927369339] ; [0.98411307798749548]
840 ; 100 ; 145 ; 7 ; [9.0317791385244846] ; [0.15310711883156838]
840 ; 100 ; 145 ; 10 ; [4.1256464183389623] ; [0.8878623801814739]
840 ; 100 ; 146 ; 0 ; [0.040237102785819816] ; [0.2788204045949243]
840 ; 100 ; 146 ; 1 ; [0.059169691779050362] ; [0.051531885165910396]
840 ; 100 ; 146 ; 9 ; [0.15140441328383278] ; [0.98242254490734671]
840 ; 100 ; 146 ; 10 ; [0.053620783916491978] ; [1.7373009619094704]
840 ; 100 ; 147 ; 0 ; [7.6511979069755149] ; [0.20366242365913145]
840 ; 100 ; 147 ; 6 ; [0.37864754304016129] ; [-0.54398356421513627]
840 ; 100 ; 150 ; 2 ; [0.33211584830362112] ; [1.2917775761370511]
840 ; 100 ; 150 ; 3 ; [1.9991272426865354] ; [0.093345558248928776]
840 ; 100 ; 150 ; 10 ; [1.2517112103852477] ; [0.016146095192425162]
840 ; 100 ; 150 ; 13 ; [1.2811139514489569] ; [1.2994594781074278]
840 ; 100 ; 150 ; 14 ; [-32.746095306463872] ; [0.76589473375492023]
840 ; 100 ; 150 ; 17 ; [2.5442679841798199] ; [-4.9127812165319478]
840 ; 100 ; 150 ; 18 ; [2.2333047665774521] ; [2.2811389999828551]
840 ; 100 ; 151 ; 3 ; [-0.085616791540922499] ; [0.098519267044039044]
840 ; 100 ; 151 ; 6 ; [0.84035477702120465] ; [1.2891979892806942]
840 ; 100 ; 151 ; 8 ; [-0.0013293172074369986] ; [0.25713249418192979]
840 ; 100 ; 151 ; 9 ; [1.0487325245881129] ; [-0.56265642286471274]
840 ; 100 ; 151 ; 10 ; [0.23337246746875895] ; [0.13914938858822751]
840 ; 100 ; 151 ; 15 ; [1.5732634134457995] ; [0.23741461396400917]
840 ; 100 ; 151 ; 16 ; [1.0018247509521125] ; [0.17174361232692806]
840 ; 100 ; 151 ; 17 ; [2.0260904259185306] ; [0.1161187713265566]
840 ; 100 ; 151 ; 18 ; [1.5265663012797632] ; [0.28292878500972929]
840 ; 100 ; 152 ; 5 ; [1.612989399263238] ; [2.704581933910009]
840 ; 100 ; 152 ; 20 ; [-36.536267395045542] ; [-0.31653749465342407]
840 ; 100 ; 152 ; 31 ; [9.5449899800175189] ; [-0.43541708025601367]
840 ; 100 ; 153 ; 0 ; [0.38214606490556902] ; [-0.019144907470258727]
840 ; 100 ; 153 ; 1 ; [0.51209230448509147] ; [-0.031323963324938718]
840 ; 100 ; 153 ; 5 ; [0.25020990061889936] ; [0.50754338452682402]
840 ; 100 ; 155 ; 0 ; [0.17305928710333723, 2.3186113849698606] ; [0.40794870238947983, 0.11249850370488103]
840 ; 100 ; 155 ; 2 ; [0.0029796717579807356] ; [0.088136437791662137]
840 ; 100 ; 155 ; 6 ; [-0.00016856597803423826] ; [2.3014059465711849]
840 ; 100 ; 158 ; 0 ; [-0.031199965475831159] ; [0.47190240470588979]
840 ; 100 ; 158 ; 1 ; [0.68437788979832714] ; [0.96723425082602599]
840 ; 100 ; 158 ; 2 ; [0.56199592109734964] ; [1.0265008514992195]
840 ; 100 ; 158 ; 11 ; [1.9345892179467707] ; [-0.021026754249672965]
840 ; 100 ; 158 ; 12 ; [1.1072624980500136] ; [1.2041770879816898]
840 ; 100 ; 158 ; 14 ; [2.2638096769631737] ; [0.93560569998776932]
840 ; 100 ; 158 ; 16 ; [2.9207243788042931] ; [1.0777859488708854]
840 ; 100 ; 159 ; 0 ; [0.5357100764647631] ; [0.7557245384542578]
840 ; 100 ; 159 ; 1 ; [0.74452291791332825] ; [0.52826462189041534]
840 ; 100 ; 159 ; 3 ; [0.064026986212394943] ; [0.12841894204128151]
840 ; 100 ; 159 ; 4 ; [1.3925249075752333] ; [1.9531936414198972]
840 ; 100 ; 159 ; 5 ; [1.325192763090391] ; [1.6625895992230519]
840 ; 100 ; 159 ; 11 ; [0.57656584387878129] ; [1.112662095277456]
840 ; 100 ; 159 ; 12 ; [0.72807241599602368] ; [0.44818476591418299]
840 ; 100 ; 160 ; 0 ; [-0.00083916212963546541] ; [-0.014693467897299131]
840 ; 100 ; 160 ; 3 ; [0.09137727342424698] ; [-0.074649860664891363]
840 ; 100 ; 160 ; 4 ; [0.60692666488163016] ; [0.11087838330303673]
840 ; 100 ; 161 ; 0 ; [0.26383109131614657] ; [-0.61612714353069931]
840 ; 100 ; 161 ; 1 ; [0.87243400385582337] ; [0.55726871363952679]
840 ; 100 ; 163 ; 0 ; [0.020227159630225072] ; [0.0548671137874151]
840 ; 100 ; 164 ; 0 ; [1.0856292018926941] ; [0.82223546540611914]
840 ; 100 ; 164 ; 14 ; [0.32512081045640034] ; [0.29314115894924608]
840 ; 100 ; 165 ; 8 ; [0.20853219982856128] ; [0.0023258921217973114]
840 ; 100 ; 165 ; 11 ; [0.0078829465861336503] ; [0.030220851903527274]
840 ; 100 ; 165 ; 12 ; [-0.0077524235159171472] ; [-0.33336227134914315]
840 ; 100 ; 165 ; 13 ; [0.45167713339025234] ; [0.21164945493623835]
840 ; 100 ; 166 ; 0 ; [0.19064448964502395] ; [0.15835189659361265]
840 ; 100 ; 166 ; 9 ; [0.60605514806123817] ; [0.76737435264120568]
840 ; 100 ; 166 ; 10 ; [3.5821987219598119] ; [-0.26649391900560959]
840 ; 100 ; 166 ; 12 ; [4.7789692245191686] ; [0.01977255635105506]
840 ; 100 ; 166 ; 13 ; [2.1298879511862769] ; [0.1563184258168914]
840 ; 100 ; 167 ; 15 ; [1.6982765947294625] ; [0.74884900622785688]
840 ; 100 ; 167 ; 16 ; [1.4772303939025304] ; [-0.061960009165681104]
840 ; 100 ; 169 ; 3 ; [3.1893453308413662] ; [2.1947278489510671]
840 ; 100 ; 169 ; 7 ; [1.2261950630405725] ; [0.97587833348844244]
840 ; 100 ; 170 ; 0 ; [1.6961248767136099] ; [0.24460063546630267]
840 ; 100 ; 170 ; 12 ; [0.55060465173201034] ; [-0.012131960509567639]
840 ; 100 ; 170 ; 13 ; [1.5370071945942179] ; [-0.11614199162676153]
840 ; 100 ; 171 ; 0 ; [0.55270180793209589, 0.2655222491908964] ; [0.42607086285739248, 0.29898996152737334]
840 ; 100 ; 171 ; 1 ; [1.5187107371338167] ; [-7.071140563960558]
840 ; 100 ; 171 ; 3 ; [-0.064620640190045806] ; [1.3352804127189786]
840 ; 100 ; 171 ; 8 ; [2.8114906923701661] ; [2.2245975030774692]
840 ; 100 ; 172 ; 0 ; [4.1902841552577739] ; [1.6591292460973508]
840 ; 100 ; 172 ; 2 ; [-1.7937343413326889] ; [-13.365043356282362]
840 ; 100 ; 173 ; 1 ; [1.5215843549668204] ; [1.8937581194961346]
840 ; 100 ; 173 ; 2 ; [1.6958595280190922] ; [1.8193974147925891]
840 ; 100 ; 173 ; 3 ; [1.0185300160163617] ; [1.7419624640067759]
840 ; 100 ; 173 ; 4 ; [1.4150905555183038] ; [1.3234764656630769]
840 ; 100 ; 173 ; 5 ; [1.9435486325313522] ; [1.8688228476526001]
840 ; 100 ; 173 ; 6 ; [1.8845214826299614] ; [1.8774466006601149]
840 ; 100 ; 173 ; 7 ; [1.3028887654411732] ; [0.37329435926092325]
840 ; 100 ; 173 ; 9 ; [1.3449169326260895] ; [1.7572980331503372]
840 ; 100 ; 173 ; 10 ; [1.5090539974629162] ; [1.9008303529835227]
840 ; 100 ; 173 ; 14 ; [1.5506079169290012] ; [1.9204492269944298]
840 ; 100 ; 173 ; 16 ; [1.4289494419830124] ; [0.94233003895157696]
840 ; 100 ; 173 ; 17 ; [2.5516194277379611] ; [1.7381682992155485]
840 ; 100 ; 173 ; 18 ; [0.87537817488407288] ; [0.38935631143397825]
840 ; 100 ; 173 ; 23 ; [0.98107305762920594] ; [1.4556887883718819]
840 ; 100 ; 173 ; 25 ; [1.4967896392132389] ; [1.4404476523057379]
840 ; 100 ; 173 ; 26 ; [1.2929959589605167] ; [1.584735233664353]
840 ; 100 ; 173 ; 27 ; [1.8038997223662501] ; [0.91712525073573914]
840 ; 100 ; 173 ; 30 ; [2.0741320250595883] ; [1.6595156233957131]
840 ; 100 ; 173 ; 31 ; [0.24746461236389805] ; [0.80554459022387492]
840 ; 100 ; 173 ; 32 ; [0.94529523757067935] ; [1.1744834107930717]
840 ; 100 ; 173 ; 33 ; [2.1371964782278545] ; [2.4271655709162232]
840 ; 100 ; 173 ; 34 ; [1.9828317038287833] ; [1.1163445282033786]
840 ; 100 ; 173 ; 35 ; [2.4533393983035383] ; [1.9197130288035473]
840 ; 100 ; 173 ; 37 ; [1.1271329202883975] ; [0.67490935289785792]
840 ; 100 ; 173 ; 38 ; [2.6781295593971786] ; [1.5405114823639527]
840 ; 100 ; 173 ; 39 ; [2.2035406749748576] ; [2.6199047304152412]
840 ; 100 ; 173 ; 40 ; [1.7204817843496198] ; [2.0516109001007261]
840 ; 100 ; 173 ; 41 ; [0.87988482883916164] ; [1.6268924339271271]
840 ; 100 ; 173 ; 42 ; [1.759376037815725] ; [0.66209763578299607]
840 ; 100 ; 173 ; 43 ; [2.7864702499376515] ; [1.762813155530222]
840 ; 100 ; 173 ; 44 ; [1.9464332621728797] ; [0.81294208464624207]
840 ; 100 ; 173 ; 46 ; [0.53800243531235858] ; [0.75692178442912772]
840 ; 100 ; 173 ; 47 ; [0.78756539334567388] ; [1.0702445677153483]
840 ; 100 ; 173 ; 48 ; [0.43718851492551247] ; [0.84838391574204031]
840 ; 100 ; 173 ; 50 ; [1.1268694209663568] ; [1.8488634221701084]
840 ; 100 ; 173 ; 51 ; [0.62492846941827285] ; [0.44023851298710959]
840 ; 100 ; 173 ; 59 ; [1.5614791251549398] ; [1.5620525168968433]
840 ; 100 ; 173 ; 60 ; [0.96841815378737861] ; [1.9856711700892788]
840 ; 100 ; 173 ; 63 ; [0.29321820132259596] ; [0.36985917527404921]
840 ; 100 ; 173 ; 64 ; [0.35956805923126661] ; [0.40686379761698294]
840 ; 100 ; 173 ; 65 ; [2.0361454190219637, 2.4168662125653335] ; [1.9986232788976397, 1.5068420349556115]
840 ; 100 ; 173 ; 66 ; [2.4733284410528671] ; [1.3142505710976369]
840 ; 100 ; 175 ; 4 ; [1.2048257308405885] ; [3.8016000063416713]
840 ; 100 ; 176 ; 0 ; [1.2231712820892138] ; [-0.39142894154614399]
840 ; 100 ; 176 ; 2 ; [0.25917671331464609] ; [0.54719381597880512]
840 ; 100 ; 176 ; 5 ; [8.2649196243120624] ; [1.0982060063099468]
840 ; 100 ; 176 ; 8 ; [1.7459897699291853] ; [0.38250430144789266]
840 ; 100 ; 177 ; 0 ; [-0.90704572061434452] ; [1.2031742239104444]
840 ; 100 ; 179 ; 0 ; [-0.0022260109736907665] ; [0.14608333133243473]
840 ; 100 ; 179 ; 2 ; [0.038209084429064823] ; [1.1260914679397211]
840 ; 100 ; 182 ; 0 ; [4.095787673580082] ; [0.25668510668790168]
840 ; 100 ; 182 ; 1 ; [1.3027983368949383] ; [7.1478987705870063]
840 ; 100 ; 182 ; 11 ; [3.7842102697522098] ; [1.6249603670049382]
840 ; 100 ; 182 ; 13 ; [1.7205116640300295] ; [1.4479270037322269]
840 ; 100 ; 183 ; 0 ; [0.27858327629919288] ; [0.22177479237710279]
840 ; 100 ; 183 ; 3 ; [1.1485447150485837] ; [0.30059143130283783]
840 ; 100 ; 184 ; 1 ; [0.14677307259592232] ; [0.31423684902267701]
840 ; 100 ; 184 ; 2 ; [0.31497843307554702] ; [-0.59812148994861014]
840 ; 100 ; 184 ; 5 ; [0.22158202849659031] ; [2.441805887926467]
840 ; 100 ; 184 ; 8 ; [0.064729121365673464] ; [-9.1044838270631985]
840 ; 100 ; 184 ; 9 ; [0.1082686054834721] ; [4.0090168820944978]
840 ; 100 ; 184 ; 10 ; [3.3457589223659143] ; [0.40330542564025995]
840 ; 100 ; 185 ; 0 ; [0.13143440143246748] ; [0.27188137198075873]
840 ; 100 ; 185 ; 2 ; [0.05770826377954346] ; [0.39904792577111264]
840 ; 100 ; 186 ; 2 ; [0.10706618875790183] ; [2.7737681447097424]
840 ; 100 ; 186 ; 8 ; [8.2614839708427379] ; [0.44101597280966376]
840 ; 100 ; 186 ; 10 ; [0.099153384136011408] ; [0.21394069655432268]
840 ; 100 ; 187 ; 2 ; [-3.3468518564096321] ; [-3.2222688686659815]
840 ; 100 ; 187 ; 4 ; [0.043256423451750153] ; [2.0620164270131744]
840 ; 100 ; 187 ; 5 ; [0.28948746051088792] ; [0.077173464447220869]
840 ; 100 ; 188 ; 0 ; [1.6908128154562969] ; [0.50573642911359196]
840 ; 100 ; 189 ; 0 ; [2.2812330249347501] ; [0.28650241804870069]
840 ; 100 ; 189 ; 5 ; [0.83512951097564314] ; [0.11664070913414765]
840 ; 100 ; 189 ; 6 ; [-0.083239307608085428] ; [0.83375126784993137]
840 ; 100 ; 190 ; 0 ; [0.15278295959035754] ; [2.3916133815899454]
840 ; 100 ; 190 ; 1 ; [0.49462498291607349] ; [0.13147041402724546]
840 ; 100 ; 190 ; 3 ; [0.23925023463061681] ; [4.5634458633052555]
840 ; 100 ; 190 ; 4 ; [-7.4719361882227826] ; [0.09328510800002511]
840 ; 100 ; 190 ; 9 ; [0.86164042542152008] ; [-1.4972851883950948]
840 ; 100 ; 190 ; 10 ; [0.3556838808756122] ; [3.0585510591616667]
840 ; 100 ; 190 ; 12 ; [-9.9143522610219179] ; [0.64362108141155827]
840 ; 100 ; 192 ; 1 ; [0.29758445722141003] ; [0.40751702445812482]
840 ; 100 ; 193 ; 1 ; [0.00090367424250301998] ; [2.1401328450360939]
840 ; 100 ; 194 ; 3 ; [1.5755760260912468] ; [0.50997201607650033]
840 ; 100 ; 194 ; 6 ; [1.6318058232365589] ; [0.23978109600262953]
840 ; 100 ; 194 ; 11 ; [0.47772390349551735] ; [7.0803298129854202]
840 ; 100 ; 194 ; 12 ; [3.0907889993064885] ; [1.8992889957722408]
840 ; 100 ; 195 ; 0 ; [-0.0068910110287329386] ; [0.38663521079839813]
840 ; 100 ; 196 ; 1 ; [0.23844618318446742, 0.078982900602513534] ; [0.16266509507034388, 0.039556042357900167]
840 ; 100 ; 197 ; 0 ; [0.10143779835078578] ; [7.8954867525504513]
840 ; 100 ; 197 ; 1 ; [1.1126705570855113] ; [0.21087449107779527]
840 ; 100 ; 197 ; 2 ; [-0.16363229216129888] ; [0.072608122079480059]
840 ; 100 ; 198 ; 0 ; [0.28903592729100536] ; [0.20597850010380661]
840 ; 100 ; 198 ; 6 ; [1.6614081075944658] ; [0.019854798161690244]
840 ; 100 ; 199 ; 0 ; [0.38873455788943356] ; [0.025383430771513411]
840 ; 100 ; 199 ; 1 ; [0.66348051296603583] ; [0.19919694111380865]
840 ; 100 ; 199 ; 2 ; [0.061801511553680355] ; [-0.019707858826424302]
840 ; 100 ; 200 ; 4 ; [1.4659591718867349] ; [0.69578396970289447]
840 ; 100 ; 201 ; 0 ; [-0.43409878612032571] ; [0.1337811883783222]
840 ; 100 ; 201 ; 8 ; [0.14395292759941794] ; [2.9261651335588619]
840 ; 100 ; 201 ; 10 ; [0.43170095691672683] ; [2.5208376079279704]
840 ; 100 ; 201 ; 11 ; [0.70459196183360151] ; [1.0901059135196223]
840 ; 100 ; 203 ; 1 ; [-1.2320069336478709] ; [-0.90386303565640957]
840 ; 100 ; 205 ; 0 ; [0.21369902117049419] ; [0.75256072454803957]
840 ; 100 ; 206 ; 1 ; [-0.011594664453897138] ; [0.066540781052267378]
840 ; 100 ; 206 ; 2 ; [2.6612610582231722] ; [0.79480296118361615]
840 ; 100 ; 206 ; 3 ; [0.10286946104390347] ; [0.29671931069323715]
840 ; 100 ; 206 ; 12 ; [0.42464593179619159] ; [0.76517859783809394]
840 ; 100 ; 206 ; 15 ; [2.1106485911719748] ; [0.72097070829514232]
840 ; 100 ; 207 ; 0 ; [0.34964420193103612] ; [0.40947355039842825]
840 ; 100 ; 207 ; 5 ; [0.40605671503532659] ; [1.3779495308137002]
840 ; 100 ; 208 ; 0 ; [0.18756564334674281] ; [0.021729460952401618]
840 ; 100 ; 209 ; 2 ; [0.2607624208896222] ; [0.046851100930670735]
840 ; 100 ; 209 ; 3 ; [1.4200073981088055] ; [0.66419773028747298]
840 ; 100 ; 209 ; 4 ; [1.2162346808159714] ; [-0.51694363587061209]
840 ; 100 ; 209 ; 7 ; [71.512401981747701] ; [0.42417872675305807]
840 ; 100 ; 210 ; 0 ; [0.42078307352028915] ; [0.35044876861206242]
840 ; 100 ; 210 ; 2 ; [2.6200943758322399] ; [-3.9602787940850727e-05]
840 ; 100 ; 210 ; 4 ; [0.32210301176751394] ; [60.012009705246797]
840 ; 100 ; 211 ; 0 ; [0.55837797811682299] ; [0.29754798139131405]
840 ; 100 ; 212 ; 0 ; [0.066165428988616271] ; [0.19940685340755157]
840 ; 100 ; 212 ; 9 ; [0.97093002597673195] ; [1.1267547597150984]
840 ; 100 ; 213 ; 0 ; [0.58212307516156447] ; [0.14016459923300781]
840 ; 100 ; 213 ; 1 ; [0.20575137934018262] ; [0.21256822291821248]
840 ; 100 ; 213 ; 5 ; [0.017143505541216828] ; [-0.58927007596936576]
840 ; 100 ; 213 ; 6 ; [12.192421031902022] ; [2.8076875774497818]
840 ; 100 ; 215 ; 0 ; [1.083688850694797] ; [0.22632625553982147]
840 ; 100 ; 215 ; 14 ; [3.7508355618246281] ; [2.7772802109907384]
840 ; 100 ; 215 ; 17 ; [0.12524822220069803] ; [2.1589930100560522]
840 ; 100 ; 215 ; 19 ; [3.9311552446297835] ; [0.29277376477553041]
840 ; 100 ; 215 ; 21 ; [69.035895025749852] ; [2.3697685393747339]
840 ; 100 ; 216 ; 0 ; [0.020943033172382712] ; [0.30011187506594855]
840 ; 100 ; 217 ; 3 ; [1.749886141355669] ; [1.2218277315951409]
840 ; 100 ; 217 ; 5 ; [1.5246826276997929] ; [4.3611273399341615]
840 ; 100 ; 217 ; 13 ; [1.0577246127370281] ; [1.4336707827188808]
840 ; 100 ; 217 ; 14 ; [1.2646828618832049] ; [0.92138533082335572]
840 ; 100 ; 217 ; 15 ; [1.0263650824926529] ; [2.205824626158202]
840 ; 100 ; 217 ; 16 ; [1.378728353214731] ; [0.905999635631482]
840 ; 100 ; 217 ; 18 ; [1.4145145810501509] ; [5.5136329679915299]
840 ; 100 ; 217 ; 20 ; [1.9261579317853859] ; [0.61167911324146773]
840 ; 100 ; 217 ; 21 ; [5.1194457601666477] ; [1.4258019608529795]
840 ; 100 ; 217 ; 22 ; [2.3208902571151153] ; [0.95083737474247021]
840 ; 100 ; 217 ; 23 ; [1.6617077551835058] ; [1.0026204759374728]
840 ; 100 ; 217 ; 25 ; [1.3393363793480506] ; [1.4197283643821568]
840 ; 100 ; 217 ; 26 ; [0.69071762222208799] ; [2.4395270569092768]
840 ; 100 ; 217 ; 27 ; [5.8034384594121677] ; [0.89514325792906335]
840 ; 100 ; 217 ; 31 ; [0.89172748936461721] ; [1.7610964689160469]
840 ; 100 ; 217 ; 33 ; [1.2920564390574987] ; [2.1633923597776659]
840 ; 100 ; 218 ; 5 ; [0.029938806930351468] ; [0.24413845213208732]
840 ; 100 ; 218 ; 7 ; [0.52505420327354047] ; [3.5471369725457729]
840 ; 100 ; 218 ; 11 ; [0.24273886576803619] ; [-1.2224876935925781]
840 ; 100 ; 220 ; 5 ; [2.523223726089828] ; [2.1651092381441477]
840 ; 100 ; 220 ; 9 ; [1.8193137269819466] ; [0.65913613806823179]
840 ; 100 ; 220 ; 11 ; [0.66407312670384067] ; [1.0633717835124017]
840 ; 100 ; 220 ; 12 ; [1.4768713988109197] ; [1.8694755570889525]
840 ; 100 ; 220 ; 14 ; [2.0749813500757632] ; [2.8178411841277518]
840 ; 100 ; 220 ; 15 ; [1.6381130522786207] ; [0.56186062939682457]
840 ; 100 ; 220 ; 17 ; [2.4661915167337973] ; [1.5876854329802055]
840 ; 100 ; 220 ; 20 ; [0.90056459925934607] ; [1.8601670829302515]
840 ; 100 ; 221 ; 0 ; [0.055642381076815649] ; [0.12714466044489403]
840 ; 100 ; 221 ; 1 ; [1.5941372780798437] ; [0.21464037332061287]
840 ; 100 ; 221 ; 2 ; [0.047019886433642299] ; [0.15333625108777788]
840 ; 100 ; 221 ; 3 ; [0.069836008203744304] ; [0.026038489830389918]
840 ; 100 ; 221 ; 5 ; [1.6148683665014547] ; [-0.39706243102440236]
840 ; 100 ; 222 ; 0 ; [-11.241117370269917] ; [0.35903010019341358]
840 ; 100 ; 222 ; 1 ; [0.18553691930040844] ; [2.6475318413635445]
840 ; 100 ; 222 ; 5 ; [0.0025596370642607617] ; [4.9634239314099249]
840 ; 100 ; 222 ; 6 ; [2.2343215442500521] ; [3.4165505761906743]
840 ; 100 ; 223 ; 0 ; [0.43078729387053666] ; [0.12161460517153581]
840 ; 100 ; 223 ; 1 ; [0.20667931494875966] ; [-0.020885196125124746]
840 ; 100 ; 224 ; 1 ; [0.052261102419081114] ; [0.16002529059701856]
840 ; 100 ; 226 ; 0 ; [2.4925422188429329] ; [0.48279950897796459]
840 ; 100 ; 226 ; 2 ; [1.2392822906022751] ; [2.0735889038911841]
840 ; 100 ; 226 ; 3 ; [1.1513373415935142] ; [0.72802081851837575]
840 ; 100 ; 226 ; 7 ; [5.4214103906039055] ; [0.92464774906470049]
840 ; 100 ; 226 ; 11 ; [-4.9817341692227792] ; [1.0176536152993869]
840 ; 100 ; 227 ; 0 ; [0.26224963705704868] ; [0.99967890147747906]
840 ; 100 ; 227 ; 2 ; [0.015886766710642809] ; [0.59922720882116154]
840 ; 100 ; 227 ; 3 ; [0.023245971246364072] ; [-0.023089993428159893]
840 ; 100 ; 228 ; 0 ; [0.49822464340636918] ; [0.35378087558886728]
840 ; 100 ; 228 ; 8 ; [0.079113073187944347] ; [0.52562614062618451]
840 ; 100 ; 228 ; 9 ; [0.15131099814977503] ; [1.6378259446430268]
840 ; 100 ; 228 ; 10 ; [0.80748250887022921] ; [0.87715783558921478]
840 ; 100 ; 228 ; 12 ; [0.61613242630017051] ; [0.95340161689389724]
840 ; 100 ; 228 ; 13 ; [2.035676543291403] ; [3.4281579073603314]
840 ; 100 ; 228 ; 15 ; [-8.5924458354417581] ; [1.618843357483398]
840 ; 100 ; 228 ; 17 ; [0.13449384440756607] ; [13.429165599408439]
840 ; 100 ; 230 ; 0 ; [0.16479175871696833] ; [0.082246304963025055]
840 ; 100 ; 230 ; 7 ; [0.079607199827015668] ; [0.22773136920646908]
840 ; 100 ; 231 ; 0 ; [0.31501554411608429] ; [5.3992304181320918]
840 ; 100 ; 231 ; 1 ; [2.0524756668290167] ; [0.16981713680998978]
840 ; 100 ; 231 ; 11 ; [5.970581131748613] ; [3.5925348460625885]
840 ; 100 ; 231 ; 12 ; [1.6164438767822373] ; [2.2815041389109503]
840 ; 100 ; 231 ; 13 ; [-2.6739701318175109] ; [6.4352945592183053]
840 ; 100 ; 231 ; 14 ; [1.2183275014366299] ; [0.13018857561395003]
840 ; 100 ; 232 ; 0 ; [-0.079918416420545119] ; [0.60028800756999401]
840 ; 100 ; 232 ; 7 ; [0.14050030190850574] ; [0.8853675745540911]
840 ; 100 ; 232 ; 8 ; [4.1824021213715525] ; [0.48300275457277791]
840 ; 100 ; 232 ; 10 ; [2.6811232406785157] ; [-1.497305235749157]
840 ; 100 ; 233 ; 0 ; [0.31809867568089351] ; [0.29057269137058905]
840 ; 100 ; 233 ; 1 ; [0.88472822558192221] ; [0.57145279191698439]
840 ; 100 ; 233 ; 4 ; [2.6935121864638667] ; [2.5725163881579864]
840 ; 100 ; 233 ; 11 ; [1.0974775265387269] ; [4.4365812378597163]
840 ; 100 ; 236 ; 0 ; [18.637875671484409] ; [0.37062603111323678]
840 ; 100 ; 236 ; 1 ; [-145.55360506316296] ; [0.17111184844184693]
840 ; 100 ; 236 ; 3 ; [16.314415125537458] ; [-0.076868277733679879]
840 ; 100 ; 236 ; 8 ; [-0.013264405105102451] ; [7.7304084645345661]
840 ; 100 ; 236 ; 11 ; [8.9499092638182081] ; [2.6318713810375054]
840 ; 100 ; 236 ; 14 ; [0.079603924840210366] ; [-0.48223527435304647]
840 ; 100 ; 236 ; 15 ; [0.20270064161632284] ; [0.38608427722721478]
840 ; 100 ; 236 ; 16 ; [2.5329479473973731] ; [0.075023266788822929]
840 ; 100 ; 237 ; 2 ; [0.12663766027097029] ; [0.015802376485567916]
840 ; 100 ; 238 ; 0 ; [-0.19598613850485549] ; [0.35366385244618437]
840 ; 100 ; 238 ; 1 ; [0.075353210207619647] ; [0.019849191904384767]
840 ; 100 ; 238 ; 2 ; [-0.1206963581900542] ; [0.40953270580187029]
840 ; 100 ; 238 ; 3 ; [0.074376339892536725] ; [-0.0086059157663953331]
840 ; 100 ; 238 ; 9 ; [-0.074376886637342279] ; [1.2097014433103968]
840 ; 100 ; 239 ; 2 ; [0.81100334075825309] ; [2.0298182003123317]
840 ; 100 ; 239 ; 4 ; [3.0404933989175165] ; [-1.6954735637423419]
840 ; 100 ; 240 ; 0 ; [0.28280951457821407] ; [0.29363146765930082]
840 ; 100 ; 240 ; 1 ; [-1.1451323472685273] ; [0.1429024021196956]
840 ; 100 ; 242 ; 0 ; [0.49352021370991073] ; [0.49849232115792264]
840 ; 100 ; 242 ; 1 ; [0.55430452124324581] ; [0.33846934177751703]
840 ; 100 ; 242 ; 2 ; [-0.0047939857097666991] ; [0.089732317946069021]
840 ; 100 ; 242 ; 13 ; [0.56697124651085884] ; [1.7543945694155698]
840 ; 100 ; 245 ; 0 ; [0.03795435059761168] ; [0.17484662472805479]
840 ; 100 ; 246 ; 0 ; [0.90919459418612036] ; [0.43257388032883715]
840 ; 100 ; 246 ; 2 ; [0.30214979745051163] ; [0.51838600319981964]
840 ; 100 ; 246 ; 3 ; [0.15846543498587345] ; [0.55309339060803497]
840 ; 100 ; 246 ; 4 ; [4.1123563295536014] ; [0.92966402751283106]
840 ; 100 ; 248 ; 2 ; [-0.073485333412071752] ; [0.0083605036211040259]
840 ; 100 ; 249 ; 0 ; [1.9015114075967259] ; [0.57781572661602287]
840 ; 100 ; 249 ; 7 ; [0.25679860620429484] ; [-0.49858303743230542]
840 ; 100 ; 249 ; 8 ; [0.21053033616328604] ; [0.42847645209049323]
840 ; 100 ; 249 ; 10 ; [1.7237646607637265] ; [0.0323553693860789]
840 ; 100 ; 249 ; 13 ; [0.077519250711775636] ; [-0.38220076017848081]
840 ; 100 ; 249 ; 15 ; [3.5218059269638653] ; [0.2336811097638759]
840 ; 100 ; 249 ; 17 ; [-0.13891433584706217] ; [1.2357822518490285]
840 ; 100 ; 250 ; 4 ; [-0.52916149439808491] ; [0.14878715782464547]
840 ; 100 ; 250 ; 5 ; [0.41225569320417421] ; [0.28469878700757573]
840 ; 100 ; 255 ; 5 ; [0.20152912137103557] ; [0.050229968809441659]
840 ; 100 ; 256 ; 0 ; [0.0072234886150854436] ; [1.0529591817431276]
840 ; 100 ; 256 ; 1 ; [0.46160838255552378] ; [1.3581341617741423]
840 ; 100 ; 256 ; 2 ; [0.41391513273707442] ; [1.8659536689687903]
840 ; 100 ; 256 ; 12 ; [12.495027295497788] ; [1.462425136899915]
840 ; 100 ; 256 ; 15 ; [0.073914661382077404] ; [1.2219914628026727]
840 ; 100 ; 256 ; 19 ; [0.01283690605881768] ; [1.3015761252310603]
840 ; 100 ; 256 ; 20 ; [0.27815142796467746] ; [1.5171264822046202]
840 ; 100 ; 256 ; 29 ; [0.072071615075849554] ; [3.8693952673659995]
840 ; 100 ; 256 ; 30 ; [0.020166421886725544] ; [1.0501827506663619]
840 ; 100 ; 257 ; 0 ; [-0.0044511094538034713] ; [0.13856561991060859]
840 ; 100 ; 257 ; 1 ; [-0.082500425475638337] ; [-1.3140918900852205]
840 ; 100 ; 259 ; 0 ; [0.52962594068904179, -0.81231852294607887] ; [0.15415852623535173, 0.41917489864535779]
840 ; 100 ; 259 ; 4 ; [0.02303155982231642] ; [1.7585829182033532]
840 ; 100 ; 260 ; 1 ; [-37.945056002717806] ; [1.3818515949999501]
840 ; 100 ; 260 ; 2 ; [-11.064636597636509] ; [-1.0823158793277454]
840 ; 100 ; 261 ; 0 ; [-0.0066513226722163333] ; [0.095760716651931282]
840 ; 100 ; 261 ; 3 ; [-0.048534712361641849] ; [0.99066717700065599]
840 ; 100 ; 261 ; 4 ; [-0.55880126286729059] ; [-0.013525295946444617]
840 ; 100 ; 262 ; 0 ; [0.45449080221920063] ; [2.7600777819936906]
840 ; 100 ; 264 ; 0 ; [0.29504319244753174] ; [0.64267101300086504]
840 ; 100 ; 264 ; 1 ; [0.012104144241320936] ; [2.1299583857054896]
840 ; 100 ; 264 ; 2 ; [0.40707030723938875] ; [0.078577498103007293]
840 ; 100 ; 264 ; 4 ; [0.25438145031464726] ; [3.2641015071242387]
840 ; 100 ; 264 ; 5 ; [2.1554847697273591] ; [0.10364690899157339]
840 ; 100 ; 264 ; 13 ; [66.17864019036665] ; [0.72667886091714617]
840 ; 100 ; 266 ; 0 ; [0.72067409924859771] ; [0.77262807971703551]
840 ; 100 ; 266 ; 4 ; [1.0153687635986948] ; [0.78159008629999316]
840 ; 100 ; 267 ; 0 ; [0.1288076208160735] ; [0.16094229546146677]
840 ; 100 ; 268 ; 0 ; [4.9881489130568264] ; [0.23601210978237067]
840 ; 100 ; 268 ; 1 ; [0.19393752386369006] ; [0.17308941121640406]
840 ; 100 ; 268 ; 2 ; [2.2019562555168544] ; [0.38995733305562186]
840 ; 100 ; 268 ; 3 ; [3.69119797593393] ; [0.070846203680749342]
840 ; 100 ; 268 ; 4 ; [0.14523376461801571] ; [0.069790854763731536]
840 ; 100 ; 268 ; 5 ; [0.25272746479094776] ; [0.31332558011491751]
840 ; 100 ; 268 ; 6 ; [1.3081923989094542] ; [0.97068744578832988]
840 ; 100 ; 268 ; 7 ; [0.80786791981111861] ; [-87.615612581325891]
840 ; 100 ; 270 ; 0 ; [0.34258525420655422] ; [0.45878503641070928]
840 ; 100 ; 270 ; 6 ; [0.6202045089678192] ; [2.2039293595612284]
840 ; 100 ; 270 ; 7 ; [0.65269520925599644] ; [1.0982584521155303]
840 ; 100 ; 271 ; 0 ; [0.26092007126577316] ; [0.59394479762696206]
840 ; 100 ; 271 ; 4 ; [1.8060468122895366] ; [-0.15725246400443327]
840 ; 100 ; 271 ; 6 ; [0.08112488742953898] ; [0.05690268933671383]
840 ; 100 ; 272 ; 1 ; [5.7169042470086966] ; [1.3609015035464742]
840 ; 100 ; 273 ; 5 ; [1.0494894505585226] ; [0.9069376222668657]
840 ; 100 ; 274 ; 1 ; [0.0236692790586733] ; [0.8960842914957251]
840 ; 100 ; 274 ; 4 ; [0.48614333440161384] ; [1.3292766589466369]
840 ; 100 ; 274 ; 7 ; [0.03602600317589106] ; [-0.0046310884088199495]
840 ; 100 ; 274 ; 11 ; [0.39933039810630633] ; [5.5622998592457149]
840 ; 100 ; 275 ; 1 ; [0.46372040917411222] ; [0.011070669040258638]
840 ; 100 ; 275 ; 5 ; [0.061226926934273319] ; [-0.081251365580712179]
840 ; 100 ; 276 ; 1 ; [0.4747555829439209] ; [1.1129116066092997]
840 ; 100 ; 276 ; 8 ; [1.9308694082307947] ; [2.6458334112872901]
840 ; 100 ; 276 ; 12 ; [1.3107913823575235] ; [0.9289744157255051]
840 ; 100 ; 276 ; 13 ; [0.21249448048746161] ; [1.3810862354427695]
840 ; 100 ; 276 ; 18 ; [0.17866929850525096] ; [3.2609260732557313]
840 ; 100 ; 276 ; 23 ; [1.0559389300583208] ; [2.882754815035252]
840 ; 100 ; 277 ; 0 ; [0.44757107542282037] ; [0.010958269339948659]
840 ; 100 ; 277 ; 1 ; [0.82896666925402507] ; [0.9321918633443067]
840 ; 100 ; 277 ; 6 ; [37.887847212369252, 6.4673994898437854] ; [0.898170163489178, 0.82679054497215798]
840 ; 100 ; 277 ; 8 ; [2.1728396493902506] ; [2.4764735537810512]
840 ; 100 ; 278 ; 1 ; [2.4424964772725715] ; [0.86569984301733238]
840 ; 100 ; 278 ; 2 ; [2.0416058937099537] ; [0.88903210554851186]
840 ; 100 ; 278 ; 5 ; [1.3130645059596824] ; [2.8077162708223988]
840 ; 100 ; 279 ; 0 ; [0.17361144625516525] ; [-0.018950505032956505]
840 ; 100 ; 280 ; 0 ; [0.32153976487475833] ; [0.40738851117643415]
840 ; 100 ; 280 ; 2 ; [0.40585137500159568] ; [0.42810800900757801]
840 ; 100 ; 280 ; 5 ; [0.20023980442212019] ; [3.9713343041882379]
840 ; 100 ; 280 ; 6 ; [0.12151392231203816] ; [4.6601400814039184]
840 ; 100 ; 280 ; 7 ; [-6.9602474725213748] ; [0.26035589064657455]
840 ; 100 ; 280 ; 8 ; [4.4976607573119205] ; [6.6096117595183284]
840 ; 100 ; 280 ; 9 ; [2.6718857165666012] ; [1.6629904848454342]
840 ; 100 ; 281 ; 0 ; [2.9936460455913436] ; [0.44206528337712248]
840 ; 100 ; 283 ; 0 ; [0.12430102511978061] ; [0.61206047413955478]
840 ; 100 ; 283 ; 4 ; [0.09346197699195663] ; [1.036073603231491]
840 ; 100 ; 283 ; 6 ; [-3.6574933640218492] ; [1.0685174502188397]
840 ; 100 ; 283 ; 7 ; [0.0048896503918416257] ; [1.1687326748561118]
840 ; 100 ; 283 ; 9 ; [0.002696625839131299] ; [1.3594486348127131]
840 ; 100 ; 283 ; 10 ; [12.08901093992842] ; [1.5010835314487216]
840 ; 100 ; 283 ; 12 ; [0.0069303490887914878] ; [0.90162089263558776]
840 ; 100 ; 283 ; 13 ; [177.29579491085119] ; [0.63216458117750229]
840 ; 100 ; 283 ; 16 ; [-0.089148366079560781] ; [1.1397023942541891]
840 ; 100 ; 283 ; 17 ; [-3.3059038898641488] ; [0.76983296122752776]
840 ; 100 ; 283 ; 18 ; [0.0031095984396679772] ; [0.79204574184788279]
840 ; 100 ; 283 ; 19 ; [0.03307685907732915] ; [0.82029787678002219]
840 ; 100 ; 285 ; 0 ; [0.47463136896939295] ; [0.083246265194658775]
840 ; 100 ; 286 ; 7 ; [0.13404775656434939] ; [0.0089910412783496332]
840 ; 100 ; 287 ; 0 ; [0.89919693991552085] ; [0.21629155505066114]
840 ; 100 ; 288 ; 0 ; [0.65426166162940369] ; [0.49925444322320178]
840 ; 100 ; 288 ; 1 ; [1.3562327036627988] ; [0.79745775495149973]
840 ; 100 ; 288 ; 10 ; [0.1354303363385149] ; [0.53159936114404693]
840 ; 100 ; 289 ; 1 ; [0.49737228219368584] ; [-0.074519182826490948]
840 ; 100 ; 289 ; 8 ; [0.41084087103469896] ; [2.068459303343833]
840 ; 100 ; 289 ; 9 ; [1.7746352798823131] ; [4.2047892897513508]
840 ; 100 ; 289 ; 11 ; [1.5512091209029886] ; [9.2721022640393134]
840 ; 100 ; 289 ; 12 ; [2.8820014303271511] ; [3.648067872224952]
840 ; 100 ; 289 ; 13 ; [1.2879218363612468] ; [4.4081366659939896]
840 ; 100 ; 289 ; 16 ; [1.4991975395515358] ; [2.2084017616542622]
840 ; 100 ; 289 ; 17 ; [2.0679222755830406] ; [2.9584187737910894]
840 ; 100 ; 289 ; 19 ; [2.9907964303700938] ; [4.0573596949437887]
840 ; 100 ; 289 ; 20 ; [0.34453198884651476] ; [1.8214823938115559]
840 ; 100 ; 289 ; 21 ; [1.3223247038317383] ; [5.4109891314605285]
840 ; 100 ; 289 ; 27 ; [1.0222837358363623] ; [5.428911623409312]
840 ; 100 ; 289 ; 28 ; [-0.010966329807226191] ; [2.7252864916020321]
840 ; 100 ; 289 ; 32 ; [2.1949585940811818] ; [0.51390347458252161]
840 ; 100 ; 289 ; 35 ; [1.6107513418225983] ; [1.0394088829073205]
840 ; 100 ; 292 ; 7 ; [2.3152938775421199] ; [0.83522169188571738]
840 ; 100 ; 292 ; 9 ; [4.6000750629258871] ; [-0.093101378239531574]
840 ; 100 ; 292 ; 13 ; [0.040989395423667696] ; [3.9066924051464449]
840 ; 100 ; 293 ; 2 ; [0.50259122130226908] ; [0.42689855958703793]
840 ; 100 ; 293 ; 3 ; [0.68147581359595155] ; [0.67456214374170642]
840 ; 100 ; 294 ; 0 ; [0.11585886866661964] ; [0.38511419829292809]
840 ; 100 ; 294 ; 2 ; [3.1456623962709207] ; [0.047821871411759587]
840 ; 100 ; 295 ; 0 ; [0.98056099434447808] ; [0.99511269377605793]
840 ; 100 ; 295 ; 1 ; [0.083175605609375161] ; [0.024334834305549048]
840 ; 100 ; 295 ; 7 ; [0.42409798191976117] ; [1.7189096877137762]
840 ; 100 ; 295 ; 8 ; [0.62074433542175311] ; [1.5369306291915488]
840 ; 100 ; 295 ; 11 ; [1.26228132178418] ; [4.1569753121739383]
840 ; 100 ; 295 ; 16 ; [0.12532402354467162] ; [-0.33875255701812806]
840 ; 100 ; 295 ; 20 ; [0.092631485728604634] ; [1.2797767241275326]
840 ; 100 ; 295 ; 21 ; [0.38938413741663486] ; [0.1864159800275475]
840 ; 100 ; 297 ; 1 ; [0.70984091593311605] ; [0.2492475742108585]
840 ; 100 ; 297 ; 3 ; [-2.4728659749996029] ; [0.15079294745797453]
840 ; 100 ; 298 ; 0 ; [0.065258574402571726] ; [0.076366135586738382]
840 ; 100 ; 298 ; 1 ; [0.18144452094464161] ; [0.23108755365207848]
840 ; 100 ; 298 ; 5 ; [0.14008436400289048] ; [0.16485630610585778]
840 ; 100 ; 300 ; 0 ; [0.30851709820908307] ; [4.0831422438276705]
840 ; 100 ; 300 ; 1 ; [0.061438007276953172] ; [1.7785009289698879]
840 ; 100 ; 300 ; 3 ; [26.144635288880671] ; [0.78078140466495105]
840 ; 100 ; 300 ; 4 ; [1.5080848508947786] ; [1.4744225984842356]
840 ; 100 ; 300 ; 5 ; [-0.11589915316297013] ; [1.2161777445001241]
840 ; 100 ; 300 ; 12 ; [2.7137761000551253] ; [1.4403487980884526]
840 ; 100 ; 301 ; 2 ; [2.4182699385556212] ; [0.84800228270069311]
840 ; 100 ; 301 ; 3 ; [3.863245129469389] ; [2.5158673719340974]
840 ; 100 ; 301 ; 4 ; [1.8556518088175391] ; [5.4750902518092577]
840 ; 100 ; 301 ; 5 ; [0.32741894761928925] ; [5.8865380117141921]
840 ; 100 ; 301 ; 7 ; [2.6255131651038885] ; [0.018959605053420477]
840 ; 100 ; 301 ; 9 ; [-1.2165182873386351] ; [2.6000209927191569]
840 ; 100 ; 301 ; 12 ; [1.5911456647658251] ; [1.5988276954082603]
840 ; 100 ; 301 ; 13 ; [0.88967538177572447] ; [1.7504537860532043]
840 ; 100 ; 301 ; 14 ; [-1.9003262437275572] ; [3.4741794811720652]
840 ; 100 ; 301 ; 15 ; [-1.9476634923563607] ; [1.8807631566985796]
840 ; 100 ; 301 ; 20 ; [0.14624068049910319] ; [0.63102374347927515]
840 ; 100 ; 301 ; 21 ; [15.906194231687877] ; [2.0141142728627899]
840 ; 100 ; 301 ; 22 ; [2.3051391274369331] ; [0.35369042666190309]
840 ; 100 ; 302 ; 0 ; [0.03425647866893488, 1.0932943483829178] ; [0.18542959332820455, 0.033384432206928903]
840 ; 100 ; 303 ; 1 ; [0.668351362075155] ; [0.39064668953503828]
840 ; 100 ; 303 ; 7 ; [1.0838150420390806] ; [12.296861690044761]
840 ; 100 ; 303 ; 11 ; [0.17027136028835382] ; [0.26506742113385651]
840 ; 100 ; 303 ; 13 ; [0.76758321335026047] ; [-0.044469566453663414]
840 ; 100 ; 303 ; 14 ; [-50.639724543855294] ; [0.053510813916372475]
840 ; 100 ; 305 ; 4 ; [0.91966825625853255] ; [7.6843884962007225]
840 ; 100 ; 306 ; 0 ; [4.9675303548460858] ; [0.11316954523068111]
840 ; 100 ; 306 ; 1 ; [0.12980143537561478] ; [-0.13221043328743248]
840 ; 100 ; 307 ; 0 ; [0.61189881164605708] ; [0.60814236333475802]
840 ; 100 ; 307 ; 5 ; [1.6986254431811787] ; [1.2331991835495431]
840 ; 100 ; 308 ; 0 ; [0.60646950238677033] ; [1.0202342283686821]
840 ; 100 ; 308 ; 1 ; [3.2131566760799788] ; [0.81888354265789065]
840 ; 100 ; 308 ; 8 ; [5.9363009354203911] ; [0.40831947582953287]
840 ; 100 ; 308 ; 11 ; [0.059329373239611481] ; [1.3553729272069162]
840 ; 100 ; 309 ; 8 ; [0.42327125384686898] ; [0.51507415338927387]
840 ; 100 ; 310 ; 0 ; [0.15120697089045559] ; [0.22247650829458943]
840 ; 100 ; 310 ; 2 ; [1.0072106898114868] ; [1.4353150086851989]
840 ; 100 ; 311 ; 0 ; [0.072502920692144035] ; [0.3430674937198005]
840 ; 100 ; 311 ; 6 ; [1.2376862148320131] ; [1.1476709664935751]
840 ; 100 ; 311 ; 7 ; [-0.45848728918141107] ; [0.71213593830050781]
840 ; 100 ; 312 ; 0 ; [0.75276152610587499] ; [0.0056471649738523621]
840 ; 100 ; 312 ; 1 ; [0.81490151080236639] ; [1.3798978342517296]
840 ; 100 ; 312 ; 4 ; [0.1182032070296628] ; [0.53119890441806827]
840 ; 100 ; 312 ; 8 ; [7.2562769863207057] ; [0.35400778261987859]
840 ; 100 ; 312 ; 11 ; [2.776685036588654] ; [3.429077030868299]
840 ; 100 ; 312 ; 12 ; [0.29680234453403825] ; [2.9486831693582891]
840 ; 100 ; 312 ; 13 ; [1.6212561207757605] ; [0.56918304866681724]
840 ; 100 ; 312 ; 16 ; [4.1236625641480735] ; [4.4691888248674863]
840 ; 100 ; 313 ; 0 ; [0.3150726179382134] ; [0.11735909447160295]
840 ; 100 ; 313 ; 5 ; [0.25649205983961432] ; [1.7010895306712399]
840 ; 100 ; 313 ; 10 ; [0.50291154301299446] ; [0.22419656272414665]
840 ; 100 ; 314 ; 0 ; [1.5180874933831006] ; [0.13184103360132757]
840 ; 100 ; 314 ; 2 ; [0.59710176619741784] ; [0.03624707019088063]
840 ; 100 ; 314 ; 9 ; [0.39912086997087964] ; [4.5875034648870479]
840 ; 100 ; 314 ; 10 ; [0.95996722129835577] ; [0.76902041417819078]
840 ; 100 ; 314 ; 13 ; [0.0042711151868046601] ; [0.93852134065249992]
840 ; 100 ; 314 ; 15 ; [2.9703548827274129] ; [1.1055592974521857]
840 ; 100 ; 314 ; 16 ; [1.1213783892614719] ; [1.0428496225813724]
840 ; 100 ; 314 ; 17 ; [2.7877454128752861] ; [0.66237922672488514]
840 ; 100 ; 314 ; 19 ; [2.8003905910719045] ; [1.0078703577370751]
840 ; 100 ; 315 ; 10 ; [0.2429039017985842] ; [1.0061724310475422]
840 ; 100 ; 316 ; 1 ; [1.5754043166578082] ; [0.023842075547913132]
840 ; 100 ; 316 ; 5 ; [-0.021533390816400714] ; [1.1348817530174173]
840 ; 100 ; 317 ; 0 ; [0.23961548942857094, 0.43070385739545181] ; [1.0760451108224169, 0.28987615456937144]
840 ; 100 ; 317 ; 8 ; [-0.60152367619704394] ; [-0.136963603299422]
840 ; 100 ; 317 ; 11 ; [5.8770408058695605] ; [1.0386176468131452]
840 ; 100 ; 318 ; 0 ; [0.044783364701413052] ; [0.069805975910932128]
840 ; 100 ; 318 ; 1 ; [0.12071186036307632] ; [8.1633482831353916]
840 ; 100 ; 319 ; 0 ; [0.26218986262230559] ; [0.31462959009481495]
840 ; 100 ; 319 ; 1 ; [0.47052136083693058] ; [0.25335657864195665]
840 ; 100 ; 319 ; 2 ; [0.28574579633423247] ; [0.10831408176190153]
840 ; 100 ; 319 ; 3 ; [2.1021092735092259] ; [1.7069143291377691]
840 ; 100 ; 321 ; 0 ; [0.92358282647828271] ; [0.1862206727674573]
840 ; 100 ; 321 ; 1 ; [0.3416556852507493] ; [0.68085477809338424]
840 ; 100 ; 321 ; 2 ; [0.30606729265268368] ; [0.16613228538541577]
840 ; 100 ; 321 ; 3 ; [0.099744351177806889] ; [0.14620720803113918]
840 ; 100 ; 321 ; 4 ; [6.8295888366249029] ; [0.16002116439145034]
840 ; 100 ; 321 ; 6 ; [0.66180600608356277] ; [0.94423755104555962]
840 ; 100 ; 322 ; 0 ; [1.3791657455082991] ; [0.85678314019032908]
840 ; 100 ; 322 ; 2 ; [2.7674573465510481] ; [3.5447517008364571]
840 ; 100 ; 322 ; 3 ; [0.44349087527220543] ; [2.023466027106406]
840 ; 100 ; 322 ; 7 ; [0.284954946260012] ; [2.910328849506076]
840 ; 100 ; 322 ; 8 ; [0.8935662867980384] ; [1.7545189544005364]
840 ; 100 ; 322 ; 12 ; [1.6537018355556259] ; [1.4882276556534255]
840 ; 100 ; 322 ; 13 ; [4.1367641547712513] ; [1.607592794819612]
840 ; 100 ; 323 ; 5 ; [1.1829287530505521] ; [4.0998703064143678]
840 ; 100 ; 323 ; 9 ; [-4.9798576516754549] ; [4.518114795989959]
840 ; 100 ; 323 ; 11 ; [2.65320296685623] ; [0.47243081270406495]
840 ; 100 ; 324 ; 0 ; [1.95050404079926] ; [0.25821788397423179]
840 ; 100 ; 324 ; 1 ; [1.8544881311258063] ; [0.97678379847421315]
840 ; 100 ; 324 ; 3 ; [0.39127933422920957] ; [0.14825744268998431]
840 ; 100 ; 324 ; 4 ; [0.54634884540365225] ; [1.9879738948702583]
840 ; 100 ; 324 ; 5 ; [0.84629033230812656] ; [0.74190566842491756]
840 ; 100 ; 324 ; 6 ; [1.795301466451301] ; [1.7018463547714116]
840 ; 100 ; 324 ; 7 ; [1.5644649392655228] ; [0.30970427390171912]
840 ; 100 ; 324 ; 13 ; [1.1521187861111162] ; [1.0964360613038546]
840 ; 100 ; 324 ; 14 ; [1.1555834784137533] ; [0.13042774301841581]
840 ; 100 ; 324 ; 17 ; [1.5617788305912745] ; [0.93768801597853924]
840 ; 100 ; 324 ; 24 ; [0.9115025661592755] ; [1.5498242255746963]
840 ; 100 ; 324 ; 37 ; [0.66618691403999897] ; [8.4409136680003378]
840 ; 100 ; 324 ; 39 ; [0.48718733960081562] ; [0.98630306815732915]
840 ; 100 ; 325 ; 11 ; [1.4592687194600391] ; [0.90736401516222498]
840 ; 100 ; 325 ; 12 ; [0.17507199443898042] ; [1.4600796803420184]
840 ; 100 ; 325 ; 13 ; [1.1198835681827286] ; [1.3286575103348774]
840 ; 100 ; 325 ; 17 ; [3.7325711685387377] ; [1.1332966112734135]
840 ; 100 ; 325 ; 18 ; [0.97893470164397145] ; [1.4960777322836303]
840 ; 100 ; 325 ; 19 ; [2.7261823619081378] ; [1.2868570013544531]
840 ; 100 ; 325 ; 20 ; [4.0240491989404994] ; [1.3694155901139016]
840 ; 100 ; 325 ; 22 ; [0.3197910487012664] ; [1.2440818873093609]
840 ; 100 ; 325 ; 25 ; [0.20133680113258332] ; [1.532126254201154]
840 ; 100 ; 325 ; 28 ; [0.29954942397069723] ; [0.25191382976372945]
840 ; 100 ; 326 ; 7 ; [0.34443972002138529] ; [1.3463993744080471]
840 ; 100 ; 326 ; 9 ; [7.2109007215334948] ; [1.7271763961137374]
840 ; 100 ; 326 ; 10 ; [3.6233502344680253] ; [1.5461955117106605]
840 ; 100 ; 326 ; 13 ; [21.556304449728589] ; [2.9164526717917618]
840 ; 100 ; 329 ; 5 ; [1.0819122348610655] ; [1.745554991741741]
840 ; 100 ; 329 ; 10 ; [1.2540324676820598] ; [1.7892096261763568]
840 ; 100 ; 329 ; 15 ; [0.17054934187503712] ; [1.4661277185385577]
840 ; 100 ; 329 ; 16 ; [0.51678572368057252] ; [1.1782677886855479]
840 ; 100 ; 329 ; 17 ; [0.56361930831753337] ; [1.6086480562877308]
840 ; 100 ; 329 ; 19 ; [4.6429406114017349] ; [1.0945231728211446]
840 ; 100 ; 329 ; 20 ; [0.99729830473236591] ; [1.2050789141493026]
840 ; 100 ; 331 ; 1 ; [0.39659334532393953] ; [0.1421988134673593]
840 ; 100 ; 331 ; 2 ; [0.16061643193975186] ; [0.62509517645876778]
840 ; 100 ; 331 ; 3 ; [12.963422935157082] ; [0.70585112447530218]
840 ; 100 ; 331 ; 15 ; [2.2263198378361397] ; [0.47963267375706081]
840 ; 100 ; 331 ; 20 ; [1.139907847925195] ; [0.04309592450945731]
840 ; 100 ; 331 ; 21 ; [0.66323348219236844] ; [-0.091043488796921812]
840 ; 100 ; 331 ; 22 ; [7.1216532386816098] ; [-1.8486815540720443]
840 ; 100 ; 332 ; 0 ; [0.34914343188954228] ; [0.23628592492904923]
840 ; 100 ; 333 ; 0 ; [0.81807851462286663] ; [0.8873685534862974]
840 ; 100 ; 333 ; 1 ; [0.075625488221559442] ; [0.13914438194662687]
840 ; 100 ; 333 ; 2 ; [0.083118301130117686] ; [0.5430118813441579]
840 ; 100 ; 333 ; 3 ; [0.015542113438693436] ; [0.10128999560891826]
840 ; 100 ; 334 ; 9 ; [1.4086726333427653] ; [6.7639514460463603]
840 ; 100 ; 334 ; 10 ; [0.073402583865408502] ; [7.6903266538786879]
840 ; 100 ; 334 ; 11 ; [0.99581382613955993] ; [1.1231016722977063]
840 ; 100 ; 334 ; 12 ; [2.4814436885411633] ; [2.4381328269090576]