# Run ; Subrun ; Event ; Track ; Charge Ratios View 0 ; Charge Ratios View 1 #
840 ; 73 ; 0 ; 0 ; [1.4952607348599398] ; [0.21737859671030513]
840 ; 73 ; 0 ; 1 ; [0.11217953152938323] ; [-0.0015643414149992833]
840 ; 73 ; 0 ; 2 ; [1.3821336650381721] ; [0.82311887120275085]
840 ; 73 ; 0 ; 3 ; [2.5692171171807692] ; [1.3067375815091258]
840 ; 73 ; 0 ; 4 ; [1.7897485481269877] ; [1.117480202046286]
840 ; 73 ; 0 ; 7 ; [2.6789801281970385] ; [1.6850880861479698]
840 ; 73 ; 0 ; 15 ; [0.18746810817938406] ; [1.2382223691241108]
840 ; 73 ; 1 ; 0 ; [0.053731854045150206] ; [1.1809522556835348]
840 ; 73 ; 1 ; 1 ; [0.48868654717431476] ; [0.046332399493717383]
840 ; 73 ; 1 ; 2 ; [0.18913181352441272] ; [0.076071052316793564]
840 ; 73 ; 2 ; 0 ; [0.15567413797267973, 0.21632082212587614, 0.20246306424139937, 0.22773866019020722, 0.25937775260101553] ; [0.16940684032528883, 0.1770584383927544, 0.34993047043028108, 0.42411601826050693, 0.35746179823583402]
840 ; 73 ; 3 ; 1 ; [1.4027260000980757] ; [0.29506030722677024]
840 ; 73 ; 3 ; 4 ; [1.2568021411857486] ; [1.9641947981686878]
840 ; 73 ; 3 ; 10 ; [1.5257558366518844] ; [1.663268158915129]
840 ; 73 ; 3 ; 12 ; [1.6400857536166122] ; [1.0655549465493834]
840 ; 73 ; 3 ; 14 ; [3.691350410548631] ; [1.5903232045430029]
840 ; 73 ; 3 ; 18 ; [1.8570622160404961] ; [1.8564007615863087]
840 ; 73 ; 3 ; 19 ; [2.8731559987030524] ; [1.0055654059439276]
840 ; 73 ; 3 ; 20 ; [2.7315147616774667] ; [1.781576754889713]
840 ; 73 ; 3 ; 23 ; [1.64750796065262] ; [1.5083289765400081]
840 ; 73 ; 3 ; 24 ; [1.1850891839707836] ; [1.703450039126112]
840 ; 73 ; 3 ; 25 ; [1.4159291643141534] ; [2.2187707897905522]
840 ; 73 ; 4 ; 0 ; [2.3958696335467971] ; [1.9669986218963629]
840 ; 73 ; 5 ; 0 ; [0.13839910711125436] ; [0.15176416843457141]
840 ; 73 ; 5 ; 2 ; [0.45046639214721079] ; [0.40894107601796054]
840 ; 73 ; 6 ; 0 ; [0.23596375437858613] ; [0.19098797867709383]
840 ; 73 ; 6 ; 1 ; [0.0028576903889753797] ; [0.96293591067838269]
840 ; 73 ; 6 ; 10 ; [0.54986801901796967] ; [1.7879365458608036]
840 ; 73 ; 6 ; 21 ; [0.44070273599860738] ; [0.96644641887464722]
840 ; 73 ; 7 ; 0 ; [6.4346267137889273] ; [2.0217122777461403]
840 ; 73 ; 7 ; 1 ; [0.069605449148434015] ; [1.790516963456896]
840 ; 73 ; 7 ; 2 ; [1.1271332992098484] ; [2.2426915514488237]
840 ; 73 ; 7 ; 6 ; [2.4211878430141542] ; [1.9806191711746619]
840 ; 73 ; 8 ; 0 ; [0.55368243674546425] ; [0.11639380392576008]
840 ; 73 ; 8 ; 1 ; [0.013737485919582643] ; [0.035555026448156501]
840 ; 73 ; 8 ; 2 ; [0.65220025719838814] ; [0.031268835121151327]
840 ; 73 ; 9 ; 0 ; [0.15450690129759032, 0.45697766592109418, 2.1055192750179343, 0.048220298367407988] ; [0.20870327584172702, 0.22585247135107653, 0.17083693028773023, 0.15420033287804766]
840 ; 73 ; 9 ; 1 ; [0.20198235566465944] ; [0.10387231861171001]
840 ; 73 ; 10 ; 0 ; [1.9896113582463111] ; [0.77760394152114765]
840 ; 73 ; 10 ; 10 ; [1.479424964013337] ; [1.271236125603769]
840 ; 73 ; 11 ; 1 ; [-8.3882998085896558e-05] ; [0.1220650319844282]
840 ; 73 ; 12 ; 0 ; [0.018863482920877434, 0.015892065428409419, 0.85227942097241294] ; [0.245501819227438, 0.1534829199823777, 0.12778558050714611]
840 ; 73 ; 12 ; 1 ; [-0.01634146820434625] ; [0.077620513935257734]
840 ; 73 ; 12 ; 2 ; [0.68825528015500348] ; [0.26316900898166457]
840 ; 73 ; 13 ; 0 ; [0.25912453403669161] ; [0.64299749043943888]
840 ; 73 ; 13 ; 1 ; [0.99126224864478174] ; [1.2560499376000718]
840 ; 73 ; 13 ; 4 ; [0.45411237916267344] ; [0.83444478077399553]
840 ; 73 ; 13 ; 5 ; [0.35719789568821864] ; [0.57004109606690045]
840 ; 73 ; 13 ; 12 ; [1.6765686616803603] ; [1.0513756343247338]
840 ; 73 ; 13 ; 18 ; [0.11812194430892897] ; [0.85288259881012218]
840 ; 73 ; 14 ; 0 ; [0.14688729367272924] ; [0.0096829239891262804]
840 ; 73 ; 15 ; 1 ; [1.8172406975136428] ; [1.166782602417304]
840 ; 73 ; 15 ; 2 ; [0.51050915901405414] ; [0.48396155335552543]
840 ; 73 ; 15 ; 5 ; [1.0927497610754016] ; [1.8569929387958792]
840 ; 73 ; 15 ; 7 ; [1.7140491026017697] ; [1.3131266961227186]
840 ; 73 ; 16 ; 0 ; [2.0612547008967188] ; [0.043228985419672836]
840 ; 73 ; 16 ; 4 ; [2.3679409124839235] ; [1.7493981410992399]
840 ; 73 ; 16 ; 5 ; [5.7072112474821042] ; [1.1795846271570953]
840 ; 73 ; 16 ; 6 ; [1.7579022533024911] ; [2.2003121257948832]
840 ; 73 ; 16 ; 12 ; [5.8463510942110988] ; [2.0086668406073347]
840 ; 73 ; 16 ; 14 ; [0.088955535351079654] ; [2.1536891838584866]
840 ; 73 ; 17 ; 0 ; [0.39191647396800655, 0.013517265351677332, 0.0016865554467670855] ; [0.36520692986515851, 0.65434924619298407, 0.12762560763117309]
840 ; 73 ; 17 ; 5 ; [0.030876728908194397] ; [0.42284126309031661]
840 ; 73 ; 18 ; 0 ; [0.23695417048546302] ; [0.34951862458674776]
840 ; 73 ; 18 ; 1 ; [0.6275338936132554] ; [0.4148723605906886]
840 ; 73 ; 18 ; 3 ; [0.13607961052390993] ; [0.19187772731052666]
840 ; 73 ; 20 ; 0 ; [0.50824735620027939] ; [0.93352263530342672]
840 ; 73 ; 20 ; 5 ; [0.67735802557537028] ; [0.51211530972830266]
840 ; 73 ; 20 ; 7 ; [3.0502912802376971] ; [1.7381245070826961]
840 ; 73 ; 20 ; 9 ; [4.364824895235988] ; [1.3290727350314868]
840 ; 73 ; 20 ; 11 ; [2.7248051841561973] ; [2.4667064095423927]
840 ; 73 ; 20 ; 12 ; [2.7687990428972671] ; [3.2465758770166899]
840 ; 73 ; 20 ; 13 ; [1.0836081688104167] ; [1.1612298944652617]
840 ; 73 ; 20 ; 14 ; [0.68132384121498957] ; [2.415916096143905]
840 ; 73 ; 20 ; 15 ; [3.9063462236728719] ; [2.6599916829595909]
840 ; 73 ; 21 ; 6 ; [2.4864894818078924] ; [2.8835787870662499]
840 ; 73 ; 21 ; 9 ; [1.2034366974214166] ; [2.021686815506778]
840 ; 73 ; 21 ; 11 ; [1.6105440959673192] ; [4.120998111855716]
840 ; 73 ; 21 ; 13 ; [2.3606893893573404] ; [1.3465656774225025]
840 ; 73 ; 21 ; 15 ; [2.2297075972457585] ; [2.0674619833453693]
840 ; 73 ; 21 ; 19 ; [2.0367360711446372] ; [1.4024459702206584]
840 ; 73 ; 21 ; 20 ; [0.96119906919057463] ; [3.6755736811475801]
840 ; 73 ; 21 ; 25 ; [0.50694277355156214] ; [2.1547866737292587]
840 ; 73 ; 21 ; 26 ; [6.7722719763539576] ; [1.102853456338418]
840 ; 73 ; 21 ; 31 ; [2.0613356505080276] ; [6.220064446799074]
840 ; 73 ; 21 ; 32 ; [3.2597649141035654] ; [2.0188932327766729]
840 ; 73 ; 21 ; 37 ; [0.97975225112613729] ; [1.0654595672300533]
840 ; 73 ; 21 ; 39 ; [1.0940353886199496] ; [0.5520949763335028]
840 ; 73 ; 21 ; 46 ; [5.1533959753238978] ; [1.2031855453779277]
840 ; 73 ; 21 ; 51 ; [1.889260358461196] ; [0.69102308326509654]
840 ; 73 ; 21 ; 52 ; [2.7711295098435529] ; [1.8890144609710959]
840 ; 73 ; 21 ; 55 ; [0.74519561174143245] ; [1.2436207178180261]
840 ; 73 ; 21 ; 56 ; [3.4293781187688004] ; [1.5521361566900356]
840 ; 73 ; 22 ; 0 ; [0.64921255185522486] ; [0.19432957294692799]
840 ; 73 ; 22 ; 2 ; [0.88069388338414467] ; [1.736119071912221]
840 ; 73 ; 22 ; 3 ; [0.32030862826214229] ; [1.119739172647827]
840 ; 73 ; 22 ; 4 ; [0.46373834000325392] ; [2.8014241933459791]
840 ; 73 ; 24 ; 0 ; [0.01226120456275305, 0.097455286441422012, 0.0040301665970114958] ; [0.43675274048914975, 0.25152043321743828, 0.19052500080385554]
840 ; 73 ; 24 ; 1 ; [0.039212955580798972] ; [0.16982657585493058]
840 ; 73 ; 24 ; 2 ; [0.064477944625856459] ; [-0.13153103096757279]
840 ; 73 ; 24 ; 3 ; [10.145505437230922] ; [-0.18688019155425578]
840 ; 73 ; 26 ; 1 ; [0.16901818899435209] ; [-0.0095606398208437325]
840 ; 73 ; 27 ; 0 ; [0.16983082756790191] ; [0.15915033897397807]
840 ; 73 ; 27 ; 1 ; [0.12299031240927673] ; [0.17485681310411305]
840 ; 73 ; 27 ; 2 ; [0.28819839432048527] ; [0.27361835843067239]
840 ; 73 ; 28 ; 1 ; [0.034269774385631974] ; [1.3242216446316033]
840 ; 73 ; 29 ; 0 ; [0.19716984963745962, 0.19425679671117096, 0.12327686409898059, 0.063638010997501326] ; [0.14968806294143516, 0.15368603343020545, 0.19177657917153407, 0.028085033928661594]
840 ; 73 ; 30 ; 0 ; [0.10894236286982914] ; [0.076804701707357939]
840 ; 73 ; 30 ; 4 ; [1.1351741537626237] ; [0.4884872227014343]
840 ; 73 ; 30 ; 5 ; [1.8786539663442601] ; [0.098545442924548449]
840 ; 73 ; 30 ; 8 ; [0.1282698156661049] ; [0.041008785478021566]
840 ; 73 ; 30 ; 10 ; [1.1566113917625529] ; [0.6144679188677874]
840 ; 73 ; 31 ; 1 ; [0.58036035693966681] ; [0.064207242069688197]
840 ; 73 ; 31 ; 6 ; [1.3667648597612219] ; [0.80437026121614141]
840 ; 73 ; 32 ; 0 ; [-0.0076964273025137446, 0.0075612223936282544, 0.043175626710251984, 0.064235428598902883] ; [0.11562178591311914, 0.14759511391708033, 0.19791273913607865, 0.0501517469339854]
840 ; 73 ; 33 ; 0 ; [0.093867313421808429, 0.12771925046265301, 0.066038258485605128, 0.038456690177634846] ; [0.24196340496615776, 0.29164154081028126, 0.1923748412432881, 0.07946359679703692]
840 ; 73 ; 34 ; 0 ; [0.50358677140085462, 4.1610900615964264] ; [0.28274756907861787, 0.34390461226222757]
840 ; 73 ; 35 ; 0 ; [0.044517688723615813, 0.078756980281230321, 0.079021983205069188, 0.60290970778914632] ; [0.18997569683353865, 0.13310514582510907, 0.17288987601610997, 0.13423429995775482]
840 ; 73 ; 36 ; 0 ; [1.3101379890156235] ; [2.19161621452746]
840 ; 73 ; 36 ; 1 ; [0.85321388889358785] ; [0.62881043890548505]
840 ; 73 ; 36 ; 2 ; [0.048666732591561866] ; [1.4425518447097121]
840 ; 73 ; 36 ; 4 ; [0.072609718913141996] ; [0.10571848003320801]
840 ; 73 ; 37 ; 2 ; [1.0367046487796767] ; [4.3661421111012499]
840 ; 73 ; 37 ; 7 ; [2.66609856723439] ; [0.7296921063589944]
840 ; 73 ; 37 ; 9 ; [0.34783620336002041] ; [1.5189084883268302]
840 ; 73 ; 37 ; 16 ; [1.2720698563791695] ; [1.0234753600568554]
840 ; 73 ; 37 ; 22 ; [0.28914120529283782] ; [1.1597924768538974]
840 ; 73 ; 37 ; 23 ; [0.60063806884891369] ; [1.0583261713932757]
840 ; 73 ; 37 ; 24 ; [0.67183357343680539] ; [1.6662342097713323]
840 ; 73 ; 37 ; 25 ; [0.82780715625820667] ; [5.512645724148725]
840 ; 73 ; 38 ; 0 ; [0.096281870250133364] ; [0.72081348421268798]
840 ; 73 ; 38 ; 1 ; [0.54620149647050809] ; [1.3868133637324178]
840 ; 73 ; 38 ; 2 ; [2.3984960201433676] ; [1.0090846757122598]
840 ; 73 ; 38 ; 7 ; [1.5427566465166185] ; [0.33676486638867997]
840 ; 73 ; 38 ; 8 ; [1.1083653201352095] ; [3.0503868902017968]
840 ; 73 ; 38 ; 10 ; [0.4180059030984638] ; [3.0623742920756811]
840 ; 73 ; 38 ; 12 ; [1.7509043097341166] ; [3.1461089981045651]
840 ; 73 ; 38 ; 18 ; [2.5031917193134952] ; [1.9698829462873861]
840 ; 73 ; 38 ; 19 ; [1.429238964275731] ; [2.3367890561385249]
840 ; 73 ; 38 ; 20 ; [2.1655302293801086] ; [2.2285214637469952]
840 ; 73 ; 38 ; 21 ; [1.4420470946469441] ; [2.7915923000320051]
840 ; 73 ; 39 ; 0 ; [0.69243223407328747] ; [0.43106166416525538]
840 ; 73 ; 39 ; 1 ; [0.8471725246212386] ; [0.38001814356926356]
840 ; 73 ; 39 ; 2 ; [0.06276258107123292] ; [0.26227360475398237]
840 ; 73 ; 39 ; 4 ; [0.72264101694223304] ; [0.46846949436797741]
840 ; 73 ; 39 ; 6 ; [2.4790472777520876] ; [0.45593478737639387]
840 ; 73 ; 40 ; 0 ; [0.19099510663498814, 0.21257905947290026] ; [0.2448292568236321, 0.18947514091748516]
840 ; 73 ; 40 ; 3 ; [0.17124262575538984] ; [0.28500144749152756]
840 ; 73 ; 41 ; 0 ; [0.13921347793779967] ; [4.1778929499043036]
840 ; 73 ; 41 ; 1 ; [3.4879731273317418] ; [0.1657649246023582]
840 ; 73 ; 41 ; 2 ; [0.44330851522315323] ; [0.033175620489613471]
840 ; 73 ; 41 ; 3 ; [0.83544188654362228] ; [0.86222508722820801]
840 ; 73 ; 42 ; 3 ; [0.44954034946765553] ; [0.42826990567733747]
840 ; 73 ; 43 ; 0 ; [-4.0981110039912362e-05, 0.010294228056404117, -0.031377973833481294] ; [0.56596103159306221, 0.23119120488546732, 0.035854277746400071]
840 ; 73 ; 44 ; 0 ; [1.7177266524698915, 10.387324400220354] ; [0.43703281997205778, 0.3645217745558697]
840 ; 73 ; 44 ; 1 ; [0.71482392044040732] ; [0.026647782563132293]
840 ; 73 ; 44 ; 4 ; [0.21760484270527061] ; [0.4279034890520681]
840 ; 73 ; 45 ; 0 ; [0.031520127240752746, 0.18070474925389085, 0.054898730942976134] ; [0.27884338987441926, 0.47016340240480037, 0.086367981191318235]
840 ; 73 ; 45 ; 1 ; [0.0027985489805615708] ; [0.059474171113724043]
840 ; 73 ; 48 ; 0 ; [0.037287946408875186] ; [0.019310321064770375]
840 ; 73 ; 48 ; 3 ; [0.068775335948556657, 0.090756817716985946, 0.050808194013334654] ; [0.20845995967368625, 0.2493170798358588, 0.07626373835398749]
840 ; 73 ; 49 ; 0 ; [0.83381422835205288] ; [0.17397319900482519]
840 ; 73 ; 49 ; 1 ; [0.20844893793954716] ; [0.36086802701443216]
840 ; 73 ; 49 ; 3 ; [0.9789308320861142] ; [0.87424562946320949]
840 ; 73 ; 50 ; 5 ; [0.043931721368770132] ; [1.1383169363178225]
840 ; 73 ; 50 ; 19 ; [1.447925241464779] ; [1.4014519105543024]
840 ; 73 ; 52 ; 0 ; [0.40642897557942215] ; [4.3956635700444204]
840 ; 73 ; 53 ; 0 ; [0.05816959285105585, 0.015895049697925271] ; [0.31552547372349793, 0.20305488608677144]
840 ; 73 ; 53 ; 2 ; [0.046513755794356772] ; [0.11531778374342463]
840 ; 73 ; 54 ; 0 ; [0.14317836339865272, 0.10327254053919041, 0.016513266055678037, 0.031612166464921487] ; [0.27809012406557782, 0.18414705508449711, 0.37425548535658365, 0.11714933425836924]
840 ; 73 ; 55 ; 0 ; [0.2936921760540987] ; [0.54627375821104385]
840 ; 73 ; 55 ; 1 ; [0.24968679539699579] ; [0.89021516775209963]
840 ; 73 ; 55 ; 4 ; [0.42806508991176334] ; [0.10674868500616404]
840 ; 73 ; 55 ; 7 ; [0.46993196883948957] ; [0.51866203814118184]
840 ; 73 ; 55 ; 9 ; [0.68548752126322654] ; [0.1606108486252272]
840 ; 73 ; 55 ; 11 ; [0.03511988587877167] ; [0.44787315115370241]
840 ; 73 ; 55 ; 12 ; [0.54838800350564754] ; [0.76440083918059887]
840 ; 73 ; 56 ; 0 ; [0.14993990278713651, 0.13013010591478308, 0.0073328894629915058] ; [0.22899732547117188, 0.19677980095570735, 0.025071004904865864]
840 ; 73 ; 57 ; 1 ; [0.58419599340781503] ; [0.83959624849764825]
840 ; 73 ; 57 ; 2 ; [0.25594335334315454] ; [0.52865527499785148]
840 ; 73 ; 57 ; 3 ; [0.37285369360259668] ; [1.3822981893729915]
840 ; 73 ; 57 ; 15 ; [0.7235334460002053] ; [0.81279041956724862]
840 ; 73 ; 57 ; 25 ; [0.20993385514032922] ; [1.4740117205439085]
840 ; 73 ; 58 ; 0 ; [0.94113129238791193] ; [0.098121649776042291]
840 ; 73 ; 58 ; 2 ; [1.4165062585674322] ; [1.7086761408167173]
840 ; 73 ; 58 ; 11 ; [0.87741622281663534] ; [2.8569536039912959]
840 ; 73 ; 58 ; 20 ; [2.9464079449590761] ; [1.0785111270909633]
840 ; 73 ; 58 ; 21 ; [2.6420786386243393] ; [0.26094765917723256]
840 ; 73 ; 58 ; 23 ; [0.92913791358297459] ; [1.1866958159238676]
840 ; 73 ; 59 ; 0 ; [0.17689200629883739, 0.25321952652085339, 0.23316805561507881] ; [0.26689418047425251, 0.54896818651612689, 0.19222801686221017]
840 ; 73 ; 60 ; 0 ; [0.8379181871020932, 0.13615868193639624] ; [0.29640683572428511, 0.67839141199668129]
840 ; 73 ; 60 ; 1 ; [0.52474864822201028] ; [0.36595638917017453]
840 ; 73 ; 60 ; 2 ; [0.3238202968110907] ; [0.11478645419223502]
840 ; 73 ; 61 ; 0 ; [0.073533472176781717] ; [0.89309740026435336]
840 ; 73 ; 61 ; 8 ; [0.26151221696703369] ; [1.5081701010376478]
840 ; 73 ; 61 ; 10 ; [0.16918913697849555] ; [2.308984947848348]
840 ; 73 ; 61 ; 12 ; [0.74987176509501663] ; [1.2673771717252715]
840 ; 73 ; 61 ; 13 ; [0.18854277974687797] ; [1.7107261204213204]
840 ; 73 ; 61 ; 14 ; [0.76187699366181783] ; [0.5854070349387408]
840 ; 73 ; 62 ; 1 ; [0.98684508055835995] ; [0.11900491124438725]
840 ; 73 ; 63 ; 0 ; [0.28016733551692397] ; [0.13217418893823088]
840 ; 73 ; 63 ; 1 ; [0.21163373543622743] ; [0.3943084276615707]
840 ; 73 ; 63 ; 4 ; [3.9902400822495099] ; [1.5285390914098]
840 ; 73 ; 64 ; 0 ; [0.14819522191050391, 0.10290219596673024, 0.030457220870154122] ; [0.18511772554430247, 0.26368586176761993, 0.034958864476538044]
840 ; 73 ; 64 ; 1 ; [1.2677023664578659] ; [0.11612270904430516]
840 ; 73 ; 64 ; 2 ; [0.14750509120859728] ; [0.099982039450848673]
840 ; 73 ; 65 ; 0 ; [0.95499698796947563] ; [0.77336002928231906]
840 ; 73 ; 65 ; 1 ; [0.14344643170863944] ; [1.1265513029584517]
840 ; 73 ; 65 ; 3 ; [0.5599284835449081] ; [0.93401495555472092]
840 ; 73 ; 66 ; 0 ; [0.21495351788549696, 0.31318895810053077, 0.094753852492652751] ; [0.27857078716733141, 0.46163501443380217, 0.15671606041442229]
840 ; 73 ; 67 ; 0 ; [0.55611453066025118] ; [0.20604000186410329]
840 ; 73 ; 67 ; 2 ; [0.17754183425073494] ; [0.2835989983169257]
840 ; 73 ; 67 ; 6 ; [0.19326645772839565] ; [0.61570402821924297]
840 ; 73 ; 68 ; 0 ; [0.28264583228020695, 0.29633993204969444] ; [0.55958742840269471, 0.57129714586249547]
840 ; 73 ; 68 ; 1 ; [0.21241661279089494] ; [0.52654195613590515]
840 ; 73 ; 69 ; 0 ; [0.75417023461357391] ; [0.5471746958983722]
840 ; 73 ; 69 ; 8 ; [0.51201110997137955] ; [2.2122637138113594]
840 ; 73 ; 69 ; 9 ; [0.73019560691127627] ; [1.987749898247317]
840 ; 73 ; 69 ; 10 ; [1.8900424208136468] ; [2.0309782414305473]
840 ; 73 ; 69 ; 11 ; [1.3544143607868802] ; [1.9374748773457708]
840 ; 73 ; 69 ; 12 ; [1.4042374282974754] ; [3.8641857160491555]
840 ; 73 ; 69 ; 16 ; [1.3284164512842069] ; [2.0441535380381999]
840 ; 73 ; 69 ; 20 ; [1.0791257754367864] ; [2.1193644789879289]
840 ; 73 ; 69 ; 21 ; [2.6397722960366825] ; [1.997608868964041]
840 ; 73 ; 69 ; 22 ; [1.7561576068169265] ; [1.9053271420831002]
840 ; 73 ; 69 ; 24 ; [0.76696617044688054] ; [1.7241043899338888]
840 ; 73 ; 70 ; 0 ; [0.72334390004864157] ; [0.43765295403690141]
840 ; 73 ; 71 ; 0 ; [1.1991832182490247] ; [2.1643496911453668]
840 ; 73 ; 72 ; 0 ; [1.9071577591906612] ; [0.30910585094297893]
840 ; 73 ; 72 ; 2 ; [0.42206303901914916] ; [0.54002673314427163]
840 ; 73 ; 72 ; 4 ; [0.085292472613224937] ; [3.099003809562018]
840 ; 73 ; 72 ; 7 ; [2.0226339817166417] ; [1.1503076867214612]
840 ; 73 ; 73 ; 0 ; [0.20352852358812309] ; [0.26837583008251026]
840 ; 73 ; 73 ; 1 ; [0.05051248862877375] ; [0.0020988556572467017]
840 ; 73 ; 74 ; 1 ; [0.58696340120699941] ; [0.2304176146434678]
840 ; 73 ; 74 ; 2 ; [0.23282346343021315] ; [0.9073055601693002]
840 ; 73 ; 74 ; 4 ; [0.26056615523418586] ; [0.15072720114533653]
840 ; 73 ; 74 ; 7 ; [0.72060923029687651] ; [0.46387033456674437]
840 ; 73 ; 74 ; 8 ; [0.36072858127229129] ; [0.71875488174621627]
840 ; 73 ; 74 ; 10 ; [0.40950724845367631] ; [0.46021047025202455]
840 ; 73 ; 74 ; 11 ; [0.75467768583024286] ; [0.50710211782904469]
840 ; 73 ; 74 ; 31 ; [0.7759579146705784] ; [1.0029143829166942]
840 ; 73 ; 75 ; 0 ; [0.12315130498036922, 0.13090492660340741, 0.16713680720034807] ; [0.25296118291445424, 0.19827333030351305, 0.25972768632104143]
840 ; 73 ; 75 ; 1 ; [0.12948811861884227] ; [0.10944661966342439]
840 ; 73 ; 76 ; 0 ; [0.46141692145598223] ; [0.6983685328728394]
840 ; 73 ; 76 ; 1 ; [0.19306329108766979] ; [0.65276941914981734]
840 ; 73 ; 76 ; 2 ; [0.74119666918476745] ; [0.85457671567652627]
840 ; 73 ; 77 ; 2 ; [0.20740726888607872] ; [0.62327863038303988]
840 ; 73 ; 77 ; 6 ; [1.0036307914619707] ; [1.3062834354871073]
840 ; 73 ; 78 ; 0 ; [0.18762999908304126, 0.21208532063371471, 0.097633291058045787, 0.13414753922195038] ; [0.21408811149431173, 0.19526981297815979, 0.17833045073081844, 0.31361691245069206]
840 ; 73 ; 79 ; 0 ; [0.22353906424590245, 0.15051346405261029, 0.37036492145968647, 0.078035246682800083, 0.059029073002262622] ; [0.10767568488819937, 0.332491302358006, 0.51313721474080853, 0.35346506051497306, 0.10413775397182944]
840 ; 73 ; 80 ; 0 ; [0.096769950439110866, 0.094310814475048174, 0.22498170527159908] ; [0.25174219189271557, 0.37113037000412502, 0.29290163672969022]
840 ; 73 ; 80 ; 1 ; [0.029367095311086958, 0.029252394915849831] ; [0.10024702221758923, 0.41928063092654866]
840 ; 73 ; 82 ; 0 ; [0.17999902243653085] ; [0.95092174212007674]
840 ; 73 ; 82 ; 4 ; [0.784836075617249, 0.066463820118531317, 0.0066170957861662353] ; [0.33961585166386643, 0.44292549516877566, 0.31354054191401898]
840 ; 73 ; 83 ; 0 ; [0.03673585306132942] ; [0.53660792267981827]
840 ; 73 ; 84 ; 0 ; [0.19976484514705553] ; [0.12478800648390162]
840 ; 73 ; 85 ; 0 ; [0.12357319050381549, 0.13957133785324419, 0.10665455906413021, 0.061752862808595245] ; [0.20666352125812307, 0.17142752678690693, 0.25481899044009665, 0.079888652838767241]
840 ; 73 ; 85 ; 1 ; [0.23888799602601768] ; [0.039330204503854868]
840 ; 73 ; 86 ; 0 ; [0.25644150090532508] ; [0.069888968327481218]
840 ; 73 ; 87 ; 0 ; [0.28887994443398607, 0.24426308454072526, 0.44921962522736031, 0.51678762385480348] ; [0.32850868288030793, 0.29517892384727173, 0.42911727625069607, 0.91764978122106666]
840 ; 73 ; 87 ; 1 ; [1.1245223722615907] ; [1.6771692920344616]
840 ; 73 ; 87 ; 7 ; [2.0006451787707746] ; [1.595368580112521]
840 ; 73 ; 88 ; 0 ; [0.18381996153398322, 0.27476529946531975, 0.2731512720851263, 0.092750387595898862] ; [0.20486453240248984, 0.1782365217347571, 0.27258222192393111, 0.3009162061656101]
840 ; 73 ; 88 ; 1 ; [0.13011678895459469] ; [0.17226367692061967]
840 ; 73 ; 89 ; 0 ; [0.80066490215361907] ; [0.21726061331489996]
840 ; 73 ; 89 ; 1 ; [-0.0021874737897053065] ; [0.08272115227757644]
840 ; 73 ; 89 ; 2 ; [0.60540817274772285] ; [0.23478863980078793]
840 ; 73 ; 91 ; 0 ; [0.064929207756333845, 0.0394425657889853, 0.052912673437305296, 0.066996511741171869] ; [0.15318985271018412, 0.13786288019043333, 0.16249530148833061, 0.089965676182646448]
840 ; 73 ; 92 ; 0 ; [0.11266052597519643, 0.12165240031097448] ; [0.1590070198355488, 0.18034945388567283]
840 ; 73 ; 92 ; 1 ; [0.41887532110759662] ; [0.28941137912970744]
840 ; 73 ; 92 ; 2 ; [0.29271915582389668] ; [0.1377821047907781]
840 ; 73 ; 93 ; 1 ; [0.37412903133379882] ; [0.76039120577267549]
840 ; 73 ; 94 ; 0 ; [0.044861665566768696, 0.13427434821312928, 0.071718041809823385] ; [0.24205984888027385, 0.31198031237588403, 0.60069803847959646]
840 ; 73 ; 94 ; 1 ; [0.085586074214796151] ; [0.15764580947278231]
840 ; 73 ; 96 ; 0 ; [0.37847100076897067] ; [0.73308059028700889]
840 ; 73 ; 97 ; 0 ; [0.059189557079759147] ; [0.047188156505320586]
840 ; 73 ; 97 ; 1 ; [0.03863114611190907] ; [0.97868098019216276]
840 ; 73 ; 97 ; 3 ; [0.038965725842696725] ; [1.434644226880168]
840 ; 73 ; 97 ; 4 ; [0.36286272820005477] ; [0.43433174503576083]
840 ; 73 ; 97 ; 5 ; [1.1741084803032624] ; [1.6486691289320985]
840 ; 73 ; 98 ; 0 ; [0.3702902243257763, 0.45374923037923315] ; [0.0075456467551517619, -0.0075910653170136073]
840 ; 73 ; 98 ; 1 ; [0.10728070346170546, 0.063323217459041473, 0.28450518644637712] ; [0.37421209823139606, 0.21312721433036824, 0.070394879252524675]
840 ; 73 ; 99 ; 0 ; [1.199694628814765] ; [0.1302461992766755]
840 ; 73 ; 99 ; 1 ; [0.05686590645823502] ; [3.7272080969880061]
840 ; 73 ; 99 ; 2 ; [0.31938435912886931] ; [0.68766614168921925]
840 ; 73 ; 99 ; 3 ; [4.2031463031409908] ; [1.6196815206132475]
840 ; 73 ; 99 ; 4 ; [2.9243114624664877] ; [0.75554110763541626]
840 ; 73 ; 99 ; 8 ; [0.99497315303593592] ; [0.98813036458511172]
840 ; 73 ; 99 ; 10 ; [0.36530800976008465] ; [2.8813477166020145]
840 ; 73 ; 99 ; 12 ; [3.3849444538690583] ; [2.2470254800981979]
840 ; 73 ; 99 ; 15 ; [1.4155636132870426] ; [0.2971151066435016]
840 ; 73 ; 99 ; 16 ; [1.3756256241945295] ; [1.1791169091010794]
840 ; 73 ; 99 ; 17 ; [12.6680062343851] ; [3.868109723733772]
840 ; 73 ; 99 ; 18 ; [1.0430662385867555] ; [4.4610133351489791]
840 ; 73 ; 99 ; 19 ; [2.7649349724900327] ; [3.0564691541776945]
840 ; 73 ; 99 ; 20 ; [0.26588949974363363] ; [1.0601621035599249]
840 ; 73 ; 99 ; 25 ; [0.45141148903698342] ; [1.4716566690590018]
840 ; 73 ; 99 ; 26 ; [2.8344467593191034] ; [1.0021380902650803]
840 ; 73 ; 100 ; 1 ; [0.0029117707781163888] ; [0.56338696187174997]
840 ; 73 ; 100 ; 3 ; [4.1006183379826222] ; [0.43052507922989813]
840 ; 73 ; 101 ; 0 ; [0.057858027027065405, 0.54019732260055076] ; [0.11362860323902201, 0.50180149242092553]
840 ; 73 ; 101 ; 2 ; [0.82821141702557211] ; [0.011331565374009728]
840 ; 73 ; 101 ; 4 ; [0.18801362223952953] ; [0.2102875651326058]
840 ; 73 ; 102 ; 0 ; [0.011513766710931092, -0.0054918295909688513, -0.017877414067726204] ; [0.20130921570133858, 0.17736401525391984, 0.15657906474665645]
840 ; 73 ; 103 ; 0 ; [0.20664690714964584, 0.10322798802233353, 0.048326724724833577, 0.090059767616195913, 0.0038825377166438893] ; [0.16267752176859868, 0.19187097866621619, 0.27220492235683358, 0.1881925535955373, 0.13413248309021905]
840 ; 73 ; 104 ; 0 ; [0.050292677054608458, -0.019497638555896413] ; [0.20530291753859284, 0.17042748214628614]
840 ; 73 ; 105 ; 0 ; [0.47043108058393979] ; [0.23411641621481358]
840 ; 73 ; 106 ; 2 ; [0.65417932138556323] ; [1.1432473499789988]
840 ; 73 ; 106 ; 3 ; [0.56868720853799659] ; [0.55825935238591551]
840 ; 73 ; 106 ; 4 ; [1.5779811984958096] ; [0.66048499794110938]
840 ; 73 ; 106 ; 6 ; [1.4433645950046003] ; [0.49490245952905743]
840 ; 73 ; 106 ; 10 ; [1.3893048966271373] ; [0.46561148601023528]
840 ; 73 ; 106 ; 11 ; [2.5763085273792892] ; [0.6093967251219361]
840 ; 73 ; 106 ; 14 ; [1.0178592563914903] ; [1.161353674733218]
840 ; 73 ; 106 ; 15 ; [1.6252482526522853] ; [1.2250931332693735]
840 ; 73 ; 106 ; 17 ; [0.64916858994668736] ; [2.2449374062360774]
840 ; 73 ; 106 ; 18 ; [0.17369148427689959] ; [0.6392606334958173]
840 ; 73 ; 106 ; 19 ; [1.328381030089913] ; [1.1053597134296789]
840 ; 73 ; 106 ; 21 ; [1.8155941067455306] ; [0.0077832302416498897]
840 ; 73 ; 106 ; 24 ; [1.6291301766075963] ; [2.394217753678753]
840 ; 73 ; 106 ; 33 ; [1.2554494594550156] ; [1.7625902920169174]
840 ; 73 ; 106 ; 34 ; [3.6265624370115384] ; [1.0746576339863436]
840 ; 73 ; 106 ; 38 ; [6.8160514865308102] ; [5.2052627921308821]
840 ; 73 ; 106 ; 42 ; [1.246411526706535] ; [7.2535954264344253]
840 ; 73 ; 106 ; 50 ; [1.2310592488703558] ; [1.0380166869270921]
840 ; 73 ; 106 ; 53 ; [1.3918453295124804] ; [0.88435880143880574]
840 ; 73 ; 106 ; 54 ; [3.4685006619431014] ; [1.7982097515012465]
840 ; 73 ; 106 ; 55 ; [1.7943152779110458] ; [2.0227557893541439]
840 ; 73 ; 106 ; 62 ; [1.5573460277630291] ; [0.92155239097473307]
840 ; 73 ; 106 ; 64 ; [0.98969469084242778] ; [0.69880455409708975]
840 ; 73 ; 106 ; 65 ; [2.1987887674395892] ; [2.1835108404450247]
840 ; 73 ; 107 ; 0 ; [0.18309543184664615, 0.26548231543462325, 0.24143117025364427] ; [0.082634829956077488, 0.27031755162743987, 0.16827270162835312]
840 ; 73 ; 108 ; 0 ; [0.48021968595378894] ; [0.19302688722718644]
840 ; 73 ; 108 ; 1 ; [0.12213869770200361] ; [0.22480578567600137]
840 ; 73 ; 109 ; 7 ; [1.9086773138950188] ; [1.6759622887666012]
840 ; 73 ; 109 ; 9 ; [1.8193288533416001] ; [1.4161377346637616]
840 ; 73 ; 109 ; 10 ; [2.3618051963134503] ; [2.5475704783092397]
840 ; 73 ; 109 ; 11 ; [1.5029155068394107] ; [1.963645530437983]
840 ; 73 ; 109 ; 12 ; [1.941600257716755] ; [2.0403530529559299]
840 ; 73 ; 109 ; 14 ; [0.7843497194271406] ; [1.6531395591422269]
840 ; 73 ; 109 ; 15 ; [0.78727169194041935] ; [2.0738178454383203]
840 ; 73 ; 109 ; 17 ; [1.7887486075089978] ; [1.6242408659481169]
840 ; 73 ; 109 ; 18 ; [1.8712547336947563] ; [4.3291549287609152]
840 ; 73 ; 109 ; 20 ; [1.8168215298321675] ; [1.5252439765718069]
840 ; 73 ; 109 ; 21 ; [1.9176603507089052] ; [1.4353822022132736]
840 ; 73 ; 109 ; 25 ; [1.6964745022103245] ; [0.61168763592312714]
840 ; 73 ; 110 ; 0 ; [0.95450779054947399, 0.47680357637697679] ; [0.57062280253839237, 0.39347436343496056]
840 ; 73 ; 110 ; 1 ; [0.59200742162956554] ; [0.13250246228377016]
840 ; 73 ; 111 ; 0 ; [0.069474756180478686, 0.081068834369713433, 0.085349209261510378] ; [0.2025344082300039, 0.16110357049538954, 0.033143574724914374]
840 ; 73 ; 112 ; 0 ; [0.053912288890679984] ; [-0.01640634672063539]
840 ; 73 ; 112 ; 1 ; [1.8122317696580172] ; [0.22317289074517802]
840 ; 73 ; 113 ; 0 ; [1.4410037117616634] ; [2.4434839201224339]
840 ; 73 ; 113 ; 3 ; [0.17471845262997276] ; [0.0079879398768753704]
840 ; 73 ; 113 ; 5 ; [1.254517532841104] ; [1.923441524787421]
840 ; 73 ; 113 ; 7 ; [3.7624358794740607] ; [1.7852113898293627]
840 ; 73 ; 113 ; 11 ; [1.5498973121741606] ; [1.8151372375934776]
840 ; 73 ; 113 ; 14 ; [1.5744725757309808] ; [4.442254050053946]
840 ; 73 ; 113 ; 16 ; [0.035599884843584485] ; [1.7536753266410496]
840 ; 73 ; 113 ; 25 ; [1.1919588824979521] ; [1.8513164633321442]
840 ; 73 ; 113 ; 29 ; [0.098216424216038531] ; [0.94254977667176632]
840 ; 73 ; 113 ; 33 ; [0.66516574796616434] ; [1.3524518456475088]
840 ; 73 ; 114 ; 2 ; [0.041691082051903687] ; [0.13235962652266486]
840 ; 73 ; 115 ; 0 ; [-0.0013652723420705074, -0.010034370113700319, -0.022307616296805916, 0.16688460070816952] ; [0.25133595256077451, 0.25757545556337502, 0.21542254538696429, 0.13722151824733114]
840 ; 73 ; 115 ; 1 ; [0.42347327095328036] ; [0.079180658010315125]
840 ; 73 ; 115 ; 2 ; [0.18093112812582712] ; [0.047841481028760006]
840 ; 73 ; 116 ; 0 ; [0.27943309181842108] ; [0.51022270095675426]
840 ; 73 ; 116 ; 1 ; [0.25092478109912553] ; [0.086732165271108885]
840 ; 73 ; 116 ; 5 ; [0.38544928149289776] ; [0.94891229249297748]
840 ; 73 ; 116 ; 11 ; [0.94635488113806354] ; [0.80209418774727126]
840 ; 73 ; 117 ; 0 ; [0.14746005610002022, 0.073001858725810539, 0.047568904170843314, 0.018609181021746746] ; [0.20686302493399447, 0.2025606063996874, 0.19090426505439162, 0.11281606795844752]
840 ; 73 ; 118 ; 0 ; [0.36117779636374792] ; [0.77135736226000051]
840 ; 73 ; 118 ; 1 ; [0.57418618575721247] ; [0.085388505826955466]
840 ; 73 ; 118 ; 2 ; [0.62409453586422137] ; [0.51878549466795265]
840 ; 73 ; 118 ; 3 ; [1.6927409578238111] ; [1.4792520699457044]
840 ; 73 ; 119 ; 0 ; [0.027891905456100187, 1.8160768324767114] ; [0.20438794852208611, 0.039839836458642267]
840 ; 73 ; 119 ; 1 ; [-0.055205182063878443] ; [0.21347787419733974]
840 ; 73 ; 119 ; 3 ; [0.075123657061810484] ; [0.28818455168902685]
840 ; 73 ; 120 ; 5 ; [0.66868377719866834, 0.2082157017851092] ; [0.73467932897735533, 0.32805377111358508]
840 ; 73 ; 121 ; 0 ; [0.95895126189262869] ; [0.051312668532338838]
840 ; 73 ; 121 ; 1 ; [0.12835477872778489] ; [-0.0092186145131176525]
840 ; 73 ; 121 ; 3 ; [1.1815752272280911] ; [3.1363763683046395]
840 ; 73 ; 121 ; 5 ; [2.2587466595653263] ; [3.896818722896648]
840 ; 73 ; 121 ; 9 ; [0.44828357559326554] ; [3.6169107251142845]
840 ; 73 ; 122 ; 0 ; [0.0038516616212453478, 0.0043903965301133763, -0.013232694880675995] ; [0.20418286835669389, 0.1968648001525867, 0.10279027123624049]
840 ; 73 ; 123 ; 0 ; [0.00019290079454246871, 0.0012283548533953664, -0.0036067106265960675, -0.0043671722137388893] ; [0.29271837064975426, 0.17278926592756294, 0.2113943350106112, 0.072277430991365063]
840 ; 73 ; 123 ; 1 ; [0.011089169156212015, 0.13378871005648729] ; [0.20276896717702722, 0.13111242796091452]
840 ; 73 ; 125 ; 8 ; [1.6891642300289067] ; [1.0929117578278786]
840 ; 73 ; 125 ; 9 ; [1.7251239972583985] ; [1.6453043590734517]
840 ; 73 ; 125 ; 14 ; [0.0069890472464607684] ; [-0.14131186416133706]
840 ; 73 ; 127 ; 0 ; [0.60624822503144538] ; [0.21497547379872756]
840 ; 73 ; 128 ; 0 ; [0.75344788089708881] ; [0.39407180862888258]
840 ; 73 ; 128 ; 1 ; [0.37401083348413594] ; [0.83966158739450714]
840 ; 73 ; 128 ; 2 ; [2.4004759778233624] ; [0.22233686704358765]
840 ; 73 ; 128 ; 7 ; [2.0053991690110027] ; [0.53349731328939154]
840 ; 73 ; 128 ; 8 ; [1.11105007525683] ; [1.8817899969774168]
840 ; 73 ; 129 ; 0 ; [0.16089210453530994, 0.15429551681036505, 0.50721014257149677, 0.1914720802024652, 0.1211085923721497] ; [0.10187083928745747, 0.17243529673953864, 0.2826821171836798, 0.33602678020283711, 0.10637527603420154]
840 ; 73 ; 130 ; 7 ; [0.03440149661732092] ; [0.888929597251083]
840 ; 73 ; 131 ; 0 ; [2.4620195325083913] ; [1.1912928765323871]
840 ; 73 ; 131 ; 15 ; [0.8040385894250468] ; [0.32438420044111732]
840 ; 73 ; 131 ; 16 ; [1.2372626211737072] ; [1.4650317307621916]
840 ; 73 ; 132 ; 0 ; [0.045679165463473441] ; [0.063158194473232759]
840 ; 73 ; 132 ; 1 ; [0.34855277551303671] ; [0.41287644347469921]
840 ; 73 ; 132 ; 2 ; [0.81918031255884827] ; [0.33533584684607792]
840 ; 73 ; 133 ; 0 ; [0.90752717675429417] ; [0.31337614861182]
840 ; 73 ; 134 ; 0 ; [0.084780538876355047] ; [0.31417559762533309]
840 ; 73 ; 134 ; 1 ; [0.024065712249130865] ; [-0.0014391726194563925]
840 ; 73 ; 135 ; 0 ; [0.48848494124369451] ; [0.12623347167429327]
840 ; 73 ; 135 ; 1 ; [0.28904056904511172] ; [0.22524416393233057]
840 ; 73 ; 136 ; 0 ; [3.2071793727689131] ; [0.082739827589449755]
840 ; 73 ; 136 ; 1 ; [0.36270228886035166] ; [0.19348923404755347]
840 ; 73 ; 136 ; 5 ; [0.86183461520615556] ; [0.43452830289658462]
840 ; 73 ; 137 ; 1 ; [2.181851769046991] ; [4.3197610804909106]
840 ; 73 ; 137 ; 2 ; [0.59922252872847515] ; [4.6863211064410679]
840 ; 73 ; 137 ; 3 ; [5.8643001180828227] ; [0.12100004928596977]
840 ; 73 ; 137 ; 5 ; [0.36612035183066122] ; [2.3202336339658274]
840 ; 73 ; 137 ; 7 ; [0.2542262873066094] ; [0.57092573119893419]
840 ; 73 ; 137 ; 8 ; [6.234526664629481] ; [1.0311466793330928]
840 ; 73 ; 138 ; 0 ; [0.036382507396144549] ; [0.085635811510349352]
840 ; 73 ; 138 ; 1 ; [0.71152520620356385] ; [0.30464410278361492]
840 ; 73 ; 139 ; 0 ; [0.028276232853867884, 0.13301009380992967, 0.39916389090183751] ; [0.18702994661768488, 0.19814033914942461, 0.099677963860374433]
840 ; 73 ; 140 ; 0 ; [0.93858249378440928] ; [0.57346293086876832]
840 ; 73 ; 140 ; 1 ; [0.027735294632867013] ; [-0.043218365803978871]
840 ; 73 ; 141 ; 0 ; [0.27702033877188548, 0.092444824245497853, 0.038971778162275511] ; [0.44321396422134807, 0.27902778796973327, 0.068526386399405448]
840 ; 73 ; 141 ; 1 ; [1.5585415497765442] ; [0.27784774763324527]
840 ; 73 ; 142 ; 2 ; [1.2665628877920663] ; [1.5876935463583226]
840 ; 73 ; 142 ; 3 ; [0.47700032715959001] ; [2.4258127136353616]
840 ; 73 ; 142 ; 4 ; [0.48834947801472534] ; [0.2021741762917946]
840 ; 73 ; 142 ; 5 ; [0.29226653422766052] ; [-0.014282949185324677]
840 ; 73 ; 142 ; 7 ; [0.54118980450229914] ; [1.9497159753400135]
840 ; 73 ; 142 ; 9 ; [1.1159011190147408] ; [0.90033186120542774]
840 ; 73 ; 142 ; 13 ; [0.55457606547166682] ; [1.2273320635291589]
840 ; 73 ; 143 ; 0 ; [0.0079418767022897026, 0.20829994281735911, 0.62800741965442664] ; [0.3119322676885361, 0.60142621210508307, 0.48319224300297392]
840 ; 73 ; 144 ; 0 ; [0.13220183773694474, 0.50557115523064822] ; [1.2209472002173438, 0.78804083888977305]
840 ; 73 ; 144 ; 3 ; [1.9188173033751414] ; [0.3759125763072606]
840 ; 73 ; 144 ; 6 ; [1.2186284341412756] ; [0.84334735978778075]
840 ; 73 ; 144 ; 8 ; [1.6849512342848367] ; [2.0856530450076551]
840 ; 73 ; 144 ; 11 ; [3.2128802992881322] ; [1.607275207268293]
840 ; 73 ; 144 ; 16 ; [0.0085146551147679914] ; [2.7641197407008344]
840 ; 73 ; 144 ; 19 ; [0.20109497396379925] ; [1.5155244720399972]
840 ; 73 ; 145 ; 0 ; [0.80144536305404468] ; [0.66933259766124209]
840 ; 73 ; 145 ; 1 ; [4.3315583842213163] ; [2.1935610078070842]
840 ; 73 ; 145 ; 2 ; [0.24751943360829801] ; [0.24929078975621299]
840 ; 73 ; 145 ; 3 ; [1.0081993072669788] ; [2.2959972590640905]
840 ; 73 ; 145 ; 7 ; [2.4790045653495891] ; [5.5984366040241724]
840 ; 73 ; 145 ; 9 ; [0.39858762576103773] ; [0.78993734774489321]
840 ; 73 ; 145 ; 11 ; [1.6324199206534244] ; [1.6354299785371627]
840 ; 73 ; 146 ; 0 ; [0.2440606966271017] ; [0.91736200218397568]
840 ; 73 ; 146 ; 4 ; [0.019284932525465811] ; [0.68579140102788627]
840 ; 73 ; 147 ; 0 ; [0.28758033605594813, 0.56812040570639255] ; [0.26290548241191081, 0.38241008142490146]
840 ; 73 ; 148 ; 0 ; [3.3630003832274591] ; [0.59888041478480247]
840 ; 73 ; 148 ; 5 ; [1.4590233120283345] ; [0.53020165958121235]
840 ; 73 ; 149 ; 0 ; [0.28084321007769447] ; [1.5648017278172475]
840 ; 73 ; 149 ; 2 ; [1.0037622829519202] ; [2.2313730655237252]
840 ; 73 ; 149 ; 3 ; [3.5153822201500464] ; [1.7715487129054868]
840 ; 73 ; 149 ; 15 ; [0.49877786969307586] ; [0.84284396660986682]
840 ; 73 ; 149 ; 22 ; [0.93493033532685643] ; [2.0803412986995307]
840 ; 73 ; 149 ; 29 ; [0.76403813543308219] ; [0.55371005854805455]
840 ; 73 ; 150 ; 2 ; [0.46272688428182551] ; [0.28777205939274086]
840 ; 73 ; 150 ; 3 ; [1.9626797505046967] ; [1.8582626686839256]
840 ; 73 ; 150 ; 4 ; [1.7263921142327445] ; [0.78321353929716675]
840 ; 73 ; 150 ; 5 ; [0.014254980377626087] ; [0.88887263974798336]
840 ; 73 ; 150 ; 6 ; [0.14792660885605849] ; [2.1042735927800491]
840 ; 73 ; 150 ; 10 ; [0.013722596315915502] ; [0.45625239639544335]
840 ; 73 ; 150 ; 11 ; [1.5883157620057478] ; [3.9769501655054018]
840 ; 73 ; 150 ; 13 ; [2.9399364197508775] ; [0.63814614080702414]
840 ; 73 ; 151 ; 0 ; [0.34393929788429645] ; [0.26298781527025628]
840 ; 73 ; 151 ; 1 ; [0.06664833393888063] ; [0.075778825428484256]
840 ; 73 ; 152 ; 0 ; [0.66806869236801636] ; [0.10812608947904113]
840 ; 73 ; 153 ; 0 ; [0.33003781114954034, 0.26548525679936447] ; [0.68184663262233969, 0.052369465218272966]
840 ; 73 ; 154 ; 0 ; [0.4746981990134555] ; [0.392196437117865]
840 ; 73 ; 154 ; 1 ; [0.52984342049265021] ; [0.47074198627852892]
840 ; 73 ; 154 ; 2 ; [1.3339205805384813] ; [0.19095285223442676]
840 ; 73 ; 155 ; 0 ; [0.23673959683639853] ; [0.60044437119739114]
840 ; 73 ; 155 ; 1 ; [0.7764581552759976] ; [2.5895552237967139]
840 ; 73 ; 155 ; 10 ; [3.7158439618363102] ; [1.5628837976012011]
840 ; 73 ; 155 ; 14 ; [0.065738715172784429] ; [0.086975423788248962]
840 ; 73 ; 156 ; 0 ; [0.028847469091550407] ; [0.32753407420424507]
840 ; 73 ; 156 ; 11 ; [0.74777013985828023] ; [0.56651975552703671]
840 ; 73 ; 157 ; 0 ; [0.2136666234378562, 0.23522149988344368, 0.40017261182656455, 0.17871227548421881] ; [0.18067688804702481, 0.29275425716997272, 0.36088890401776358, 0.39838519887867357]
840 ; 73 ; 158 ; 0 ; [0.25312234256010546] ; [1.3343618244148494]
840 ; 73 ; 158 ; 11 ; [2.2911508852281828] ; [1.0035827382844189]
840 ; 73 ; 158 ; 13 ; [1.5595297770384293] ; [1.8214898129938399]
840 ; 73 ; 158 ; 14 ; [1.2913366888337652] ; [1.9144070211356261]
840 ; 73 ; 158 ; 16 ; [1.5867605396048561] ; [0.94882260231205029]
840 ; 73 ; 158 ; 17 ; [1.6418761729950402] ; [1.7122035566199241]
840 ; 73 ; 158 ; 18 ; [1.7344645117815394] ; [1.8788450095220859]
840 ; 73 ; 158 ; 19 ; [1.5044489320848267] ; [2.1891427888423349]
840 ; 73 ; 158 ; 20 ; [1.9177120941061792] ; [1.6711323736509984]
840 ; 73 ; 158 ; 21 ; [0.42693920361678117] ; [0.70733814137238371]
840 ; 73 ; 158 ; 22 ; [1.9225677151245142] ; [1.9593873218395241]
840 ; 73 ; 158 ; 25 ; [2.5173700309194369] ; [0.80905060817159347]
840 ; 73 ; 158 ; 30 ; [3.6757408236055871] ; [1.3149565543089559]
840 ; 73 ; 158 ; 31 ; [1.9677720448626439] ; [0.30630334678361382]
840 ; 73 ; 158 ; 32 ; [1.9574519383579079] ; [2.6293320199752741]
840 ; 73 ; 158 ; 34 ; [1.1324896959296735] ; [2.0491414220701647]
840 ; 73 ; 159 ; 0 ; [0.17858931281898263, 0.20488226522595757, 0.13804843319244692] ; [0.2483478444509373, 0.16882468575320883, 0.13342982996563649]
840 ; 73 ; 160 ; 5 ; [1.6666621122785237] ; [2.687644341479527]
840 ; 73 ; 161 ; 0 ; [0.37116749117849374] ; [0.34131766317422518]
840 ; 73 ; 161 ; 1 ; [0.19586674654433361] ; [0.053234993305231487]
840 ; 73 ; 161 ; 2 ; [8.9268908434076053] ; [0.1275720161079848]
840 ; 73 ; 161 ; 3 ; [2.1521369866861919] ; [0.018857770055145828]
840 ; 73 ; 161 ; 4 ; [0.16264846740245142] ; [0.075941381559400542]
840 ; 73 ; 161 ; 5 ; [0.42192682146804933] ; [1.0705078716560332]
840 ; 73 ; 161 ; 6 ; [0.27601194242623395] ; [3.6690401362062945]
840 ; 73 ; 162 ; 0 ; [0.09785425239421601, 0.10361787961587891, 0.14649793482918183] ; [0.37120415097418802, 0.1671803806206201, 0.072919182539599864]
840 ; 73 ; 163 ; 0 ; [1.2160802537346598, 0.25235561331688394] ; [0.81114364160551278, 0.58342801806934086]
840 ; 73 ; 163 ; 1 ; [0.088068131877850911] ; [0.4043979215201931]
840 ; 73 ; 163 ; 2 ; [14.437828344725816] ; [0.30047408432068479]
840 ; 73 ; 163 ; 5 ; [1.0686544175920905] ; [0.47373717134651622]
840 ; 73 ; 164 ; 0 ; [1.120986309814056] ; [1.3157836978532005]
840 ; 73 ; 164 ; 2 ; [0.50664963055143597] ; [1.2867329311538307]
840 ; 73 ; 165 ; 0 ; [0.28395973735716135] ; [0.17765377499777882]
840 ; 73 ; 165 ; 2 ; [0.037675998132749015] ; [0.12461401549958075]
840 ; 73 ; 165 ; 5 ; [0.28595670440818555] ; [0.45636374665238461]
840 ; 73 ; 165 ; 6 ; [1.3444590954812721] ; [0.18429808992196084]
840 ; 73 ; 166 ; 0 ; [0.16925513961864663] ; [0.39905783681561796]
840 ; 73 ; 166 ; 2 ; [0.015847879934623558] ; [0.40793256507121251]
840 ; 73 ; 167 ; 0 ; [0.26468000168320516] ; [0.22631526654573597]
840 ; 73 ; 167 ; 1 ; [1.4700259201003048] ; [0.46686002563476758]
840 ; 73 ; 167 ; 2 ; [2.6233853081953931] ; [0.082799538449996726]
840 ; 73 ; 167 ; 3 ; [0.31835439705012153] ; [1.371589865485771]
840 ; 73 ; 167 ; 5 ; [1.117757585776759] ; [0.13941462515434599]
840 ; 73 ; 168 ; 1 ; [0.36755211818346267, 0.44879599566007983, 0.7623282009569492, 0.29365538416886422, 0.36237903255454912] ; [0.34019655091029288, 0.50485388440124801, 1.08817339134893, 0.26525410850704301, 0.12098029154675177]
840 ; 73 ; 169 ; 0 ; [0.85539165551956331] ; [0.43260931601025371]
840 ; 73 ; 169 ; 1 ; [0.0083762328535095919] ; [0.5826619209276479]
840 ; 73 ; 169 ; 7 ; [0.1180350165197821] ; [0.42040607089631943]
840 ; 73 ; 170 ; 2 ; [0.48188208531194499, 0.27264646334502712, 0.17008235972535587] ; [0.48055294726898368, 0.16955277727314658, 0.16530053472983922]
840 ; 73 ; 171 ; 0 ; [0.36673679194019809] ; [0.12223215479127417]
840 ; 73 ; 171 ; 3 ; [0.16062610394182927] ; [0.014419273767384572]
840 ; 73 ; 171 ; 4 ; [0.20826183337918233] ; [0.077150982894836823]
840 ; 73 ; 172 ; 5 ; [1.1360052922029658] ; [2.1659167782520923]
840 ; 73 ; 172 ; 7 ; [0.87817117416510315] ; [1.1630213269011551]
840 ; 73 ; 172 ; 8 ; [-0.12827018231658485] ; [-0.0051384379144010272]
840 ; 73 ; 173 ; 0 ; [0.045896720772963612] ; [0.022756764068488006]
840 ; 73 ; 173 ; 1 ; [0.24021816275917504] ; [0.257915385798829]
840 ; 73 ; 173 ; 2 ; [0.15106007468158225] ; [0.24412984159169127]
840 ; 73 ; 174 ; 2 ; [0.33525566012923497] ; [0.018756419795345477]
840 ; 73 ; 175 ; 1 ; [0.67803831851735996] ; [1.681593559497063]
840 ; 73 ; 175 ; 3 ; [-0.062226516513097935] ; [0.88738110530108638]
840 ; 73 ; 176 ; 0 ; [1.3600158957013055] ; [1.3034219210828428]
840 ; 73 ; 176 ; 1 ; [1.5725947949870134] ; [1.1960855381077675]
840 ; 73 ; 176 ; 4 ; [3.3254109889528962] ; [2.1256440405303079]
840 ; 73 ; 177 ; 0 ; [1.4764985397093637] ; [-0.016714363117233282]
840 ; 73 ; 177 ; 3 ; [0.16459788895652763, -0.006086575436235162] ; [0.31633783457419612, 0.19300998031402755]
840 ; 73 ; 177 ; 4 ; [0.48825057132811639] ; [0.42491212215848023]
840 ; 73 ; 178 ; 2 ; [0.83985651942498996] ; [0.31809897092336964]
840 ; 73 ; 178 ; 3 ; [0.731097030826526] ; [0.38302479329021705]
840 ; 73 ; 178 ; 5 ; [-0.073580966772567466] ; [0.41632324976606538]
840 ; 73 ; 178 ; 6 ; [0.27759682430671112] ; [0.0062977992337728654]
840 ; 73 ; 178 ; 8 ; [0.034313564699656032] ; [-0.0038753040035910697]
840 ; 73 ; 178 ; 14 ; [0.60697310828886053] ; [0.68212311876135234]
840 ; 73 ; 179 ; 0 ; [0.36814517538926539, 0.46551235944692526, 1.1083871728144059] ; [0.11859635538909127, 0.29992157554705046, 0.82562072042195234]
840 ; 73 ; 179 ; 1 ; [0.94036806007657203] ; [0.26636937763021112]
840 ; 73 ; 179 ; 2 ; [1.0033720918171707] ; [0.93862482230763244]
840 ; 73 ; 179 ; 3 ; [0.44891310215727004] ; [0.33732108171047775]
840 ; 73 ; 179 ; 4 ; [0.12641680841359618] ; [0.29240468866842528]
840 ; 73 ; 179 ; 5 ; [2.024254094260026] ; [0.52809689975595953]
840 ; 73 ; 179 ; 10 ; [0.16834575051187198] ; [1.7141619342781398]
840 ; 73 ; 179 ; 15 ; [0.58203172655815416] ; [0.7393894213178076]
840 ; 73 ; 179 ; 17 ; [1.3740705656529941] ; [0.82521583199477211]
840 ; 73 ; 180 ; 0 ; [0.17175530873330677, 0.20685971128113345, 0.1960758549693066, 0.13248683875086953] ; [0.24846930949925669, 0.19321483365909811, 0.27178948858047902, 0.14642105301413494]
840 ; 73 ; 180 ; 1 ; [0.50919571901032445] ; [0.10242507129649299]
840 ; 73 ; 180 ; 2 ; [0.31199219623779495] ; [-0.020114114061792702]
840 ; 73 ; 181 ; 0 ; [0.48077032876437026] ; [0.084145929091441668]
840 ; 73 ; 181 ; 1 ; [0.38531698873293285] ; [0.35745877142278559]
840 ; 73 ; 181 ; 2 ; [0.43428974038591717] ; [0.52019154701637693]
840 ; 73 ; 181 ; 4 ; [0.57801877927729528] ; [0.29074496668489141]
840 ; 73 ; 181 ; 5 ; [0.37481365162363384] ; [1.6320121932804781]
840 ; 73 ; 181 ; 10 ; [0.41560594824348351] ; [0.8978260232803188]
840 ; 73 ; 182 ; 4 ; [0.37910129588124664] ; [1.0773580579480511]
840 ; 73 ; 182 ; 6 ; [1.174763693790392] ; [2.2662474682803833]
840 ; 73 ; 182 ; 7 ; [1.1501524843344746] ; [1.0138861575659304]
840 ; 73 ; 182 ; 8 ; [0.23545899123774799] ; [1.8414431512358911]
840 ; 73 ; 183 ; 3 ; [0.87198730684516534] ; [0.59297048989537116]
840 ; 73 ; 184 ; 1 ; [0.19605982022341814] ; [-0.023741693560071008]
840 ; 73 ; 184 ; 2 ; [0.56135010182152445] ; [1.0974879425718518]
840 ; 73 ; 184 ; 4 ; [2.04302589285478] ; [1.3456993401787594]
840 ; 73 ; 184 ; 5 ; [1.0073021915390816] ; [1.7358018897947154]
840 ; 73 ; 184 ; 10 ; [1.5523778494148093] ; [2.6628128836181442]
840 ; 73 ; 184 ; 13 ; [0.0032623831042411671] ; [2.552191984326043]
840 ; 73 ; 184 ; 15 ; [1.4851604378840624] ; [3.1124647795722953]
840 ; 73 ; 184 ; 24 ; [1.7901493462749649] ; [0.76654415941835408]
840 ; 73 ; 185 ; 0 ; [0.069056987378158949, 0.047213548713438407] ; [0.189705701923429, 0.19088434067402493]
840 ; 73 ; 185 ; 2 ; [0.18065960194496591] ; [0.18995686441715764]
840 ; 73 ; 186 ; 0 ; [0.13383289984191374, 0.30645745585905748, 0.24975780508486067, 0.34083580413510245] ; [0.36553071016427108, 0.28533075468382663, 0.19099555880322938, 0.38473993183018451]
840 ; 73 ; 186 ; 1 ; [0.076214203647168424, 0.079386151471219274] ; [0.2619695931711451, 0.37926768427068897]
840 ; 73 ; 186 ; 2 ; [0.82182148778071806] ; [0.26434003983531662]
840 ; 73 ; 187 ; 0 ; [0.11133378669999482] ; [0.43965740827227434]
840 ; 73 ; 187 ; 1 ; [0.23238224517400388] ; [0.6066591438588077]
840 ; 73 ; 187 ; 2 ; [0.57594310937106119] ; [0.21347395383422443]
840 ; 73 ; 187 ; 3 ; [0.49772180441529335] ; [0.21204824698363864]
840 ; 73 ; 187 ; 13 ; [2.9066067945047815] ; [0.55134825335348281]
840 ; 73 ; 188 ; 0 ; [0.12577902857471851, 0.10459621632561181, 0.16785166984432956, 0.088672888998668584, 0.070458385882087138] ; [0.18464840977605954, 0.31768111305351066, 0.21817264039862758, 0.15894778034714091, 0.15573635178913586]
840 ; 73 ; 189 ; 0 ; [0.53917451861074517] ; [0.13953021665357868]
840 ; 73 ; 189 ; 3 ; [1.3190024837303564] ; [0.98293356393520148]
840 ; 73 ; 189 ; 5 ; [1.5942525525924354] ; [0.6816521707259855]
840 ; 73 ; 190 ; 0 ; [2.3847546793475103, 0.10046703920870158, 0.0062738630165139727] ; [0.82022022932327598, 0.1931646644347785, 0.1313540878642174]
840 ; 73 ; 190 ; 5 ; [0.55601776477506204] ; [0.35638709204370234]
840 ; 73 ; 191 ; 0 ; [0.57493487376110552, 0.42394242610375821] ; [0.17459404106747511, 0.071451280829852234]
840 ; 73 ; 191 ; 1 ; [0.099954504067650857] ; [0.00069411338820574457]
840 ; 73 ; 191 ; 3 ; [1.2714223733482439] ; [0.8811660786290636]
840 ; 73 ; 192 ; 0 ; [0.25781154824382368] ; [0.17582705663480874]
840 ; 73 ; 193 ; 1 ; [0.40499056669334599] ; [4.3818485406897212]
840 ; 73 ; 193 ; 2 ; [1.1827352070972237] ; [3.3596347123473289]
840 ; 73 ; 193 ; 4 ; [0.99251268604590992] ; [1.2210083924918775]
840 ; 73 ; 193 ; 5 ; [2.0185779659222893] ; [2.1135795417729502]
840 ; 73 ; 193 ; 11 ; [3.9680570696588089] ; [0.52155872979843076]
840 ; 73 ; 193 ; 12 ; [4.9865864438476413] ; [3.2423450286501634]
840 ; 73 ; 194 ; 0 ; [0.06132117025952747] ; [0.032447100823526441]
840 ; 73 ; 194 ; 1 ; [1.2316778643759423] ; [0.014016814430491572]
840 ; 73 ; 195 ; 0 ; [0.094095180882738355, 0.21842194598215603, 1.8083171748494991, 1.6336920211078916, 1.638962576803934] ; [0.057117105126461246, 0.20961808097842868, 0.1275831950558057, 0.18267522747716702, 0.43135997825485711]
840 ; 73 ; 196 ; 0 ; [0.1145650463240093, 0.12200836856556536, 0.096435672806400641, 0.21522812348194587] ; [0.19299815958789573, 0.15736973739148091, 0.15373604801673607, 0.35949715112932429]
840 ; 73 ; 196 ; 1 ; [1.8554820558667111] ; [0.12459777219150917]
840 ; 73 ; 196 ; 2 ; [0.95368651534568127] ; [0.18083318822871905]
840 ; 73 ; 198 ; 0 ; [0.071939127338325665, 0.17657795887553013, 0.20246553981605989, 0.043579628071651243] ; [0.1705999829730884, 0.19054233410843524, 0.20353345473280215, 0.43961061534523355]
840 ; 73 ; 198 ; 1 ; [0.036726667555447394, 0.41203112080310628] ; [0.42595267120691499, 0.111105472257541]
840 ; 73 ; 199 ; 0 ; [0.089515266158320908] ; [0.041967967623747042]
840 ; 73 ; 199 ; 1 ; [0.017862265126988155] ; [0.038775391697992732]
840 ; 73 ; 199 ; 2 ; [0.33613500029010562] ; [0.19072712460856428]
840 ; 73 ; 200 ; 0 ; [0.49701862841478267, 0.36604397493389468, 0.59781964027062406] ; [0.42979180565720804, 0.32058585740864387, 0.12968244189421488]
840 ; 73 ; 201 ; 0 ; [0.14238876921496726] ; [0.026958102620974117]
840 ; 73 ; 201 ; 13 ; [0.95423375094741814] ; [2.4727355129419788]
840 ; 73 ; 202 ; 0 ; [0.064906023545007019, 0.13367169585341715, 0.080320176430023926, 0.047675946621373491] ; [0.14540973495377657, 0.22465710061108765, 0.17685114523089376, 0.071482511114738675]
840 ; 73 ; 203 ; 0 ; [0.12884788305310288] ; [0.092658594253352988]
840 ; 73 ; 203 ; 1 ; [0.039783520713303024] ; [-0.013155262350222701]
840 ; 73 ; 203 ; 4 ; [0.22240133785654539] ; [0.18797799187019015]
840 ; 73 ; 204 ; 0 ; [0.019567640482368396, 0.11155135347608075, 0.014541988175214036] ; [0.23324260074872843, 0.35683550321837848, 0.0057021564541853203]
840 ; 73 ; 206 ; 1 ; [0.35369985923037733] ; [0.36885007507382012]
840 ; 73 ; 206 ; 2 ; [0.46449598061187752] ; [0.13332163924811749]
840 ; 73 ; 206 ; 5 ; [0.1971010171568307] ; [0.60126261409514514]
840 ; 73 ; 207 ; 0 ; [0.29123034364692291] ; [0.14708274885787706]
840 ; 73 ; 207 ; 1 ; [0.1142788132450316] ; [0.15851045812101566]
840 ; 73 ; 208 ; 0 ; [0.11536537669492486, 0.095709193956032834, 0.20839365026215892] ; [0.10796673426992459, 0.30514352281503071, 0.23200780731698042]
840 ; 73 ; 209 ; 0 ; [0.016631710085507994] ; [0.15085897960674685]
840 ; 73 ; 209 ; 1 ; [0.010597676490361385] ; [0.031576164794024336]
840 ; 73 ; 209 ; 2 ; [0.60382823015524789] ; [0.43533154351103998]
840 ; 73 ; 209 ; 3 ; [0.081565193066711436] ; [0.15079706096588319]
840 ; 73 ; 210 ; 0 ; [0.12450703659163789, 0.10794759386332796, 0.10000338980087078, 0.051847226864973187, 0.091677825291695159] ; [0.12563787811792804, 0.23403869123671192, 0.27093693004168645, 0.10664361418378598, 0.14555602665173001]
840 ; 73 ; 211 ; 0 ; [0.18976758074098726] ; [1.7236817127899937]
840 ; 73 ; 211 ; 1 ; [0.14011137288042147] ; [1.0103640696514677]
840 ; 73 ; 211 ; 2 ; [0.48380655623509722] ; [-0.0024823197145734895]
840 ; 73 ; 211 ; 3 ; [0.32924821673699955] ; [0.41811637909179544]
840 ; 73 ; 211 ; 4 ; [0.97161600238015422] ; [1.2006693963650041]
840 ; 73 ; 211 ; 5 ; [0.65187723320121227] ; [0.54877880421450476]
840 ; 73 ; 211 ; 7 ; [1.647138275762728] ; [1.2598021986668773]
840 ; 73 ; 211 ; 9 ; [0.95813164452579314] ; [1.8626988086908181]
840 ; 73 ; 211 ; 11 ; [0.15727088014033788] ; [0.0014736078832483402]
840 ; 73 ; 212 ; 0 ; [0.065025608223887157, 0.16702288486109995, 0.1703139772405356, 0.14371306022022085, 0.31282702588236505] ; [0.063214340467758867, 0.11830660824974633, 0.21290635721194143, 0.41296158562354385, 0.22444013615560302]
840 ; 73 ; 212 ; 1 ; [0.46521692766984529] ; [0.015700254231646935]
840 ; 73 ; 213 ; 1 ; [0.54513916096820625] ; [1.1231638182146437]
840 ; 73 ; 214 ; 0 ; [0.16339124869198077] ; [0.2184244809704152]
840 ; 73 ; 214 ; 1 ; [1.2933328460727369] ; [0.25192070930126531]
840 ; 73 ; 214 ; 2 ; [0.13476076238286605] ; [0.35427624049592626]
840 ; 73 ; 214 ; 4 ; [0.57965306756262203] ; [0.19522270873786976]
840 ; 73 ; 214 ; 6 ; [0.41753286980738163] ; [1.0379276162412738]
840 ; 73 ; 214 ; 9 ; [0.32689019301527922] ; [0.12129463306704429]
840 ; 73 ; 214 ; 12 ; [0.52857972403035314] ; [1.5198219261439676]
840 ; 73 ; 214 ; 13 ; [0.15002761793469577] ; [0.25650771447679072]
840 ; 73 ; 215 ; 0 ; [2.1601543499688818] ; [0.75576145655937577]
840 ; 73 ; 215 ; 3 ; [1.3910214520066622] ; [1.2947076823341421]
840 ; 73 ; 215 ; 4 ; [1.0238653546363143] ; [1.3764036051072035]
840 ; 73 ; 216 ; 1 ; [0.047222277643893071] ; [0.007922375125740495]
840 ; 73 ; 216 ; 8 ; [0.94276141379036327] ; [0.5624777065218578]
840 ; 73 ; 217 ; 11 ; [0.33481722327067676] ; [0.51587931576103951]
840 ; 73 ; 218 ; 0 ; [0.01160199482001412] ; [0.24751977431163483]
840 ; 73 ; 218 ; 1 ; [0.074557428801669087] ; [0.11509287013751797]
840 ; 73 ; 219 ; 0 ; [0.0124210409073884] ; [0.17265857877273172]
840 ; 73 ; 220 ; 0 ; [0.19293257231453767, 0.1181052493228178, 0.13322923071110271, 0.18674325584226109] ; [0.22568522721082532, 0.30167861308116051, 0.13654560659064041, 0.14963834060469572]
840 ; 73 ; 221 ; 0 ; [1.6206213489049994] ; [0.34447382767727663]
840 ; 73 ; 221 ; 1 ; [0.3702640506613909] ; [0.17021792245774275]
840 ; 73 ; 221 ; 2 ; [0.098084539543527402] ; [-0.030897042557901946]
840 ; 73 ; 221 ; 3 ; [0.81198810315056136] ; [0.12483396639588039]
840 ; 73 ; 221 ; 4 ; [0.72753827998921794] ; [0.76186874818887595]
840 ; 73 ; 221 ; 5 ; [0.54384793983229296] ; [0.15509095289432506]
840 ; 73 ; 221 ; 6 ; [0.11433283249517995] ; [0.56953168943489496]
840 ; 73 ; 221 ; 9 ; [0.95275115198461913] ; [0.0018204151451697759]
840 ; 73 ; 221 ; 13 ; [0.99323738231365377] ; [0.41654193260726391]
840 ; 73 ; 222 ; 0 ; [0.12134832758485319, 0.09030549495452049] ; [0.25422017052900653, 0.11644740921760649]
840 ; 73 ; 222 ; 1 ; [0.0046420870046723611] ; [0.14354028955240347]
840 ; 73 ; 223 ; 0 ; [0.55037971612354919] ; [0.06242397833876373]
840 ; 73 ; 224 ; 0 ; [0.022833991243772236, 1.0077846962104262] ; [0.0269483931746776, 0.3717977487686222]
840 ; 73 ; 224 ; 2 ; [4.5680446311940326] ; [2.8176092268450961]
840 ; 73 ; 224 ; 3 ; [0.064104745721805509] ; [0.64950308789356248]
840 ; 73 ; 224 ; 4 ; [0.089574353328523537] ; [1.7630980278611366]
840 ; 73 ; 224 ; 6 ; [1.3106477233700371] ; [1.6434066269273429]
840 ; 73 ; 224 ; 7 ; [3.2779066901180824] ; [2.2013740208144692]
840 ; 73 ; 224 ; 10 ; [5.3336181007236281] ; [4.7040621781409664]
840 ; 73 ; 225 ; 0 ; [0.34223041813902672] ; [0.52622644475093683]
840 ; 73 ; 225 ; 2 ; [1.4405084350418247] ; [0.69671878239564244]
840 ; 73 ; 225 ; 4 ; [0.46091416330146656] ; [0.6990843318128539]
840 ; 73 ; 225 ; 11 ; [0.88581857775458717] ; [1.734218147890372]
840 ; 73 ; 225 ; 15 ; [2.7900400746508729] ; [3.2093538256092073]
840 ; 73 ; 225 ; 17 ; [1.392047832501875] ; [0.050395814589187279]
840 ; 73 ; 225 ; 23 ; [4.3254648436311172] ; [1.3882358752626094]
840 ; 73 ; 226 ; 1 ; [1.1855432368113943] ; [0.84880824674529931]
840 ; 73 ; 226 ; 2 ; [0.050575602007700268] ; [0.60796828093059063]
840 ; 73 ; 226 ; 7 ; [1.8026011025376014] ; [1.2696800320912007]
840 ; 73 ; 226 ; 8 ; [0.52051308716405498] ; [0.16591722758969818]
840 ; 73 ; 226 ; 11 ; [0.0048713557079654562] ; [1.9264850150824306]
840 ; 73 ; 226 ; 13 ; [0.17196431432597872] ; [0.45970157240456938]
840 ; 73 ; 227 ; 0 ; [0.018047669798639133, 0.0082364268848944197, 0.012635990523859515] ; [0.21562581954696683, 0.18729115154560805, 0.2112880945222714]
840 ; 73 ; 228 ; 0 ; [0.14594987901958761, 0.13766722902512737, 0.18228979843527005, 0.11719692834382722] ; [0.20887349258988602, 0.21196248089773828, 0.19553870833776624, 0.096632149337706225]
840 ; 73 ; 229 ; 0 ; [0.10395659103790682] ; [0.12736209727320413]
840 ; 73 ; 230 ; 0 ; [0.20846828680340451, 0.34331511101029005, 0.25551227272071581] ; [0.39109758383025772, 0.28901542129548974, 0.084833630533885263]
840 ; 73 ; 230 ; 1 ; [0.020670620247184704, -0.014970290255022316, -0.019606545100856982] ; [0.25357272462919234, 0.1887406465723257, 0.17804704651274292]
840 ; 73 ; 231 ; 0 ; [1.4593469975316506] ; [0.28453398809958602]
840 ; 73 ; 231 ; 4 ; [0.13569558438933296] ; [1.3975941173951558]
840 ; 73 ; 231 ; 5 ; [0.30583709320840519] ; [1.37084536090495]
840 ; 73 ; 231 ; 6 ; [7.5057875573380057] ; [0.82637064239426539]
840 ; 73 ; 231 ; 7 ; [0.19629262570927333] ; [1.6948562229296071]
840 ; 73 ; 231 ; 8 ; [0.87494325072880275] ; [1.7485405903566091]
840 ; 73 ; 231 ; 9 ; [0.88303672087821961] ; [2.0179431038114615]
840 ; 73 ; 231 ; 10 ; [1.4629185732139833] ; [1.4811438937704078]
840 ; 73 ; 231 ; 12 ; [0.62286284906303147] ; [1.625875884797892]
840 ; 73 ; 231 ; 19 ; [0.24542544189479754] ; [1.1449217005506802]
840 ; 73 ; 231 ; 21 ; [0.39740056318566019] ; [1.2054966727424468]
840 ; 73 ; 231 ; 22 ; [0.15657903780042429] ; [0.39190509886227964]
840 ; 73 ; 232 ; 0 ; [0.5053578892154329] ; [0.018430175008127377]
840 ; 73 ; 232 ; 3 ; [0.12609945424848595] ; [0.039681860846712172]
840 ; 73 ; 233 ; 0 ; [0.047542753156150287, 0.018196195836934156, 0.0084095571126500401] ; [0.19993777980987054, 0.21413646723338764, 0.11976667503570351]
840 ; 73 ; 233 ; 1 ; [-0.0079890055844612888, -0.0076067735867486773] ; [0.14168516969410755, 0.11644741529035407]
840 ; 73 ; 235 ; 0 ; [0.1431008733676121] ; [1.413248575998636]
840 ; 73 ; 235 ; 1 ; [1.3255668342956504] ; [1.0327316692806308]
840 ; 73 ; 235 ; 2 ; [2.7053117032252021] ; [0.80409597717727377]
840 ; 73 ; 235 ; 3 ; [4.0327395989211778] ; [0.19016521306213371]
840 ; 73 ; 235 ; 8 ; [0.37859692544098095] ; [0.2995569595643891]
840 ; 73 ; 235 ; 9 ; [0.77348448351371435] ; [1.422588790624008]
840 ; 73 ; 236 ; 0 ; [0.20615907665222813] ; [0.41182342850322778]
840 ; 73 ; 236 ; 1 ; [0.34569145086299524, 0.19647545854092827] ; [1.8838634863770891, 0.17080673600267418]
840 ; 73 ; 237 ; 0 ; [0.051025959516394527] ; [0.062522435507186155]
840 ; 73 ; 237 ; 1 ; [1.7180492597260164] ; [0.48061537887519268]
840 ; 73 ; 237 ; 2 ; [0.31865500850829254] ; [0.249105291967985]
840 ; 73 ; 238 ; 0 ; [0.62996339539578694] ; [0.25315836772428518]
840 ; 73 ; 238 ; 1 ; [0.28260059755896222] ; [0.089917954044667403]
840 ; 73 ; 238 ; 2 ; [0.55116631830178875] ; [0.48916252904238106]
840 ; 73 ; 239 ; 0 ; [1.2808837900682604] ; [0.2636196884463472]
840 ; 73 ; 239 ; 1 ; [0.010914038559157188] ; [-7.0096690725402711e-05]
840 ; 73 ; 239 ; 2 ; [0.055802120732877797, 0.079587128596066689, 0.05781493842694363, 0.18065413556362631] ; [0.15423612420868016, 0.3008989290425198, 0.36050952031123845, 0.14796098389327761]
840 ; 73 ; 240 ; 0 ; [0.099254128502565264, 0.2370090580124122] ; [0.42789682565265097, 0.11627642292192518]
840 ; 73 ; 240 ; 1 ; [0.27994744713258207] ; [0.2078077286494478]
840 ; 73 ; 240 ; 3 ; [0.07288669135116542] ; [0.39174802413553272]
840 ; 73 ; 241 ; 1 ; [1.0067206666487547] ; [0.88640772616057029]
840 ; 73 ; 241 ; 2 ; [0.27876155592398899] ; [0.30645665029499985]
840 ; 73 ; 241 ; 3 ; [0.73024637030738149] ; [0.10231130871814899]
840 ; 73 ; 241 ; 5 ; [0.41615514133460385] ; [0.67660505876431198]
840 ; 73 ; 241 ; 6 ; [1.2263184795713185] ; [0.013635608726016676]
840 ; 73 ; 241 ; 7 ; [1.9394797413670704] ; [0.12747105664316535]
840 ; 73 ; 241 ; 8 ; [1.9275087882656294] ; [0.038896328898825508]
840 ; 73 ; 241 ; 9 ; [1.6825183458395425] ; [1.0527034103625397]
840 ; 73 ; 241 ; 16 ; [5.4282747617254508] ; [0.91390408474185436]
840 ; 73 ; 241 ; 21 ; [1.3690609493985302] ; [0.4173513682243481]
840 ; 73 ; 241 ; 26 ; [0.38484074142106212] ; [0.43112878148729578]
840 ; 73 ; 241 ; 28 ; [1.6383977862935033] ; [1.0191091010653077]
840 ; 73 ; 241 ; 29 ; [0.79959272553488758] ; [0.6904404936210331]
840 ; 73 ; 241 ; 30 ; [1.4543332693260214] ; [0.64760143349967714]
840 ; 73 ; 242 ; 0 ; [0.089890326275490984, 0.15718920095915939, 0.23541130986445627, 0.15732957320868662] ; [0.25737198811677869, 0.13755520411205605, 0.17345669555942, 0.30425228685371186]
840 ; 73 ; 242 ; 1 ; [0.49430827757828044] ; [0.026293978075217203]
840 ; 73 ; 243 ; 0 ; [0.60668172206297188, 0.08272286412842722] ; [0.3911351185886035, 0.74614569398561825]
840 ; 73 ; 243 ; 1 ; [0.54965629038294728, 0.79750921030433275] ; [0.25581906142058924, 0.17719739361647965]
840 ; 73 ; 244 ; 0 ; [0.042613519330115292, 0.085725512993998942, 0.038411533796714588, 0.018965025372614124, 0.058942352052111659] ; [0.17687792049137047, 0.45524271363967528, 0.18688167034810163, 0.18999000455715762, 0.095355175429389191]
840 ; 73 ; 245 ; 0 ; [0.084884128191923369, 0.020978361170008137, 0.03123929636150595] ; [0.25273630980258266, 0.13657284511296341, 0.14445847246812799]
840 ; 73 ; 246 ; 0 ; [0.59180516965001628] ; [0.44513734450158549]
840 ; 73 ; 246 ; 2 ; [3.5185453593717373] ; [4.0680119548324436]
840 ; 73 ; 246 ; 4 ; [2.1744652179691997] ; [3.0839065642775538]
840 ; 73 ; 247 ; 2 ; [1.8281523948674305] ; [1.8285669376675719]
840 ; 73 ; 248 ; 0 ; [0.13600786197058617, 0.25556568150917497, 0.20552747239678965, 0.13654718244272271, 0.11575433958860296] ; [0.12315270233475684, 0.25060480181751449, 0.15243961845598986, 0.18169874595979968, 0.053297146848411359]
840 ; 73 ; 249 ; 0 ; [0.29052961463833715, 0.1192585026792044, 0.34586764549744853] ; [0.47678753067066537, 0.18739661866592727, 0.087582537610378819]
840 ; 73 ; 250 ; 0 ; [0.37786899423220704, 0.35851356718314703] ; [0.47466565452250103, 0.15999244720556297]
840 ; 73 ; 250 ; 1 ; [0.31554586084474739] ; [0.086122277411711218]
840 ; 73 ; 251 ; 0 ; [0.031211953571829217] ; [0.34407510234712535]
840 ; 73 ; 251 ; 1 ; [0.86769645511444637] ; [0.24805378649547111]
840 ; 73 ; 252 ; 0 ; [1.2838561549260277] ; [0.0043083873604675936]
840 ; 73 ; 252 ; 1 ; [0.35786539833395198] ; [0.48612600678988288]
840 ; 73 ; 253 ; 0 ; [0.85440357838614056] ; [0.11994276787171419]
840 ; 73 ; 253 ; 4 ; [0.38258148113675899] ; [0.43465860533494355]
840 ; 73 ; 253 ; 8 ; [0.19488553790041566] ; [0.27323693868078103]
840 ; 73 ; 253 ; 15 ; [0.29652145170218613] ; [0.60874917594574363]
840 ; 73 ; 253 ; 17 ; [0.45840818722551102] ; [0.3736496254742549]
840 ; 73 ; 253 ; 19 ; [1.5570301874861103] ; [0.2038210758209896]
840 ; 73 ; 253 ; 23 ; [2.0220038849533424] ; [1.6968985416622278]
840 ; 73 ; 253 ; 29 ; [10.920759959491273] ; [2.0718078394371386]
840 ; 73 ; 254 ; 0 ; [0.57435792828647214, 0.47696966983017547, 0.30619806412642109] ; [0.27853298279746086, 0.27997281692307968, 0.28160473479249343]
840 ; 73 ; 254 ; 1 ; [0.29813440694016891] ; [0.078448498599142991]
840 ; 73 ; 254 ; 2 ; [0.21502264031159526] ; [0.22951055246314625]
840 ; 73 ; 256 ; 0 ; [0.32816280275297283] ; [0.35132721027287006]
840 ; 73 ; 256 ; 2 ; [7.7393234848493409] ; [11.626951756921327]
840 ; 73 ; 256 ; 3 ; [1.2045018344265772] ; [1.2327440569151122]
840 ; 73 ; 256 ; 5 ; [2.1536535727000734] ; [0.98148951792078531]
840 ; 73 ; 256 ; 7 ; [2.023380259479874] ; [6.4753661597338388]
840 ; 73 ; 256 ; 10 ; [1.8490289655041301] ; [1.7915648243140292]
840 ; 73 ; 256 ; 11 ; [2.5341410132361522] ; [0.78530203125686848]
840 ; 73 ; 257 ; 0 ; [0.057124668803251441, 0.056578542103974755, 0.093595375437983061, 0.084209144065844913] ; [0.1683387023855584, 0.22000220514302249, 0.21102146614952458, 0.1877329405254882]
840 ; 73 ; 257 ; 1 ; [-0.048725619240840713] ; [0.075215812559931969]
840 ; 73 ; 258 ; 1 ; [1.3354203637976634, 1.5849840352102202] ; [1.2364426731011207, 1.2061439904679088]
840 ; 73 ; 258 ; 4 ; [1.7760933395158822] ; [1.1484776607476204]
840 ; 73 ; 258 ; 6 ; [1.9457194479026292] ; [3.5482730130710349]
840 ; 73 ; 258 ; 8 ; [1.7027970489833433] ; [1.8285410995336238]
840 ; 73 ; 258 ; 9 ; [1.0917577208436187] ; [2.1543366950043037]
840 ; 73 ; 258 ; 14 ; [2.455613033817631] ; [1.5476834195654834]
840 ; 73 ; 258 ; 16 ; [2.1892392043069937] ; [2.7947986427239777]
840 ; 73 ; 258 ; 19 ; [1.6894888038119582] ; [2.8488960604630211]
840 ; 73 ; 258 ; 21 ; [1.111265295033192] ; [2.3183165661925291]
840 ; 73 ; 259 ; 0 ; [0.54164460350145993] ; [0.49196075526649174]
840 ; 73 ; 259 ; 1 ; [0.12451650716852089] ; [0.29955948478538597]
840 ; 73 ; 259 ; 3 ; [0.65165777872269948] ; [0.20238596443017901]
840 ; 73 ; 259 ; 4 ; [0.053439829281297355] ; [0.6245671701184583]
840 ; 73 ; 260 ; 0 ; [0.16749140789725925, 0.13281630144511022] ; [0.16720951593048544, 0.1382168707334773]
840 ; 73 ; 260 ; 1 ; [0.36293816887807689] ; [0.068019638809368455]
840 ; 73 ; 260 ; 3 ; [0.20991230283424825] ; [0.27086388040760623]
840 ; 73 ; 261 ; 0 ; [0.1434411735778218, 0.33250027992879139, 0.28077508148752267] ; [0.14016185895100944, 0.18758659563554073, 0.3099020493423964]
840 ; 73 ; 261 ; 1 ; [0.12779373984712886] ; [0.21169004019424628]
840 ; 73 ; 261 ; 2 ; [0.13567139162357347] ; [0.033862103151857025]
840 ; 73 ; 262 ; 0 ; [0.34807736655882959] ; [0.18414764190053473]
840 ; 73 ; 262 ; 3 ; [0.23063072760636164] ; [0.66335242831795949]
840 ; 73 ; 263 ; 0 ; [0.052953601461969917] ; [-0.01255373056199186]
840 ; 73 ; 263 ; 4 ; [0.35198609099978861] ; [2.3974875141614889]
840 ; 73 ; 264 ; 3 ; [1.7824269076779222] ; [1.8705904330844256]
840 ; 73 ; 265 ; 0 ; [0.37091555506906981] ; [0.35235441924631639]
840 ; 73 ; 265 ; 1 ; [0.15178440829381246] ; [0.10172770574389227]
840 ; 73 ; 265 ; 4 ; [0.095749202499295014] ; [0.26893578191325962]
840 ; 73 ; 266 ; 2 ; [0.97811393644439848] ; [0.46269760281984895]
840 ; 73 ; 266 ; 3 ; [0.49259385242103737] ; [0.37419506155682453]
840 ; 73 ; 267 ; 0 ; [0.54026851094988804, 0.04606898568568181] ; [0.3040496045791572, 0.13951475562456248]
840 ; 73 ; 268 ; 0 ; [0.24806315509934387] ; [0.14964389013982485]
840 ; 73 ; 269 ; 0 ; [0.23095272356372035, 0.54848598286707217] ; [0.32967461929830411, 0.82521764053506008]
840 ; 73 ; 270 ; 0 ; [0.16300214830225496, 0.37193729668830083, 0.62098284633576173] ; [0.16144797910571207, 0.34897815208308591, 0.14088689673917865]
840 ; 73 ; 270 ; 1 ; [0.22277300239598602] ; [0.017114983534943014]
840 ; 73 ; 271 ; 0 ; [0.37598352339252955] ; [0.36468112847442502]
840 ; 73 ; 272 ; 0 ; [2.8158255720023631] ; [0.50907148624751841]
840 ; 73 ; 272 ; 2 ; [0.14704787098397007] ; [1.1320676105698315]
840 ; 73 ; 272 ; 7 ; [0.65966277641819571] ; [0.84055087199775536]
840 ; 73 ; 272 ; 9 ; [0.44173562025389917] ; [2.1668564061104982]
840 ; 73 ; 273 ; 0 ; [0.0075517914621887564, 0.018148153785504509] ; [0.13682079317602897, 0.75488137194994387]
840 ; 73 ; 273 ; 1 ; [0.43029611462364364] ; [1.1558801799638962]
840 ; 73 ; 273 ; 2 ; [0.18988150265625062] ; [0.083659664058838817]
840 ; 73 ; 273 ; 3 ; [0.19399646872071166] ; [-0.0094668637075943085]
840 ; 73 ; 273 ; 9 ; [0.008012807387426036] ; [1.1217351542867364]
840 ; 73 ; 273 ; 10 ; [0.013640282636253937, 0.010847799715598055] ; [0.77022732244363112, 0.41712187016048519]
840 ; 73 ; 274 ; 0 ; [0.037848503510318522] ; [0.14112112201054788]
840 ; 73 ; 274 ; 2 ; [0.28845720240666178] ; [0.23447963412843778]
840 ; 73 ; 275 ; 0 ; [0.010848567537890513] ; [0.026771501608925975]
840 ; 73 ; 275 ; 1 ; [0.19397141787359673] ; [0.14429746624561438]
840 ; 73 ; 275 ; 3 ; [0.19581122835529063] ; [-0.025695376238196312]
840 ; 73 ; 277 ; 0 ; [0.0093190934683618134] ; [0.34540535156375302]
840 ; 73 ; 278 ; 0 ; [0.82047206466466005] ; [0.23822188854671109]
840 ; 73 ; 278 ; 1 ; [0.27119824802276532] ; [0.034617580933044526]
840 ; 73 ; 278 ; 2 ; [1.3353871871895893] ; [1.9892923976955226]
840 ; 73 ; 278 ; 3 ; [1.6721808082260652] ; [0.40046612965974487]
840 ; 73 ; 278 ; 6 ; [0.068300580018730975] ; [0.50163437484305906]
840 ; 73 ; 278 ; 12 ; [0.41811840447056692] ; [0.40516961198827151]
840 ; 73 ; 278 ; 14 ; [1.426621158264761] ; [0.9926850460935861]
840 ; 73 ; 278 ; 18 ; [0.90042993042469466] ; [1.6893169104556582]
840 ; 73 ; 278 ; 25 ; [1.182000601505276] ; [1.1165157775880543]
840 ; 73 ; 278 ; 26 ; [1.8867878853899791] ; [4.5984578945075612]
840 ; 73 ; 278 ; 28 ; [1.3782919335952386] ; [1.8471436338367662]
840 ; 73 ; 278 ; 31 ; [2.019943530001866] ; [1.1043446656003881]
840 ; 73 ; 278 ; 34 ; [1.2246790447188753] ; [2.8449296559495081]
840 ; 73 ; 278 ; 37 ; [0.84998673208287734] ; [1.1924005609878265]
840 ; 73 ; 279 ; 0 ; [0.015039914542448128] ; [0.12209186551479626]
840 ; 73 ; 280 ; 0 ; [0.67314493424691024, 0.15016311879989952] ; [0.098324376015669207, 0.85457378228810443]
840 ; 73 ; 280 ; 5 ; [1.9109249743007135] ; [2.0217580535937589]
840 ; 73 ; 280 ; 10 ; [0.45798697957043377] ; [1.1964386001740464]
840 ; 73 ; 280 ; 14 ; [0.00014154667586680443] ; [0.27777554750912842]
840 ; 73 ; 280 ; 15 ; [2.2749860564455799] ; [2.1584301811699964]
840 ; 73 ; 280 ; 16 ; [28.948982477109571] ; [0.59612905949632544]
840 ; 73 ; 281 ; 0 ; [0.017414398303583906, 0.12791052965947133] ; [0.21059955576130257, 0.67706194336976344]
840 ; 73 ; 282 ; 0 ; [0.83215945388836299] ; [0.21595686382065607]
840 ; 73 ; 282 ; 1 ; [0.75340390730929929] ; [1.2599857181024257]
840 ; 73 ; 282 ; 7 ; [0.74312420577610683] ; [1.133924756147658]
840 ; 73 ; 282 ; 14 ; [0.017091154800251827] ; [1.8671645008514912]
840 ; 73 ; 282 ; 15 ; [0.53610209959555322] ; [2.3587370268736567]
840 ; 73 ; 282 ; 18 ; [1.5813652204967883] ; [0.85623943880741982]
840 ; 73 ; 283 ; 0 ; [0.40481171873035582] ; [1.3274970695912118]
840 ; 73 ; 283 ; 3 ; [1.2289159922308599] ; [0.74423447097921214]
840 ; 73 ; 283 ; 4 ; [0.53159143425554245] ; [1.1557977682574103]
840 ; 73 ; 283 ; 8 ; [0.37552187173587298] ; [2.2234927915518514]
840 ; 73 ; 283 ; 9 ; [2.741235268510787] ; [2.1805322647464775]
840 ; 73 ; 283 ; 10 ; [0.47502686629278296] ; [1.9423301754264672]
840 ; 73 ; 283 ; 11 ; [1.5899878715379263] ; [0.68049616352586162]
840 ; 73 ; 283 ; 12 ; [1.5683091688371908] ; [0.45906975616418733]
840 ; 73 ; 283 ; 13 ; [1.9618740247026303] ; [2.2445956479009115]
840 ; 73 ; 283 ; 14 ; [0.45916179147015374] ; [1.58004916749017]
840 ; 73 ; 283 ; 17 ; [2.9099555272231061] ; [1.441427980431931]
840 ; 73 ; 283 ; 21 ; [0.81337481608887197] ; [0.90862376097759767]
840 ; 73 ; 283 ; 22 ; [2.2439619733640206] ; [1.1601067458695029]
840 ; 73 ; 283 ; 23 ; [0.42105134907036401, 1.4552859523346211, 0.68434125288497427] ; [0.17577137278558144, 0.15987304862692339, 0.43302420210862086]
840 ; 73 ; 283 ; 24 ; [0.70790462894799722] ; [0.57695964529472232]
840 ; 73 ; 285 ; 0 ; [0.15732678540677064, 0.16861042133480458, 0.18864588547799332, 0.10723143119314242, 0.065942479903329909] ; [0.15301239845729364, 0.21516327909975491, 0.18809439252354607, 0.22623920742006731, 0.25009896567450007]
840 ; 73 ; 286 ; 1 ; [0.10530892078884443] ; [-0.00072780333422673305]
840 ; 73 ; 286 ; 2 ; [1.1288504943838022] ; [0.19464262514914554]
840 ; 73 ; 287 ; 0 ; [0.56080666422497905] ; [1.8916424754509049]
840 ; 73 ; 287 ; 1 ; [0.38605294618758629] ; [1.62770834618967]
840 ; 73 ; 287 ; 2 ; [2.2645484488978784] ; [1.847101763316374]
840 ; 73 ; 287 ; 5 ; [1.5262248680966806] ; [1.7336844696499367]
840 ; 73 ; 287 ; 8 ; [0.1246628568977787] ; [1.1959739367069082]
840 ; 73 ; 288 ; 0 ; [0.6666890651431191] ; [0.51957130003924179]
840 ; 73 ; 288 ; 1 ; [1.0329077553653716] ; [0.45367937105157391]
840 ; 73 ; 288 ; 5 ; [0.46099216061607884] ; [0.65422519759363162]
840 ; 73 ; 288 ; 6 ; [1.1117226812256169] ; [0.71331490787895513]
840 ; 73 ; 288 ; 8 ; [0.6261301025139423] ; [0.44707895534138103]
840 ; 73 ; 288 ; 22 ; [1.9651826418852132] ; [0.29333763422962966]
840 ; 73 ; 289 ; 0 ; [1.4460427233118807] ; [0.18441340251731761]
840 ; 73 ; 290 ; 3 ; [3.4860106024749755] ; [3.6944684684801206]
840 ; 73 ; 290 ; 4 ; [5.2363543541898681] ; [5.9078955188986582]
840 ; 73 ; 290 ; 5 ; [3.5827344780555732] ; [1.7753939459036798]
840 ; 73 ; 290 ; 9 ; [2.9218693383262502] ; [0.81611141921153985]
840 ; 73 ; 290 ; 14 ; [0.014402190131072879] ; [0.55849201077824584]
840 ; 73 ; 290 ; 21 ; [2.8574561670092518] ; [2.0462753437247287]
840 ; 73 ; 291 ; 0 ; [0.18260408908278358, 0.28804707244783689, 0.053213251845765933, 0.088893631524433817, 0.046196606957539334] ; [0.42358305837961796, 0.17512811656228966, 0.79630959255718792, 0.16693995639336315, 0.12565956763692598]
840 ; 73 ; 291 ; 1 ; [0.065141517691007053] ; [0.060750038428204048]
840 ; 73 ; 292 ; 0 ; [0.78977198868667653] ; [-0.0028294466359303975]
840 ; 73 ; 292 ; 1 ; [0.32783116252063099] ; [0.25662770719839073]
840 ; 73 ; 292 ; 2 ; [0.9197075899413133] ; [0.51769502762868969]
840 ; 73 ; 292 ; 3 ; [2.6067283307894287] ; [1.6043782678396528]
840 ; 73 ; 292 ; 12 ; [3.1195833428192721] ; [4.3982960303539365]
840 ; 73 ; 292 ; 19 ; [1.0672948631140531] ; [0.5278849414341984]
840 ; 73 ; 292 ; 24 ; [0.48280355974364098] ; [3.2741634018558581]
840 ; 73 ; 292 ; 33 ; [0.37615837937786628] ; [3.352737085280975]
840 ; 73 ; 292 ; 34 ; [3.119446576261617] ; [0.96003274819070694]
840 ; 73 ; 292 ; 40 ; [1.7701131606739657] ; [1.4056001481774238]
840 ; 73 ; 293 ; 0 ; [0.024958521642696057, 0.013798389400709569] ; [0.10037382589721507, 0.10172672443115487]
840 ; 73 ; 293 ; 1 ; [0.26172452112837086] ; [0.74339597942477242]
840 ; 73 ; 293 ; 4 ; [0.058929486956893921] ; [0.20119034770256006]
840 ; 73 ; 293 ; 5 ; [0.15055257844362929] ; [0.72554432035323013]
840 ; 73 ; 293 ; 8 ; [0.64664400581987369] ; [0.8234154422045239]
840 ; 73 ; 293 ; 9 ; [0.72358020078839624] ; [0.74233748039627989]
840 ; 73 ; 294 ; 0 ; [0.36887026497979764] ; [0.12151431063866926]
840 ; 73 ; 294 ; 1 ; [2.4098371536174072] ; [1.0571188624178516]
840 ; 73 ; 294 ; 3 ; [0.13987559472007829] ; [1.3553241009941794]
840 ; 73 ; 294 ; 6 ; [0.15237412007374071] ; [0.086842655731057192]
840 ; 73 ; 294 ; 7 ; [0.1511393080779676] ; [0.05126919601366825]
840 ; 73 ; 295 ; 0 ; [0.15527060362392189, 0.033819945185937089] ; [0.47002984532197051, 0.09552395084519974]
840 ; 73 ; 296 ; 0 ; [2.6630017745180443] ; [1.2285924779823629]
840 ; 73 ; 296 ; 3 ; [1.3221307069636214] ; [0.69144061062716122]
840 ; 73 ; 296 ; 4 ; [1.9568283477272628] ; [0.41815372319172339]
840 ; 73 ; 296 ; 11 ; [2.1873248144461765] ; [1.4111173166964264]
840 ; 73 ; 296 ; 13 ; [1.9140054972281972] ; [1.41047303394757]
840 ; 73 ; 296 ; 16 ; [2.083737077989738] ; [2.440580294371034]
840 ; 73 ; 296 ; 17 ; [1.7287981289623506] ; [1.9216184171992965]
840 ; 73 ; 296 ; 18 ; [0.10686644655092838] ; [1.756995867730571]
840 ; 73 ; 296 ; 20 ; [0.18986138736748218] ; [2.2295482329657177]
840 ; 73 ; 296 ; 22 ; [3.3048335392323498] ; [1.6913264389296181]
840 ; 73 ; 296 ; 24 ; [1.6070860510874581] ; [1.6955285029132681]
840 ; 73 ; 297 ; 0 ; [0.0080591475731160399, 0.014657958322601802, 0.023771517104875298] ; [0.22755091603105379, 0.16824574123728706, 0.12514636013830652]
840 ; 73 ; 298 ; 0 ; [0.22385556154564509] ; [-0.0012984966699173611]
840 ; 73 ; 298 ; 1 ; [0.49281468017217855] ; [0.57888484565421527]
840 ; 73 ; 298 ; 2 ; [0.22830350019295662] ; [0.38972976162399692]
840 ; 73 ; 298 ; 4 ; [0.33136005370443561] ; [2.1063548233872509]
840 ; 73 ; 298 ; 12 ; [1.9315699394666572] ; [0.47879109871744385]
840 ; 73 ; 299 ; 0 ; [0.0018206947734293053, 0.0033509704614647648, 0.0034450950751646211, 0.00019543943389233178, -0.0072310442414852561] ; [0.14945866449648498, 0.16755400899519809, 0.1509085797459005, 0.2132664216762776, 0.10706259075533046]
840 ; 73 ; 300 ; 0 ; [0.097511447193291592, 0.021324031976299316, 0.4246437259277594] ; [0.22110475388349582, 0.19122459500912969, 0.084732325414408519]
840 ; 73 ; 301 ; 0 ; [0.39127603994348942] ; [0.20703411238584149]
840 ; 73 ; 302 ; 0 ; [0.097549949097053335, 0.076966465793666963] ; [0.12888206635368923, 0.10591417817996175]
840 ; 73 ; 303 ; 0 ; [0.3051631158909564, 0.039788932018403951, 0.0069115904001452368] ; [0.12496002899902271, 0.37416725337161477, 1.0317376039148762]
840 ; 73 ; 305 ; 0 ; [1.0305750238384097] ; [6.0225256866313117]
840 ; 73 ; 305 ; 1 ; [0.0070657851286717336] ; [1.5509830707286349]
840 ; 73 ; 305 ; 2 ; [0.56985544959900114] ; [0.57068657045802973]
840 ; 73 ; 306 ; 0 ; [0.098052186032715649] ; [0.48762383426987066]
840 ; 73 ; 306 ; 1 ; [0.94085311233580238] ; [1.7330339092963478]
840 ; 73 ; 307 ; 0 ; [0.67281930206012253, 0.16388955734842234, 0.18666470001543953] ; [0.44775008671048583, 0.19616199857378711, 0.2126448268417501]
840 ; 73 ; 307 ; 1 ; [0.13895645084444613, 0.16295686957533781] ; [0.73337880486794693, 0.84915077177324083]
840 ; 73 ; 307 ; 2 ; [0.38765558236762127] ; [0.4460808297520093]
840 ; 73 ; 307 ; 4 ; [0.01506692162022783] ; [0.68746834429302395]
840 ; 73 ; 308 ; 0 ; [0.27009408333481855, 0.4615238964083434] ; [0.17928410385984675, 0.11217661192082691]
840 ; 73 ; 308 ; 2 ; [0.38499862346754632] ; [0.89304639951740461]
840 ; 73 ; 309 ; 0 ; [0.12010969036618105, 0.014460914552744947, 0.046334845610279778] ; [0.17051711269747394, 0.27111735841738482, 0.12678175519034535]
840 ; 73 ; 310 ; 0 ; [0.16153717418881819] ; [0.041135494641538303]
840 ; 73 ; 310 ; 1 ; [0.14167550197362183] ; [0.017766522267595546]
840 ; 73 ; 310 ; 2 ; [0.36606091536327351] ; [0.45254059429111815]
840 ; 73 ; 310 ; 3 ; [0.23254911684333335] ; [0.34588564260223448]
840 ; 73 ; 310 ; 6 ; [0.18529741539315572] ; [0.12159060865296425]
840 ; 73 ; 310 ; 10 ; [0.031650652232252004] ; [0.87557357887988529]
840 ; 73 ; 311 ; 0 ; [2.4555341076710047] ; [0.086464429160707873]
840 ; 73 ; 311 ; 1 ; [1.1504174600587138] ; [0.46298132523178381]
840 ; 73 ; 311 ; 2 ; [1.534663069256899] ; [0.30497946671028431]
840 ; 73 ; 311 ; 4 ; [1.8637334919622228] ; [0.42675545343451315]
840 ; 73 ; 311 ; 8 ; [0.34877083332486802] ; [1.6631745148629302]
840 ; 73 ; 311 ; 18 ; [1.5891211846621305] ; [2.5823257574042118]
840 ; 73 ; 311 ; 19 ; [1.9120736225503281] ; [1.0310645945914916]
840 ; 73 ; 312 ; 0 ; [0.29032119910996623, 0.061972943976948171] ; [0.34205488684110491, 0.29478457798616214]
840 ; 73 ; 312 ; 1 ; [0.2122537816905806] ; [0.22845696631640369]
840 ; 73 ; 313 ; 0 ; [0.40225368373767117] ; [1.7860920774485272]
840 ; 73 ; 313 ; 1 ; [1.5050062237787305] ; [1.7714409689018129]
840 ; 73 ; 313 ; 2 ; [3.5405751719077529] ; [2.3553111079445852]
840 ; 73 ; 313 ; 4 ; [9.9210640594041486] ; [1.6897988174089267]
840 ; 73 ; 313 ; 5 ; [8.7723957100756866] ; [1.8878100483414217]
840 ; 73 ; 313 ; 9 ; [2.1713091230427817] ; [0.27820206326390934]
840 ; 73 ; 314 ; 0 ; [0.066785641453183497, 0.056545916175369651, 0.259586021815365, 0.11457585847769647] ; [0.088197523386947682, 0.24401589644501556, 0.84466962139563873, 0.1645497095470928]
840 ; 73 ; 314 ; 1 ; [49.079589437238852] ; [0.1526589804709641]
840 ; 73 ; 315 ; 8 ; [1.3954408652326813] ; [1.5629133514786921]
840 ; 73 ; 315 ; 10 ; [1.0873210494189729] ; [0.94859992794183612]
840 ; 73 ; 315 ; 11 ; [2.6816732644394721] ; [0.90762224176627093]
840 ; 73 ; 316 ; 0 ; [0.40427266171191067] ; [0.02972290973106758]
840 ; 73 ; 317 ; 4 ; [1.4117661975001727] ; [0.29394509800468122]
840 ; 73 ; 317 ; 6 ; [0.26225837490585813] ; [1.0265563181647268]
840 ; 73 ; 317 ; 13 ; [0.079398592542986521] ; [0.15492701287870098]
840 ; 73 ; 317 ; 15 ; [0.0030314654424505039] ; [0.47761345038430797]
840 ; 73 ; 317 ; 16 ; [1.6189852015928881] ; [1.0255293990836907]
840 ; 73 ; 317 ; 18 ; [0.17678045014744714] ; [2.310834033148117]
840 ; 73 ; 318 ; 0 ; [1.6089065615348903] ; [0.94448761464227027]
840 ; 73 ; 318 ; 2 ; [0.49124021668996865] ; [0.92838719733016817]
840 ; 73 ; 318 ; 3 ; [0.20847274029060933] ; [1.3425753152541491]
840 ; 73 ; 318 ; 4 ; [1.0902088808325183] ; [0.55972069371647859]
840 ; 73 ; 318 ; 5 ; [1.905768328458022] ; [0.46993083881290332]
840 ; 73 ; 318 ; 6 ; [0.72340408655907262] ; [0.33569898825130595]
840 ; 73 ; 318 ; 7 ; [0.62476530191736313] ; [0.84569104050980126]
840 ; 73 ; 319 ; 0 ; [2.5752719236769424] ; [0.47979008424048575]
840 ; 73 ; 319 ; 1 ; [0.50939233644257531] ; [0.062969760351280712]
840 ; 73 ; 319 ; 7 ; [4.3354602659637438] ; [1.141820976675435]
840 ; 73 ; 320 ; 0 ; [0.17104883685559413, 0.21509156931915907, 0.0076086706944931389, -0.01029399030681325] ; [0.12055477680317038, 0.21846554673719837, 0.43358071218618566, 0.11735998819141953]
840 ; 73 ; 320 ; 1 ; [0.42326393562765313] ; [0.3455136678001306]
840 ; 73 ; 321 ; 0 ; [0.032969323802613956, 0.034838233860772894, 0.13660403174033245, -0.011161659754849545] ; [0.15054580728549111, 0.20598391424232879, 0.18645935623013452, 0.070208028307068862]
840 ; 73 ; 324 ; 1 ; [2.2351799627397826] ; [0.98967479848869189]
840 ; 73 ; 325 ; 0 ; [2.2766718779349371] ; [0.6123441580693888]
840 ; 73 ; 326 ; 0 ; [1.4439263090576286] ; [0.52602282441586701]
840 ; 73 ; 326 ; 1 ; [0.52487581388298099, 0.41767101562506637] ; [0.16360160015084779, 0.24957231042578609]
840 ; 73 ; 326 ; 2 ; [0.31593034503930756] ; [1.3500016980250036]
840 ; 73 ; 326 ; 4 ; [1.1780396669729734] ; [1.863822073546229]
840 ; 73 ; 326 ; 5 ; [0.204282008800245] ; [1.2424150522352171]
840 ; 73 ; 326 ; 7 ; [0.63438044832663909] ; [0.53977178265217995]
840 ; 73 ; 326 ; 10 ; [1.5177227626223324] ; [1.7192303203359769]
840 ; 73 ; 326 ; 12 ; [0.93165253441137053] ; [1.5699253670210112]
840 ; 73 ; 326 ; 13 ; [1.7196298494029432] ; [0.57015213394655362]
840 ; 73 ; 327 ; 0 ; [-0.0044564008046324467, 0.029569824802331252, 0.036170416667048379, 0.026928783167393493] ; [0.14954712264153658, 0.21699215346249368, 0.18687971102398931, 0.093193032711005985]
840 ; 73 ; 327 ; 1 ; [-0.014657664037725027] ; [0.0028118860945215507]
840 ; 73 ; 327 ; 2 ; [0.021718931365698059] ; [0.019950736084711294]
840 ; 73 ; 328 ; 1 ; [0.019250017652046196, 0.13445351146329357, -0.0037029591367247969, 0.096372100712017864] ; [0.17949278165574165, 0.30773226584866792, 0.17910080420106705, 0.17521784051629766]
840 ; 73 ; 329 ; 0 ; [1.4153844040624002] ; [0.27191242444039337]
840 ; 73 ; 329 ; 4 ; [1.7964779518581715] ; [1.5832009488203964]
840 ; 73 ; 329 ; 8 ; [1.4647254973171953] ; [1.841423668714036]
840 ; 73 ; 329 ; 18 ; [1.6812482956754631] ; [2.938169988593085]
840 ; 73 ; 330 ; 0 ; [0.025837211491540817, 0.024605646474307519, 0.39257351463578632, 0.12107662868051355] ; [0.37596960718420047, 0.16249559838967922, 0.16032248873976945, 0.10045541183506397]
840 ; 73 ; 330 ; 1 ; [0.19942397078818069, 0.52058607242884436] ; [0.1922271238601316, 0.30473087233811397]
840 ; 73 ; 330 ; 2 ; [0.1208108600924144] ; [0.86612238148053478]
840 ; 73 ; 331 ; 0 ; [0.24210097939460407, 0.24531546387142711] ; [0.18674945179632985, 0.12268642156708101]
840 ; 73 ; 332 ; 1 ; [1.3046459424306489] ; [0.069494891390688068]
840 ; 73 ; 334 ; 0 ; [0.098838606982249125, 0.17814119596606448] ; [0.14863126209921571, 0.15472871890860637]