# Run ; Subrun ; Event ; Track ; Charge Ratios View 0 ; Charge Ratios View 1 #
840 ; 48 ; 0 ; 1 ; [0.11978484017921931] ; [0.17594880426231263]
840 ; 48 ; 0 ; 2 ; [2.2054278396248934] ; [0.54084100061515217]
840 ; 48 ; 0 ; 3 ; [0.35450545980933051] ; [-0.0091133358946095186]
840 ; 48 ; 0 ; 4 ; [1.6542616840294311] ; [0.60233630402630711]
840 ; 48 ; 0 ; 6 ; [2.5082682642060892] ; [0.91003692238459233]
840 ; 48 ; 1 ; 0 ; [0.20675890761816065] ; [0.69444790527933953]
840 ; 48 ; 1 ; 1 ; [0.08825255265433006] ; [-0.0056699041330171493]
840 ; 48 ; 1 ; 2 ; [1.0176206320682506] ; [0.6614586115679354]
840 ; 48 ; 1 ; 3 ; [1.7405464120907668] ; [0.44390942187583449]
840 ; 48 ; 3 ; 0 ; [0.28386584731158371, 0.18786394883704188, 0.12888498297903148] ; [0.15284685964934847, 0.19417630544039749, 0.19811603100502834]
840 ; 48 ; 3 ; 1 ; [0.10628148940415473, 0.18442243393037766] ; [0.070420717736253191, 0.19859508547995736]
840 ; 48 ; 4 ; 0 ; [0.26188880254943836, 0.21881958636280646, 0.22110482882617907] ; [0.1927894359977004, 0.24361330700385356, 0.25141110211779566]
840 ; 48 ; 4 ; 1 ; [0.35446709248673758] ; [0.26078228251171076]
840 ; 48 ; 5 ; 9 ; [0.51386761696861227] ; [0.49029213138931055]
840 ; 48 ; 6 ; 0 ; [0.57463090004816586] ; [0.021426504665390058]
840 ; 48 ; 6 ; 1 ; [1.9901648869580646] ; [0.239343425881475]
840 ; 48 ; 6 ; 9 ; [0.13959269398033505] ; [0.98426799233397899]
840 ; 48 ; 7 ; 1 ; [2.7493136208164826] ; [0.56535952283296564]
840 ; 48 ; 7 ; 2 ; [0.43704098172039224] ; [0.62360011032178742]
840 ; 48 ; 8 ; 2 ; [0.085955538055350486] ; [0.06650274398583543]
840 ; 48 ; 8 ; 4 ; [0.05681113365912379] ; [0.12247276117707777]
840 ; 48 ; 8 ; 5 ; [1.5525726331378615] ; [0.70071143503849376]
840 ; 48 ; 8 ; 20 ; [0.51552299283226699] ; [1.6362151533593048]
840 ; 48 ; 9 ; 0 ; [0.17657718405242356, 0.5465748603801045, 0.073406029636170017] ; [0.27317710583668481, 0.73288548957726463, 0.16707215851352866]
840 ; 48 ; 10 ; 0 ; [0.34215328653584209] ; [0.57989369135708613]
840 ; 48 ; 10 ; 2 ; [0.0055823395895851832] ; [0.072220738513119428]
840 ; 48 ; 11 ; 0 ; [1.5272280323021288] ; [0.65838226243255971]
840 ; 48 ; 11 ; 8 ; [0.091226983951564339] ; [1.0819172938777863]
840 ; 48 ; 12 ; 0 ; [0.26262816368096414] ; [0.1904073766055826]
840 ; 48 ; 12 ; 1 ; [0.29656977194691858] ; [0.35933120016916481]
840 ; 48 ; 12 ; 4 ; [0.70158561845058731] ; [0.28474852984685978]
840 ; 48 ; 12 ; 7 ; [0.8322772192667367] ; [0.33955325215275117]
840 ; 48 ; 13 ; 0 ; [0.90510480704796548] ; [0.48322794435206745]
840 ; 48 ; 13 ; 1 ; [0.22017631456424042] ; [0.091607877612565378]
840 ; 48 ; 13 ; 3 ; [0.65627724385851793] ; [1.4108479220039822]
840 ; 48 ; 13 ; 4 ; [0.30934011116057886] ; [0.7813768221065257]
840 ; 48 ; 13 ; 5 ; [0.6184157603491709] ; [0.39760112544375542]
840 ; 48 ; 14 ; 0 ; [3.302659814589493] ; [0.32395894707077411]
840 ; 48 ; 14 ; 1 ; [0.30900438923743401] ; [-0.063929480647142004]
840 ; 48 ; 15 ; 0 ; [0.36031629754754008] ; [0.43146845707024051]
840 ; 48 ; 15 ; 1 ; [0.53766563388239097] ; [0.11478260929876466]
840 ; 48 ; 15 ; 5 ; [1.3853609238430722] ; [0.35948069098656793]
840 ; 48 ; 16 ; 0 ; [1.8322412658876615] ; [1.9626098250497046]
840 ; 48 ; 16 ; 1 ; [1.6730954730144225, 1.8602121422566811] ; [2.9877116511446573, 2.1273426710354406]
840 ; 48 ; 16 ; 2 ; [1.7983259784218497, 2.3911481261363661] ; [1.8169702631047833, 2.2074417268308579]
840 ; 48 ; 16 ; 3 ; [1.7527292593061177] ; [2.0336310649950597]
840 ; 48 ; 16 ; 4 ; [2.217820208998345, 2.1292611364585317] ; [1.9875720089441373, 1.6919438753561398]
840 ; 48 ; 16 ; 5 ; [1.8900021813923191, 1.8027168955154029] ; [1.5381270339710646, 2.796025419589026]
840 ; 48 ; 16 ; 6 ; [2.4063875138642157] ; [1.9455892625398474]
840 ; 48 ; 16 ; 7 ; [1.9262854578038349] ; [1.7351125508639591]
840 ; 48 ; 16 ; 8 ; [2.3142046258355666] ; [2.2974511091396903]
840 ; 48 ; 16 ; 9 ; [1.6678330873751979] ; [1.8655115570608614]
840 ; 48 ; 16 ; 10 ; [2.0847784026147314] ; [1.7135959247513146]
840 ; 48 ; 16 ; 11 ; [2.188349779476106] ; [1.9142967969279632]
840 ; 48 ; 16 ; 12 ; [2.2461884690920639] ; [1.8158087068127264]
840 ; 48 ; 16 ; 14 ; [1.6516548378140112] ; [1.8313067797926119]
840 ; 48 ; 16 ; 15 ; [2.1159425864062711] ; [4.7848888531684972]
840 ; 48 ; 16 ; 16 ; [1.7624627688436805] ; [2.778329313056509]
840 ; 48 ; 16 ; 17 ; [0.67931910217674285, 3.7155355181550536] ; [1.3008445512842384, 4.5529979910992928]
840 ; 48 ; 16 ; 18 ; [1.974741098329402] ; [1.889421485037486]
840 ; 48 ; 16 ; 19 ; [2.4514108190638524] ; [1.3543137131797169]
840 ; 48 ; 16 ; 20 ; [2.1970007856010181] ; [1.3673865422203704]
840 ; 48 ; 16 ; 21 ; [1.8765855875846169] ; [2.2194866670494462]
840 ; 48 ; 16 ; 22 ; [2.42820269189597] ; [2.115263846353026]
840 ; 48 ; 16 ; 23 ; [2.1747103879370417] ; [1.3545692983882232]
840 ; 48 ; 16 ; 24 ; [1.6680492901904149] ; [2.0539641106822049]
840 ; 48 ; 16 ; 25 ; [1.3499882651896045] ; [1.9633195728444899]
840 ; 48 ; 16 ; 26 ; [1.5115047873354821] ; [2.2471792492156411]
840 ; 48 ; 16 ; 27 ; [2.0488692552610406] ; [2.1848545081888062]
840 ; 48 ; 16 ; 28 ; [1.6463100215867073] ; [1.78536973944486]
840 ; 48 ; 16 ; 29 ; [2.3947341507160971] ; [1.2033394303654192]
840 ; 48 ; 16 ; 30 ; [0.42025623903011633] ; [1.8665553147358582]
840 ; 48 ; 16 ; 31 ; [1.4714125681178361] ; [1.3640692356566737]
840 ; 48 ; 16 ; 32 ; [1.7766279879097673] ; [5.5617792842478888]
840 ; 48 ; 16 ; 33 ; [2.5497505955936579] ; [3.448450631366708]
840 ; 48 ; 16 ; 34 ; [2.1316113115894302] ; [1.8563553081637365]
840 ; 48 ; 16 ; 35 ; [1.4511023070470055] ; [2.4142665062047843]
840 ; 48 ; 16 ; 37 ; [2.2725443644728762] ; [1.6200609615247941]
840 ; 48 ; 16 ; 38 ; [1.7251804455056634] ; [1.6147602868882442]
840 ; 48 ; 16 ; 39 ; [1.7412983616534186] ; [2.0541195885561758]
840 ; 48 ; 16 ; 40 ; [1.7584376459635296] ; [2.0777851331480037]
840 ; 48 ; 16 ; 41 ; [1.5238198664974758] ; [1.9207755224260092]
840 ; 48 ; 16 ; 42 ; [1.553620757471436] ; [2.6718979923346806]
840 ; 48 ; 16 ; 43 ; [2.0299537987256819] ; [3.155391186788985]
840 ; 48 ; 16 ; 44 ; [2.5799742404754888] ; [2.0642034208555549]
840 ; 48 ; 16 ; 45 ; [1.7326758526121246] ; [2.0075269837930101]
840 ; 48 ; 16 ; 46 ; [1.621158192745533] ; [5.7457559596198164]
840 ; 48 ; 16 ; 47 ; [2.1638565789631121] ; [1.9924793056667218]
840 ; 48 ; 16 ; 48 ; [2.6889702768561818] ; [2.567742948307385]
840 ; 48 ; 16 ; 49 ; [1.9884231050403749] ; [2.3866990368590297]
840 ; 48 ; 16 ; 50 ; [1.8251194879756936] ; [1.9482459524157067]
840 ; 48 ; 16 ; 51 ; [2.2034853760908564] ; [2.1560616920178273]
840 ; 48 ; 16 ; 52 ; [1.6208363594870552] ; [3.0114466165757201]
840 ; 48 ; 16 ; 53 ; [2.042009682130292] ; [1.9799515207356311]
840 ; 48 ; 16 ; 54 ; [1.5577115454877353] ; [1.5766847529429826]
840 ; 48 ; 16 ; 55 ; [1.9415483880792701] ; [2.1944592021665512]
840 ; 48 ; 16 ; 56 ; [0.88936275198774417] ; [1.013717796170795]
840 ; 48 ; 16 ; 57 ; [1.6486207929720567] ; [2.5146764555576162]
840 ; 48 ; 16 ; 58 ; [1.3256361184025049] ; [1.6139695057341801]
840 ; 48 ; 16 ; 59 ; [1.7342429904117893] ; [0.61689800640869252]
840 ; 48 ; 16 ; 64 ; [1.5833327405164734] ; [2.2638041692301045]
840 ; 48 ; 16 ; 67 ; [1.749753063387129] ; [1.8498317349458062]
840 ; 48 ; 16 ; 68 ; [1.5397363177171075] ; [1.6463787708714281]
840 ; 48 ; 16 ; 69 ; [1.8420894128705403] ; [2.0272920765068148]
840 ; 48 ; 16 ; 70 ; [1.8263664045430068] ; [2.1965772119791023]
840 ; 48 ; 17 ; 0 ; [0.099836052636263786, 0.084557509562233249] ; [0.19802764389424674, 0.14491719425445096]
840 ; 48 ; 17 ; 1 ; [1.9738551280588812] ; [0.013989228344788921]
840 ; 48 ; 18 ; 0 ; [0.78620777714915524, 0.76032449960339232] ; [0.16259795456888812, 0.10593477619377464]
840 ; 48 ; 18 ; 1 ; [0.43870488625053322] ; [1.8012723599101113]
840 ; 48 ; 19 ; 0 ; [0.39304349011204137] ; [0.39550817216077683]
840 ; 48 ; 20 ; 0 ; [0.014022758413459114, 0.11459789833642076] ; [0.058031378114063323, 0.041180501096330466]
840 ; 48 ; 20 ; 1 ; [0.1858012893012313] ; [0.47337561219004975]
840 ; 48 ; 21 ; 0 ; [0.40563070984060789, 0.24916734868173807] ; [0.43612474806411111, 0.32304682458716771]
840 ; 48 ; 21 ; 2 ; [-0.0078536357228337055] ; [0.22367979903317528]
840 ; 48 ; 22 ; 0 ; [0.16738257861754163, 0.59760386170779523] ; [0.35227163902686004, 0.41904987152835266]
840 ; 48 ; 23 ; 1 ; [-0.035717904876000565] ; [0.0051976438497724434]
840 ; 48 ; 24 ; 3 ; [0.20021161292710291, 0.30318253118942673, 0.52621944012208943, 1.4452117346538973] ; [0.2099279628906156, 0.39429245830575288, 0.66420024259506061, 0.51107801557242605]
840 ; 48 ; 25 ; 0 ; [0.0085426446416337655, 0.013222581530001734] ; [0.37905144909765742, 0.14649223299066147]
840 ; 48 ; 25 ; 1 ; [0.28998924349843702] ; [0.30039216493200388]
840 ; 48 ; 26 ; 3 ; [1.9734665873140314] ; [0.08193480774276593]
840 ; 48 ; 26 ; 8 ; [0.48866408943474532] ; [3.3720318397484608]
840 ; 48 ; 27 ; 0 ; [0.21094924989077066, 0.18091551761943678, 0.39735008994856541, 0.42710818149276603] ; [0.21670146340985622, 0.35280543878580889, 0.46534331743543383, 0.095848815932196768]
840 ; 48 ; 27 ; 1 ; [0.42762698242019798] ; [0.24144917698450594]
840 ; 48 ; 28 ; 0 ; [0.16836881305268031] ; [0.3715529648386881]
840 ; 48 ; 28 ; 1 ; [2.1813511978414422] ; [0.40527171356693042]
840 ; 48 ; 28 ; 3 ; [0.5617818395904578] ; [0.13137531595162955]
840 ; 48 ; 29 ; 5 ; [2.4413109734235183] ; [2.0201416923417441]
840 ; 48 ; 29 ; 12 ; [1.885142768831845] ; [1.1107742701925309]
840 ; 48 ; 29 ; 13 ; [0.45715182678406413] ; [1.973940529778853]
840 ; 48 ; 29 ; 14 ; [1.3365769905142968] ; [1.8572090172072284]
840 ; 48 ; 29 ; 15 ; [0.46795346789836412] ; [2.076338975665843]
840 ; 48 ; 30 ; 0 ; [0.10967075155729471] ; [0.10098470765717614]
840 ; 48 ; 30 ; 1 ; [0.70191270253686289] ; [0.024541965559936887]
840 ; 48 ; 30 ; 2 ; [0.67835636381482978] ; [0.16467555079397769]
840 ; 48 ; 31 ; 1 ; [0.075703176362234906] ; [0.15373093422609949]
840 ; 48 ; 32 ; 0 ; [0.0074352330098412852, -0.0017005539606106954, 0.1772661258240664, 0.039736446673881078] ; [0.18716712115218617, 0.32590049856165448, 0.45093813195137578, 0.1766941977042312]
840 ; 48 ; 32 ; 1 ; [0.21963292875624069] ; [0.30619165562177836]
840 ; 48 ; 32 ; 2 ; [0.14626695338826304] ; [0.13018618996386769]
840 ; 48 ; 33 ; 0 ; [0.33041561293156158, 0.2499620271771254, 0.93757286853487276] ; [0.39983613096267473, 0.39230567957896767, 0.23172450337408246]
840 ; 48 ; 33 ; 1 ; [1.6071725332298776] ; [0.062143769991052276]
840 ; 48 ; 33 ; 2 ; [0.14643548067572712] ; [0.066087326796113482]
840 ; 48 ; 33 ; 5 ; [0.14289949255746334] ; [0.005769803871908584]
840 ; 48 ; 34 ; 0 ; [0.11330208876314124, -0.036659770164026315] ; [0.37016068106208722, 0.16053889023568912]
840 ; 48 ; 34 ; 1 ; [0.23485544568109198, 0.16228388865734333] ; [0.14711712654588194, 0.09821147815157448]
840 ; 48 ; 34 ; 2 ; [0.45284984059235367] ; [0.0070375766858382155]
840 ; 48 ; 35 ; 0 ; [0.10385018806974733, 0.083959240365371154, 0.14397072640029016, 0.15879137457775622, 0.11444686160975578, 0.21776488477249725] ; [0.094246934599817325, 0.18100138009847694, 0.11587549804952116, 0.16972977193616096, 0.20289081796144309, 0.075429428343575508]
840 ; 48 ; 36 ; 0 ; [0.17500206695665868] ; [0.27261410721721108]
840 ; 48 ; 36 ; 1 ; [0.26144651198539492] ; [0.55736078370231668]
840 ; 48 ; 37 ; 0 ; [1.9264285571473396] ; [2.1999584217260599]
840 ; 48 ; 37 ; 2 ; [1.4951208905124829] ; [1.601591486030215]
840 ; 48 ; 37 ; 3 ; [1.1151477120276581] ; [0.22396783229703485]
840 ; 48 ; 37 ; 4 ; [1.9302074054084721] ; [1.4250868093459885]
840 ; 48 ; 37 ; 5 ; [1.7154354728239956] ; [1.0597376457817709]
840 ; 48 ; 37 ; 6 ; [-0.25477756893229386] ; [1.8353678803665183]
840 ; 48 ; 37 ; 7 ; [1.8347580681757114] ; [1.2146801002654068]
840 ; 48 ; 37 ; 10 ; [0.067374913772677153] ; [0.14123936265144618]
840 ; 48 ; 38 ; 0 ; [0.16223574566051116, 0.065440540750857035, 0.046133830953322609] ; [0.24452788086387603, 0.17206587663216746, 0.1880531432585088]
840 ; 48 ; 39 ; 1 ; [0.29478033597701547] ; [0.67053188301547595]
840 ; 48 ; 39 ; 3 ; [0.44752692379589232] ; [1.3002876809188504]
840 ; 48 ; 39 ; 7 ; [1.9771493554942061] ; [0.98616958104815189]
840 ; 48 ; 40 ; 0 ; [0.14119805811825167, 0.14929352255382974, 0.14249481081293525, 0.098934194022056637, 0.28840831081218909] ; [0.21022295422059012, 0.41524963968377615, 0.15282957042388817, 0.19928870939904428, 0.39156722210675327]
840 ; 48 ; 40 ; 1 ; [0.42698860396092547] ; [0.32511007430913286]
840 ; 48 ; 41 ; 0 ; [0.36085231243040095] ; [0.25155808404403762]
840 ; 48 ; 41 ; 1 ; [0.77016167016252191] ; [0.10238651700077187]
840 ; 48 ; 42 ; 0 ; [0.32734010490319498, 0.19293465299838347, 0.73099035021647607, 1.0271514278071801] ; [0.2659623423675474, 0.51203180992577246, 0.22346608193177159, 0.53415233577782606]
840 ; 48 ; 42 ; 1 ; [0.21370599077909744] ; [0.30387178051124358]
840 ; 48 ; 42 ; 2 ; [1.4159279287958273] ; [0.40376958418100217]
840 ; 48 ; 42 ; 3 ; [0.20325153065245502] ; [0.052743540205344636]
840 ; 48 ; 42 ; 4 ; [0.019286290988729783] ; [0.042761228267605679]
840 ; 48 ; 43 ; 0 ; [0.085476780945715938, 0.021312343243792317, 0.0096995976792096546, 0.096730819999231207, -0.0011856676939012499] ; [0.14344465259124076, 0.21729966018150121, 0.20405122255878791, 0.22527423900397975, 0.26846808164819547]
840 ; 48 ; 44 ; 0 ; [0.03006692354578594] ; [-0.015797438554463191]
840 ; 48 ; 44 ; 3 ; [1.1840835830580156] ; [1.9615548575403519]
840 ; 48 ; 44 ; 6 ; [0.88228060939174457] ; [0.57867633773569127]
840 ; 48 ; 44 ; 8 ; [2.599363264147061] ; [1.5480307558135631]
840 ; 48 ; 44 ; 10 ; [3.6344848473900568] ; [1.9402377980980854]
840 ; 48 ; 45 ; 2 ; [0.19079972795747449] ; [0.16498090357412143]
840 ; 48 ; 46 ; 3 ; [0.59576780963635989] ; [0.49766378257517035]
840 ; 48 ; 46 ; 4 ; [0.23998447524675698] ; [2.2339462154324528]
840 ; 48 ; 46 ; 5 ; [0.2839806247156485] ; [0.77598653223309788]
840 ; 48 ; 46 ; 13 ; [0.19498598210816459] ; [0.14976192650849302]
840 ; 48 ; 47 ; 0 ; [0.35159793915586396] ; [0.901184024221514]
840 ; 48 ; 48 ; 0 ; [0.38539350469511319, 0.32727195175466139, 0.30642930254481177, 0.3910747172725525] ; [0.2602102095199218, 0.52788563404500122, 1.1329772391776067, 2.2808500178313955]
840 ; 48 ; 48 ; 1 ; [0.4666529363942315] ; [1.0969519399753955]
840 ; 48 ; 48 ; 2 ; [1.1116266935546877] ; [1.2068220031875456]
840 ; 48 ; 48 ; 4 ; [-0.12698915254633328] ; [1.2824839587885892]
840 ; 48 ; 49 ; 0 ; [0.59407535601598482] ; [-0.00036957543325551103]
840 ; 48 ; 49 ; 5 ; [1.4561134589960234] ; [0.70555869483093214]
840 ; 48 ; 50 ; 0 ; [0.060964165134306351] ; [0.1516921778272971]
840 ; 48 ; 50 ; 2 ; [0.36291018966008082] ; [-0.0013676401020407622]
840 ; 48 ; 51 ; 0 ; [0.24397282385566965] ; [0.28652372902422435]
840 ; 48 ; 51 ; 1 ; [0.049632239242329505] ; [0.04762105086376367]
840 ; 48 ; 51 ; 3 ; [0.1574938345978032] ; [0.66408751029447044]
840 ; 48 ; 51 ; 4 ; [0.40382618056121938] ; [0.076809740805145743]
840 ; 48 ; 52 ; 0 ; [-0.0099156872877731988, 0.17481762581032531, 0.025724266984294877] ; [0.17167979512737011, 0.21187915188965917, 0.1749722359896263]
840 ; 48 ; 53 ; 0 ; [0.27149707514176302] ; [0.59700907579623874]
840 ; 48 ; 53 ; 18 ; [1.4957207534110692] ; [1.0555979172525132]
840 ; 48 ; 54 ; 0 ; [0.34835579939729622] ; [0.0037166666839115042]
840 ; 48 ; 54 ; 1 ; [0.75206907995392969] ; [0.45716535982931633]
840 ; 48 ; 54 ; 2 ; [0.13682294247621005] ; [0.15309592741677988]
840 ; 48 ; 54 ; 5 ; [0.62733266602544413] ; [-0.11210774725089845]
840 ; 48 ; 56 ; 0 ; [0.32899547993909678] ; [0.20589128814177371]
840 ; 48 ; 56 ; 2 ; [0.316599442946225] ; [0.47431834631645592]
840 ; 48 ; 57 ; 0 ; [0.5649842125116894, 0.2894231072146477, 0.68450324767530446] ; [0.42657924616552906, 0.31571277416149363, 0.26583639799723202]
840 ; 48 ; 57 ; 1 ; [2.4471080509337746] ; [1.7563568742602926]
840 ; 48 ; 57 ; 5 ; [0.053097708763029099] ; [1.7498911926220173]
840 ; 48 ; 57 ; 6 ; [0.75233662252419087] ; [2.7902635388961006]
840 ; 48 ; 57 ; 7 ; [2.2688750317669597] ; [2.6635226566623866]
840 ; 48 ; 58 ; 0 ; [1.8085507591381047, 3.1485248662400105] ; [0.63704569752714002, 0.33830432992766823]
840 ; 48 ; 58 ; 4 ; [0.025562368381683732] ; [2.1212631447964152]
840 ; 48 ; 59 ; 0 ; [0.033875112008761608, 0.1248156376216442, 0.073473239928321318, 0.10550869676484244] ; [0.14841778179754733, 0.17881034854650013, 0.17472142980599109, 0.09431726032148291]
840 ; 48 ; 60 ; 0 ; [0.36280658866334836, 0.200674640900108, 0.13971243624327423, 0.091469006394498592] ; [0.22565703961919986, 0.19070954859871747, 0.18558541517302615, 0.045333201878718289]
840 ; 48 ; 61 ; 0 ; [0.25834836676296996, 0.27195524378348634, 0.39249852617300479, 0.37002553759208817, 0.094923905164156996] ; [0.10501188015369343, 0.17292017012399835, 0.18542325090467823, 0.19150824463237653, 0.23869365324370956]
840 ; 48 ; 63 ; 5 ; [1.469941497160544] ; [-0.18541266140888119]
840 ; 48 ; 64 ; 5 ; [1.6078103378895063] ; [0.73763540060152111]
840 ; 48 ; 64 ; 8 ; [1.4821399344208852] ; [1.683109065439589]
840 ; 48 ; 64 ; 11 ; [0.93078974805254555] ; [1.2028668074213951]
840 ; 48 ; 65 ; 0 ; [0.2916888112886758] ; [0.19687170508820775]
840 ; 48 ; 65 ; 8 ; [0.052936823447651951] ; [1.4046621804862096]
840 ; 48 ; 65 ; 12 ; [0.52019561301878403] ; [0.47646993987754921]
840 ; 48 ; 66 ; 1 ; [-0.036585311684626677] ; [0.058337991889842386]
840 ; 48 ; 66 ; 7 ; [0.079960016801966863] ; [0.13007957456402439]
840 ; 48 ; 67 ; 0 ; [0.18941278387140933, 0.17749953293760612, 0.094573610117399773] ; [0.34960011629698379, 0.23780793175558815, 0.12613353251610704]
840 ; 48 ; 68 ; 0 ; [3.6477268365265716] ; [0.13055737135803711]
840 ; 48 ; 68 ; 1 ; [0.4665546854493442] ; [0.97983427360238062]
840 ; 48 ; 68 ; 3 ; [0.093614033888420947] ; [1.3537228705000417]
840 ; 48 ; 68 ; 4 ; [0.44045737984155625] ; [1.728645964531641]
840 ; 48 ; 68 ; 5 ; [0.50565013667137026] ; [0.97768842462245187]
840 ; 48 ; 69 ; 2 ; [0.488767598181928, 0.18984141620659389] ; [0.19182776545056626, 0.28874351928747077]
840 ; 48 ; 69 ; 3 ; [0.15656299119426703] ; [0.064055351933395635]
840 ; 48 ; 70 ; 1 ; [0.52945518730687413] ; [1.3391802451844763]
840 ; 48 ; 71 ; 0 ; [0.46308252041154258, 0.0017033746421644838] ; [0.17192731676122908, 0.3951521336495793]
840 ; 48 ; 72 ; 0 ; [-0.017336272472596607, -0.018960283959453057] ; [0.22046535910262177, 0.17195014468240977]
840 ; 48 ; 72 ; 1 ; [0.077550679948852147] ; [0.17201753876810719]
840 ; 48 ; 73 ; 0 ; [0.56070516837139917] ; [0.52358769023288765]
840 ; 48 ; 74 ; 0 ; [0.19761542966001622, 0.15997854106818502, 0.071280684871098995] ; [0.23325766008956414, 0.17907128410103909, 0.35940753152022664]
840 ; 48 ; 75 ; 0 ; [0.36187430501355905, 0.19404645806108997, 0.28364503336770824] ; [0.16231366668158284, 0.31646160284009095, 0.14126930837307172]
840 ; 48 ; 75 ; 1 ; [0.23292225346974293] ; [0.14579427587360178]
840 ; 48 ; 75 ; 2 ; [0.74927616039284251] ; [0.10553864073542379]
840 ; 48 ; 75 ; 4 ; [0.36234179377171655] ; [-0.037188844936055135]
840 ; 48 ; 77 ; 0 ; [0.065070287008341263, 0.10892388059955932, 0.095783493788434634] ; [0.19536595563760795, 0.21054004542842619, 0.1312992703892982]
840 ; 48 ; 78 ; 0 ; [1.0299028136573962] ; [0.6651980182231908]
840 ; 48 ; 78 ; 6 ; [1.9155892022285756] ; [1.5404989079345672]
840 ; 48 ; 78 ; 7 ; [0.84546376777291488] ; [1.5845562118699361]
840 ; 48 ; 79 ; 0 ; [0.059113369240740093, 0.058695834682150762, 0.056796827849439027, 0.067205749509467838] ; [0.37345945747735076, 0.45778035094028335, 0.24530105025579632, 0.0086298191916818808]
840 ; 48 ; 80 ; 0 ; [0.12598225153932319] ; [0.405707072736888]
840 ; 48 ; 80 ; 1 ; [0.083789037492178975] ; [0.95399013464877802]
840 ; 48 ; 80 ; 4 ; [0.95542671639269749] ; [0.43583893377615912]
840 ; 48 ; 80 ; 5 ; [1.9709953037164782] ; [1.0103996429912157]
840 ; 48 ; 80 ; 6 ; [0.44621804313864749] ; [0.16608976405705722]
840 ; 48 ; 80 ; 8 ; [0.038829865439762322] ; [4.3799894287853798]
840 ; 48 ; 81 ; 0 ; [0.2678627010929297, 0.047834698666794122, 2.2394295192488989] ; [0.21683828503972316, 0.0902646835446657, 0.048670163516046805]
840 ; 48 ; 82 ; 2 ; [3.3289759083988208] ; [0.035177789048294994]
840 ; 48 ; 82 ; 4 ; [0.64790453794729352] ; [0.26016281709712763]
840 ; 48 ; 82 ; 5 ; [0.84627812918638345] ; [0.43397465155645376]
840 ; 48 ; 83 ; 0 ; [0.40519879348579674] ; [-0.009398170622454639]
840 ; 48 ; 83 ; 2 ; [1.0821135141276732] ; [0.27524199272148842]
840 ; 48 ; 83 ; 3 ; [0.78926927741391906] ; [1.156244391848934]
840 ; 48 ; 84 ; 15 ; [1.2112036679146019] ; [1.2958318467656613]
840 ; 48 ; 85 ; 3 ; [1.2875250059539158] ; [0.43398866557062921]
840 ; 48 ; 86 ; 0 ; [0.080019158130354082] ; [0.16857178130523426]
840 ; 48 ; 86 ; 1 ; [0.70009815853533586] ; [0.13782349749526335]
840 ; 48 ; 87 ; 0 ; [0.28254973564621272] ; [0.20060548209401041]
840 ; 48 ; 87 ; 1 ; [0.19702758855427274] ; [0.077210620451958797]
840 ; 48 ; 88 ; 0 ; [0.61419119375239661] ; [0.57435135121168657]
840 ; 48 ; 88 ; 2 ; [1.0756546049860067] ; [0.45874282498729319]
840 ; 48 ; 88 ; 8 ; [0.48455613579324852] ; [0.58746879351654713]
840 ; 48 ; 90 ; 0 ; [1.6914520484571556] ; [1.7552886072291325]
840 ; 48 ; 90 ; 1 ; [0.9594295387816244] ; [0.665930188239089]
840 ; 48 ; 90 ; 2 ; [1.8092428337529847] ; [0.025184018837444491]
840 ; 48 ; 90 ; 3 ; [1.4398882619992825] ; [0.71215750693220903]
840 ; 48 ; 90 ; 5 ; [0.54115058288855777, 1.8020242086608096] ; [0.31165681212957186, 1.6957146749085494]
840 ; 48 ; 90 ; 11 ; [1.0934503241026292] ; [0.41165786236344054]
840 ; 48 ; 90 ; 12 ; [1.6073076116482712] ; [1.4018364975302362]
840 ; 48 ; 90 ; 14 ; [5.4121446263896882] ; [3.6405762802389598]
840 ; 48 ; 90 ; 15 ; [1.8888977915292051] ; [0.30899161319949164]
840 ; 48 ; 90 ; 16 ; [1.1175717408607031] ; [0.29736020168895938]
840 ; 48 ; 90 ; 17 ; [1.9548102638124634] ; [2.229327233146392]
840 ; 48 ; 90 ; 19 ; [1.2187978772753869] ; [2.0306125137600972]
840 ; 48 ; 90 ; 20 ; [1.3360024171367151] ; [2.5293409158562601]
840 ; 48 ; 90 ; 22 ; [2.0891044608541716] ; [0.42841601070384971]
840 ; 48 ; 90 ; 23 ; [1.9532336463315163] ; [3.1018727611772281]
840 ; 48 ; 90 ; 24 ; [1.1361688329101571] ; [0.80408063559641541]
840 ; 48 ; 90 ; 25 ; [6.464050609270485] ; [0.66138664393520008]
840 ; 48 ; 90 ; 30 ; [0.6803280569290644] ; [-0.023551641174242639]
840 ; 48 ; 90 ; 32 ; [2.1743182327361659] ; [1.8494465279070338]
840 ; 48 ; 90 ; 36 ; [0.49870122555977159] ; [0.44287272377912529]
840 ; 48 ; 90 ; 37 ; [0.48624032232909126] ; [0.43270268954026225]
840 ; 48 ; 91 ; 0 ; [0.48684338643890446, 0.77516875967606147] ; [0.29866005059034212, 0.3802284308095199]
840 ; 48 ; 91 ; 1 ; [0.41801648673719688] ; [0.458268860243008]
840 ; 48 ; 91 ; 2 ; [0.64274375086451896] ; [0.10768534040956454]
840 ; 48 ; 91 ; 6 ; [0.067797266532293024, 0.4916017583511742] ; [0.23431801178463424, 0.65239891050786269]
840 ; 48 ; 92 ; 0 ; [0.20739885720378598] ; [0.162176099558587]
840 ; 48 ; 92 ; 1 ; [0.3459095529532662] ; [0.57547329672024494]
840 ; 48 ; 92 ; 2 ; [0.65288540414253715] ; [0.29945889447557344]
840 ; 48 ; 92 ; 3 ; [0.42138892267969319] ; [1.4216422380657396]
840 ; 48 ; 92 ; 4 ; [3.513456120007278] ; [0.70205276678632722]
840 ; 48 ; 92 ; 11 ; [0.90463507576360991] ; [0.6878949648304965]
840 ; 48 ; 92 ; 16 ; [1.099248227774106] ; [0.4393608201064198]
840 ; 48 ; 93 ; 0 ; [0.00720271987864051] ; [0.25481732903754534]
840 ; 48 ; 93 ; 3 ; [1.5426968274488666] ; [1.6766772399255037]
840 ; 48 ; 93 ; 4 ; [1.3315319202023292] ; [2.109878243821425]
840 ; 48 ; 94 ; 0 ; [0.0020665420593456237] ; [0.39535520152975939]
840 ; 48 ; 95 ; 0 ; [0.42102656637459512, 0.25080990853582008, 0.30790444073484469] ; [0.44066927841055464, 0.29090087053492653, 0.21469419360396313]
840 ; 48 ; 96 ; 5 ; [0.43907021954309006] ; [0.57632209550698454]
840 ; 48 ; 97 ; 0 ; [0.20740372017210074, 0.13705191256729765] ; [0.25000739895235791, 0.14476529576102973]
840 ; 48 ; 98 ; 0 ; [0.44383291532733299] ; [0.13804158857869195]
840 ; 48 ; 100 ; 0 ; [0.33387472228485948] ; [0.26651761567138577]
840 ; 48 ; 100 ; 1 ; [2.3449619022830444] ; [1.22865728398509]
840 ; 48 ; 100 ; 7 ; [-0.10500386704059332] ; [0.0093142059836843951]
840 ; 48 ; 100 ; 12 ; [1.1100396231254457] ; [0.30069866807182333]
840 ; 48 ; 100 ; 14 ; [2.1854916851969763] ; [0.086171827359962899]
840 ; 48 ; 100 ; 20 ; [1.7406641511995113] ; [2.0181765710467259]
840 ; 48 ; 100 ; 27 ; [0.84075964620819721] ; [0.14604067417455197]
840 ; 48 ; 100 ; 38 ; [0.72460468692386004] ; [0.16924636405883078]
840 ; 48 ; 101 ; 0 ; [1.3382675050485817] ; [1.9763822157939217]
840 ; 48 ; 102 ; 1 ; [0.64119596513975452] ; [0.80630772089159142]
840 ; 48 ; 102 ; 2 ; [0.045404186482690498] ; [1.4543068485208173]
840 ; 48 ; 102 ; 11 ; [0.019636335351320894] ; [3.9385508834646377]
840 ; 48 ; 102 ; 15 ; [0.67463452522468048] ; [0.091410318306327884]
840 ; 48 ; 103 ; 1 ; [0.35247491246142632] ; [0.079991511200382878]
840 ; 48 ; 103 ; 2 ; [1.3176719027847621] ; [0.072855009906771781]
840 ; 48 ; 103 ; 3 ; [1.3127924875807893] ; [2.1793705940072918]
840 ; 48 ; 103 ; 11 ; [0.31460514146941665] ; [0.0017733439357643002]
840 ; 48 ; 104 ; 0 ; [0.83356955520223197] ; [0.96151776266766387]
840 ; 48 ; 104 ; 3 ; [2.8556862038314139] ; [1.8540886624141315]
840 ; 48 ; 104 ; 4 ; [1.0252868251146829] ; [1.0616455236348223]
840 ; 48 ; 104 ; 8 ; [2.0269225713235919] ; [0.23949430356554555]
840 ; 48 ; 104 ; 10 ; [1.4611368345719995] ; [1.5601279907119168]
840 ; 48 ; 104 ; 13 ; [3.0760963174962752] ; [2.0866438054830967]
840 ; 48 ; 104 ; 15 ; [2.112773239605557] ; [2.1641794055986452]
840 ; 48 ; 104 ; 16 ; [2.2905677434949925] ; [1.7732623545933084]
840 ; 48 ; 104 ; 18 ; [1.0827283824507805] ; [1.4009340072563898]
840 ; 48 ; 105 ; 0 ; [0.64053922875690505, 0.080941023202108567, 0.49036100690620726] ; [0.67274462360584797, 0.34562018252579924, 0.058659636992602363]
840 ; 48 ; 105 ; 1 ; [0.11620910522228035, 0.18382152485703143] ; [0.021106390174766433, 0.32931977492745673]
840 ; 48 ; 106 ; 1 ; [2.032550503580659] ; [0.52431372422873324]
840 ; 48 ; 106 ; 2 ; [1.2238090857803772] ; [0.7815794071788672]
840 ; 48 ; 106 ; 3 ; [0.6329254329001065] ; [0.69117585680102467]
840 ; 48 ; 106 ; 4 ; [2.3281796527434713] ; [0.45220573398764402]
840 ; 48 ; 107 ; 2 ; [1.808113296909641] ; [2.0704552981740707]
840 ; 48 ; 107 ; 6 ; [1.4088442602098956] ; [1.2044069588024873]
840 ; 48 ; 107 ; 7 ; [2.0009524946301722] ; [1.327393316773527]
840 ; 48 ; 108 ; 0 ; [0.12566136178615714, 0.22720292898012509, 0.13475814651921919] ; [0.13092735697003047, 0.20945665536004976, 0.13941837294430445]
840 ; 48 ; 108 ; 1 ; [0.20759893044058925] ; [0.22385776468824678]
840 ; 48 ; 109 ; 0 ; [0.46383800633823713] ; [0.09287202127409197]
840 ; 48 ; 109 ; 4 ; [1.6958251141326393] ; [0.47580572310051411]
840 ; 48 ; 109 ; 6 ; [0.8594192227023133] ; [0.76961486791869183]
840 ; 48 ; 109 ; 8 ; [1.320989554731163] ; [2.1881162897902606]
840 ; 48 ; 109 ; 13 ; [2.354730734280698] ; [1.3927397688020502]
840 ; 48 ; 110 ; 0 ; [0.31692496631012773, 0.37584904504089006, 0.37130978258064429] ; [0.20760385040835619, 0.35972442310346597, 0.17036793813549087]
840 ; 48 ; 112 ; 0 ; [0.10118431379684655] ; [0.27998271586382401]
840 ; 48 ; 112 ; 1 ; [1.2195491237767919] ; [0.8674824948497335]
840 ; 48 ; 112 ; 7 ; [0.76545459938149585] ; [0.73668007476463571]
840 ; 48 ; 112 ; 14 ; [0.65209808216569309] ; [0.56710211262307098]
840 ; 48 ; 112 ; 20 ; [1.509578631701173] ; [1.3369032913994487]
840 ; 48 ; 113 ; 0 ; [0.19240964707662089] ; [0.13946069216168688]
840 ; 48 ; 114 ; 0 ; [0.28694741684559644] ; [0.528414434836739]
840 ; 48 ; 114 ; 1 ; [2.0977499522309766] ; [1.0486818615089342]
840 ; 48 ; 114 ; 2 ; [0.48084662443561954] ; [1.579163382209388]
840 ; 48 ; 114 ; 8 ; [0.31797566742547206] ; [1.5790718847085186]
840 ; 48 ; 114 ; 9 ; [2.0969588812080326] ; [1.7697172322491859]
840 ; 48 ; 114 ; 10 ; [1.9626668221998693] ; [1.7252159273152678]
840 ; 48 ; 114 ; 15 ; [2.0715219836438052] ; [2.7367285009625566]
840 ; 48 ; 115 ; 0 ; [0.41454369674925517] ; [0.29583462708238323]
840 ; 48 ; 115 ; 1 ; [0.015109279673119915] ; [1.0275945242409179]
840 ; 48 ; 116 ; 0 ; [0.70705314495684246] ; [0.17959209741248786]
840 ; 48 ; 117 ; 0 ; [0.11874749863407591] ; [0.21083260357218642]
840 ; 48 ; 117 ; 1 ; [0.014466602901901326] ; [0.21168189358455475]
840 ; 48 ; 117 ; 2 ; [0.62428502479307668] ; [0.1641465352242657]
840 ; 48 ; 117 ; 3 ; [0.36646576552165272] ; [-0.01671998443187224]
840 ; 48 ; 118 ; 0 ; [0.043546632126988942] ; [0.0056661700562262701]
840 ; 48 ; 118 ; 2 ; [0.79908228709551765] ; [0.16733937845120134]
840 ; 48 ; 120 ; 0 ; [0.24650252757794444, 0.39086412688595978, 0.2412017705848184, 0.7083450738421877, 0.21524284245042583] ; [0.17197964043480318, 0.17292443093481405, 0.22800636204297858, 0.33178124355321403, 0.034568906087013587]
840 ; 48 ; 121 ; 0 ; [0.16005751137275057, 0.088158393545217678] ; [0.21873270628016508, 0.19087581280435825]
840 ; 48 ; 121 ; 1 ; [0.1708584303570034] ; [0.28598319345810974]
840 ; 48 ; 122 ; 2 ; [0.015377881419704123] ; [0.83705952300603115]
840 ; 48 ; 122 ; 5 ; [0.0089571315899695664] ; [-0.18158427421242124]
840 ; 48 ; 122 ; 7 ; [0.7589094978143851, 0.27541171614208021, 0.45884440147269401, 0.49550406079887088, 0.91541677279823674, 0.39581539189547676] ; [0.16080308315979674, 0.2780561475262226, 0.4313916186230608, 0.5533104488335524, 1.1562810275403992, 0.2690272548262902]
840 ; 48 ; 123 ; 3 ; [-0.057618841990905445] ; [0.022019283934141334]
840 ; 48 ; 124 ; 0 ; [1.2008977309576359] ; [1.5852548052573034]
840 ; 48 ; 125 ; 0 ; [0.27077097255630722, 1.4457366530931632] ; [0.11687514279296232, 0.19973870196436158]
840 ; 48 ; 126 ; 0 ; [0.25297216394963135, 0.55721140716382001] ; [0.2289452397434944, 0.11120320402862091]
840 ; 48 ; 127 ; 0 ; [0.77219397205984219, 0.83674032133110632, 0.24502325429331634] ; [0.43697699902254838, 0.4136745577823972, 0.15116100087904571]
840 ; 48 ; 127 ; 1 ; [0.78642414709073605] ; [0.19223239235852971]
840 ; 48 ; 127 ; 2 ; [0.087794487129843696] ; [0.14693283628881065]
840 ; 48 ; 128 ; 0 ; [0.33747877858805708, 0.042975077027019679, 0.58616354580894692] ; [0.83664691014296988, 0.2619611862813877, 0.1333207155051894]
840 ; 48 ; 128 ; 1 ; [0.062346316859542138, 0.077063151968450025] ; [0.071692604047956229, 0.065651805366867239]
840 ; 48 ; 129 ; 0 ; [0.11549649516774707, 0.18415426779741215, 0.14808538546642269, 0.14545038355188614] ; [0.15950584575051366, 0.20370921459552122, 0.21695316708368792, 0.16423429421863464]
840 ; 48 ; 130 ; 0 ; [0.0097292963338384518, 0.009157556829754273, 0.10803042308309646] ; [0.19087816280590983, 0.19195417782214075, 0.14106297295834405]
840 ; 48 ; 130 ; 1 ; [0.29650053911716978] ; [0.41528395294969561]
840 ; 48 ; 133 ; 1 ; [1.0256116799006625] ; [0.75455631420250235]
840 ; 48 ; 133 ; 2 ; [1.0302444396362984] ; [0.95477981308799631]
840 ; 48 ; 133 ; 3 ; [1.7888728960725317] ; [0.71225183611473109]
840 ; 48 ; 133 ; 4 ; [1.9712089269010917] ; [0.62107503028334932]
840 ; 48 ; 133 ; 5 ; [0.1799544775128766] ; [0.65728636603630586]
840 ; 48 ; 133 ; 7 ; [1.2208726637253691] ; [1.4143392057332651]
840 ; 48 ; 133 ; 8 ; [2.039846745918696] ; [1.1894827963381542]
840 ; 48 ; 133 ; 11 ; [5.5813297560132309] ; [0.33730200157983575]
840 ; 48 ; 133 ; 12 ; [1.9151198853710416] ; [1.1021233426349861]
840 ; 48 ; 133 ; 14 ; [2.555607563607897] ; [1.6415414686082237]
840 ; 48 ; 133 ; 15 ; [1.6619054997790501] ; [0.81181896413667587]
840 ; 48 ; 133 ; 16 ; [1.1937097292673049] ; [0.54943989553404082]
840 ; 48 ; 134 ; 0 ; [0.88944218042244871, 0.82120742653475021, 0.54524016649811691] ; [0.17590991576984899, 0.23645583629552777, 0.77749222027327447]
840 ; 48 ; 134 ; 1 ; [0.67978589297057512, 1.3729301884405776] ; [0.1350553984825506, 0.65391151990843555]
840 ; 48 ; 134 ; 5 ; [1.6688938431053002] ; [0.077826404125429738]
840 ; 48 ; 134 ; 28 ; [0.43170272729599518] ; [0.87640315226548848]
840 ; 48 ; 137 ; 0 ; [0.90966575521881421, 0.29952691102780504] ; [0.5701049195482436, 0.21524448360168677]
840 ; 48 ; 137 ; 2 ; [0.25458125314306396] ; [0.40212747173695335]
840 ; 48 ; 138 ; 0 ; [0.050391397970038408, 0.023017949069508631, 0.0019539957766460257] ; [0.20488709421267429, 0.20304165257339074, 0.044000946762640818]
840 ; 48 ; 139 ; 0 ; [0.32388003327789044] ; [0.11083758561463772]
840 ; 48 ; 139 ; 1 ; [0.69632864507805614] ; [0.72655110730469774]
840 ; 48 ; 140 ; 0 ; [0.020011278652656134, 0.021419222958247629, 0.0049512935456308225, -0.0049361321102352378] ; [0.17691296483265695, 0.19577053857366697, 0.18654440489969212, 0.11219880277807107]
840 ; 48 ; 141 ; 0 ; [0.13902291353522686, 0.13931034794554567, 0.16660327718115184, 0.054163208780387384] ; [0.16760037852271567, 0.2560090829313687, 0.30666568951157641, 0.14331533349219017]
840 ; 48 ; 142 ; 2 ; [0.32737092814527896] ; [1.9386190974620934]
840 ; 48 ; 143 ; 0 ; [0.0027991764751083121, 0.17588245592879181] ; [0.27174803675751974, 0.97450509083140469]
840 ; 48 ; 144 ; 5 ; [0.11881191813083421, 0.26842213114956825, 0.27825748025692076] ; [0.31378184581936985, 0.2517433733854802, 0.44037796910539301]
840 ; 48 ; 145 ; 0 ; [2.391350289563277] ; [2.4539120902566709]
840 ; 48 ; 145 ; 2 ; [1.4646013693319142] ; [0.82239480954024047]
840 ; 48 ; 146 ; 0 ; [16.207292052836316] ; [0.1023913892303993]
840 ; 48 ; 146 ; 1 ; [0.21514226831387001] ; [1.2788963325700018]
840 ; 48 ; 146 ; 3 ; [1.0509361457506026] ; [0.20274130397157966]
840 ; 48 ; 147 ; 0 ; [0.096951768627724991] ; [0.15121530105267386]
840 ; 48 ; 147 ; 1 ; [0.64074535477324523] ; [0.55241833285886244]
840 ; 48 ; 147 ; 2 ; [1.0306856172200038] ; [0.80493273560039713]
840 ; 48 ; 147 ; 6 ; [1.437266658225439] ; [0.96998596352652566]
840 ; 48 ; 147 ; 8 ; [-0.017171746883648212] ; [0.92930073911015787]
840 ; 48 ; 148 ; 0 ; [0.044621026833917179, 0.081198664293824496, 0.053884908068277518, 0.089337345905398421] ; [0.16885282617091396, 0.21225566108847432, 0.40146352138781261, 0.10896843809381669]
840 ; 48 ; 150 ; 3 ; [0.036035476833034007] ; [0.056254598434532205]
840 ; 48 ; 150 ; 4 ; [0.069042565921213758] ; [0.077072110213056877]
840 ; 48 ; 151 ; 0 ; [0.42561521580839373, 0.14179732697713979] ; [0.026923859445311435, 0.16188665105730643]
840 ; 48 ; 151 ; 4 ; [0.21566558111163864] ; [0.38888509948131894]
840 ; 48 ; 151 ; 5 ; [0.58727622012522851] ; [0.80437479144702873]
840 ; 48 ; 151 ; 6 ; [0.7984232606747973] ; [0.69883426990683029]
840 ; 48 ; 151 ; 9 ; [1.4657531787309792] ; [0.18128080141905281]
840 ; 48 ; 151 ; 10 ; [1.9529482454649538] ; [0.86994027486542613]
840 ; 48 ; 151 ; 13 ; [0.19092505439548854] ; [0.56117585412388382]
840 ; 48 ; 151 ; 17 ; [0.12994925313709227] ; [0.81156974722522435]
840 ; 48 ; 151 ; 21 ; [0.14324673361098791] ; [2.5305431125890343]
840 ; 48 ; 152 ; 0 ; [0.19122280960834218] ; [0.20596622715174098]
840 ; 48 ; 153 ; 0 ; [-0.0022032281311638795, 0.065963104661607305, 1.0789080175009458] ; [0.21799763783327397, 0.4152990244321646, 1.0286334501585079]
840 ; 48 ; 154 ; 0 ; [0.58633571440587473] ; [0.64900676571695504]
840 ; 48 ; 154 ; 1 ; [-0.017175907271953925] ; [0.19161975998503306]
840 ; 48 ; 155 ; 0 ; [4.6534587182158882] ; [0.65774859751349346]
840 ; 48 ; 155 ; 3 ; [0.31823310176560637] ; [1.0712540278361273]
840 ; 48 ; 155 ; 8 ; [2.8374397227787966] ; [1.595185946193548]
840 ; 48 ; 155 ; 9 ; [2.4684999908947867] ; [1.9467982137789264]
840 ; 48 ; 155 ; 10 ; [2.0969078328155244] ; [1.4698476258794708]
840 ; 48 ; 155 ; 11 ; [1.8492396688428683] ; [1.3208913688341777]
840 ; 48 ; 155 ; 12 ; [2.8830716781531374] ; [2.2366942559412326]
840 ; 48 ; 155 ; 16 ; [1.5147585249131892] ; [0.64641328425044953]
840 ; 48 ; 155 ; 18 ; [1.2304695959002832] ; [1.4452778610193999]
840 ; 48 ; 155 ; 19 ; [5.0182220300703948] ; [1.6739269892807238]
840 ; 48 ; 155 ; 20 ; [3.1803530524763279] ; [1.6424918235109107]
840 ; 48 ; 155 ; 23 ; [2.4727921366783416] ; [1.4946223211915484]
840 ; 48 ; 155 ; 24 ; [1.4906519492744903] ; [1.6047878035506211]
840 ; 48 ; 156 ; 0 ; [0.31828897787768784, 0.19019746680675612] ; [0.18548386844409526, 0.25102647028944536]
840 ; 48 ; 156 ; 1 ; [0.3970307361235686] ; [0.070723206707268088]
840 ; 48 ; 156 ; 3 ; [0.14496163910684429] ; [0.14065413104573585]
840 ; 48 ; 158 ; 0 ; [0.018598347220055055, 0.034473024553671357, 0.12119295480459673, 0.013005728619064448, 0.10171657131652288] ; [0.31548142664144679, 0.1509757460944024, 0.275576967152177, 0.32241573510143012, 0.10626162977150402]
840 ; 48 ; 158 ; 1 ; [0.55713542679271888] ; [0.064881475166925884]
840 ; 48 ; 159 ; 1 ; [-0.016336572874464092] ; [0.25803333567663539]
840 ; 48 ; 159 ; 2 ; [4.5112246402688658] ; [0.77076812467223832]
840 ; 48 ; 159 ; 4 ; [0.85222935264152622] ; [0.26809909723659364]
840 ; 48 ; 159 ; 17 ; [0.51932361138675331] ; [0.10422689683788451]
840 ; 48 ; 159 ; 18 ; [0.36192112581658892] ; [0.26526784785511487]
840 ; 48 ; 160 ; 0 ; [0.093597143517116468, 0.098572764125183412, 0.12543562072658221, 0.12607412124101894, 0.0420227201578382] ; [0.17201200485209697, 0.18808281373916183, 0.23007945191099671, 0.14203682142676993, 0.14513935217163437]
840 ; 48 ; 160 ; 1 ; [0.12846341198230424] ; [-0.1118044824188351]
840 ; 48 ; 161 ; 0 ; [0.24220949252764684, 0.47427287929924911] ; [0.22791986525473409, 0.2478408599352864]
840 ; 48 ; 161 ; 1 ; [0.19928976575161855] ; [-0.013022177396657857]
840 ; 48 ; 161 ; 2 ; [0.0096279309686733532] ; [-0.015813631735573604]
840 ; 48 ; 162 ; 0 ; [0.018683157706887943] ; [0.52459516413271912]
840 ; 48 ; 162 ; 5 ; [0.51950116189629569] ; [1.2964836750371163]
840 ; 48 ; 163 ; 5 ; [0.21109454561553434] ; [0.018878914041776849]
840 ; 48 ; 164 ; 0 ; [0.12959709027430996, 0.095672009424971824, 0.18293738893782124, 0.088469989064721713] ; [0.16082866457003175, 0.091743029677318025, 0.18873635364717731, 0.44486489874129737]
840 ; 48 ; 164 ; 2 ; [0.055956627977894358] ; [-0.014294260269777268]
840 ; 48 ; 164 ; 3 ; [6.7756684558797611] ; [0.57419662760012302]
840 ; 48 ; 165 ; 0 ; [0.0028297213940864032, 0.14024003853256223] ; [0.65518252835417501, 0.38785581765724608]
840 ; 48 ; 165 ; 1 ; [0.15315118182208931] ; [0.036130343602896534]
840 ; 48 ; 166 ; 0 ; [0.052588063995753824, 0.049557474808273924] ; [0.1979220618876382, 0.31515169054303649]
840 ; 48 ; 166 ; 1 ; [1.2536541509473673] ; [0.085379371715650368]
840 ; 48 ; 167 ; 0 ; [0.36780904777619194, 0.4466657625166659, 0.20550235724102975] ; [0.40048268631079226, 0.11883404040148784, 0.15201625096326948]
840 ; 48 ; 167 ; 1 ; [0.50568975769325575, 0.32131358996606774] ; [0.27511176988249664, 0.17710221229312748]
840 ; 48 ; 167 ; 2 ; [0.079178644964185266] ; [-0.0034714498522207312]
840 ; 48 ; 168 ; 0 ; [0.04178695586957578, 0.038103258273892007, 0.0071862310868302621, -0.013632540967660091] ; [0.4123689526387318, 0.17718600179088209, 0.14040953591201502, 0.090200232183211271]
840 ; 48 ; 168 ; 1 ; [0.50828607542369442] ; [0.19994678113362974]
840 ; 48 ; 168 ; 2 ; [0.57663519950568765] ; [-0.022396606952190649]
840 ; 48 ; 169 ; 0 ; [0.37443719645637746, 0.16817222401580134, 0.1423814672179064, 0.14460719067809238] ; [0.2396014001985092, 0.18329504035185651, 0.18234362413324295, 0.24432285055478317]
840 ; 48 ; 170 ; 0 ; [0.43693296825858263] ; [0.046272448827940224]
840 ; 48 ; 170 ; 1 ; [0.41640980884208062] ; [2.5377383282165997]
840 ; 48 ; 171 ; 0 ; [1.4971075680503634] ; [0.27184822232323752]
840 ; 48 ; 171 ; 1 ; [0.68517420329717338] ; [0.88041173007844309]
840 ; 48 ; 171 ; 4 ; [0.89032513028900695] ; [0.13402810963510881]
840 ; 48 ; 172 ; 0 ; [2.2295288392631698] ; [0.84501992267365034]
840 ; 48 ; 172 ; 5 ; [2.1975669502968804] ; [1.4719704243372185]
840 ; 48 ; 173 ; 0 ; [0.38004461359503666] ; [0.15391004373235756]
840 ; 48 ; 173 ; 2 ; [1.4394064805987115] ; [1.0801553975021139]
840 ; 48 ; 173 ; 3 ; [1.7341286943025271] ; [0.1938068482681149]
840 ; 48 ; 174 ; 0 ; [0.44515801793752607] ; [1.0397123869265512]
840 ; 48 ; 174 ; 1 ; [0.89658268845913847] ; [0.83638184797009774]
840 ; 48 ; 174 ; 2 ; [1.2482815346697682] ; [4.0977288429299819]
840 ; 48 ; 174 ; 3 ; [1.1149387428942588] ; [1.9424470188160412]
840 ; 48 ; 174 ; 7 ; [1.031445111069091] ; [0.75509731921520673]
840 ; 48 ; 174 ; 11 ; [0.48157597683791564] ; [1.2034711191424785]
840 ; 48 ; 174 ; 14 ; [1.7172466677604838] ; [2.9060015517456748]
840 ; 48 ; 174 ; 20 ; [1.0836370043142636] ; [1.0867117242334785]
840 ; 48 ; 175 ; 0 ; [0.22230017921675763, 0.077826629871588657] ; [0.19018307972473922, 0.13520986905059229]
840 ; 48 ; 175 ; 1 ; [0.21374558678444622] ; [0.15091286172417714]
840 ; 48 ; 176 ; 0 ; [0.041430061523306284, 0.16337751742397727, 0.018657679253738978, -0.075345094888127698] ; [0.15323050607385141, 0.53468831501191005, 0.18569708139230343, 0.05569262768039368]
840 ; 48 ; 176 ; 1 ; [0.71126303659060841, 0.23475898599719885] ; [0.12696953719808829, -0.0099662919947849735]
840 ; 48 ; 177 ; 0 ; [-0.021281013780693667] ; [0.017731646785968683]
840 ; 48 ; 178 ; 0 ; [0.23155801928122549] ; [1.1022296705267447]
840 ; 48 ; 178 ; 1 ; [0.1713927738108848] ; [0.26434482138593546]
840 ; 48 ; 178 ; 2 ; [0.79386922418170081] ; [0.5615376955175656]
840 ; 48 ; 178 ; 4 ; [1.5423641921489915] ; [0.83702697393755343]
840 ; 48 ; 178 ; 5 ; [1.6697698169584732] ; [1.5236810256159954]
840 ; 48 ; 178 ; 8 ; [0.33025590558090945] ; [0.129811863503798]
840 ; 48 ; 179 ; 1 ; [2.0034394944740939, 1.6085150138825255] ; [1.4591374433205546, 3.4745940769074686]
840 ; 48 ; 179 ; 2 ; [0.64524736098084778] ; [2.1581485561580256]
840 ; 48 ; 179 ; 4 ; [0.65519808048372163] ; [3.1601910389506194]
840 ; 48 ; 179 ; 5 ; [1.7840645701670759] ; [1.2365774935543372]
840 ; 48 ; 179 ; 7 ; [2.0346868921705639] ; [1.7992516696863801]
840 ; 48 ; 179 ; 8 ; [2.0885613517705748] ; [2.1991575599198345]
840 ; 48 ; 179 ; 9 ; [1.8062263852739853] ; [2.3814942168121975]
840 ; 48 ; 179 ; 11 ; [1.8550444961396531] ; [2.3599000535249854]
840 ; 48 ; 179 ; 12 ; [2.0593646064827227] ; [2.1696255171328249]
840 ; 48 ; 179 ; 13 ; [0.90906012630603295] ; [1.6565398857835822]
840 ; 48 ; 179 ; 14 ; [0.52662513505566932] ; [1.398081338618846]
840 ; 48 ; 179 ; 15 ; [1.663010397225869] ; [1.7726757885333697]
840 ; 48 ; 179 ; 17 ; [1.7653768212406535] ; [1.9557439910476835]
840 ; 48 ; 179 ; 18 ; [0.85039378173100511] ; [1.4037472992947533]
840 ; 48 ; 179 ; 21 ; [2.4562066641587328] ; [2.1507083348735576]
840 ; 48 ; 179 ; 22 ; [1.9409050632626235] ; [2.3793442457053611]
840 ; 48 ; 179 ; 24 ; [3.2765465179652886] ; [1.8531829428530304]
840 ; 48 ; 179 ; 25 ; [1.9278764236445718] ; [1.984107109271275]
840 ; 48 ; 179 ; 27 ; [1.8542121959126099] ; [2.3913865947367978]
840 ; 48 ; 179 ; 28 ; [1.5637401904029424] ; [0.8317494824022067]
840 ; 48 ; 179 ; 31 ; [1.3110237871629484] ; [1.8117817853334124]
840 ; 48 ; 180 ; 0 ; [0.22563108243287505] ; [0.050079305008432794]
840 ; 48 ; 180 ; 1 ; [0.82977710998519549] ; [0.68959113074253942]
840 ; 48 ; 180 ; 3 ; [1.1527026919951069] ; [0.74890379562468157]
840 ; 48 ; 180 ; 4 ; [1.3582983100386079] ; [1.7371029956007751]
840 ; 48 ; 180 ; 5 ; [0.0024142471631118378] ; [0.25217999868339508]
840 ; 48 ; 180 ; 12 ; [0.98265372594772782] ; [1.0808909371773827]
840 ; 48 ; 181 ; 0 ; [0.16172893747943257, 0.63174461828127859] ; [0.0041632709783846851, 0.039883464873073496]
840 ; 48 ; 181 ; 1 ; [0.42532392994064305] ; [0.096762626082235847]
840 ; 48 ; 181 ; 2 ; [0.19438447582289789] ; [0.0032490652902041053]
840 ; 48 ; 181 ; 4 ; [0.004100497410945674] ; [-0.00087932401290530748]
840 ; 48 ; 182 ; 0 ; [1.7832610061877994] ; [0.99052664637698029]
840 ; 48 ; 182 ; 1 ; [1.35452468163449] ; [1.2548085575607808]
840 ; 48 ; 182 ; 2 ; [2.9729709874054322] ; [1.7657044122815062]
840 ; 48 ; 182 ; 3 ; [2.0527322607225074] ; [2.376969135835755]
840 ; 48 ; 182 ; 5 ; [1.2216226051817693] ; [2.6665361019527243]
840 ; 48 ; 182 ; 7 ; [2.18871635101504, 1.3132820753309151] ; [1.1303471312701665, 3.0263391363470666]
840 ; 48 ; 182 ; 8 ; [1.870645536891534] ; [1.4729691065062844]
840 ; 48 ; 182 ; 9 ; [1.6061975837757516] ; [2.8442740009315264]
840 ; 48 ; 182 ; 11 ; [2.5524120853509618] ; [1.3804555872487487]
840 ; 48 ; 182 ; 12 ; [1.8330645731044874] ; [2.1217095836059849]
840 ; 48 ; 182 ; 13 ; [1.8756284357167941] ; [2.1487298112266315]
840 ; 48 ; 182 ; 15 ; [1.7313883973709372] ; [1.6223269333224042]
840 ; 48 ; 182 ; 16 ; [2.5365280902191731] ; [1.7290261428480609]
840 ; 48 ; 182 ; 17 ; [1.270184884352014] ; [0.94598948343235723]
840 ; 48 ; 182 ; 18 ; [1.658916791652121] ; [1.193956706105741]
840 ; 48 ; 182 ; 19 ; [1.3654128623618818] ; [4.8002016968813432]
840 ; 48 ; 182 ; 20 ; [2.7361405792535729] ; [2.0131318305449555]
840 ; 48 ; 182 ; 21 ; [1.5847238033439897] ; [1.7078176062703425]
840 ; 48 ; 182 ; 23 ; [2.0210921449695087] ; [1.7085199447766688]
840 ; 48 ; 182 ; 24 ; [2.028970994171337] ; [1.2848812444805326]
840 ; 48 ; 182 ; 26 ; [0.60043527621122561] ; [6.6144614881975707]
840 ; 48 ; 182 ; 27 ; [2.1224625998453921] ; [2.3945748752495004]
840 ; 48 ; 182 ; 29 ; [1.2112822443095941] ; [-0.00044916101131234457]
840 ; 48 ; 182 ; 30 ; [2.4500247498748067] ; [1.6686134955422551]
840 ; 48 ; 182 ; 33 ; [2.1878341382330984] ; [1.9138721460976902]
840 ; 48 ; 182 ; 35 ; [3.313715422972459] ; [1.3927257185804907]
840 ; 48 ; 182 ; 36 ; [1.5789320421156714] ; [2.4039735807522047]
840 ; 48 ; 182 ; 39 ; [2.762103155775296] ; [0.84027731840821762]
840 ; 48 ; 182 ; 41 ; [1.4506138074659025] ; [2.0748217589214075]
840 ; 48 ; 182 ; 44 ; [1.6856828655549996, 2.842493899445877, 1.1497577979765423] ; [0.3042529338352481, 0.4277082968677321, 1.3382642258087205]
840 ; 48 ; 182 ; 45 ; [1.9217165382932997] ; [1.6164512507703643]
840 ; 48 ; 182 ; 47 ; [1.7018040872975637] ; [3.2790836805887271]
840 ; 48 ; 182 ; 48 ; [1.4287912312395288] ; [0.92617844395039872]
840 ; 48 ; 182 ; 49 ; [1.8613163098060097] ; [3.6115737337491458]
840 ; 48 ; 183 ; 0 ; [0.037298176944813237, 0.073491625474516126, 0.061672762344796003, 0.049954320721211851] ; [0.1428536422513266, 0.16513484653913565, 0.26832097848564368, 0.087816288737791279]
840 ; 48 ; 184 ; 0 ; [0.79564378342893494] ; [0.22630638161799613]
840 ; 48 ; 184 ; 1 ; [0.10066942103306423, 0.13495364308686011, -0.00058121874779229195] ; [0.35798714817119359, 0.42059917076979608, -0.0023795385871260431]
840 ; 48 ; 185 ; 0 ; [0.59872416187944677] ; [0.72530983773072821]
840 ; 48 ; 185 ; 7 ; [5.1853390316805017] ; [0.83019198227285051]
840 ; 48 ; 185 ; 8 ; [1.9301532612155889] ; [0.96862853993646869]
840 ; 48 ; 186 ; 0 ; [0.11392531548268377, 0.6820824228411918] ; [0.20481370350081426, 0.087512819105558554]
840 ; 48 ; 186 ; 1 ; [0.061962127815346768] ; [0.040054037419452362]
840 ; 48 ; 186 ; 3 ; [0.032113355885741345] ; [-0.022042822299263298]
840 ; 48 ; 187 ; 1 ; [0.168684202719592] ; [0.10542026661304869]
840 ; 48 ; 187 ; 11 ; [0.51231497457126318, 2.1385259680200845, 2.1236834263823496] ; [0.20089861283253915, 0.71734154840459163, 0.74133119734538111]
840 ; 48 ; 188 ; 2 ; [0.18292604597636891] ; [0.0048565379486182588]
840 ; 48 ; 188 ; 6 ; [0.22551720219870705] ; [1.4009736655002429]
840 ; 48 ; 188 ; 7 ; [2.0719966007663948] ; [-0.0092279100969122011]
840 ; 48 ; 188 ; 10 ; [0.73765991614133919] ; [1.1270017707216538]
840 ; 48 ; 188 ; 11 ; [2.2535472169675708] ; [0.79738918345083232]
840 ; 48 ; 189 ; 4 ; [1.157320564759353] ; [1.4123608825438458]
840 ; 48 ; 190 ; 0 ; [0.20214229467804851, 0.15749813737558552] ; [0.15789913571984604, 0.10318249776255518]
840 ; 48 ; 190 ; 1 ; [0.46479501106601673] ; [0.13756463844426428]
840 ; 48 ; 190 ; 2 ; [0.038097007528396482] ; [0.37375564167105985]
840 ; 48 ; 190 ; 7 ; [0.82779338726235263] ; [0.2996126246000933]
840 ; 48 ; 190 ; 15 ; [-0.001781810617222257] ; [1.0828643958185951]
840 ; 48 ; 191 ; 1 ; [-0.021440228625653011] ; [0.0072172355964487374]
840 ; 48 ; 192 ; 0 ; [0.25354540207348425, 0.33042619639829207, 0.29802728896765524] ; [0.51110240444575805, 0.30461032958295675, 0.12771593729140174]
840 ; 48 ; 192 ; 2 ; [0.21581039428668181] ; [1.5875287358098606e-05]
840 ; 48 ; 193 ; 0 ; [0.17586230760680469, 0.090703667300107982, 0.23386686177303695] ; [0.41231676133351958, 0.16903222713798161, 0.2030149235525934]
840 ; 48 ; 193 ; 1 ; [0.20528315013017853] ; [0.36998616029577092]
840 ; 48 ; 194 ; 0 ; [0.34216502196129439] ; [0.11015807742026158]
840 ; 48 ; 194 ; 1 ; [0.017917508123385752] ; [0.60392922309230146]
840 ; 48 ; 194 ; 20 ; [2.8491540729542812] ; [0.10388791637230421]
840 ; 48 ; 195 ; 0 ; [1.0164981276023854, 0.47568833582874115] ; [0.53473607722792416, 0.15057938550336616]
840 ; 48 ; 196 ; 0 ; [0.45398915319040728] ; [0.20650569594504598]
840 ; 48 ; 196 ; 1 ; [1.2843129350414852] ; [2.1049879638670532]
840 ; 48 ; 196 ; 2 ; [1.4774287576656648] ; [2.5569871086267555]
840 ; 48 ; 198 ; 0 ; [0.74874236857629606] ; [0.46109941143499994]
840 ; 48 ; 198 ; 1 ; [0.78319110599785724] ; [0.85162023699237466]
840 ; 48 ; 199 ; 0 ; [0.91031197277534459] ; [0.65475724708553029]
840 ; 48 ; 200 ; 0 ; [0.30087833216439375, 0.21971758756167378, 0.22133744005839445, 0.099488111831441628] ; [0.2257194147708762, 0.15498676031008407, 0.21735980534910546, 0.14125806800980231]
840 ; 48 ; 201 ; 0 ; [0.33198176980085897] ; [0.09455655395872363]
840 ; 48 ; 201 ; 1 ; [0.1784148623230232] ; [0.52105274955465153]
840 ; 48 ; 201 ; 5 ; [0.63263506805519265] ; [0.04600218077039267]
840 ; 48 ; 202 ; 0 ; [0.32181356681315376, 0.11018992164279559] ; [0.37512620178643324, 0.14009726209062745]
840 ; 48 ; 202 ; 2 ; [0.61396646752690021] ; [4.0314110369178984]
840 ; 48 ; 202 ; 3 ; [1.0029558802091501] ; [2.0127244826744426]
840 ; 48 ; 202 ; 4 ; [4.5810849679510488] ; [1.7017680927884589]
840 ; 48 ; 202 ; 6 ; [0.078194872600767296] ; [0.14317209380232132]
840 ; 48 ; 203 ; 0 ; [0.96974925100015419, 0.39573949101977174] ; [0.27304124834807364, 0.3246234337422097]
840 ; 48 ; 203 ; 1 ; [0.35636538841520515] ; [0.16770288302259476]
840 ; 48 ; 203 ; 2 ; [0.11644761300135877, 0.51332342668036079] ; [-0.0027292840766888512, 0.020303792128681233]
840 ; 48 ; 203 ; 3 ; [0.43003464925952678] ; [0.034100018314367424]
840 ; 48 ; 204 ; 0 ; [0.2011116105108029] ; [0.31823640617562676]
840 ; 48 ; 204 ; 1 ; [0.028545072609660126] ; [0.10739814556763508]
840 ; 48 ; 204 ; 7 ; [1.1869885817306844] ; [0.37120570067271119]
840 ; 48 ; 205 ; 0 ; [0.23248688210191662, 0.11805751046867412, 0.039452269965861736] ; [0.31776412247587882, 0.26293910708296947, 0.14508353686544107]
840 ; 48 ; 206 ; 0 ; [0.32098027125892709] ; [0.66395125881564987]
840 ; 48 ; 206 ; 1 ; [0.16335780318331097] ; [-0.009626066165802763]
840 ; 48 ; 206 ; 2 ; [4.1654876478618501] ; [0.69306878828200946]
840 ; 48 ; 206 ; 4 ; [3.4282069541452631] ; [0.84215160451181736]
840 ; 48 ; 207 ; 0 ; [0.25380239025540841, 0.264426594722243, 0.33599128870876649] ; [0.26038559762870983, 0.26328374017369138, 0.23050364019499586]
840 ; 48 ; 207 ; 1 ; [0.083901783685405212] ; [-0.050504446713381994]
840 ; 48 ; 208 ; 0 ; [0.021517821211343421] ; [0.0036791953758807988]
840 ; 48 ; 209 ; 1 ; [0.066590518640030932] ; [0.10898881042887305]
840 ; 48 ; 209 ; 2 ; [0.10339121445492114] ; [0.35319349944435613]
840 ; 48 ; 210 ; 0 ; [0.13847746333997366, 0.19058886441829098, 0.1675232026490632] ; [0.18707221640498892, 0.39606763823275504, 0.31872093769031828]
840 ; 48 ; 210 ; 1 ; [0.17685341174068234] ; [0.011558372960740415]
840 ; 48 ; 211 ; 1 ; [0.21958019672942164] ; [-0.011255709201950018]
840 ; 48 ; 211 ; 5 ; [1.4420249200593589] ; [1.9366995477713049]
840 ; 48 ; 211 ; 6 ; [1.498773943694736] ; [1.1398432824080875]
840 ; 48 ; 211 ; 7 ; [0.55766411695803997, 0.076601580305537667] ; [0.65763638751745634, 0.21337027835128661]
840 ; 48 ; 211 ; 8 ; [2.3250034676354621] ; [1.9880652978410007]
840 ; 48 ; 212 ; 0 ; [2.6711157146842543] ; [0.63523837040722242]
840 ; 48 ; 212 ; 1 ; [1.9229305278688198] ; [0.73378131628419985]
840 ; 48 ; 213 ; 0 ; [0.22626580099122848] ; [0.20505189729914985]
840 ; 48 ; 214 ; 0 ; [0.062196924748405213, 0.020614455108472901, 0.022376417806735219, 0.024861162741463504] ; [0.20631492031778342, 0.18461940727786902, 0.17195630839915391, 0.067210441527620249]
840 ; 48 ; 215 ; 0 ; [2.2852558160484051] ; [1.4687954003060502]
840 ; 48 ; 215 ; 1 ; [1.6674319918310165] ; [0.91324951752987504]
840 ; 48 ; 215 ; 3 ; [0.54428084709969804] ; [2.3636047059127603]
840 ; 48 ; 215 ; 9 ; [3.0648482658107743] ; [1.6704648094644432]
840 ; 48 ; 215 ; 10 ; [0.41261921564083448] ; [2.885027625763473]
840 ; 48 ; 215 ; 11 ; [2.4207925725020898] ; [2.2335078274961351]
840 ; 48 ; 215 ; 12 ; [3.4120246486410375] ; [1.4507357629064852]
840 ; 48 ; 215 ; 13 ; [1.7338106559150892] ; [0.92225628453540631]
840 ; 48 ; 215 ; 14 ; [1.3444702396903312] ; [2.1991280656912151]
840 ; 48 ; 215 ; 15 ; [1.9021858543009769] ; [1.7023885219932531]
840 ; 48 ; 215 ; 16 ; [1.7696106848314859] ; [3.2981422010155463]
840 ; 48 ; 215 ; 17 ; [1.6446368689558417] ; [2.0134747493329783]
840 ; 48 ; 215 ; 18 ; [5.1331876192268844] ; [0.91358440088660653]
840 ; 48 ; 215 ; 19 ; [1.1513501970140765] ; [2.3284194745120934]
840 ; 48 ; 215 ; 21 ; [0.47609528316738486] ; [0.93603780151266103]
840 ; 48 ; 215 ; 26 ; [1.2665540681463656] ; [1.4070949723349289]
840 ; 48 ; 215 ; 27 ; [2.2920375777593534] ; [2.8991709437163462]
840 ; 48 ; 215 ; 30 ; [3.5259650526840471] ; [0.90661841038131719]
840 ; 48 ; 215 ; 31 ; [1.9381007215168338] ; [1.9436186861088141]
840 ; 48 ; 215 ; 33 ; [1.2151618568849543] ; [1.8856807440987726]
840 ; 48 ; 215 ; 34 ; [0.91688757499555251] ; [1.0222361200776664]
840 ; 48 ; 215 ; 37 ; [1.2850108319575275] ; [0.69986353522189815]
840 ; 48 ; 215 ; 39 ; [0.53024620555360413] ; [0.77401169421836569]
840 ; 48 ; 215 ; 40 ; [0.70366081003356207] ; [1.1082680491368069]
840 ; 48 ; 215 ; 44 ; [0.13451827669899089] ; [1.7728784882944937]
840 ; 48 ; 215 ; 45 ; [0.33702338122839604] ; [3.1435400849898238]
840 ; 48 ; 215 ; 46 ; [2.1715237733675292] ; [2.8323724365635536]
840 ; 48 ; 215 ; 47 ; [1.7447163925517024] ; [1.6301031268466688]
840 ; 48 ; 216 ; 1 ; [1.5984822680111588] ; [0.2225972535861232]
840 ; 48 ; 216 ; 2 ; [1.6692676591606552] ; [0.39772938999121882]
840 ; 48 ; 216 ; 4 ; [1.4241757304741118] ; [0.34554081733366682]
840 ; 48 ; 216 ; 5 ; [0.39965111134667303] ; [0.3773307514655766]
840 ; 48 ; 216 ; 6 ; [0.68564526252080393] ; [0.46350162091078811]
840 ; 48 ; 216 ; 7 ; [0.77580177950776086] ; [1.2112653289182533]
840 ; 48 ; 216 ; 8 ; [0.25055568957967317] ; [0.16880611972948134]
840 ; 48 ; 216 ; 24 ; [0.76038869714505197] ; [0.751848514089416]
840 ; 48 ; 216 ; 28 ; [0.14271679968133363] ; [0.44079172528954108]
840 ; 48 ; 216 ; 29 ; [0.59321723839847973] ; [0.4373945089228477]
840 ; 48 ; 216 ; 32 ; [0.18845804751790682] ; [1.8863222637079418]
840 ; 48 ; 217 ; 1 ; [0.048256334582492365, 0.10549503414247548] ; [0.30370967700300167, 0.26803202093850098]
840 ; 48 ; 217 ; 2 ; [0.92467623995585613] ; [0.29331888827641212]
840 ; 48 ; 218 ; 0 ; [0.15527610610211875, 0.085834895897065763] ; [0.29822068619568437, 0.14254212133884858]
840 ; 48 ; 219 ; 0 ; [0.1913497990806117, 0.22128309845153027, 0.055937329490774887] ; [0.20031162285584897, 0.25965214086418947, 0.081388551650886529]
840 ; 48 ; 220 ; 0 ; [0.28949131880168893] ; [0.46734821165777607]
840 ; 48 ; 220 ; 3 ; [0.43007046782732417] ; [-0.00325625473962425]
840 ; 48 ; 220 ; 4 ; [0.23007369081257795, 0.47522007848332448, 0.36349711068716001] ; [0.34034902332178735, 0.9862548185222455, 0.13812079285002241]
840 ; 48 ; 221 ; 0 ; [0.19668510209068488] ; [0.15162662180916467]
840 ; 48 ; 221 ; 1 ; [0.2517790736853332] ; [0.28989721960817466]
840 ; 48 ; 221 ; 2 ; [0.19676360356970901, 0.18456582625076237, 0.2182815559267183, 0.22434425616493692] ; [0.25136098283360203, 0.24972234120784367, 0.40989911093650533, 0.068783670066138558]
840 ; 48 ; 222 ; 0 ; [0.9384287194292722] ; [0.16504270799804369]
840 ; 48 ; 222 ; 1 ; [0.49716220759849034] ; [0.70697751394265274]
840 ; 48 ; 222 ; 17 ; [0.54274054932961624] ; [1.3632276880975831]
840 ; 48 ; 223 ; 0 ; [0.33894369669215907, 0.27223804958647058, 0.23512503648616273, 0.23569534458163355, 0.10027182107364653] ; [0.15030765695123985, 0.1599057317025622, 0.18902530602472342, 0.34686631724056649, 0.21699757571331257]
840 ; 48 ; 224 ; 0 ; [1.6603823532215329] ; [1.5116935782044298]
840 ; 48 ; 224 ; 3 ; [1.6565433537468546] ; [2.1366496225547364]
840 ; 48 ; 224 ; 8 ; [0.79658602749744034] ; [1.6341255660484755]
840 ; 48 ; 225 ; 0 ; [0.2299923304704419] ; [0.76763677854181656]
840 ; 48 ; 225 ; 1 ; [0.090888243673064473] ; [0.46577037394650611]
840 ; 48 ; 225 ; 3 ; [0.013002864896333103] ; [2.1915877839727758]
840 ; 48 ; 225 ; 4 ; [0.0063189907845292784] ; [0.72956568712827319]
840 ; 48 ; 225 ; 5 ; [-0.0010637619564852331] ; [0.9996639251370163]
840 ; 48 ; 225 ; 6 ; [0.0011699923138699018] ; [1.2795919007842271]
840 ; 48 ; 226 ; 0 ; [1.1575203049854546] ; [2.4670502943200643]
840 ; 48 ; 226 ; 1 ; [0.00039355494422051049] ; [0.19314523559527508]
840 ; 48 ; 226 ; 3 ; [0.56274388603607817] ; [1.4264154699252674]
840 ; 48 ; 226 ; 4 ; [1.2804573436210458] ; [2.1027423536947816]
840 ; 48 ; 226 ; 6 ; [1.5305509699023645] ; [1.5534678256927079]
840 ; 48 ; 227 ; 0 ; [0.04666791222845805, 0.070047074770596296, 0.098766234386800114] ; [0.21897248274336287, 0.21327475837248139, 0.12785486606087668]
840 ; 48 ; 228 ; 0 ; [0.19959366452858388] ; [0.66930258399518261]
840 ; 48 ; 228 ; 1 ; [0.46118489165606669] ; [0.89004168255279392]
840 ; 48 ; 229 ; 0 ; [0.06078140151823009, 0.01581538548266646, -0.0013527397791041082] ; [0.31810231213127965, 0.20881514435709497, 0.061772138216236977]
840 ; 48 ; 229 ; 1 ; [0.14871320398725199] ; [0.030677254170308331]
840 ; 48 ; 229 ; 2 ; [0.054694364167898628] ; [-0.028173797809505383]
840 ; 48 ; 230 ; 0 ; [2.0323756025111037] ; [0.92460820845624292]
840 ; 48 ; 230 ; 1 ; [1.0276005841507585] ; [0.68125572151400859]
840 ; 48 ; 230 ; 4 ; [0.1304596464276491] ; [0.61895903823073184]
840 ; 48 ; 231 ; 0 ; [0.049177327912292103, 0.02166131316825733] ; [0.24349988128609726, 0.12563943495566721]
840 ; 48 ; 232 ; 0 ; [0.14905200435239005, 0.13966979932933421, 0.038073743244843972] ; [0.17813100978753454, 0.16608198619051612, 0.12652496069400535]
840 ; 48 ; 233 ; 1 ; [1.1705231932566642] ; [0.93351817620774658]
840 ; 48 ; 233 ; 2 ; [1.5430906838681391] ; [1.1347294654512121]
840 ; 48 ; 233 ; 3 ; [0.014509626765288991] ; [1.246936960923944]
840 ; 48 ; 233 ; 4 ; [1.0075369998306012] ; [0.85979625418427941]
840 ; 48 ; 233 ; 5 ; [-0.079525460270162801] ; [1.1574046231608548]
840 ; 48 ; 233 ; 10 ; [0.061835861267997984] ; [1.0361067795921715]
840 ; 48 ; 233 ; 12 ; [0.033126499825554337] ; [0.42557737289652248]
840 ; 48 ; 233 ; 16 ; [0.033530261364304648] ; [2.6565381459049036]
840 ; 48 ; 234 ; 0 ; [2.1556623285361742] ; [0.66867952977040068]
840 ; 48 ; 234 ; 6 ; [10.972113878770502] ; [5.8537579501322812]
840 ; 48 ; 234 ; 9 ; [0.51768326388533581] ; [0.13162770451783937]
840 ; 48 ; 235 ; 0 ; [0.42599984784715927] ; [0.50788043234011604]
840 ; 48 ; 235 ; 2 ; [2.5255138547808871] ; [0.30509229722166847]
840 ; 48 ; 235 ; 3 ; [5.0386321703650587] ; [0.37676860491680658]
840 ; 48 ; 235 ; 5 ; [0.049901170117068745] ; [0.00010381674940429246]
840 ; 48 ; 235 ; 8 ; [1.1103190389729773] ; [2.2685819294441885]
840 ; 48 ; 235 ; 9 ; [0.056116676577889019] ; [3.6882294981251311]
840 ; 48 ; 237 ; 0 ; [0.0472980837724516, 0.4829564193800206] ; [0.2663694798362628, 1.8726510973519868]
840 ; 48 ; 238 ; 0 ; [0.64095237151009654] ; [0.14409268272841189]
840 ; 48 ; 238 ; 1 ; [0.85280520047482389] ; [0.43701524824021731]
840 ; 48 ; 238 ; 2 ; [0.49807833003810581] ; [0.24172771077087346]
840 ; 48 ; 238 ; 3 ; [0.53641942275732923] ; [0.12444800464093658]
840 ; 48 ; 238 ; 4 ; [0.36102749605902668] ; [1.2620392460642018]
840 ; 48 ; 238 ; 5 ; [2.58713954381219] ; [0.52339101609016314]
840 ; 48 ; 238 ; 6 ; [0.36041497327144101] ; [0.35788614989958545]
840 ; 48 ; 238 ; 8 ; [1.2917317238673793] ; [0.031232195523988156]
840 ; 48 ; 238 ; 12 ; [0.45360765784874996] ; [4.9198094455346109]
840 ; 48 ; 238 ; 18 ; [2.2264004103462298] ; [1.7335528459414538]
840 ; 48 ; 238 ; 28 ; [0.49864512603569966] ; [1.3731450945088148]
840 ; 48 ; 238 ; 30 ; [1.7609974068658953] ; [0.91636073260192419]
840 ; 48 ; 239 ; 0 ; [0.12358496017225964] ; [0.089311283529747168]
840 ; 48 ; 239 ; 3 ; [2.2903280253367178] ; [1.1608542736288707]
840 ; 48 ; 239 ; 5 ; [2.5001826570946686] ; [1.0429019047829402]
840 ; 48 ; 240 ; 0 ; [0.40530253922277504] ; [0.31366891933711155]
840 ; 48 ; 240 ; 1 ; [0.6160637474238837] ; [0.41124360242736507]
840 ; 48 ; 241 ; 0 ; [-0.0092315569188032957, -0.011689814415465958, -0.0082448627724299416] ; [0.19741915303228508, 0.17626617194977842, 0.1055126117999735]
840 ; 48 ; 242 ; 0 ; [-0.022952202943573117] ; [0.054635560096092432]
840 ; 48 ; 242 ; 2 ; [1.4307386453770043] ; [0.29526134822923322]
840 ; 48 ; 242 ; 3 ; [1.4060019733487494] ; [0.10025490402400108]
840 ; 48 ; 243 ; 0 ; [1.8906684134289176] ; [0.21387222008269735]
840 ; 48 ; 244 ; 0 ; [0.007006902907637144, 0.040290967659593446, 0.0012410392352211119, 0.012692523311647011] ; [0.18890378809105621, 0.22595160657418756, 0.16731162699291977, 0.13568305902115699]
840 ; 48 ; 245 ; 0 ; [0.14039000481149944, 0.1077919708438031, 0.62004353109556198] ; [0.23703438289040946, 0.15966366534477958, 0.17444919039332679]
840 ; 48 ; 246 ; 7 ; [0.78862126195725035] ; [2.3236742520634892]
840 ; 48 ; 246 ; 8 ; [0.63864914186165422] ; [0.96963466241401319]
840 ; 48 ; 246 ; 9 ; [3.9697865697799641] ; [1.7133046733844171]
840 ; 48 ; 246 ; 13 ; [0.53806708757407828] ; [1.6749203849754482]
840 ; 48 ; 247 ; 0 ; [0.37025093271968362] ; [0.15224925202503498]
840 ; 48 ; 247 ; 1 ; [1.3433998576800494] ; [0.77755858383034826]
840 ; 48 ; 249 ; 0 ; [0.20261248887176572, 0.27267905370100959, 12.619391473493394] ; [0.21936700447576959, 0.22259882837842349, 0.90129847631761895]
840 ; 48 ; 249 ; 1 ; [0.099428691726698423, 0.28787440607048942, 0.18782357167166239, -0.004774127138249284] ; [0.29909656002784907, 0.16407345172372734, 0.054592062226916732, -0.054647635269686828]
840 ; 48 ; 250 ; 0 ; [0.18741580709396308] ; [1.7519970347661331]
840 ; 48 ; 250 ; 1 ; [0.40818498754969629] ; [1.3624507142224607]
840 ; 48 ; 250 ; 2 ; [0.60462298755365007] ; [0.38100311033564305]
840 ; 48 ; 250 ; 4 ; [1.549681133840948] ; [1.6432242449587433]
840 ; 48 ; 250 ; 5 ; [2.861303863176722] ; [1.4843856384271956]
840 ; 48 ; 250 ; 6 ; [1.0290309332491774] ; [0.25970642276151551]
840 ; 48 ; 250 ; 8 ; [1.077116364938532] ; [1.8714553955369642]
840 ; 48 ; 250 ; 9 ; [1.3931461249139581] ; [1.1147119975687569]
840 ; 48 ; 250 ; 16 ; [1.03445104721848] ; [1.7897499325583273]
840 ; 48 ; 251 ; 0 ; [-0.016765962148155664, -0.019813739092946401, 1.6883684175951736] ; [0.11531394287785315, 0.15557890143336614, 0.72964186019849808]
840 ; 48 ; 251 ; 1 ; [0.40379210989360215] ; [0.35800352768413329]
840 ; 48 ; 251 ; 2 ; [0.090185798021042179] ; [-0.0090340655229147193]
840 ; 48 ; 251 ; 4 ; [0.51896023741592245] ; [0.31596401810713737]
840 ; 48 ; 252 ; 0 ; [2.3128644207737254] ; [1.2253550806468019]
840 ; 48 ; 252 ; 2 ; [3.5323491093224173] ; [1.6097015923182387]
840 ; 48 ; 252 ; 3 ; [3.3292303726726362] ; [0.99432808688230501]
840 ; 48 ; 252 ; 5 ; [4.8892444820329795] ; [1.3455436326203918]
840 ; 48 ; 252 ; 6 ; [1.8926488578422633] ; [1.920673729677832]
840 ; 48 ; 252 ; 7 ; [2.0245913018836839] ; [1.88800550931519]
840 ; 48 ; 252 ; 9 ; [1.2642062084959749] ; [1.7405771963140018]
840 ; 48 ; 252 ; 12 ; [5.1657875114248304] ; [2.5344512226673532]
840 ; 48 ; 252 ; 13 ; [4.5568584103323246] ; [4.8158684141280164]
840 ; 48 ; 252 ; 14 ; [0.76659346046655774] ; [1.7870395241506893]
840 ; 48 ; 253 ; 0 ; [0.0061659550395171056, 0.032245189037933511, 0.0053953849288867119] ; [0.15586704960521025, 0.21277952717807286, 0.16028728921804294]
840 ; 48 ; 254 ; 0 ; [1.0278630789851173] ; [0.9428364671529732]
840 ; 48 ; 254 ; 2 ; [2.7106049305152875] ; [2.6910231131370712]
840 ; 48 ; 255 ; 0 ; [0.099766000741605312] ; [0.33430746585230625]
840 ; 48 ; 255 ; 12 ; [0.24588090333270096] ; [0.84511237463428823]
840 ; 48 ; 256 ; 0 ; [-0.0073391769017903726] ; [-0.0064074984701118897]
840 ; 48 ; 256 ; 1 ; [0.25954798917400573] ; [0.51846944988830468]
840 ; 48 ; 257 ; 0 ; [0.20937018082387476, 0.079778950825696665] ; [0.39388358645940508, 0.056348335402379796]
840 ; 48 ; 258 ; 0 ; [0.56022625249594926] ; [0.27575683886597918]
840 ; 48 ; 258 ; 1 ; [0.081290065474686216] ; [0.13899155745438493]
840 ; 48 ; 259 ; 0 ; [0.25666999465703577] ; [0.018914902245585782]
840 ; 48 ; 261 ; 0 ; [0.16376632103929684] ; [0.040724452495711556]
840 ; 48 ; 262 ; 0 ; [0.0064963058121950169, 0.17973498721070444] ; [0.023294843712273704, 0.18157174326841846]
840 ; 48 ; 262 ; 2 ; [3.851120155860138] ; [1.0173181582214954]
840 ; 48 ; 264 ; 0 ; [0.0064913435654964605, 0.16816127588350493] ; [0.048284316283376767, 0.47113922102799299]
840 ; 48 ; 264 ; 1 ; [0.74512545091401583] ; [0.45079125389122493]
840 ; 48 ; 264 ; 3 ; [0.89004725862852774] ; [0.66145964908268196]
840 ; 48 ; 264 ; 12 ; [0.54107038455062884] ; [0.63225573800900825]
840 ; 48 ; 265 ; 0 ; [1.9391366503860754, 0.099502362152743717] ; [0.46720547781560234, 0.19559482442709014]
840 ; 48 ; 266 ; 0 ; [0.065849636921880575, 0.045777044563295517, 0.016772995895256292, 0.08258684512645928] ; [0.17304606737312794, 0.20310973680361355, 0.20758298911341236, 0.17884269441520406]
840 ; 48 ; 267 ; 0 ; [0.25723842479024789] ; [0.5553699358992481]
840 ; 48 ; 267 ; 10 ; [1.5560879084719152] ; [0.63678542174320685]
840 ; 48 ; 268 ; 0 ; [0.13845585570536981, 0.15593440809829318, 0.092552256936033112, 0.048579283523945221] ; [0.16700305324996548, 0.17508810172608075, 0.2195052325776902, 0.30349430006552952]
840 ; 48 ; 268 ; 1 ; [-0.010237848795312997] ; [0.21555095865864185]
840 ; 48 ; 268 ; 2 ; [0.68533948867496497] ; [0.08876899444244471]
840 ; 48 ; 269 ; 0 ; [0.43561683687518021] ; [0.47523010424865519]
840 ; 48 ; 270 ; 0 ; [0.25329293974787548, 0.16526508658152531] ; [1.0459206758941699, 0.32130070616940853]
840 ; 48 ; 273 ; 1 ; [1.0448216059007456] ; [0.62457459653783587]
840 ; 48 ; 273 ; 3 ; [0.71442576760739496] ; [0.5174416382074094]
840 ; 48 ; 273 ; 5 ; [0.25869831975014529] ; [0.34817111947353241]
840 ; 48 ; 274 ; 0 ; [1.1476663361106041] ; [0.14302326788799524]
840 ; 48 ; 274 ; 1 ; [0.21727197167004192] ; [0.47470263774121579]
840 ; 48 ; 274 ; 2 ; [1.0357756470163439] ; [0.72644061952742844]
840 ; 48 ; 275 ; 0 ; [0.10406803839090434, 0.015054849478353907] ; [0.50115273989993114, 0.062486907959497316]
840 ; 48 ; 276 ; 1 ; [0.62273683552431769] ; [0.36581267125361427]
840 ; 48 ; 276 ; 7 ; [0.90222651733228387] ; [1.2675162978053482]
840 ; 48 ; 277 ; 0 ; [0.21253720141370203] ; [0.24187689687856209]
840 ; 48 ; 277 ; 1 ; [0.15161539208958086] ; [0.087338152591257975]
840 ; 48 ; 277 ; 2 ; [0.42577918429587391] ; [-0.00012011465668101583]
840 ; 48 ; 277 ; 3 ; [0.35088115687079902] ; [0.011374681365355733]
840 ; 48 ; 277 ; 4 ; [0.038885063264300572] ; [0.18215172732298418]
840 ; 48 ; 278 ; 0 ; [0.45815247207250126] ; [0.37090031086307268]
840 ; 48 ; 278 ; 2 ; [0.74152430197145025] ; [2.0443980897858709]
840 ; 48 ; 278 ; 3 ; [1.0233421666277553] ; [0.39253018395577044]
840 ; 48 ; 278 ; 4 ; [0.52837866812301837] ; [0.63039125442832378]
840 ; 48 ; 278 ; 5 ; [0.77601459008206708] ; [0.58799876274153784]
840 ; 48 ; 278 ; 6 ; [1.2415837259275013] ; [0.82304206697219151]
840 ; 48 ; 278 ; 7 ; [0.28877429600060411] ; [0.43627335557733876]
840 ; 48 ; 278 ; 10 ; [3.3075756364236977] ; [0.83766764903529034]
840 ; 48 ; 278 ; 16 ; [0.53120258123046327] ; [0.23856903294172477]
840 ; 48 ; 278 ; 17 ; [0.43967323068189879] ; [2.0291793368934838]
840 ; 48 ; 278 ; 29 ; [0.9490941191596427] ; [1.520193864432011]
840 ; 48 ; 278 ; 39 ; [1.502723575790669] ; [0.60825180551257541]
840 ; 48 ; 278 ; 43 ; [0.20168086570423957] ; [0.55086126213755349]
840 ; 48 ; 278 ; 47 ; [1.2113118269825023] ; [0.57712607628698065]
840 ; 48 ; 279 ; 0 ; [1.6996688590836115] ; [2.8100163892788887]
840 ; 48 ; 279 ; 2 ; [1.992461373046901] ; [1.7676782393454089]
840 ; 48 ; 280 ; 0 ; [0.33766279308885189] ; [0.54459331941223132]
840 ; 48 ; 280 ; 2 ; [0.33200897476297131] ; [1.6842562430896764]
840 ; 48 ; 280 ; 9 ; [1.3349973180106456] ; [4.2778779544034142]
840 ; 48 ; 280 ; 15 ; [5.3914293046422719] ; [1.2282089637954503]
840 ; 48 ; 280 ; 19 ; [3.2375099221602488] ; [0.047878623289009339]
840 ; 48 ; 280 ; 25 ; [4.7328588017650253] ; [1.4501466566407806]
840 ; 48 ; 280 ; 27 ; [0.67114614727840227] ; [0.98172990136083649]
840 ; 48 ; 280 ; 33 ; [0.5373264229070378] ; [0.24384492160395757]
840 ; 48 ; 280 ; 36 ; [4.8596198798594399] ; [0.052834579861499545]
840 ; 48 ; 281 ; 1 ; [0.8326198916064016] ; [0.3908493009889607]
840 ; 48 ; 281 ; 2 ; [0.79223947035599418] ; [0.56014806569489017]
840 ; 48 ; 281 ; 3 ; [0.8972889614502837] ; [0.54973844459933607]
840 ; 48 ; 281 ; 4 ; [0.65178138969265553] ; [0.17498947677955862]
840 ; 48 ; 281 ; 6 ; [0.63988497496858088] ; [1.3247002680041207]
840 ; 48 ; 281 ; 9 ; [1.2306802507943366] ; [0.50696189110487777]
840 ; 48 ; 281 ; 11 ; [4.1215175844561704] ; [0.83995769439793166]
840 ; 48 ; 282 ; 2 ; [0.49350412878680139] ; [0.67494425925320534]
840 ; 48 ; 283 ; 0 ; [2.1175796241516971] ; [0.33921579625755455]
840 ; 48 ; 283 ; 1 ; [0.25633421245229882] ; [0.080425259287744591]
840 ; 48 ; 283 ; 5 ; [0.93557817328637549] ; [3.4008022777047824]
840 ; 48 ; 283 ; 7 ; [1.6465860807262416] ; [1.0386170575573463]
840 ; 48 ; 283 ; 8 ; [1.6471398973239866] ; [0.52950726225619749]
840 ; 48 ; 284 ; 0 ; [0.48057027318361661, 0.25599068199908437, 0.04875853379724597] ; [0.42523371610852895, 0.31039416521203833, 0.077195974925033203]
840 ; 48 ; 285 ; 0 ; [0.13734806220225493, 0.084657563140563566, 0.059998441925367636, 0.022001777311496645] ; [0.36040946925246098, 0.38081436156323917, 0.21184867533871193, 0.24359350607466318]
840 ; 48 ; 285 ; 1 ; [0.1228156101371615, 0.17815275246162762, 0.46495196471978484] ; [0.3528912045422547, 0.3052536244915835, 0.16556885550600969]
840 ; 48 ; 285 ; 2 ; [0.43281548956005494] ; [0.045827034965122894]
840 ; 48 ; 285 ; 3 ; [0.4898817693257364] ; [0.17601563593948197]
840 ; 48 ; 286 ; 0 ; [1.0733543940616819] ; [2.7830564743906954]
840 ; 48 ; 286 ; 2 ; [3.447699687886038] ; [1.2682160197543231]
840 ; 48 ; 286 ; 9 ; [0.33766855104663329] ; [1.3718612737764144]
840 ; 48 ; 286 ; 11 ; [1.0629005396709599] ; [3.4842514812328389]
840 ; 48 ; 286 ; 12 ; [1.5358566808764933] ; [3.8310828061980318]
840 ; 48 ; 286 ; 13 ; [0.53208895648910748] ; [3.7601271452424263]
840 ; 48 ; 286 ; 19 ; [0.41286477650018089] ; [1.8740520931796716]
840 ; 48 ; 286 ; 20 ; [0.56983752423477885] ; [1.4405831122739028]
840 ; 48 ; 287 ; 0 ; [0.18568934963791203] ; [0.057328562839220588]
840 ; 48 ; 287 ; 3 ; [0.25474162730820143, 0.26039924151472549, 0.39127736033923155] ; [0.20563924640806672, 0.1492535662843609, 0.39669291528883494]
840 ; 48 ; 288 ; 1 ; [0.0034657887821551618] ; [0.94263718727320556]
840 ; 48 ; 288 ; 3 ; [0.017329335154025318, 0.069373627662291895, 0.098840080245615358, 0.053366288567504735] ; [0.20426434640522545, 0.22386451477630628, 0.35253634382016358, 0.1794924026221964]
840 ; 48 ; 290 ; 0 ; [0.56553371287043641] ; [1.0847126665516174]
840 ; 48 ; 290 ; 3 ; [0.77472488047423027] ; [1.8895602358713206]
840 ; 48 ; 290 ; 16 ; [1.5316600838232381] ; [1.1706386356220746]
840 ; 48 ; 290 ; 18 ; [0.80440718315660198] ; [0.71631522748140286]
840 ; 48 ; 291 ; 0 ; [0.20977098944157693, 0.19035226785041892, 0.16130544951052223, 0.13824716262493683] ; [0.24060107133600797, 0.32495466078091234, 0.19839023518850579, 0.10598475056891271]
840 ; 48 ; 292 ; 0 ; [0.74990916717706424] ; [0.71132520947896427]
840 ; 48 ; 292 ; 2 ; [0.61250484969374364, 0.14764549215403147] ; [0.51687953044171331, 0.044349880121009412]
840 ; 48 ; 293 ; 0 ; [0.61745055800464488] ; [0.54863848744073029]
840 ; 48 ; 293 ; 2 ; [2.1629969025026039] ; [1.0195954014420254]
840 ; 48 ; 294 ; 2 ; [1.045883708723566] ; [0.41407107012493]
840 ; 48 ; 295 ; 0 ; [0.12024397196646178] ; [0.0292515641844277]
840 ; 48 ; 296 ; 0 ; [0.047290830958323364] ; [0.098517441609863921]
840 ; 48 ; 297 ; 0 ; [0.46381687820898099] ; [0.0033470954377989855]
840 ; 48 ; 297 ; 1 ; [0.29943287050113626] ; [-0.0033845591542871274]
840 ; 48 ; 297 ; 4 ; [1.1312606529229312] ; [1.9255085719154286]
840 ; 48 ; 297 ; 5 ; [0.55528333723477985] ; [0.88467079187219688]
840 ; 48 ; 298 ; 0 ; [0.085577642800871781] ; [0.17161444071740664]
840 ; 48 ; 299 ; 0 ; [0.32781675913061981] ; [0.41222744230634489]
840 ; 48 ; 300 ; 0 ; [0.10239709913502609, 0.21626202479477205, 0.069004294727191315, 0.12522791036468056, 0.15283437261238073, 0.10246871141441845] ; [0.13622453745636656, 0.29889937610113249, 0.24585666872304954, 0.15661292403866947, 0.15826941304859271, 0.17781736059460107]
840 ; 48 ; 300 ; 1 ; [0.10981904316080285] ; [0.027458653219150694]
840 ; 48 ; 301 ; 0 ; [0.10951973156630676, 0.064713655853991997, 0.13024903347968528, 0.062827934109786876] ; [0.22619810746628005, 0.17160805266489837, 0.26861444055723782, 0.23289478378697942]
840 ; 48 ; 302 ; 0 ; [0.52208469686861791] ; [0.13222188359466922]
840 ; 48 ; 302 ; 2 ; [1.021379003537213] ; [1.2672236667774184]
840 ; 48 ; 303 ; 0 ; [0.36669279937437016] ; [0.086618269383416657]
840 ; 48 ; 305 ; 0 ; [0.11154481604052546, 0.088335317761958909, 0.18113119707983219, 0.053556053767897231] ; [0.16049900054061242, 0.20425683716339871, 0.35259442885116649, 0.060687274349718823]
840 ; 48 ; 306 ; 0 ; [0.64898944444801798] ; [0.24174506221733602]
840 ; 48 ; 307 ; 0 ; [0.32314999077444956] ; [0.22233692241473202]
840 ; 48 ; 307 ; 1 ; [3.7581782623500279] ; [0.23603280985623318]
840 ; 48 ; 307 ; 2 ; [0.39855942995090832] ; [0.24523208081557407]
840 ; 48 ; 307 ; 3 ; [1.3983845536593973] ; [0.81849419081348906]
840 ; 48 ; 307 ; 4 ; [0.43237465881721671] ; [0.03626803011515075]
840 ; 48 ; 307 ; 5 ; [0.11448921861032391] ; [2.0025187791413441]
840 ; 48 ; 307 ; 7 ; [1.1348412878012077] ; [1.7004247041370406]
840 ; 48 ; 307 ; 10 ; [1.8265329082866757] ; [1.0120203276142412]
840 ; 48 ; 307 ; 11 ; [0.079715077568042539] ; [2.3759463221116275]
840 ; 48 ; 308 ; 1 ; [1.4525221201092728] ; [0.33423040826105466]
840 ; 48 ; 309 ; 3 ; [0.4423053950950469] ; [2.8806946348390592]
840 ; 48 ; 310 ; 0 ; [0.8790967793085277] ; [2.1563296999476185]
840 ; 48 ; 310 ; 1 ; [2.0758839754549165] ; [0.97627555035323588]
840 ; 48 ; 310 ; 3 ; [1.4797310035405868] ; [0.98708748566464366]
840 ; 48 ; 310 ; 5 ; [1.6159945216490483] ; [1.2529390967354066]
840 ; 48 ; 310 ; 7 ; [0.89447304101268055] ; [2.4155371313470568]
840 ; 48 ; 310 ; 9 ; [1.1572527248178646] ; [0.69629858049457904]
840 ; 48 ; 310 ; 10 ; [1.4829587342177257] ; [0.64536956083378738]
840 ; 48 ; 310 ; 11 ; [1.9193354126199709] ; [2.0522767689309891]
840 ; 48 ; 310 ; 12 ; [3.7394478469823249] ; [1.2506383678781432]
840 ; 48 ; 310 ; 17 ; [1.6391309151444811] ; [1.4978569327452467]
840 ; 48 ; 310 ; 19 ; [1.367964877806737] ; [0.24034507300690899]
840 ; 48 ; 310 ; 20 ; [1.2709816558819207] ; [1.7101225221718952]
840 ; 48 ; 310 ; 23 ; [1.2100077545682342] ; [1.2061882406964863]
840 ; 48 ; 312 ; 0 ; [0.24119684986353379, 0.33017494095528011, 0.48051398355185154, 1.0429420284942466] ; [0.16504133208589689, 0.28641316248219895, 0.45441300135462015, 1.1860797384169066]
840 ; 48 ; 313 ; 0 ; [1.6095670079949354] ; [0.059546459718702073]
840 ; 48 ; 313 ; 2 ; [0.92276619257561632] ; [1.8124327491921133]
840 ; 48 ; 313 ; 7 ; [1.4521454971848751] ; [2.3282306990097319]
840 ; 48 ; 313 ; 8 ; [1.5734264437319838] ; [1.776992804466909]
840 ; 48 ; 313 ; 12 ; [2.9651009547781633] ; [0.39901815929067358]
840 ; 48 ; 313 ; 13 ; [2.355260531336083] ; [0.78148840751136317]
840 ; 48 ; 314 ; 1 ; [1.1079938931915887] ; [1.0369845639099002]
840 ; 48 ; 314 ; 2 ; [0.72991351281742367] ; [1.8574633080946523]
840 ; 48 ; 314 ; 12 ; [0.50513265078611724] ; [0.37371813773978291]
840 ; 48 ; 315 ; 0 ; [0.26830420408041672, 0.25214976947770473, 0.65802451236517456] ; [0.64792735811580116, 0.35974988942070929, 0.38498381500075252]
840 ; 48 ; 315 ; 1 ; [0.15606189162779413] ; [0.10137031909980077]
840 ; 48 ; 315 ; 3 ; [0.39799826938574012] ; [1.7764803629773582]
840 ; 48 ; 315 ; 5 ; [0.48142167520103746] ; [1.1750404897143958]
840 ; 48 ; 315 ; 6 ; [1.5096314497764114] ; [2.0058220285174344]
840 ; 48 ; 315 ; 7 ; [0.54446558868984352] ; [2.0359578338466648]
840 ; 48 ; 316 ; 0 ; [0.53936000688696961, 0.27549735449509416, 0.39904304533901502, 0.32549281134038649, 0.16250126505856649] ; [0.66580320725711595, 0.36236531656185544, 0.20590692185466453, 0.30187495942915221, 0.53121354546068023]
840 ; 48 ; 316 ; 2 ; [0.11455218264626968] ; [0.010322614829374467]
840 ; 48 ; 317 ; 1 ; [1.8333686507169304] ; [0.69791943430624492]
840 ; 48 ; 317 ; 4 ; [2.0124622938785617] ; [0.88720748378842662]
840 ; 48 ; 317 ; 5 ; [0.29361197921761145] ; [0.16837101423817752]
840 ; 48 ; 317 ; 7 ; [0.48749964052283623] ; [0.81239822020856856]
840 ; 48 ; 318 ; 0 ; [1.0668754594944585] ; [0.53480456988058933]
840 ; 48 ; 319 ; 0 ; [0.28862998756496072, 0.43931550953972087] ; [0.28811879156892001, 0.14653305963750604]
840 ; 48 ; 319 ; 1 ; [0.015819360661150382] ; [0.211002744804348]
840 ; 48 ; 320 ; 0 ; [0.37082122908251086] ; [1.1745073504165142]
840 ; 48 ; 320 ; 2 ; [0.75678901824048217] ; [0.76302016367859515]
840 ; 48 ; 320 ; 4 ; [1.0281162367213252] ; [0.6163365940455896]
840 ; 48 ; 320 ; 5 ; [0.49927337392715443] ; [0.46351596774282972]
840 ; 48 ; 320 ; 7 ; [0.56673067537577548] ; [0.506688847901552]
840 ; 48 ; 321 ; 4 ; [0.236961582929229] ; [0.94153582668989588]
840 ; 48 ; 322 ; 0 ; [0.97523559644683921] ; [0.2229719724270057]
840 ; 48 ; 322 ; 6 ; [4.4025965714981643] ; [0.63564500814845115]
840 ; 48 ; 322 ; 7 ; [0.067964398973837561] ; [0.55966016072001001]
840 ; 48 ; 324 ; 0 ; [0.67858161888004043, 0.44351837105264352, 8.0161338319707127] ; [0.092354447474209234, 0.31315661967297087, 0.44893219532684536]
840 ; 48 ; 324 ; 2 ; [0.086509262386882183] ; [0.16192004387700132]
840 ; 48 ; 326 ; 0 ; [0.44626884792477423, 0.12482070796139751] ; [0.28839537200175352, 0.4781635641630041]
840 ; 48 ; 327 ; 0 ; [0.30960211651954739, -0.014538941546369585] ; [0.068402065387214425, 0.15371257882954248]
840 ; 48 ; 328 ; 2 ; [0.11282342863796045] ; [0.062812859856355083]
840 ; 48 ; 329 ; 4 ; [0.021098230847999385] ; [-0.068264253778445222]
840 ; 48 ; 330 ; 0 ; [0.33102826412750647, 1.1583213554511878] ; [0.41146683729061556, 1.6239714810101593]
840 ; 48 ; 330 ; 1 ; [0.56200798883262626] ; [0.17599652295459581]
840 ; 48 ; 330 ; 3 ; [0.33460612186041155] ; [0.18516485916498135]
840 ; 48 ; 330 ; 8 ; [1.4284432056775889] ; [0.56923903845479717]
840 ; 48 ; 330 ; 12 ; [0.65467349090748728] ; [1.0828804244164676]
840 ; 48 ; 331 ; 0 ; [0.73407334233945876] ; [0.27435738017494199]
840 ; 48 ; 331 ; 2 ; [0.21207857525731225] ; [0.24437075590679361]
840 ; 48 ; 331 ; 3 ; [0.76600632796080748] ; [0.10220963258040515]
840 ; 48 ; 332 ; 0 ; [0.70034126590810664, 1.1642430362912943] ; [0.50892100318330491, 0.65772724666497173]
840 ; 48 ; 332 ; 1 ; [0.066358822580146415] ; [0.038498700846175578]
840 ; 48 ; 332 ; 2 ; [0.10786557190377627] ; [0.076600334065848458]
840 ; 48 ; 333 ; 0 ; [1.400368599288353] ; [0.0026103980072691652]
840 ; 48 ; 333 ; 2 ; [0.33277146770447186] ; [0.53199838403059951]
840 ; 48 ; 334 ; 1 ; [0.64233914674247861] ; [1.8422087876702271]
840 ; 48 ; 334 ; 2 ; [1.4536061390550414] ; [1.1999416095080255]
840 ; 48 ; 334 ; 3 ; [1.3769523543745499, 1.2040398765537759] ; [2.1971038581188584, 3.4884717116232173]
840 ; 48 ; 334 ; 6 ; [2.0832253198909845] ; [1.4482540896868279]
840 ; 48 ; 334 ; 8 ; [2.2128340408786862] ; [1.0747571379487408]
840 ; 48 ; 334 ; 9 ; [1.3018764146303849] ; [2.0886775283579047]
840 ; 48 ; 334 ; 10 ; [0.32935476765819072] ; [2.0017743233426391]
840 ; 48 ; 334 ; 11 ; [1.573494736831742] ; [1.3123764568712621]
840 ; 48 ; 334 ; 12 ; [4.3255130404196551] ; [3.5828891019868983]
840 ; 48 ; 334 ; 13 ; [1.9020963697435549] ; [1.2729022941047057]
840 ; 48 ; 334 ; 14 ; [1.2904374144749122] ; [0.27290899446564842]
840 ; 48 ; 334 ; 15 ; [2.1554611824903911] ; [1.6661197943313821]
840 ; 48 ; 334 ; 16 ; [2.0321438001440528] ; [1.8964802991122163]
840 ; 48 ; 334 ; 17 ; [2.0682243554878559] ; [0.44296419585301994]
840 ; 48 ; 334 ; 18 ; [0.3658628105974891] ; [0.3090937773627892]
840 ; 48 ; 334 ; 19 ; [1.8865834012342326] ; [1.0087999052455496]
840 ; 48 ; 334 ; 20 ; [0.76588127797345906] ; [0.30936917158369343]
840 ; 48 ; 334 ; 21 ; [2.1157319706020563] ; [0.97749025804625478]
840 ; 48 ; 334 ; 22 ; [2.8476949127724311] ; [1.4978902423914118]
840 ; 48 ; 334 ; 23 ; [1.5968763143890732] ; [1.4614432969469577]
840 ; 48 ; 334 ; 25 ; [4.8219651658015339] ; [0.71075243796285081]
840 ; 48 ; 334 ; 26 ; [1.3726339089026629] ; [1.9041667095157122]
840 ; 48 ; 334 ; 27 ; [1.2939066266047001] ; [1.5564085175215496]
840 ; 48 ; 334 ; 28 ; [1.7579162945055744] ; [1.8724425087778929]
840 ; 48 ; 334 ; 29 ; [1.5564666404842544] ; [0.68043196799661654]
840 ; 48 ; 334 ; 30 ; [1.8566211728071809] ; [1.2513455034486636]
840 ; 48 ; 334 ; 31 ; [2.4105304219117967] ; [1.8333277406916713]
840 ; 48 ; 334 ; 32 ; [2.3264962598640504] ; [1.2999071343098461]
840 ; 48 ; 334 ; 33 ; [0.8134590133127505] ; [0.53951863901580555]
840 ; 48 ; 334 ; 36 ; [3.2325599792914068] ; [0.55133159534378873]
840 ; 48 ; 334 ; 37 ; [1.5982641118718566] ; [3.5560607969959666]
840 ; 48 ; 334 ; 38 ; [1.5944369461379071] ; [2.3132023744664005]
840 ; 48 ; 334 ; 39 ; [1.7511902842674443] ; [1.7927650792142802]
840 ; 48 ; 334 ; 40 ; [1.1707646730586958] ; [2.640518707823432]
840 ; 48 ; 334 ; 42 ; [1.7225284053039531] ; [0.50833964037458856]
840 ; 48 ; 334 ; 43 ; [2.2892634918288248] ; [1.5147564234410309]
840 ; 48 ; 334 ; 44 ; [1.3746415160675014] ; [0.41175136279188657]
840 ; 48 ; 334 ; 47 ; [2.387974583371129] ; [0.6445838283203249]
840 ; 48 ; 334 ; 48 ; [2.3215631025439132] ; [1.3128750939202982]
840 ; 48 ; 334 ; 49 ; [3.0270497659760274] ; [1.371178528177355]
840 ; 48 ; 334 ; 50 ; [0.34557408367592413] ; [1.4497574168770202]
840 ; 48 ; 334 ; 52 ; [2.8140087231554212] ; [0.047919425086931561]
840 ; 48 ; 334 ; 53 ; [2.4720071122961533] ; [1.0481260070885177]
840 ; 48 ; 334 ; 54 ; [2.5923655957265623] ; [0.78499211260882185]
840 ; 48 ; 334 ; 55 ; [0.18616480873828287] ; [1.441451206749867]
840 ; 48 ; 334 ; 62 ; [2.9946694816578137] ; [0.11075136050994239]
840 ; 48 ; 334 ; 68 ; [0.26004891671634867] ; [0.75068609622611027]
840 ; 48 ; 334 ; 69 ; [2.5922816248234084] ; [2.1517890172615273]
840 ; 48 ; 334 ; 70 ; [1.857879103988777] ; [1.4176317963152494]
840 ; 48 ; 334 ; 71 ; [2.9987706115296699] ; [2.0273058402360253]
840 ; 48 ; 334 ; 72 ; [2.918266286129271] ; [1.7104699016789562]