# Run ; Subrun ; Event ; Track ; Charge Ratios View 0 ; Charge Ratios View 1 #
840 ; 19 ; 0 ; 0 ; [0.51849532813987786, 0.32316142496187572, 0.20968718889716995] ; [0.43577970488698808, 0.20967435977972779, 0.16657325716390184]
840 ; 19 ; 2 ; 0 ; [0.67958385803370402] ; [1.5625611603325416]
840 ; 19 ; 2 ; 3 ; [2.4308372079166025] ; [0.99359388475911736]
840 ; 19 ; 2 ; 5 ; [2.7107842702529705] ; [2.9059685676318567]
840 ; 19 ; 2 ; 8 ; [0.82872999101484768] ; [2.7335251120000232]
840 ; 19 ; 2 ; 9 ; [0.51634080262270821] ; [0.80432425132908758]
840 ; 19 ; 2 ; 11 ; [2.5681993488097206] ; [5.4544450070674371]
840 ; 19 ; 2 ; 15 ; [1.1460712463249687] ; [3.1361732605069101]
840 ; 19 ; 2 ; 17 ; [2.3452157940829683] ; [4.6657385240730571]
840 ; 19 ; 2 ; 18 ; [2.2833429830357095] ; [3.0222128718203414]
840 ; 19 ; 3 ; 0 ; [1.0389017984184463] ; [0.030928707655939837]
840 ; 19 ; 3 ; 1 ; [0.0036024634707221052] ; [1.2805511729620971]
840 ; 19 ; 3 ; 2 ; [1.3039341999766976] ; [0.59957144538083462]
840 ; 19 ; 3 ; 3 ; [1.0267933257046815] ; [1.2818302939767425]
840 ; 19 ; 4 ; 2 ; [0.63976277057570563] ; [0.38953596938306967]
840 ; 19 ; 4 ; 3 ; [0.044638518927392505] ; [0.0037918253514847024]
840 ; 19 ; 5 ; 0 ; [0.033615281986142755] ; [0.31801496278750796]
840 ; 19 ; 6 ; 0 ; [0.2717863468374046, 0.8690618439497092] ; [1.6690718966974012, 0.69146033356554037]
840 ; 19 ; 6 ; 1 ; [0.45963450450354393, 1.0949976564376791] ; [1.024365067534325, 0.22886267589457529]
840 ; 19 ; 6 ; 2 ; [1.7107942770822164] ; [0.5368863122941967]
840 ; 19 ; 6 ; 3 ; [0.6020917203795747] ; [0.95888034883340756]
840 ; 19 ; 6 ; 8 ; [1.1909742353648272] ; [1.6245837151657203]
840 ; 19 ; 7 ; 0 ; [0.3892539477026698, 0.3791738434745266] ; [0.18829601131684451, 0.89064567233194536]
840 ; 19 ; 7 ; 1 ; [1.2745917762789012] ; [0.3548077870417114]
840 ; 19 ; 8 ; 0 ; [0.40682791255448869] ; [0.3124640762254568]
840 ; 19 ; 8 ; 1 ; [0.25679825919896576] ; [0.11202466587100188]
840 ; 19 ; 8 ; 3 ; [0.14414656911662502] ; [0.58751482315657289]
840 ; 19 ; 8 ; 7 ; [0.34431040281785319] ; [0.16027586630663904]
840 ; 19 ; 8 ; 8 ; [0.71999916508490569] ; [0.24670426923359262]
840 ; 19 ; 9 ; 0 ; [0.38020986693742492, 0.17943273129855813] ; [0.2090402313687057, 0.14887488521948372]
840 ; 19 ; 10 ; 0 ; [0.75597077132756496] ; [0.097398655060432604]
840 ; 19 ; 10 ; 1 ; [0.89335012241057221] ; [0.003232020700161133]
840 ; 19 ; 13 ; 3 ; [0.8030306317462077] ; [0.074022669552209722]
840 ; 19 ; 13 ; 5 ; [1.9068513981990729] ; [2.9010093400154475]
840 ; 19 ; 13 ; 7 ; [1.809383441320735] ; [2.5100009522197309]
840 ; 19 ; 13 ; 8 ; [1.7383539573663656] ; [1.177346323952938]
840 ; 19 ; 13 ; 9 ; [9.3115927385534487] ; [1.1261069312534251]
840 ; 19 ; 13 ; 10 ; [1.1654654149036514] ; [3.8813658414269638]
840 ; 19 ; 13 ; 11 ; [0.13820485497910073] ; [1.9647090546754955]
840 ; 19 ; 13 ; 12 ; [-0.29629459215454579] ; [2.0844255300011385]
840 ; 19 ; 13 ; 13 ; [1.9543894988129222] ; [2.6654078347066923]
840 ; 19 ; 13 ; 15 ; [1.770088380440149] ; [2.5247432874458098]
840 ; 19 ; 13 ; 16 ; [0.32840915966057344] ; [1.4972380624647885]
840 ; 19 ; 13 ; 17 ; [0.22364201395627395] ; [1.095026937273438]
840 ; 19 ; 13 ; 18 ; [0.19666948884323726] ; [1.6730667011273039]
840 ; 19 ; 14 ; 1 ; [-0.0029891741884221952, 0.12461297052765219, 0.033945037835065923] ; [0.18473254529544178, 0.21211134172909479, 0.20853160087263464]
840 ; 19 ; 15 ; 0 ; [1.8548243719998898] ; [1.8968515308304634]
840 ; 19 ; 15 ; 1 ; [1.8128538714052773] ; [0.9266858139578168]
840 ; 19 ; 15 ; 3 ; [2.8690045804715347] ; [0.4973641681455232]
840 ; 19 ; 15 ; 4 ; [1.8768292297383475] ; [1.7575953379276144]
840 ; 19 ; 15 ; 5 ; [1.2844620390195878] ; [1.122306666106383]
840 ; 19 ; 15 ; 6 ; [2.4203644339801977] ; [1.8539069409149429]
840 ; 19 ; 15 ; 8 ; [1.340506190122823] ; [1.7491006227492145]
840 ; 19 ; 15 ; 9 ; [6.002295361794924] ; [2.0857552929172529]
840 ; 19 ; 15 ; 10 ; [2.0928103302084966] ; [1.8666596960596744]
840 ; 19 ; 15 ; 11 ; [3.125458376771757] ; [1.9227552271392547]
840 ; 19 ; 15 ; 12 ; [2.3430728446391873] ; [1.8976449900158847]
840 ; 19 ; 15 ; 15 ; [0.99848233273918274] ; [1.83145180022082]
840 ; 19 ; 15 ; 20 ; [1.2495590704491739] ; [1.344427010238386]
840 ; 19 ; 15 ; 24 ; [1.4670507402065054] ; [1.4751826906635068]
840 ; 19 ; 16 ; 0 ; [0.071045225667595011] ; [0.51118260300471097]
840 ; 19 ; 17 ; 26 ; [1.6604040871877177] ; [1.2422552308138959]
840 ; 19 ; 17 ; 29 ; [1.75216073057222] ; [2.615594846134051]
840 ; 19 ; 17 ; 31 ; [0.48344183173706617] ; [0.47493022299503124]
840 ; 19 ; 17 ; 32 ; [0.37833543265146347] ; [2.642085315590752]
840 ; 19 ; 17 ; 34 ; [0.37686681181353143] ; [0.03400626426765134]
840 ; 19 ; 17 ; 35 ; [0.33494236875090277] ; [2.1914872501017344]
840 ; 19 ; 17 ; 38 ; [1.6168988335293306] ; [1.7885547240353372]
840 ; 19 ; 17 ; 39 ; [2.0055381148785383] ; [4.1151409408300408]
840 ; 19 ; 17 ; 40 ; [1.7339315943180371] ; [0.13989755851396088]
840 ; 19 ; 17 ; 41 ; [0.54900108583692397] ; [0.79259244936615214]
840 ; 19 ; 17 ; 42 ; [1.6462150347823445] ; [-0.0055987645270266168]
840 ; 19 ; 17 ; 45 ; [0.31626537815216366] ; [-0.015551377659921343]
840 ; 19 ; 17 ; 48 ; [1.3838502009946367] ; [3.092348004087766]
840 ; 19 ; 17 ; 49 ; [1.9510004296875363] ; [-0.0054052578359805974]
840 ; 19 ; 17 ; 52 ; [0.20620826411371115] ; [3.9084924166134933]
840 ; 19 ; 17 ; 53 ; [1.793566958579337] ; [2.6176411189072533]
840 ; 19 ; 17 ; 54 ; [1.6724108127687913] ; [0.26358112609883733]
840 ; 19 ; 17 ; 56 ; [0.84352777323153949] ; [2.6681462398469167]
840 ; 19 ; 17 ; 59 ; [1.6970299756350951] ; [0.86822718158958623]
840 ; 19 ; 17 ; 60 ; [1.0501493948278193] ; [0.47400884453697029]
840 ; 19 ; 17 ; 61 ; [0.44913832548211546] ; [0.077268393250309986]
840 ; 19 ; 17 ; 62 ; [0.29659991246775602] ; [0.10997897416674797]
840 ; 19 ; 17 ; 63 ; [0.6320589593064897] ; [1.1823851241573418]
840 ; 19 ; 18 ; 0 ; [0.52083443745247582, 0.7279541783646033, 0.73709068972219605, 0.47354880276363764] ; [0.098136730982600631, 1.1058264204086685, 0.88552177667363774, 0.47053431169258009]
840 ; 19 ; 19 ; 1 ; [0.12691779451275148] ; [0.26062941728803124]
840 ; 19 ; 19 ; 2 ; [0.24176828955655025] ; [-0.012255725891725673]
840 ; 19 ; 19 ; 3 ; [1.1004354605585716] ; [1.3005092245638821]
840 ; 19 ; 19 ; 5 ; [1.2819879760980284] ; [0.83435092143388023]
840 ; 19 ; 19 ; 6 ; [1.6665507141144325] ; [1.5721460176785775]
840 ; 19 ; 19 ; 7 ; [0.87339353418102161] ; [1.4663954618933739]
840 ; 19 ; 19 ; 11 ; [1.5871095974098961] ; [3.7878901137275069]
840 ; 19 ; 19 ; 13 ; [1.216134854576834] ; [0.07354813440509668]
840 ; 19 ; 20 ; 3 ; [1.1007245870717928] ; [0.40245325294685369]
840 ; 19 ; 20 ; 4 ; [1.4961000016186892] ; [4.4370386283062579]
840 ; 19 ; 21 ; 0 ; [0.15514673682806362, 0.0893654340275188, 0.11972592341076377, 0.17530472495201252, 0.3124158648955202] ; [0.1768999679473133, 0.097244177937981846, 0.29381350660961275, 0.21304461398418817, 0.25272670891165322]
840 ; 19 ; 22 ; 0 ; [0.050846289001184722, 0.23085145845451269, -0.0044035923353693681] ; [0.23805987079004887, 0.27168914458639337, 0.047839686551538932]
840 ; 19 ; 23 ; 0 ; [0.5620185265741362] ; [0.33947700853932439]
840 ; 19 ; 23 ; 1 ; [0.66255822912646434] ; [1.6843856965027564]
840 ; 19 ; 23 ; 2 ; [0.12189281611986337] ; [0.045613891657037609]
840 ; 19 ; 23 ; 5 ; [3.2229654291038239] ; [2.2497547346467677]
840 ; 19 ; 23 ; 15 ; [1.2924735400070704] ; [4.028555925300938]
840 ; 19 ; 23 ; 21 ; [0.46971986333553956] ; [0.3575108764931979]
840 ; 19 ; 24 ; 0 ; [0.025492756034140793, 0.013407799460359939, 0.13764849711394719] ; [0.21337488760195558, 0.1774435620656204, 0.177601853798559]
840 ; 19 ; 24 ; 1 ; [1.7290452163671659] ; [0.21598074886164642]
840 ; 19 ; 24 ; 4 ; [0.62427270260220746] ; [0.056353539929761443]
840 ; 19 ; 24 ; 6 ; [0.11654256771412813] ; [0.36628303920479349]
840 ; 19 ; 25 ; 0 ; [0.31454634915460505] ; [0.32324941036103205]
840 ; 19 ; 25 ; 3 ; [0.02883133453356479] ; [1.3835840785380902]
840 ; 19 ; 25 ; 4 ; [0.22144782883774833] ; [0.16342037200494855]
840 ; 19 ; 25 ; 5 ; [4.7991366315767054] ; [0.52881022708019065]
840 ; 19 ; 26 ; 3 ; [0.50163314411702897] ; [1.9145066267894402]
840 ; 19 ; 27 ; 0 ; [0.3913972163711788] ; [0.36746093186248141]
840 ; 19 ; 27 ; 1 ; [0.40647164432329863] ; [-0.029524141651440072]
840 ; 19 ; 28 ; 0 ; [0.2745760368028406] ; [0.091939102657584801]
840 ; 19 ; 28 ; 1 ; [0.3526160046500344] ; [0.53981375974413004]
840 ; 19 ; 29 ; 0 ; [1.1316617173745549] ; [0.85302792046364539]
840 ; 19 ; 29 ; 1 ; [0.28031558679780644] ; [1.0838690381643199]
840 ; 19 ; 29 ; 8 ; [0.75959246397460556] ; [0.084562797435064688]
840 ; 19 ; 29 ; 9 ; [1.4464882280047204] ; [0.16025233933356531]
840 ; 19 ; 29 ; 20 ; [0.78443737722711515] ; [0.32650981672205587]
840 ; 19 ; 31 ; 0 ; [-0.0042150074455135651] ; [-0.020284414225483154]
840 ; 19 ; 31 ; 1 ; [0.17700945448174998] ; [0.71386286107282493]
840 ; 19 ; 31 ; 2 ; [0.066935593632327567] ; [3.3767719926514497]
840 ; 19 ; 31 ; 3 ; [0.045180661156228812] ; [0.23606321366003022]
840 ; 19 ; 31 ; 4 ; [0.014800900613015169] ; [0.476640748832795]
840 ; 19 ; 32 ; 4 ; [0.63747133993600102] ; [2.7533793943843485]
840 ; 19 ; 33 ; 0 ; [0.88506924473081927] ; [0.5499106150056019]
840 ; 19 ; 33 ; 1 ; [0.36878381307806735] ; [0.72608760107242576]
840 ; 19 ; 33 ; 4 ; [0.053489855023409257] ; [0.015802805141753647]
840 ; 19 ; 34 ; 0 ; [0.0075089242470667318, 0.10308135398937417, -0.021616222818305487] ; [0.1186315562078428, 0.29041345874336799, 0.22780868716571384]
840 ; 19 ; 35 ; 8 ; [0.48958041805344082] ; [0.39544135113831169]
840 ; 19 ; 35 ; 11 ; [1.3385314535657651] ; [1.1392611190725721]
840 ; 19 ; 37 ; 0 ; [0.57201611835877419, 1.3363660213629112, 0.47512827170821281, 0.24992761498898403, 0.24333180700035945] ; [0.13419623002706013, 0.34188788000023945, 0.27154217843196682, 0.18814164927710528, 0.14799029284713036]
840 ; 19 ; 38 ; 1 ; [0.12894579277033927, 0.042521066152019435, 0.075892560188794048] ; [0.38309621596808724, 0.17448763920702609, 0.14827692309814194]
840 ; 19 ; 41 ; 0 ; [0.082664589073292799, 0.054582178363191403, 0.42735841582347439] ; [0.31710444000457316, 0.16315475114504557, 0.078847001526882052]
840 ; 19 ; 41 ; 1 ; [0.1914900624878815] ; [0.0879313484544475]
840 ; 19 ; 41 ; 2 ; [0.030534567965317536] ; [0.15758042278436818]
840 ; 19 ; 42 ; 0 ; [1.7644825867573097] ; [1.5814549507602242]
840 ; 19 ; 42 ; 1 ; [2.8220910745850394] ; [1.9604409365291964]
840 ; 19 ; 42 ; 3 ; [1.3869544855842755] ; [1.2707418959675074]
840 ; 19 ; 42 ; 5 ; [1.3020287559385402] ; [2.4038078486056853]
840 ; 19 ; 42 ; 6 ; [1.2743031694951026] ; [1.4678138160979064]
840 ; 19 ; 42 ; 8 ; [1.7192988216493208] ; [3.5052166091066352]
840 ; 19 ; 42 ; 11 ; [1.3393979673418315] ; [1.2016984220924869]
840 ; 19 ; 42 ; 12 ; [1.7995895352000488] ; [0.91433844385701357]
840 ; 19 ; 43 ; 0 ; [0.2317073263449155, 0.17260773899016824, 0.156563711762394, 0.097390757339070363, 0.028398680450753746] ; [0.13964546770230446, 0.29779964197147202, 0.44242892754383117, 0.1629468660906721, 0.28878450653040921]
840 ; 19 ; 43 ; 1 ; [0.85788977847249359] ; [0.1995684834932353]
840 ; 19 ; 44 ; 0 ; [0.25175357453072367, 0.59870653062125689] ; [0.10483777770061192, 0.090200565162720014]
840 ; 19 ; 44 ; 1 ; [0.77880183370422029] ; [0.3012198957398674]
840 ; 19 ; 45 ; 0 ; [0.012471672917297076, 0.074479620195894533, 0.0040362264806835446] ; [0.21253648241531684, 0.35001699724255825, 0.14046611992449876]
840 ; 19 ; 46 ; 0 ; [0.016490528097899526, 0.00026016254271856614, -0.0056748197631241648] ; [0.24189924929289752, 0.21535282752907736, 0.082965307402456195]
840 ; 19 ; 47 ; 0 ; [0.56964203813245418] ; [0.18644512565717306]
840 ; 19 ; 47 ; 1 ; [0.30199734313167953] ; [0.24577687230940337]
840 ; 19 ; 47 ; 2 ; [0.12383505597335843] ; [0.4856687135064664]
840 ; 19 ; 47 ; 8 ; [0.017386600054920435] ; [-0.050869043610908472]
840 ; 19 ; 47 ; 9 ; [0.91198463277418407] ; [0.28735990788211879]
840 ; 19 ; 48 ; 0 ; [0.25735479068979028, 0.26050404041952063, 0.13305650208534128] ; [0.22146431616540277, 0.24645937985585697, 0.096710480968303217]
840 ; 19 ; 48 ; 2 ; [0.17209886186145162] ; [0.69646887416392023]
840 ; 19 ; 49 ; 0 ; [0.4776784557148433, 0.50751541626142704] ; [0.53110914885958616, 0.35638095736468534]
840 ; 19 ; 49 ; 1 ; [0.036220302211531857, 0.021238111840881858] ; [0.2827151094758294, 0.15535365139369797]
840 ; 19 ; 49 ; 2 ; [0.3766571410410593] ; [0.11684325387228446]
840 ; 19 ; 50 ; 0 ; [0.11421177210624084, 0.39528027148046657] ; [0.3024531110052211, 0.66981662880047588]
840 ; 19 ; 52 ; 0 ; [2.5922959501700431] ; [0.39910087015110812]
840 ; 19 ; 52 ; 2 ; [2.326874959518745] ; [2.6055990438052747]
840 ; 19 ; 52 ; 3 ; [0.47000868851756061] ; [0.61068808870278624]
840 ; 19 ; 52 ; 8 ; [2.8731336355721155] ; [1.9749519487965514]
840 ; 19 ; 53 ; 0 ; [0.51113502863435123] ; [0.91651534406805701]
840 ; 19 ; 53 ; 1 ; [0.35386345891541376] ; [0.1209918835579496]
840 ; 19 ; 53 ; 3 ; [0.068574057196734081] ; [-0.0095813810439793357]
840 ; 19 ; 54 ; 0 ; [0.19545189190680909, 0.15904922440332844, 0.11945587839101166, 0.079516467017870782] ; [0.19467267787885581, 0.36968509853365616, 0.17268206150306439, 0.18801869792836359]
840 ; 19 ; 55 ; 0 ; [1.5477213626404094] ; [0.44204604271835429]
840 ; 19 ; 55 ; 1 ; [0.22507636348623286] ; [0.82726679719471408]
840 ; 19 ; 55 ; 2 ; [0.15268406561241027] ; [0.49047470321951026]
840 ; 19 ; 56 ; 3 ; [0.10145729498420493] ; [0.3968270878306932]
840 ; 19 ; 57 ; 0 ; [0.08818539532897976] ; [0.073647902989099595]
840 ; 19 ; 57 ; 1 ; [0.012119003378077996] ; [1.0227552997782148]
840 ; 19 ; 57 ; 4 ; [0.036118974143664245] ; [0.25920305163113244]
840 ; 19 ; 57 ; 6 ; [1.7312141466730109] ; [0.87197033097317234]
840 ; 19 ; 58 ; 0 ; [0.45992987762816201] ; [0.23567181509158308]
840 ; 19 ; 59 ; 0 ; [0.17413566440972297] ; [0.29392782193651762]
840 ; 19 ; 59 ; 1 ; [0.022640353709541212] ; [-0.0018159731458963363]
840 ; 19 ; 59 ; 3 ; [0.52699241021832754] ; [0.59625627926294167]
840 ; 19 ; 59 ; 7 ; [-0.036610226912592733] ; [0.022086748046945725]
840 ; 19 ; 59 ; 9 ; [0.31054114309154857] ; [0.36009302924533848]
840 ; 19 ; 60 ; 0 ; [0.095302987197118147] ; [0.10574770850701536]
840 ; 19 ; 60 ; 1 ; [0.41792724381406354] ; [0.67393015468241702]
840 ; 19 ; 61 ; 0 ; [3.0418206153576288] ; [0.19893720942377741]
840 ; 19 ; 61 ; 1 ; [0.87469696153283283] ; [0.6715478342191854]
840 ; 19 ; 61 ; 7 ; [1.9503876863967731] ; [1.2581231517138463]
840 ; 19 ; 62 ; 0 ; [0.23042859959825712, 0.18854929007049068, 0.45179772537810919] ; [0.2376679176480597, 0.31785518752029346, 0.19261868721532693]
840 ; 19 ; 63 ; 0 ; [0.24471578775084404] ; [0.56024539003515794]
840 ; 19 ; 63 ; 1 ; [0.0010727344360564905] ; [0.074992817663010955]
840 ; 19 ; 64 ; 0 ; [2.2507322033450365] ; [0.57399987733688729]
840 ; 19 ; 64 ; 1 ; [0.71177495996256424] ; [0.68227432415655698]
840 ; 19 ; 64 ; 2 ; [1.3191818130566473] ; [3.3494248229762804]
840 ; 19 ; 64 ; 3 ; [4.0137292754550655] ; [0.36417526492217717]
840 ; 19 ; 64 ; 4 ; [0.84551202484507526] ; [0.86530694757939963]
840 ; 19 ; 64 ; 6 ; [1.5276040843247065] ; [2.5006231369323437]
840 ; 19 ; 64 ; 7 ; [0.49758333120046838] ; [1.1807565150024304]
840 ; 19 ; 64 ; 8 ; [1.8455863676215627] ; [0.67895195149586474]
840 ; 19 ; 64 ; 9 ; [0.68038829374805321] ; [4.0042597458372127]
840 ; 19 ; 64 ; 10 ; [3.8719438941609332] ; [3.8231467330810962]
840 ; 19 ; 64 ; 11 ; [2.6282901843109632] ; [2.7391643650687203]
840 ; 19 ; 64 ; 12 ; [0.079386349098020684] ; [0.80143879740866486]
840 ; 19 ; 64 ; 13 ; [0.39859094498225534] ; [4.3995734220409979]
840 ; 19 ; 64 ; 16 ; [2.0004848280116176] ; [1.8498469682172665]
840 ; 19 ; 65 ; 0 ; [0.32593533264245211, 0.10826414624252445, 0.050984369058348675] ; [0.23814394557380947, 0.3047849415723104, 0.0079796830626672425]
840 ; 19 ; 66 ; 0 ; [0.39496200477128951, 0.79609513560974421, -0.0045890552869465627] ; [0.38193013415022925, 0.32324361713753957, 0.35846209261720452]
840 ; 19 ; 66 ; 1 ; [0.11693840244383716] ; [0.16066699549571839]
840 ; 19 ; 66 ; 2 ; [1.9206888750662026] ; [0.14972700477014669]
840 ; 19 ; 67 ; 0 ; [-0.33169545265626765, 0.44013656918590272] ; [0.18446317226251299, 0.20652566202609321]
840 ; 19 ; 67 ; 1 ; [0.013543668583180924] ; [0.10346110352476751]
840 ; 19 ; 68 ; 0 ; [2.0369131129968108] ; [1.0417607375169411]
840 ; 19 ; 68 ; 1 ; [0.58277668418505169] ; [0.29055658571986187]
840 ; 19 ; 68 ; 4 ; [0.90980436856384228] ; [0.23867202861002385]
840 ; 19 ; 68 ; 5 ; [0.31148364691367986] ; [0.17324508613313444]
840 ; 19 ; 68 ; 12 ; [0.60380288894005563] ; [1.1837090959816665]
840 ; 19 ; 68 ; 16 ; [0.5833344265613214] ; [0.10779692819791402]
840 ; 19 ; 68 ; 22 ; [0.90070255115954401] ; [0.51165043348460015]
840 ; 19 ; 68 ; 23 ; [1.0596940699908552] ; [0.15126495804100135]
840 ; 19 ; 68 ; 25 ; [0.40493525341500292] ; [1.454073054493852]
840 ; 19 ; 68 ; 26 ; [1.3573836846734459] ; [1.2531623832654404]
840 ; 19 ; 69 ; 2 ; [1.7292336362800391] ; [5.7558655406167691]
840 ; 19 ; 69 ; 3 ; [0.85511777038789971] ; [1.5176784890579487]
840 ; 19 ; 70 ; 0 ; [0.672106302383632, 0.1602284499601225, 0.056644485224284863] ; [0.25484706081908032, 0.1562540153588253, 0.16333496461421107]
840 ; 19 ; 70 ; 1 ; [0.43029574242803137] ; [0.077152467165735927]
840 ; 19 ; 70 ; 2 ; [0.28602591992188003] ; [0.0050857845591933577]
840 ; 19 ; 70 ; 3 ; [-0.10872291982539171, 4.1930908400689324, 0.49748541523812134] ; [0.17745694886389965, 0.29434939883096167, 0.27823754499355657]
840 ; 19 ; 71 ; 0 ; [1.0158992796595738] ; [0.89431377014179991]
840 ; 19 ; 71 ; 1 ; [2.6994087037026753] ; [1.6264822300280755]
840 ; 19 ; 71 ; 5 ; [0.77751284068032078, 2.4149050842481081] ; [0.68387256929759466, 0.4388692650667817]
840 ; 19 ; 72 ; 0 ; [0.030714319730804445] ; [0.10731414395908603]
840 ; 19 ; 72 ; 1 ; [0.51394614004352823] ; [0.22857279257267785]
840 ; 19 ; 72 ; 3 ; [0.047648476369600075] ; [0.2741279089032656]
840 ; 19 ; 73 ; 0 ; [0.9157154221764664, 0.0028317802063670345] ; [0.71721603739179129, 0.82404148398101007]
840 ; 19 ; 73 ; 1 ; [0.30105342055137696] ; [0.33623792098659766]
840 ; 19 ; 73 ; 2 ; [0.35987802580848965] ; [0.35579010508407138]
840 ; 19 ; 73 ; 3 ; [0.47891652310914384] ; [0.14471781757797095]
840 ; 19 ; 75 ; 1 ; [1.288919641527577] ; [1.188201400626091]
840 ; 19 ; 75 ; 8 ; [1.3911098292705908] ; [2.5600428585266246]
840 ; 19 ; 75 ; 10 ; [0.075552446649550492] ; [1.6413103643238685]
840 ; 19 ; 75 ; 11 ; [1.6701030708625821] ; [2.6683242974113432]
840 ; 19 ; 76 ; 0 ; [0.54521412967882499] ; [0.074683542333260508]
840 ; 19 ; 76 ; 1 ; [0.15513325720673238] ; [-0.00060495705716433559]
840 ; 19 ; 77 ; 0 ; [0.050815371562541602, 0.15641656610209345, 0.10621086585049572] ; [0.20901069262056854, 0.25821693267764584, 0.1955366436094543]
840 ; 19 ; 78 ; 0 ; [0.35761768091052504, 0.27930538172250224, 0.29815832779638357, 0.19639353619844765, 0.19391346194529149] ; [0.14581360170132038, 0.21714642474189219, 0.24079936758581849, 0.29459192127715611, 0.17477252630545295]
840 ; 19 ; 79 ; 0 ; [0.02574271146368718, -0.015714183224452855, 0.087497093650899277, 0.046544334735879433] ; [0.12477083201879648, 0.23407925988489892, 0.2397603942666526, 0.21784642661677961]
840 ; 19 ; 80 ; 3 ; [0.11416887312662242] ; [1.3346335766298092]
840 ; 19 ; 80 ; 9 ; [1.2987624656774654] ; [0.1201567296924813]
840 ; 19 ; 80 ; 10 ; [0.99590825980862718] ; [4.7094156086117929]
840 ; 19 ; 80 ; 12 ; [0.60159059814210758] ; [2.1196282225666945]
840 ; 19 ; 80 ; 13 ; [0.35803743547529676] ; [1.0633986522033199]
840 ; 19 ; 82 ; 0 ; [0.70031993873190868] ; [0.060391558983051305]
840 ; 19 ; 82 ; 5 ; [1.2842678253928566] ; [1.9469328137942328]
840 ; 19 ; 82 ; 9 ; [0.35471755441510444] ; [1.4738983334459437]
840 ; 19 ; 82 ; 14 ; [1.0704486311109092] ; [2.7129345825581019]
840 ; 19 ; 82 ; 16 ; [0.037124086329660265] ; [1.875444913079384]
840 ; 19 ; 83 ; 0 ; [0.21673160564350638, 0.073303320017243087, 0.051068995630118227] ; [0.50404593058180758, 0.21152024868061448, 0.13555233594413771]
840 ; 19 ; 84 ; 0 ; [0.13295082009167505, 0.071078278592402469] ; [0.21918122993990727, 0.066640748301936115]
840 ; 19 ; 84 ; 1 ; [0.13910063486177879] ; [0.13112535231025513]
840 ; 19 ; 85 ; 0 ; [0.34578400364651912, 0.55010131990252142] ; [0.54362430692005281, 0.46351570639002454]
840 ; 19 ; 85 ; 1 ; [0.35947975430991685] ; [0.20312624355090333]
840 ; 19 ; 86 ; 0 ; [0.15325747056486144, 0.11567998157115122, 0.029750800560938994] ; [0.17897633838999408, 0.21217681719138423, 0.037536648403250578]
840 ; 19 ; 86 ; 1 ; [0.27850850509034381, 0.27365984348341643] ; [0.18899441425110269, 0.23318238016677564]
840 ; 19 ; 88 ; 1 ; [0.56137632592382281, 0.16899557683093133] ; [0.19971199976501713, 0.11816635083004305]
840 ; 19 ; 88 ; 5 ; [0.045294868915792853, 0.20769192321157759, 0.052472216220732691] ; [0.28743432633274868, 0.23847923328748102, 0.17217345108606183]
840 ; 19 ; 89 ; 0 ; [0.030326077925414269, 0.026150966040253784, 0.1979879467985115, 0.0053899215675552248] ; [0.20872273638098382, 0.16602760835664296, 0.19408143666498778, 0.21643547565634896]
840 ; 19 ; 90 ; 0 ; [0.51058073068600329, 0.26419222813872073] ; [1.2741937461105091, 0.30715004571313043]
840 ; 19 ; 91 ; 0 ; [0.17998600866542311] ; [0.13172702689725035]
840 ; 19 ; 91 ; 3 ; [2.5902138000370827] ; [1.0601425447009891]
840 ; 19 ; 91 ; 12 ; [1.0539405479762645] ; [1.8103105957908379]
840 ; 19 ; 92 ; 3 ; [0.031217189838930584] ; [0.020196668272450546]
840 ; 19 ; 93 ; 0 ; [4.5711465660979318] ; [0.53423653412865213]
840 ; 19 ; 93 ; 1 ; [2.9921907065490587] ; [1.6026257951846501]
840 ; 19 ; 93 ; 3 ; [-0.13629828101987618] ; [1.7761966907289146]
840 ; 19 ; 93 ; 11 ; [3.4588551050842047] ; [1.3855444737302436]
840 ; 19 ; 93 ; 12 ; [2.3384021337256651] ; [2.0793799290588848]
840 ; 19 ; 93 ; 13 ; [2.904948507838192] ; [2.3534865232045998]
840 ; 19 ; 94 ; 0 ; [0.0021901440741732168, 0.0031196054378201474, -0.015614872169483592] ; [0.1588830984872181, 0.15899092593704184, 0.12900360410414666]
840 ; 19 ; 95 ; 0 ; [0.24636916115491772] ; [0.019546512982924986]
840 ; 19 ; 95 ; 1 ; [0.056269690058023548] ; [0.046500860057277577]
840 ; 19 ; 95 ; 2 ; [0.27158978308503667] ; [0.083535486078730084]
840 ; 19 ; 95 ; 7 ; [0.12789189622567237] ; [0.42109548679184017]
840 ; 19 ; 95 ; 8 ; [0.16903395121765996] ; [0.19102432049178922]
840 ; 19 ; 96 ; 0 ; [0.43053653003374165] ; [0.28417014547633623]
840 ; 19 ; 97 ; 0 ; [0.24232904365138216] ; [0.032695981995102846]
840 ; 19 ; 97 ; 1 ; [0.18715789720060419] ; [0.55556838373485629]
840 ; 19 ; 97 ; 2 ; [0.055012853869778375] ; [1.9035302411418342]
840 ; 19 ; 98 ; 0 ; [0.28020076881142353, 0.13471051757435368] ; [0.19511991972987541, 0.18652619326337835]
840 ; 19 ; 98 ; 2 ; [0.39455596700133977] ; [0.10919886584460162]
840 ; 19 ; 99 ; 0 ; [0.34779629244713584] ; [0.54988146719740816]
840 ; 19 ; 100 ; 0 ; [0.092523041525137809, -0.012623429200152721] ; [0.31457372234521841, 0.43059388587192188]
840 ; 19 ; 101 ; 0 ; [0.37499129553506227] ; [0.66096198204996592]
840 ; 19 ; 101 ; 1 ; [0.0087638773016586128] ; [0.26878884488289417]
840 ; 19 ; 101 ; 3 ; [1.4165231959643734] ; [1.3244878780009273]
840 ; 19 ; 101 ; 4 ; [0.85795082228854036] ; [0.38714066321503043]
840 ; 19 ; 101 ; 8 ; [4.0310088219189906] ; [1.8093528039041582]
840 ; 19 ; 101 ; 9 ; [3.7666537286221096] ; [1.7467787382063962]
840 ; 19 ; 102 ; 0 ; [0.271848413577228, 0.27429305983355273, 0.16447077849670755] ; [0.17916472871427586, 0.26496967553654066, 0.19005608180687444]
840 ; 19 ; 102 ; 3 ; [0.11048943579394804] ; [0.023810421330596639]
840 ; 19 ; 103 ; 0 ; [1.9103828926994597] ; [0.074880556398888576]
840 ; 19 ; 103 ; 1 ; [0.60588458865266925] ; [0.86546078941029647]
840 ; 19 ; 103 ; 3 ; [1.5908542772425727] ; [1.9580727949235364]
840 ; 19 ; 103 ; 5 ; [0.17892616254220042] ; [1.1952221791133335]
840 ; 19 ; 103 ; 9 ; [0.016443422120108069] ; [2.7311004882665988]
840 ; 19 ; 103 ; 14 ; [1.3082747261192467] ; [0.056495203772138229]
840 ; 19 ; 104 ; 0 ; [3.2361660343195084] ; [6.1605247492771253]
840 ; 19 ; 104 ; 2 ; [2.9411853503991239] ; [3.2108197224886452]
840 ; 19 ; 104 ; 5 ; [1.7773115815957532] ; [2.3004194870552461]
840 ; 19 ; 104 ; 6 ; [3.025621617704604] ; [0.95538924338643783]
840 ; 19 ; 104 ; 9 ; [0.064511548850905015] ; [1.0676061040122324]
840 ; 19 ; 104 ; 11 ; [0.24220037756490576] ; [0.34049286897245196]
840 ; 19 ; 104 ; 15 ; [0.27549014534474175] ; [0.62860004903678568]
840 ; 19 ; 104 ; 16 ; [0.11433488172068432] ; [5.0282413954622598]
840 ; 19 ; 104 ; 18 ; [3.5213689406900262] ; [2.1993651250170174]
840 ; 19 ; 104 ; 19 ; [1.3612440708811939] ; [4.1448202131250929]
840 ; 19 ; 104 ; 20 ; [3.7919737340342556] ; [1.1629699160175671]
840 ; 19 ; 104 ; 21 ; [1.4775044795608105] ; [3.4862005531516087]
840 ; 19 ; 104 ; 22 ; [6.5075869304169789] ; [2.0966489306398723]
840 ; 19 ; 105 ; 1 ; [0.068625932681138244] ; [0.043895608649561997]
840 ; 19 ; 105 ; 6 ; [-0.046146598185020989] ; [-0.0067273792613766238]
840 ; 19 ; 106 ; 0 ; [0.025900982443668112] ; [0.62925790391930558]
840 ; 19 ; 108 ; 0 ; [0.22752361428470982, 0.093103965601730787, 0.38803786813286695] ; [0.38767684818159209, 0.20128519287603733, 0.17367005645281158]
840 ; 19 ; 108 ; 1 ; [0.18631000190802174] ; [0.24978157266431883]
840 ; 19 ; 108 ; 2 ; [0.29232982832007726] ; [0.22266291041177941]
840 ; 19 ; 109 ; 0 ; [-0.055541961955633705] ; [0.15304798953765078]
840 ; 19 ; 109 ; 1 ; [-0.00031198331671413338, 0.097169451169053858] ; [0.20281261895721481, 0.22488894343602353]
840 ; 19 ; 109 ; 2 ; [0.024410923253186976] ; [0.30213766573838574]
840 ; 19 ; 109 ; 4 ; [-0.09493304508029321] ; [-0.16348513689244221]
840 ; 19 ; 109 ; 5 ; [0.1251701208803162] ; [2.9974719237591998]
840 ; 19 ; 110 ; 1 ; [0.21141343750605823] ; [0.054483473837025488]
840 ; 19 ; 111 ; 0 ; [0.14112698575326163, 0.1455511687363166, 0.0034864401518862041] ; [0.19815907138928723, 0.17621169394223435, 0.065544681987568854]
840 ; 19 ; 112 ; 0 ; [0.61127675342893917] ; [0.13856147501705737]
840 ; 19 ; 112 ; 1 ; [0.35373109088214927, 0.79527754288660157] ; [0.21078448248362108, 0.68920083764508011]
840 ; 19 ; 112 ; 2 ; [3.1224926704869893] ; [0.19998406328035848]
840 ; 19 ; 112 ; 3 ; [0.78077385735293803] ; [1.1343146001451776]
840 ; 19 ; 112 ; 6 ; [0.12934044747972478] ; [1.9263746761711626]
840 ; 19 ; 112 ; 8 ; [-0.19485318913454508] ; [1.4296970129427931]
840 ; 19 ; 112 ; 12 ; [1.806863480130402] ; [1.4581266564480539]
840 ; 19 ; 112 ; 13 ; [1.88293624220388] ; [1.539407147902613]
840 ; 19 ; 112 ; 14 ; [1.7908797239687908] ; [1.9199115863742495]
840 ; 19 ; 112 ; 19 ; [0.90239543280374235] ; [0.44139147584157146]
840 ; 19 ; 113 ; 0 ; [0.19295063769875059] ; [0.19613106785800064]
840 ; 19 ; 113 ; 7 ; [2.8527625654504272] ; [0.58389496669295671]
840 ; 19 ; 114 ; 0 ; [0.15410165822488434, 0.058876812724374374] ; [0.16959522003281929, 0.19883745545517734]
840 ; 19 ; 114 ; 1 ; [0.10007547464276587, 0.012164297104971114] ; [0.22737061691663227, 0.12326510011268425]
840 ; 19 ; 114 ; 2 ; [0.55082784758736181] ; [0.024632499238899298]
840 ; 19 ; 115 ; 0 ; [0.27984114258985759] ; [0.33585376528371874]
840 ; 19 ; 115 ; 1 ; [2.0048155680054922] ; [0.32135171435052545]
840 ; 19 ; 115 ; 2 ; [0.4763951935337809] ; [0.26060191627785739]
840 ; 19 ; 115 ; 3 ; [1.0815500102607307] ; [0.81150584106524948]
840 ; 19 ; 115 ; 5 ; [0.014960706572283053] ; [0.16839058463407683]
840 ; 19 ; 116 ; 0 ; [1.3438652403335982] ; [1.3681229596802524]
840 ; 19 ; 116 ; 1 ; [0.83528906112706713] ; [1.7174822675825565]
840 ; 19 ; 116 ; 2 ; [1.1100187950315392] ; [1.292180369985287]
840 ; 19 ; 116 ; 3 ; [0.40934888786799228] ; [0.66428660769077064]
840 ; 19 ; 116 ; 6 ; [1.6940587142320784] ; [0.33121325377248956]
840 ; 19 ; 116 ; 7 ; [1.9749368416237363] ; [0.49917527972613679]
840 ; 19 ; 116 ; 10 ; [1.7357404759231565] ; [0.81196572629986674]
840 ; 19 ; 116 ; 12 ; [1.3444133870184167] ; [0.35022110230910741]
840 ; 19 ; 116 ; 16 ; [0.81297963533533057] ; [1.2454702716914663]
840 ; 19 ; 116 ; 17 ; [2.2949908394742087] ; [2.5491591124870387]
840 ; 19 ; 116 ; 18 ; [0.88013911453299776] ; [1.6305289643211798]
840 ; 19 ; 116 ; 20 ; [1.7174290570784638] ; [0.025779605667246814]
840 ; 19 ; 116 ; 22 ; [1.6995811366222717] ; [0.63775657921242024]
840 ; 19 ; 116 ; 34 ; [0.92782891630344011] ; [0.86719838590959131]
840 ; 19 ; 117 ; 0 ; [0.17959088717110808, 0.058362193050342293, 0.10682799296927223] ; [0.30529941096243807, 0.19727417792188806, 0.15470900533597318]
840 ; 19 ; 118 ; 0 ; [0.54693961923982504, 0.23513164743993439] ; [0.70149242701460379, 0.22514226983050903]
840 ; 19 ; 118 ; 1 ; [0.16097902065603545, 0.42457407395788116] ; [0.18070012467950755, 0.57516595002652215]
840 ; 19 ; 119 ; 0 ; [0.36185422279031443] ; [0.49235759794211803]
840 ; 19 ; 119 ; 3 ; [6.1322745424416869] ; [11.817230562160452]
840 ; 19 ; 120 ; 0 ; [0.26944895663483681, 0.16940543434343347, 0.079732027550009604] ; [0.26157069379938619, 0.25831347350835893, 0.0066635626103356115]
840 ; 19 ; 121 ; 0 ; [1.5977380915285637, 0.52391785576573002, 0.95327694620031145] ; [0.16476636944829179, 0.61289065117964536, 2.0439796376401493]
840 ; 19 ; 122 ; 0 ; [0.14728260444667107, 0.12909617531698284] ; [0.20754452308702417, 0.14472209169918776]
840 ; 19 ; 122 ; 2 ; [0.28851812657284548] ; [0.10389888397361606]
840 ; 19 ; 122 ; 3 ; [0.68468958404579305] ; [2.7780479728003979]
840 ; 19 ; 123 ; 0 ; [0.45915448423874217, 0.34502934677130148, 0.31836683099741303, 0.26626684461730343, 0.44446459565173324] ; [0.19837774732611632, 0.35004236688144136, 0.26729756443064101, 0.29154894661882352, 0.071965890349602726]
840 ; 19 ; 123 ; 1 ; [0.38344480444345352] ; [0.042434741020412406]
840 ; 19 ; 124 ; 1 ; [0.032723272967289163] ; [0.12335961148650271]
840 ; 19 ; 125 ; 0 ; [0.52867435019535436, 0.32682024943449134] ; [3.5787910577301876, 1.7983445434849321]
840 ; 19 ; 125 ; 1 ; [3.1264684918794563] ; [2.0072633136207227]
840 ; 19 ; 126 ; 0 ; [0.23690734558875731] ; [-0.019100818086746369]
840 ; 19 ; 126 ; 1 ; [0.68334230217404712] ; [0.4588269634671534]
840 ; 19 ; 126 ; 2 ; [1.8826644162884065] ; [0.79043935885868921]
840 ; 19 ; 126 ; 10 ; [1.0734377864716251] ; [1.8965313886618149]
840 ; 19 ; 126 ; 11 ; [0.60565226501122282] ; [1.610379648980937]
840 ; 19 ; 126 ; 14 ; [1.8532966515748746] ; [2.0838897071049027]
840 ; 19 ; 126 ; 15 ; [1.3506776111137959] ; [1.6505716008874292]
840 ; 19 ; 126 ; 18 ; [1.592127452390905] ; [1.5797618028792813]
840 ; 19 ; 126 ; 19 ; [0.67630195991894315] ; [2.3713544832889801]
840 ; 19 ; 126 ; 27 ; [0.83962712168671061] ; [1.0228825291154395]
840 ; 19 ; 127 ; 0 ; [0.68581188435262197] ; [0.23831974148910851]
840 ; 19 ; 127 ; 1 ; [2.0550037641372438] ; [0.6370222230768221]
840 ; 19 ; 127 ; 4 ; [1.4434260199168101] ; [1.2224698878816689]
840 ; 19 ; 127 ; 5 ; [0.82287280108450767] ; [0.69285163689901674]
840 ; 19 ; 127 ; 10 ; [2.4934317028552559] ; [0.78143390269373247]
840 ; 19 ; 127 ; 12 ; [0.8673880588639441] ; [2.4402904398007612]
840 ; 19 ; 127 ; 15 ; [0.26856542845702597] ; [0.45466356296664268]
840 ; 19 ; 128 ; 0 ; [1.0980154641541222] ; [0.63699252611397172]
840 ; 19 ; 128 ; 1 ; [1.1576511685719513] ; [0.69239456364720098]
840 ; 19 ; 128 ; 4 ; [1.5836545444273036] ; [2.567618922827366]
840 ; 19 ; 128 ; 6 ; [1.6433220150644692] ; [1.702031806753616]
840 ; 19 ; 128 ; 7 ; [1.557951275168771] ; [1.6132729526608929]
840 ; 19 ; 129 ; 0 ; [0.11219074292419857] ; [0.027521296539455935]
840 ; 19 ; 130 ; 0 ; [1.1255155249604456, 1.1194983898302431] ; [0.21784375518093008, 0.63973794109395521]
840 ; 19 ; 130 ; 1 ; [1.8400624975937852] ; [0.070948095580582543]
840 ; 19 ; 130 ; 2 ; [0.03636321510319146] ; [0.53412416189585454]
840 ; 19 ; 130 ; 3 ; [1.5099565973564379] ; [0.15688998392866638]
840 ; 19 ; 130 ; 5 ; [0.026236831320569743] ; [0.12758023415612843]
840 ; 19 ; 130 ; 12 ; [2.6654971343593217] ; [1.9166065937033396]
840 ; 19 ; 131 ; 0 ; [0.89192237037819411] ; [1.4226592167914014]
840 ; 19 ; 132 ; 0 ; [0.25448125619129908] ; [0.52470908301458907]
840 ; 19 ; 132 ; 1 ; [0.67769171551250851] ; [0.49272205239218797]
840 ; 19 ; 133 ; 0 ; [0.48557200279743057, 0.41565468112432796, 0.24728467153608608] ; [0.56700492750547904, 0.51460252428414199, 0.25493681590051337]
840 ; 19 ; 133 ; 2 ; [0.56811747307782978] ; [2.2363672584134209]
840 ; 19 ; 133 ; 3 ; [1.4006508454642539] ; [0.73562404300527517]
840 ; 19 ; 133 ; 4 ; [1.8998389865711969] ; [0.75801497072940338]
840 ; 19 ; 134 ; 0 ; [0.5715834389386768] ; [2.4917365014313089]
840 ; 19 ; 134 ; 1 ; [1.1160808919051226] ; [0.62423470596367936]
840 ; 19 ; 135 ; 0 ; [0.03689175236193442] ; [0.70545725482170141]
840 ; 19 ; 135 ; 1 ; [0.65177047969634372] ; [1.6478622564778569]
840 ; 19 ; 135 ; 2 ; [0.1988395036066429] ; [0.43055643533850441]
840 ; 19 ; 136 ; 0 ; [0.064433153911770985] ; [0.35864759401180429]
840 ; 19 ; 137 ; 3 ; [0.69941062550012867] ; [0.50109085254418928]
840 ; 19 ; 137 ; 6 ; [0.65834696791420755] ; [5.2848931342157952]
840 ; 19 ; 137 ; 7 ; [2.4889852804967187] ; [1.1592026818035777]
840 ; 19 ; 138 ; 0 ; [0.00099980579549191376] ; [0.64688587060529956]
840 ; 19 ; 138 ; 3 ; [0.53512198556915369] ; [0.50683704662887485]
840 ; 19 ; 139 ; 0 ; [0.077737127265290654, 0.1154071907335809, 0.10285379833635139] ; [0.20394524724924276, 0.25284778311331702, 0.14085968422794773]
840 ; 19 ; 140 ; 0 ; [0.013807737111416255, -0.012980814428550994] ; [0.33647544251825368, 0.24406435317714378]
840 ; 19 ; 141 ; 0 ; [0.049809497959426532, 0.096035727013268957, 0.038120552857528911] ; [0.21670554135456271, 0.21188084407656202, 0.11105664485747783]
840 ; 19 ; 141 ; 1 ; [0.71225106573530228] ; [0.098870172210960283]
840 ; 19 ; 141 ; 2 ; [0.073068094574874995] ; [0.050968752597685726]
840 ; 19 ; 142 ; 0 ; [0.048894283636784455] ; [0.48829438349180282]
840 ; 19 ; 142 ; 1 ; [1.0405582196841858] ; [0.63987476296771539]
840 ; 19 ; 142 ; 3 ; [2.39664787095401] ; [1.3117651243997388]
840 ; 19 ; 143 ; 0 ; [0.23289899810395961, 0.23640357228769907] ; [0.59459949305690407, 0.53926930971152476]
840 ; 19 ; 143 ; 7 ; [0.68915981948660332] ; [0.87055655057820935]
840 ; 19 ; 144 ; 0 ; [1.2684900023125851] ; [0.19435908981389766]
840 ; 19 ; 144 ; 3 ; [1.5500233853080396] ; [0.47855941568143562]
840 ; 19 ; 144 ; 5 ; [0.43891821295836442] ; [0.82772696059834516]
840 ; 19 ; 144 ; 13 ; [1.4318503682795256] ; [1.001672779500457]
840 ; 19 ; 144 ; 17 ; [0.17570690344913667] ; [0.094244152838129314]
840 ; 19 ; 145 ; 0 ; [0.060107617925275199] ; [0.1101968332991293]
840 ; 19 ; 146 ; 0 ; [0.45910422992745248] ; [2.9572132710068333]
840 ; 19 ; 146 ; 1 ; [2.2417571048960179] ; [2.5200911959310091]
840 ; 19 ; 146 ; 2 ; [0.18936947863039535] ; [3.3804362270256108]
840 ; 19 ; 146 ; 4 ; [0.1213812851430035] ; [1.402641730195946]
840 ; 19 ; 146 ; 5 ; [-0.0012830808833033547] ; [2.5100185680580291]
840 ; 19 ; 147 ; 0 ; [0.12224478938893593] ; [0.18646577344456858]
840 ; 19 ; 147 ; 1 ; [0.12596951909879819] ; [0.18435096356246358]
840 ; 19 ; 148 ; 0 ; [0.28001164883269142, 0.048895794001971603] ; [0.29267358784233682, 0.041581545764566151]
840 ; 19 ; 148 ; 2 ; [0.021118153716338097] ; [2.2440420856143528]
840 ; 19 ; 150 ; 0 ; [0.080718411648121074, 0.027251902185536553, 0.026622169213527044, 0.040027318370046763] ; [0.20118020127911873, 0.21598150320961049, 0.50792763322998435, 0.25919660780672321]
840 ; 19 ; 150 ; 1 ; [-0.013172350720484402] ; [0.013967802867081122]
840 ; 19 ; 151 ; 0 ; [0.10461524228783911, 0.082462210714362091, 0.076828992820148392] ; [0.22321412218127085, 0.24118109760970202, 0.23151603810254812]
840 ; 19 ; 151 ; 1 ; [0.51275221880575728] ; [1.0423592588338082]
840 ; 19 ; 151 ; 2 ; [0.29601564984205297] ; [0.46255688922534488]
840 ; 19 ; 152 ; 0 ; [0.057282023126709936, 0.032640419670994, -0.00083762089109506435, 0.064821825956570142] ; [0.15701113470839678, 0.2128197726633215, 0.16115857585512847, 0.4277267211921465]
840 ; 19 ; 152 ; 1 ; [0.16692888646773676] ; [0.010765226359562313]
840 ; 19 ; 154 ; 0 ; [1.3759026914077219] ; [0.49241971004954299]
840 ; 19 ; 154 ; 1 ; [2.0970956831822356] ; [0.45845918234523841]
840 ; 19 ; 154 ; 3 ; [0.11460485205881475] ; [1.9911375591171947]
840 ; 19 ; 154 ; 4 ; [2.6783146126859108] ; [1.7628731989631596]
840 ; 19 ; 154 ; 5 ; [0.31687423387302061] ; [0.66555835003435415]
840 ; 19 ; 154 ; 6 ; [0.8958423923012947] ; [4.3685583243962753]
840 ; 19 ; 154 ; 8 ; [2.7077602611086027] ; [1.1796173230555265]
840 ; 19 ; 154 ; 9 ; [0.79089803868655262] ; [1.0881411187669896]
840 ; 19 ; 155 ; 0 ; [0.026824342568240865, 0.17778043918759451, 0.18007089382681943] ; [0.15559182950171158, 0.097063391002056798, 0.41558327205464657]
840 ; 19 ; 156 ; 0 ; [0.93318242418107655, 0.1842387601179595] ; [0.31859948550684142, 0.24871813605150542]
840 ; 19 ; 156 ; 1 ; [0.27232044897811841] ; [0.25628517476266799]
840 ; 19 ; 156 ; 2 ; [0.53186159655599219] ; [0.60498221285171538]
840 ; 19 ; 156 ; 3 ; [0.025925630253249839] ; [0.0061871570421250018]
840 ; 19 ; 157 ; 0 ; [0.025570703610150101, 0.014539127118987413] ; [0.29088740904060773, 0.26028277188742865]
840 ; 19 ; 157 ; 2 ; [0.068056351788397459] ; [0.11722728983386727]
840 ; 19 ; 158 ; 0 ; [0.092535398058755353, 0.13336630706707359, 0.35598234097915255] ; [0.18069837851052165, 0.41745000023015733, 0.1214764066503662]
840 ; 19 ; 159 ; 0 ; [0.72071186187309344] ; [0.056041566263293791]
840 ; 19 ; 159 ; 1 ; [0.34219381088190975] ; [0.0853280205508469]
840 ; 19 ; 159 ; 11 ; [0.22679315388302973] ; [0.011301213344977547]
840 ; 19 ; 159 ; 13 ; [0.58584139020228043] ; [0.32487268029687161]
840 ; 19 ; 159 ; 14 ; [0.99284831049122613] ; [0.67902440142873632]
840 ; 19 ; 160 ; 0 ; [0.26569034806681929] ; [0.0096585200679567829]
840 ; 19 ; 160 ; 1 ; [0.011129896743862248] ; [0.36903813161867116]
840 ; 19 ; 161 ; 0 ; [-0.0047767555940020833, 0.20256890784899723] ; [0.30352103088019317, 0.1351006095101244]
840 ; 19 ; 161 ; 1 ; [0.17753613965713272, 0.25269776450884579, 0.30728091452822387] ; [0.24873434030665528, 0.41337399667966668, 0.37786117149266008]
840 ; 19 ; 161 ; 6 ; [-0.016401873987599437] ; [0.10356320228125754]
840 ; 19 ; 162 ; 0 ; [0.65271258943450938, 0.30938147030860308] ; [0.15897604465472043, 0.15056340872682605]
840 ; 19 ; 162 ; 1 ; [0.20068434556473908] ; [0.1142240648766471]
840 ; 19 ; 162 ; 2 ; [0.82726756570152882] ; [0.63849164757143229]
840 ; 19 ; 163 ; 0 ; [0.52435461216177937] ; [0.2705659264839958]
840 ; 19 ; 163 ; 6 ; [0.02019882159333981] ; [0.96361670555519274]
840 ; 19 ; 164 ; 0 ; [1.1104794779366507] ; [0.15071223227316477]
840 ; 19 ; 164 ; 2 ; [1.4548258764323401] ; [-0.0059719300407707976]
840 ; 19 ; 164 ; 3 ; [0.9885881122226291] ; [1.0910179044735955]
840 ; 19 ; 164 ; 6 ; [0.32027491116087509] ; [1.4273938019214243]
840 ; 19 ; 164 ; 7 ; [1.1140141914152346] ; [3.4597211671724284]
840 ; 19 ; 164 ; 11 ; [1.6906987104733566] ; [0.40130253619813688]
840 ; 19 ; 164 ; 14 ; [2.3094622026735205] ; [1.1949768729724799]
840 ; 19 ; 164 ; 15 ; [1.6857871164534592] ; [1.6737791732805873]
840 ; 19 ; 164 ; 18 ; [0.53116260578197061] ; [2.3794600358111113]
840 ; 19 ; 164 ; 19 ; [2.1840360665960445] ; [2.2540012404247705]
840 ; 19 ; 164 ; 21 ; [2.2400257759326907] ; [1.4733757169322956]
840 ; 19 ; 164 ; 22 ; [1.4003702680843699] ; [3.9718026135391793]
840 ; 19 ; 164 ; 23 ; [2.5629589285081482] ; [0.53427260116332886]
840 ; 19 ; 164 ; 24 ; [2.6439374874333992] ; [2.5065412547961121]
840 ; 19 ; 164 ; 31 ; [0.27003840073176028] ; [1.1687029082266183]
840 ; 19 ; 164 ; 32 ; [1.7599417811174611] ; [1.6537194955355901]
840 ; 19 ; 164 ; 33 ; [2.1902812741396667] ; [1.2574804247645783]
840 ; 19 ; 165 ; 0 ; [0.38713575474517792, 0.12823793030211017, 0.031829572785329385] ; [0.51551101071295402, 0.40160998648318907, 0.061287796882172604]
840 ; 19 ; 165 ; 1 ; [0.14042533162603821] ; [0.29842869853262011]
840 ; 19 ; 166 ; 0 ; [0.38775442051656039] ; [0.85069727562903952]
840 ; 19 ; 166 ; 2 ; [-0.26314737264168142] ; [1.6730743585984187]
840 ; 19 ; 167 ; 0 ; [0.63644742165824797, 0.1210111713320072, 0.13813325108716756, -0.0054709776804756274] ; [0.59249934384037017, 0.19782428041649627, 0.23079674240363271, 0.094716078728735026]
840 ; 19 ; 167 ; 1 ; [0.70585489812462965] ; [0.19369083936655543]
840 ; 19 ; 168 ; 3 ; [1.2793238321878972] ; [1.7134376130006483]
840 ; 19 ; 168 ; 6 ; [2.1150919991510997] ; [1.1240074029284153]
840 ; 19 ; 168 ; 8 ; [0.60330122687430399] ; [2.4962557760493107]
840 ; 19 ; 168 ; 9 ; [0.93504061719751863] ; [1.1480065987772456]
840 ; 19 ; 168 ; 16 ; [0.60065717651653272] ; [1.7834113177375297]
840 ; 19 ; 168 ; 20 ; [1.8245091691302948] ; [1.6231158363395446]
840 ; 19 ; 168 ; 23 ; [1.1457211901373356] ; [0.92057323219978882]
840 ; 19 ; 168 ; 24 ; [2.4798387587363382] ; [1.2434200944926661]
840 ; 19 ; 169 ; 0 ; [2.1439045564758814] ; [0.84850186939142624]
840 ; 19 ; 169 ; 1 ; [0.16980487713575451] ; [1.9217111249002103]
840 ; 19 ; 169 ; 2 ; [2.5321704572257873] ; [3.4787462732214589]
840 ; 19 ; 169 ; 3 ; [-0.031450993357111108] ; [3.1069000034076288]
840 ; 19 ; 169 ; 4 ; [1.1899470380845485] ; [0.77451595335558021]
840 ; 19 ; 169 ; 7 ; [1.6715561193035782] ; [0.56368370596717354]
840 ; 19 ; 169 ; 8 ; [1.5424402933510299] ; [0.28929204046254514]
840 ; 19 ; 170 ; 1 ; [0.14089751181945992] ; [2.5509004123558143]
840 ; 19 ; 170 ; 9 ; [0.21191334076163909] ; [0.636814889597346]
840 ; 19 ; 171 ; 1 ; [0.95284859883414907] ; [0.41760868832363607]
840 ; 19 ; 171 ; 5 ; [0.71427507183797201] ; [0.83368619694301704]
840 ; 19 ; 172 ; 0 ; [-0.03744737727671258, -0.36330117601790402] ; [0.33134267762056924, 0.20541550922168264]
840 ; 19 ; 172 ; 1 ; [0.20190613456803971, 0.21877755831878676] ; [0.36832752410008524, 0.1852433750935181]
840 ; 19 ; 173 ; 0 ; [0.16743692452683295, 0.051102274108774055] ; [0.22168022904025261, 0.11079898366830118]
840 ; 19 ; 174 ; 0 ; [0.27769058257522511, 0.33415850288109555, 0.40011491929753434, 0.51352609535414662, 0.20265551926051648] ; [0.11446253268297045, 0.16595260083239882, 0.26368874569373529, 0.24334558841538823, 0.15185426378645919]
840 ; 19 ; 174 ; 2 ; [0.40083148570092997] ; [0.10604819236677804]
840 ; 19 ; 174 ; 4 ; [0.13330610105631274] ; [0.090603268331239842]
840 ; 19 ; 175 ; 0 ; [0.79052219548253799] ; [0.24728141002747164]
840 ; 19 ; 175 ; 1 ; [0.79857886955483204] ; [0.50104142613397018]
840 ; 19 ; 175 ; 2 ; [0.18980889814096677] ; [0.66156487727368829]
840 ; 19 ; 175 ; 6 ; [2.0500568151647967] ; [0.41653881996241798]
840 ; 19 ; 176 ; 0 ; [0.093473882864773802, 0.1331491042799966] ; [0.26858849331920737, 0.54418056095066536]
840 ; 19 ; 176 ; 1 ; [0.32002295107271583] ; [-6.939325748287842e-05]
840 ; 19 ; 176 ; 2 ; [0.13055498966940388] ; [0.31790060227128741]
840 ; 19 ; 177 ; 0 ; [0.13091289639411949, 0.042082041534737588] ; [0.36806173220650279, 0.1501393740753971]
840 ; 19 ; 177 ; 1 ; [0.1164891190892528] ; [0.20027556753191783]
840 ; 19 ; 178 ; 0 ; [0.046177491993874428] ; [0.020386402891302023]
840 ; 19 ; 178 ; 1 ; [0.51136932107813704] ; [0.50511474726474137]
840 ; 19 ; 178 ; 2 ; [0.062164167987701413] ; [0.12208906296334165]
840 ; 19 ; 178 ; 3 ; [1.3410849630414818] ; [0.01200177998302996]
840 ; 19 ; 179 ; 1 ; [0.087228507297370944] ; [0.0080888225685044456]
840 ; 19 ; 180 ; 0 ; [-0.022953121055847358, 0.054181176867232068] ; [0.023043644792533593, 0.11437304306659149]
840 ; 19 ; 180 ; 2 ; [0.036485003079908436] ; [0.023537842738994976]
840 ; 19 ; 180 ; 3 ; [-0.0011603363383223609] ; [1.1733023265201221]
840 ; 19 ; 180 ; 4 ; [0.07815378372259732] ; [0.22060155350927382]
840 ; 19 ; 181 ; 0 ; [0.11541384574943893, 0.28972695788997826, 0.18536490661503352] ; [0.15154810260308918, 0.24522565027314253, 0.49981604888199438]
840 ; 19 ; 181 ; 1 ; [0.19303076898343999] ; [0.042353611966589558]
840 ; 19 ; 182 ; 0 ; [-0.0019884589940984939, -0.015175668384591365, 0.0045452556333224715] ; [0.26609218299667109, 0.13845221260718096, 0.22986451588328216]
840 ; 19 ; 183 ; 0 ; [1.3626574901915312] ; [0.69317596750689903]
840 ; 19 ; 183 ; 3 ; [1.1643080846888549] ; [0.9546041240814459]
840 ; 19 ; 183 ; 4 ; [-0.12556010927934191] ; [2.3081644137963973]
840 ; 19 ; 183 ; 6 ; [0.065019575113459543] ; [1.1100823314420734]
840 ; 19 ; 184 ; 0 ; [0.5444131657097584] ; [0.71333431841060591]
840 ; 19 ; 184 ; 1 ; [0.58115705272893659] ; [0.48352937950075814]
840 ; 19 ; 184 ; 2 ; [1.4619669244209752] ; [1.969523738076796]
840 ; 19 ; 184 ; 3 ; [2.3126286002031748] ; [0.43790460369740158]
840 ; 19 ; 184 ; 4 ; [0.58158192630321104] ; [0.10239729974124678]
840 ; 19 ; 184 ; 6 ; [0.73155676734731323] ; [0.45267816411108663]
840 ; 19 ; 184 ; 9 ; [1.1623792033031608] ; [7.3520518912632786]
840 ; 19 ; 184 ; 11 ; [0.80800069304317068] ; [0.9161052493962325]
840 ; 19 ; 184 ; 12 ; [0.42408546446323203] ; [0.74490727627305331]
840 ; 19 ; 184 ; 18 ; [0.14106135648623822] ; [0.68253402687404818]
840 ; 19 ; 184 ; 19 ; [3.746824432767804] ; [1.8381544511311991]
840 ; 19 ; 184 ; 20 ; [1.193294698580305] ; [0.48808863459224366]
840 ; 19 ; 184 ; 22 ; [1.0129150861044776] ; [0.41829226626416399]
840 ; 19 ; 184 ; 24 ; [2.2034770651853455] ; [2.1590435582725949]
840 ; 19 ; 184 ; 28 ; [3.2047058820539682] ; [0.69138044125372877]
840 ; 19 ; 184 ; 42 ; [1.397838907978775] ; [0.17369305048604433]
840 ; 19 ; 184 ; 44 ; [0.83292517524951726] ; [0.20955310400739269]
840 ; 19 ; 184 ; 46 ; [2.2587007847848652] ; [1.793333462333206]
840 ; 19 ; 184 ; 47 ; [2.7093641911647577] ; [2.9647322274368837]
840 ; 19 ; 185 ; 0 ; [0.075959016463045217, 0.49491680473523059] ; [0.1054291900483016, 0.30161123283279323]
840 ; 19 ; 185 ; 1 ; [1.1795632905825502] ; [1.0896532142183593]
840 ; 19 ; 185 ; 2 ; [0.497969215656133] ; [1.4229619037282468]
840 ; 19 ; 185 ; 11 ; [0.073393600941794548] ; [1.2581221709655603]
840 ; 19 ; 185 ; 15 ; [0.35347118803154753] ; [0.83291476063964787]
840 ; 19 ; 186 ; 0 ; [0.13533868803032856, 0.099143064734939904, 0.11247932975876486, 0.27252777690113561] ; [0.18498116058706376, 0.1464043924511339, 0.16199988480560912, 0.35281505205992059]
840 ; 19 ; 187 ; 0 ; [0.16235706235195707, 0.05260529972462516] ; [0.17098944361523347, 0.016670351528307373]
840 ; 19 ; 188 ; 0 ; [0.32515496804690003] ; [0.90873608798954231]
840 ; 19 ; 188 ; 1 ; [0.43839120175989948] ; [0.18393034532250871]
840 ; 19 ; 188 ; 2 ; [0.52476153975189821] ; [1.5195568747868744]
840 ; 19 ; 188 ; 3 ; [2.6193298205512585] ; [0.33126943882366011]
840 ; 19 ; 188 ; 5 ; [1.2933823181808293] ; [1.0578820959068065]
840 ; 19 ; 188 ; 7 ; [0.13773487941494472] ; [1.361366390884182]
840 ; 19 ; 188 ; 8 ; [0.91308716896298736] ; [4.1373425507395982]
840 ; 19 ; 188 ; 10 ; [0.26153920583582912] ; [2.3219462125714734]
840 ; 19 ; 188 ; 13 ; [0.38484448077206407] ; [0.92422650285107555]
840 ; 19 ; 188 ; 14 ; [0.42094592263383018] ; [1.6504668044991622]
840 ; 19 ; 189 ; 2 ; [1.1354678080580054] ; [0.22753243518903307]
840 ; 19 ; 190 ; 0 ; [0.39801895587425168] ; [0.74396325822437692]
840 ; 19 ; 191 ; 0 ; [0.012043116207718632] ; [0.10796903137510033]
840 ; 19 ; 191 ; 5 ; [0.11806857329828055] ; [0.27513954849879224]
840 ; 19 ; 192 ; 0 ; [0.18991338293795787, 0.1968214031884738, 0.56989081689529919] ; [0.18488703061732306, 0.16644017666833613, 0.10112873202195542]
840 ; 19 ; 193 ; 0 ; [1.741515116397844] ; [1.7684474012571358]
840 ; 19 ; 193 ; 1 ; [0.63025785108450016] ; [1.6878870862445285]
840 ; 19 ; 193 ; 2 ; [1.8938276264158829] ; [2.0716021384109697]
840 ; 19 ; 193 ; 5 ; [1.7703935135935762] ; [1.3281809318045479]
840 ; 19 ; 193 ; 6 ; [1.78308874733488] ; [1.3272419122310699]
840 ; 19 ; 193 ; 7 ; [0.6180157529076582] ; [0.88229084977836836]
840 ; 19 ; 193 ; 9 ; [1.8379373850880687] ; [0.43351605871185989]
840 ; 19 ; 193 ; 10 ; [2.1893000607889821] ; [1.6916804119582813]
840 ; 19 ; 193 ; 11 ; [0.69874436885970737] ; [1.1889556476835705]
840 ; 19 ; 193 ; 12 ; [1.3729237348906533] ; [0.88272737747077412]
840 ; 19 ; 193 ; 14 ; [0.79919226503972929] ; [1.4448345804563358]
840 ; 19 ; 193 ; 16 ; [0.58874232936883009] ; [2.4002059037422656]
840 ; 19 ; 193 ; 17 ; [0.37004875251840108] ; [2.2149650422267904]
840 ; 19 ; 193 ; 20 ; [11.427096711546204] ; [1.5131241836367377]
840 ; 19 ; 193 ; 21 ; [0.80581799872870785] ; [2.1558483214246942]
840 ; 19 ; 193 ; 22 ; [1.2138555136596652] ; [1.5924414765511403]
840 ; 19 ; 193 ; 27 ; [1.5799886954751987] ; [1.4138374619942247]
840 ; 19 ; 193 ; 28 ; [1.4501653090860245] ; [1.3228938881975838]
840 ; 19 ; 193 ; 29 ; [0.47114542968255829] ; [1.238490520159282]
840 ; 19 ; 193 ; 30 ; [0.72704009901568067] ; [0.48083658865323747]
840 ; 19 ; 193 ; 31 ; [0.69010305336368161] ; [0.64051674421208216]
840 ; 19 ; 194 ; 0 ; [-0.012854580101010323] ; [0.090911614380457029]
840 ; 19 ; 195 ; 0 ; [0.2175624693992799, 0.67451511645103002, 9.1061447810494656] ; [0.31461703578356831, 0.44382860282378933, 0.20878303831351974]
840 ; 19 ; 195 ; 1 ; [1.7353345157811813] ; [0.21499687509758353]
840 ; 19 ; 196 ; 0 ; [0.24762234708218905, 0.18750889565066961, 0.025793432669265912, 0.051458975522762469] ; [0.30800093194284406, 0.37352751655021182, 0.16898755745726296, 0.058711452206003087]
840 ; 19 ; 197 ; 0 ; [0.21108425902042682, 0.064011847304470543] ; [0.2928210946183763, 0.29474183487266276]
840 ; 19 ; 197 ; 1 ; [0.084545202993065602] ; [0.23705256578732023]
840 ; 19 ; 198 ; 0 ; [0.03012102494774933, 0.029658598949945013, 0.045225527872555606, 0.088430689617527924] ; [0.15806448110647886, 0.19543765341973859, 0.23364528476971119, 0.047623090792681046]
840 ; 19 ; 199 ; 0 ; [-0.011280598025246381] ; [0.15815267205670094]
840 ; 19 ; 200 ; 0 ; [0.032353149784228576] ; [0.076063196739303951]
840 ; 19 ; 200 ; 1 ; [0.35712354474257268] ; [0.23988712231253945]
840 ; 19 ; 201 ; 0 ; [0.25122047768532768] ; [0.31020679081876956]
840 ; 19 ; 201 ; 6 ; [0.074640596712185384] ; [0.25444553891974597]
840 ; 19 ; 201 ; 7 ; [0.03585364987086636] ; [0.10939767500355344]
840 ; 19 ; 202 ; 0 ; [0.22031134622460649] ; [0.26215706836710378]
840 ; 19 ; 202 ; 4 ; [0.46908721228690364] ; [0.63896333966591612]
840 ; 19 ; 203 ; 1 ; [-0.11373008153238079] ; [0.020510436388794021]
840 ; 19 ; 204 ; 1 ; [0.0081148922218614236] ; [0.88090051445811346]
840 ; 19 ; 204 ; 2 ; [0.97028186577833964] ; [1.5145020065167889]
840 ; 19 ; 204 ; 4 ; [0.36950776897821264] ; [0.28963812904104991]
840 ; 19 ; 205 ; 1 ; [0.014407060495974042] ; [0.10039411457825727]
840 ; 19 ; 205 ; 4 ; [0.48026914250964625] ; [0.30140866389904658]
840 ; 19 ; 206 ; 0 ; [0.44282674296453073] ; [2.7866348565142434]
840 ; 19 ; 206 ; 1 ; [0.49606460237097288] ; [0.22062533343859989]
840 ; 19 ; 206 ; 2 ; [3.2255459781517124] ; [0.26838490236830465]
840 ; 19 ; 206 ; 4 ; [0.72264600464040873] ; [0.82100043637342623]
840 ; 19 ; 206 ; 9 ; [0.65344597270676563] ; [1.2754877522665571]
840 ; 19 ; 207 ; 0 ; [0.080372635494466729, 0.057276453549439131] ; [0.096400639859093334, 0.16560126272321679]
840 ; 19 ; 207 ; 2 ; [0.54410010167390799] ; [0.57882942736509102]
840 ; 19 ; 207 ; 3 ; [0.83521973763640167] ; [3.805116993461489]
840 ; 19 ; 207 ; 4 ; [3.9932710231399668] ; [1.8403168633705087]
840 ; 19 ; 207 ; 5 ; [1.3259864958737626] ; [1.0237980479090962]
840 ; 19 ; 207 ; 8 ; [2.0286678803971951] ; [2.0171526755828681]
840 ; 19 ; 207 ; 9 ; [-0.2631934146134795] ; [2.9314400989889493]
840 ; 19 ; 207 ; 10 ; [1.497657402091747] ; [2.096398810180045]
840 ; 19 ; 207 ; 12 ; [2.7046438089855562] ; [1.7353245703658959]
840 ; 19 ; 207 ; 13 ; [1.6565675556273469] ; [1.6541172661950645]
840 ; 19 ; 207 ; 15 ; [0.76363844161205463] ; [0.3042371091637725]
840 ; 19 ; 208 ; 0 ; [0.030216560742651735, 0.13249389562754194, 0.0067276391704465073] ; [0.19665296970788002, 0.17944165256713479, 0.14314584751683204]
840 ; 19 ; 208 ; 1 ; [0.32935084859998021] ; [0.0066155028869214431]
840 ; 19 ; 209 ; 0 ; [0.15519567939357296] ; [0.12862944777492938]
840 ; 19 ; 209 ; 1 ; [0.11027152777405855] ; [0.18680660860662487]
840 ; 19 ; 209 ; 3 ; [0.98150489131018681] ; [0.38145730530262545]
840 ; 19 ; 209 ; 4 ; [0.10427878537847612] ; [1.0182100798537188]
840 ; 19 ; 209 ; 10 ; [0.26040346603145714] ; [0.30777079466544288]
840 ; 19 ; 210 ; 0 ; [0.19069400119793947, 0.10926418623104509] ; [0.62323303306179778, 0.16460396529568722]
840 ; 19 ; 210 ; 1 ; [0.80275032405017011] ; [0.12661884996322828]
840 ; 19 ; 210 ; 2 ; [0.62592557174614827] ; [-0.0019165578275703548]
840 ; 19 ; 211 ; 0 ; [1.8654256817918149] ; [0.0067952461368243951]
840 ; 19 ; 211 ; 2 ; [0.073029649526735546] ; [2.5619756513546394]
840 ; 19 ; 211 ; 3 ; [0.53795725484217793] ; [0.45370858446711115]
840 ; 19 ; 211 ; 7 ; [2.0106924574349834] ; [1.8674424293159027]
840 ; 19 ; 213 ; 0 ; [1.0642952391611247] ; [0.0021808206186040785]
840 ; 19 ; 213 ; 1 ; [0.53921854623482279] ; [0.79612160454513103]
840 ; 19 ; 213 ; 2 ; [1.3516390143279426] ; [0.70110011714121856]
840 ; 19 ; 213 ; 3 ; [0.0042884766723316724] ; [2.3835165801537079]
840 ; 19 ; 213 ; 14 ; [0.7799616741796136] ; [0.028800065477442932]
840 ; 19 ; 214 ; 0 ; [4.1935028171925621] ; [0.17345662405570361]
840 ; 19 ; 214 ; 1 ; [0.36814554319119203] ; [0.59036060378398947]
840 ; 19 ; 214 ; 15 ; [0.76168608671956395] ; [0.58551047060508266]
840 ; 19 ; 215 ; 0 ; [0.26689526301833422, 0.34053233434288194, 0.13763755860910468, 0.024712221894452609, 0.023533409979187514] ; [0.30223105706491765, 0.6794971806865282, 0.54161297745694525, 0.39526695857716471, 0.072458127344449952]
840 ; 19 ; 215 ; 1 ; [0.083097109735230851, -0.0074709374650761412] ; [0.49274800631149129, -0.0058628831576805381]
840 ; 19 ; 216 ; 0 ; [0.12027136458169693, 0.58540353266970313] ; [0.23985213803026567, 0.15231526626501554]
840 ; 19 ; 217 ; 0 ; [0.95235588831905427, 0.74596990001441543] ; [0.74408357259357383, 0.74422799357500902]
840 ; 19 ; 217 ; 1 ; [0.38884844208740205] ; [1.3987572035097693]
840 ; 19 ; 217 ; 3 ; [0.85460930177466066] ; [1.1010647753124181]
840 ; 19 ; 217 ; 6 ; [1.2036993163172753] ; [0.37660004945216796]
840 ; 19 ; 217 ; 8 ; [0.20070719104165891] ; [0.08767260789853458]
840 ; 19 ; 217 ; 14 ; [0.067244990758079395] ; [0.75732925690740771]
840 ; 19 ; 217 ; 17 ; [0.1197360712595935] ; [0.48942591465430541]
840 ; 19 ; 217 ; 19 ; [0.54356692323535549] ; [0.7809166878985071]
840 ; 19 ; 218 ; 0 ; [0.33717486705689947, 0.091758644219068666] ; [0.052868165786286003, 0.023126123535738754]
840 ; 19 ; 218 ; 1 ; [0.092739058320815679] ; [1.150321884250467]
840 ; 19 ; 218 ; 3 ; [0.10443698617465613] ; [0.012904536801170612]
840 ; 19 ; 219 ; 0 ; [5.2167717176018202] ; [3.1103703854692433]
840 ; 19 ; 219 ; 1 ; [0.50159810261792903] ; [4.1334976170335969]
840 ; 19 ; 219 ; 2 ; [1.1992969100468469] ; [4.1660726322219261]
840 ; 19 ; 219 ; 4 ; [4.7465972303032817] ; [2.0117113445551218]
840 ; 19 ; 219 ; 6 ; [2.0975626850695597] ; [3.4518888079466343]
840 ; 19 ; 219 ; 8 ; [2.4858587740826525] ; [1.1765464749241561]
840 ; 19 ; 220 ; 0 ; [0.025552067567936688] ; [0.83438535862695629]
840 ; 19 ; 220 ; 1 ; [0.39903119745460663] ; [0.14615955091459062]
840 ; 19 ; 220 ; 3 ; [0.056298623539640345] ; [0.52894187097142764]
840 ; 19 ; 221 ; 0 ; [0.14233639709986962] ; [0.050221608319342248]
840 ; 19 ; 222 ; 0 ; [0.15588549749606831, 0.24800007190817544, 0.13686130996700066, 0.19028285889058844, 0.07649324946028388] ; [0.3322722560139979, 0.22398196018269378, 0.1763058791919774, 0.22341028091524928, -0.040683027913035547]
840 ; 19 ; 222 ; 1 ; [-0.008181440293436865] ; [0.26832861441933403]
840 ; 19 ; 223 ; 0 ; [0.78368893716573595] ; [0.17156939319569378]
840 ; 19 ; 223 ; 1 ; [0.98453199495428323] ; [0.22163088350865986]
840 ; 19 ; 223 ; 4 ; [0.99865722033511006] ; [0.38529627886577755]
840 ; 19 ; 223 ; 11 ; [1.7809560813120995] ; [1.0544493034331222]
840 ; 19 ; 223 ; 13 ; [0.0028063038657840543] ; [1.5270538744703228]
840 ; 19 ; 224 ; 0 ; [0.042834467958194254, 0.05464955899335612, -0.0032631020500918854] ; [0.18133742507085232, 0.18628886389985144, 0.025968829626975314]
840 ; 19 ; 226 ; 0 ; [0.17985465440294066, 0.1198965077453856, 0.075737032552686046] ; [0.20686681782463578, 0.48983717220497541, 0.11970111927506918]
840 ; 19 ; 227 ; 0 ; [0.18062464178934079, 0.12039016421038887, 0.1857134634823813] ; [0.12070571137682985, 0.12729313131080727, 0.18826315785256592]
840 ; 19 ; 227 ; 2 ; [0.062037957917724387] ; [0.04199768340992354]
840 ; 19 ; 228 ; 0 ; [0.48109816621599039, 0.13770154481177299] ; [0.29476913860307496, 0.17435110322202355]
840 ; 19 ; 228 ; 1 ; [0.37597218636245466] ; [0.25449109868652153]
840 ; 19 ; 230 ; 0 ; [0.37957765296985779, 0.41703005980329844, 0.29411880754350767] ; [0.26330319839390226, 0.24640989674709959, 0.2087397207748046]
840 ; 19 ; 231 ; 0 ; [0.56084857372587305] ; [1.2142250536101078]
840 ; 19 ; 231 ; 1 ; [0.0049638938358729772] ; [0.6427866136391982]
840 ; 19 ; 231 ; 3 ; [0.35436083320455425] ; [1.7069205651900146]
840 ; 19 ; 231 ; 5 ; [0.41641951724184612] ; [0.35137628289581202]
840 ; 19 ; 231 ; 7 ; [-0.061896193310248961] ; [3.3041139955111944]
840 ; 19 ; 231 ; 8 ; [1.4248093927309846] ; [0.65308242315884613]
840 ; 19 ; 231 ; 11 ; [0.17556446181873292] ; [1.2489484523990169]
840 ; 19 ; 231 ; 12 ; [0.27379873618285971] ; [1.3210032730721193]
840 ; 19 ; 231 ; 14 ; [8.6584546902513146] ; [1.775628436033081]
840 ; 19 ; 231 ; 16 ; [1.2053292381697736] ; [1.4747025863610237]
840 ; 19 ; 231 ; 22 ; [1.0124887126444795] ; [1.5605620723648477]
840 ; 19 ; 231 ; 24 ; [5.8166174899916507] ; [0.53537547695208232]
840 ; 19 ; 231 ; 26 ; [0.41186478899500212] ; [0.8107328769614095]
840 ; 19 ; 232 ; 2 ; [0.51872455343233781] ; [0.45291155208773959]
840 ; 19 ; 233 ; 0 ; [0.12859642172249169, 0.088958272341999475, 0.69325519925269841, 0.26625658829527415] ; [0.22087376302240766, 0.16665192999924158, 0.63316787165568755, 0.22458503712015246]
840 ; 19 ; 233 ; 1 ; [0.79413316199619188] ; [0.046412149834537557]
840 ; 19 ; 233 ; 3 ; [2.5761226099238348] ; [1.5230708077386526]
840 ; 19 ; 234 ; 0 ; [0.4050666444933238, 0.41475614694098339, 0.53507996535885172] ; [0.25684449343728488, 0.32884189808019498, 0.4088084895734736]
840 ; 19 ; 234 ; 4 ; [0.30662625554290696] ; [0.31113238502417223]
840 ; 19 ; 235 ; 2 ; [2.4492429453271818] ; [0.57427576590001217]
840 ; 19 ; 235 ; 4 ; [0.38345545468883224] ; [3.790554693607334]
840 ; 19 ; 236 ; 0 ; [0.0583078279711065, 3.6037840277902258] ; [0.85192276316575433, 1.675154261717875]
840 ; 19 ; 236 ; 4 ; [1.3870352016281946] ; [4.2238356052831687]
840 ; 19 ; 237 ; 0 ; [0.39335058824300917, 0.31125681394748067, 0.20873771670578861, 0.27406497758507498, 0.20956106113689316] ; [0.14731305065476083, 0.22265075158949671, 0.25053610843942387, 0.16662361167457934, 0.18468652138684422]
840 ; 19 ; 239 ; 0 ; [0.15899387116982114, 0.19376530807971193] ; [0.39978776165505453, 0.39387389674952145]
840 ; 19 ; 240 ; 0 ; [0.099334216508694909, 0.12139378941827664, 0.018734953497035998] ; [0.24193095300451734, 0.23505188551929015, 0.10631097476629203]
840 ; 19 ; 241 ; 0 ; [1.5006923283814741] ; [0.50761330234547564]
840 ; 19 ; 241 ; 14 ; [0.18907716008459277] ; [1.115586593395306]
840 ; 19 ; 242 ; 1 ; [1.6904469825809965] ; [0.95920150453169317]
840 ; 19 ; 242 ; 2 ; [0.77713541939299058] ; [4.4338913632706181]
840 ; 19 ; 242 ; 3 ; [0.78467546632370344] ; [0.62405487336595733]
840 ; 19 ; 242 ; 4 ; [2.6255488437655985] ; [0.9919045567055147]
840 ; 19 ; 242 ; 5 ; [1.591529056342134] ; [4.7315281378387404]
840 ; 19 ; 242 ; 6 ; [1.5057825752460774] ; [0.73795777298408527]
840 ; 19 ; 242 ; 9 ; [0.081092569274486395] ; [2.1154711233246051]
840 ; 19 ; 242 ; 11 ; [1.7169181142051397] ; [5.2966621132697869]
840 ; 19 ; 242 ; 12 ; [2.8147468003089577] ; [2.5001667584329472]
840 ; 19 ; 242 ; 13 ; [0.83991929120829267, 1.7848437561564494] ; [1.1588217761077559, 4.4501377016782833]
840 ; 19 ; 242 ; 14 ; [3.5825469156456005] ; [17.115095915589485]
840 ; 19 ; 243 ; 0 ; [0.33465512138743969, 0.047834267271487277, 0.042146010506630818] ; [0.39338510146908323, 0.49374475017019903, 0.081790525272059392]
840 ; 19 ; 244 ; 0 ; [0.272587782254956, 0.30648628820420815, 0.36570559448844775] ; [0.1212694575707005, 0.28353775807772125, 0.59535643332824673]
840 ; 19 ; 244 ; 1 ; [0.23551599647282245] ; [0.05958965097080169]
840 ; 19 ; 245 ; 0 ; [0.086656191471271168, 0.0032992705496833531, 0.14972750571864352] ; [0.45105579316057343, 1.0390925487802918, 0.42323039884436459]
840 ; 19 ; 247 ; 0 ; [0.30185163544362509, 0.39686646280135052, 0.097007717587230702, 0.018957985783656241] ; [0.47962750529311221, 0.18759573816034703, 0.26458748976566848, 0.14001216008970399]
840 ; 19 ; 247 ; 1 ; [-0.028236009352325488] ; [0.40589350928917012]
840 ; 19 ; 248 ; 0 ; [0.019252495560520073, 0.45074629061501897, 0.24895895354974845] ; [0.15658780269702927, 0.17928488880171203, 0.25911021535460288]
840 ; 19 ; 248 ; 1 ; [0.29431181370334308, 0.067647065724365088] ; [0.15959954225729509, 0.20871075095545158]
840 ; 19 ; 249 ; 0 ; [0.64292486216378353] ; [0.25200030375649057]
840 ; 19 ; 249 ; 1 ; [0.74914720891224496] ; [0.092856312257275281]
840 ; 19 ; 249 ; 5 ; [1.9809620700651005] ; [0.94949019241138921]
840 ; 19 ; 249 ; 6 ; [2.4979631103387967] ; [1.8866153064862166]
840 ; 19 ; 249 ; 7 ; [1.8292264904440636] ; [4.9726341252212283]
840 ; 19 ; 249 ; 9 ; [1.7363453328464391] ; [4.1002165084622009]
840 ; 19 ; 249 ; 10 ; [1.9061627778913781] ; [0.52793730109638093]
840 ; 19 ; 249 ; 11 ; [2.275617899309005] ; [3.9765985056441764]
840 ; 19 ; 249 ; 15 ; [1.712180837530207] ; [5.1132474711905376]
840 ; 19 ; 249 ; 17 ; [1.7197568951936186] ; [8.1674460575620209]
840 ; 19 ; 249 ; 20 ; [4.0080184995938088] ; [2.1528880581692276]
840 ; 19 ; 249 ; 21 ; [1.7152229794745708] ; [1.2161376615823547]
840 ; 19 ; 249 ; 22 ; [2.060221272130454] ; [0.098745625850467464]
840 ; 19 ; 249 ; 23 ; [0.89886709392075925] ; [1.7846671832006533]
840 ; 19 ; 249 ; 25 ; [1.6838155124453367] ; [1.8963753091017088]
840 ; 19 ; 249 ; 26 ; [4.1632084728302488] ; [4.9353618259613823]
840 ; 19 ; 249 ; 28 ; [1.0018320173121169] ; [10.928683448213796]
840 ; 19 ; 249 ; 29 ; [2.3798266978725011] ; [1.6325509944275298]
840 ; 19 ; 249 ; 30 ; [2.2138729854430532] ; [-0.048319596368648868]
840 ; 19 ; 249 ; 31 ; [1.896484127304839] ; [1.2189919862770078]
840 ; 19 ; 249 ; 36 ; [2.1256790365750775] ; [2.3027574800885398]
840 ; 19 ; 249 ; 37 ; [1.5340372750044855] ; [0.9816929500791397]
840 ; 19 ; 250 ; 0 ; [0.39480212582554897] ; [0.34546421544042616]
840 ; 19 ; 250 ; 5 ; [0.55770115741040283] ; [1.0997312810438473]
840 ; 19 ; 252 ; 0 ; [0.25963977231544555, 0.087722087084823305] ; [1.919052370769067, 0.35939907906311369]
840 ; 19 ; 252 ; 1 ; [1.2222483984373573] ; [0.41827405377071636]
840 ; 19 ; 253 ; 0 ; [0.044723585032205672, 0.32559474965441271] ; [0.18628890853179456, 0.21273620367919702]
840 ; 19 ; 253 ; 1 ; [0.0044688471096852077] ; [0.036218767182701173]
840 ; 19 ; 254 ; 0 ; [0.2211078864229343, 0.31099354364230591, 0.33034483673541437, 0.052424534945353027] ; [0.25762188840438599, 0.36354684033848911, 0.53078548896798272, 0.059112591535488181]
840 ; 19 ; 255 ; 0 ; [1.3513326890118063, 0.54334747984551268] ; [0.23866513335116449, 0.45435165039201109]
840 ; 19 ; 255 ; 1 ; [1.1584652579614536] ; [0.40107208251362547]
840 ; 19 ; 255 ; 5 ; [0.33188803328350869] ; [1.4027649859439943]
840 ; 19 ; 255 ; 7 ; [0.53950549311737384] ; [1.3116263911804635]
840 ; 19 ; 255 ; 10 ; [1.0190829723182793] ; [0.16723013740534473]
840 ; 19 ; 255 ; 13 ; [1.7928641851601823] ; [0.41940087404092385]
840 ; 19 ; 255 ; 15 ; [0.2658188643814095] ; [0.10053540977237085]
840 ; 19 ; 255 ; 16 ; [1.0509109876050968] ; [0.39016123055513419]
840 ; 19 ; 255 ; 22 ; [1.2572622877461617] ; [2.7694676638174927]
840 ; 19 ; 255 ; 28 ; [4.1641794846033058] ; [0.468864654444692]
840 ; 19 ; 257 ; 0 ; [0.070282925720477174] ; [0.31819296937252567]
840 ; 19 ; 257 ; 1 ; [-0.1594097187637829] ; [0.20540573787033492]
840 ; 19 ; 257 ; 2 ; [1.2285232785009104] ; [0.37249279359798126]
840 ; 19 ; 258 ; 0 ; [0.083136505842924438, 0.056837582281189833] ; [0.28837418943922655, 0.17470294901946481]
840 ; 19 ; 258 ; 1 ; [0.074437467814063393] ; [0.014302285898955611]
840 ; 19 ; 259 ; 0 ; [0.030970869755738307, 0.0043955510698754753] ; [0.20623445166533633, 0.28982419391866232]
840 ; 19 ; 259 ; 1 ; [0.084944637318917091] ; [-0.0021118528773279117]
840 ; 19 ; 260 ; 0 ; [0.20669029345716222, 0.19795621241196473, 0.30113741164286917, 0.055491862944023848] ; [0.15294544508881461, 0.13096502847019903, 0.31139035812350829, 0.039206968533808111]
840 ; 19 ; 261 ; 1 ; [0.32716929455661814] ; [0.54810479597494832]
840 ; 19 ; 261 ; 3 ; [0.51276294753541884] ; [1.3007091754748485]
840 ; 19 ; 262 ; 0 ; [-0.0085330623039727056] ; [0.29781164426100898]
840 ; 19 ; 263 ; 0 ; [0.46623524823453422] ; [0.37874041165009642]
840 ; 19 ; 263 ; 2 ; [0.070123113101437651] ; [0.97692676649489629]
840 ; 19 ; 263 ; 4 ; [0.28881220919278977] ; [-0.015713491955115386]
840 ; 19 ; 264 ; 0 ; [0.1922638262257178] ; [0.5424518444196752]
840 ; 19 ; 265 ; 0 ; [0.51340889281642521] ; [0.89785425919092521]
840 ; 19 ; 265 ; 1 ; [0.82436564271930202] ; [0.36831600303205247]
840 ; 19 ; 265 ; 2 ; [0.10640667466100094] ; [0.5547327831228096]
840 ; 19 ; 265 ; 5 ; [0.45553275779368207] ; [0.36882014978522826]
840 ; 19 ; 267 ; 0 ; [0.59113069636864524] ; [-0.011715632063710887]
840 ; 19 ; 267 ; 3 ; [2.4732985781860055] ; [1.1215909695203208]
840 ; 19 ; 267 ; 4 ; [-0.009840141578133078] ; [1.3218496388069796]
840 ; 19 ; 267 ; 6 ; [7.7615099292730703] ; [2.6478214528054065]
840 ; 19 ; 267 ; 9 ; [1.5579178193099057] ; [1.6042688902537643]
840 ; 19 ; 267 ; 10 ; [1.6482680741225493] ; [2.5766369386343304]
840 ; 19 ; 267 ; 11 ; [0.033582398526953355] ; [1.3492244443136001]
840 ; 19 ; 268 ; 0 ; [0.31565899536691244, 0.35919571229654212, 0.4109277452412658, 0.29813668335125781] ; [0.23117554419382935, 0.34538707884508957, 0.14645666614568661, 0.15688263604816449]
840 ; 19 ; 269 ; 0 ; [0.12913837182170818, 0.32826629726427298, 0.10617190056154698] ; [0.16362051971005806, 0.44896261660280323, 0.21241545928123595]
840 ; 19 ; 269 ; 1 ; [0.383728752078494] ; [0.13230227348180307]
840 ; 19 ; 269 ; 2 ; [0.075150680770875444] ; [0.034205557884285816]
840 ; 19 ; 269 ; 3 ; [0.35366929241922851] ; [0.0019633808892699062]
840 ; 19 ; 270 ; 0 ; [0.16515224425920591, 0.16253355406837144, 0.46902264554654371] ; [0.36953475422218962, 0.17078775961803855, 0.12456802837181771]
840 ; 19 ; 270 ; 1 ; [0.0059386492657593831] ; [0.47603704339486896]
840 ; 19 ; 270 ; 2 ; [0.68457517303735838] ; [0.068815982284933366]
840 ; 19 ; 271 ; 0 ; [0.34324703355650255, 0.22435794175030921, 0.10171902242260368] ; [0.24951435004610528, 0.24613212414940769, 0.090374931365791208]
840 ; 19 ; 272 ; 0 ; [0.14325340251338126, 0.32563089451899185, 0.16354988238108809] ; [0.37729424648345167, 0.63564774902932075, 0.44090385278801619]
840 ; 19 ; 272 ; 1 ; [0.21164802700645305] ; [0.17476015075941997]
840 ; 19 ; 272 ; 2 ; [2.7015934597528259] ; [0.04419660528719644]
840 ; 19 ; 272 ; 3 ; [0.094133613268240282] ; [0.31321594065115654]
840 ; 19 ; 273 ; 0 ; [0.11652403914697577, 0.14517464149676895, 0.13468007524961109, 0.18540019627810544] ; [0.1447225914237957, 0.23362967857745923, 0.30471203261912111, 0.36397527918253519]
840 ; 19 ; 273 ; 1 ; [0.016776532404474288] ; [0.015196450533489418]
840 ; 19 ; 275 ; 0 ; [0.086562435420990555, 0.13525549012936691, 0.041705530416016663, -0.036246271700501799] ; [0.18772991582039705, 0.25963076020693637, 0.18917996789503133, 0.078809224302077999]
840 ; 19 ; 276 ; 0 ; [0.70581144557440323, 0.28306177304131469] ; [0.34843072432267114, 0.24779846316793533]
840 ; 19 ; 276 ; 1 ; [1.5473672760433175] ; [0.33117817450340742]
840 ; 19 ; 276 ; 2 ; [0.53394717859571617] ; [0.40805231217448507]
840 ; 19 ; 276 ; 9 ; [0.8542501427258764] ; [0.13360662573820187]
840 ; 19 ; 277 ; 3 ; [0.41023253815783817] ; [0.75419605100831311]
840 ; 19 ; 277 ; 4 ; [0.47825270660038682] ; [1.6285844811031625]
840 ; 19 ; 277 ; 6 ; [0.33779005589516564] ; [0.98680270290914385]
840 ; 19 ; 278 ; 0 ; [0.74368399237579197] ; [0.39930530441128009]
840 ; 19 ; 278 ; 1 ; [0.57192540442549866] ; [0.28772030307800239]
840 ; 19 ; 278 ; 7 ; [4.2063306166790344] ; [1.2358890493155557]
840 ; 19 ; 279 ; 0 ; [0.3661566870896189] ; [0.098697343328188913]
840 ; 19 ; 279 ; 1 ; [0.74813868876569456] ; [0.35971062290381034]
840 ; 19 ; 279 ; 2 ; [0.96758649773475103] ; [0.30974629311605562]
840 ; 19 ; 279 ; 10 ; [0.25695389641861138] ; [0.033752936333528556]
840 ; 19 ; 280 ; 0 ; [0.034813397344127417, 0.028433986790604094, 0.16035024856314739, 0.027087612641086625, 0.064850528319001691] ; [0.20565307707084243, 0.10085368737832404, 0.24362291064714564, 0.11528961901120083, 0.088363309408902177]
840 ; 19 ; 282 ; 0 ; [1.348269633367055, 0.55036348016745917] ; [0.01904230502658228, 0.10462995284899056]
840 ; 19 ; 282 ; 1 ; [0.13412883741242929] ; [0.78651500739243052]
840 ; 19 ; 282 ; 2 ; [0.055963193357391389] ; [0.093634291884613488]
840 ; 19 ; 282 ; 3 ; [0.28136164509305311] ; [0.7242917673129855]
840 ; 19 ; 282 ; 4 ; [0.35499674368782569] ; [0.48710479298778497]
840 ; 19 ; 282 ; 5 ; [0.02347283684475087] ; [1.1710112325987057]
840 ; 19 ; 282 ; 6 ; [0.033951109463134649] ; [1.7533165030220377]
840 ; 19 ; 283 ; 0 ; [0.11465552870538123, 0.1870106462672943, 0.10135976050209163] ; [0.39698006026806487, 0.48070198724090479, 0.25449103350356583]
840 ; 19 ; 284 ; 1 ; [1.8188083832969248] ; [0.52696018508728848]
840 ; 19 ; 284 ; 3 ; [0.68960862715020721] ; [0.47050194365863396]
840 ; 19 ; 285 ; 0 ; [1.7919611549130874] ; [0.8525928653356134]
840 ; 19 ; 285 ; 5 ; [0.14718558711931978] ; [0.22957438445176492]
840 ; 19 ; 286 ; 0 ; [0.061483698631105456, 0.093741862268219484, -0.0072254405119000784] ; [0.20746888683015033, 0.22177524021947931, 0.027441855627704476]
840 ; 19 ; 287 ; 0 ; [0.23682628618396251, 0.24864534299963764] ; [0.44005308166148055, 0.1591782323838411]
840 ; 19 ; 288 ; 0 ; [0.12853109793402276] ; [0.40279715633008495]
840 ; 19 ; 289 ; 0 ; [0.01018452715141486, 0.026024877262417055, 0.13351672847221266, 0.011732770953453485] ; [0.16028431907707669, 0.198951182698718, 0.3770381994940819, 0.090277952929990968]
840 ; 19 ; 289 ; 1 ; [0.12062092885422168] ; [-0.030485665112613001]
840 ; 19 ; 290 ; 0 ; [0.18827107896094847] ; [0.45351705708582762]
840 ; 19 ; 290 ; 1 ; [0.25145747395097173] ; [0.34023679113579669]
840 ; 19 ; 290 ; 3 ; [0.004321057537218947] ; [0.17398839345841519]
840 ; 19 ; 291 ; 0 ; [0.035999396863601908, 0.10283608837540387, 0.016431607415088804, 0.071019019457266269] ; [0.33659361409959132, 0.19428387841287192, 0.16200528689157404, 0.0078581428925778209]
840 ; 19 ; 292 ; 0 ; [1.5843891513148449] ; [1.4179339286565225]
840 ; 19 ; 292 ; 1 ; [0.50119469418479023] ; [1.0506216091725189]
840 ; 19 ; 292 ; 2 ; [0.83298363858679469] ; [0.67400447247660256]
840 ; 19 ; 292 ; 5 ; [1.7884090552588821] ; [2.7536163017161814]
840 ; 19 ; 292 ; 8 ; [0.67928464863486127] ; [0.39258021928655495]
840 ; 19 ; 293 ; 0 ; [0.23999553595404186] ; [1.0033110850832074]
840 ; 19 ; 293 ; 1 ; [1.5562328468897308] ; [2.0633329415715731]
840 ; 19 ; 293 ; 2 ; [0.60117842408645961] ; [1.2575537146210918]
840 ; 19 ; 293 ; 3 ; [1.3421528411320507] ; [0.94876881224918541]
840 ; 19 ; 293 ; 5 ; [2.2420339384487282] ; [0.23315862859356096]
840 ; 19 ; 293 ; 6 ; [2.3134479807103898] ; [0.47924657387920483]
840 ; 19 ; 293 ; 7 ; [2.0890729754109909] ; [0.70717998196562049]
840 ; 19 ; 293 ; 9 ; [0.95121258490963945] ; [1.1718964284418489]
840 ; 19 ; 293 ; 10 ; [2.0081707869516938] ; [0.47380159424448404]
840 ; 19 ; 293 ; 25 ; [2.3245909319332103] ; [1.1833754520681861]
840 ; 19 ; 293 ; 29 ; [1.6864257176712594] ; [11.976732716417301]
840 ; 19 ; 293 ; 30 ; [1.2024016839588485] ; [1.7511823343335906]
840 ; 19 ; 293 ; 31 ; [1.9054096446001803] ; [2.5160558861372477]
840 ; 19 ; 293 ; 32 ; [1.7093541175665463] ; [0.0096012418148079433]
840 ; 19 ; 293 ; 35 ; [1.6303238708661227] ; [0.88284323227928907]
840 ; 19 ; 293 ; 36 ; [2.7980619060813661] ; [1.020174305754006]
840 ; 19 ; 293 ; 37 ; [1.6801246656831141] ; [1.9471775544993888]
840 ; 19 ; 293 ; 38 ; [0.89054812580263309] ; [1.967332028274047]
840 ; 19 ; 293 ; 39 ; [1.2100125085161657] ; [1.1691648664488756]
840 ; 19 ; 293 ; 40 ; [1.6152877100751573] ; [1.0967906632844551]
840 ; 19 ; 293 ; 41 ; [1.2408007872871973] ; [0.75879099099819891]
840 ; 19 ; 293 ; 43 ; [1.060216083983019] ; [1.662782938255454]
840 ; 19 ; 293 ; 45 ; [1.7729328367574728] ; [3.2639953637422021]
840 ; 19 ; 293 ; 46 ; [1.5584308966639664] ; [1.6810409639095043]
840 ; 19 ; 293 ; 47 ; [1.5756945453615228] ; [0.080969293344440418]
840 ; 19 ; 293 ; 48 ; [3.1127117362178773] ; [1.794048411295549]
840 ; 19 ; 293 ; 51 ; [1.4514835031035873] ; [2.0124878551576573]
840 ; 19 ; 293 ; 53 ; [1.5811257176265865] ; [3.5329020736131764]
840 ; 19 ; 293 ; 54 ; [1.7202429453590171] ; [1.5531084843754686]
840 ; 19 ; 293 ; 57 ; [3.8896698030061518] ; [4.9328395670332847]
840 ; 19 ; 293 ; 58 ; [1.3583624169140336] ; [2.4471690134509196]
840 ; 19 ; 293 ; 60 ; [3.4624493762256225] ; [0.97132280212048494]
840 ; 19 ; 293 ; 62 ; [1.0734055990695994] ; [0.27635517346744748]
840 ; 19 ; 293 ; 69 ; [1.9451409180878168] ; [0.7229856122975572]
840 ; 19 ; 293 ; 70 ; [3.3094000625741855] ; [1.3979500345220652]
840 ; 19 ; 293 ; 71 ; [2.8764241073849384] ; [0.15010359546785487]
840 ; 19 ; 293 ; 72 ; [1.4867575291019293] ; [0.23224345451176379]
840 ; 19 ; 294 ; 0 ; [0.21549230438675152] ; [0.27343095015039659]
840 ; 19 ; 294 ; 4 ; [0.91894302351339086] ; [1.0339785835603319]
840 ; 19 ; 294 ; 6 ; [1.2671772677852087] ; [0.70818812291891831]
840 ; 19 ; 295 ; 0 ; [0.00092613526944148824, 0.10538851604498357] ; [0.23388549431939865, 0.2687536017985121]
840 ; 19 ; 296 ; 0 ; [0.32236198148340739] ; [0.1690206685032169]
840 ; 19 ; 297 ; 0 ; [0.41353575343658433] ; [0.71300241472573911]
840 ; 19 ; 297 ; 2 ; [0.72446948559608304] ; [2.384829635475477]
840 ; 19 ; 297 ; 9 ; [1.6876117008598313] ; [1.4105642520606294]
840 ; 19 ; 298 ; 0 ; [0.33035962782888512, 0.14324412995644353, 0.2244668469190246, 0.10000053178134126] ; [0.18257748787802244, 0.14926715678666963, 0.27502698399682457, 0.22949926511678986]
840 ; 19 ; 299 ; 4 ; [1.1038472727029338] ; [1.8395942278415538]
840 ; 19 ; 299 ; 5 ; [0.093205513025896636] ; [1.5808560700682632]
840 ; 19 ; 299 ; 8 ; [2.7250433924366892] ; [4.1514985599996157]
840 ; 19 ; 299 ; 9 ; [12.500132000317416] ; [0.69088034022557365]
840 ; 19 ; 300 ; 0 ; [1.0264678173434361] ; [0.54134287906408463]
840 ; 19 ; 300 ; 3 ; [0.39194228780089718] ; [0.80552700210035055]
840 ; 19 ; 300 ; 4 ; [0.84879357055505178] ; [1.0382012679834944]
840 ; 19 ; 300 ; 7 ; [0.66175202137226419] ; [0.24195962830207582]
840 ; 19 ; 301 ; 0 ; [0.28760727482361986, 0.057736428899963124] ; [0.24069053542275159, 0.085024906044936899]
840 ; 19 ; 301 ; 1 ; [0.15096509049754783, 0.148164980574334] ; [0.21409776244368803, 0.21482057273008637]
840 ; 19 ; 302 ; 0 ; [0.60375170034827985] ; [2.3584769900789135]
840 ; 19 ; 302 ; 1 ; [1.0592795191231255, -0.00017813797352917866] ; [1.0590956317602351, 1.2849764920633078]
840 ; 19 ; 302 ; 3 ; [1.6360435624869376] ; [0.57031355737951017]
840 ; 19 ; 302 ; 4 ; [1.7202184233239204] ; [0.61888521708202215]
840 ; 19 ; 302 ; 5 ; [1.318843750183331] ; [1.2866211101643183]
840 ; 19 ; 303 ; 1 ; [0.32326721784469875] ; [0.50797031067936638]
840 ; 19 ; 304 ; 0 ; [0.17901259087429325, 0.22299912743421316, 0.17106354908672525, 0.023423141312875626] ; [0.19219061373915042, 0.17405294673410265, 0.18073916465857667, 0.25381165587914489]
840 ; 19 ; 305 ; 4 ; [1.4388092844245501] ; [1.39484306207672]
840 ; 19 ; 306 ; 0 ; [0.251530959396849, 0.48114814556164615, 0.16223000309161451] ; [0.31471446152155069, 1.2230103980847176, 0.34062532895941472]
840 ; 19 ; 306 ; 1 ; [0.68053198219109445] ; [0.023874732295431304]
840 ; 19 ; 307 ; 0 ; [0.19460620973180945, 0.020179151761408595] ; [0.17094262735083082, 0.060907692039048326]
840 ; 19 ; 308 ; 0 ; [0.0210312696869451, 0.0450925148199963, 0.2347272923044845, 0.07091851782698104] ; [0.16776877544412724, 0.17995065723973855, 0.17215597825313644, 0.29812956087196779]
840 ; 19 ; 309 ; 0 ; [0.29888520853087436] ; [0.2652515391493549]
840 ; 19 ; 310 ; 0 ; [-0.017758770236252122, -0.0066841626621433111, 0.12828470041638712, -0.017808501769277358] ; [0.28345815659424406, 0.26449465548089623, 0.19078905575366306, 0.48901766761091936]
840 ; 19 ; 310 ; 1 ; [0.07988143015285859] ; [0.024588537127145337]
840 ; 19 ; 311 ; 12 ; [0.022610837327896417] ; [2.7135194451936879]
840 ; 19 ; 311 ; 13 ; [2.5721924124915789] ; [1.8408409262708261]
840 ; 19 ; 311 ; 14 ; [0.021278158314496077] ; [1.4560554242384158]
840 ; 19 ; 311 ; 15 ; [2.9526538296595461] ; [0.54961736923511673]
840 ; 19 ; 311 ; 18 ; [2.3993662291248659] ; [1.1680468477992494]
840 ; 19 ; 312 ; 0 ; [0.33279461428887591] ; [0.1246480227753595]
840 ; 19 ; 312 ; 1 ; [0.6631584669263324] ; [0.48851193804884047]
840 ; 19 ; 312 ; 2 ; [0.092350944684664288] ; [0.20489906864320687]
840 ; 19 ; 312 ; 3 ; [0.17959344313016648] ; [0.18609103374785368]
840 ; 19 ; 313 ; 0 ; [0.66162624917852653, 0.67878738676970352] ; [0.82971460013712983, 1.036738991939079]
840 ; 19 ; 313 ; 1 ; [0.60183837016924246] ; [0.0085039501993814035]
840 ; 19 ; 313 ; 2 ; [0.56309170562567379, 0.5579586115215992] ; [1.0540420503372927, 0.42321039392394139]
840 ; 19 ; 314 ; 0 ; [0.8151714057600904] ; [0.042526848744157679]
840 ; 19 ; 314 ; 1 ; [1.4121540203693563] ; [1.9141654197630646]
840 ; 19 ; 314 ; 3 ; [-0.038207761662498167] ; [1.7897210680077671]
840 ; 19 ; 314 ; 5 ; [2.7242642936578472] ; [1.5771248201624393]
840 ; 19 ; 314 ; 6 ; [0.064538848494790246] ; [1.1958515805520078]
840 ; 19 ; 315 ; 0 ; [0.18995046335682364] ; [0.011856819060075581]
840 ; 19 ; 315 ; 2 ; [0.27227716849469291] ; [0.061278658713164375]
840 ; 19 ; 315 ; 4 ; [0.0055969507139933729] ; [0.011819445000674986]
840 ; 19 ; 316 ; 0 ; [0.61020727654017115] ; [0.39963398573465975]
840 ; 19 ; 316 ; 1 ; [0.50341749925861201] ; [0.079278518590126482]
840 ; 19 ; 316 ; 3 ; [0.90734869652489203] ; [1.0484468701902856]
840 ; 19 ; 316 ; 7 ; [3.5956224788414333] ; [0.18889097503098423]
840 ; 19 ; 316 ; 8 ; [2.8806924285944908] ; [0.96268630172224789]
840 ; 19 ; 316 ; 10 ; [3.8066560394521729] ; [2.7489784124046399]
840 ; 19 ; 316 ; 11 ; [2.2647623000734214] ; [1.0674637619611329]
840 ; 19 ; 316 ; 14 ; [1.4175368882577115] ; [1.6161345087053993]
840 ; 19 ; 317 ; 0 ; [0.11827729697244851] ; [0.70902237950715297]
840 ; 19 ; 317 ; 1 ; [0.39046492756069179] ; [0.77091406680383801]
840 ; 19 ; 318 ; 2 ; [0.30883230960368568] ; [5.8248457941442604]
840 ; 19 ; 318 ; 3 ; [5.8238230935544859] ; [5.8763864390381615]
840 ; 19 ; 319 ; 1 ; [0.23677771497181893, 0.20560780655466696, 0.46740559672256365, 0.40831833349342633, 0.098718639610143627] ; [0.1497083950882134, 0.13036171033080207, 0.34709948500797189, 0.43258854244042111, 0.077718083507416116]
840 ; 19 ; 320 ; 0 ; [0.17530358219413056, 0.17561780848678002, 0.089777912990584852] ; [0.24627304409551895, 0.19951141686138071, 0.12601733339876944]
840 ; 19 ; 321 ; 3 ; [0.65868120402465113] ; [0.39578777028679657]
840 ; 19 ; 321 ; 7 ; [2.0514243275161275] ; [1.1926673871915709]
840 ; 19 ; 322 ; 0 ; [0.38474561779811567, 0.12492829938724417] ; [0.33207506301636275, 0.05901612302471531]
840 ; 19 ; 322 ; 1 ; [0.0088382544482914702] ; [-0.17704368495570441]
840 ; 19 ; 323 ; 0 ; [0.28706431247738068] ; [0.17693562743943028]
840 ; 19 ; 323 ; 1 ; [0.47903941209254697, 0.30975855420087905, 0.31520351101901989, 0.20573804246462019, 0.19166937016973917] ; [0.22403250673432837, 0.26648911108580903, 0.27201869162933479, 0.27946026770762772, 0.17917412893214768]
840 ; 19 ; 324 ; 0 ; [0.17922583765012085] ; [0.68357428635386419]
840 ; 19 ; 324 ; 1 ; [0.91361205567428649] ; [0.34980138636730257]
840 ; 19 ; 324 ; 2 ; [0.24173611481267579] ; [0.05567184691043861]
840 ; 19 ; 324 ; 3 ; [0.2763492001238117] ; [0.010590440253156383]
840 ; 19 ; 324 ; 6 ; [0.74484366200138974] ; [0.10979812841944256]
840 ; 19 ; 324 ; 8 ; [1.6202614943435001] ; [0.2838066272361312]
840 ; 19 ; 324 ; 9 ; [0.60290472076650758] ; [0.053907951722622971]
840 ; 19 ; 326 ; 0 ; [0.39764061338314882] ; [0.052368499121153753]
840 ; 19 ; 326 ; 1 ; [0.74489882949676689] ; [0.13351189915841855]
840 ; 19 ; 326 ; 2 ; [0.64074837094058501] ; [0.17479182135992169]
840 ; 19 ; 326 ; 5 ; [3.0208254211680932] ; [2.3414542736213004]
840 ; 19 ; 327 ; 0 ; [0.37766317531440891] ; [0.015019518206482124]
840 ; 19 ; 327 ; 1 ; [0.90153560963919743] ; [0.58066645766023695]
840 ; 19 ; 327 ; 3 ; [1.0725827697932471] ; [0.67328635875001219]
840 ; 19 ; 327 ; 4 ; [0.22304964237013039] ; [1.0751773441672099]
840 ; 19 ; 327 ; 8 ; [0.48075906395773271] ; [0.1218839014280173]
840 ; 19 ; 327 ; 12 ; [0.24815366393968141] ; [3.4206733013162385]
840 ; 19 ; 327 ; 13 ; [0.31409449416840701] ; [0.78140144227501018]
840 ; 19 ; 327 ; 16 ; [1.0386414823318093] ; [1.6870604005345431]
840 ; 19 ; 327 ; 17 ; [2.4795152321204683] ; [5.9585504415069757]
840 ; 19 ; 327 ; 21 ; [0.32854264309772502] ; [2.0911812855291525]
840 ; 19 ; 327 ; 28 ; [2.1410156741492261] ; [1.9479734242828568]
840 ; 19 ; 327 ; 31 ; [1.0847180616036303] ; [0.84451942546223591]
840 ; 19 ; 327 ; 35 ; [0.26337463722211385] ; [0.48527670702952552]
840 ; 19 ; 329 ; 0 ; [0.016885723427866497, -0.0055378203748130579, 0.0039282108617805711] ; [0.22235064770286, 0.17383956783669738, 0.19451073995642731]
840 ; 19 ; 330 ; 0 ; [0.90432359849385013] ; [1.9369956323115818]
840 ; 19 ; 330 ; 1 ; [0.37390228926520613] ; [0.33255609143222148]
840 ; 19 ; 330 ; 2 ; [0.28179517528046782] ; [2.1126339259482316]
840 ; 19 ; 330 ; 4 ; [0.97293282067175946] ; [0.99800370638286995]
840 ; 19 ; 330 ; 5 ; [0.5345538061702404] ; [1.094125843200159]
840 ; 19 ; 330 ; 11 ; [0.065973186476370183] ; [0.97322606930768851]
840 ; 19 ; 331 ; 0 ; [-0.019185759933971761] ; [0.223877180501102]
840 ; 19 ; 331 ; 1 ; [0.19782413601443261] ; [0.36636060826995326]
840 ; 19 ; 332 ; 0 ; [0.17737760401887098] ; [0.54713930072568406]
840 ; 19 ; 333 ; 0 ; [0.23139017875920839] ; [0.11843920259522361]
840 ; 19 ; 333 ; 1 ; [0.085592568256566318] ; [0.7284198748839471]
840 ; 19 ; 333 ; 3 ; [0.082063019019718964] ; [-0.00010758048112502985]
840 ; 19 ; 333 ; 4 ; [0.12319644230126174] ; [0.1304898226039366]
840 ; 19 ; 334 ; 0 ; [0.31855065189382259] ; [0.2935006735400727]
840 ; 19 ; 334 ; 1 ; [0.74908032288581983] ; [0.94681333751675867]
840 ; 19 ; 334 ; 3 ; [0.57172172536824017] ; [0.88320169120520975]
840 ; 19 ; 334 ; 4 ; [3.3929141096532378] ; [0.49516728082899208]