# Run ; Subrun ; Event ; Track ; Charge Ratios View 0 ; Charge Ratios View 1 #
840 ; 13 ; 0 ; 0 ; [0.049824467613205664, 0.017124436091867291, 0.046843889923319289] ; [0.25416856976661867, 0.14124155688234427, 0.01261185844178009]
840 ; 13 ; 1 ; 0 ; [0.33405793698637637] ; [0.21340156860382847]
840 ; 13 ; 1 ; 7 ; [0.70911166409155302] ; [0.43199027263331646]
840 ; 13 ; 2 ; 0 ; [0.13609519212908799] ; [0.11213216246956507]
840 ; 13 ; 2 ; 1 ; [0.025827320850608453] ; [0.29798483306645246]
840 ; 13 ; 3 ; 0 ; [-0.0064980117998932833, 0.0014827468969423857, 0.22701598938688422] ; [0.15764492733971111, 0.30958654926819223, 0.16197110194955161]
840 ; 13 ; 4 ; 2 ; [2.2833955174237008] ; [1.4083226108166431]
840 ; 13 ; 5 ; 0 ; [0.84590462062723804] ; [0.39933080315167785]
840 ; 13 ; 5 ; 1 ; [0.74087758011008364] ; [1.2270470289757101]
840 ; 13 ; 5 ; 2 ; [0.78869355185280865] ; [0.065617663835254442]
840 ; 13 ; 5 ; 3 ; [0.44778942150988676] ; [0.18189193314092586]
840 ; 13 ; 5 ; 5 ; [0.83691913331145917] ; [0.42163126160292991]
840 ; 13 ; 5 ; 6 ; [1.1189500481176706] ; [1.9749364015982567]
840 ; 13 ; 5 ; 7 ; [0.78501972643438112] ; [1.3619822836431728]
840 ; 13 ; 5 ; 9 ; [1.084930034185823] ; [0.37031264897417532]
840 ; 13 ; 6 ; 0 ; [1.2237581014008276] ; [0.39615201641267739]
840 ; 13 ; 6 ; 1 ; [0.40651711371698335] ; [0.05063290728974796]
840 ; 13 ; 6 ; 2 ; [0.94459085102894347] ; [2.3159141196015893]
840 ; 13 ; 6 ; 3 ; [0.45106037660467407] ; [2.1186141234041393]
840 ; 13 ; 6 ; 4 ; [2.2419929189554044] ; [3.402638723009205]
840 ; 13 ; 7 ; 1 ; [0.57010911370630724] ; [0.98980681805625592]
840 ; 13 ; 7 ; 2 ; [1.3641585399066372] ; [1.2371975382474558]
840 ; 13 ; 7 ; 3 ; [0.65564822080151464] ; [0.86537403893812104]
840 ; 13 ; 7 ; 4 ; [0.72139511600227801] ; [0.1632002578765826]
840 ; 13 ; 7 ; 5 ; [1.1752430325151868] ; [1.2057515748354888]
840 ; 13 ; 7 ; 14 ; [0.74829484908298738] ; [0.48628929662389797]
840 ; 13 ; 7 ; 18 ; [0.056301922031421668] ; [-0.024309762129472896]
840 ; 13 ; 8 ; 0 ; [0.73313800573805299, 0.15417018512144062] ; [1.3268922590252294, 0.087844308359924461]
840 ; 13 ; 8 ; 2 ; [0.25038246840475248] ; [0.2670730269315969]
840 ; 13 ; 9 ; 0 ; [0.1308904715120919, 0.11557750862338019, 0.24989547771237869, 0.23338775400843734] ; [0.17708152031087251, 0.19109498554392113, 0.44494770350491586, 0.27757416224619319]
840 ; 13 ; 9 ; 2 ; [0.74227160748734744] ; [-0.0039093148553427746]
840 ; 13 ; 10 ; 0 ; [0.078123302372700293] ; [0.19455695530144629]
840 ; 13 ; 11 ; 0 ; [1.1710590996868728, 0.17466730590608331, 0.22785691703628441, 1.0936086482528045] ; [0.5719047230663411, 0.3331541696964781, 0.31700529910359959, 0.0055983452056963395]
840 ; 13 ; 12 ; 1 ; [1.3821708164461561] ; [0.0038295787142020956]
840 ; 13 ; 12 ; 8 ; [0.34782746743248677] ; [0.45612487661333712]
840 ; 13 ; 13 ; 0 ; [0.17145791785722844, 0.095474467303952898, 0.13558367638055566, 0.76769291461250144] ; [0.23968730425890769, 0.23380425534209021, 0.2127628222638196, 0.2289129205584019]
840 ; 13 ; 15 ; 0 ; [1.2661960447615681] ; [0.10259248945502429]
840 ; 13 ; 15 ; 2 ; [0.28926899807980244] ; [0.057761096097486669]
840 ; 13 ; 15 ; 10 ; [1.973263558834947] ; [1.9286872011634917]
840 ; 13 ; 15 ; 11 ; [1.9431076788104205] ; [2.6553573653113722]
840 ; 13 ; 15 ; 18 ; [2.3112607991483016] ; [1.6293961778923207]
840 ; 13 ; 16 ; 0 ; [0.26189795031091195] ; [0.29550011780484259]
840 ; 13 ; 16 ; 1 ; [0.18117332298359995] ; [0.46566994656996685]
840 ; 13 ; 16 ; 8 ; [0.52723580120109703] ; [0.070343015900992387]
840 ; 13 ; 17 ; 0 ; [0.0070624345388298395, -0.0040486695933512305, 0.0074473494309032773] ; [0.13979548602956116, 0.1914822426369984, 0.23973178154854308]
840 ; 13 ; 18 ; 0 ; [0.94178620545280023] ; [0.11378556436856212]
840 ; 13 ; 18 ; 2 ; [1.3104735374722634] ; [1.1268554956346131]
840 ; 13 ; 18 ; 3 ; [0.30833978962067005] ; [0.38727533238467182]
840 ; 13 ; 18 ; 4 ; [1.0685122029648759] ; [0.38377611360310843]
840 ; 13 ; 18 ; 8 ; [2.7730630695018705] ; [0.74103793914142357]
840 ; 13 ; 18 ; 16 ; [0.27108966440400817] ; [0.85866228797097355]
840 ; 13 ; 19 ; 0 ; [0.43438576718855193] ; [0.34667969179083913]
840 ; 13 ; 19 ; 1 ; [0.18266152554110018] ; [0.55220495442567497]
840 ; 13 ; 19 ; 7 ; [1.9133072468860728] ; [3.0669443432878825]
840 ; 13 ; 20 ; 0 ; [0.15162927299799411] ; [0.10687321974002735]
840 ; 13 ; 21 ; 0 ; [0.21874989725315255] ; [0.027133251733210788]
840 ; 13 ; 22 ; 0 ; [1.5471527603426554] ; [0.14914914315107999]
840 ; 13 ; 22 ; 2 ; [0.0063686577369978584] ; [0.039842178712601255]
840 ; 13 ; 22 ; 7 ; [0.18435591812350299] ; [-0.024853506652746046]
840 ; 13 ; 23 ; 0 ; [0.12190322221476903, 0.19951026298684457, 0.033072360882874324] ; [0.26136980124225384, 0.22239787420710649, 0.070414275291540804]
840 ; 13 ; 24 ; 1 ; [0.34731155719644652] ; [0.032161985669278075]
840 ; 13 ; 24 ; 5 ; [1.8345574298824292] ; [1.2813030280010127]
840 ; 13 ; 24 ; 6 ; [1.3926794745730005] ; [0.73427913817584201]
840 ; 13 ; 24 ; 7 ; [0.20410647797603768] ; [0.090159011091605623]
840 ; 13 ; 24 ; 8 ; [0.73425607720986541] ; [0.60000783134141844]
840 ; 13 ; 25 ; 9 ; [0.17736536327240976] ; [0.79285157960053532]
840 ; 13 ; 25 ; 11 ; [2.3417519891722329] ; [0.56333276901928708]
840 ; 13 ; 25 ; 13 ; [0.72833742638483345] ; [0.031706369132472698]
840 ; 13 ; 25 ; 14 ; [1.4882405152758651] ; [3.2695601925142928]
840 ; 13 ; 25 ; 15 ; [0.6452472211584861] ; [1.5038518212857297]
840 ; 13 ; 25 ; 23 ; [0.29425609267521124] ; [0.31360266140771703]
840 ; 13 ; 25 ; 24 ; [0.270169558887281] ; [0.98440708430740098]
840 ; 13 ; 26 ; 0 ; [0.64297987306886561] ; [0.63997948722558584]
840 ; 13 ; 26 ; 1 ; [0.87388397358353953] ; [0.2755899477737373]
840 ; 13 ; 26 ; 3 ; [0.66244302517094522] ; [1.4627306023770448]
840 ; 13 ; 26 ; 4 ; [0.66015539090594155] ; [0.32899935790820078]
840 ; 13 ; 26 ; 9 ; [0.38310518874159] ; [1.7665334791842917]
840 ; 13 ; 26 ; 11 ; [0.46178110265946437] ; [0.035329123787998795]
840 ; 13 ; 26 ; 14 ; [1.955171513373809] ; [1.9897629349310968]
840 ; 13 ; 26 ; 15 ; [2.1611702718999739] ; [1.7846921591937102]
840 ; 13 ; 26 ; 16 ; [0.37634690966070788] ; [1.13608600197653]
840 ; 13 ; 26 ; 26 ; [2.7110360613352924] ; [1.5139158384746563]
840 ; 13 ; 26 ; 28 ; [1.1752866327893123] ; [0.87257066732325472]
840 ; 13 ; 27 ; 1 ; [0.85357866661919457] ; [1.4960107529287956]
840 ; 13 ; 27 ; 2 ; [0.89010543036528667] ; [0.0057034162152201943]
840 ; 13 ; 27 ; 4 ; [1.7970112561137157] ; [2.0107568649469645]
840 ; 13 ; 28 ; 0 ; [0.17468811172670209, 0.15184795467126322] ; [0.18086273656367469, 0.21833439443736322]
840 ; 13 ; 28 ; 1 ; [0.0955634843324768] ; [-0.0040249143195141184]
840 ; 13 ; 29 ; 0 ; [0.52719271101309395] ; [0.28905348007962151]
840 ; 13 ; 29 ; 1 ; [-0.039175531679098131] ; [0.021549740407663102]
840 ; 13 ; 30 ; 4 ; [0.57228544544748572] ; [0.12724703101437965]
840 ; 13 ; 30 ; 9 ; [1.0392059196281778] ; [0.72322811175354373]
840 ; 13 ; 30 ; 12 ; [0.49115472974418545] ; [1.1993858502136634]
840 ; 13 ; 30 ; 13 ; [1.0489031763737759] ; [0.41214878438226016]
840 ; 13 ; 30 ; 17 ; [0.37357659157103679] ; [10.368261395800221]
840 ; 13 ; 30 ; 18 ; [1.4391377198020843] ; [0.66123512053033495]
840 ; 13 ; 32 ; 2 ; [0.37242151770640142] ; [0.11552616323166749]
840 ; 13 ; 32 ; 4 ; [0.072001059958268387] ; [0.04192126737201244]
840 ; 13 ; 33 ; 0 ; [0.091396259592561938] ; [0.64123519224059311]
840 ; 13 ; 34 ; 0 ; [0.063901724436213808, 0.024780134845726744, 0.33448154826560483] ; [0.14263649504212808, 0.17493066805360719, 0.75558368157031419]
840 ; 13 ; 34 ; 1 ; [0.080909187282143066] ; [0.41163986441377715]
840 ; 13 ; 35 ; 0 ; [0.23129275852540016, 0.095895305218659757, 0.011848582098206016] ; [0.22980058606582976, 0.35433310103869198, 0.14756148436072269]
840 ; 13 ; 36 ; 0 ; [0.26545984339918605] ; [-0.0048281057755205983]
840 ; 13 ; 36 ; 3 ; [0.2115530853730567] ; [-0.0089492060734025509]
840 ; 13 ; 37 ; 0 ; [0.28836364449733626, 0.59648112854013791, 0.19675727105786484] ; [0.30739699076333354, 0.24826681016385116, 0.16610358129343142]
840 ; 13 ; 38 ; 2 ; [0.87027195847430594, 0.41181457021326578, 0.31585239530894349, 0.56871852608224738, 0.21636163451338941] ; [0.52436226537415076, 0.44088092652730276, 0.22168826151034127, 0.17875922190820154, 0.092269942668270669]
840 ; 13 ; 39 ; 0 ; [0.042732283632843884, 0.014888968553793253, 0.0056263676767124406] ; [0.22144656964222934, 0.19608823353921565, 0.11881195196709703]
840 ; 13 ; 40 ; 0 ; [0.83209445835485329] ; [3.5628952971365417]
840 ; 13 ; 40 ; 2 ; [1.5257624551072952] ; [0.84530959987978238]
840 ; 13 ; 40 ; 3 ; [0.29419279336298204] ; [0.78617503795915911]
840 ; 13 ; 40 ; 5 ; [2.2076920764456669] ; [2.0255073564724366]
840 ; 13 ; 40 ; 7 ; [1.2670552961144974] ; [0.4507691471443836]
840 ; 13 ; 40 ; 10 ; [1.606316930791559] ; [0.84012533272058942]
840 ; 13 ; 40 ; 12 ; [1.1684555401972914] ; [4.4675661657139667]
840 ; 13 ; 40 ; 19 ; [0.16170732402888499] ; [1.4952855141741181]
840 ; 13 ; 40 ; 23 ; [0.59657320188372476] ; [1.5535029220338175]
840 ; 13 ; 42 ; 0 ; [1.9052130605916817] ; [2.6906668129441389]
840 ; 13 ; 42 ; 1 ; [1.6860417503727394] ; [1.145316279662818]
840 ; 13 ; 42 ; 2 ; [1.2620324646378929] ; [1.7321632958876552]
840 ; 13 ; 42 ; 3 ; [1.8530429028896438] ; [1.4132760557818953]
840 ; 13 ; 42 ; 5 ; [2.5438145029372659] ; [2.1035894509057957]
840 ; 13 ; 42 ; 6 ; [2.1070992631854035] ; [3.111129223215364]
840 ; 13 ; 42 ; 7 ; [2.445586979698779] ; [1.366558427900185]
840 ; 13 ; 42 ; 9 ; [0.28013713518692401] ; [1.0468432417009064]
840 ; 13 ; 42 ; 11 ; [2.0513243759510398] ; [2.4266852382332935]
840 ; 13 ; 42 ; 12 ; [1.2774972150686832] ; [3.8230503819191708]
840 ; 13 ; 42 ; 14 ; [2.6415965493233764] ; [1.5358530975123557]
840 ; 13 ; 42 ; 16 ; [1.4671023237461829] ; [2.6406619398175142]
840 ; 13 ; 42 ; 17 ; [2.4464781301244725] ; [3.3638919516727928]
840 ; 13 ; 42 ; 18 ; [2.3123852902561119] ; [1.7463013934071518]
840 ; 13 ; 42 ; 19 ; [1.8347795982386941] ; [3.3649844908898325]
840 ; 13 ; 42 ; 20 ; [1.80488155140895] ; [1.95984345223265]
840 ; 13 ; 42 ; 22 ; [0.35770782631139481] ; [5.3458134048245043]
840 ; 13 ; 42 ; 24 ; [1.9635137123362785] ; [1.9293359792204652]
840 ; 13 ; 42 ; 25 ; [1.6572957785158837] ; [2.5307131903832021]
840 ; 13 ; 42 ; 26 ; [2.2014434788225072] ; [1.6555621140073826]
840 ; 13 ; 42 ; 30 ; [0.50305477297204904] ; [1.2654206276144386]
840 ; 13 ; 42 ; 34 ; [1.8675064332248852] ; [3.8970204200498384]
840 ; 13 ; 42 ; 35 ; [2.0182797182485843] ; [1.8080447278013669]
840 ; 13 ; 42 ; 36 ; [1.6339395206651659] ; [2.2763043069022966]
840 ; 13 ; 42 ; 37 ; [1.6290607587728294] ; [1.1787235962472586]
840 ; 13 ; 42 ; 43 ; [0.42701913295366645] ; [0.12297325974051333]
840 ; 13 ; 42 ; 44 ; [2.1349155119745027] ; [2.7914433320562075]
840 ; 13 ; 42 ; 45 ; [3.3221216309855377] ; [2.9989796565773066]
840 ; 13 ; 42 ; 46 ; [2.2660949215743611] ; [2.3877379882374203]
840 ; 13 ; 42 ; 48 ; [1.7057017826722893] ; [1.7837517411157582]
840 ; 13 ; 42 ; 49 ; [0.39227578018939768] ; [3.5982663327354616]
840 ; 13 ; 42 ; 55 ; [1.6693707135766238] ; [4.6272094329570379]
840 ; 13 ; 42 ; 56 ; [2.0446203597063537] ; [2.8923069533962513]
840 ; 13 ; 42 ; 57 ; [2.1434713177686886] ; [1.5712011789732285]
840 ; 13 ; 42 ; 58 ; [2.1654481628609141] ; [2.2945101595721069]
840 ; 13 ; 42 ; 59 ; [2.077749958782138] ; [1.4271731597695996]
840 ; 13 ; 42 ; 60 ; [2.83902297021262] ; [1.6326187808963135]
840 ; 13 ; 43 ; 0 ; [0.32551212125582085, 1.2458011085178373] ; [0.28870144621214877, 0.65732594927372101]
840 ; 13 ; 45 ; 0 ; [0.022828948371781947, 0.073482290214089044, 0.25892059557278096, 0.031502425488312009] ; [0.21942980898222522, 0.14857413712167836, 0.32442606687327585, 0.11578963938449721]
840 ; 13 ; 46 ; 0 ; [0.52305233173563104] ; [0.33989741856197592]
840 ; 13 ; 46 ; 1 ; [0.12299075719894936] ; [0.016330930843968292]
840 ; 13 ; 46 ; 2 ; [0.58438759948309227] ; [1.2976018068640987]
840 ; 13 ; 46 ; 5 ; [0.20267540110292653] ; [0.88035417605267252]
840 ; 13 ; 46 ; 6 ; [0.67244772564953714] ; [1.5993254254412608]
840 ; 13 ; 47 ; 0 ; [0.83212322022627694] ; [0.99823682826802129]
840 ; 13 ; 47 ; 2 ; [1.9197136779598734] ; [1.3636786917149728]
840 ; 13 ; 47 ; 9 ; [2.7653483264158858] ; [2.711702222756847]
840 ; 13 ; 48 ; 0 ; [0.068406767372037922] ; [0.1022141884161096]
840 ; 13 ; 49 ; 0 ; [2.4226266776043097] ; [0.83348995700981121]
840 ; 13 ; 49 ; 2 ; [0.60242925504573741] ; [-0.010915139980514589]
840 ; 13 ; 49 ; 4 ; [0.41347324694136484] ; [0.031743220320387018]
840 ; 13 ; 49 ; 6 ; [0.90033445426470804] ; [2.3003600825365567]
840 ; 13 ; 49 ; 8 ; [0.63978492750066263] ; [1.2504170593639155]
840 ; 13 ; 49 ; 9 ; [2.0460240588930638] ; [2.1889613765622058]
840 ; 13 ; 50 ; 0 ; [0.2291668774810256] ; [0.21016213039325338]
840 ; 13 ; 50 ; 1 ; [0.57217416927760723] ; [0.39597123007494012]
840 ; 13 ; 50 ; 2 ; [0.54626913672252253] ; [0.75111672676913011]
840 ; 13 ; 50 ; 12 ; [0.69193188480277512] ; [0.67905615291944232]
840 ; 13 ; 50 ; 17 ; [2.012885843741016] ; [0.777743976873707]
840 ; 13 ; 52 ; 0 ; [0.25479602978423505, 0.68798817386081967] ; [0.0066526659010695665, 0.0078421792462251561]
840 ; 13 ; 53 ; 0 ; [3.0388310956936677] ; [0.34284246720934419]
840 ; 13 ; 53 ; 1 ; [0.85767813022139838] ; [-0.023009689549705226]
840 ; 13 ; 53 ; 3 ; [0.0059908626304802908] ; [0.94027751560855444]
840 ; 13 ; 53 ; 6 ; [1.4470420593630202] ; [0.22826384791412416]
840 ; 13 ; 54 ; 0 ; [0.041510096505937198] ; [-0.029550394614305947]
840 ; 13 ; 54 ; 5 ; [0.33519325946069917] ; [1.269650554359814]
840 ; 13 ; 54 ; 7 ; [0.41301851081748342] ; [1.7143927256422038]
840 ; 13 ; 56 ; 1 ; [0.61462678502735679] ; [1.0150174984930451]
840 ; 13 ; 56 ; 5 ; [-0.081483158080298657] ; [0.50863735990811398]
840 ; 13 ; 56 ; 12 ; [0.42571562018624826] ; [0.52645400459936176]
840 ; 13 ; 56 ; 13 ; [-0.16329795709249292] ; [1.9966331846876095]
840 ; 13 ; 57 ; 0 ; [1.3961840294946697] ; [2.1904049910412677]
840 ; 13 ; 58 ; 0 ; [0.080411546538685111, 0.15706249982586321] ; [0.16003788192621937, 0.045688759671836568]
840 ; 13 ; 58 ; 1 ; [0.11989925986450223, 0.040006950061819903] ; [0.22861866530329047, 0.10233865889838416]
840 ; 13 ; 58 ; 5 ; [0.032085070615475858] ; [0.30690722362602024]
840 ; 13 ; 59 ; 0 ; [0.13969736557834406, 0.12448805993860518, 0.17816152849896053, 0.15348573591112993] ; [0.16801070512135391, 0.22956485967724966, 0.27570164360687571, 0.25932443911227238]
840 ; 13 ; 59 ; 1 ; [0.090402713357842418, 0.1354305911771935] ; [0.010597548983207401, 0.10521289511195196]
840 ; 13 ; 60 ; 6 ; [0.030711664978616094] ; [-0.0043318260347659674]
840 ; 13 ; 60 ; 8 ; [0.64077926469598534, 0.40051057335995671, 0.43899019041995879, 1.2439431305220596, 0.085850181945130957] ; [0.27655583819368601, 0.27879849685720781, 0.59940398979193832, 0.87866165431570797, 0.29382583221611958]
840 ; 13 ; 61 ; 0 ; [0.048813300575127484, 1.0648680078406967] ; [0.067378793110104085, 0.44445803990344468]
840 ; 13 ; 61 ; 1 ; [0.12215040400675756] ; [0.18788608543901886]
840 ; 13 ; 61 ; 4 ; [0.14784800433857614] ; [0.061217783620696041]
840 ; 13 ; 61 ; 8 ; [0.090863052707647177] ; [0.32096811643801337]
840 ; 13 ; 62 ; 0 ; [0.41687088820885621] ; [0.16892298779342046]
840 ; 13 ; 63 ; 12 ; [1.260844685079896] ; [2.434360084239251]
840 ; 13 ; 63 ; 13 ; [-0.0451174316076835] ; [2.1506119086012774]
840 ; 13 ; 63 ; 18 ; [1.451477908180985] ; [1.6865061711775831]
840 ; 13 ; 64 ; 0 ; [0.020709694833333556, 0.091006064839804029] ; [1.3659153049745678, 0.16871437351865215]
840 ; 13 ; 64 ; 1 ; [0.60592543219712058] ; [0.47968416725105906]
840 ; 13 ; 64 ; 2 ; [0.62209091005501438] ; [1.1939512405471373]
840 ; 13 ; 64 ; 3 ; [0.0086033511529576244] ; [0.090156398172031735]
840 ; 13 ; 65 ; 1 ; [0.93888709003925419] ; [0.52830655969428897]
840 ; 13 ; 66 ; 0 ; [0.059766368490820537, 0.0036828737132980132] ; [0.18361316019932108, 0.14629812805757794]
840 ; 13 ; 67 ; 0 ; [0.0043195522304983512, 0.024292608919205476] ; [0.34594661060792731, 0.27449142413082744]
840 ; 13 ; 68 ; 0 ; [0.75146903384106922] ; [0.4660808654571883]
840 ; 13 ; 69 ; 0 ; [1.4282639089173816] ; [0.39718624672997949]
840 ; 13 ; 69 ; 3 ; [0.13599574285915472] ; [0.10282343911492135]
840 ; 13 ; 69 ; 6 ; [1.647012334251112] ; [0.58488165362102029]
840 ; 13 ; 69 ; 9 ; [0.40617599893168266] ; [1.3704108228065415]
840 ; 13 ; 70 ; 0 ; [0.16661258680303828, 0.032428553709898666, 0.053738247005908797, 0.14492708099350643] ; [0.17835697903666503, 0.39360696941234552, 0.27557492072141504, 0.27101255682953856]
840 ; 13 ; 70 ; 1 ; [0.34662372065892882] ; [0.076415600048268098]
840 ; 13 ; 71 ; 0 ; [-0.026550378233647656] ; [-0.0089206765516664111]
840 ; 13 ; 72 ; 0 ; [1.6497190260000107] ; [0.38569637710750548]
840 ; 13 ; 72 ; 4 ; [1.3095780351589454] ; [0.45213660060779065]
840 ; 13 ; 72 ; 8 ; [1.436304709289657] ; [0.60151558461197829]
840 ; 13 ; 72 ; 15 ; [0.36112434530202925] ; [0.54474211826483487]
840 ; 13 ; 73 ; 0 ; [0.25364728196058478, 0.4150428476888372, 0.2873000021443794, 0.32444025182200226] ; [0.28292644402831307, 0.32833174804979548, 0.34556388903408336, 0.23071518741684569]
840 ; 13 ; 74 ; 0 ; [-0.002526873061963906, -0.0062446209449896258] ; [0.18645951486046497, 0.15714732544272977]
840 ; 13 ; 74 ; 1 ; [0.83849959858715184, 0.24261042128467625] ; [0.29592761963347169, 0.20573518949573391]
840 ; 13 ; 74 ; 2 ; [0.35943311664992716, 0.19094135874835827] ; [-0.01138919525430006, 0.011155208970883847]
840 ; 13 ; 74 ; 3 ; [0.22894628773946613] ; [-2.5615503236075032e-05]
840 ; 13 ; 74 ; 4 ; [0.55635516006952057] ; [-0.0088224783813715488]
840 ; 13 ; 75 ; 0 ; [0.30796992770254811, 0.23636403253970525] ; [0.2312239784368201, 0.17440290184851986]
840 ; 13 ; 75 ; 2 ; [0.79744600742042715] ; [-0.016781766174243935]
840 ; 13 ; 75 ; 7 ; [1.5759557801203148] ; [1.7999746106134908]
840 ; 13 ; 75 ; 12 ; [1.5103000772989499] ; [2.6893107342648999]
840 ; 13 ; 75 ; 15 ; [5.1546194843275215] ; [0.43376651587852311]
840 ; 13 ; 75 ; 17 ; [1.7523514683897219] ; [1.9901358491744712]
840 ; 13 ; 75 ; 19 ; [2.5154983846479793] ; [1.803053147666368]
840 ; 13 ; 75 ; 20 ; [1.1126636863882804] ; [1.8595540700226103]
840 ; 13 ; 76 ; 0 ; [0.61862596131810477] ; [0.34345402966259292]
840 ; 13 ; 76 ; 1 ; [0.66342543813853305] ; [0.38658869484139574]
840 ; 13 ; 76 ; 2 ; [0.49511016483782738] ; [0.030349212899933996]
840 ; 13 ; 76 ; 4 ; [0.38531637242946504, 0.3028839048605953] ; [0.60675566934370229, 0.0065875683357711793]
840 ; 13 ; 76 ; 5 ; [0.39055159568182451] ; [0.17648911788422544]
840 ; 13 ; 76 ; 11 ; [0.23843823959373359] ; [0.79946047900311423]
840 ; 13 ; 76 ; 13 ; [0.079659717529477286] ; [0.89582929670699851]
840 ; 13 ; 76 ; 15 ; [0.24482956844500969] ; [0.39898870932410879]
840 ; 13 ; 77 ; 0 ; [0.86456578414323504] ; [0.17018402553736448]
840 ; 13 ; 77 ; 4 ; [0.9507545316253474] ; [0.42636512526893999]
840 ; 13 ; 78 ; 0 ; [0.11319979605066406, 0.079535962471444135, 0.11411884190851918, 0.11229597172498818, 0.013145207241814501] ; [0.17766783983272938, 0.12830754725711643, 0.30540351191364667, 0.23768023809226319, 0.066717397857641969]
840 ; 13 ; 79 ; 0 ; [0.20651171232209725] ; [1.0682701967753381]
840 ; 13 ; 79 ; 2 ; [0.77153084481535295] ; [0.0085675129223771688]
840 ; 13 ; 79 ; 3 ; [1.0966998107085006] ; [0.84666320453912824]
840 ; 13 ; 79 ; 5 ; [0.36306406611721603] ; [1.517157839604522]
840 ; 13 ; 79 ; 8 ; [1.2159652608655152] ; [-0.01992606545231513]
840 ; 13 ; 80 ; 0 ; [0.66033063296995431, 0.37535679049743453] ; [0.70509945264712293, 0.3582638307573569]
840 ; 13 ; 80 ; 1 ; [1.708867167450477] ; [1.5849106889110443]
840 ; 13 ; 81 ; 0 ; [0.3266514372783838] ; [0.54276099262878241]
840 ; 13 ; 81 ; 1 ; [0.55979693947718356] ; [0.38069232214884952]
840 ; 13 ; 82 ; 0 ; [0.088658951850921264, 0.051051929511663707, 0.10502543366611829] ; [0.21852335089529232, 0.17749395171077764, 0.21172092666128742]
840 ; 13 ; 82 ; 2 ; [0.022055641474898208] ; [-0.013781986120483871]
840 ; 13 ; 83 ; 0 ; [0.061271381914685792, 0.05795174825712808, 0.026199657278983882] ; [0.25998904361004194, 0.17425578059979652, 0.068857169046338221]
840 ; 13 ; 84 ; 0 ; [0.1365537557457378, 0.062865119644552214, 0.12595535375280975, 0.33327735085404536, 0.041419320754722634] ; [0.22514643602238105, 0.22362070779486337, 0.20030452253822792, 0.34292586428208871, 0.20455522401657095]
840 ; 13 ; 85 ; 0 ; [0.55988199755928614] ; [1.4788908364038023]
840 ; 13 ; 85 ; 7 ; [0.67373219119006833] ; [0.39877556297570332]
840 ; 13 ; 85 ; 8 ; [0.84368322094181591] ; [1.3140903307380007]
840 ; 13 ; 86 ; 0 ; [0.080750535890225489, 0.0033737313080142248, 0.068334786071521408] ; [0.2422872803077048, 0.18389738754110602, 0.2813518259889905]
840 ; 13 ; 86 ; 1 ; [0.084640990182678996] ; [0.055920874062233547]
840 ; 13 ; 88 ; 0 ; [0.54377458589455807] ; [0.036982682964912521]
840 ; 13 ; 88 ; 3 ; [0.004115513949965198, -0.0017051236016683376, 0.036073890126490114, 0.16872148747728719, 0.25504760124186215] ; [0.22826098305478879, 0.40141482274973289, 0.35430757673557423, 0.27026830946960345, 0.15365554386137467]
840 ; 13 ; 89 ; 0 ; [0.1555286534736216, 0.21700716281633028, 0.079500571195256844] ; [0.20011533990141464, 0.21607513665797792, 0.10600195289297384]
840 ; 13 ; 90 ; 3 ; [0.95838399861385681] ; [1.1172999326764321]
840 ; 13 ; 90 ; 6 ; [2.043104524518915] ; [1.628468445737113]
840 ; 13 ; 90 ; 8 ; [1.2752082477834628] ; [1.457276776492163]
840 ; 13 ; 90 ; 9 ; [0.095270564833978832] ; [1.6928407441143942]
840 ; 13 ; 90 ; 11 ; [1.3020238435757368] ; [1.8078530446962657]
840 ; 13 ; 91 ; 0 ; [0.55604255777150047] ; [1.7892559827808208]
840 ; 13 ; 91 ; 3 ; [1.3212393421824355] ; [0.31746104731233599]
840 ; 13 ; 91 ; 6 ; [1.142267169011796] ; [1.5998605601360987]
840 ; 13 ; 91 ; 7 ; [0.46289310825513286] ; [0.29988572379675305]
840 ; 13 ; 91 ; 20 ; [0.77699016966461343] ; [0.61558581030442117]
840 ; 13 ; 92 ; 0 ; [0.1238018860505643, 0.10817130442736633] ; [0.20133838312227975, 0.42581627783995046]
840 ; 13 ; 92 ; 3 ; [0.3312638070799297] ; [0.53438604130963208]
840 ; 13 ; 93 ; 0 ; [2.0688351662511493] ; [-0.021024016692135272]
840 ; 13 ; 93 ; 1 ; [1.0985095231319026] ; [0.57354906464334765]
840 ; 13 ; 93 ; 2 ; [3.1979273224051501] ; [2.2726787835744302]
840 ; 13 ; 93 ; 4 ; [0.58766697628757303] ; [1.5276265303809371]
840 ; 13 ; 93 ; 8 ; [1.9061650165279407] ; [0.50963551898569326]
840 ; 13 ; 93 ; 9 ; [1.3056536149715612] ; [0.96928738998997199]
840 ; 13 ; 94 ; 1 ; [0.03077679814198599] ; [0.035960747342994939]
840 ; 13 ; 94 ; 2 ; [0.75536878420020326] ; [0.56103474408790166]
840 ; 13 ; 94 ; 4 ; [0.31323190085290392] ; [0.74502822674142632]
840 ; 13 ; 94 ; 6 ; [0.76153930921031998] ; [1.1412386483176091]
840 ; 13 ; 94 ; 10 ; [1.1499991885226342] ; [2.4064378457449478]
840 ; 13 ; 95 ; 0 ; [0.35400520528909285] ; [0.29595069934414869]
840 ; 13 ; 96 ; 0 ; [0.85624495207284057] ; [0.78256264917384533]
840 ; 13 ; 96 ; 1 ; [-0.065104678773698132] ; [0.64376771372286989]
840 ; 13 ; 97 ; 0 ; [0.30741794151295421] ; [0.48700786428621989]
840 ; 13 ; 97 ; 1 ; [0.46962570482999522] ; [0.1276874057940833]
840 ; 13 ; 98 ; 0 ; [0.3678460509225987, 0.23654508055658161, 0.23473441484045868] ; [0.17965921684477323, 0.21611050814430091, 0.15237392274314124]
840 ; 13 ; 98 ; 1 ; [-0.30772268225985966] ; [0.37961292442747269]
840 ; 13 ; 99 ; 0 ; [0.62466918017470574] ; [0.046358136369865036]
840 ; 13 ; 99 ; 1 ; [0.54887629265214499] ; [0.31527201497294055]
840 ; 13 ; 99 ; 2 ; [0.26753402405065163] ; [0.76949869933211434]
840 ; 13 ; 99 ; 5 ; [0.37575134756008249] ; [-0.034431868159195335]
840 ; 13 ; 100 ; 0 ; [0.046598998884030324, 0.058529721059973672, 0.13845642544015513] ; [0.27909124502942784, 0.27923596508199455, 0.14115337290035357]
840 ; 13 ; 100 ; 1 ; [0.096002992171587573] ; [0.065785882878840726]
840 ; 13 ; 101 ; 0 ; [2.9831140815519142] ; [1.3971783736678267]
840 ; 13 ; 101 ; 1 ; [9.623964813691984] ; [0.24868589482138967]
840 ; 13 ; 101 ; 2 ; [2.1896530366910616] ; [5.6798479463427389]
840 ; 13 ; 101 ; 3 ; [-0.025474410212887794] ; [1.3363551499708646]
840 ; 13 ; 102 ; 0 ; [0.25309998522000104, 0.16913454434811798] ; [0.012718406237046545, 0.025626933451581298]
840 ; 13 ; 102 ; 1 ; [2.0845466405497057] ; [1.1500710842746211]
840 ; 13 ; 102 ; 2 ; [0.80677247094474303] ; [0.87573662411085484]
840 ; 13 ; 102 ; 3 ; [0.19514516319533853] ; [1.004845400620755]
840 ; 13 ; 102 ; 4 ; [2.0309386513073187] ; [0.32416281427215604]
840 ; 13 ; 102 ; 5 ; [2.2538601102378268] ; [0.46027503857271523]
840 ; 13 ; 102 ; 8 ; [0.83150532102165964] ; [0.88987538409021583]
840 ; 13 ; 102 ; 10 ; [0.79790045883492755] ; [0.55485954567964135]
840 ; 13 ; 102 ; 14 ; [2.0834358481717845] ; [2.394542964207357]
840 ; 13 ; 102 ; 15 ; [0.29619713115385427] ; [0.8169161004953106]
840 ; 13 ; 102 ; 18 ; [-0.13907894106809593] ; [3.8291389745298159]
840 ; 13 ; 102 ; 19 ; [4.6290894243237659] ; [2.1854854085868132]
840 ; 13 ; 102 ; 20 ; [2.9800367728314763] ; [0.9958829457451478]
840 ; 13 ; 104 ; 0 ; [0.1211583372587223, 0.10263556236996597, 0.16248728578756935, 0.4998832305462424, 0.039713530574796291] ; [0.1972430918008376, 0.2186131468029891, 0.21305226061267418, 0.66268772924877961, 0.20463228632378816]
840 ; 13 ; 104 ; 1 ; [0.24568144528619026] ; [0.24485447178765216]
840 ; 13 ; 104 ; 2 ; [-0.023953497039941037] ; [-0.0045316068851516981]
840 ; 13 ; 105 ; 0 ; [0.73885840667379266] ; [2.917311174583638]
840 ; 13 ; 105 ; 1 ; [0.54800710224876448] ; [0.87542497029524202]
840 ; 13 ; 105 ; 2 ; [3.9089469927005109] ; [0.99028362735159792]
840 ; 13 ; 105 ; 7 ; [1.0625843846989702] ; [2.1558302407908974]
840 ; 13 ; 105 ; 8 ; [1.8511888401795193] ; [1.3670092631366022]
840 ; 13 ; 105 ; 10 ; [0.32580548040769319] ; [1.6800635371081198]
840 ; 13 ; 105 ; 12 ; [0.75710518884155142] ; [0.45572676393084127]
840 ; 13 ; 105 ; 15 ; [1.5377844457105483] ; [1.2785564465885917]
840 ; 13 ; 105 ; 19 ; [2.1152615180460299] ; [0.80741671954392169]
840 ; 13 ; 105 ; 21 ; [1.9150394152140728] ; [1.6723475172034818]
840 ; 13 ; 105 ; 24 ; [1.3430609166670036] ; [1.6431660243383235]
840 ; 13 ; 105 ; 25 ; [0.50985123579859126] ; [0.25502505626635058]
840 ; 13 ; 105 ; 30 ; [0.81993206176448341] ; [1.8759725867404717]
840 ; 13 ; 105 ; 36 ; [2.1250699764652738] ; [1.2790422912391075]
840 ; 13 ; 105 ; 38 ; [0.97683058367755404] ; [1.7518233748998457]
840 ; 13 ; 105 ; 40 ; [0.89613099035508881] ; [0.97801500302083533]
840 ; 13 ; 105 ; 56 ; [3.1602678835102798] ; [0.36821803534947772]
840 ; 13 ; 106 ; 0 ; [0.39134716448976237, 0.22125330946774907] ; [0.18331294489972902, 0.60282521276493173]
840 ; 13 ; 106 ; 1 ; [0.036572310356245134] ; [0.16692288661035007]
840 ; 13 ; 106 ; 2 ; [0.25533830545644737] ; [0.14423689588622332]
840 ; 13 ; 106 ; 3 ; [0.31889857202495725] ; [0.60342014150210033]
840 ; 13 ; 106 ; 4 ; [0.31963821616678068] ; [0.14851305531221295]
840 ; 13 ; 107 ; 0 ; [1.4117645170936852] ; [0.42263059400882785]
840 ; 13 ; 107 ; 1 ; [1.4476935672793263] ; [0.35605336069786836]
840 ; 13 ; 107 ; 2 ; [2.162504223834135] ; [0.082486103643067396]
840 ; 13 ; 107 ; 3 ; [0.84891139438695196] ; [0.33398250954970371]
840 ; 13 ; 107 ; 5 ; [2.2979178975273968] ; [0.55965716821489553]
840 ; 13 ; 107 ; 6 ; [2.4258794547979021] ; [0.10342884936863456]
840 ; 13 ; 107 ; 7 ; [0.94973601538358565] ; [1.972268925779405]
840 ; 13 ; 107 ; 8 ; [1.4459315662895784] ; [3.4925717744575731]
840 ; 13 ; 107 ; 9 ; [1.7842031365373219] ; [1.6288254928657266]
840 ; 13 ; 107 ; 10 ; [0.99411164035154731] ; [2.3230290722782514]
840 ; 13 ; 107 ; 11 ; [0.82869328968618172] ; [2.0288966050754751]
840 ; 13 ; 107 ; 16 ; [0.43839460643721612] ; [0.43588859936187596]
840 ; 13 ; 107 ; 17 ; [1.4596039441542885] ; [1.6163232745661478]
840 ; 13 ; 108 ; 0 ; [1.2093257372439814] ; [0.39402049304310077]
840 ; 13 ; 108 ; 1 ; [0.87887712355914516] ; [0.24649283242130612]
840 ; 13 ; 108 ; 2 ; [0.3595991545854289] ; [0.50205658436651768]
840 ; 13 ; 109 ; 0 ; [-0.020643302577298288, -0.0150993527395064, 0.0053794059787555691] ; [0.19555445107685715, 0.17080366247630613, 0.12442822344852716]
840 ; 13 ; 110 ; 0 ; [1.9045926984201642] ; [1.9395373516182215]
840 ; 13 ; 110 ; 4 ; [1.6481805195054162] ; [1.6800509379053898]
840 ; 13 ; 110 ; 7 ; [1.4337084347394522] ; [1.5308188026156226]
840 ; 13 ; 110 ; 8 ; [2.8561196397627908] ; [1.2855548721742942]
840 ; 13 ; 110 ; 9 ; [1.2522617652066017] ; [1.5929958914519262]
840 ; 13 ; 110 ; 10 ; [2.0572740260654561] ; [1.0783298816675482]
840 ; 13 ; 110 ; 11 ; [2.3433995726427175] ; [1.4548177694025837]
840 ; 13 ; 110 ; 13 ; [1.0858240210605508] ; [0.65070128022064555]
840 ; 13 ; 110 ; 14 ; [1.2330126491476336] ; [2.7102365452406825]
840 ; 13 ; 111 ; 4 ; [0.50653379695839118] ; [2.129452983934812]
840 ; 13 ; 111 ; 6 ; [1.7006585563432342] ; [1.0212165893600904]
840 ; 13 ; 111 ; 8 ; [0.42997160576301291] ; [1.6885323258193383]
840 ; 13 ; 111 ; 9 ; [0.20437807618656634] ; [0.035703444220284403]
840 ; 13 ; 112 ; 0 ; [0.14077019380573952] ; [0.063429637517864526]
840 ; 13 ; 112 ; 1 ; [0.27170698894457879] ; [2.9334120896453402]
840 ; 13 ; 112 ; 2 ; [0.97811347722140296] ; [0.07455557156677145]
840 ; 13 ; 112 ; 4 ; [0.51772979874991787] ; [0.60133696932563918]
840 ; 13 ; 112 ; 12 ; [0.18639598289226517] ; [2.2774835745069297]
840 ; 13 ; 113 ; 0 ; [0.44156652032222565] ; [0.64733623204360591]
840 ; 13 ; 113 ; 1 ; [0.58980200410257688] ; [0.62292017885570883]
840 ; 13 ; 113 ; 2 ; [0.60297002879863737] ; [0.2905317166800524]
840 ; 13 ; 113 ; 3 ; [0.24038406289995667] ; [0.37201385438296969]
840 ; 13 ; 113 ; 16 ; [0.51027664208972567] ; [0.98595589241196946]
840 ; 13 ; 113 ; 21 ; [0.31265304082076684] ; [0.43913715262702069]
840 ; 13 ; 113 ; 22 ; [0.22621360294576121] ; [0.95740186578519959]
840 ; 13 ; 114 ; 3 ; [0.18274893015702481, 0.19000461714242703, 0.33327734068474735] ; [0.17837168944868739, 0.24102511352731212, 0.73930596173072594]
840 ; 13 ; 115 ; 3 ; [0.19413345106542912] ; [4.3837478492286355]
840 ; 13 ; 115 ; 5 ; [1.5404630914027475] ; [0.62340261143742914]
840 ; 13 ; 115 ; 6 ; [0.95342159009301775] ; [1.3456128694247034]
840 ; 13 ; 116 ; 0 ; [0.028064166549231842, 0.059683782421891679] ; [0.17227556799921218, 0.058305377781327959]
840 ; 13 ; 117 ; 0 ; [0.19537609759459215] ; [0.25516142098716599]
840 ; 13 ; 118 ; 2 ; [2.406270498058074] ; [2.0366104075968892]
840 ; 13 ; 118 ; 6 ; [0.38912949444010952] ; [1.3456294373921578]
840 ; 13 ; 118 ; 10 ; [2.0111586700296589] ; [1.9422723342846961]
840 ; 13 ; 118 ; 12 ; [3.1930373056072945] ; [1.8082838314286551]
840 ; 13 ; 118 ; 13 ; [3.504663974840259] ; [1.7888956531187652]
840 ; 13 ; 119 ; 0 ; [0.21790995595251866, 0.10887926151721852] ; [0.18067082047629865, 0.13889332496198856]
840 ; 13 ; 119 ; 1 ; [0.65176321003169346] ; [0.36958548150857351]
840 ; 13 ; 120 ; 0 ; [0.35531605413740264] ; [0.62788701324958862]
840 ; 13 ; 120 ; 7 ; [0.89795734506645819] ; [1.4005565722535982]
840 ; 13 ; 121 ; 0 ; [0.24361554048958772, 0.23056385858990491, 0.25246639924834374, 0.095759591263881755] ; [0.24957266831991681, 0.1228002937994975, 0.20176425428816749, 0.021880880600147885]
840 ; 13 ; 122 ; 0 ; [0.5419765580981416] ; [2.6828637897685912]
840 ; 13 ; 122 ; 2 ; [1.4603917152469501] ; [1.8829987245256365]
840 ; 13 ; 122 ; 7 ; [1.6954152883797593] ; [4.0839332044651062]
840 ; 13 ; 123 ; 1 ; [0.19572392575042116] ; [0.0099250248118774812]
840 ; 13 ; 124 ; 0 ; [0.46970736907208194, 0.15510549896149947, 0.23804824691840826] ; [0.24460010355873182, 0.50631286863021641, 0.2516248970519242]
840 ; 13 ; 124 ; 1 ; [0.029517701356631478] ; [0.24682047691289713]
840 ; 13 ; 124 ; 3 ; [0.013225874894424434] ; [0.11670357555918519]
840 ; 13 ; 126 ; 0 ; [0.26854251794532741, 0.069681127341858176] ; [0.52724982177780755, 0.24863148378393954]
840 ; 13 ; 127 ; 0 ; [2.7781429502516697] ; [1.996968038780689]
840 ; 13 ; 127 ; 2 ; [2.9831950359763217] ; [1.8606163343205175]
840 ; 13 ; 127 ; 3 ; [2.7864472808785283] ; [1.5650697226005694]
840 ; 13 ; 127 ; 4 ; [2.4349175507070213] ; [1.8512931444302365]
840 ; 13 ; 127 ; 6 ; [1.9154836384573704] ; [1.5369547716903629]
840 ; 13 ; 127 ; 7 ; [2.449982058259788] ; [1.8731471226735521]
840 ; 13 ; 127 ; 9 ; [2.1002370388654641] ; [1.6693917629608124]
840 ; 13 ; 127 ; 10 ; [2.9737649093834508] ; [2.0227267469244992]
840 ; 13 ; 127 ; 12 ; [2.1941628422958663] ; [1.834402678078666]
840 ; 13 ; 127 ; 13 ; [0.94235642623743743] ; [1.8070496591211123]
840 ; 13 ; 127 ; 15 ; [0.50184901926753311] ; [2.2448912413209805]
840 ; 13 ; 127 ; 17 ; [2.9615143876811678] ; [1.3183375268583892]
840 ; 13 ; 127 ; 18 ; [0.64297128890001687] ; [1.8076915752042542]
840 ; 13 ; 127 ; 19 ; [0.70617287428752995] ; [1.8625520192912974]
840 ; 13 ; 127 ; 20 ; [2.1526124670903317] ; [2.3181522205975837]
840 ; 13 ; 127 ; 21 ; [0.74933357759569275] ; [1.6122036093929986]
840 ; 13 ; 127 ; 23 ; [4.1655596793416141] ; [1.7829818977967513]
840 ; 13 ; 127 ; 24 ; [0.25522800151187869] ; [1.5528636635766875]
840 ; 13 ; 127 ; 25 ; [0.79349200235676809] ; [1.7297450283060869]
840 ; 13 ; 127 ; 26 ; [0.55683773776156353] ; [1.6506868231808804]
840 ; 13 ; 127 ; 27 ; [2.6281795833921966] ; [2.5715857561944802]
840 ; 13 ; 127 ; 29 ; [0.2695220940682172] ; [2.072383482683688]
840 ; 13 ; 127 ; 30 ; [4.0144448578777183] ; [2.7344507297461074]
840 ; 13 ; 127 ; 32 ; [1.2868596059589152] ; [2.1708407057507451]
840 ; 13 ; 127 ; 34 ; [1.8789930191238862] ; [1.981542379868213]
840 ; 13 ; 127 ; 39 ; [0.62053672089696565] ; [1.288848123773997]
840 ; 13 ; 127 ; 43 ; [2.4599995476069818] ; [1.8763191644658559]
840 ; 13 ; 127 ; 44 ; [2.6604661895939126] ; [1.2339144112949909]
840 ; 13 ; 127 ; 45 ; [2.6344508503353303] ; [1.2456235468485257]
840 ; 13 ; 127 ; 47 ; [6.7946017700543999] ; [1.8889703598564678]
840 ; 13 ; 127 ; 48 ; [1.9761114003099824] ; [2.0685263678619128]
840 ; 13 ; 127 ; 49 ; [6.9703825558208692] ; [2.2501876602001056]
840 ; 13 ; 128 ; 0 ; [0.55859631335797855] ; [0.8671509812535394]
840 ; 13 ; 128 ; 1 ; [0.73417645819329658] ; [0.74037810361484102]
840 ; 13 ; 128 ; 7 ; [0.59123284352803851, 1.1667834545188032] ; [0.20633100087479472, 1.1129894164116831]
840 ; 13 ; 128 ; 8 ; [0.97837255311449856] ; [0.75967957441531475]
840 ; 13 ; 130 ; 1 ; [0.73475585539216393] ; [1.0022172255933055]
840 ; 13 ; 130 ; 3 ; [0.099247845586203268] ; [1.6181046584885939]
840 ; 13 ; 130 ; 4 ; [0.25132531734795716] ; [1.1626467271573429]
840 ; 13 ; 130 ; 5 ; [1.8384513401139599] ; [1.7955106307903841]
840 ; 13 ; 130 ; 7 ; [2.4983723361492634] ; [1.0200386007131272]
840 ; 13 ; 130 ; 17 ; [2.8358488379792104] ; [0.76897634107063628]
840 ; 13 ; 131 ; 0 ; [0.14323739652200074, 0.12411002929528943, 0.49194841248013349, 0.30694481405834845] ; [0.30947763748134521, 0.14459628388970933, 0.38634557479884946, 0.31713251915862439]
840 ; 13 ; 132 ; 0 ; [0.35002198597297407, 0.10203506257313706, 0.18248638633329262] ; [0.23426372263430117, 0.16566478195617676, 0.1452936096463493]
840 ; 13 ; 132 ; 2 ; [0.95140651632335893] ; [0.27446484429491907]
840 ; 13 ; 133 ; 0 ; [0.27602672285854968, 0.30804097019437365] ; [0.085355947041827473, 0.23704070198495758]
840 ; 13 ; 133 ; 1 ; [-0.013422977657776209] ; [0.20089563003357069]
840 ; 13 ; 134 ; 0 ; [0.62493924043089277, 0.19344035864999723, 0.1132697392008072] ; [1.1203181181167794, 0.50434605895787776, 0.20320429311436142]
840 ; 13 ; 134 ; 3 ; [0.85272493601636201] ; [-0.022309484213735468]
840 ; 13 ; 135 ; 2 ; [0.58965038659913327] ; [0.53463808108803668]
840 ; 13 ; 135 ; 3 ; [1.9587244823522802] ; [5.690012459517626]
840 ; 13 ; 135 ; 4 ; [0.36075254592250006] ; [1.0772408673901828]
840 ; 13 ; 135 ; 5 ; [1.1221025262202717] ; [0.41057243672784227]
840 ; 13 ; 136 ; 0 ; [0.34294356251907659, 0.17194451085664916, 0.095614655017029315] ; [0.28847099448392216, 0.18222844332069854, 0.22199513057081888]
840 ; 13 ; 137 ; 0 ; [0.23013195244725673] ; [0.14637284521828758]
840 ; 13 ; 138 ; 0 ; [1.9466649078781351] ; [0.51319735288272772]
840 ; 13 ; 138 ; 1 ; [2.2927091276117748] ; [1.6838588835750457]
840 ; 13 ; 138 ; 2 ; [2.3044106244185669, 2.8641205221626316] ; [2.6706204694065501, 1.3049503969453831]
840 ; 13 ; 138 ; 8 ; [2.1811537126938805] ; [1.6715261796076548]
840 ; 13 ; 138 ; 11 ; [1.0301019328255481] ; [1.8492949482523222]
840 ; 13 ; 138 ; 12 ; [2.5342792037191377] ; [1.6842031436309066]
840 ; 13 ; 138 ; 14 ; [1.7710116376468481] ; [1.6099096109394728]
840 ; 13 ; 138 ; 15 ; [1.8545316927765352] ; [1.7639536838955328]
840 ; 13 ; 138 ; 17 ; [2.8615376700199624] ; [2.0456423339437215]
840 ; 13 ; 138 ; 18 ; [3.1708496256706784] ; [0.32351396374484787]
840 ; 13 ; 138 ; 19 ; [2.6668806225014192] ; [1.6181792366931655]
840 ; 13 ; 138 ; 20 ; [2.1436910911752842] ; [1.6967662421261567]
840 ; 13 ; 138 ; 22 ; [1.4607891026111259] ; [1.9574692152884192]
840 ; 13 ; 138 ; 23 ; [1.3097926458995819] ; [1.3901569478625726]
840 ; 13 ; 138 ; 25 ; [2.0492897004000028] ; [1.4986025916456982]
840 ; 13 ; 138 ; 26 ; [0.98596704564547677] ; [1.7255015469844792]
840 ; 13 ; 138 ; 27 ; [3.0918595536648339] ; [1.9577793401013643]
840 ; 13 ; 138 ; 28 ; [1.7193399440878363] ; [2.6778934292113861]
840 ; 13 ; 138 ; 29 ; [1.9635718451494051] ; [1.7899521313540128]
840 ; 13 ; 138 ; 32 ; [1.0973958098417438] ; [1.3201551567745582]
840 ; 13 ; 138 ; 36 ; [1.5851585623868689] ; [1.6148466770323087]
840 ; 13 ; 139 ; 0 ; [2.1377201429006272] ; [0.89818019111861835]
840 ; 13 ; 139 ; 1 ; [0.75748362119102275] ; [1.3897895678529513]
840 ; 13 ; 139 ; 5 ; [1.2611753697041872] ; [0.80377910991880486]
840 ; 13 ; 140 ; 0 ; [0.087942204376905975, 0.089388281816894385, 0.040368872974018234, 0.023767578419789621] ; [0.1247946941296102, 0.33702248708577204, 0.26213584091293496, 0.12745881512363388]
840 ; 13 ; 141 ; 0 ; [0.16834078881232806] ; [0.039680790946427867]
840 ; 13 ; 141 ; 1 ; [1.1717750936603761] ; [0.38952013935520824]
840 ; 13 ; 142 ; 0 ; [1.0293300345867977] ; [1.4749477631289847]
840 ; 13 ; 142 ; 2 ; [1.0457067536588667] ; [1.0721011922450165]
840 ; 13 ; 143 ; 0 ; [0.66368545366987008, 0.25202886855362161] ; [1.6665801030527587, 0.3935348424892835]
840 ; 13 ; 143 ; 2 ; [1.5692762226326165] ; [1.0423443395140133]
840 ; 13 ; 144 ; 0 ; [0.59423489706047028] ; [0.53661309309243521]
840 ; 13 ; 144 ; 3 ; [0.039467594362265462] ; [0.53114529362337004]
840 ; 13 ; 145 ; 3 ; [0.22733136522830502, 0.42935763197764826, 0.22055966641727226] ; [0.18001386713141093, 0.41208824283231882, 0.39737839730177094]
840 ; 13 ; 146 ; 0 ; [0.26148399530723238, 0.37537699747462633, 0.11083552027929425, 0.050980299819467237] ; [0.16003180290507921, 0.41847001921220411, 0.27345668354765268, 0.045867221220198456]
840 ; 13 ; 147 ; 0 ; [0.049184945828741902, -0.0073278384572937477, -0.00028020784198449567] ; [0.30116740563299216, 0.22584941829700739, 0.017641378026906854]
840 ; 13 ; 148 ; 0 ; [0.5998203260314352] ; [0.63720502686340874]
840 ; 13 ; 149 ; 0 ; [0.26578901150102285, 0.72804126937922875, 0.16246068624827456, 0.097726797801324344, 0.10423478937583032] ; [0.61930160274323864, 0.57485676962700794, 0.28647454121633836, 0.23890982623822402, 0.13486903572260164]
840 ; 13 ; 150 ; 0 ; [0.4153408901213313] ; [0.062093410626610848]
840 ; 13 ; 151 ; 0 ; [-0.019894710321607337] ; [0.11719731833996466]
840 ; 13 ; 151 ; 2 ; [0.25019439053568576] ; [0.0097837179015097774]
840 ; 13 ; 151 ; 3 ; [0.19696441141931165, 0.20385946666849386, 0.23856373962749708, 0.1259554646693205] ; [0.15950700921615626, 0.28374456384827285, 0.21042697756956463, 0.10276671438232156]
840 ; 13 ; 152 ; 0 ; [0.77327331448779368, 1.6556020222001695] ; [0.39029892745914641, 1.2512830285295227]
840 ; 13 ; 152 ; 2 ; [1.5132708173534284] ; [0.66147157324624928]
840 ; 13 ; 152 ; 4 ; [0.42432460887238926] ; [0.61035969594776884]
840 ; 13 ; 152 ; 5 ; [0.45838845157286973] ; [0.60560751993997697]
840 ; 13 ; 152 ; 7 ; [0.19283232855999308] ; [1.4503823308168817]
840 ; 13 ; 152 ; 9 ; [0.092369545020421204] ; [0.77015514275297214]
840 ; 13 ; 152 ; 10 ; [1.126762113448263] ; [3.5301325048247207]
840 ; 13 ; 152 ; 11 ; [0.87817583648641262] ; [0.60423905358533758]
840 ; 13 ; 152 ; 14 ; [1.0156342630359672] ; [1.6239875769496326]
840 ; 13 ; 152 ; 15 ; [1.6123458111467253] ; [0.097289162547369412]
840 ; 13 ; 152 ; 17 ; [1.3183152706373393] ; [1.7966451650352253]
840 ; 13 ; 153 ; 0 ; [0.34545730713854478, 0.22520791103128412] ; [0.44548158210455618, 0.23480538811905879]
840 ; 13 ; 154 ; 3 ; [-0.0095973871013812686] ; [0.36653218112797753]
840 ; 13 ; 155 ; 0 ; [1.2817973021894804] ; [0.57670757995638755]
840 ; 13 ; 155 ; 1 ; [0.33493807635628842] ; [0.52421818389131336]
840 ; 13 ; 155 ; 4 ; [1.3079845685219638] ; [1.4873827286904857]
840 ; 13 ; 155 ; 7 ; [1.9626272769519058] ; [1.6296552509360205]
840 ; 13 ; 155 ; 10 ; [1.1144970253980442] ; [1.3705501024792472]
840 ; 13 ; 155 ; 13 ; [0.87365913190736422] ; [1.1951935019256101]
840 ; 13 ; 155 ; 14 ; [2.2569609711604137] ; [1.8162732176972451]
840 ; 13 ; 155 ; 15 ; [2.2711538998417047] ; [2.7191165914007547]
840 ; 13 ; 155 ; 18 ; [0.87205091144251812] ; [1.7204446223239651]
840 ; 13 ; 155 ; 19 ; [0.90152634203910353] ; [2.3895252859706297]
840 ; 13 ; 155 ; 20 ; [-0.25855805502818269] ; [0.49572855385307041]
840 ; 13 ; 155 ; 25 ; [1.5079859289676401] ; [1.0956802145669522]
840 ; 13 ; 155 ; 27 ; [2.9255220523681276] ; [0.16607944274521233]
840 ; 13 ; 155 ; 28 ; [3.7485027282792185] ; [3.9013410195595633]
840 ; 13 ; 155 ; 29 ; [1.8567190526136361] ; [2.2950764861180986]
840 ; 13 ; 155 ; 31 ; [1.0313172383136802] ; [0.74471585506607574]
840 ; 13 ; 155 ; 32 ; [0.85308414281926948] ; [0.41313036535892478]
840 ; 13 ; 155 ; 33 ; [1.6875065615745206] ; [1.4534579943066128]
840 ; 13 ; 155 ; 35 ; [1.5666320595417169] ; [0.28894194598092438]
840 ; 13 ; 155 ; 39 ; [2.0360245398720589] ; [1.4701139801432701]
840 ; 13 ; 155 ; 47 ; [1.8374959527251573] ; [1.5628958944773261]
840 ; 13 ; 155 ; 48 ; [1.2815609363413587] ; [1.1872898184246408]
840 ; 13 ; 155 ; 49 ; [1.2716069962262941] ; [1.0276368920076278]
840 ; 13 ; 156 ; 0 ; [0.37037315987915237] ; [2.1362293405820627]
840 ; 13 ; 156 ; 2 ; [0.55029209776265742] ; [2.420317628086095]
840 ; 13 ; 156 ; 4 ; [2.6925040327805134] ; [1.8921916774093537]
840 ; 13 ; 156 ; 5 ; [0.0083710892759334236] ; [1.6248894622085768]
840 ; 13 ; 157 ; 0 ; [0.53762220283301443, 0.076493173122427316] ; [0.71911040622834899, 0.14237548237663172]
840 ; 13 ; 157 ; 1 ; [0.25430857357898357] ; [0.026121537731828116]
840 ; 13 ; 157 ; 2 ; [1.7004697520375247] ; [0.80753979952863453]
840 ; 13 ; 158 ; 0 ; [0.19394799188311743, 0.20165755752625311, 0.4687164035840537] ; [0.20356345787153826, 0.18590960535875775, 0.12918954040196107]
840 ; 13 ; 158 ; 1 ; [-0.014887699816360239] ; [0.02664019588759943]
840 ; 13 ; 159 ; 0 ; [0.19509528883122923] ; [0.041417683795858175]
840 ; 13 ; 159 ; 5 ; [0.40202731449755197] ; [0.14517434378278493]
840 ; 13 ; 160 ; 0 ; [0.55954201350032662] ; [0.10744700521559297]
840 ; 13 ; 160 ; 1 ; [0.26334548449950779] ; [0.001859686318456574]
840 ; 13 ; 160 ; 2 ; [0.9095581072208665] ; [0.34330627275819986]
840 ; 13 ; 160 ; 5 ; [0.97763337676377982] ; [2.3371098426525529]
840 ; 13 ; 161 ; 0 ; [0.5527505045634109] ; [0.50835739175759087]
840 ; 13 ; 161 ; 1 ; [3.1151093982708153] ; [0.5084728748218954]
840 ; 13 ; 161 ; 2 ; [2.1220648725172673] ; [2.2415026694015929]
840 ; 13 ; 161 ; 3 ; [3.1552060296178959] ; [0.8674667948888044]
840 ; 13 ; 161 ; 5 ; [1.8396618402230218] ; [2.1712949068674754]
840 ; 13 ; 161 ; 6 ; [2.0209064582561349] ; [0.68114590909348494]
840 ; 13 ; 161 ; 8 ; [1.0344847472951946] ; [0.44043496464379667]
840 ; 13 ; 161 ; 13 ; [2.0371684894682196] ; [0.39064495317859493]
840 ; 13 ; 161 ; 19 ; [1.1470073930377045] ; [1.7895480268985655]
840 ; 13 ; 161 ; 21 ; [1.0683895372446348] ; [1.7331245199377767]
840 ; 13 ; 161 ; 30 ; [1.5210073650334794] ; [2.0270767545726205]
840 ; 13 ; 161 ; 33 ; [1.5251207139493719] ; [0.66417518604442871]
840 ; 13 ; 161 ; 34 ; [3.9272420131971661] ; [1.8777850122255995]
840 ; 13 ; 161 ; 37 ; [1.70069375312014] ; [2.1644549988141728]
840 ; 13 ; 161 ; 40 ; [1.47579056518204] ; [2.4622460697363118]
840 ; 13 ; 161 ; 41 ; [1.4771817841300099] ; [2.0980234140602034]
840 ; 13 ; 161 ; 43 ; [2.0088615427680123] ; [0.91235864658995236]
840 ; 13 ; 161 ; 45 ; [2.1766185882265945] ; [1.0878633392838064]
840 ; 13 ; 161 ; 47 ; [2.3187460114497993] ; [1.4995285887758345]
840 ; 13 ; 161 ; 48 ; [1.6448649195479497] ; [2.9766449179763494]
840 ; 13 ; 161 ; 52 ; [2.9889318395792119] ; [1.6920664477914735]
840 ; 13 ; 161 ; 53 ; [1.5654395833898465] ; [2.102861145799495]
840 ; 13 ; 161 ; 54 ; [0.80516379272630523] ; [1.7763444004670632]
840 ; 13 ; 161 ; 55 ; [2.5132353205058875] ; [2.5685866065255132]
840 ; 13 ; 161 ; 56 ; [1.2766168470697719] ; [1.3712733116925597]
840 ; 13 ; 161 ; 59 ; [1.9289199783825732] ; [1.5453181678392998]
840 ; 13 ; 161 ; 61 ; [0.60257068635147126] ; [2.0190103476315433]
840 ; 13 ; 161 ; 62 ; [0.95159008198340023] ; [2.5226348301378292]
840 ; 13 ; 161 ; 63 ; [3.1398416474529189] ; [1.1749032467676437]
840 ; 13 ; 161 ; 66 ; [1.1357737807487269] ; [1.3446153927591669]
840 ; 13 ; 161 ; 67 ; [1.2712591494116314] ; [1.7280847683785974]
840 ; 13 ; 161 ; 68 ; [0.96389591179907386] ; [1.1805533937747201]
840 ; 13 ; 161 ; 69 ; [1.505039792110253] ; [1.2913833099284646]
840 ; 13 ; 162 ; 0 ; [0.31473250201221187, 0.3012240091441068, 0.49952988052005076] ; [0.2100860022429594, 0.16598475420260927, 0.21552844359116058]
840 ; 13 ; 163 ; 1 ; [0.39343778343439006] ; [0.88973075006970737]
840 ; 13 ; 163 ; 2 ; [1.2398892773808303] ; [0.14040895322458011]
840 ; 13 ; 163 ; 8 ; [14.700907599512455] ; [0.18151350857894683]
840 ; 13 ; 164 ; 0 ; [-0.0062898900703123855, 0.13525904319267096, 0.012598582213663835] ; [0.36971425087101489, 0.22089213042811309, 0.043307314537209804]
840 ; 13 ; 165 ; 0 ; [1.9600910601522377] ; [1.2036773671688623]
840 ; 13 ; 165 ; 1 ; [1.5712218172983583] ; [0.30200422731583276]
840 ; 13 ; 165 ; 3 ; [0.3753970332530106] ; [0.49768212389152883]
840 ; 13 ; 165 ; 4 ; [0.059786062866159652] ; [0.026517707093659474]
840 ; 13 ; 165 ; 5 ; [1.8067024086268271] ; [0.71207539243116114]
840 ; 13 ; 165 ; 6 ; [0.72947652677439456] ; [0.48543657321880546]
840 ; 13 ; 165 ; 12 ; [0.63357855268188812] ; [0.82759997296527221]
840 ; 13 ; 165 ; 13 ; [1.4328800521517724] ; [1.0657459773837414]
840 ; 13 ; 166 ; 0 ; [0.98651953560548833, 0.15543219216818505, 0.017889189454630444, 0.0024733407334691327] ; [0.81812848056526666, 0.65545204514920585, 0.20216579537668647, 0.15843353314296738]
840 ; 13 ; 167 ; 0 ; [0.056002524852919365] ; [0.033724008554493062]
840 ; 13 ; 167 ; 3 ; [1.3609311364520453] ; [0.91400868017242642]
840 ; 13 ; 167 ; 6 ; [0.85459302433035034] ; [0.027480565957353105]
840 ; 13 ; 167 ; 12 ; [-0.00010226025462961687] ; [0.65595611287369138]
840 ; 13 ; 168 ; 0 ; [0.34800470100425446, 0.38669051061140336] ; [0.3204053937926995, 0.58815217806850895]
840 ; 13 ; 170 ; 0 ; [0.16917417087176412, 0.053071223756130499, 0.037432102014008067, 0.078060549655465383, 0.032096506873615246] ; [0.13054220055662172, 0.15649881407027136, 0.14299519298560429, 0.19299203699554612, 0.082508847959717038]
840 ; 13 ; 171 ; 1 ; [3.0445691626423406, 3.218860292877733] ; [1.193844045892299, 4.8389390408097031]
840 ; 13 ; 171 ; 3 ; [1.1393881965524069] ; [1.2536512034292706]
840 ; 13 ; 171 ; 4 ; [6.7586887859925397] ; [2.2254111590070798]
840 ; 13 ; 171 ; 5 ; [2.8608414226418946] ; [0.50391699118650124]
840 ; 13 ; 171 ; 6 ; [4.0602670183507579] ; [1.2455009549229628]
840 ; 13 ; 171 ; 7 ; [4.4800394599622511] ; [0.51031509138501974]
840 ; 13 ; 171 ; 8 ; [1.6270867544711769] ; [2.6573850137409196]
840 ; 13 ; 171 ; 9 ; [2.1715279866867587] ; [2.9276256007679691]
840 ; 13 ; 171 ; 10 ; [1.8444758934549121] ; [1.4907593676489819]
840 ; 13 ; 171 ; 11 ; [0.19881030933518695] ; [1.1462646627949717]
840 ; 13 ; 171 ; 13 ; [5.971418140911533] ; [3.7730164474964902]
840 ; 13 ; 171 ; 14 ; [1.8060259451887726] ; [0.67765505193263909]
840 ; 13 ; 171 ; 15 ; [1.8551795720582178] ; [0.99353988730371123]
840 ; 13 ; 171 ; 16 ; [2.313432698821928] ; [2.3108086659376363]
840 ; 13 ; 171 ; 17 ; [1.562221249122832] ; [1.1736379674425572]
840 ; 13 ; 171 ; 18 ; [2.3095507707176197] ; [4.086438246938072]
840 ; 13 ; 171 ; 20 ; [3.1679967205661925] ; [4.4456357759781193]
840 ; 13 ; 171 ; 22 ; [0.5600369914608001] ; [1.3850158319083754]
840 ; 13 ; 171 ; 23 ; [0.82200868940596072] ; [0.47811203566514032]
840 ; 13 ; 171 ; 24 ; [1.6543354426983399] ; [2.7785686757331178]
840 ; 13 ; 171 ; 25 ; [2.3231579610362587] ; [5.1348605869453845]
840 ; 13 ; 171 ; 27 ; [2.0256751824732624] ; [2.0551512541871952]
840 ; 13 ; 171 ; 30 ; [3.0238998429355561] ; [1.0221355788168929]
840 ; 13 ; 171 ; 31 ; [0.42591106155385849] ; [1.2286533739206891]
840 ; 13 ; 171 ; 38 ; [4.5940344297631901] ; [1.2238623265506965]
840 ; 13 ; 171 ; 45 ; [3.1822806287717396] ; [1.6760072285846039]
840 ; 13 ; 171 ; 46 ; [2.7640908265731774] ; [1.5285074782894148]
840 ; 13 ; 171 ; 47 ; [3.0326218555635265] ; [1.9192192203661789]
840 ; 13 ; 172 ; 0 ; [0.11718410309742329, 0.039162424738490714] ; [0.18584624254852491, 0.10835681209273182]
840 ; 13 ; 173 ; 1 ; [4.6738269589475827] ; [0.99863592924215816]
840 ; 13 ; 173 ; 3 ; [1.29930009131322] ; [2.4908862995414998]
840 ; 13 ; 173 ; 4 ; [0.55814517984603551] ; [0.97684084136608273]
840 ; 13 ; 174 ; 0 ; [0.0078981164890598397, 0.0031354174046801454, 0.0035947535397420597, 0.014984814560072104] ; [0.12538470435872415, 0.18748339702452765, 0.20897885815913628, 0.18065706914555379]
840 ; 13 ; 176 ; 1 ; [0.58276257134421339] ; [-0.013687230674311627]
840 ; 13 ; 176 ; 6 ; [1.2633824667696014] ; [0.46274077608325609]
840 ; 13 ; 176 ; 8 ; [1.8309364409838891] ; [0.2397387386629814]
840 ; 13 ; 176 ; 12 ; [1.1415989438236014] ; [1.7991000021339167]
840 ; 13 ; 176 ; 14 ; [0.85702625124670606] ; [0.90328319198215667]
840 ; 13 ; 176 ; 15 ; [1.2726029846127198] ; [0.93788889586061441]
840 ; 13 ; 176 ; 16 ; [1.3075132957461408] ; [0.60342989828370663]
840 ; 13 ; 177 ; 0 ; [0.017472158196229177, -0.0057870052955030027] ; [0.17846105147519203, 0.1788544513700813]
840 ; 13 ; 178 ; 0 ; [1.7312239467089012] ; [0.12553943725514477]
840 ; 13 ; 178 ; 1 ; [0.36126617983949416] ; [0.83422390039906924]
840 ; 13 ; 178 ; 2 ; [1.904131457071343] ; [1.5293588404229355]
840 ; 13 ; 178 ; 5 ; [1.3140565949866667] ; [1.5955763174283619]
840 ; 13 ; 178 ; 10 ; [0.83508500116998885] ; [1.6713059272862885]
840 ; 13 ; 179 ; 0 ; [0.23371009128699335] ; [0.05575680007940511]
840 ; 13 ; 179 ; 1 ; [0.2991860704294253] ; [0.96887501133401455]
840 ; 13 ; 179 ; 9 ; [1.1247867729264365] ; [0.15917997720562427]
840 ; 13 ; 180 ; 0 ; [-0.001840759202240635, 0.0091000289536417138, -0.00099044766056116868] ; [0.18586140012742339, 0.18789850663359955, 0.18224192962899291]
840 ; 13 ; 181 ; 0 ; [0.21632104546902375, 0.10231173002455587, 0.18836647134372059, 0.10180361755701695, 0.18426850594576832] ; [0.15761043427031274, 0.29898751550490843, 0.143732046477585, 0.22425761544957798, 0.25282229245155008]
840 ; 13 ; 183 ; 0 ; [0.32822483470969405, 0.1348608003192813, 0.19695964031735347, 0.1121349480577658, 0.14169634594030175] ; [0.18346899058313867, 0.19708487562210442, 0.26456010538577135, 0.22744944303665326, 0.19279860940593921]
840 ; 13 ; 184 ; 0 ; [0.14934297103107502] ; [0.57581820985528909]
840 ; 13 ; 184 ; 3 ; [0.14884279624466934] ; [0.12915521265858607]
840 ; 13 ; 185 ; 0 ; [0.18042393475587337] ; [-0.00018334475266064849]
840 ; 13 ; 185 ; 1 ; [0.51005092421826681] ; [2.0618410733699974]
840 ; 13 ; 185 ; 2 ; [1.1430287479293586] ; [0.34517304384586645]
840 ; 13 ; 185 ; 3 ; [0.3259641971045516] ; [0.37652894048840868]
840 ; 13 ; 186 ; 0 ; [0.61539648196573893] ; [0.67820949395388308]
840 ; 13 ; 187 ; 0 ; [0.1944111747998713] ; [0.14031224376440257]
840 ; 13 ; 187 ; 1 ; [0.21510415721852857] ; [0.62734915449646234]
840 ; 13 ; 187 ; 3 ; [1.326505473460698] ; [3.9948691159976688]
840 ; 13 ; 187 ; 6 ; [0.9609046537514363] ; [2.0287839923269826]
840 ; 13 ; 188 ; 0 ; [0.055716840240411555] ; [0.10670293722998042]
840 ; 13 ; 188 ; 1 ; [4.0197804059942825] ; [1.1668365559804803]
840 ; 13 ; 188 ; 5 ; [1.0762960317353245] ; [2.605785463459295]
840 ; 13 ; 188 ; 6 ; [0.62775669603294559] ; [0.48694282989149668]
840 ; 13 ; 188 ; 9 ; [0.26453714439556886] ; [0.013054133784235063]
840 ; 13 ; 188 ; 13 ; [1.4508141898734082] ; [1.2992606073914743]
840 ; 13 ; 188 ; 14 ; [3.2136793614892385] ; [1.1041634563200236]
840 ; 13 ; 189 ; 1 ; [0.25912674081402265] ; [0.24886623176783232]
840 ; 13 ; 190 ; 0 ; [0.29259251251640189] ; [0.32797183232309451]
840 ; 13 ; 190 ; 1 ; [0.0098035025191305601] ; [0.079017923706721713]
840 ; 13 ; 191 ; 0 ; [0.10460984268100322, 0.097685938066150904, 0.077901605120773737, 0.044472029451409059] ; [0.29835388345019015, 0.12256290876122457, 0.11768264210648999, 0.13993845700989802]
840 ; 13 ; 191 ; 1 ; [0.60854066696708853] ; [0.067027539026582317]
840 ; 13 ; 191 ; 2 ; [-0.0035243187027805666] ; [-0.017407685119981354]
840 ; 13 ; 192 ; 0 ; [-0.0053522127682013839, 0.0037524082551248861, 0.015373263742003544] ; [0.23669404276715433, 0.16129355220337169, 0.077053213422736244]
840 ; 13 ; 193 ; 0 ; [0.11542228988353348, 0.40902901482195475] ; [0.19562354520280736, 0.14022842141102959]
840 ; 13 ; 193 ; 1 ; [0.1635503652128123] ; [0.072083368138074755]
840 ; 13 ; 194 ; 1 ; [0.82685981351698823] ; [0.56857586719539466]
840 ; 13 ; 195 ; 0 ; [0.0056673108019548264, 0.059392497205935417, 0.0033604967167330003] ; [0.16964364574806731, 0.24953485973554246, 0.011852544003107835]
840 ; 13 ; 196 ; 0 ; [0.092359876838874228] ; [0.063150523564358851]
840 ; 13 ; 196 ; 1 ; [0.20053776947876609] ; [0.075820577679289042]
840 ; 13 ; 196 ; 2 ; [0.37559527063643322] ; [0.39328058797992371]
840 ; 13 ; 196 ; 5 ; [4.7290118593515018] ; [1.199011252409143]
840 ; 13 ; 196 ; 7 ; [1.4159321616487242] ; [0.91099482973987467]
840 ; 13 ; 196 ; 11 ; [2.6678981566936106] ; [0.080405433211439836]
840 ; 13 ; 197 ; 0 ; [0.039373870023926512, 0.18385149577505291, 1.6650787604458692] ; [0.24274530706567923, 0.6277024646690561, 1.6231131318940655]
840 ; 13 ; 197 ; 7 ; [0.59131205888453975] ; [1.1893777558455756]
840 ; 13 ; 198 ; 0 ; [0.12263918837022642, 0.18058339253750061, 0.26557151669894186] ; [0.22357713789192857, 0.32206024800511401, 0.44680065052132784]
840 ; 13 ; 198 ; 4 ; [0.47515517876006863] ; [0.6140786912335684]
840 ; 13 ; 199 ; 0 ; [1.9590234708115604] ; [0.16883789987268069]
840 ; 13 ; 200 ; 0 ; [0.24306540605919796] ; [0.029514002477102407]
840 ; 13 ; 201 ; 0 ; [0.27511177098616385] ; [0.092306862084360258]
840 ; 13 ; 201 ; 1 ; [0.12392986350364385] ; [0.11038504444955487]
840 ; 13 ; 202 ; 0 ; [0.07735975174292567] ; [0.41728436731769575]
840 ; 13 ; 202 ; 1 ; [0.31544718839137847] ; [0.2081539636302279]
840 ; 13 ; 202 ; 5 ; [0.75110587665110606] ; [0.12286623106048826]
840 ; 13 ; 203 ; 0 ; [0.37561884972625992] ; [0.41818742433617956]
840 ; 13 ; 204 ; 0 ; [2.0787626839747211] ; [0.74192654384578005]
840 ; 13 ; 206 ; 4 ; [0.21588171286977439] ; [0.52658309554913674]
840 ; 13 ; 207 ; 0 ; [0.48744758801054211] ; [0.57117625342765976]
840 ; 13 ; 207 ; 5 ; [0.44920629702475939] ; [0.3005084266692809]
840 ; 13 ; 208 ; 0 ; [1.9188074724816542] ; [0.93658934178832065]
840 ; 13 ; 208 ; 3 ; [1.2200775545434273] ; [1.6852059326701407]
840 ; 13 ; 208 ; 4 ; [2.2518813614406641] ; [1.4061848519200832]
840 ; 13 ; 208 ; 7 ; [1.8080126782649308] ; [3.0882213252276292]
840 ; 13 ; 208 ; 9 ; [2.0399861056243256] ; [2.2604347204348083]
840 ; 13 ; 208 ; 13 ; [0.37810223266502119] ; [3.1177539296798074]
840 ; 13 ; 208 ; 15 ; [0.15097711509369077] ; [1.4080087505213017]
840 ; 13 ; 208 ; 16 ; [1.1338082110040573] ; [1.4778628751617302]
840 ; 13 ; 208 ; 17 ; [1.7104022073100553] ; [1.7072995065433978]
840 ; 13 ; 208 ; 19 ; [1.5847806220393179] ; [2.0951768771812218]
840 ; 13 ; 208 ; 25 ; [0.91578197468039324] ; [2.3983459086575367]
840 ; 13 ; 209 ; 0 ; [1.0600671762293778] ; [1.3470524548938074]
840 ; 13 ; 209 ; 1 ; [0.55892724029415985] ; [0.67870713340881916]
840 ; 13 ; 209 ; 2 ; [2.1468976951873135] ; [1.7511930764737438]
840 ; 13 ; 209 ; 3 ; [1.0666261799248422] ; [1.0415375149635413]
840 ; 13 ; 209 ; 8 ; [1.8757420644118463] ; [1.285676250458641]
840 ; 13 ; 209 ; 10 ; [2.0346217491636374] ; [4.3471187136723284]
840 ; 13 ; 209 ; 11 ; [1.4368898643447223] ; [1.9852783611598521]
840 ; 13 ; 209 ; 14 ; [1.8399658424672483] ; [1.559253327107943]
840 ; 13 ; 209 ; 16 ; [2.0533555895569346] ; [2.1723716507751267]
840 ; 13 ; 209 ; 19 ; [0.87360113521589244] ; [1.7619572495460831]
840 ; 13 ; 209 ; 20 ; [0.45175317753981364] ; [1.8867156809916221]
840 ; 13 ; 209 ; 21 ; [4.1144157286669438] ; [2.0859956403449242]
840 ; 13 ; 209 ; 26 ; [1.3057425114706851] ; [2.6632887329370516]
840 ; 13 ; 209 ; 27 ; [1.2703991488846198] ; [1.4794834520915703]
840 ; 13 ; 209 ; 32 ; [2.045443775846929] ; [3.0121397844558122]
840 ; 13 ; 209 ; 35 ; [1.2158594443658544] ; [1.8519012159204908]
840 ; 13 ; 209 ; 39 ; [4.0795722904065199] ; [1.8300481631558185]
840 ; 13 ; 210 ; 0 ; [0.73720849601630023] ; [0.73710495911963247]
840 ; 13 ; 212 ; 0 ; [0.77679957805184874] ; [0.22036409583925681]
840 ; 13 ; 212 ; 1 ; [0.51284061897333166] ; [0.51973811559518757]
840 ; 13 ; 212 ; 8 ; [4.392008109081682] ; [0.49637498382978562]
840 ; 13 ; 212 ; 9 ; [0.022498598888690963] ; [0.6556359764065075]
840 ; 13 ; 213 ; 4 ; [1.8668600619454601] ; [0.94133037410918297]
840 ; 13 ; 213 ; 8 ; [2.1047918934308774] ; [1.2621934976222322]
840 ; 13 ; 215 ; 0 ; [0.26410495302448189] ; [0.080913949425225049]
840 ; 13 ; 215 ; 3 ; [0.44657808294808415] ; [0.10221916440413668]
840 ; 13 ; 216 ; 0 ; [0.10991434976080068, 0.21276758257057607, 0.069368904137673312] ; [0.21854599176823922, 0.30743526522586684, 0.2456911754367167]
840 ; 13 ; 218 ; 0 ; [0.36014512755150108] ; [0.66384065597926112]
840 ; 13 ; 218 ; 1 ; [1.6715188822917832] ; [0.047780605886988931]
840 ; 13 ; 218 ; 5 ; [1.8052229216004552] ; [1.4526689923497396]
840 ; 13 ; 218 ; 6 ; [1.1070788195265429] ; [0.16732243467559443]
840 ; 13 ; 218 ; 13 ; [0.39679393255473022] ; [1.3380068085256771]
840 ; 13 ; 218 ; 14 ; [1.472998025658292] ; [2.3014094128715321]
840 ; 13 ; 218 ; 15 ; [0.076276005295035879] ; [2.25712757956813]
840 ; 13 ; 218 ; 18 ; [1.3578453161094373] ; [2.0588836497065284]
840 ; 13 ; 218 ; 19 ; [1.7412913402972086] ; [1.0632487525750813]
840 ; 13 ; 218 ; 21 ; [1.8003026029665468] ; [1.3605272545060949]
840 ; 13 ; 218 ; 22 ; [1.5290112012278807] ; [1.6815299638173915]
840 ; 13 ; 218 ; 23 ; [0.53693839960361123] ; [2.0675144161200811]
840 ; 13 ; 218 ; 31 ; [-0.013260794325499821] ; [1.1553356761863312]
840 ; 13 ; 218 ; 32 ; [-0.017010313102811446] ; [0.65543385549861888]
840 ; 13 ; 218 ; 33 ; [3.6037130444509358] ; [1.3282204617415201]
840 ; 13 ; 218 ; 34 ; [0.11051734131222944] ; [1.1965350919905098]
840 ; 13 ; 218 ; 35 ; [0.0044671835860499833] ; [0.50451110592640558]
840 ; 13 ; 218 ; 36 ; [0.013670756448846928] ; [0.54878140207070403]
840 ; 13 ; 218 ; 38 ; [0.053757891465893645] ; [1.1350230552296636]
840 ; 13 ; 219 ; 0 ; [0.32774228399188071, 0.58838902830781359] ; [0.35441420249443784, 0.10357289398519923]
840 ; 13 ; 219 ; 1 ; [0.41925009744520086] ; [0.18554473065989488]
840 ; 13 ; 219 ; 2 ; [0.34937247555201467] ; [0.13283595784487215]
840 ; 13 ; 220 ; 1 ; [0.34515587281683874, 0.17601662832632264, 0.22801202758503977, 0.17367366644763915, 0.30769635130071882] ; [0.29203875703549459, 0.25960455041217911, 0.28590695769259072, 0.22204055293928884, 0.08193874455802265]
840 ; 13 ; 222 ; 0 ; [0.21213643644981237] ; [0.0310421346576032]
840 ; 13 ; 222 ; 2 ; [0.017052632234842286, 1.011522557972734] ; [0.068475762877780399, -0.0089292716096477601]
840 ; 13 ; 222 ; 3 ; [1.2432498937720367] ; [0.27496143364151382]
840 ; 13 ; 222 ; 4 ; [0.24535586837475801] ; [0.033223213257779188]
840 ; 13 ; 222 ; 10 ; [0.23474349570480205] ; [0.095531475974381677]
840 ; 13 ; 223 ; 0 ; [0.22603456574748804, 0.27355569766055943, 0.25242448669819922] ; [0.22758624908582678, 0.36391130022639828, 0.18706515525037409]
840 ; 13 ; 225 ; 0 ; [0.17778771587876518] ; [0.17953989856276895]
840 ; 13 ; 225 ; 1 ; [0.021787855948803763] ; [0.07066018087123617]
840 ; 13 ; 225 ; 3 ; [1.0430698339562301] ; [0.21856231565587761]
840 ; 13 ; 226 ; 4 ; [1.8863427750857433] ; [1.799652838294959]
840 ; 13 ; 226 ; 5 ; [1.0141943078948017] ; [0.92751551204719762]
840 ; 13 ; 227 ; 0 ; [1.8917722537129853] ; [0.54951590552760565]
840 ; 13 ; 227 ; 1 ; [1.0115235318218645] ; [0.73644031168311086]
840 ; 13 ; 227 ; 3 ; [1.0810419010582124] ; [1.9509867864405814]
840 ; 13 ; 227 ; 4 ; [1.7720594586074065] ; [1.0948851736000098]
840 ; 13 ; 227 ; 5 ; [3.035260811643262] ; [0.6928215755373911]
840 ; 13 ; 227 ; 17 ; [4.2286273989743508] ; [1.5739323836373649]
840 ; 13 ; 227 ; 18 ; [3.0938651790445828] ; [2.1090787347991524]
840 ; 13 ; 227 ; 21 ; [1.3339120852375417] ; [1.0715071181301776]
840 ; 13 ; 227 ; 22 ; [4.0996049534833059] ; [1.7084279062283887]
840 ; 13 ; 227 ; 27 ; [1.8790399221733671] ; [1.7326338740331739]
840 ; 13 ; 227 ; 28 ; [1.6406277013730153] ; [2.3551294659077229]
840 ; 13 ; 227 ; 29 ; [1.5890556782916117] ; [1.3450254607824559]
840 ; 13 ; 227 ; 30 ; [1.4342567723423323] ; [1.126974300462197]
840 ; 13 ; 227 ; 32 ; [0.4372352671173324] ; [0.25814966435157]
840 ; 13 ; 228 ; 0 ; [8.0410492451332694] ; [1.7478663520419151]
840 ; 13 ; 228 ; 1 ; [4.9756531284265542] ; [2.2448697335925116]
840 ; 13 ; 228 ; 2 ; [5.3119909770652134] ; [0.70385838656717792]
840 ; 13 ; 228 ; 3 ; [3.4896500000179587] ; [5.977094609246798]
840 ; 13 ; 228 ; 4 ; [1.8178318806089018] ; [1.1223208958750641]
840 ; 13 ; 229 ; 3 ; [0.19046850552276312, 0.43577213760498346, 0.29756287434257372, 0.47809423821919206] ; [0.19866436781160779, 0.38958732048936257, 0.2327567563156642, 0.42267510659318314]
840 ; 13 ; 229 ; 4 ; [0.38618455261894363] ; [0.14863950741345269]
840 ; 13 ; 230 ; 0 ; [0.056463079507455133, 0.39821285571699955, 0.34549805557950836] ; [0.2585556009915348, 0.54558825268373801, 0.8027065344476757]
840 ; 13 ; 230 ; 1 ; [-0.0022858432353435047] ; [0.4478283374625357]
840 ; 13 ; 231 ; 2 ; [0.46606688208473784] ; [1.5478355605522287]
840 ; 13 ; 231 ; 3 ; [0.79770360625334213] ; [1.4918326403577058]
840 ; 13 ; 231 ; 5 ; [0.77479071864948823] ; [0.69907059155085916]
840 ; 13 ; 231 ; 6 ; [1.2822403486745686] ; [0.57518859452672022]
840 ; 13 ; 231 ; 8 ; [0.93358500460763816] ; [1.2341940175605737]
840 ; 13 ; 231 ; 9 ; [0.48125567387638835] ; [0.51886319850372198]
840 ; 13 ; 231 ; 10 ; [2.8960857061882108] ; [1.9902789796034028]
840 ; 13 ; 231 ; 11 ; [0.29988608376299863] ; [1.4262018555103166]
840 ; 13 ; 231 ; 12 ; [0.96469508801321713] ; [0.62253852499070961]
840 ; 13 ; 231 ; 13 ; [1.9338069777342597] ; [1.6424119142453883]
840 ; 13 ; 231 ; 14 ; [0.36391220623115833] ; [1.1169841596832604]
840 ; 13 ; 231 ; 15 ; [1.136398175393321] ; [1.0075304878610574]
840 ; 13 ; 231 ; 16 ; [3.8749083743073389] ; [1.6182463791725754]
840 ; 13 ; 231 ; 18 ; [1.2386643340732122] ; [0.64458598570224956]
840 ; 13 ; 231 ; 19 ; [1.4990397924070276] ; [4.5285016956695756]
840 ; 13 ; 231 ; 21 ; [1.0790472437022278] ; [1.5899147132971465]
840 ; 13 ; 231 ; 22 ; [1.8052821901633109] ; [1.0139276718402543]
840 ; 13 ; 231 ; 23 ; [1.684815918455] ; [0.79773328412435862]
840 ; 13 ; 231 ; 24 ; [0.78503509297854224] ; [0.68078491238602101]
840 ; 13 ; 231 ; 25 ; [0.58702409817610957] ; [0.50700679053192332]
840 ; 13 ; 231 ; 26 ; [0.32286179825681027] ; [0.5653886716368669]
840 ; 13 ; 232 ; 0 ; [0.14800598544488935, 0.23057015109228585] ; [0.1865417291159932, 0.32078299309080327]
840 ; 13 ; 232 ; 1 ; [0.057865544422956362, 0.21457398491828297] ; [1.0947323956955139, 0.20901155405078117]
840 ; 13 ; 233 ; 0 ; [5.2798762023838607e-05] ; [0.52325308838443529]
840 ; 13 ; 233 ; 3 ; [3.1666213947784239] ; [0.35386391337002154]
840 ; 13 ; 233 ; 6 ; [0.5170752572834203] ; [1.0970078428957386]
840 ; 13 ; 233 ; 7 ; [0.24896050620883026] ; [0.64466033318743077]
840 ; 13 ; 233 ; 9 ; [0.78846495168870412] ; [1.0968496605846958]
840 ; 13 ; 234 ; 0 ; [0.18376893758590507, 0.27129828193539968, 0.17731010249646967, 0.29515050975249124, 0.47104757660807423] ; [0.1990789474687272, 0.29911381291226469, 0.086364218524919892, 0.16949573407047971, 0.25939112724602087]
840 ; 13 ; 234 ; 1 ; [0.018167257559741024] ; [-0.010678269985670345]
840 ; 13 ; 234 ; 2 ; [0.46749879075840106] ; [0.044748897456243046]
840 ; 13 ; 235 ; 1 ; [1.609766562689827] ; [0.36982766400969375]
840 ; 13 ; 235 ; 2 ; [0.62097141054833527] ; [0.58436187883319857]
840 ; 13 ; 235 ; 3 ; [0.63456422362410447] ; [0.40328923697492375]
840 ; 13 ; 236 ; 0 ; [0.0059698070699305151, 0.045698729687919097, 0.063240493981808296] ; [0.16409951938194489, 0.20496724606181357, 0.19457831449553414]
840 ; 13 ; 237 ; 0 ; [0.13216667236026816, 0.45360552002960197, 0.17437045800813322, 0.13615816640553968, 0.025795812864724522] ; [0.27486345425173619, 0.28995722760820858, 0.18144954346487402, 0.26320243162034329, 0.2103751593497688]
840 ; 13 ; 238 ; 0 ; [0.094406740701517639, 0.14909258932250555, 0.066923573338907902] ; [0.14011060070006223, 0.20973809324202045, 0.12150939025531145]
840 ; 13 ; 239 ; 0 ; [0.25440022933691725, 0.25086577478283228] ; [0.25958590809453225, 0.15692500063826476]
840 ; 13 ; 239 ; 2 ; [0.17421962920810535] ; [-0.013928421974869246]
840 ; 13 ; 240 ; 0 ; [1.6369535093314402, 0.24928452991926398, -0.033723888837954796] ; [0.61971787874009954, 0.39061260521313129, 0.19141673735684606]
840 ; 13 ; 240 ; 1 ; [0.16377673744189628] ; [0.0078359169883204811]
840 ; 13 ; 240 ; 2 ; [1.1487431423612064] ; [1.9210681387356641]
840 ; 13 ; 240 ; 6 ; [-0.24483774499414446] ; [0.26014987050702937]
840 ; 13 ; 241 ; 0 ; [0.86217568601091998] ; [0.30092350646344579]
840 ; 13 ; 241 ; 1 ; [1.4909719288749932] ; [0.75990287705861259]
840 ; 13 ; 241 ; 2 ; [0.15634118602731301] ; [0.13634395660143908]
840 ; 13 ; 241 ; 3 ; [1.2646378513952146] ; [2.2626813269372836]
840 ; 13 ; 241 ; 4 ; [0.23135341941179674] ; [1.2828724241485971]
840 ; 13 ; 241 ; 6 ; [0.07041024532192805] ; [0.42323007652023298]
840 ; 13 ; 241 ; 10 ; [1.0679063156113158] ; [0.79169943000205212]
840 ; 13 ; 242 ; 1 ; [0.075892436184060941] ; [0.21109482431767776]
840 ; 13 ; 243 ; 0 ; [0.00034587867119035865, -0.0082246801372451196, -0.0060030530709886685, -0.00082894146042072729] ; [0.17540134378200642, 0.18283294123072721, 0.1764959646088845, 0.2435122531574079]
840 ; 13 ; 243 ; 1 ; [0.32598747787690247] ; [0.24377726749972398]
840 ; 13 ; 244 ; 0 ; [0.42340282935203655, 0.020242015837219345] ; [0.56403339746271852, 0.077721144514744114]
840 ; 13 ; 245 ; 0 ; [0.44177724205387697] ; [0.61810320995887102]
840 ; 13 ; 247 ; 1 ; [0.090971076524447664] ; [0.36062800087087526]
840 ; 13 ; 248 ; 0 ; [0.22826385590182946] ; [0.071020339165487931]
840 ; 13 ; 248 ; 1 ; [0.15528111904026842, 0.094417111978430793] ; [0.11505911080178673, 0.11098477594548099]
840 ; 13 ; 248 ; 2 ; [0.28956938192628884] ; [0.41317242259705877]
840 ; 13 ; 249 ; 0 ; [0.034129266242261098, 0.090187867409729866, 0.22273662212025913, 0.65478520565967246, 0.056828989543681721] ; [0.19145772794259436, 0.25004090030524051, 0.57945333852970005, 0.42306802794194348, 0.10085653205438543]
840 ; 13 ; 250 ; 0 ; [0.15515507726306585, 0.1647086626350511, 0.50953581631264044] ; [0.20042408079018462, 0.14544698713658008, 0.28489726447776659]
840 ; 13 ; 250 ; 1 ; [0.022031973517033537] ; [0.1351298779825765]
840 ; 13 ; 251 ; 6 ; [0.42884521866711317] ; [0.39980181952352234]
840 ; 13 ; 251 ; 9 ; [0.69793930219009837] ; [0.5938413840175979]
840 ; 13 ; 252 ; 0 ; [0.12165958460117177] ; [-0.049475156176146041]
840 ; 13 ; 254 ; 0 ; [0.42381182188350436, 0.89982548492065106] ; [0.27470535866671758, 1.0565927967371762]
840 ; 13 ; 255 ; 0 ; [0.33651673066471993] ; [0.6960012374462351]
840 ; 13 ; 255 ; 1 ; [0.57520982757799444] ; [0.27471663405584984]
840 ; 13 ; 255 ; 2 ; [0.0068152025316923154] ; [0.88343713343471442]
840 ; 13 ; 255 ; 4 ; [1.6084662903979769] ; [1.2841157997489925]
840 ; 13 ; 255 ; 5 ; [1.5399272082144166] ; [0.47189538484207327]
840 ; 13 ; 256 ; 0 ; [0.094646809018174266, 0.08381587220540096, 0.091304168971762051, 0.10328999754278877] ; [0.2376046066468375, 0.19317810822003989, 0.15462552276858549, 0.14709939648347323]
840 ; 13 ; 256 ; 1 ; [0.047992929681220667] ; [0.023836173053885159]
840 ; 13 ; 257 ; 4 ; [0.42553848621042839] ; [0.33074495480026445]
840 ; 13 ; 258 ; 0 ; [0.062164408719903912] ; [0.24551691135240886]
840 ; 13 ; 258 ; 1 ; [0.43650308865173681] ; [0.72890146599725947]
840 ; 13 ; 258 ; 5 ; [0.39103401647802094] ; [0.18349841501154784]
840 ; 13 ; 258 ; 6 ; [0.097556102937859532] ; [0.35886229925228103]
840 ; 13 ; 259 ; 0 ; [0.64486837823988852] ; [1.0952836407660131]
840 ; 13 ; 259 ; 1 ; [1.4743164460631295] ; [0.060262191321813888]
840 ; 13 ; 259 ; 5 ; [1.9548435843580809] ; [1.266929962647616]
840 ; 13 ; 259 ; 9 ; [1.1418643282473726] ; [1.2452438509714183]
840 ; 13 ; 259 ; 10 ; [0.42016809606229222] ; [2.9237333666085403]
840 ; 13 ; 259 ; 11 ; [2.3791746338762123] ; [1.9727691679155046]
840 ; 13 ; 259 ; 13 ; [2.1060493331640973] ; [1.0163308196157985]
840 ; 13 ; 259 ; 14 ; [2.3124515271394643] ; [2.0751064198858393]
840 ; 13 ; 259 ; 15 ; [2.1968215659910504] ; [0.83706393859578054]
840 ; 13 ; 259 ; 16 ; [1.622484456169897] ; [2.0549564253036565]
840 ; 13 ; 259 ; 17 ; [1.5775485286066782] ; [2.0785032091409641]
840 ; 13 ; 260 ; 0 ; [0.62548051291846107, 0.10950096590062623, 0.83717545722186826] ; [0.44858847074734415, 0.23849807646310758, 0.11017422582473264]
840 ; 13 ; 260 ; 1 ; [0.20344217392724345] ; [-0.0056279378122636786]
840 ; 13 ; 260 ; 2 ; [0.29471555340412109] ; [0.15471182631484262]
840 ; 13 ; 261 ; 14 ; [1.0983521971775352] ; [1.1868774633343722]
840 ; 13 ; 261 ; 17 ; [0.80662068969522083] ; [1.3452195646059106]
840 ; 13 ; 262 ; 0 ; [0.043391917595636979, 0.042623853634982195, 0.022146111292526759, 0.33563782121103025, 0.076911815320538535] ; [0.17547029046852386, 0.3105186222772921, 0.27276938397603545, 0.53824354897848747, 0.35527683754807049]
840 ; 13 ; 262 ; 5 ; [0.018578192585985167, 0.21979563749222289] ; [0.02863370260521032, 0.17903759399225219]
840 ; 13 ; 264 ; 0 ; [0.40021222499735543] ; [0.73823580045048776]
840 ; 13 ; 264 ; 1 ; [0.21205991302857799] ; [0.036688638052752826]
840 ; 13 ; 264 ; 2 ; [0.55750495342721151] ; [1.6621566819236402]
840 ; 13 ; 265 ; 0 ; [1.0841318052265831] ; [0.60945589938929823]
840 ; 13 ; 265 ; 3 ; [2.2663366762734589] ; [0.32180994618547965]
840 ; 13 ; 266 ; 0 ; [0.10536465775868148, 0.059144197360845314, 0.075003087846640934, 0.30248021727268676] ; [0.24081089337004893, 0.15431807652454393, 0.14627230685586312, 0.13228219228470273]
840 ; 13 ; 267 ; 0 ; [1.2385353786037914] ; [0.71462296359380706]
840 ; 13 ; 267 ; 1 ; [1.4370229800400143] ; [1.4236153055977965]
840 ; 13 ; 267 ; 5 ; [2.0564639531227118] ; [3.0210768654198343]
840 ; 13 ; 267 ; 12 ; [1.9948325312645636] ; [1.0262893397809376]
840 ; 13 ; 267 ; 15 ; [2.7943209771890953] ; [1.1669014945917093]
840 ; 13 ; 267 ; 19 ; [1.5450919891812609] ; [1.109767411872455]
840 ; 13 ; 267 ; 20 ; [2.4137313295906102] ; [0.74150404252598634]
840 ; 13 ; 267 ; 21 ; [1.621642248660454] ; [2.0114504866735783]
840 ; 13 ; 267 ; 22 ; [0.0051071896607519799] ; [0.3286414749209719]
840 ; 13 ; 267 ; 24 ; [1.4688131820050445] ; [2.0985506394788866]
840 ; 13 ; 267 ; 25 ; [1.642179502562664] ; [1.864600609839008]
840 ; 13 ; 267 ; 29 ; [1.6741256877430268] ; [1.0270783900399081]
840 ; 13 ; 267 ; 38 ; [1.5706505778879429] ; [1.1975083003231222]
840 ; 13 ; 268 ; 0 ; [0.064198418096324858, 0.075946610825277761, 0.0033593607312708594] ; [0.22929419263042658, 0.21588121605161201, 0.065023920764754287]
840 ; 13 ; 269 ; 0 ; [0.6008802982600433] ; [0.42801052142844936]
840 ; 13 ; 269 ; 1 ; [0.59390214509468431] ; [0.55251338145571993]
840 ; 13 ; 269 ; 3 ; [1.2165412845632206] ; [0.43874096466814583]
840 ; 13 ; 269 ; 4 ; [-0.03125427474572183] ; [2.0473968255227146]
840 ; 13 ; 270 ; 0 ; [0.12193918873649942] ; [0.082514004007082989]
840 ; 13 ; 271 ; 0 ; [0.23801191330411009, 0.18773583452659301, 0.17571481276623929, 0.097170249160675945] ; [0.33178778338976284, 0.11258528330636784, 0.15378323067542132, 0.18242625478544974]
840 ; 13 ; 272 ; 0 ; [0.87751080744787513] ; [0.0640483493383351]
840 ; 13 ; 272 ; 1 ; [0.11631700734778368] ; [0.14257847362722925]
840 ; 13 ; 273 ; 0 ; [0.60475037320431513] ; [2.7193965550282044]
840 ; 13 ; 273 ; 1 ; [0.79149461210800276] ; [1.3287134664955447]
840 ; 13 ; 273 ; 2 ; [0.55699450668261297] ; [0.69761313418489135]
840 ; 13 ; 273 ; 3 ; [0.019470394587626626] ; [0.55364523311583402]
840 ; 13 ; 273 ; 6 ; [1.9820955194119723] ; [1.6820069991571729]
840 ; 13 ; 273 ; 11 ; [0.96708149424178791] ; [5.0088351180301105]
840 ; 13 ; 274 ; 0 ; [-0.12857617849002256] ; [0.21323316588576335]
840 ; 13 ; 274 ; 1 ; [0.46121428640863099] ; [1.3816993604742318]
840 ; 13 ; 274 ; 8 ; [0.15151171755714657] ; [0.80223673305276377]
840 ; 13 ; 275 ; 0 ; [0.3027536733065801] ; [2.0883472313165434]
840 ; 13 ; 275 ; 1 ; [1.0440488627429505] ; [0.91236596419414462]
840 ; 13 ; 276 ; 0 ; [0.11374885234629147, 0.14608753358392276, 0.051050075833330252, 0.10968274476958138] ; [0.1744222589936516, 0.21291215323809659, 0.15377950548142494, 0.14510548162536194]
840 ; 13 ; 277 ; 0 ; [0.75729492032806001] ; [0.30155551097377992]
840 ; 13 ; 277 ; 1 ; [0.97366645097933757] ; [0.31008695761519023]
840 ; 13 ; 277 ; 5 ; [0.71049403992736226] ; [0.01569626625624684]
840 ; 13 ; 277 ; 6 ; [-0.034031602890986251] ; [2.9430229630269258]
840 ; 13 ; 278 ; 0 ; [0.24718886287657854] ; [0.36070134439431789]
840 ; 13 ; 278 ; 1 ; [0.27497186164214843] ; [0.24396488785263803]
840 ; 13 ; 278 ; 2 ; [0.76916528796338679] ; [1.2581300057769895]
840 ; 13 ; 278 ; 3 ; [1.1486442880296088] ; [1.1620056709168372]
840 ; 13 ; 278 ; 4 ; [0.95385285782732387] ; [1.5279299956082859]
840 ; 13 ; 278 ; 5 ; [1.0690682386050445] ; [0.13371653000621433]
840 ; 13 ; 278 ; 7 ; [0.73245595148759635] ; [-0.14888548057726139]
840 ; 13 ; 279 ; 0 ; [0.018847599231029629, 0.022926934934363246, 0.16100807369496897] ; [0.20535398157383264, 0.17997270938410806, 0.11725605822330709]
840 ; 13 ; 280 ; 5 ; [2.5879315730354455] ; [0.1349262961553522]
840 ; 13 ; 280 ; 9 ; [1.3102686068831393] ; [2.7302296136601329]
840 ; 13 ; 281 ; 0 ; [0.14029550207889499, 0.13719432026791648, 0.019019842365790254] ; [0.19563511453928298, 0.23613664877630802, 0.023738094248412386]
840 ; 13 ; 281 ; 1 ; [0.083311041016639165] ; [0.081529270102308343]
840 ; 13 ; 282 ; 0 ; [1.8958918931733943] ; [0.1162210831541957]
840 ; 13 ; 282 ; 1 ; [3.4664994865674386] ; [1.3003520140763292]
840 ; 13 ; 282 ; 2 ; [3.5382102208813624] ; [1.0409597386771712]
840 ; 13 ; 282 ; 4 ; [0.69039274050968957] ; [1.275525570081788]
840 ; 13 ; 283 ; 0 ; [0.96838582978026977] ; [0.034373566356625786]
840 ; 13 ; 283 ; 7 ; [1.6163455250677032] ; [0.18946645486678004]
840 ; 13 ; 283 ; 12 ; [1.9035696981751857] ; [0.020513425779011343]
840 ; 13 ; 283 ; 19 ; [1.6833367567521635] ; [1.8805153850171468]
840 ; 13 ; 283 ; 29 ; [0.151403472319214] ; [2.6406889375199243]
840 ; 13 ; 284 ; 0 ; [0.17157727277682747] ; [0.010075828511418528]
840 ; 13 ; 284 ; 1 ; [1.5883337056675619] ; [0.34010767668730613]
840 ; 13 ; 284 ; 2 ; [0.73671944507132647] ; [0.4099583540553266]
840 ; 13 ; 284 ; 3 ; [0.23955540888838905] ; [1.562871415890579]
840 ; 13 ; 284 ; 4 ; [0.95644864936334795] ; [0.3572584579306568]
840 ; 13 ; 284 ; 5 ; [0.2451134330865026] ; [0.83617181997707335]
840 ; 13 ; 285 ; 0 ; [0.018515204452167852, -0.0091193549926679614, -0.018125691184570841] ; [0.19784495941170713, 0.21090155623512463, 0.12118911605275377]
840 ; 13 ; 286 ; 0 ; [0.73265999807260085] ; [0.68817313016582149]
840 ; 13 ; 288 ; 0 ; [0.00023140516263039451, 0.066072009487476754] ; [0.4754562428511358, 0.13630332408063203]
840 ; 13 ; 289 ; 0 ; [0.11873330810672865] ; [0.14343209436143314]
840 ; 13 ; 289 ; 2 ; [0.095767901522851445] ; [-0.0079207626676596372]
840 ; 13 ; 289 ; 9 ; [0.076766620483492115] ; [-0.012772418122932875]
840 ; 13 ; 290 ; 0 ; [0.32194128872547473, 0.31324585589401738, 0.16529763580647003] ; [0.75487295194348991, 0.51310955894057042, 0.19717121782901414]
840 ; 13 ; 290 ; 1 ; [0.07684084994746429, 0.0089113735028379659] ; [-0.0015884415183151377, 0.015542921991260299]
840 ; 13 ; 291 ; 0 ; [0.14834828433277722, 0.18108487088783784, 0.15924988322850164] ; [0.21342869599503325, 0.17995434594148316, 0.032752677215366496]
840 ; 13 ; 291 ; 1 ; [0.29839608860625477] ; [0.20818814581874404]
840 ; 13 ; 291 ; 2 ; [0.24959900335774665] ; [0.087055361231523826]
840 ; 13 ; 293 ; 1 ; [0.4902411759907867] ; [0.73066496136438142]
840 ; 13 ; 293 ; 7 ; [1.1620165963761875] ; [-0.09470027314403516]
840 ; 13 ; 293 ; 10 ; [1.3824840115361217] ; [0.24507839979837615]
840 ; 13 ; 294 ; 0 ; [0.27019792024048433, 0.13096345018728095, 0.21640700624583095] ; [0.33170229799760753, 0.18530876628998935, 0.17353015230182087]
840 ; 13 ; 295 ; 0 ; [0.11282973780958178, 0.16993447247307533, 0.0036898857556044431] ; [0.2714147897633637, 0.20515863472641874, 0.08570426223964149]
840 ; 13 ; 295 ; 1 ; [0.071885192919508692, -0.023215396623505351] ; [0.24841909102536644, 0.098486442417794265]
840 ; 13 ; 296 ; 0 ; [0.095502916135274493, 0.20445424473328686, 0.066002391138154995, 0.047970180642271945] ; [0.2414921057606236, 0.24809614123831208, 0.15290507414331619, 0.17631436367243206]
840 ; 13 ; 297 ; 0 ; [1.4070100028495658] ; [0.8586956888217836]
840 ; 13 ; 297 ; 1 ; [0.038310751101510658] ; [1.5691593387753477]
840 ; 13 ; 298 ; 1 ; [1.4036617397993905] ; [1.4962476894035019]
840 ; 13 ; 298 ; 5 ; [2.0545865273679733] ; [1.981641832113449]
840 ; 13 ; 298 ; 7 ; [0.11238676999641474] ; [1.3190915951932423]
840 ; 13 ; 299 ; 0 ; [0.28147038994993145] ; [4.9146903374040249]
840 ; 13 ; 299 ; 2 ; [5.9625738638768047] ; [1.5678687341515305]
840 ; 13 ; 300 ; 0 ; [0.045821910870251142, 0.057022763927838629] ; [0.29236850673662995, 0.034601059544933289]
840 ; 13 ; 300 ; 1 ; [0.054932249100326444] ; [0.057907702363399864]
840 ; 13 ; 302 ; 0 ; [0.21691854058176921, 0.061438616139263831] ; [0.47434571920271579, 0.18413872623773933]
840 ; 13 ; 303 ; 0 ; [0.13605152698487746, 0.10967328764099096, 0.10596991643774827, 0.027389933330906634, 0.094546899574871016] ; [0.19449617819716686, 0.22303404899980422, 0.44985562325577211, 0.21392124718811317, 0.26929170577620071]
840 ; 13 ; 303 ; 1 ; [0.30356875241348419] ; [0.079461484612248195]
840 ; 13 ; 303 ; 2 ; [0.31130791164842897] ; [0.10211027633683672]
840 ; 13 ; 304 ; 2 ; [0.022549266425464305] ; [0.011314467032640118]
840 ; 13 ; 305 ; 0 ; [0.13883207471502299, 0.17595822343027165, 0.16420734202400444] ; [0.15955143472249941, 0.2287644017957928, 0.15846889280793894]
840 ; 13 ; 306 ; 0 ; [-0.00024081886598680807, 0.023085329491169961, 0.00077424123282225134, 0.031809572200337657] ; [0.15623791077747798, 0.17358546400725247, 0.23665393373644011, 0.14953993739617999]
840 ; 13 ; 306 ; 1 ; [0.12609517959189229, 0.34359949215764185] ; [0.25434439673671633, 0.14702965770125601]
840 ; 13 ; 306 ; 2 ; [-0.0050283927388627865] ; [-0.0033255100024084583]
840 ; 13 ; 307 ; 0 ; [1.6424065700754986, 2.2219931111566007] ; [-0.002622542816154606, -0.0081232804142583395]
840 ; 13 ; 307 ; 1 ; [1.1715096446741649, 2.4253573668443233] ; [0.087726975349702405, 0.035403004644046304]
840 ; 13 ; 307 ; 2 ; [0.19168944206644323] ; [0.15047003391687594]
840 ; 13 ; 307 ; 3 ; [1.7135989748076499] ; [0.12297948111680682]
840 ; 13 ; 307 ; 4 ; [2.0908834062415105] ; [1.0653302307857402]
840 ; 13 ; 307 ; 5 ; [1.1010252857509162] ; [1.5639187108635257]
840 ; 13 ; 307 ; 10 ; [0.92301738312306003] ; [1.096588714842951]
840 ; 13 ; 307 ; 11 ; [1.4023582379706998] ; [1.5114721982733195]
840 ; 13 ; 307 ; 14 ; [2.0774155157636542] ; [0.67726521959375696]
840 ; 13 ; 307 ; 15 ; [1.0979176211125119] ; [1.8712255076952016]
840 ; 13 ; 307 ; 17 ; [0.63037631819253848] ; [0.84137564649161567]
840 ; 13 ; 307 ; 22 ; [0.55887291252273608] ; [1.0754953230018627]
840 ; 13 ; 308 ; 0 ; [1.1682599949837218] ; [0.12673400267498205]
840 ; 13 ; 308 ; 2 ; [0.03447722691392175, 0.12097414414157637, 0.34963187565887022] ; [0.22248371855396695, 0.29539094498914631, 0.15844602011727374]
840 ; 13 ; 309 ; 0 ; [1.7808503447289423, 0.17550642269473085] ; [1.0155116866787279, 0.45116972023445817]
840 ; 13 ; 309 ; 1 ; [0.15973559807013205] ; [0.4865860822123505]
840 ; 13 ; 309 ; 3 ; [0.52014859377739742] ; [0.066620782820764335]
840 ; 13 ; 310 ; 0 ; [1.2120222319021863] ; [1.292660891643526]
840 ; 13 ; 310 ; 5 ; [1.4150638893828023] ; [0.033521524838822786]
840 ; 13 ; 310 ; 7 ; [4.9792356830954203] ; [2.2513028509189397]
840 ; 13 ; 310 ; 9 ; [2.7766754969170897] ; [2.2063625234008524]
840 ; 13 ; 310 ; 13 ; [2.2612070291777036] ; [2.4018385635710793]
840 ; 13 ; 311 ; 0 ; [0.10935328386159673] ; [0.5531051190856705]
840 ; 13 ; 311 ; 1 ; [0.23039551866104682, 0.47875949981523241] ; [0.018333067865453002, 0.26187698556945616]
840 ; 13 ; 311 ; 2 ; [0.97073612514050367] ; [0.40073364471610912]
840 ; 13 ; 311 ; 7 ; [0.65722307417043735] ; [0.025223404499417765]
840 ; 13 ; 311 ; 9 ; [1.0419968773111603] ; [0.021742313470838256]
840 ; 13 ; 312 ; 0 ; [0.15005952810235076, 0.33482933907775836, 0.23986966403975452, 0.88313716081146576, 1.0394072851887315] ; [0.015478095793939356, 0.23377854593171601, 0.17398211759760343, 0.74304211800489162, 0.32044116491316865]
840 ; 13 ; 312 ; 1 ; [0.30429522096351386] ; [0.14849680860461473]
840 ; 13 ; 313 ; 0 ; [0.24962217594799979, 0.20567637506107844, 0.35646843079157559, 0.16737797351854958] ; [0.22341213104012012, 0.17351511911952211, 0.20439943981522748, 0.15206390743664394]
840 ; 13 ; 313 ; 1 ; [0.43296492795809488] ; [0.46813242063319349]
840 ; 13 ; 314 ; 3 ; [0.20725851299472292] ; [0.549419548663582]
840 ; 13 ; 315 ; 0 ; [0.059816092767569877, 0.092351160418807351, 0.059896775428444557, 0.0533303054650296, -0.021053972823609494] ; [0.21539356923161937, 0.16399336665897082, 0.12926214799957311, 0.24588125874004149, 0.22891015718756233]
840 ; 13 ; 315 ; 1 ; [0.0047861776835276754] ; [0.15936452570784765]
840 ; 13 ; 316 ; 1 ; [0.42588096891700566] ; [0.14748216840997722]
840 ; 13 ; 316 ; 4 ; [0.60494614902366151] ; [0.11603251287077557]
840 ; 13 ; 317 ; 0 ; [0.36746492029229461, 0.15875582487871212] ; [0.25080192564125547, 0.20384960445116401]
840 ; 13 ; 317 ; 1 ; [0.23026136675741166] ; [0.093995372679685482]
840 ; 13 ; 317 ; 2 ; [0.092597795846727213] ; [0.22104641688959295]
840 ; 13 ; 317 ; 4 ; [0.05981317507817685] ; [0.16410908446865025]
840 ; 13 ; 318 ; 0 ; [0.26976003441734969, 0.27672735681555438] ; [0.15482635059554559, 0.16139763384269348]
840 ; 13 ; 318 ; 1 ; [0.18676646593383855] ; [0.78076189472608581]
840 ; 13 ; 318 ; 2 ; [3.3281168392686689] ; [0.58800141101655079]
840 ; 13 ; 318 ; 4 ; [0.2510375989868654] ; [0.36172064881799804]
840 ; 13 ; 318 ; 7 ; [0.39447634152847816] ; [0.73435633533523115]
840 ; 13 ; 319 ; 2 ; [0.58238175240767243, 0.73287568777646528, 0.28478896551918192, 0.17339691455585096] ; [0.73737653746697873, 0.54813523228012329, 0.18937655662872901, 0.15477228576590493]
840 ; 13 ; 320 ; 0 ; [0.57419067590540185, 0.054058078790099197, 0.32676687769810825, 0.032177224085278948] ; [0.11655921870778488, 0.40398331910479351, 0.30948306428736422, 0.030382679596603696]
840 ; 13 ; 320 ; 1 ; [0.47305919457840745] ; [0.055975103699284948]
840 ; 13 ; 321 ; 0 ; [0.1027882980049739] ; [0.018797994325665403]
840 ; 13 ; 321 ; 1 ; [0.49054472810266969] ; [0.27831302539060293]
840 ; 13 ; 321 ; 4 ; [2.2845304368731538] ; [2.1357081297264049]
840 ; 13 ; 321 ; 7 ; [0.12154509335679896] ; [1.1226207933346244]
840 ; 13 ; 321 ; 8 ; [0.86402492248793106] ; [1.7987213132040365]
840 ; 13 ; 321 ; 12 ; [1.8666670903568368] ; [1.2120295164921484]
840 ; 13 ; 321 ; 13 ; [1.0908726442688119] ; [1.3798996339253224]
840 ; 13 ; 321 ; 14 ; [2.5810525598326381] ; [1.4003389813142748]
840 ; 13 ; 322 ; 0 ; [0.023302025550706516] ; [0.10592836519073]
840 ; 13 ; 322 ; 2 ; [1.1864579991550883] ; [1.5274403390144726]
840 ; 13 ; 322 ; 3 ; [1.1781898300270852] ; [1.7609672052652718]
840 ; 13 ; 323 ; 0 ; [-0.0046455512824744392, 0.0015143855641932154] ; [0.26513255977714079, 0.020006400773227642]
840 ; 13 ; 324 ; 0 ; [0.89920422105856512] ; [0.32391490148605318]
840 ; 13 ; 324 ; 4 ; [-0.37769160417758113] ; [0.31970963037822253]
840 ; 13 ; 326 ; 0 ; [0.0078759618109686194, -0.018063415290001075, 0.055227856630249227] ; [0.18096265658170987, 0.16538434782757719, 0.17366825896823282]
840 ; 13 ; 327 ; 0 ; [0.10155406657091386, 0.071478189119004346, 0.082589287142999471] ; [0.19729309746976609, 0.22796347613564841, 0.14964766213605302]
840 ; 13 ; 327 ; 1 ; [0.53930318494053175] ; [0.038187404808008904]
840 ; 13 ; 328 ; 0 ; [0.46877645868583911] ; [0.98467022995510978]
840 ; 13 ; 328 ; 1 ; [0.71451756162000546] ; [1.2236154939468111]
840 ; 13 ; 328 ; 2 ; [1.1615924852061568] ; [1.2003152651630264]
840 ; 13 ; 328 ; 5 ; [2.1046307430651918] ; [0.64473076688079445]
840 ; 13 ; 328 ; 6 ; [0.72658503840967004] ; [1.3631681602229579]
840 ; 13 ; 328 ; 8 ; [0.9581325495723233] ; [3.023896323614879]
840 ; 13 ; 328 ; 10 ; [1.5765924676758081] ; [1.3816848065443783]
840 ; 13 ; 329 ; 0 ; [0.42963505823265014, 0.36522728751026678] ; [0.40955585788402626, 0.23801557379944849]
840 ; 13 ; 330 ; 0 ; [0.69999825250282155] ; [0.024082941338351437]
840 ; 13 ; 331 ; 6 ; [1.7545409374263978] ; [2.5383116996942512]
840 ; 13 ; 331 ; 9 ; [2.3885576659839849] ; [1.7859252710799092]
840 ; 13 ; 331 ; 10 ; [0.70975354377193611] ; [1.7301048568672541]
840 ; 13 ; 331 ; 13 ; [1.8153694429781402] ; [1.6746682533438078]
840 ; 13 ; 331 ; 18 ; [2.9523655627062491] ; [2.5439435253246216]
840 ; 13 ; 331 ; 19 ; [1.6150825122003594] ; [1.8758751586306541]
840 ; 13 ; 332 ; 0 ; [0.15473735717784073, 0.17906768894663774, 0.23833198725023427, 0.094258863627487435] ; [0.1722832956455872, 0.20782040589425124, 0.20439907659178613, 0.23909534649480463]
840 ; 13 ; 333 ; 0 ; [1.0674385746053139] ; [0.76340132875272326]
840 ; 13 ; 333 ; 1 ; [0.019573002607317196] ; [1.2364006755579573]
840 ; 13 ; 334 ; 0 ; [0.038589878446499769, 0.092828739102908203, 0.099273200664117545, 0.078037537338687124, 0.11695607899138616] ; [0.37793607478148722, 0.1706411599433266, 0.16300321322727046, 0.28523600882677497, 0.12278212507348878]
840 ; 13 ; 334 ; 1 ; [0.029805969107932789] ; [0.10564692330937271]