# Run ; Subrun ; Event ; Track ; Charge Ratios View 0 ; Charge Ratios View 1 #
840 ; 59 ; 1 ; 6 ; [-0.32428023693732033] ; [2.0671842274642334]
840 ; 59 ; 1 ; 9 ; [1.3732705101042828] ; [0.92846435743548161]
840 ; 59 ; 2 ; 0 ; [1.227329200587671] ; [0.8764954038983539]
840 ; 59 ; 2 ; 4 ; [2.8164106904487332] ; [0.98438783536738461]
840 ; 59 ; 2 ; 6 ; [0.77575316287935736] ; [1.4271455176058763]
840 ; 59 ; 2 ; 10 ; [2.197854205206935] ; [2.0355549252126619]
840 ; 59 ; 2 ; 11 ; [1.2383883276500833] ; [1.3331193664755616]
840 ; 59 ; 3 ; 0 ; [0.30327741571192646, 0.069900599433337915] ; [0.45239285072805702, 0.046798513217475184]
840 ; 59 ; 3 ; 1 ; [0.30582824295585609] ; [4.0516135387970511]
840 ; 59 ; 4 ; 0 ; [0.061754526148062504, 0.11798194777625294, 0.035442994812504909] ; [0.24560688761214661, 0.38239129834704416, 0.093069437309704087]
840 ; 59 ; 5 ; 0 ; [0.095508690221339926] ; [0.43804464340564847]
840 ; 59 ; 5 ; 8 ; [0.25743839413834879] ; [0.51798511304007111]
840 ; 59 ; 6 ; 0 ; [0.010579002414067763, 0.11280576618750383, 0.12645218699478003, 0.19209988652634682, -0.035956964384397584] ; [0.18989056021277664, 0.28428403133303742, 0.27528959490822014, 0.34585462581202187, -0.028897935169376818]
840 ; 59 ; 7 ; 4 ; [0.52690491100223746] ; [2.917494360765307]
840 ; 59 ; 7 ; 5 ; [3.1176285468801415] ; [0.85262813445116858]
840 ; 59 ; 8 ; 0 ; [3.1228541723602778] ; [0.49558534643817209]
840 ; 59 ; 8 ; 3 ; [2.4877002534758583] ; [1.4162399680752293]
840 ; 59 ; 8 ; 9 ; [2.2043420193093488] ; [2.3895486323190438]
840 ; 59 ; 8 ; 15 ; [0.0030892222566408401] ; [1.6085467765822217]
840 ; 59 ; 8 ; 16 ; [1.5854662988004202] ; [1.7499739295688987]
840 ; 59 ; 8 ; 18 ; [0.0046550404143687208] ; [2.3806602263419325]
840 ; 59 ; 8 ; 20 ; [0.5764842150498406] ; [2.1914224701479426]
840 ; 59 ; 8 ; 21 ; [1.6438573605064393] ; [1.5002827699067494]
840 ; 59 ; 8 ; 22 ; [2.4491163632869242] ; [2.4815752622340295]
840 ; 59 ; 8 ; 23 ; [1.3538145763592604] ; [1.0285121255367295]
840 ; 59 ; 9 ; 0 ; [0.41704336695148947] ; [0.23559975530576602]
840 ; 59 ; 9 ; 1 ; [0.090610955445507207] ; [0.2299017777953517]
840 ; 59 ; 9 ; 2 ; [1.1323820805294547] ; [0.92541003581104675]
840 ; 59 ; 9 ; 3 ; [1.1007204074097343] ; [5.8141772546924253]
840 ; 59 ; 9 ; 4 ; [2.4580351037139363] ; [3.260040859820978]
840 ; 59 ; 10 ; 0 ; [0.22887042667608476, 0.13067564733181955, 0.16513022948173861] ; [0.18502385653032669, 0.18169060020744646, 0.041645188850246109]
840 ; 59 ; 11 ; 0 ; [0.14407467246678854, 0.17483436892343662, 0.09501181888921377, 0.056041342739242453] ; [0.11922907913872663, 0.18395452143610222, 0.24240988267878116, 0.068564485871234399]
840 ; 59 ; 12 ; 0 ; [0.14076893242056673, 0.63891699520872769] ; [0.10115505052554512, 0.18579603925371901]
840 ; 59 ; 12 ; 1 ; [0.027587868363247486] ; [0.18083145504188791]
840 ; 59 ; 12 ; 4 ; [0.7204448249024703] ; [2.0886592202458618]
840 ; 59 ; 12 ; 6 ; [0.71797322525810803] ; [1.2247941918619052]
840 ; 59 ; 13 ; 1 ; [1.2914918308750905] ; [0.72541272539732804]
840 ; 59 ; 13 ; 8 ; [0.016150119597930803] ; [1.1922044860548568]
840 ; 59 ; 14 ; 1 ; [1.3661197855426213, 2.0799886091917079] ; [1.2993111316118771, 4.6569943569553436]
840 ; 59 ; 14 ; 2 ; [0.87426742463094742] ; [4.4393081886669155]
840 ; 59 ; 14 ; 4 ; [0.46864352896350159] ; [0.76681139111711449]
840 ; 59 ; 14 ; 5 ; [0.85597974543501476] ; [10.261564702127574]
840 ; 59 ; 15 ; 7 ; [0.83556485422989379] ; [1.6608810573159811]
840 ; 59 ; 16 ; 0 ; [1.0234254464210273] ; [0.31708367235657547]
840 ; 59 ; 16 ; 5 ; [1.9496711707149059] ; [0.35681526479509318]
840 ; 59 ; 17 ; 0 ; [0.90376089620808953, 0.12133729904061732] ; [0.12771455495221434, 0.1842205341964834]
840 ; 59 ; 17 ; 1 ; [0.50037642043249198] ; [0.21271230308650857]
840 ; 59 ; 17 ; 2 ; [0.058164799201915328] ; [0.015620948421105781]
840 ; 59 ; 18 ; 0 ; [0.048706864130505047] ; [-0.0010673084907149299]
840 ; 59 ; 18 ; 1 ; [0.0097815915184048235, -0.0042143287117886192] ; [0.03267249217533863, -0.029203738652973377]
840 ; 59 ; 19 ; 0 ; [0.57945200185844137] ; [0.77491772795307434]
840 ; 59 ; 19 ; 1 ; [0.5209815461013374] ; [3.4201094851482612]
840 ; 59 ; 19 ; 8 ; [1.4734791295987961] ; [0.32486342069995222]
840 ; 59 ; 19 ; 17 ; [2.276543754548463] ; [1.8235062672899753]
840 ; 59 ; 19 ; 20 ; [0.16856381879065105] ; [1.4643022256005522]
840 ; 59 ; 20 ; 0 ; [0.25664956896519231, 0.27552405061057766, 0.1611903551876829, 0.14084093928878952] ; [0.21102622074764216, 0.17989633253525389, 0.22766657875992563, 0.072154509755011878]
840 ; 59 ; 21 ; 0 ; [-0.019460177817159599, 0.048930387290723625, 0.26490618087121148, 0.18938540422325378, 0.006100921133300974] ; [0.28550612853439244, 0.33042341714524082, 0.70642547347754037, 0.61930057333732591, 0.23044683278591491]
840 ; 59 ; 21 ; 1 ; [0.22784923102991592] ; [1.405425655905536]
840 ; 59 ; 22 ; 0 ; [0.52061508723538652] ; [0.25379097263545375]
840 ; 59 ; 22 ; 1 ; [1.6730275225541533] ; [1.1526109431253417]
840 ; 59 ; 22 ; 2 ; [1.1754863804275979] ; [0.053427530100010057]
840 ; 59 ; 22 ; 3 ; [0.55744059298531723] ; [0.93633566031894711]
840 ; 59 ; 22 ; 7 ; [0.20033416185431449] ; [1.1091280919347897]
840 ; 59 ; 23 ; 0 ; [0.77766588233828082] ; [0.20216172301915802]
840 ; 59 ; 23 ; 1 ; [0.52949905793350427] ; [0.14410512409428453]
840 ; 59 ; 24 ; 0 ; [0.26133517896522962] ; [1.5099045834897562]
840 ; 59 ; 24 ; 1 ; [0.17065674112321039] ; [0.5187368597341111]
840 ; 59 ; 26 ; 0 ; [0.18251761218414764] ; [0.31188425273427456]
840 ; 59 ; 26 ; 1 ; [0.15315231818004824] ; [0.23094432877110352]
840 ; 59 ; 26 ; 2 ; [0.29719995242293235] ; [0.52203094665885219]
840 ; 59 ; 26 ; 4 ; [0.075093359976474691] ; [0.13799176374197181]
840 ; 59 ; 26 ; 7 ; [0.48753027123729298] ; [0.5231447118437782]
840 ; 59 ; 26 ; 8 ; [0.18489331883645588] ; [0.41919662852164291]
840 ; 59 ; 26 ; 14 ; [0.0031138327865522309] ; [0.013882161697377089]
840 ; 59 ; 26 ; 15 ; [1.5806975686712448] ; [0.14746408267767544]
840 ; 59 ; 27 ; 0 ; [0.99565210593552034] ; [0.94542436375052508]
840 ; 59 ; 27 ; 1 ; [0.91574454917865999] ; [0.40552384415404247]
840 ; 59 ; 27 ; 4 ; [0.26224803804374724] ; [0.29338420411307109]
840 ; 59 ; 27 ; 7 ; [1.1153910689615403] ; [0.1591715734316006]
840 ; 59 ; 27 ; 11 ; [0.20691568191692361] ; [0.15844950279169365]
840 ; 59 ; 27 ; 15 ; [9.4222747057670535] ; [0.18600618385912945]
840 ; 59 ; 27 ; 19 ; [0.36367717192017823] ; [0.31979597092484213]
840 ; 59 ; 27 ; 20 ; [0.21355771671674181] ; [0.095494804441866879]
840 ; 59 ; 28 ; 0 ; [0.30956771034643005, 0.25306726056178125, 0.65806473259992126] ; [0.16507394345204141, 0.21329861755826643, 0.30631043306947936]
840 ; 59 ; 29 ; 0 ; [0.51885755974681613, 0.18461923616833575] ; [0.64386374507364685, 1.076184779489137]
840 ; 59 ; 30 ; 0 ; [0.26490153029479768, 0.24608513819206107, 0.15487888556583657] ; [0.26014999975538444, 0.16703718878997839, 0.11962768953445652]
840 ; 59 ; 31 ; 0 ; [0.0002474802937968451, -0.0054864573027046627, -0.046816920871096762] ; [0.4269718172089515, 0.22132173013061346, 0.040286090680687482]
840 ; 59 ; 32 ; 0 ; [0.6226779232845312] ; [1.3505934402653141]
840 ; 59 ; 32 ; 2 ; [0.67129876425732593] ; [-0.020797611423838552]
840 ; 59 ; 32 ; 3 ; [1.8527891054825809] ; [1.6409365418954702]
840 ; 59 ; 33 ; 0 ; [0.34206042224380917, 0.26724506001919146, 0.29467992938093662, 0.28916400077426319] ; [0.16365208568088183, 0.2413997016581752, 0.36423132836964495, 0.30952782513792509]
840 ; 59 ; 34 ; 0 ; [1.194103789774615] ; [0.50147156921994418]
840 ; 59 ; 34 ; 3 ; [2.9661491542280682] ; [7.0683258372477482]
840 ; 59 ; 34 ; 4 ; [2.2663109605433913] ; [3.2174837620900854]
840 ; 59 ; 34 ; 6 ; [0.41792907954683689] ; [0.22864659580815963]
840 ; 59 ; 34 ; 11 ; [1.312465125986392] ; [-0.084665473800712682]
840 ; 59 ; 35 ; 3 ; [0.94940043175371336] ; [0.78636902912322337]
840 ; 59 ; 35 ; 7 ; [0.69496560668755902] ; [1.1628732474389067]
840 ; 59 ; 35 ; 11 ; [0.1479842290690192] ; [1.2864827398717031]
840 ; 59 ; 35 ; 21 ; [0.23022885011888541] ; [1.020940883496656]
840 ; 59 ; 36 ; 0 ; [0.12375793677501201, 0.069050869447385144, 0.086183528017018549, 0.075458942659669362, 0.027576717053563037] ; [0.23142555113475471, 0.15274432302722504, 0.14368260845120298, 0.10731653735984498, 0.14095173433873243]
840 ; 59 ; 37 ; 0 ; [-0.0063374953993369232, 0.53198073302841309] ; [0.01039119234982679, 0.33144313729561947]
840 ; 59 ; 37 ; 6 ; [0.72621312947906214] ; [0.48078824528442549]
840 ; 59 ; 38 ; 0 ; [0.25593195110739214, 0.13006760688048602, 0.10595282331207756, 0.19555503929138435] ; [0.10798667948607524, 0.13087840515372232, 0.33541221192990633, 0.39188877760405894]
840 ; 59 ; 39 ; 0 ; [0.46187423710445158] ; [4.3313489067723552]
840 ; 59 ; 39 ; 1 ; [1.0227597584433643] ; [1.2243044136824599]
840 ; 59 ; 39 ; 2 ; [0.69278107212270612] ; [1.1752078203631515]
840 ; 59 ; 39 ; 3 ; [0.14339443008418046] ; [9.325867458430146]
840 ; 59 ; 40 ; 0 ; [-0.0023159318833567062, 0.0026119054794754458] ; [0.15048378441339888, 0.15278420652277783]
840 ; 59 ; 41 ; 0 ; [1.1089511296606069, 0.40206059260148941] ; [1.2582826445409634, 0.23048549337299512]
840 ; 59 ; 41 ; 1 ; [0.87055602369483298] ; [0.32976172133636572]
840 ; 59 ; 41 ; 3 ; [0.75150113141381236] ; [0.11772703002955652]
840 ; 59 ; 42 ; 0 ; [0.12539021818695092] ; [0.086878914342584559]
840 ; 59 ; 42 ; 16 ; [0.40187815296123947] ; [0.86778011244951592]
840 ; 59 ; 43 ; 0 ; [0.21019975849979228, 0.21128262621933785, 0.36848057913165272, 0.12041854204120366, 0.051659460079369272] ; [0.14699495334039592, 0.22641888867708662, 0.53937981461962725, 0.23303272765096283, -0.0012967607472721412]
840 ; 59 ; 44 ; 0 ; [0.45036861987149807] ; [0.17107872903663407]
840 ; 59 ; 44 ; 3 ; [0.38926732369647266] ; [0.77645890452935529]
840 ; 59 ; 44 ; 4 ; [1.0633757250401534] ; [1.1175582409530707]
840 ; 59 ; 44 ; 5 ; [0.045164296011853115] ; [0.84531293197528479]
840 ; 59 ; 44 ; 7 ; [0.86294947408951883] ; [1.7156217209544606]
840 ; 59 ; 45 ; 0 ; [0.72159463595618256] ; [0.21692957058190956]
840 ; 59 ; 46 ; 0 ; [0.14348413959665662, 0.3299662635288686] ; [0.043322090262166761, 0.03955524239488304]
840 ; 59 ; 46 ; 1 ; [1.2409364789263602] ; [0.58309067526432234]
840 ; 59 ; 48 ; 0 ; [0.56286639044334585, 0.53231363931858178, 0.36125327037651239] ; [0.6869293604208816, 0.5177438724217881, 0.15425286566649674]
840 ; 59 ; 48 ; 1 ; [0.59981613716720172] ; [0.15715624854331872]
840 ; 59 ; 48 ; 3 ; [0.89049192351932416] ; [0.42342107723100941]
840 ; 59 ; 49 ; 0 ; [0.025199347838424355] ; [0.40361855918254391]
840 ; 59 ; 49 ; 1 ; [0.46309362805481674] ; [0.49625535072834853]
840 ; 59 ; 49 ; 2 ; [0.11763075111244767] ; [0.37476931895540672]
840 ; 59 ; 51 ; 0 ; [0.11871230394631643, 0.15600081992483567] ; [0.13599156454205702, 0.094880365538754396]
840 ; 59 ; 52 ; 0 ; [0.010892076038889285, -0.0072419807512630677, 0.011954880945860953, 0.028533925653493549] ; [0.28808858179810248, 0.14315094377690382, 0.13874927102883289, 0.10637464403533461]
840 ; 59 ; 53 ; 0 ; [0.17406008238970139, 0.16194253764842792, 0.15579959906765425, 0.2155119293224777] ; [0.22808916898960391, 0.22793572030324555, 0.14793628210083787, 0.16970192181891272]
840 ; 59 ; 53 ; 1 ; [0.075246801843261671] ; [1.5022780088495618]
840 ; 59 ; 54 ; 0 ; [0.81325710667816808, 1.0671146832380198] ; [0.18626554679965929, 0.030689957028021939]
840 ; 59 ; 54 ; 1 ; [0.14994923931611215] ; [0.53304910113601356]
840 ; 59 ; 57 ; 0 ; [0.34455953991994159] ; [0.29936994192563737]
840 ; 59 ; 57 ; 4 ; [-0.010525746796587332] ; [0.042615756710885452]
840 ; 59 ; 57 ; 7 ; [0.48418211556119867] ; [0.19388882092341028]
840 ; 59 ; 57 ; 9 ; [0.084838496009239053] ; [0.4094997444413328]
840 ; 59 ; 57 ; 15 ; [0.18573490344730781] ; [0.92253925250236357]
840 ; 59 ; 57 ; 16 ; [0.072413368888552515] ; [0.7493662684771577]
840 ; 59 ; 58 ; 2 ; [4.6288825993806544] ; [2.0519865340841088]
840 ; 59 ; 58 ; 3 ; [0.24861084574568093] ; [1.893805806397747]
840 ; 59 ; 58 ; 6 ; [2.9018925502765991] ; [2.7895202426999282]
840 ; 59 ; 59 ; 0 ; [0.26829502276155603, 0.20589599899425487, 0.51901793279065211] ; [0.19138068501521222, 0.15707489222249524, 0.13195350472539782]
840 ; 59 ; 59 ; 1 ; [0.049192466864760226] ; [-0.067988884372597716]
840 ; 59 ; 60 ; 0 ; [0.47745735849274218] ; [2.2530347763420759]
840 ; 59 ; 61 ; 0 ; [0.053301709240620013, 0.093575405205429354, 0.29230562778455105] ; [0.43220676737214936, 0.19842958310937145, 0.17925700662633173]
840 ; 59 ; 61 ; 1 ; [0.46852384503646388] ; [0.28431539330707306]
840 ; 59 ; 62 ; 0 ; [0.026576013445459176] ; [0.025290954116467673]
840 ; 59 ; 62 ; 1 ; [0.095539663412709572] ; [0.64978905081732952]
840 ; 59 ; 62 ; 6 ; [0.098147004962264889] ; [1.6907270123756915]
840 ; 59 ; 63 ; 0 ; [1.0837248005347959] ; [0.55263087047197368]
840 ; 59 ; 63 ; 3 ; [1.4385386371244389] ; [1.3975531180070915]
840 ; 59 ; 63 ; 4 ; [2.1185914097627156] ; [1.7976227182560192]
840 ; 59 ; 63 ; 5 ; [0.031852108066232961] ; [1.3056518378602]
840 ; 59 ; 63 ; 6 ; [0.017797239375755974] ; [0.94762029928536262]
840 ; 59 ; 64 ; 0 ; [0.43658496610761705] ; [0.87038985363343413]
840 ; 59 ; 65 ; 0 ; [0.13588460451760404, 0.51479234593531376] ; [0.24899320882992698, 0.092775160689427774]
840 ; 59 ; 66 ; 0 ; [-0.0064661701914736263, 0.033599571626084929, -2.6861592032363948e-05, 0.0090994177112404557] ; [0.15572530334483553, 0.17818192017707712, 0.18903637492851166, 0.14131929230339962]
840 ; 59 ; 67 ; 0 ; [0.36482620551925948] ; [0.81630986372228298]
840 ; 59 ; 69 ; 0 ; [0.37518540792861949, 0.61200373411416575] ; [0.19963197424059215, 0.1342950851544038]
840 ; 59 ; 69 ; 1 ; [0.29931975413458334] ; [0.073055809698624144]
840 ; 59 ; 69 ; 3 ; [5.2799399395569351] ; [2.1608057900111333]
840 ; 59 ; 69 ; 6 ; [1.3527920436919108] ; [1.5556558123068147]
840 ; 59 ; 70 ; 0 ; [0.17154464048175266] ; [0.24071378105658578]
840 ; 59 ; 71 ; 10 ; [1.9806489701278944] ; [0.69793219581724486]
840 ; 59 ; 72 ; 0 ; [1.3995469894412849] ; [0.26818672675296512]
840 ; 59 ; 72 ; 1 ; [-0.011207206778752149] ; [0.0082552416299870226]
840 ; 59 ; 72 ; 2 ; [1.7453288632757671] ; [0.71365060023821592]
840 ; 59 ; 72 ; 4 ; [-0.200261055129488] ; [1.8446355913461674]
840 ; 59 ; 72 ; 5 ; [0.54574122388919821] ; [1.1765065768610428]
840 ; 59 ; 72 ; 6 ; [3.4537321730976815] ; [1.2898532157833216]
840 ; 59 ; 74 ; 2 ; [0.84156967638566804] ; [0.90741242543514944]
840 ; 59 ; 74 ; 9 ; [0.52915738263297729] ; [0.88265528457353248]
840 ; 59 ; 75 ; 0 ; [0.18950961091447574, 0.46291266070804904, 0.13515840649520905] ; [0.17778172326107597, 0.21829745468448575, 0.17660409314611494]
840 ; 59 ; 75 ; 1 ; [0.46415005726083863] ; [-0.0036955461474849662]
840 ; 59 ; 76 ; 8 ; [3.3643929837783628] ; [1.4585547244967034]
840 ; 59 ; 77 ; 0 ; [0.075712391837545912] ; [0.033565389214549789]
840 ; 59 ; 77 ; 1 ; [0.18220990958245817] ; [0.060076080746892711]
840 ; 59 ; 78 ; 0 ; [0.15227440774752002, 0.060432422758635855, 0.011785248579963891] ; [0.4986987763483165, 0.16589021209620736, 0.12895492061476624]
840 ; 59 ; 78 ; 1 ; [0.039327613490212902] ; [0.02108945722149556]
840 ; 59 ; 79 ; 0 ; [0.18984158673850668, 0.21272387495083633] ; [-0.00043779987731426187, -0.007433454455412848]
840 ; 59 ; 79 ; 1 ; [1.0132596975191472] ; [0.51875282494431152]
840 ; 59 ; 79 ; 2 ; [0.33742124120152689] ; [0.19336826555349407]
840 ; 59 ; 80 ; 0 ; [0.3893299102891849] ; [0.48473715902066833]
840 ; 59 ; 81 ; 0 ; [0.23558384322610748, 0.29584123232090731, 0.17883230247913071, 0.12002401835070763] ; [0.16880382102772531, 0.16330655444063527, 0.17327724406989004, 0.10776253456213587]
840 ; 59 ; 82 ; 0 ; [0.1186416872334881] ; [0.036923577782278116]
840 ; 59 ; 82 ; 2 ; [0.76369223117841056] ; [0.51823512185962095]
840 ; 59 ; 82 ; 4 ; [0.29469993499800701] ; [0.23989603226392223]
840 ; 59 ; 82 ; 8 ; [1.2403301295180398] ; [0.90409176275511072]
840 ; 59 ; 82 ; 13 ; [1.2758896391001566] ; [0.73992996456064708]
840 ; 59 ; 82 ; 14 ; [2.3691851152075851] ; [1.150189876036035]
840 ; 59 ; 83 ; 0 ; [0.024940769612295886] ; [0.41495013881674575]
840 ; 59 ; 85 ; 0 ; [1.7491959885362502] ; [0.129939713514136]
840 ; 59 ; 85 ; 1 ; [1.8943050663980141] ; [0.5703873393359189]
840 ; 59 ; 85 ; 2 ; [1.5476114103257836] ; [1.5810805211197894]
840 ; 59 ; 85 ; 3 ; [2.2601437854762354] ; [1.0252390775631848]
840 ; 59 ; 85 ; 5 ; [0.89407183196699758] ; [1.5034738163987729]
840 ; 59 ; 85 ; 6 ; [1.2763511152841152] ; [1.6022929930744629]
840 ; 59 ; 85 ; 7 ; [1.2740584230016179] ; [0.89979411962848421]
840 ; 59 ; 85 ; 9 ; [2.5368776475329513] ; [1.4787171684939417]
840 ; 59 ; 85 ; 10 ; [0.093113898499605774] ; [0.078587222737845894]
840 ; 59 ; 85 ; 12 ; [2.194543073636269] ; [2.1583888225939587]
840 ; 59 ; 85 ; 13 ; [1.8151414543142517] ; [1.6074271907207967]
840 ; 59 ; 85 ; 14 ; [0.61350074427063761] ; [0.53372736527801523]
840 ; 59 ; 85 ; 15 ; [0.7634653654779856] ; [0.25841634967118238]
840 ; 59 ; 85 ; 17 ; [2.7777722648992129] ; [1.7346736464896266]
840 ; 59 ; 85 ; 18 ; [0.72030246676495668] ; [2.2524122542612837]
840 ; 59 ; 85 ; 19 ; [0.036300081194158569] ; [1.8587623960563493]
840 ; 59 ; 85 ; 20 ; [1.1537645188040389] ; [0.90368209963716239]
840 ; 59 ; 85 ; 24 ; [1.7222950865176376] ; [1.5976222954621291]
840 ; 59 ; 85 ; 25 ; [1.359643059626277] ; [0.55058747430373622]
840 ; 59 ; 85 ; 29 ; [0.73651006060561774] ; [1.885250515505682]
840 ; 59 ; 85 ; 31 ; [3.138781077078781] ; [1.6485024275005837]
840 ; 59 ; 85 ; 32 ; [0.26215455213443678] ; [0.82016703682479375]
840 ; 59 ; 85 ; 40 ; [1.0922491068127287] ; [3.0272005334261172]
840 ; 59 ; 85 ; 41 ; [1.4995911351797415] ; [0.25538409769922271]
840 ; 59 ; 85 ; 42 ; [2.1894005521409818] ; [3.9072400771549352]
840 ; 59 ; 85 ; 44 ; [0.040521383724721943] ; [0.6937000208652]
840 ; 59 ; 86 ; 0 ; [0.0043450189284186076, 0.0091910540589021789] ; [0.26843566622615311, 0.13094837715548785]
840 ; 59 ; 86 ; 3 ; [0.022473697721614505] ; [0.28547825680553762]
840 ; 59 ; 87 ; 0 ; [0.14296962190667123, 0.16286804036649716, 0.2683842619569734] ; [0.21971597923951586, 0.19103163797924702, 0.22145903067997186]
840 ; 59 ; 88 ; 0 ; [0.016200659467399365] ; [0.079460326047105345]
840 ; 59 ; 88 ; 1 ; [1.5476696664623246] ; [0.1566447570237422]
840 ; 59 ; 88 ; 8 ; [1.2117026806078581] ; [1.1894833388121877]
840 ; 59 ; 89 ; 0 ; [0.60802308182702658, 0.29951605671041504] ; [0.0071281200837951617, 0.023148502644465444]
840 ; 59 ; 89 ; 2 ; [1.267676767773084] ; [0.40357726787184306]
840 ; 59 ; 90 ; 0 ; [0.46871837359856966, 0.34473997791556832, 0.73874141106804714, 0.21264711250061144] ; [0.17697506935087864, 0.49922554799901941, 0.72011103091607487, 0.19713615633427453]
840 ; 59 ; 90 ; 1 ; [0.15085195507072532] ; [0.2058539635404352]
840 ; 59 ; 91 ; 1 ; [0.57171398477605262] ; [0.083507063753051988]
840 ; 59 ; 92 ; 0 ; [0.37594879284670679] ; [1.2689622812727759]
840 ; 59 ; 92 ; 1 ; [0.60319160762240487] ; [0.07450742207552935]
840 ; 59 ; 92 ; 3 ; [2.9159582604277334] ; [0.85989607793558054]
840 ; 59 ; 92 ; 7 ; [1.1116805095664957] ; [1.4295843470430194]
840 ; 59 ; 92 ; 8 ; [0.63277479039630036] ; [1.213222314787457]
840 ; 59 ; 92 ; 9 ; [1.9720671618352261] ; [1.7579966603209507]
840 ; 59 ; 92 ; 10 ; [1.009476804188407] ; [1.2499696174888659]
840 ; 59 ; 93 ; 0 ; [0.062680727237623995] ; [0.23174220671150067]
840 ; 59 ; 93 ; 1 ; [0.5607988558741609] ; [1.6706548050633929]
840 ; 59 ; 93 ; 2 ; [1.1228773262049121] ; [3.5950901077663762]
840 ; 59 ; 93 ; 3 ; [0.43932987315383559] ; [1.2774585294139507]
840 ; 59 ; 93 ; 5 ; [0.62713630001286669] ; [1.9397668138474249]
840 ; 59 ; 93 ; 7 ; [2.8013988871924504] ; [0.51924564670093898]
840 ; 59 ; 93 ; 11 ; [3.6145896342181389] ; [0.29989600737208277]
840 ; 59 ; 93 ; 15 ; [2.0727091226398331] ; [2.4736815964992167]
840 ; 59 ; 94 ; 0 ; [0.23082453908753048, 0.2214300071824114, 0.43862084142335761, 0.15414702817964904, 0.043764432092239583] ; [0.12751581693060246, 0.23514235378875592, 0.42669729927812811, 0.18925423778959746, -0.0080651302643967859]
840 ; 59 ; 95 ; 0 ; [0.33976867953307466] ; [0.17216227194924047]
840 ; 59 ; 96 ; 0 ; [0.54989922768388588] ; [0.59099806910572927]
840 ; 59 ; 96 ; 2 ; [0.25430907295875016] ; [0.74485470444309521]
840 ; 59 ; 97 ; 0 ; [0.82341774073000129] ; [0.68728114919523542]
840 ; 59 ; 98 ; 0 ; [0.0019761819905858482] ; [-0.0043811024174293988]
840 ; 59 ; 98 ; 2 ; [0.017813327107622311, 0.21723939889194174, 0.59228721935254747] ; [0.26395956633004636, 0.86550713488673736, 0.67227473347701339]
840 ; 59 ; 99 ; 0 ; [0.54967377026328268, 0.86047250830612854] ; [0.23280306920758681, 0.40136741649494062]
840 ; 59 ; 99 ; 1 ; [0.1016179360353643] ; [0.084167888751051925]
840 ; 59 ; 99 ; 3 ; [0.13495077674980024, 0.24671079187352599] ; [0.017593463011779026, 0.12569233467024779]
840 ; 59 ; 100 ; 0 ; [0.1739859525512466, 0.19067576745243392, 0.3374046314421203, 0.20536672165310704] ; [0.24325119680801596, 0.17827000997668765, 0.27815820769232041, 0.22442429517336152]
840 ; 59 ; 101 ; 1 ; [4.7434751644526081] ; [0.82263175914878939]
840 ; 59 ; 102 ; 0 ; [0.036020323178445453, 0.031298733991209936, 0.07211154036985136] ; [0.10309829308088207, 0.19488203624886155, 0.095356319145106422]
840 ; 59 ; 103 ; 0 ; [1.2533661682305108] ; [0.18574413006148127]
840 ; 59 ; 103 ; 1 ; [0.30992714315355407] ; [0.48348228581267921]
840 ; 59 ; 103 ; 3 ; [1.1239015463217636] ; [1.5771193819572746]
840 ; 59 ; 103 ; 5 ; [1.1936087136862334] ; [0.92418189077859714]
840 ; 59 ; 104 ; 0 ; [0.11972660907818865, 0.019463992938386434] ; [0.12599815374676862, 0.095494878812378753]
840 ; 59 ; 105 ; 0 ; [0.24964176126845575] ; [0.06517094025783858]
840 ; 59 ; 105 ; 11 ; [2.8629494399295337] ; [0.26941119573210964]
840 ; 59 ; 105 ; 13 ; [1.1333898794319042] ; [1.5703877895977514]
840 ; 59 ; 105 ; 23 ; [0.10081247508458686] ; [1.9064357175491644]
840 ; 59 ; 105 ; 24 ; [0.069958725381659592] ; [1.8796613569097607]
840 ; 59 ; 105 ; 26 ; [1.8902558298215859] ; [0.90809153130362119]
840 ; 59 ; 106 ; 0 ; [2.1089862463200464] ; [1.3369377265131492]
840 ; 59 ; 106 ; 3 ; [0.65167347828770428] ; [1.0398631007175032]
840 ; 59 ; 106 ; 7 ; [0.45778307484067726] ; [2.0857019381693895]
840 ; 59 ; 107 ; 0 ; [0.87088963299268984, 1.6130563957135364] ; [1.4129058036633191, 1.447799619373245]
840 ; 59 ; 107 ; 1 ; [0.51157520152596336] ; [0.66276036015138085]
840 ; 59 ; 107 ; 2 ; [0.22776808273608104] ; [0.027420766775941394]
840 ; 59 ; 107 ; 4 ; [0.36549726828880064] ; [0.42802457206400074]
840 ; 59 ; 107 ; 6 ; [2.1999355126971119] ; [1.8243146249628639]
840 ; 59 ; 107 ; 7 ; [1.6421266569360611] ; [1.6951121433103828]
840 ; 59 ; 107 ; 10 ; [2.0368301339480106] ; [0.38155256050096475]
840 ; 59 ; 107 ; 11 ; [1.0944498365153255] ; [0.84746247748145398]
840 ; 59 ; 107 ; 14 ; [0.77887864298854703] ; [0.34654603351722729]
840 ; 59 ; 107 ; 15 ; [2.7085925171331757] ; [2.493302278443704]
840 ; 59 ; 108 ; 0 ; [-0.0034977931143868489, -0.033961055041400096] ; [0.1874543261354632, 0.0804284024216078]
840 ; 59 ; 110 ; 0 ; [0.43476552506469157] ; [0.28849832722189345]
840 ; 59 ; 111 ; 0 ; [0.80257808131930708] ; [0.88218673947025172]
840 ; 59 ; 111 ; 2 ; [0.57265903513258753] ; [0.12620199506863591]
840 ; 59 ; 111 ; 4 ; [1.0824011593206504] ; [0.6355963637965073]
840 ; 59 ; 111 ; 5 ; [3.2465053988537567] ; [1.9072018333018219]
840 ; 59 ; 111 ; 9 ; [0.95639225936911709] ; [0.57504141658452079]
840 ; 59 ; 112 ; 0 ; [1.2398696839169472] ; [0.22836184195981241]
840 ; 59 ; 112 ; 2 ; [1.4375372282170973] ; [0.49410423082566379]
840 ; 59 ; 112 ; 3 ; [0.46775122177859391] ; [0.40251812577702573]
840 ; 59 ; 112 ; 12 ; [0.11177791783931432] ; [0.20278947653958895]
840 ; 59 ; 112 ; 13 ; [0.66331224666917776] ; [0.30800931570517254]
840 ; 59 ; 113 ; 0 ; [0.1738742399566271, 0.12775175063113034, 0.16028910159041751, 0.089660237413365124, 0.17055551108649031] ; [0.1587519761913716, 0.1529934078183631, 0.14548131559657904, 0.27177760104740578, 0.091934951732995818]
840 ; 59 ; 114 ; 0 ; [0.44372315190348383, 1.1106237576614491] ; [0.32274676631576832, 0.80460317820535165]
840 ; 59 ; 115 ; 1 ; [0.24890997265426637, 0.069780606134958387, 0.26284689198948125, 0.38410310868627318, 0.028186244915211323] ; [0.37162025374105573, 0.16835370660454194, 0.36811420730663358, 0.374650386546938, 0.023916604634047624]
840 ; 59 ; 116 ; 0 ; [0.13397757483802955] ; [0.16077546867676595]
840 ; 59 ; 116 ; 4 ; [0.083844295797515345, 0.0082227646680588084, -0.013040733241014381] ; [1.2882614408173494, 0.2954672552196374, 0.019026455123258221]
840 ; 59 ; 117 ; 0 ; [0.073879291780532, 0.041496035132480409, 0.17922491368527652] ; [0.17640451509184329, 0.26325747102441249, 0.26580382577079853]
840 ; 59 ; 117 ; 1 ; [0.46802680592085144] ; [0.080228277386890604]
840 ; 59 ; 117 ; 2 ; [0.0090510227186262372] ; [0.014221376870119377]
840 ; 59 ; 117 ; 4 ; [0.0092729077168502774] ; [0.052743132110705318]
840 ; 59 ; 118 ; 0 ; [1.1678713142935391] ; [0.50984565182333907]
840 ; 59 ; 118 ; 2 ; [2.090117781106823] ; [1.609821085934158]
840 ; 59 ; 118 ; 3 ; [1.4534487442633797] ; [3.3706551931224564]
840 ; 59 ; 118 ; 6 ; [1.7907583950573607] ; [1.6758204144829527]
840 ; 59 ; 118 ; 7 ; [2.1090742688541555] ; [3.0628543320088344]
840 ; 59 ; 120 ; 0 ; [0.41799099824414976] ; [0.30488664794469394]
840 ; 59 ; 120 ; 1 ; [0.34963802037900449] ; [0.23370408741249857]
840 ; 59 ; 120 ; 2 ; [1.6490786911740678] ; [0.54953631976559369]
840 ; 59 ; 120 ; 4 ; [1.4957855887608145] ; [1.1702118548863922]
840 ; 59 ; 120 ; 5 ; [0.59118752923983653] ; [0.70494838779073277]
840 ; 59 ; 120 ; 6 ; [0.24198239888237083] ; [1.4325504272259617]
840 ; 59 ; 120 ; 8 ; [1.4493985385474542] ; [1.2036972598458309]
840 ; 59 ; 120 ; 11 ; [0.41678607286199848] ; [0.67560173156536529]
840 ; 59 ; 120 ; 14 ; [0.17537822566429895] ; [0.70686872071022699]
840 ; 59 ; 120 ; 17 ; [4.0950334584164834] ; [1.2592204923846739]
840 ; 59 ; 121 ; 0 ; [0.4001073663798107] ; [0.34795850315690163]
840 ; 59 ; 121 ; 1 ; [0.43231807863157223] ; [0.36826957998541432]
840 ; 59 ; 122 ; 0 ; [0.069427938553497631, 0.017855100688768645, 0.048573357673961488] ; [0.15063224748538301, 0.19390633798557533, 0.09623361818625846]
840 ; 59 ; 123 ; 0 ; [0.16764509633461555] ; [0.30622892397264367]
840 ; 59 ; 124 ; 0 ; [0.08524303526271361, 0.022017038321617808, 0.095155919669475134, 0.57155416328165298, 0.14323822644466461] ; [0.092492405973744987, 0.13740119797445166, 0.23313512658622337, 0.47440035067729142, 0.3130708075938079]
840 ; 59 ; 125 ; 0 ; [0.1441303109556514, 0.080298928719369361, 0.050841567416700033] ; [0.29268684515745519, 0.20403592667988862, 0.053528753969281501]
840 ; 59 ; 126 ; 0 ; [0.067077468497054926, 0.084702920349330968, 0.04273112047786326] ; [0.20404424589523312, 0.23447565900647283, 0.1103854618580225]
840 ; 59 ; 127 ; 0 ; [0.058712283968383683] ; [0.0337426741299802]
840 ; 59 ; 128 ; 0 ; [0.097732007676108193] ; [0.14635630604544661]
840 ; 59 ; 128 ; 1 ; [0.061897638216915768] ; [-0.0016291725652325206]
840 ; 59 ; 129 ; 0 ; [0.22345867633595762, 0.17450175473954621, 0.087536963084175509] ; [0.33027753066827248, 0.44844691244438922, 0.046991151527732387]
840 ; 59 ; 129 ; 2 ; [0.21587287638642377] ; [0.082854327233130715]
840 ; 59 ; 129 ; 3 ; [0.13286231417345815] ; [0.47070569880083646]
840 ; 59 ; 131 ; 0 ; [0.1329689531735477, 0.16436189502913628] ; [0.32224533862483523, 0.25061600281287827]
840 ; 59 ; 131 ; 1 ; [0.032338904376728456] ; [-0.015867733173626459]
840 ; 59 ; 133 ; 0 ; [0.10431454377420596] ; [0.14662648296386477]
840 ; 59 ; 135 ; 0 ; [2.4134804939087173] ; [0.43305876511633518]
840 ; 59 ; 136 ; 0 ; [0.41172841268704197] ; [0.26415318562712775]
840 ; 59 ; 136 ; 1 ; [0.09629710832204412] ; [-0.00031792049756733159]
840 ; 59 ; 136 ; 3 ; [0.72741023926433901] ; [0.30358989078710202]
840 ; 59 ; 136 ; 4 ; [1.9882538263540512] ; [4.6584006463538472]
840 ; 59 ; 136 ; 8 ; [0.19978375446952029] ; [0.92787235730715856]
840 ; 59 ; 136 ; 9 ; [1.3527961353431097] ; [0.56532253659921827]
840 ; 59 ; 136 ; 11 ; [0.021665735879369673] ; [2.3611170308570042]
840 ; 59 ; 137 ; 0 ; [0.061695281579303041] ; [0.10188625503725941]
840 ; 59 ; 137 ; 1 ; [1.4807342449326388] ; [1.4878756809106024]
840 ; 59 ; 138 ; 0 ; [0.057382627594797272, 0.13453716467666968] ; [0.26164214352814341, 0.11071504399063474]
840 ; 59 ; 139 ; 0 ; [0.062820801297906306, 0.0014480656741622181, 0.0047669917652969039, 0.068884035658616352, 0.0025317718402964591] ; [0.12827774948767737, 0.18495937716011909, 0.18936489175964999, 0.18801882278387833, 0.13220720626923349]
840 ; 59 ; 140 ; 0 ; [0.088632770733966776] ; [0.82296204516060356]
840 ; 59 ; 140 ; 1 ; [0.074524283045868764, 0.660056864271376] ; [0.027329051645482116, 0.69693689988959762]
840 ; 59 ; 140 ; 2 ; [0.96588845854067129] ; [0.53955025036929982]
840 ; 59 ; 141 ; 0 ; [0.67015875343915354] ; [0.62052964214156259]
840 ; 59 ; 141 ; 2 ; [0.78411901675798223] ; [0.54619015245166003]
840 ; 59 ; 142 ; 0 ; [0.0058155940926572372, 0.014571605352779371, 0.044274180942226932] ; [0.13995871178138061, 0.1908656420415529, 0.31271249620176206]
840 ; 59 ; 142 ; 1 ; [0.010598684061916287] ; [0.18847702457158005]
840 ; 59 ; 143 ; 0 ; [1.3330859373683275] ; [0.22925451893109516]
840 ; 59 ; 143 ; 1 ; [0.95470990352796392] ; [1.0095896548404459]
840 ; 59 ; 143 ; 9 ; [0.95445764592091042] ; [1.0261857765623523]
840 ; 59 ; 143 ; 13 ; [3.7153357357487216] ; [1.9345341278760879]
840 ; 59 ; 144 ; 0 ; [0.39146660584672494, 0.25056534014968157, 0.8536042844206182] ; [0.23377159536110537, 0.24308832522213161, 0.22986316029269852]
840 ; 59 ; 144 ; 1 ; [0.20973884674091364] ; [0.075396782345438063]
840 ; 59 ; 145 ; 0 ; [0.03161306530304013, 1.0976033444045163] ; [0.22460638463467286, 1.1043872160186068]
840 ; 59 ; 145 ; 3 ; [0.073071105979782169] ; [1.5508813421600944]
840 ; 59 ; 146 ; 0 ; [0.8025273891678002] ; [0.5757051908891675]
840 ; 59 ; 146 ; 2 ; [1.3944706013068131] ; [1.4076995777801724]
840 ; 59 ; 146 ; 4 ; [1.319956285979871] ; [1.998536843266836]
840 ; 59 ; 146 ; 6 ; [0.13039435125356821] ; [1.3509495417894748]
840 ; 59 ; 146 ; 7 ; [4.3895722303302085] ; [1.6696321323616039]
840 ; 59 ; 146 ; 10 ; [2.3335164356108211] ; [1.1332299583011152]
840 ; 59 ; 146 ; 12 ; [0.57148200202523003] ; [1.4400838753590657]
840 ; 59 ; 146 ; 14 ; [1.2242688964967403] ; [1.562140864484485]
840 ; 59 ; 146 ; 16 ; [1.829084190166806] ; [1.9684523325717305]
840 ; 59 ; 146 ; 17 ; [2.1260723977355012] ; [0.70881174939469538]
840 ; 59 ; 146 ; 18 ; [1.2985552201360713] ; [2.5492593454052646]
840 ; 59 ; 146 ; 21 ; [2.8410200997004047] ; [1.8621955876675895]
840 ; 59 ; 146 ; 23 ; [0.14611810320318763] ; [1.3550929644981202]
840 ; 59 ; 146 ; 24 ; [1.9564887704398941] ; [1.1794814719743716]
840 ; 59 ; 146 ; 27 ; [2.9114663137519896] ; [1.8881417897906967]
840 ; 59 ; 146 ; 29 ; [1.2678547935319102] ; [1.8110813295896717]
840 ; 59 ; 146 ; 30 ; [1.4735433968324179] ; [1.4162418388624165]
840 ; 59 ; 146 ; 31 ; [3.7659483541451952] ; [2.5542367953906795]
840 ; 59 ; 146 ; 33 ; [1.366144302951491] ; [5.0780474778852227]
840 ; 59 ; 146 ; 34 ; [9.5627046350964964] ; [0.89046265808143144]
840 ; 59 ; 146 ; 40 ; [0.15231135030159029] ; [1.2507260522798225]
840 ; 59 ; 146 ; 45 ; [1.8613099112508162] ; [2.4329840496801309]
840 ; 59 ; 146 ; 46 ; [2.2357889886511395] ; [3.7088237763966263]
840 ; 59 ; 147 ; 0 ; [0.44815183585761714] ; [0.15798158954541505]
840 ; 59 ; 147 ; 1 ; [0.12180522994451208] ; [0.19495825288876056]
840 ; 59 ; 147 ; 3 ; [0.064840938994826972] ; [0.014857975571385225]
840 ; 59 ; 147 ; 6 ; [0.79889266605656961] ; [0.63619840889866031]
840 ; 59 ; 148 ; 5 ; [0.025855353584798201] ; [0.035000104388909589]
840 ; 59 ; 149 ; 0 ; [0.051771370768330535, 0.015847937320765566, 0.023285787251140711, 0.018376907411724517] ; [0.18711541469397408, 0.14781472461656475, 0.17526431263843698, 0.034301499401975355]
840 ; 59 ; 150 ; 0 ; [0.35645424224550687] ; [1.5531940471411283]
840 ; 59 ; 150 ; 2 ; [2.7239120617726136] ; [1.0497429877787925]
840 ; 59 ; 150 ; 3 ; [1.0671682564149187] ; [1.6908838027277404]
840 ; 59 ; 150 ; 4 ; [1.8134843410209696] ; [1.756427382856232]
840 ; 59 ; 150 ; 5 ; [0.38464643240587015] ; [1.1780080925098695]
840 ; 59 ; 150 ; 8 ; [1.3919374616022711] ; [3.639289492179322]
840 ; 59 ; 150 ; 10 ; [1.7179167183935782] ; [2.1322965439101873]
840 ; 59 ; 150 ; 11 ; [6.0378776193085226] ; [1.5454252470386549]
840 ; 59 ; 150 ; 12 ; [6.8422097422933179] ; [1.1627782585816651]
840 ; 59 ; 150 ; 16 ; [3.6455108372459608] ; [1.5200890399279632]
840 ; 59 ; 150 ; 20 ; [0.25004457767821775] ; [0.26010966334921393]
840 ; 59 ; 150 ; 21 ; [2.5387919490943673] ; [0.52923227511847737]
840 ; 59 ; 150 ; 22 ; [1.9029468548926225] ; [1.0219137153159055]
840 ; 59 ; 150 ; 23 ; [1.4963869143675212] ; [2.1824246670465928]
840 ; 59 ; 150 ; 24 ; [0.84731498486251189] ; [5.0411414281559574]
840 ; 59 ; 151 ; 1 ; [0.50659736630195085] ; [0.27523719708187599]
840 ; 59 ; 152 ; 0 ; [0.16964948938380775] ; [0.29910283342912702]
840 ; 59 ; 153 ; 0 ; [0.45239945451284785] ; [1.063152597594496]
840 ; 59 ; 153 ; 3 ; [0.63497573389275619] ; [3.1196789202779684]
840 ; 59 ; 153 ; 5 ; [0.090552720955173055] ; [4.26500720492478]
840 ; 59 ; 153 ; 7 ; [0.12846081043741139] ; [1.5834920003033168]
840 ; 59 ; 153 ; 9 ; [0.73395926490215979] ; [1.4058252095471506]
840 ; 59 ; 153 ; 10 ; [0.13880317836209768] ; [0.63032460263932621]
840 ; 59 ; 154 ; 1 ; [0.20389587070681015] ; [0.21090847837136514]
840 ; 59 ; 154 ; 2 ; [0.13947675965578346, 0.18592445680209849] ; [0.28985751718836533, 0.1659194357416251]
840 ; 59 ; 155 ; 0 ; [0.45575295032222102] ; [0.54762592809963262]
840 ; 59 ; 156 ; 0 ; [-0.011501927219289835, -0.0024068668776343494, 0.040248601364468853, 0.030351458952797332] ; [0.12705199790979363, 0.21766226751663303, 0.2026263749930427, 0.088523758355416995]
840 ; 59 ; 157 ; 5 ; [0.82184117444424165] ; [0.24958838113106549]
840 ; 59 ; 158 ; 0 ; [0.17183114711091796] ; [0.19464597507968356]
840 ; 59 ; 159 ; 0 ; [0.1709355774803738] ; [0.16527736748139402]
840 ; 59 ; 160 ; 0 ; [0.73942774512485676] ; [0.21877687016511857]
840 ; 59 ; 160 ; 1 ; [1.5424403248993588] ; [0.87060656640006973]
840 ; 59 ; 160 ; 2 ; [1.4011182338628809] ; [0.26574785197086304]
840 ; 59 ; 160 ; 3 ; [0.82236608270753409] ; [0.085840563038103807]
840 ; 59 ; 160 ; 4 ; [0.3851347493472228] ; [0.35655170413772447]
840 ; 59 ; 160 ; 6 ; [0.65031136993369076] ; [0.8930900313298834]
840 ; 59 ; 160 ; 11 ; [0.77649680733067628] ; [2.3130410401134522]
840 ; 59 ; 160 ; 13 ; [0.22236093463061721] ; [0.73026097846999005]
840 ; 59 ; 160 ; 15 ; [1.0084231010445064] ; [1.7080875380057225]
840 ; 59 ; 160 ; 18 ; [2.0894213698598869] ; [1.7021513943516993]
840 ; 59 ; 161 ; 0 ; [0.12658102348958317, 0.11731137513313813, 0.17518803624213503] ; [0.18175135720379487, 0.15429580969906903, 0.21317107650014158]
840 ; 59 ; 162 ; 2 ; [2.0101731707855457] ; [3.3834159182878882]
840 ; 59 ; 162 ; 6 ; [0.93972840707689709] ; [1.2418649855637376]
840 ; 59 ; 162 ; 8 ; [2.2918209042881608] ; [1.943853684170612]
840 ; 59 ; 162 ; 10 ; [0.29073062763801977] ; [1.9476689379286964]
840 ; 59 ; 162 ; 11 ; [2.4465198747290109] ; [2.4572392025531107]
840 ; 59 ; 162 ; 13 ; [2.2228477127289246] ; [2.0494742261671801]
840 ; 59 ; 162 ; 14 ; [2.6537299633458207] ; [1.859492671446225]
840 ; 59 ; 162 ; 16 ; [1.6902764483001782] ; [8.4926608531200358]
840 ; 59 ; 162 ; 17 ; [1.3862976713628923] ; [0.12720395683992886]
840 ; 59 ; 162 ; 18 ; [1.5031259526895924] ; [1.6464717788148999]
840 ; 59 ; 162 ; 19 ; [1.2978836184354952] ; [3.1211557789296744]
840 ; 59 ; 162 ; 20 ; [0.22467365613875309] ; [3.8190039462164043]
840 ; 59 ; 163 ; 0 ; [0.035663855580121015, 0.0093411043385902299, 0.060894624887814136, 0.14207226737427925] ; [0.13496361965849396, 0.13896351371284282, 0.23761965356759232, 0.25911148878375667]
840 ; 59 ; 164 ; 0 ; [0.22276372298423688] ; [0.94060349580343106]
840 ; 59 ; 164 ; 1 ; [1.1094401360386648] ; [0.54475326000662305]
840 ; 59 ; 164 ; 2 ; [0.15789846208443414] ; [0.96963135610709161]
840 ; 59 ; 165 ; 0 ; [0.14529142009294591, 0.15670372699244237, 0.55883766096709386] ; [1.2015200846580603, 0.19341420919989408, 0.091701165138447158]
840 ; 59 ; 165 ; 1 ; [0.15328313651018688] ; [0.14249758786007907]
840 ; 59 ; 165 ; 4 ; [-0.016722277640669005] ; [0.016780390628715697]
840 ; 59 ; 166 ; 0 ; [0.69347355672809063, 0.22439696953342919] ; [0.27472401541152497, 0.052407617252008445]
840 ; 59 ; 168 ; 9 ; [1.6443311130882932] ; [0.59687626718060727]
840 ; 59 ; 169 ; 1 ; [2.6991848665074749] ; [2.7439396662001778]
840 ; 59 ; 170 ; 0 ; [0.037133403402847334, 0.04417436037555672, 0.097276997633559917] ; [0.17833562269498893, 0.24610568573510089, 0.11403297539126611]
840 ; 59 ; 170 ; 1 ; [0.0066482547482625241] ; [-0.0051214189204714473]
840 ; 59 ; 171 ; 0 ; [0.32725660767508707] ; [0.39037071562441356]
840 ; 59 ; 171 ; 1 ; [0.070923212384219059] ; [0.18307336264645555]
840 ; 59 ; 171 ; 2 ; [0.29882333927046384] ; [0.79538348976200512]
840 ; 59 ; 171 ; 3 ; [0.016106563119316703] ; [3.1423131472019348]
840 ; 59 ; 172 ; 1 ; [3.1029243528741222] ; [1.999147226337755]
840 ; 59 ; 172 ; 2 ; [0.097721687764385612] ; [1.6357247243817747]
840 ; 59 ; 172 ; 5 ; [0.045135433916221282] ; [3.4247124932552935]
840 ; 59 ; 172 ; 7 ; [2.2306849281066117] ; [1.9349088595797079]
840 ; 59 ; 172 ; 8 ; [3.1842170743075258] ; [1.6352094084538369]
840 ; 59 ; 172 ; 11 ; [0.061820347049717582] ; [1.5283044344879417]
840 ; 59 ; 172 ; 13 ; [0.013597713882554169] ; [2.4399674522146806]
840 ; 59 ; 172 ; 14 ; [0.061639830710469419] ; [1.499395333432483]
840 ; 59 ; 172 ; 18 ; [0.71276793416596174] ; [0.14391974353342732]
840 ; 59 ; 172 ; 19 ; [4.6198808559561062] ; [0.702150636223281]
840 ; 59 ; 172 ; 20 ; [2.0877405735040457] ; [2.1037660300793841]
840 ; 59 ; 173 ; 3 ; [1.3679816668009892, 0.45686399107228876] ; [2.0000372262855377, 3.8814644371887939]
840 ; 59 ; 173 ; 4 ; [0.54670144454511749, 1.2417460872007389] ; [2.9528584849064208, 0.58261090088274969]
840 ; 59 ; 173 ; 5 ; [1.8196526018705872] ; [1.875982064197308]
840 ; 59 ; 173 ; 12 ; [1.4396065712431521] ; [6.0367019348412887]
840 ; 59 ; 173 ; 14 ; [1.9062958003498784] ; [1.454550382474235]
840 ; 59 ; 173 ; 15 ; [1.5992021243596886] ; [2.4389848986764733]
840 ; 59 ; 173 ; 18 ; [1.9827482992989789] ; [2.7448209390636857]
840 ; 59 ; 173 ; 19 ; [1.6363589973477068] ; [1.6294143822214779]
840 ; 59 ; 173 ; 20 ; [0.74462858632919704] ; [0.49513116897491571]
840 ; 59 ; 173 ; 22 ; [1.6763690717751456] ; [1.6168448808112363]
840 ; 59 ; 173 ; 24 ; [0.28069898742691873] ; [2.6366838412685505]
840 ; 59 ; 173 ; 27 ; [2.1234418807257849] ; [2.0961476073735352]
840 ; 59 ; 173 ; 29 ; [1.5783601934444149] ; [4.1964343022173169]
840 ; 59 ; 174 ; 7 ; [1.0911564600282861] ; [1.5794672961249667]
840 ; 59 ; 174 ; 8 ; [1.8982087503451197] ; [1.8781698669832296]
840 ; 59 ; 174 ; 9 ; [0.20776602921335077] ; [1.9366421622670746]
840 ; 59 ; 174 ; 10 ; [0.10875397382827613] ; [1.1033981637754]
840 ; 59 ; 174 ; 11 ; [0.13543152035808384] ; [4.0574692855458432]
840 ; 59 ; 174 ; 12 ; [1.3108169654616624] ; [2.0320521794372635]
840 ; 59 ; 174 ; 14 ; [0.089469823549875913] ; [1.1494639267041928]
840 ; 59 ; 175 ; 1 ; [0.12798470379879948, 0.20899712642695861] ; [0.17150398049667789, 0.23126434000357016]
840 ; 59 ; 175 ; 2 ; [0.096238149807517812] ; [0.20958171079566035]
840 ; 59 ; 176 ; 0 ; [0.30883134915088206] ; [0.90543881819498073]
840 ; 59 ; 176 ; 5 ; [0.39921170703161196] ; [-8.4902079286938026e-05]
840 ; 59 ; 176 ; 18 ; [0.031804886188634307] ; [1.1680063285516968]
840 ; 59 ; 176 ; 20 ; [2.4806284384125443] ; [1.2298790644517625]
840 ; 59 ; 177 ; 0 ; [0.6768378014795845] ; [0.49264948465059721]
840 ; 59 ; 177 ; 1 ; [0.48564141937547123] ; [1.8122411460793701]
840 ; 59 ; 177 ; 2 ; [0.28996174469710767] ; [1.688809210346649]
840 ; 59 ; 178 ; 2 ; [0.38498812738838539] ; [0.63557127819922588]
840 ; 59 ; 178 ; 3 ; [0.14637468546261523] ; [2.2195644216579402]
840 ; 59 ; 178 ; 4 ; [0.78904048933395055] ; [1.1003180275421451]
840 ; 59 ; 178 ; 21 ; [0.36125842580629253] ; [1.0293555815524011]
840 ; 59 ; 178 ; 44 ; [1.1140481928259143] ; [1.3286410616904636]
840 ; 59 ; 179 ; 0 ; [0.14536794935267433] ; [0.21159000078688367]
840 ; 59 ; 179 ; 1 ; [0.31841021752784571] ; [0.18258516466679919]
840 ; 59 ; 179 ; 2 ; [0.074799731327603966] ; [0.024411006418603016]
840 ; 59 ; 180 ; 0 ; [0.0021985019947624277, 0.0025132341279357085, 0.010950983830664514, -6.9891118609966452e-05] ; [0.15068316258379197, 0.13738072043610358, 0.23114284240189739, 0.11704028751144965]
840 ; 59 ; 180 ; 1 ; [0.0086473507184188364] ; [0.26687356785332644]
840 ; 59 ; 181 ; 0 ; [0.33351229230032897, 0.11197309506715568] ; [1.9101539786466888, 0.22127313901454132]
840 ; 59 ; 182 ; 0 ; [0.38618090030916019] ; [1.8474772926222982]
840 ; 59 ; 182 ; 1 ; [1.7564890378285534] ; [1.4053919275119626]
840 ; 59 ; 182 ; 4 ; [11.802318724324019] ; [8.2851387724232559]
840 ; 59 ; 182 ; 6 ; [0.22754116247162526] ; [1.7228447575117556]
840 ; 59 ; 182 ; 7 ; [0.7108334610888225] ; [6.1936989719445901]
840 ; 59 ; 182 ; 8 ; [0.33485921634507892] ; [2.2129691784092751]
840 ; 59 ; 182 ; 12 ; [5.5608269912916857] ; [1.6402275226418062]
840 ; 59 ; 182 ; 14 ; [0.11563242822655817] ; [3.1467900507712518]
840 ; 59 ; 182 ; 15 ; [2.2568185594005978] ; [2.7615206313695806]
840 ; 59 ; 182 ; 17 ; [0.80921812890144551] ; [3.0030291379019594]
840 ; 59 ; 182 ; 18 ; [0.27225287739335108] ; [3.8198232377927392]
840 ; 59 ; 183 ; 1 ; [0.49766815309992213] ; [-0.020496262616337801]
840 ; 59 ; 183 ; 2 ; [0.20826358323519431] ; [0.069404109931482827]
840 ; 59 ; 184 ; 0 ; [0.20575110479017658, 0.098382400062105385, 0.17551048835314506, 0.046901422757474213] ; [0.15792955439761927, 0.26288870346817389, 0.20820863916744289, 0.10571988082559423]
840 ; 59 ; 185 ; 0 ; [-0.0025076964735191798, -0.016432893895913923] ; [0.19810190972704753, 0.2119884570991617]
840 ; 59 ; 186 ; 0 ; [0.64703071851036675] ; [0.3026555748082202]
840 ; 59 ; 186 ; 1 ; [0.58769158844006375] ; [2.8924844841776416]
840 ; 59 ; 186 ; 2 ; [0.23497708664185504] ; [2.0709859196390341]
840 ; 59 ; 186 ; 3 ; [2.7219775134934974] ; [0.073037489560075872]
840 ; 59 ; 186 ; 5 ; [0.78527973275786322] ; [1.5564816700142194]
840 ; 59 ; 186 ; 6 ; [3.3270564925056609] ; [0.32924027035339287]
840 ; 59 ; 186 ; 7 ; [0.9142276940989299] ; [1.3533669961650197]
840 ; 59 ; 186 ; 10 ; [1.3142950363952004] ; [1.1927075128267619]
840 ; 59 ; 186 ; 11 ; [1.8408795647734895] ; [2.0352189582744353]
840 ; 59 ; 186 ; 13 ; [1.184330639354751] ; [1.3119081274579931]
840 ; 59 ; 186 ; 14 ; [2.6135187481066091] ; [1.7794797699618199]
840 ; 59 ; 186 ; 15 ; [2.8687229010514557] ; [0.01493554830538908]
840 ; 59 ; 186 ; 16 ; [1.2236322329068281] ; [1.6269927100816677]
840 ; 59 ; 186 ; 19 ; [3.2404508146391948] ; [0.064875067864614763]
840 ; 59 ; 186 ; 23 ; [1.6617500609936944] ; [2.3251990838815053]
840 ; 59 ; 186 ; 25 ; [1.1609635070608568] ; [1.0520930161786217]
840 ; 59 ; 186 ; 26 ; [1.3670480959099518] ; [1.672234425952198]
840 ; 59 ; 186 ; 27 ; [1.6585433379806453] ; [1.8482119797168117]
840 ; 59 ; 186 ; 28 ; [1.2845525877629926] ; [3.2843300974931768]
840 ; 59 ; 186 ; 29 ; [1.5389599144403505] ; [1.9933239738819222]
840 ; 59 ; 186 ; 30 ; [6.4712182462729793] ; [2.4605416301475547]
840 ; 59 ; 186 ; 32 ; [1.5962379683651171] ; [1.2609747475903987]
840 ; 59 ; 186 ; 34 ; [2.8239534152925461] ; [0.62761666503032565]
840 ; 59 ; 186 ; 35 ; [1.3414667637576598] ; [2.5484711699680234]
840 ; 59 ; 186 ; 36 ; [0.48438563149951003] ; [0.99197139793591982]
840 ; 59 ; 187 ; 0 ; [0.20134914823917505] ; [0.21296987305787043]
840 ; 59 ; 187 ; 1 ; [0.32744511697149431] ; [0.16024820129354783]
840 ; 59 ; 187 ; 2 ; [2.3746303872970609] ; [0.45607542459450329]
840 ; 59 ; 187 ; 3 ; [0.50581081377353598] ; [0.12794478573753659]
840 ; 59 ; 188 ; 0 ; [0.14032982037454758, 0.12305858694277197, 0.43554192602844821] ; [0.1860309517695784, 0.1620780846499684, 0.086002274010784543]
840 ; 59 ; 189 ; 0 ; [0.025734380077044552, 0.045825118420626386, 0.026942247611311542] ; [0.18973379962737433, 0.2231012275601453, 0.11192771839210412]
840 ; 59 ; 189 ; 1 ; [-0.018033906773875803] ; [-0.023291399168454574]
840 ; 59 ; 190 ; 0 ; [0.0023695564555936718, -0.00066955300717174869, 0.10162031881081532, -0.010311730348908664, -0.0063637581313872255] ; [0.21285716805270821, 0.12915877698869013, 0.19983055176982203, 0.19609341042962328, 0.023476912320438741]
840 ; 59 ; 192 ; 0 ; [0.32855405809464733, 0.99550332164844835] ; [0.25868981766753452, 0.28052951153571259]
840 ; 59 ; 192 ; 1 ; [0.13460545937917334] ; [0.043012469447165955]
840 ; 59 ; 192 ; 3 ; [0.40344013799301415] ; [0.55203517353846976]
840 ; 59 ; 193 ; 0 ; [0.5231125829201736] ; [1.1846487446549918]
840 ; 59 ; 194 ; 0 ; [0.078696469917447137, 0.23512189105039955, 0.32280362380309285] ; [0.16887779572531866, 0.71107999038604408, 0.30274068776829366]
840 ; 59 ; 195 ; 0 ; [1.0237587444375622, 0.61800604619665012] ; [1.0678579882299446, 0.50755314400928953]
840 ; 59 ; 195 ; 1 ; [1.4584049602227802] ; [1.8975413259890181]
840 ; 59 ; 195 ; 4 ; [2.1125104825324099] ; [3.2135501403390281]
840 ; 59 ; 195 ; 6 ; [2.7840773529525649] ; [0.8544915078745966]
840 ; 59 ; 195 ; 12 ; [1.5737787366458513] ; [6.3614297503081838]
840 ; 59 ; 196 ; 1 ; [1.3326957376694448] ; [0.26594908675231188]
840 ; 59 ; 196 ; 2 ; [1.1947929144294096] ; [0.59158545344728386]
840 ; 59 ; 196 ; 3 ; [2.1806145220801976] ; [0.5570222030413774]
840 ; 59 ; 196 ; 5 ; [2.0928677941545479] ; [1.0944734557115139]
840 ; 59 ; 196 ; 6 ; [2.7635799776988099] ; [2.3363664250445879]
840 ; 59 ; 196 ; 7 ; [2.360269987456487] ; [1.7294638883134872]
840 ; 59 ; 196 ; 8 ; [1.8442165985429513] ; [4.4220045819605511]
840 ; 59 ; 196 ; 9 ; [2.3738527132015514] ; [0.019861169376567081]
840 ; 59 ; 196 ; 10 ; [1.7244542484031851] ; [3.5444149544291421]
840 ; 59 ; 196 ; 11 ; [1.4243264442526116] ; [1.0983614010762877]
840 ; 59 ; 196 ; 13 ; [1.9129730738618815] ; [0.92129066341505395]
840 ; 59 ; 196 ; 14 ; [2.6550616867699328] ; [3.162187153736141]
840 ; 59 ; 196 ; 15 ; [1.0381092890049795] ; [1.9160972098135243]
840 ; 59 ; 196 ; 17 ; [1.9150798975788745] ; [1.4641296774011521]
840 ; 59 ; 196 ; 18 ; [1.7984606730821138] ; [3.4737409343339523]
840 ; 59 ; 196 ; 20 ; [1.3711658898450916] ; [1.096657858568189]
840 ; 59 ; 196 ; 24 ; [3.1902038628569311] ; [1.2568048237241722]
840 ; 59 ; 196 ; 25 ; [1.9492535237538637] ; [3.1237041728904145]
840 ; 59 ; 196 ; 27 ; [2.2195397857416799] ; [2.0913885163431325]
840 ; 59 ; 196 ; 28 ; [2.1041905344720089] ; [2.3271433615625923]
840 ; 59 ; 196 ; 29 ; [1.8644895882561754] ; [2.4624012290360637]
840 ; 59 ; 196 ; 34 ; [0.96694665517449163] ; [2.369049837826978]
840 ; 59 ; 196 ; 37 ; [0.60892517541029711] ; [4.5626782892955262]
840 ; 59 ; 196 ; 52 ; [0.92262996521550056] ; [2.0367252423597999]
840 ; 59 ; 196 ; 53 ; [0.48081797602007514] ; [1.4331759299198805]
840 ; 59 ; 197 ; 0 ; [0.25889315119657297] ; [0.29749234002018443]
840 ; 59 ; 197 ; 1 ; [0.89611713572465224] ; [0.13150117048003349]
840 ; 59 ; 198 ; 0 ; [0.22513167262224543, 0.27673576621824791, 0.1827401010376882, 0.75735663027425493] ; [0.16117456530651669, 0.30269088069221645, 0.14302172150494952, 0.15045717507138359]
840 ; 59 ; 198 ; 1 ; [0.94154662669665923] ; [0.040338966864148257]
840 ; 59 ; 198 ; 2 ; [-0.003422178269902763] ; [0.086444558321472006]
840 ; 59 ; 199 ; 0 ; [0.59136448700436151] ; [0.18109555842062472]
840 ; 59 ; 199 ; 2 ; [1.0139527555423973] ; [0.52980615276345955]
840 ; 59 ; 199 ; 6 ; [0.72380512299432853] ; [0.73090328405595162]
840 ; 59 ; 199 ; 8 ; [1.2745561090166506] ; [2.2186314339607205]
840 ; 59 ; 199 ; 13 ; [0.017432048195788998] ; [2.2346957684634168]
840 ; 59 ; 200 ; 0 ; [0.41929001232854357] ; [0.31906125718528139]
840 ; 59 ; 200 ; 1 ; [0.31635234873467627, 0.36076275828150256] ; [0.023875651187602653, 0.47767835767704475]
840 ; 59 ; 200 ; 2 ; [0.43153896911058365] ; [0.21305125707451225]
840 ; 59 ; 200 ; 3 ; [0.09656196879678508] ; [0.094816948087342812]
840 ; 59 ; 201 ; 3 ; [1.081992397315354] ; [0.054312081767202869]
840 ; 59 ; 202 ; 2 ; [0.029377830000075246] ; [1.2989483251307588]
840 ; 59 ; 202 ; 4 ; [0.26658976381585686] ; [2.1412576396243175]
840 ; 59 ; 202 ; 5 ; [1.6968451410307428] ; [3.4435723996309293]
840 ; 59 ; 202 ; 7 ; [0.082705156531642801] ; [1.7155286514935122]
840 ; 59 ; 202 ; 8 ; [0.062212211991311432] ; [1.8458713605016948]
840 ; 59 ; 202 ; 11 ; [0.06479961956049933] ; [3.0360257801482784]
840 ; 59 ; 202 ; 12 ; [-0.0017011991552129237] ; [3.1451825192746585]
840 ; 59 ; 203 ; 0 ; [0.075344856718994782, 0.055191021695550527] ; [0.23487052093652541, 0.35304386562072171]
840 ; 59 ; 203 ; 1 ; [0.5008319986398444] ; [0.29324767127539664]
840 ; 59 ; 203 ; 2 ; [0.16281191539532625, 0.17059721050972576] ; [0.014665263606868489, 0.029881909893761424]
840 ; 59 ; 204 ; 1 ; [0.56684194146294975] ; [0.74639317627778046]
840 ; 59 ; 204 ; 3 ; [0.14705153031724888] ; [0.6542664168326886]
840 ; 59 ; 204 ; 4 ; [0.24452855633005752] ; [0.21013896292551465]
840 ; 59 ; 204 ; 7 ; [0.55724829179744451] ; [0.80812223373048975]
840 ; 59 ; 204 ; 10 ; [0.68135829551141358] ; [0.81425212354178933]
840 ; 59 ; 204 ; 11 ; [0.18505065109869528] ; [0.76627867289292706]
840 ; 59 ; 204 ; 12 ; [0.088344540050763323] ; [-0.014102792907526933]
840 ; 59 ; 204 ; 18 ; [0.24792547215696856] ; [0.64238228497145033]
840 ; 59 ; 205 ; 0 ; [0.077656231316320198, 0.07155241383416612] ; [0.17646617968225689, 0.22349212651168016]
840 ; 59 ; 206 ; 0 ; [0.54305368344258387] ; [0.94680345164211321]
840 ; 59 ; 206 ; 4 ; [1.7676203196972362] ; [0.51393852915236493]
840 ; 59 ; 206 ; 6 ; [1.9345249644426814] ; [2.7135353016991979]
840 ; 59 ; 206 ; 9 ; [0.94666149160365165] ; [2.6174744079206493]
840 ; 59 ; 207 ; 0 ; [0.25482749219820855] ; [0.21068406060968603]
840 ; 59 ; 207 ; 4 ; [0.81653956723169907] ; [-0.013154915132619901]
840 ; 59 ; 208 ; 1 ; [-0.056283368954402932] ; [0.04016634062099856]
840 ; 59 ; 209 ; 0 ; [0.19525682842825512, 0.39701915493738998, 0.17690087648084987] ; [0.17158581973981249, 0.42622217320003658, 0.43804939544918475]
840 ; 59 ; 209 ; 1 ; [-0.0016505056286315973] ; [-0.29101112353333802]
840 ; 59 ; 210 ; 0 ; [1.512685522570822] ; [0.08042827197986506]
840 ; 59 ; 210 ; 2 ; [0.43023457986810754] ; [1.87054321918439]
840 ; 59 ; 210 ; 6 ; [0.25143888352295046] ; [1.2655000959087976]
840 ; 59 ; 210 ; 7 ; [0.0059426337731523756] ; [1.5774621482356601]
840 ; 59 ; 210 ; 12 ; [0.76141958419364808] ; [2.2557161894280453]
840 ; 59 ; 210 ; 15 ; [0.60797949483538971] ; [0.51248229001239054]
840 ; 59 ; 210 ; 17 ; [0.40505284787484003] ; [2.2057109931427905]
840 ; 59 ; 210 ; 25 ; [0.13971203579548197] ; [1.7214158070395966]
840 ; 59 ; 211 ; 0 ; [0.098818439425771315, 0.044963433579537741, 0.13470718863255665, 1.0560831432401681] ; [0.15254819683277096, 0.14584097909573268, 0.15307040784503934, 0.58583094696452898]
840 ; 59 ; 211 ; 1 ; [0.22919316586047375] ; [0.2975028821702479]
840 ; 59 ; 212 ; 0 ; [0.23421044057457432, 0.052310171965100551] ; [0.33034377006292354, 0.024639770004035073]
840 ; 59 ; 212 ; 1 ; [2.1856778619924579] ; [0.14246365943058276]
840 ; 59 ; 213 ; 0 ; [0.11755007642872808] ; [-0.0076054749107328564]
840 ; 59 ; 213 ; 6 ; [0.11332127711582186] ; [-0.020455934459047136]
840 ; 59 ; 214 ; 0 ; [0.24253239158861617, 0.20444826082599149, 0.17255191323790336] ; [0.53716221963421573, 0.48615037290086383, 0.070551723720849224]
840 ; 59 ; 215 ; 0 ; [0.13099450346672104, 0.13671720487365263, 0.17168389945981924] ; [0.21179850706546513, 0.17923826814336713, 0.22250786066177908]
840 ; 59 ; 215 ; 1 ; [0.57572258169427926] ; [0.31988613832563007]
840 ; 59 ; 216 ; 0 ; [0.22949603002804006] ; [1.229834519697891]
840 ; 59 ; 216 ; 6 ; [2.3817238865185675] ; [0.62163576392005171]
840 ; 59 ; 216 ; 7 ; [1.4371915717754216] ; [1.2927946703352611]
840 ; 59 ; 216 ; 14 ; [1.5166079120574145] ; [3.3903728865128753]
840 ; 59 ; 216 ; 15 ; [10.442101179795806] ; [0.96463962598721398]
840 ; 59 ; 216 ; 17 ; [2.0463906546122179] ; [1.4507670931999133]
840 ; 59 ; 218 ; 0 ; [0.092417033374254054, 0.092533712384990696, 0.44542555590522709] ; [0.1551860070387488, 0.15594060248860986, 0.40215227849160207]
840 ; 59 ; 218 ; 1 ; [0.58407847833524285] ; [0.14753868994264538]
840 ; 59 ; 219 ; 0 ; [1.630309527200803] ; [0.44397457779319105]
840 ; 59 ; 219 ; 3 ; [0.077208574014722364] ; [1.4050267594739225]
840 ; 59 ; 219 ; 5 ; [0.92681468749424656] ; [0.049457356860140439]
840 ; 59 ; 220 ; 5 ; [1.2326627805889774] ; [1.5285701133671796]
840 ; 59 ; 220 ; 6 ; [1.1177199888640221] ; [0.8290951070484105]
840 ; 59 ; 220 ; 9 ; [1.3427823221637287] ; [1.2138552868948664]
840 ; 59 ; 220 ; 10 ; [1.6192610149792572] ; [0.6363101977515635]
840 ; 59 ; 221 ; 3 ; [0.17975905096135597] ; [0.95034422951857456]
840 ; 59 ; 222 ; 0 ; [0.31912984597870847] ; [0.067524917932770892]
840 ; 59 ; 222 ; 1 ; [0.13960620429393125] ; [0.040261017890575138]
840 ; 59 ; 222 ; 8 ; [0.49403521692750119, 1.0281689628414474] ; [0.40947218459375778, 0.72288396799039689]
840 ; 59 ; 223 ; 0 ; [0.28726458323705079, 0.21711691103548486, 0.21375958523745375, 0.27607782673660547] ; [0.23628127856431375, 0.12542808980601597, 0.21106215309829685, 0.18338369110362615]
840 ; 59 ; 224 ; 0 ; [0.53263537958475904, 0.067255176272267847, -0.023288023091962238] ; [0.42089646458988667, 0.21641630323204139, 0.022648480901771413]
840 ; 59 ; 225 ; 0 ; [0.1115470651814356, 0.046204819334850857, 0.029157488700516137] ; [0.12595503923520482, 0.11261440494498569, 0.17569260482468438]
840 ; 59 ; 226 ; 0 ; [0.28630432888478274] ; [3.5141084286630764]
840 ; 59 ; 226 ; 1 ; [0.44063018813413851] ; [0.44723063126355445]
840 ; 59 ; 226 ; 3 ; [2.4680966952329921] ; [1.6362778248293832]
840 ; 59 ; 227 ; 0 ; [0.27571192732952582] ; [1.0221011951046304]
840 ; 59 ; 227 ; 1 ; [0.5287543595757157] ; [1.6850615058434353]
840 ; 59 ; 227 ; 2 ; [1.5139489100489461] ; [1.6789344039178276]
840 ; 59 ; 227 ; 3 ; [0.065480879457361127] ; [0.64660551388779408]
840 ; 59 ; 227 ; 5 ; [1.9225264661545913] ; [1.5866119448083802]
840 ; 59 ; 227 ; 9 ; [2.5746299298682143] ; [4.6649090871923393]
840 ; 59 ; 227 ; 13 ; [0.34777300383033477] ; [2.2441042272725649]
840 ; 59 ; 227 ; 15 ; [0.39849596310688162] ; [0.4251993701159395]
840 ; 59 ; 227 ; 19 ; [0.53319654428356755] ; [0.25637048392854134]
840 ; 59 ; 228 ; 2 ; [0.090726034038581815, 0.15087208481972053, 0.054772686343846265] ; [0.25262029441157124, 0.24206808695329843, 0.14736524941131335]
840 ; 59 ; 229 ; 0 ; [0.46296436705699778] ; [0.37328281389891371]
840 ; 59 ; 229 ; 1 ; [-0.016241950729401527] ; [-0.012127600169277972]
840 ; 59 ; 230 ; 8 ; [1.2750935873274316] ; [2.4066785328804188]
840 ; 59 ; 230 ; 10 ; [1.9534971118397266] ; [1.3300723291228709]
840 ; 59 ; 230 ; 14 ; [0.081121019308677281] ; [0.95311506350626585]
840 ; 59 ; 230 ; 19 ; [2.7917705532203549] ; [2.1296323544780114]
840 ; 59 ; 230 ; 23 ; [0.049671015804093166] ; [0.62997878344669411]
840 ; 59 ; 230 ; 28 ; [20.891074849545515] ; [1.7565294182553945]
840 ; 59 ; 231 ; 1 ; [1.6844405034792231] ; [1.1751479632313315]
840 ; 59 ; 232 ; 0 ; [1.2682351180731064] ; [0.43797506884894644]
840 ; 59 ; 232 ; 1 ; [0.48951462638888527] ; [0.04270973635622119]
840 ; 59 ; 232 ; 2 ; [0.76895858020804309] ; [0.090030687964202605]
840 ; 59 ; 232 ; 5 ; [1.1508420275882818] ; [1.6021008582836671]
840 ; 59 ; 233 ; 0 ; [0.92544654329204834, 0.050457587555725721] ; [0.15690072809944336, 0.16890560619948899]
840 ; 59 ; 233 ; 1 ; [0.10534744983280746, 0.31088585081724829] ; [0.13092925079373055, 0.19485982812671204]
840 ; 59 ; 233 ; 2 ; [0.2166662643823293] ; [1.5498478506863709]
840 ; 59 ; 233 ; 3 ; [3.3628412166174448] ; [1.9758727756414747]
840 ; 59 ; 233 ; 5 ; [1.0985250025655124] ; [1.8755359361764072]
840 ; 59 ; 233 ; 7 ; [0.95340523136400668] ; [3.3134539743336719]
840 ; 59 ; 233 ; 8 ; [0.80179269269931175] ; [2.0019518359811057]
840 ; 59 ; 233 ; 9 ; [0.66694723095094821] ; [1.3208153768014776]
840 ; 59 ; 233 ; 10 ; [0.33541365049061389] ; [-0.05134769829267586]
840 ; 59 ; 233 ; 13 ; [1.9556645708530735] ; [1.3392975284787056]
840 ; 59 ; 233 ; 14 ; [1.507971442038647] ; [1.3631430933181186]
840 ; 59 ; 234 ; 0 ; [0.050160383928618699, 0.10245653205784958, 0.10302020020908277, 0.051660214691520656, 0.0087094628101105891] ; [0.17130264278546856, 0.13932248938636455, 0.23959229483595615, 0.13382397830320616, 0.026414045824072033]
840 ; 59 ; 235 ; 0 ; [0.21698360594899263, 0.057521003690812311] ; [0.18143651691419338, 0.12745240466225927]
840 ; 59 ; 235 ; 1 ; [0.22239553058843736] ; [0.4847784770270453]
840 ; 59 ; 235 ; 2 ; [1.0312622548851809] ; [0.79337457350232599]
840 ; 59 ; 236 ; 1 ; [0.53012356842239139] ; [1.4733130628335185]
840 ; 59 ; 236 ; 4 ; [4.2316078005929159] ; [1.361926814517596]
840 ; 59 ; 236 ; 10 ; [5.2410250334371584] ; [2.4327851768429736]
840 ; 59 ; 236 ; 12 ; [0.73459097279962304] ; [0.92306554429421761]
840 ; 59 ; 236 ; 13 ; [0.65635018375592158] ; [0.85333591659571306]
840 ; 59 ; 236 ; 15 ; [0.70590094524727853] ; [0.41822342619748454]
840 ; 59 ; 237 ; 0 ; [0.29895262491152957, 0.22167465921085952, 0.088996499096901618] ; [0.22254766731667366, 0.20496185060602606, 0.10032412835903987]
840 ; 59 ; 237 ; 1 ; [0.76566385685557048] ; [0.071765204914922123]
840 ; 59 ; 238 ; 1 ; [0.085246870448279929] ; [0.042455366351176492]
840 ; 59 ; 238 ; 8 ; [0.13491451314021671] ; [1.563926277992044]
840 ; 59 ; 239 ; 0 ; [0.53781388145743436, 0.03643575591933932] ; [0.35262294150658274, 0.10585170921145302]
840 ; 59 ; 239 ; 1 ; [0.42424524303041272] ; [1.0292319508372021]
840 ; 59 ; 239 ; 2 ; [0.33371158057271721] ; [0.84600297798599722]
840 ; 59 ; 239 ; 3 ; [0.32575101018460872] ; [0.64703651518862026]
840 ; 59 ; 240 ; 0 ; [0.22894190734311504, 0.24367353350317458, 0.22423182675205269, 0.36406479786024304, 0.10136277577193355] ; [0.13279097048889021, 0.2502200931924638, 0.18315138078081541, 0.57882381595756438, 0.078244730860402484]
840 ; 59 ; 240 ; 1 ; [0.069628396072508286] ; [0.14046182681476682]
840 ; 59 ; 241 ; 0 ; [0.014352118975226707, 0.011084858148753353, -0.010226620418471992] ; [0.38787486856925985, 0.21358348021108195, -0.020557992685719482]
840 ; 59 ; 241 ; 1 ; [0.022052550414943001] ; [0.34594851644023045]
840 ; 59 ; 242 ; 0 ; [0.21757953297027599] ; [0.030403582094136909]
840 ; 59 ; 242 ; 2 ; [0.29416794514057615, 0.092020353608077698, 0.13568602333495619] ; [0.41611668920495748, 0.54393288649616522, 0.33684813816252157]
840 ; 59 ; 243 ; 0 ; [2.0511690391736259] ; [1.8061431796110636]
840 ; 59 ; 243 ; 1 ; [3.5026354446129004] ; [2.0023904005435358]
840 ; 59 ; 243 ; 4 ; [0.29092294137917141] ; [1.8394941277783483]
840 ; 59 ; 243 ; 5 ; [1.0185359788425712] ; [1.4829202727077304]
840 ; 59 ; 243 ; 7 ; [2.5034194507406049] ; [1.9215784051240772]
840 ; 59 ; 243 ; 10 ; [0.081524096396809395] ; [5.3776697341882835]
840 ; 59 ; 243 ; 11 ; [0.098351568907695294] ; [2.0010847389642796]
840 ; 59 ; 243 ; 13 ; [0.21688251131912054] ; [3.3111329098780424]
840 ; 59 ; 243 ; 14 ; [0.15797410082620478] ; [2.7001084946621612]
840 ; 59 ; 243 ; 16 ; [0.19612744793976455] ; [1.8563536826006788]
840 ; 59 ; 244 ; 0 ; [0.15490120241584537, 0.15173875743473356, 0.13625845950177462] ; [0.13053424853338302, 0.14685662631243138, 0.17933675935066692]
840 ; 59 ; 246 ; 0 ; [0.72126687129852984, 0.39360166856671519] ; [1.0339070998619198, 0.37600501181549206]
840 ; 59 ; 247 ; 0 ; [0.25822352628210626] ; [0.3978995891145008]
840 ; 59 ; 247 ; 1 ; [0.14648968821126038] ; [0.48093138103311572]
840 ; 59 ; 248 ; 0 ; [-0.0020365005803703656, 0.036084409888355366, 0.0061260792750181016] ; [0.14602163388333245, 0.18086939905838204, 0.20346895910567581]
840 ; 59 ; 248 ; 1 ; [-4.8926953110892489e-05] ; [0.024868402213631218]
840 ; 59 ; 249 ; 0 ; [0.32237486612376992] ; [0.16682119868319312]
840 ; 59 ; 250 ; 0 ; [0.43308017964252626] ; [1.9289185469143317]
840 ; 59 ; 250 ; 1 ; [0.95207255525608669] ; [0.5654974851992951]
840 ; 59 ; 250 ; 2 ; [0.17313843839457965] ; [0.49232525035113006]
840 ; 59 ; 250 ; 5 ; [0.095097611644274091] ; [0.55010812993157276]
840 ; 59 ; 250 ; 11 ; [0.77042245805090659] ; [0.30047740043365784]
840 ; 59 ; 250 ; 14 ; [1.9470038709294371] ; [0.58228255698245812]
840 ; 59 ; 250 ; 21 ; [0.19688156311892296] ; [2.2580501238728989]
840 ; 59 ; 250 ; 29 ; [0.89939619030055162] ; [0.30409634922912454]
840 ; 59 ; 250 ; 30 ; [0.79713261862213813] ; [0.031821960783674788]
840 ; 59 ; 251 ; 0 ; [0.074956399915191707] ; [0.28221209430011174]
840 ; 59 ; 251 ; 1 ; [1.1024558893758936] ; [0.38310694864020645]
840 ; 59 ; 251 ; 3 ; [2.4004534749142232] ; [2.5199227617965549]
840 ; 59 ; 251 ; 8 ; [0.26308180396388203] ; [1.0827679665815859]
840 ; 59 ; 251 ; 12 ; [1.9466744190549079] ; [1.8074130582011723]
840 ; 59 ; 251 ; 13 ; [1.17779087560408] ; [1.8568849870563984]
840 ; 59 ; 252 ; 0 ; [0.21281573367889553] ; [-0.00857038991582635]
840 ; 59 ; 252 ; 1 ; [0.50665388821136959] ; [1.3606159875888764]
840 ; 59 ; 252 ; 2 ; [0.29882517359955379] ; [4.0404495564705787]
840 ; 59 ; 253 ; 1 ; [0.68398615387536732] ; [0.021999018993411692]
840 ; 59 ; 253 ; 3 ; [1.261092395613941] ; [1.3649475406139953]
840 ; 59 ; 254 ; 7 ; [1.6796196046203395] ; [1.5039988919630281]
840 ; 59 ; 255 ; 0 ; [0.14410009872007967] ; [0.26009420776435577]
840 ; 59 ; 255 ; 2 ; [0.081159555720714802] ; [0.0027816176143079657]
840 ; 59 ; 255 ; 4 ; [0.058274175026211246, 0.53346470312002303] ; [0.29414218164869732, 0.88168608887522415]
840 ; 59 ; 256 ; 0 ; [1.1565453867707287] ; [1.4992109153681812]
840 ; 59 ; 256 ; 1 ; [1.6738659893426486] ; [2.5134309418506864]
840 ; 59 ; 256 ; 2 ; [1.5726996274962448] ; [1.097304000473516]
840 ; 59 ; 256 ; 4 ; [1.3725756048571369] ; [2.10885926233107]
840 ; 59 ; 256 ; 5 ; [2.1118478031223091] ; [0.39972838748199035]
840 ; 59 ; 256 ; 6 ; [1.1876699060282681] ; [1.404362603626266]
840 ; 59 ; 256 ; 11 ; [2.8223003586997994] ; [1.803741225401712]
840 ; 59 ; 256 ; 13 ; [1.7410822382666857] ; [1.9402199898930297]
840 ; 59 ; 256 ; 14 ; [0.83356965546487827] ; [1.9330006877423773]
840 ; 59 ; 256 ; 20 ; [0.33776661218276527] ; [2.6152246835829942]
840 ; 59 ; 256 ; 22 ; [1.9620841666177535] ; [1.1652498187400144]
840 ; 59 ; 256 ; 23 ; [0.53703423939567996] ; [2.0441047529050533]
840 ; 59 ; 256 ; 30 ; [0.28661984617223607] ; [1.7020746888955207]
840 ; 59 ; 256 ; 33 ; [2.1395625828536935] ; [2.1482892167237342]
840 ; 59 ; 257 ; 1 ; [1.0568932417808212, 0.70715018875974256] ; [4.1892940564378343, 3.3707654175584554]
840 ; 59 ; 257 ; 3 ; [4.4703496915573213] ; [1.5168639454929222]
840 ; 59 ; 257 ; 7 ; [4.5256433498572255] ; [1.2344287662279374]
840 ; 59 ; 257 ; 9 ; [4.5636656700930507] ; [3.8698270084429249]
840 ; 59 ; 257 ; 15 ; [10.140994842890004] ; [4.2934126798857379]
840 ; 59 ; 257 ; 16 ; [2.0424791496722281] ; [4.6529143884984299]
840 ; 59 ; 257 ; 17 ; [2.7495592812402641] ; [5.7184950182555578]
840 ; 59 ; 257 ; 18 ; [4.9724034432525972] ; [2.7298397708815076]
840 ; 59 ; 258 ; 0 ; [0.20284538062284319, 0.01318683585719096] ; [0.23122245976926351, 0.1954707535816978]
840 ; 59 ; 258 ; 1 ; [0.15177068464283572] ; [0.17674535086068799]
840 ; 59 ; 258 ; 5 ; [0.23963232379429844] ; [0.29028403835137562]
840 ; 59 ; 259 ; 2 ; [0.047528219760928463] ; [1.2596952935073766]
840 ; 59 ; 259 ; 4 ; [0.33599110433811125] ; [2.2058046206808908]
840 ; 59 ; 259 ; 8 ; [0.14670519986323921] ; [0.19040673524074914]
840 ; 59 ; 259 ; 9 ; [0.5116205467415097] ; [0.52771687928099176]
840 ; 59 ; 260 ; 0 ; [0.27227194546370992] ; [0.024872964630152535]
840 ; 59 ; 260 ; 1 ; [0.86212280900867] ; [1.3357090506657792]
840 ; 59 ; 260 ; 2 ; [0.28157161194955038] ; [1.9249604462788252]
840 ; 59 ; 260 ; 5 ; [0.72682733350884277] ; [2.821037464150387]
840 ; 59 ; 260 ; 7 ; [0.58282330192407528] ; [9.3155371816385522]
840 ; 59 ; 261 ; 0 ; [0.37051868131580773, 0.20638858268760493, 0.13941061944310126, 0.18775453509655946, 0.014186531778509794] ; [0.26742449686881004, 0.23639812802148036, 0.2241918353646265, 0.33791722271771424, 0.052017512216374975]
840 ; 59 ; 263 ; 3 ; [0.86792882624392398] ; [0.063415952029507144]
840 ; 59 ; 264 ; 0 ; [0.14697335514187546] ; [0.88670794230818317]
840 ; 59 ; 265 ; 0 ; [0.039471992661175154, 0.059476774756041219, 0.058365289585142338] ; [0.1613241314385169, 0.20601270727821983, 0.1000897872324981]
840 ; 59 ; 265 ; 1 ; [0.16630913737882258] ; [-0.0004605740322524487]
840 ; 59 ; 266 ; 0 ; [-0.0026419992801509484] ; [0.036296626044190199]
840 ; 59 ; 266 ; 1 ; [0.18026408378352715] ; [0.32830396351521113]
840 ; 59 ; 266 ; 2 ; [1.1396965975147053] ; [0.96794264071111169]
840 ; 59 ; 266 ; 4 ; [0.17575969859127474] ; [0.21875663176599477]
840 ; 59 ; 268 ; 0 ; [5.0981717859620597] ; [0.17040615542702045]
840 ; 59 ; 268 ; 1 ; [0.76276919868285098] ; [0.22442031324839293]
840 ; 59 ; 268 ; 2 ; [0.27043959598936917] ; [0.080284802952904327]
840 ; 59 ; 268 ; 3 ; [0.14688640077763707] ; [2.294031427530943]
840 ; 59 ; 268 ; 4 ; [0.047154227840446664] ; [-0.01245902581461706]
840 ; 59 ; 268 ; 6 ; [0.63600933543533178] ; [0.22480041052729779]
840 ; 59 ; 268 ; 8 ; [1.5896975497558665] ; [0.77670425133840348]
840 ; 59 ; 268 ; 9 ; [1.2681276150762268] ; [0.49300333767143728]
840 ; 59 ; 268 ; 11 ; [0.07379075623923137] ; [0.62926403386581375]
840 ; 59 ; 268 ; 12 ; [0.052561623333126466] ; [0.43497085001096425]
840 ; 59 ; 268 ; 13 ; [1.000537750512164] ; [2.3732708583389592]
840 ; 59 ; 271 ; 0 ; [-0.095155934517935137] ; [0.06528394961600377]
840 ; 59 ; 271 ; 1 ; [0.024694386452047277] ; [0.017572015832551864]
840 ; 59 ; 271 ; 2 ; [0.30047178436327182] ; [0.13204226399423979]
840 ; 59 ; 271 ; 4 ; [1.2620665133491629] ; [0.28183096481545444]
840 ; 59 ; 271 ; 5 ; [0.69981955707682553] ; [0.56511915534675294]
840 ; 59 ; 271 ; 28 ; [0.26703622531131815] ; [1.2072836368451911]
840 ; 59 ; 272 ; 5 ; [0.4407703151608412, 0.1873595602262807] ; [0.72717636746631087, 0.21008076910973961]
840 ; 59 ; 273 ; 0 ; [0.18046321489726369] ; [0.62074764885730993]
840 ; 59 ; 273 ; 3 ; [5.133730052155042] ; [0.21165256968122326]
840 ; 59 ; 273 ; 5 ; [0.77722922868811384] ; [5.1395481460614869]
840 ; 59 ; 273 ; 6 ; [1.7686333220008656] ; [1.0855532276905431]
840 ; 59 ; 273 ; 7 ; [0.4346293603045544] ; [0.29926378387096997]
840 ; 59 ; 275 ; 0 ; [0.33191717520142983] ; [0.24088849067533682]
840 ; 59 ; 275 ; 1 ; [0.41148775581274838] ; [0.82453679281288461]
840 ; 59 ; 275 ; 4 ; [0.46136705374536419] ; [1.1732646696716056]
840 ; 59 ; 275 ; 5 ; [1.1983094069889402] ; [1.0835181124416382]
840 ; 59 ; 275 ; 6 ; [0.67334260394774481] ; [1.2484534530403366]
840 ; 59 ; 276 ; 0 ; [0.010243080294571891] ; [0.64432697375339265]
840 ; 59 ; 276 ; 1 ; [0.068202704603480088] ; [0.63734636540073475]
840 ; 59 ; 276 ; 2 ; [0.042623466551638144] ; [0.10990763555696673]
840 ; 59 ; 276 ; 6 ; [1.1545454210771922] ; [1.2787628211772453]
840 ; 59 ; 277 ; 3 ; [7.362807946933458] ; [3.0387192587946372]
840 ; 59 ; 277 ; 4 ; [0.93539623305301922] ; [5.1985158555033877]
840 ; 59 ; 277 ; 5 ; [5.6536366527148036] ; [0.40758897620201401]
840 ; 59 ; 277 ; 6 ; [2.840845343726806] ; [0.44663859562569636]
840 ; 59 ; 277 ; 7 ; [3.4927297729918569] ; [5.1280213055000354]
840 ; 59 ; 277 ; 8 ; [0.24906277140283523] ; [0.96573983392151086]
840 ; 59 ; 277 ; 9 ; [1.7696997060059574] ; [5.7149675506506981]
840 ; 59 ; 277 ; 10 ; [4.8793714088558593] ; [2.3074099789622364]
840 ; 59 ; 277 ; 11 ; [3.1171641015789309] ; [1.555447226130148]
840 ; 59 ; 277 ; 12 ; [0.83159998164067506] ; [2.6714930938209407]
840 ; 59 ; 277 ; 14 ; [5.239758783205307] ; [1.8578146241039446]
840 ; 59 ; 277 ; 19 ; [2.529912016049868] ; [1.4668985098163494]
840 ; 59 ; 278 ; 0 ; [0.047869665934125193] ; [1.9101062148326613]
840 ; 59 ; 278 ; 1 ; [1.5109415255466057] ; [0.64137313926747341]
840 ; 59 ; 278 ; 3 ; [-0.0053901103425792662] ; [0.65253598019604342]
840 ; 59 ; 279 ; 0 ; [0.046798776381612076, -0.012108080948154437, 0.011875439261492492, 0.37854823301099411, 1.882105214743689] ; [0.2326250129036119, 0.16666547022980061, 0.08310275176105146, 0.15669053363277199, 0.064188018350129272]
840 ; 59 ; 280 ; 0 ; [0.35717496912174973] ; [0.23602155531038141]
840 ; 59 ; 281 ; 0 ; [0.18350465565927124, 0.24145302539582997] ; [0.22294683429387008, 0.40922283270878496]
840 ; 59 ; 281 ; 3 ; [0.32228378702814253, 1.9129947220393164] ; [0.22747574834589487, 0.2329082889850492]
840 ; 59 ; 282 ; 0 ; [1.7084384254914313] ; [0.096167597880399733]
840 ; 59 ; 282 ; 2 ; [1.3174198463896809] ; [6.3887148361054669]
840 ; 59 ; 282 ; 3 ; [1.5235772809806987] ; [2.8242054183491345]
840 ; 59 ; 282 ; 6 ; [1.8454473742069228] ; [3.3395976081654815]
840 ; 59 ; 282 ; 7 ; [1.7324178028390287] ; [2.7774430768938081]
840 ; 59 ; 282 ; 8 ; [1.1480653409381272] ; [3.5112623271330823]
840 ; 59 ; 282 ; 9 ; [1.9170937799195362] ; [1.4844623132180772]
840 ; 59 ; 282 ; 10 ; [2.4414472662912554] ; [3.0081101619789199]
840 ; 59 ; 283 ; 0 ; [0.013318731485614474] ; [0.20376875805906894]
840 ; 59 ; 283 ; 1 ; [0.1038133561867287] ; [0.010466974265070187]
840 ; 59 ; 283 ; 4 ; [0.092310431086996769, 0.13072728162857097, 0.036343061066198425] ; [0.15771347966345767, 0.23393123649659367, 0.14250405935214649]
840 ; 59 ; 284 ; 0 ; [0.69888256736741483] ; [0.25365364999540641]
840 ; 59 ; 284 ; 1 ; [1.7212840680864414] ; [2.1992012782401593]
840 ; 59 ; 284 ; 6 ; [1.7801814589794445] ; [1.890107518283856]
840 ; 59 ; 284 ; 10 ; [1.5935449745727983] ; [1.5285612469740806]
840 ; 59 ; 284 ; 12 ; [1.4075760771990069] ; [1.1977562977826612]
840 ; 59 ; 284 ; 13 ; [1.4816550373149231] ; [1.2448512706875829]
840 ; 59 ; 284 ; 15 ; [1.940092792198409] ; [0.61963118522536964]
840 ; 59 ; 284 ; 16 ; [1.7211429774963158] ; [1.4731871425432552]
840 ; 59 ; 284 ; 17 ; [1.3919805364431987] ; [2.0348321655448887]
840 ; 59 ; 285 ; 0 ; [0.27153666130525139, 0.77231158077310047, 0.36712745424631615, 0.25457678524394445] ; [0.18322599662966879, 0.46926516267614854, 0.32761886698868214, 0.13261484626632505]
840 ; 59 ; 286 ; 0 ; [-0.0038785572118745352, 0.0087611231178931995, -0.017277100486156393] ; [0.23325479367443164, 0.28333075769913896, 0.080480279195503476]
840 ; 59 ; 286 ; 1 ; [0.0028901795485258611] ; [0.033014713365172511]
840 ; 59 ; 287 ; 1 ; [0.730148305313158] ; [-0.012443131144583033]
840 ; 59 ; 287 ; 4 ; [0.05681638433072872] ; [0.79102228368888894]
840 ; 59 ; 287 ; 7 ; [1.7481044950144027] ; [1.3182629898749254]
840 ; 59 ; 287 ; 9 ; [0.060666071441349168] ; [0.062837061093710192]
840 ; 59 ; 287 ; 15 ; [0.53655014601373063] ; [0.0029545388347868491]
840 ; 59 ; 288 ; 2 ; [0.2291782768795399] ; [0.065070753463739014]
840 ; 59 ; 288 ; 7 ; [0.06997568150464431] ; [0.046305317576600037]
840 ; 59 ; 290 ; 0 ; [0.11769212064952864, 0.12369838237664897] ; [0.2722516436266087, 0.062185077850104985]
840 ; 59 ; 291 ; 0 ; [0.1789899780035506, 0.09530053132717653, 0.072005406952880893, 0.049988831453459698] ; [0.16615503017777264, 0.1852924203522088, 0.20426922591165184, 0.05549780422097917]
840 ; 59 ; 292 ; 0 ; [0.088455067822980293] ; [0.11748066983515144]
840 ; 59 ; 292 ; 1 ; [1.182682035987449] ; [0.24453315788243371]
840 ; 59 ; 292 ; 5 ; [0.87292662688098954] ; [2.0725620785746885]
840 ; 59 ; 292 ; 6 ; [0.45353071169866915] ; [0.88351052374277872]
840 ; 59 ; 293 ; 0 ; [0.88661754337188547] ; [0.17408852806019925]
840 ; 59 ; 293 ; 1 ; [1.1110117835869358] ; [0.12953238929034791]
840 ; 59 ; 294 ; 0 ; [0.15806970942223325, 0.15629254801489376, 0.35412392753916572] ; [0.18164506287658341, 0.21946969725269191, 0.14261997015304204]
840 ; 59 ; 294 ; 1 ; [0.65450293886459909] ; [0.12731800941339169]
840 ; 59 ; 294 ; 2 ; [0.32435329514538525] ; [0.065054828198167408]
840 ; 59 ; 295 ; 0 ; [0.44037525023474627] ; [0.20032510596414388]
840 ; 59 ; 296 ; 0 ; [0.19560268427567187, 0.13837863684587889, 0.13636655610043583] ; [0.12410122127067272, 0.2345672588684799, 0.076301948263751682]
840 ; 59 ; 296 ; 1 ; [0.4402767901055053, 0.29370208641896234] ; [0.081819842661540673, 0.073990640613683434]
840 ; 59 ; 297 ; 0 ; [2.064436593732951] ; [0.68668883103083611]
840 ; 59 ; 297 ; 1 ; [1.2765418648776377] ; [0.74877205119682388]
840 ; 59 ; 297 ; 5 ; [0.74168127163577802] ; [0.0031685437831790878]
840 ; 59 ; 297 ; 11 ; [0.29586790856077788] ; [0.57429096660567214]
840 ; 59 ; 298 ; 1 ; [1.7458008903111757] ; [1.6209659110551622]
840 ; 59 ; 298 ; 3 ; [0.83454502404289188] ; [1.4495004176717621]
840 ; 59 ; 298 ; 5 ; [4.6091246497157341] ; [1.5679908937042477]
840 ; 59 ; 298 ; 8 ; [1.9435764175944279] ; [3.8962889669270941]
840 ; 59 ; 298 ; 9 ; [2.4463748537836336] ; [1.9761124935743106]
840 ; 59 ; 299 ; 0 ; [1.0776622196677952] ; [1.5076430961423331]
840 ; 59 ; 299 ; 1 ; [2.0682417492657468] ; [0.89228887381222377]
840 ; 59 ; 299 ; 4 ; [2.7229071209282947] ; [2.1871777789830325]
840 ; 59 ; 299 ; 5 ; [1.0021454215938361] ; [1.509331371874997]
840 ; 59 ; 299 ; 8 ; [0.71320932199743092] ; [1.9269010571338636]
840 ; 59 ; 299 ; 9 ; [4.0514279048849211] ; [1.4840317829955438]
840 ; 59 ; 299 ; 16 ; [1.6720166592206001] ; [1.8078256475652144]
840 ; 59 ; 299 ; 17 ; [1.9427876394875758] ; [2.3089956224169415]
840 ; 59 ; 300 ; 0 ; [1.5859612490726718] ; [0.39426814655213555]
840 ; 59 ; 301 ; 0 ; [0.062193437257666975, 0.050141398857527365] ; [0.18132018310591785, 0.55927821339898154]
840 ; 59 ; 301 ; 3 ; [-0.0033344323279443032] ; [0.020018339753589715]
840 ; 59 ; 302 ; 0 ; [0.12407523230910815] ; [1.9547061408476469]
840 ; 59 ; 302 ; 1 ; [1.0388921649679226] ; [1.4415068428005811]
840 ; 59 ; 303 ; 0 ; [0.86156796952208159] ; [0.79670101467775623]
840 ; 59 ; 303 ; 3 ; [0.22583517458127864] ; [-0.041112353154677025]
840 ; 59 ; 303 ; 7 ; [0.22437310293502236] ; [0.0086442729816997299]
840 ; 59 ; 304 ; 0 ; [0.25074750820280689] ; [0.15036517538185656]
840 ; 59 ; 304 ; 1 ; [0.025454983451176201] ; [1.0940054530850587]
840 ; 59 ; 305 ; 0 ; [0.018001340123468716, 0.008978178472058989, 0.012835241608169621, 0.071768885001936969] ; [0.13529506265652425, 0.16375423171212111, 0.19067197620232537, 0.082533271168725886]
840 ; 59 ; 306 ; 0 ; [0.13294689974430604, 0.037924010776506929] ; [0.26704430499193693, 0.2021655851685549]
840 ; 59 ; 307 ; 0 ; [0.087881216145330066, 0.019516219425031147, 0.059534284995532788] ; [0.12789890966738615, 0.16770379787294468, 0.081829226286174631]
840 ; 59 ; 308 ; 2 ; [0.6811395762203093] ; [0.16113687114464428]
840 ; 59 ; 309 ; 0 ; [1.7827782418414186] ; [0.1409530086293648]
840 ; 59 ; 309 ; 1 ; [0.49865442004480764, 0.46221698179379184, 0.072999847066696433] ; [0.2466748997908044, 0.67840160571040053, 0.27064356838031939]
840 ; 59 ; 310 ; 0 ; [0.20793864848162799] ; [0.18537097558696605]
840 ; 59 ; 310 ; 1 ; [0.074877875222951334] ; [0.022494204103508289]
840 ; 59 ; 311 ; 0 ; [0.2616465566194105] ; [1.0254060056595298]
840 ; 59 ; 311 ; 1 ; [0.29379473720485288] ; [3.8917796190840765]
840 ; 59 ; 311 ; 2 ; [0.79294028212461443] ; [1.388592104646251]
840 ; 59 ; 311 ; 5 ; [0.9827038270628411] ; [0.89369196232011749]
840 ; 59 ; 312 ; 0 ; [0.43618755661769754] ; [0.06495927987168873]
840 ; 59 ; 313 ; 0 ; [1.0280593745329007] ; [0.13054703777055265]
840 ; 59 ; 313 ; 4 ; [0.90557415533804864] ; [1.4628839754715077]
840 ; 59 ; 313 ; 5 ; [0.10377524438754782] ; [1.362330622224645]
840 ; 59 ; 313 ; 9 ; [3.8813327238388844] ; [2.0302962286008017]
840 ; 59 ; 313 ; 10 ; [1.8298461960105179] ; [2.4948654930236196]
840 ; 59 ; 313 ; 12 ; [2.1565045886695917] ; [1.8666926493942022]
840 ; 59 ; 313 ; 13 ; [2.0115850089542668] ; [2.0406628335378731]
840 ; 59 ; 313 ; 14 ; [1.7917960950801126] ; [3.3414382023687881]
840 ; 59 ; 313 ; 16 ; [2.1239161556331507] ; [1.8902443564069491]
840 ; 59 ; 313 ; 17 ; [1.9870725327175736] ; [4.1896454350267254]
840 ; 59 ; 313 ; 18 ; [0.033450768840772464] ; [1.5780410236005609]
840 ; 59 ; 313 ; 19 ; [2.9828958907140639] ; [1.5910463693266759]
840 ; 59 ; 313 ; 20 ; [1.5024949575048832] ; [1.4377211345678833]
840 ; 59 ; 313 ; 21 ; [1.4970958111627712] ; [0.36590947841835697]
840 ; 59 ; 313 ; 22 ; [0.77868094067914084] ; [0.47072628271838174]
840 ; 59 ; 313 ; 23 ; [0.1360281268626915] ; [0.092621826098681456]
840 ; 59 ; 314 ; 0 ; [0.46614575960977028] ; [0.14426674612442175]
840 ; 59 ; 314 ; 2 ; [0.076496506998597558] ; [0.94271146536334538]
840 ; 59 ; 314 ; 5 ; [1.411552325158576] ; [1.2875589706806092]
840 ; 59 ; 314 ; 13 ; [0.97057466218737731] ; [0.70051051491688709]
840 ; 59 ; 315 ; 0 ; [0.12199723413042342] ; [0.12685232342630678]
840 ; 59 ; 315 ; 2 ; [0.10728570400503033] ; [1.3002195815963411]
840 ; 59 ; 315 ; 4 ; [1.4148300317643572] ; [1.686538924497738]
840 ; 59 ; 315 ; 6 ; [0.1939195874075105] ; [0.51347447762352016]
840 ; 59 ; 315 ; 11 ; [0.17591440243761666] ; [0.082103502165977962]
840 ; 59 ; 316 ; 3 ; [0.17667877302645604, 0.2875773166600698, 0.24536637791467966] ; [0.16587151255578447, 0.24753412654351323, 0.20442941297703934]
840 ; 59 ; 317 ; 0 ; [0.51163020245447921] ; [0.18339261846960678]
840 ; 59 ; 318 ; 0 ; [1.6208138129579099] ; [0.045323708563715329]
840 ; 59 ; 318 ; 3 ; [0.39925415595028929] ; [0.040995743574925345]
840 ; 59 ; 318 ; 8 ; [2.2341162217875432] ; [2.0186149563749489]
840 ; 59 ; 319 ; 2 ; [1.33164920090612] ; [0.75555783708445323]
840 ; 59 ; 319 ; 4 ; [-0.026840252807747683] ; [0.10027482390809365]
840 ; 59 ; 319 ; 5 ; [0.90266564473113342] ; [0.74627562661706703]
840 ; 59 ; 319 ; 6 ; [0.79250493476106165] ; [0.04999336148826445]
840 ; 59 ; 320 ; 0 ; [1.1105141638611618] ; [0.014531260349347472]
840 ; 59 ; 320 ; 3 ; [0.32361534689201144] ; [1.1778638568222768]
840 ; 59 ; 321 ; 0 ; [0.097075319806179575, 0.096498361529790508, 0.073917001722783759] ; [0.17950491636029725, 0.15480381685989922, 0.096952638386229653]
840 ; 59 ; 322 ; 0 ; [0.22502290920334031] ; [0.59429529407745252]
840 ; 59 ; 322 ; 7 ; [0.69344520569530643] ; [1.3929394793697798]
840 ; 59 ; 323 ; 1 ; [1.7903720348908714] ; [0.080698853488010383]
840 ; 59 ; 323 ; 7 ; [0.36726488957856607] ; [0.019812983191668063]
840 ; 59 ; 324 ; 0 ; [0.54845003511870616, 0.31033091511349076, 0.63519686515066887, 0.3460450064614653, 0.39203607091856074] ; [0.14320649676177333, 0.27361160404343704, 0.27874816222302151, 0.34106240942257632, 0.50356130068005467]
840 ; 59 ; 325 ; 0 ; [2.9685206395761998] ; [0.85187489249091375]
840 ; 59 ; 326 ; 0 ; [0.06605396313433809] ; [0.6259159525439264]
840 ; 59 ; 326 ; 1 ; [0.24862825639813582, 0.62985102132215409] ; [0.1419510367945343, 0.066489430152468526]
840 ; 59 ; 326 ; 2 ; [0.16256566554146784] ; [0.10715653131582475]
840 ; 59 ; 326 ; 3 ; [0.34099711407165856] ; [0.35934647020288718]
840 ; 59 ; 326 ; 4 ; [0.14848920673615795, 0.099557413332568567, 0.057110566117580669, 0.93206703657577838] ; [0.37114822437294692, 1.1797440494042537, 0.53163575340093328, 0.11881935569181903]
840 ; 59 ; 327 ; 0 ; [0.29843839495383423, 0.17727045171030692, 0.51357748339986475, 0.21069499792916072] ; [0.23538062337152149, 0.19634169560801176, 0.39751738962612787, 0.22533158082652704]
840 ; 59 ; 328 ; 0 ; [0.37584294666146539, 0.76196521948408336, 1.5957545104970332] ; [0.31952980170835016, 0.34944886166880801, 0.79604578973964979]
840 ; 59 ; 328 ; 1 ; [0.31858617219639768] ; [1.6023747544852993]
840 ; 59 ; 328 ; 2 ; [0.50554224666503833] ; [1.4026751489683296]
840 ; 59 ; 328 ; 3 ; [1.1207016235611171] ; [1.3440449842175233]
840 ; 59 ; 328 ; 6 ; [3.213599519685554] ; [2.0124257894346957]
840 ; 59 ; 328 ; 9 ; [2.5656452229940792] ; [0.96947306583301474]
840 ; 59 ; 328 ; 10 ; [2.3060640641232641] ; [0.44899205029037292]
840 ; 59 ; 329 ; 0 ; [0.12625910136435925, 0.60634020795974264] ; [0.29807748566631159, 0.085296863711730952]
840 ; 59 ; 330 ; 0 ; [0.0021700373371213708, -0.014898601436786601, 0.039872392160638821] ; [0.18415276974505926, 0.15484917923070618, 0.19281032528086556]
840 ; 59 ; 330 ; 1 ; [0.88407917835697947] ; [0.090121342400003218]
840 ; 59 ; 331 ; 0 ; [0.1502812790653619, 0.098941175364418057] ; [0.20479439721117612, 0.20545063164415611]
840 ; 59 ; 331 ; 1 ; [0.26697212702829226] ; [0.35234063695271273]
840 ; 59 ; 332 ; 0 ; [0.79033229534581662] ; [0.60194139061157514]
840 ; 59 ; 333 ; 0 ; [0.16065442760200352] ; [0.081359783988685652]
840 ; 59 ; 334 ; 0 ; [0.17074170898700691] ; [0.47680518006066808]
840 ; 59 ; 334 ; 1 ; [2.3557394853078657] ; [1.8098604029990402]
840 ; 59 ; 334 ; 2 ; [0.22597292789477499] ; [0.09449281282251365]