# Run ; Subrun ; Event ; Track ; Charge Ratios View 0 ; Charge Ratios View 1 #
840 ; 5 ; 1 ; 0 ; [0.0057456596410396295, 0.045392866588005967, 0.016728285723477274, 0.038388585621233186] ; [0.080235096070511977, 0.25004619224553537, 0.25671522351574566, 0.17889757930039374]
840 ; 5 ; 1 ; 1 ; [0.096943522735914764, 0.03110688189770211] ; [0.092679027615958462, 0.28719277916720426]
840 ; 5 ; 2 ; 0 ; [0.040687076641002767] ; [0.31689492987498935]
840 ; 5 ; 2 ; 1 ; [0.54132684183288005] ; [1.1389674999113959]
840 ; 5 ; 2 ; 2 ; [0.4415983298547636] ; [0.721057820022872]
840 ; 5 ; 2 ; 4 ; [2.5452697323387254] ; [1.8873732105468375]
840 ; 5 ; 2 ; 7 ; [1.4727906006517877] ; [1.2723708834636296]
840 ; 5 ; 2 ; 13 ; [1.3969658670190772] ; [0.50235131422005252]
840 ; 5 ; 2 ; 16 ; [2.0850168126549806] ; [2.0679378568304414]
840 ; 5 ; 2 ; 20 ; [2.0416687047325692] ; [0.98242135614050552]
840 ; 5 ; 3 ; 0 ; [0.20727760042295268, 0.072903339554195382, -0.00077447882280850925, 0.0097727990592025998] ; [0.15498668430032558, 0.21431023441459263, 0.21414798516143277, 0.22905680362342437]
840 ; 5 ; 4 ; 0 ; [0.84575462770117682] ; [0.49228574860327445]
840 ; 5 ; 4 ; 2 ; [2.1704150806691809] ; [0.71709302667100672]
840 ; 5 ; 4 ; 3 ; [1.7517355388456437] ; [1.0345787762900054]
840 ; 5 ; 4 ; 4 ; [1.3628491040277821] ; [0.69317299545355415]
840 ; 5 ; 4 ; 6 ; [2.4454621908752929] ; [0.609495360672623]
840 ; 5 ; 4 ; 8 ; [0.94704453818368672] ; [1.2970583345545743]
840 ; 5 ; 4 ; 12 ; [2.0770197240366195] ; [0.87733217581061307]
840 ; 5 ; 4 ; 13 ; [2.3753763342718921] ; [1.4018384454077057]
840 ; 5 ; 4 ; 14 ; [2.781654500592428] ; [0.65642999533529145]
840 ; 5 ; 4 ; 15 ; [2.0730343362106316] ; [1.2239460500647397]
840 ; 5 ; 4 ; 16 ; [2.510860808729297] ; [1.6264673350698946]
840 ; 5 ; 4 ; 17 ; [1.6183574324359018] ; [1.7623446483926239]
840 ; 5 ; 4 ; 18 ; [2.3996708338954442] ; [0.53878984049382284]
840 ; 5 ; 4 ; 20 ; [2.3538647307752378] ; [0.39792861238440347]
840 ; 5 ; 4 ; 21 ; [2.1409705985205081] ; [1.5088607366925424]
840 ; 5 ; 4 ; 23 ; [1.6797705460011814] ; [1.8030301401461566]
840 ; 5 ; 4 ; 28 ; [1.2105690686049635] ; [0.3630729275735754]
840 ; 5 ; 4 ; 29 ; [1.572586885175673] ; [1.4295789904633343]
840 ; 5 ; 4 ; 32 ; [1.5655819085408882] ; [1.2583290714673925]
840 ; 5 ; 4 ; 33 ; [2.2428424395453352] ; [0.87219415351646901]
840 ; 5 ; 4 ; 34 ; [2.2059378057883547] ; [1.5031684769607914]
840 ; 5 ; 4 ; 35 ; [0.44114160347356773] ; [1.8735334763164364]
840 ; 5 ; 4 ; 36 ; [1.5553103050449659] ; [1.8610388870219574]
840 ; 5 ; 4 ; 37 ; [3.2134315388287149] ; [1.7307616100319889]
840 ; 5 ; 4 ; 38 ; [0.61589064302083785] ; [1.5675509483769163]
840 ; 5 ; 4 ; 39 ; [1.9161106381715725] ; [0.85306245540465087]
840 ; 5 ; 4 ; 40 ; [1.6103033446520045] ; [4.347167869033413]
840 ; 5 ; 4 ; 41 ; [1.9961368896045268] ; [1.207164467446004]
840 ; 5 ; 4 ; 43 ; [1.9833526042579837] ; [2.8869029337478973]
840 ; 5 ; 4 ; 45 ; [1.4599317893906494] ; [2.0047949344490297]
840 ; 5 ; 4 ; 47 ; [2.2465826450376287] ; [0.60533517925268066]
840 ; 5 ; 4 ; 48 ; [0.27462443629035255] ; [2.5321618711617417]
840 ; 5 ; 4 ; 49 ; [1.3516196386936652] ; [1.1250949311621459]
840 ; 5 ; 4 ; 51 ; [2.1554321857456262] ; [1.1972897511220162]
840 ; 5 ; 4 ; 52 ; [1.7755965179780249] ; [2.4219575053886779]
840 ; 5 ; 4 ; 53 ; [1.6928378615541597] ; [1.1806915488122633]
840 ; 5 ; 4 ; 54 ; [2.0887844796839419] ; [1.5177937885200523]
840 ; 5 ; 4 ; 55 ; [1.1351039032612789] ; [1.1649887773334024]
840 ; 5 ; 4 ; 57 ; [1.4154574305541592] ; [1.7446534520632266]
840 ; 5 ; 4 ; 59 ; [1.9189436610254651] ; [3.0677346918829338]
840 ; 5 ; 4 ; 60 ; [1.4556468431929017] ; [0.96326996481085048]
840 ; 5 ; 4 ; 62 ; [0.78387195806324761] ; [1.3359812051109106]
840 ; 5 ; 4 ; 67 ; [0.1746285800620303] ; [0.76178939912557064]
840 ; 5 ; 4 ; 75 ; [2.3909429886094031] ; [1.5682817196470202]
840 ; 5 ; 4 ; 76 ; [2.141707250085521] ; [1.5887884704681028]
840 ; 5 ; 4 ; 77 ; [2.3299168219291491] ; [1.3215708670456183]
840 ; 5 ; 5 ; 0 ; [0.067989689082178395, 0.092356912680259251, 0.18569538765865665, 0.49463167028498928, 1.2788917906121862] ; [0.16116809354269332, 0.2935146262201932, 0.29002529054584214, 0.22253569526118247, 0.17839634608284721]
840 ; 5 ; 6 ; 0 ; [-0.0027710515117857263, 0.13920418808609558, 0.066191753606402101, 0.05790886516967915, 0.21158954725978737] ; [0.30066607632655534, 0.22153613118214627, 0.18565530092893262, 0.20362828380847059, 0.31178255090777346]
840 ; 5 ; 7 ; 0 ; [2.1668173929364416] ; [1.3492289807027011]
840 ; 5 ; 7 ; 1 ; [1.3913891116687651] ; [1.6228139504264603]
840 ; 5 ; 7 ; 5 ; [0.82541049591225013] ; [0.41048639787897701]
840 ; 5 ; 7 ; 8 ; [6.5243352315312722] ; [1.5159276233818177]
840 ; 5 ; 8 ; 0 ; [-0.6735969398651559, 0.055033766001090945] ; [0.25033680239620326, 0.18444372871616235]
840 ; 5 ; 9 ; 0 ; [0.33637008641515365] ; [0.64781541627613748]
840 ; 5 ; 9 ; 4 ; [0.10205490760875392] ; [0.20746801066295831]
840 ; 5 ; 10 ; 0 ; [0.43088511462552737] ; [0.64611465413841418]
840 ; 5 ; 10 ; 1 ; [0.80778868260114056] ; [0.08932033395558947]
840 ; 5 ; 10 ; 2 ; [1.6932253788426403] ; [0.22928849023548509]
840 ; 5 ; 10 ; 3 ; [0.12198560025574579] ; [0.29619266283590623]
840 ; 5 ; 10 ; 4 ; [0.87032439558147745] ; [1.0615379545758039]
840 ; 5 ; 10 ; 8 ; [0.87960411660696347] ; [0.76579271089034395]
840 ; 5 ; 10 ; 18 ; [1.3663752965107756] ; [0.26560909316286818]
840 ; 5 ; 10 ; 19 ; [0.68831766214622436] ; [1.8822732041664401]
840 ; 5 ; 10 ; 22 ; [1.6002821001264931] ; [0.74471350693008309]
840 ; 5 ; 10 ; 31 ; [1.2252892074737458] ; [1.0050519619203608]
840 ; 5 ; 10 ; 33 ; [0.68042608473568689] ; [1.493304327770685]
840 ; 5 ; 10 ; 36 ; [1.6208054461550796] ; [2.4819398942383031]
840 ; 5 ; 10 ; 40 ; [1.4572108661898702] ; [3.4042217048088586]
840 ; 5 ; 10 ; 53 ; [0.22440021882687675] ; [0.19210021376156669]
840 ; 5 ; 10 ; 54 ; [0.45412121138226097] ; [1.1189658252201486]
840 ; 5 ; 11 ; 0 ; [0.85398577527073105] ; [3.1540043173210646]
840 ; 5 ; 11 ; 1 ; [2.6095844287673398] ; [0.36145575244874473]
840 ; 5 ; 11 ; 2 ; [1.7235546188784909] ; [1.1758503351504461]
840 ; 5 ; 11 ; 5 ; [1.3739536687264413] ; [1.7277094018392254]
840 ; 5 ; 11 ; 8 ; [0.21272751085032654] ; [1.4997324618688961]
840 ; 5 ; 11 ; 9 ; [1.6672152824662601] ; [2.6379509953657032]
840 ; 5 ; 11 ; 11 ; [1.209374999522224] ; [1.2522818167543095]
840 ; 5 ; 13 ; 0 ; [0.086890847485788361, 0.17435502493349569, 0.62370852450829317, 0.27354271017504028] ; [0.22808555886247839, 0.27748721479096372, 0.39871004418874501, 0.80042340530784739]
840 ; 5 ; 13 ; 1 ; [0.10296099644116589] ; [0.080251355784841993]
840 ; 5 ; 14 ; 0 ; [0.42209887478712449] ; [0.74348535914517266]
840 ; 5 ; 14 ; 1 ; [1.0507905555608488] ; [0.74195527338331679]
840 ; 5 ; 15 ; 0 ; [0.23917389586489907] ; [0.074396066810139716]
840 ; 5 ; 16 ; 0 ; [1.1888124452507018] ; [0.85473303904142683]
840 ; 5 ; 16 ; 1 ; [0.18327850199873405] ; [1.904961399754139]
840 ; 5 ; 16 ; 4 ; [0.6542486598374283] ; [0.68368195753317451]
840 ; 5 ; 16 ; 5 ; [0.044282613060632504] ; [1.0040977624340857]
840 ; 5 ; 16 ; 7 ; [0.21373574653116575] ; [1.9144870481086371]
840 ; 5 ; 16 ; 8 ; [0.56288734388210426] ; [0.92324733649571322]
840 ; 5 ; 17 ; 0 ; [0.60475170668684108] ; [0.50764763572344673]
840 ; 5 ; 17 ; 2 ; [1.7316213594195247] ; [0.56625767848333097]
840 ; 5 ; 18 ; 0 ; [0.14391168568744889, 0.075170745783815038, 0.052168700681868005] ; [0.23271965446198004, 0.22993025058001537, 0.074880068322539878]
840 ; 5 ; 19 ; 0 ; [0.09789462116693802] ; [0.83024802768589556]
840 ; 5 ; 19 ; 1 ; [0.76001193093190411] ; [0.21679281888807489]
840 ; 5 ; 19 ; 2 ; [1.9110060805736746] ; [3.3112256194120744]
840 ; 5 ; 19 ; 3 ; [0.013737516088007377] ; [0.47816591411861686]
840 ; 5 ; 19 ; 15 ; [1.3129054063551975] ; [0.3488390207053762]
840 ; 5 ; 19 ; 16 ; [2.4005513006547194] ; [0.73704008499396034]
840 ; 5 ; 20 ; 0 ; [0.076636788548147039] ; [0.064982551984132469]
840 ; 5 ; 20 ; 1 ; [0.023460255756773369] ; [-0.023154760621475035]
840 ; 5 ; 21 ; 2 ; [1.1213358199858194] ; [0.2736259953145177]
840 ; 5 ; 21 ; 7 ; [0.081678896194040201] ; [0.059535928974985504]
840 ; 5 ; 22 ; 0 ; [0.027937067247970827, 0.0031274405066914405, 0.016120699092204704] ; [0.39426367758361014, 0.15297896188067625, 0.33573402723693119]
840 ; 5 ; 22 ; 1 ; [0.77667040124386033] ; [0.26109452495462837]
840 ; 5 ; 22 ; 3 ; [-0.0075851125833357527] ; [-0.0081385896769353358]
840 ; 5 ; 23 ; 0 ; [0.13414114882464534] ; [0.14312421306293605]
840 ; 5 ; 23 ; 2 ; [2.1556466202393278] ; [0.011745967828065052]
840 ; 5 ; 23 ; 6 ; [0.47401636343787928] ; [0.26775221345643258]
840 ; 5 ; 23 ; 8 ; [1.8612278042438415] ; [2.2508342059103525]
840 ; 5 ; 25 ; 0 ; [0.19880685621909527, 0.16373437664839507, 0.072114052547008298] ; [0.24839799287797787, 0.14683475962863829, 0.21813607979327521]
840 ; 5 ; 27 ; 0 ; [0.087690937865120819, 0.11795586287425811, 0.17628057472923789, 0.10080360989055544, 0.12991070791119758] ; [0.20716630442692166, 0.19917140358490532, 0.24112212754649368, 0.31369066102166271, 0.28276951199032729]
840 ; 5 ; 28 ; 0 ; [0.16681378293712254, 0.12649647889483043, 0.045888569216714602] ; [0.16386893554591447, 0.2044551789075717, 0.040559463278305834]
840 ; 5 ; 28 ; 1 ; [0.073726304273723134] ; [-0.016298224499708247]
840 ; 5 ; 29 ; 4 ; [0.0084569748583668541] ; [1.969967143266687]
840 ; 5 ; 30 ; 0 ; [0.145829712490433, 0.15074276248983368, 0.099080335978438391] ; [0.17812192406426658, 0.16046455314593386, 0.13857728583584794]
840 ; 5 ; 31 ; 0 ; [0.42614358375466638, 0.20460461577959579] ; [0.20761774334200434, 0.21903654601223266]
840 ; 5 ; 32 ; 0 ; [1.0290028274056677] ; [0.80925904951808059]
840 ; 5 ; 32 ; 1 ; [1.2730691803151268] ; [0.3975996580233882]
840 ; 5 ; 32 ; 2 ; [0.86236265020719849] ; [6.8882195614102582]
840 ; 5 ; 32 ; 4 ; [2.4657065932630884] ; [2.0774570032162667]
840 ; 5 ; 32 ; 7 ; [1.772509652406812] ; [4.7448668680987351]
840 ; 5 ; 33 ; 0 ; [0.12803460477437692, 0.11766345894572754, 0.053702270558471307] ; [0.22058221776138645, 0.20985949698180487, 0.16666344550302267]
840 ; 5 ; 34 ; 1 ; [0.15778877714798425] ; [0.047458729652897103]
840 ; 5 ; 35 ; 8 ; [0.22864914999995342] ; [0.21430358479251863]
840 ; 5 ; 35 ; 12 ; [1.5976418353095407, 0.96841594500059047] ; [0.2365376281715621, 0.87985310979380793]
840 ; 5 ; 35 ; 13 ; [1.9132556353527848] ; [1.9017523218844692]
840 ; 5 ; 36 ; 0 ; [0.34371388624909716] ; [0.0013532205820258208]
840 ; 5 ; 36 ; 1 ; [3.9339358567334419] ; [0.47685943326032337]
840 ; 5 ; 37 ; 0 ; [0.10294172055155051] ; [-0.010819543705687124]
840 ; 5 ; 37 ; 1 ; [0.025230325113834457, 0.05355779552199405] ; [0.18644784191105065, 0.12244481283561996]
840 ; 5 ; 38 ; 0 ; [0.43303860728273652, 0.2434860325724538, 0.43078227196401425, 0.43896896926025025] ; [0.18730005992310528, 0.26895244870348506, 0.16005817909203102, 0.47770880739136934]
840 ; 5 ; 39 ; 1 ; [0.01677879921800466] ; [0.16631673304998065]
840 ; 5 ; 39 ; 4 ; [0.36188837865828666, 0.17040693197593532, 0.16221699001628612, 0.17675439450449146] ; [0.59974820725341327, 0.31076283953417599, 0.10956874053225192, 0.19498452500054919]
840 ; 5 ; 39 ; 5 ; [0.44667767219437493] ; [0.52471873017595538]
840 ; 5 ; 40 ; 1 ; [0.20576685634735398, 0.24154090978070264, 0.19259057328863116, 0.29698211284778819, 0.47965554295435647] ; [0.072390277468775924, 0.22483853922358396, 0.20713818582869264, 0.26005360428149149, 0.76105274529109468]
840 ; 5 ; 41 ; 3 ; [0.19594114126650769, 0.29496560484371126, 0.64754723041646323] ; [0.62972190998504474, 0.65546040089159707, 0.34817166149508744]
840 ; 5 ; 42 ; 0 ; [0.0064401370889434206, 0.10034161705700094, 0.019590456008214584, 0.00077966722575821274] ; [0.17013718188972912, 0.32469950363763289, 0.2195280384906183, 0.12550729271024111]
840 ; 5 ; 42 ; 1 ; [0.45549366314597878] ; [0.12654432552159656]
840 ; 5 ; 43 ; 0 ; [0.09098055072255519] ; [0.17465844772731906]
840 ; 5 ; 44 ; 0 ; [0.21987545144453116, 0.11330911723877228] ; [0.18629704148221046, 0.26230732158326053]
840 ; 5 ; 44 ; 1 ; [0.2451600231223327] ; [0.60338205601855643]
840 ; 5 ; 45 ; 0 ; [0.53600098679669927, 0.30803276234544713, 0.21544941985223037, 0.19832883654692202] ; [0.31309562702322635, 0.12163161465246117, 0.26271834742291089, 0.1561979124411883]
840 ; 5 ; 45 ; 1 ; [0.38333693044672934] ; [0.15288806217856385]
840 ; 5 ; 46 ; 0 ; [0.0057917860243642105, 0.024432972350579573, 0.17528965643622182] ; [0.15932064987210592, 0.21447918929613954, 0.17996454159556541]
840 ; 5 ; 46 ; 1 ; [0.087531174627006464] ; [0.30897339055603279]
840 ; 5 ; 46 ; 3 ; [0.20295499419197446] ; [0.015299896673673829]
840 ; 5 ; 46 ; 4 ; [0.076405686234614745] ; [0.010802634728043135]
840 ; 5 ; 47 ; 0 ; [0.10391398242258142, 0.087792574446923108, 0.11384148514001019, 0.57967206498148927] ; [0.15066708435504828, 0.16239440214405565, 0.30800601175782821, 0.15805782198010723]
840 ; 5 ; 47 ; 1 ; [0.12193487232182298] ; [0.18064446561590361]
840 ; 5 ; 48 ; 0 ; [0.37649075881178368] ; [0.1899700580390368]
840 ; 5 ; 48 ; 1 ; [0.10351434065890654] ; [-0.0035017861986594251]
840 ; 5 ; 48 ; 2 ; [0.22635118757409634] ; [0.15121705583061845]
840 ; 5 ; 48 ; 7 ; [0.70322711583548014] ; [2.3255706365923476]
840 ; 5 ; 48 ; 13 ; [3.8940616216958079] ; [1.129832313317652]
840 ; 5 ; 49 ; 0 ; [0.23126995406586137, 0.1205122851709466, 0.063216361630472381] ; [0.11973141626330694, 0.19801889163784173, 0.013627809142554445]
840 ; 5 ; 50 ; 0 ; [0.051184583115209514, 0.11408168855210452, 0.041756165766852857] ; [0.3401236627567274, 0.33464292769777526, 0.14965136393416634]
840 ; 5 ; 50 ; 1 ; [0.013896535558615888, 0.47314960507393283] ; [0.22360902369103264, 0.061067727348834949]
840 ; 5 ; 51 ; 0 ; [0.21697974534569148, 0.19247169255065325] ; [0.32725058994903422, 0.426403434219436]
840 ; 5 ; 53 ; 0 ; [0.038849666666351007] ; [0.025599845771696546]
840 ; 5 ; 54 ; 0 ; [0.16976589257483596, 0.19235364061503121, 0.077486389372262196] ; [0.16160851418492136, 0.19324742324679292, 0.11643774790376228]
840 ; 5 ; 55 ; 0 ; [0.32418658114544319, 0.19665257482887663, 0.033633592028252036] ; [0.27115120899142459, 0.42581676118712952, 0.039946398925508837]
840 ; 5 ; 56 ; 1 ; [0.29155870197747075] ; [0.2782020272748208]
840 ; 5 ; 57 ; 0 ; [0.47566992827885296] ; [2.1097912773226852]
840 ; 5 ; 57 ; 1 ; [0.4144299837481088] ; [0.32204837477784148]
840 ; 5 ; 57 ; 4 ; [2.0936620616354271] ; [3.005128968066757]
840 ; 5 ; 57 ; 10 ; [0.050070892276070755] ; [0.561202357104442]
840 ; 5 ; 57 ; 12 ; [4.3236900577115156] ; [0.35268302629288195]
840 ; 5 ; 58 ; 0 ; [0.055996307341679472, 0.043461002645066922] ; [0.52402091338276857, 0.204556854009664]
840 ; 5 ; 60 ; 0 ; [1.6710747983165795, 0.74368633217677271, 0.53691345536003954] ; [0.11364614598469018, 0.10318597431602114, 0.10283471759389852]
840 ; 5 ; 60 ; 1 ; [0.26363102286248091] ; [0.20467442573154573]
840 ; 5 ; 60 ; 2 ; [0.56664905911060681] ; [0.54280166670265073]
840 ; 5 ; 60 ; 3 ; [0.45885631289578538] ; [0.30385968671564773]
840 ; 5 ; 60 ; 4 ; [0.36910370713479357] ; [0.665854986209789]
840 ; 5 ; 60 ; 5 ; [4.3159494258228248] ; [0.34164021217450719]
840 ; 5 ; 60 ; 9 ; [1.1575586007412038] ; [0.15030751259015479]
840 ; 5 ; 61 ; 2 ; [1.8311209331505292] ; [1.4301753653845322]
840 ; 5 ; 61 ; 5 ; [0.36601104101501025] ; [0.71955986297647401]
840 ; 5 ; 61 ; 6 ; [0.94041107288408832] ; [2.5255456175788265]
840 ; 5 ; 61 ; 7 ; [0.38649870809474285] ; [1.3843229766967529]
840 ; 5 ; 61 ; 8 ; [0.58764139179052255] ; [1.9031552854201763]
840 ; 5 ; 61 ; 11 ; [0.44183187882569591] ; [2.9406007851873044]
840 ; 5 ; 62 ; 0 ; [0.2280701452249867, 0.23323549859013007] ; [0.39594894740725656, 0.195007110454992]
840 ; 5 ; 63 ; 2 ; [0.51988829966499528] ; [2.2857261025451612]
840 ; 5 ; 63 ; 3 ; [1.5191835295722504] ; [1.1276459241232257]
840 ; 5 ; 64 ; 2 ; [0.26035626482217156] ; [2.0528242820423093]
840 ; 5 ; 64 ; 9 ; [3.0029514073240944] ; [1.980420067807642]
840 ; 5 ; 64 ; 12 ; [0.89130618782006421] ; [1.0061502581247703]
840 ; 5 ; 64 ; 15 ; [1.1018225923107112] ; [1.5101179000167333]
840 ; 5 ; 65 ; 0 ; [0.18592875511303228] ; [0.3453892233775826]
840 ; 5 ; 65 ; 2 ; [0.8867140946707176] ; [-0.0036762874242313895]
840 ; 5 ; 65 ; 3 ; [0.077477030737291605] ; [0.36956602825335227]
840 ; 5 ; 65 ; 7 ; [0.17460312035254136] ; [0.5001280988950656]
840 ; 5 ; 66 ; 0 ; [1.4786336449735695] ; [1.1339904178448645]
840 ; 5 ; 66 ; 1 ; [1.0806998283855278] ; [0.22058689873573398]
840 ; 5 ; 66 ; 2 ; [0.52074515427372647] ; [0.26748540548730415]
840 ; 5 ; 66 ; 3 ; [0.24379723853191648] ; [0.70034911467060268]
840 ; 5 ; 66 ; 4 ; [2.420685768690646] ; [0.80435303167372207]
840 ; 5 ; 66 ; 6 ; [0.99864455902099414] ; [0.60652207721804285]
840 ; 5 ; 66 ; 8 ; [1.9564084935239185] ; [0.61281938324678642]
840 ; 5 ; 66 ; 9 ; [3.2009606745472281] ; [1.5732070277441752]
840 ; 5 ; 66 ; 12 ; [1.5284286669535407] ; [1.2998722521599226]
840 ; 5 ; 66 ; 14 ; [1.7948869113679766] ; [1.0853983262408637]
840 ; 5 ; 66 ; 17 ; [1.7622822967262417] ; [1.0001550422897862]
840 ; 5 ; 66 ; 18 ; [1.7444983161969105] ; [2.2150009302061346]
840 ; 5 ; 66 ; 22 ; [1.3119911325926192] ; [2.9795690972760833]
840 ; 5 ; 66 ; 23 ; [0.75680195131494232] ; [1.7359851636029533]
840 ; 5 ; 66 ; 24 ; [1.8870847790530108] ; [1.7657013094529204]
840 ; 5 ; 66 ; 25 ; [2.4370877670917483] ; [1.7002578247243776]
840 ; 5 ; 67 ; 6 ; [3.4884842932377031] ; [2.5791841017022428]
840 ; 5 ; 67 ; 11 ; [3.0464491844176065] ; [0.0022088386514460623]
840 ; 5 ; 67 ; 12 ; [1.8847569482941375] ; [0.047538185065920932]
840 ; 5 ; 68 ; 0 ; [0.26361163615160876, 0.052998047100951885, 0.058829319003414676, -0.012135180430536366] ; [0.27268160306625988, 0.21368489360855636, 0.16226453056994899, 0.10042401167356702]
840 ; 5 ; 69 ; 0 ; [0.46389723944747463] ; [0.97162651461881866]
840 ; 5 ; 69 ; 1 ; [1.8177849797589249] ; [0.97938485365636774]
840 ; 5 ; 69 ; 3 ; [0.6749624887884732] ; [1.7089833433410289]
840 ; 5 ; 69 ; 5 ; [1.9296600448367898] ; [1.3069186887028217]
840 ; 5 ; 69 ; 6 ; [1.3723329813959999] ; [0.19079071730613051]
840 ; 5 ; 69 ; 7 ; [1.2073415541390473] ; [1.1223280321053417]
840 ; 5 ; 69 ; 9 ; [1.2532271628083755] ; [1.5176047739039784]
840 ; 5 ; 69 ; 11 ; [1.6583007865739086] ; [1.2898894021750555]
840 ; 5 ; 69 ; 12 ; [2.443930432881392] ; [1.5935390370397062]
840 ; 5 ; 69 ; 13 ; [2.4446911738468158] ; [1.8125923668968504]
840 ; 5 ; 69 ; 14 ; [3.0070018163616425] ; [1.3746798800576825]
840 ; 5 ; 69 ; 15 ; [1.5800902776267711] ; [1.1319299177579998]
840 ; 5 ; 69 ; 17 ; [0.71960495093246568] ; [0.59642214263875437]
840 ; 5 ; 70 ; 1 ; [0.24832936887007731, 0.16715556020129516, 0.04210141621480188] ; [0.39527889073719369, 0.31430350200293944, 0.13203261422223897]
840 ; 5 ; 71 ; 0 ; [-0.010659782822651547, -0.0030485350788436272, 0.0089420912309419644, 0.018531887526890594] ; [0.37616119014500132, 0.25109734990118648, 0.23180811331506326, 0.066142599550253173]
840 ; 5 ; 71 ; 1 ; [0.026149546042384387] ; [0.10378384924793471]
840 ; 5 ; 72 ; 0 ; [0.60497826961873569] ; [0.26715869638130663]
840 ; 5 ; 73 ; 0 ; [0.36717645024454643] ; [0.48534592763673406]
840 ; 5 ; 73 ; 2 ; [0.65812592959410843] ; [1.4898779617346052]
840 ; 5 ; 74 ; 0 ; [1.2037551543554161, 0.046364582365361034] ; [0.59817897951926058, 0.0260714690298334]
840 ; 5 ; 74 ; 1 ; [0.80497305688515308] ; [1.698069390683693]
840 ; 5 ; 77 ; 0 ; [0.52917507100795236] ; [0.90507320162757265]
840 ; 5 ; 77 ; 11 ; [0.71797510748644688] ; [1.5278166172058478]
840 ; 5 ; 78 ; 0 ; [0.39693951403381883, 2.2068623779085388] ; [0.36691963106617675, 0.77864438406698611]
840 ; 5 ; 78 ; 5 ; [0.30828073180416232] ; [0.13818917240094641]
840 ; 5 ; 80 ; 0 ; [0.33289519384371058] ; [1.8811178135210291]
840 ; 5 ; 80 ; 2 ; [0.92019709156755503] ; [0.65195992400668112]
840 ; 5 ; 80 ; 6 ; [1.2026608314551255] ; [1.1166409767046763]
840 ; 5 ; 80 ; 12 ; [1.1889266292474097] ; [2.5739897875236295]
840 ; 5 ; 80 ; 13 ; [1.3144177519054701] ; [1.1824963298146696]
840 ; 5 ; 80 ; 15 ; [2.125296626656036] ; [1.180396101469567]
840 ; 5 ; 80 ; 19 ; [1.5378809093401493] ; [3.1094273476215371]
840 ; 5 ; 80 ; 20 ; [1.7266273076879146] ; [0.52129276964897753]
840 ; 5 ; 80 ; 21 ; [0.5146613239772162] ; [0.70738919070456074]
840 ; 5 ; 80 ; 24 ; [0.87202374293646634] ; [4.440969424664833]
840 ; 5 ; 80 ; 25 ; [0.74179385872876902] ; [0.40461777720625347]
840 ; 5 ; 80 ; 26 ; [0.59540299316426148] ; [3.5620153636401097]
840 ; 5 ; 80 ; 27 ; [1.5114585889437129] ; [2.6425543113323195]
840 ; 5 ; 80 ; 29 ; [1.999563329391211] ; [4.2659750639648655]
840 ; 5 ; 80 ; 30 ; [0.47298122963386868] ; [1.8984534936846311]
840 ; 5 ; 80 ; 32 ; [2.0474213589424024] ; [4.6140132531678226]
840 ; 5 ; 80 ; 34 ; [2.8054807168146683] ; [0.48502040840908051]
840 ; 5 ; 80 ; 39 ; [2.151033803740523] ; [3.3329729015513689]
840 ; 5 ; 81 ; 0 ; [0.10708217692177317, 0.11579200092510895, 0.17862182161515763, 0.016749591866426404] ; [0.21282854375933657, 0.12130350339430238, 0.16763255568635327, 0.081808106838707526]
840 ; 5 ; 82 ; 0 ; [0.024427719810070653, 0.063929209784786431, 0.043895722501956481, 0.023913849614695438] ; [0.13657054139503522, 0.18303216798244942, 0.17625307384016414, 0.12522737581971263]
840 ; 5 ; 83 ; 2 ; [0.75417904576257022] ; [1.6876437056073115]
840 ; 5 ; 83 ; 9 ; [0.59163739272572635] ; [1.5350230699768059]
840 ; 5 ; 84 ; 0 ; [0.13833584750725847] ; [0.83476507016748625]
840 ; 5 ; 84 ; 1 ; [0.91944915066115551] ; [0.43776294660601189]
840 ; 5 ; 84 ; 2 ; [1.1827920898435276] ; [0.48825995650839099]
840 ; 5 ; 86 ; 0 ; [0.10542002227760291, 0.31857609273778192, 0.26717732319939386] ; [0.15143135815248981, 0.62504813923396096, 0.49593170245864376]
840 ; 5 ; 87 ; 3 ; [1.3614744663501166] ; [4.4202176896434073]
840 ; 5 ; 87 ; 4 ; [0.7388700504730572] ; [1.8220793502679602]
840 ; 5 ; 88 ; 0 ; [0.094881667252345259, 0.040738955887030193, 0.037894916920901099] ; [0.22837553585444911, 0.33534308415219383, 0.27243576789645724]
840 ; 5 ; 89 ; 0 ; [1.589559365717802] ; [0.89799055982074161]
840 ; 5 ; 89 ; 1 ; [0.96661420440219181] ; [0.25258879662629946]
840 ; 5 ; 90 ; 0 ; [0.01542580229560225, 0.017656467185221958] ; [0.20287743894486107, 0.13747331109494743]
840 ; 5 ; 91 ; 0 ; [0.20310937768321979, 0.16324048428793303] ; [0.32245065879586443, 0.25346576824684625]
840 ; 5 ; 91 ; 1 ; [0.12094023623067604] ; [-0.013294772730696272]
840 ; 5 ; 92 ; 0 ; [0.027293641721222887] ; [0.04832776240063498]
840 ; 5 ; 92 ; 1 ; [0.20422354036204507] ; [0.033733261002171812]
840 ; 5 ; 94 ; 1 ; [0.2057711910595573, 0.11917196808449035, 0.20856427984669984] ; [0.23767513780869012, 0.210935472550906, 0.18886118157991008]
840 ; 5 ; 95 ; 0 ; [0.40215031224948883] ; [0.48965754039023429]
840 ; 5 ; 96 ; 0 ; [0.37170304207248611, 0.98769123522392577] ; [0.25552074588988782, 0.67337505159616706]
840 ; 5 ; 96 ; 1 ; [0.22788114423452904] ; [0.64421179579079568]
840 ; 5 ; 97 ; 0 ; [0.10147180023308087, 0.026341195351973504] ; [0.18970921201588847, 0.12973277645551784]
840 ; 5 ; 98 ; 0 ; [0.10997372881848064] ; [0.06325191008311952]
840 ; 5 ; 98 ; 1 ; [0.26524612663798192] ; [0.4470247080611478]
840 ; 5 ; 99 ; 0 ; [0.68159970497632205, 0.036868866490802156, 0.022604671591928752] ; [0.43993635057596669, 0.16938099014184646, 0.060110661169608406]
840 ; 5 ; 99 ; 2 ; [0.22946143844500072] ; [0.54418972807774424]
840 ; 5 ; 100 ; 4 ; [1.9234035778247269] ; [1.7165279790878718]
840 ; 5 ; 101 ; 0 ; [0.28088827324903992] ; [-0.003401590043875532]
840 ; 5 ; 103 ; 0 ; [0.049064444721818631, -0.0048630659169469148, 0.014194821018430028] ; [0.2395723293107829, 0.18579656325004543, 0.16184744924964076]
840 ; 5 ; 103 ; 1 ; [0.054805754276600685] ; [-0.0084426491559706929]
840 ; 5 ; 104 ; 0 ; [0.11501749873601577, 0.10919738337098439, 0.1517196990475371, 0.19528790482991459, 0.13874725531269486] ; [0.14596312583300342, 0.19546457527487501, 0.22065759322968939, 0.27690626717400463, 0.047654782846229746]
840 ; 5 ; 105 ; 0 ; [1.2625015118435137, 2.0647433785030356] ; [0.47413701875237851, 0.91932473727126429]
840 ; 5 ; 105 ; 1 ; [0.59417522596915495] ; [1.8070929799541733]
840 ; 5 ; 105 ; 2 ; [1.0574800741374442] ; [0.029808573347689996]
840 ; 5 ; 105 ; 10 ; [1.2135934444829553, 0.75155792416303913] ; [2.4217385096099577, 0.20837887766997623]
840 ; 5 ; 105 ; 11 ; [1.4138063922783974] ; [1.860591760336634]
840 ; 5 ; 105 ; 13 ; [1.753979692372964] ; [2.0491887607935606]
840 ; 5 ; 105 ; 14 ; [1.8803217790751581] ; [1.7895318418106057]
840 ; 5 ; 105 ; 15 ; [3.3618889299370673] ; [1.1488760895851446]
840 ; 5 ; 105 ; 16 ; [1.5301213553598103] ; [1.5786162994758404]
840 ; 5 ; 105 ; 17 ; [0.81838634549177869] ; [1.0681755215832793]
840 ; 5 ; 105 ; 18 ; [1.8088925297574014] ; [2.9979389478517704]
840 ; 5 ; 105 ; 19 ; [1.5526495696855176] ; [1.8359821909889651]
840 ; 5 ; 106 ; 0 ; [0.19290403119838495] ; [0.43348142118808164]
840 ; 5 ; 106 ; 1 ; [0.68710667765192757] ; [0.63870575241258221]
840 ; 5 ; 106 ; 7 ; [1.4653252900872378] ; [0.29439941951829801]
840 ; 5 ; 106 ; 9 ; [1.0798043984899683] ; [0.32024593581668548]
840 ; 5 ; 106 ; 10 ; [1.7952170677587773] ; [3.2627840755521613]
840 ; 5 ; 106 ; 16 ; [1.5634033967256133] ; [0.58264582305363766]
840 ; 5 ; 106 ; 18 ; [0.92929133381638385] ; [0.73846124523779466]
840 ; 5 ; 106 ; 20 ; [0.72915400820508736] ; [0.042616359292839801]
840 ; 5 ; 106 ; 30 ; [2.2312208123590835] ; [1.542129882463976]
840 ; 5 ; 107 ; 0 ; [0.026650783639446049] ; [0.34887419412022652]
840 ; 5 ; 107 ; 3 ; [1.5236353409236782] ; [0.19627164944115258]
840 ; 5 ; 108 ; 0 ; [0.44349516765187236] ; [0.24942288422333986]
840 ; 5 ; 108 ; 1 ; [0.046950921132962863] ; [0.026075763463398165]
840 ; 5 ; 109 ; 0 ; [0.35902663942359603, 0.12792222917944629] ; [1.0669072259698704, 0.76912850617742379]
840 ; 5 ; 109 ; 1 ; [0.83018564978072462] ; [0.56818691143972833]
840 ; 5 ; 109 ; 3 ; [2.3628485395005705] ; [5.7455317191993549]
840 ; 5 ; 109 ; 4 ; [1.3713539143778719] ; [0.37520021735016368]
840 ; 5 ; 109 ; 7 ; [0.8487890049293404] ; [5.1517665636326724]
840 ; 5 ; 109 ; 9 ; [1.2941412333304463] ; [0.83848136036977972]
840 ; 5 ; 110 ; 0 ; [0.58475581388739872] ; [4.7102863248438798]
840 ; 5 ; 110 ; 1 ; [1.2836583317461925] ; [0.45543284677913587]
840 ; 5 ; 110 ; 3 ; [0.077500193710730539] ; [0.018194267533113248]
840 ; 5 ; 110 ; 5 ; [2.3913086959916243] ; [4.1943460529204231]
840 ; 5 ; 110 ; 6 ; [2.9162909737278411] ; [2.5473316408947828]
840 ; 5 ; 110 ; 9 ; [1.7393297866590571] ; [1.6639526376361033]
840 ; 5 ; 111 ; 0 ; [1.2943007466711196] ; [0.14516480974674556]
840 ; 5 ; 111 ; 1 ; [2.5976936017821717] ; [1.0954035134956932]
840 ; 5 ; 111 ; 2 ; [1.0550223118722555] ; [0.53348568737120139]
840 ; 5 ; 111 ; 4 ; [0.070471373230193035] ; [1.211698697956235]
840 ; 5 ; 111 ; 5 ; [0.80812009229379778] ; [2.7141734445628258]
840 ; 5 ; 111 ; 8 ; [2.4086121800050599] ; [1.4315591894645623]
840 ; 5 ; 111 ; 12 ; [2.0850076190132492] ; [2.0635059553202115]
840 ; 5 ; 111 ; 13 ; [1.60372758949173] ; [1.4313734081591891]
840 ; 5 ; 111 ; 21 ; [1.4050581458815454] ; [2.1300775676761483]
840 ; 5 ; 111 ; 23 ; [2.589921961745465] ; [0.81517335769438592]
840 ; 5 ; 111 ; 24 ; [0.36702398414046339] ; [2.6954367505485046]
840 ; 5 ; 111 ; 26 ; [1.2543882107896891] ; [6.1203783295317953]
840 ; 5 ; 112 ; 0 ; [0.11790535531148043, 0.027027673070557298, 0.044475308186271212] ; [0.41947498304678954, 0.23001369632306382, 0.19476800464761693]
840 ; 5 ; 112 ; 1 ; [0.12608694794319908] ; [0.23538261370565658]
840 ; 5 ; 113 ; 0 ; [-0.004217689581637883, -0.0016180296031675018, -0.019137729393773745] ; [0.19766127666648606, 0.19292142505917145, 0.0151485074822737]
840 ; 5 ; 114 ; 0 ; [0.029872964666876958] ; [0.028164639029719201]
840 ; 5 ; 114 ; 1 ; [1.2677699266841198] ; [0.70512220806983561]
840 ; 5 ; 114 ; 2 ; [2.1074549231820501] ; [0.34234858551686281]
840 ; 5 ; 114 ; 3 ; [2.4605700630774172] ; [0.74897138897407134]
840 ; 5 ; 115 ; 0 ; [0.62571362883360437] ; [0.04791441474702423]
840 ; 5 ; 115 ; 1 ; [0.61400576615452929] ; [0.37959751956535626]
840 ; 5 ; 115 ; 10 ; [0.56794148951616508] ; [0.64895333629325869]
840 ; 5 ; 116 ; 0 ; [0.17036364482883429, 0.13223842220134086, 0.14615246764895087] ; [0.17281483809816878, 0.20055840961398622, 0.056759648953084066]
840 ; 5 ; 116 ; 1 ; [0.24273190481498233] ; [-0.034864165983353332]
840 ; 5 ; 116 ; 2 ; [0.11367276406392511] ; [0.097326119657773935]
840 ; 5 ; 117 ; 0 ; [0.17968109285110698, 0.24900110347778712, 0.36756787360735532] ; [0.20331932127368263, 0.28612156475699224, 0.32033150857517778]
840 ; 5 ; 118 ; 0 ; [0.67348412854769046] ; [1.0060932065883781]
840 ; 5 ; 118 ; 5 ; [1.5154429978157065] ; [2.0581913958827367]
840 ; 5 ; 119 ; 0 ; [0.08585953792608321] ; [0.65158652640918624]
840 ; 5 ; 119 ; 1 ; [0.57822199960942833] ; [2.7355778135576632]
840 ; 5 ; 119 ; 5 ; [2.6181681277055047] ; [4.1569980006792377]
840 ; 5 ; 119 ; 6 ; [1.9107357147972073] ; [4.8155747081565714]
840 ; 5 ; 119 ; 10 ; [1.2871711706327413] ; [0.22569468981793928]
840 ; 5 ; 120 ; 0 ; [-0.32110723329971746, -0.20467411680137731, -0.61464248549241385] ; [0.19552526241662882, 0.31125291994191362, 0.16237564406882812]
840 ; 5 ; 120 ; 1 ; [0.0026142482234057783] ; [0.21001761196111329]
840 ; 5 ; 120 ; 2 ; [0.82722639991598657] ; [-0.008981385582663608]
840 ; 5 ; 121 ; 0 ; [1.77881853907111] ; [0.84330838375797823]
840 ; 5 ; 121 ; 2 ; [0.071948788177718395] ; [0.18831312852545037]
840 ; 5 ; 121 ; 5 ; [0.28577938257069813] ; [0.7452813767232509]
840 ; 5 ; 121 ; 7 ; [0.080557765155265637] ; [0.38498625379957052]
840 ; 5 ; 121 ; 9 ; [-0.010878375963652405] ; [0.066303870607664253]
840 ; 5 ; 121 ; 11 ; [1.4502344738579491] ; [1.6466476417170639]
840 ; 5 ; 122 ; 0 ; [0.084195236053187503, 0.029090885102130634] ; [0.18655156685582713, 0.070573613586655717]
840 ; 5 ; 123 ; 0 ; [-0.024599755746721266] ; [0.39928951856072348]
840 ; 5 ; 123 ; 1 ; [0.0037630807348233973] ; [-0.0041463773638814394]
840 ; 5 ; 124 ; 0 ; [0.27672688445513233] ; [0.036566213136678259]
840 ; 5 ; 124 ; 1 ; [0.33605489364548313] ; [2.211785554854369]
840 ; 5 ; 124 ; 3 ; [0.51776480190105256] ; [0.60537047607933969]
840 ; 5 ; 124 ; 14 ; [5.6530020481159786] ; [0.60838340312513173]
840 ; 5 ; 124 ; 15 ; [2.2378354292793405] ; [1.7046753920408844]
840 ; 5 ; 124 ; 17 ; [0.092147710467933838] ; [0.71531710333381582]
840 ; 5 ; 124 ; 25 ; [0.93183311997588214] ; [4.7569678598151919]
840 ; 5 ; 124 ; 26 ; [2.8130077158141731] ; [0.823920183516195]
840 ; 5 ; 124 ; 27 ; [1.9774125223653425] ; [0.77074768850270259]
840 ; 5 ; 124 ; 28 ; [0.40879348349455691] ; [1.6815995011506677]
840 ; 5 ; 124 ; 29 ; [0.53999977021553258] ; [1.4924881914350379]
840 ; 5 ; 124 ; 30 ; [2.1929893848529032] ; [1.6010540198766803]
840 ; 5 ; 124 ; 31 ; [2.0163158239801691] ; [1.4865066539692751]
840 ; 5 ; 125 ; 0 ; [0.89870602250240872] ; [0.10420159162182338]
840 ; 5 ; 125 ; 3 ; [0.13484897601574686] ; [0.30063263692092024]
840 ; 5 ; 125 ; 14 ; [0.069905907272703877] ; [0.0071064016662719396]
840 ; 5 ; 126 ; 0 ; [1.0503635166497063] ; [0.3902871825700292]
840 ; 5 ; 126 ; 2 ; [0.72371962323017369] ; [0.33980400288564594]
840 ; 5 ; 126 ; 3 ; [0.62870887406291887] ; [0.94915928681437467]
840 ; 5 ; 126 ; 6 ; [1.2276031546477919] ; [0.66673652784702575]
840 ; 5 ; 126 ; 8 ; [1.3341368391281669] ; [1.1525851560708364]
840 ; 5 ; 126 ; 21 ; [1.1929333987375121] ; [0.2493799248077852]
840 ; 5 ; 126 ; 22 ; [1.1304908969080774] ; [0.42535760635719455]
840 ; 5 ; 126 ; 34 ; [1.374136956114661] ; [1.7726434290501061]
840 ; 5 ; 126 ; 35 ; [1.7880796181977432] ; [1.2482482003393121]
840 ; 5 ; 126 ; 39 ; [0.45865125702998] ; [0.26234204553215074]
840 ; 5 ; 127 ; 0 ; [0.10737123286275325, 0.12867873795196202, 0.19898125506919104] ; [0.26024594753955427, 0.21503068924514873, 0.1840851248369732]
840 ; 5 ; 128 ; 8 ; [0.0028591085184910075] ; [0.11586395621294207]
840 ; 5 ; 129 ; 0 ; [2.0685420169037618] ; [0.13716260675999487]
840 ; 5 ; 129 ; 1 ; [0.25609231008035566] ; [0.22703331106386737]
840 ; 5 ; 129 ; 8 ; [0.34560055461452421] ; [0.26363689057962542]
840 ; 5 ; 130 ; 0 ; [0.046147647980671502] ; [0.27324050812017026]
840 ; 5 ; 131 ; 0 ; [0.10930172335694836] ; [0.060983454356440432]
840 ; 5 ; 131 ; 2 ; [2.0679323563970824] ; [2.0033432071676502]
840 ; 5 ; 131 ; 3 ; [1.4660230230792177] ; [1.9794603828515536]
840 ; 5 ; 131 ; 5 ; [1.8277453226844234] ; [6.1807271975234093]
840 ; 5 ; 131 ; 7 ; [4.1074878738557317] ; [3.6079266097954004]
840 ; 5 ; 131 ; 8 ; [1.1465113017446287] ; [4.8181440443703911]
840 ; 5 ; 131 ; 9 ; [1.9939506064486427] ; [2.2946487736757946]
840 ; 5 ; 131 ; 10 ; [0.77669744060580947] ; [1.4465693277108715]
840 ; 5 ; 131 ; 11 ; [1.9088391952031527] ; [3.0631242093825448]
840 ; 5 ; 132 ; 0 ; [0.54258351297385765] ; [0.14308541511016959]
840 ; 5 ; 132 ; 1 ; [2.073397518884847] ; [1.5921625444357663]
840 ; 5 ; 132 ; 2 ; [1.1806769291408215] ; [0.21614348598296884]
840 ; 5 ; 132 ; 6 ; [2.6082308299860593] ; [2.3083010014394967]
840 ; 5 ; 132 ; 7 ; [4.2978646477202682] ; [2.2486063142538888]
840 ; 5 ; 132 ; 9 ; [1.0867914797108165] ; [1.5283779129544133]
840 ; 5 ; 132 ; 10 ; [1.7437178306363557] ; [1.5043920100497568]
840 ; 5 ; 132 ; 11 ; [1.425264321342494] ; [1.4781341977677682]
840 ; 5 ; 132 ; 13 ; [2.4573931352232514] ; [0.91886706703189636]
840 ; 5 ; 132 ; 14 ; [0.098915137268676401] ; [0.84640296088986244]
840 ; 5 ; 132 ; 15 ; [1.7416573665815818] ; [2.1144396575743722]
840 ; 5 ; 132 ; 18 ; [0.048218135336295154] ; [1.5140067600022398]
840 ; 5 ; 132 ; 19 ; [0.15006244595510515] ; [1.6212716523126636]
840 ; 5 ; 132 ; 20 ; [2.4649372543282961] ; [2.0872839312158376]
840 ; 5 ; 132 ; 21 ; [1.5175906854473618] ; [1.8569082843729847]
840 ; 5 ; 133 ; 0 ; [0.085919954326223791, 0.11165545881006661, 0.1094152519903442] ; [0.12483046112572607, 0.25007046031094915, 0.14188868262195789]
840 ; 5 ; 134 ; 2 ; [1.8027646410595624, 0.99216174692423087] ; [0.78665753726223031, 1.0365574399855617]
840 ; 5 ; 134 ; 5 ; [-0.020717658839257302] ; [0.29978609057763916]
840 ; 5 ; 134 ; 6 ; [1.6330688577596741] ; [0.49739235112590563]
840 ; 5 ; 134 ; 7 ; [2.2184863549729767] ; [0.40646148520954667]
840 ; 5 ; 134 ; 8 ; [1.6293121061078031] ; [0.38035111732750854]
840 ; 5 ; 134 ; 9 ; [-0.02868866315489681] ; [0.44119165629326307]
840 ; 5 ; 134 ; 10 ; [1.5356530754348854] ; [0.63194134846792371]
840 ; 5 ; 134 ; 12 ; [0.060119972730292709] ; [0.48359079653866738]
840 ; 5 ; 134 ; 15 ; [3.0734297447765577] ; [0.88172822003772644]
840 ; 5 ; 134 ; 16 ; [1.3810695998970492] ; [0.24547354873326607]
840 ; 5 ; 134 ; 17 ; [0.00026130088310168521] ; [0.41722620813458544]
840 ; 5 ; 134 ; 18 ; [0.097547376831948376] ; [0.086127436858591741]
840 ; 5 ; 135 ; 0 ; [0.16313716107307069, 0.40483523302081098] ; [0.21040328373125894, 0.19136118577615693]
840 ; 5 ; 135 ; 1 ; [0.21275061770654763, 0.31765083379660658] ; [0.24227530951000431, 0.22973349249342684]
840 ; 5 ; 135 ; 2 ; [0.65632786670827914] ; [0.048267229198096985]
840 ; 5 ; 135 ; 3 ; [0.19243687912867755] ; [-0.049883957901838756]
840 ; 5 ; 135 ; 4 ; [0.60969801076810082] ; [0.22558280103567677]
840 ; 5 ; 136 ; 0 ; [1.0305234528785467] ; [0.48965184933085609]
840 ; 5 ; 137 ; 0 ; [1.9675810926450688, 1.1607983543547105] ; [0.66550561369812411, 0.76081797337444068]
840 ; 5 ; 137 ; 3 ; [-0.18609784682618899] ; [1.216813478096948]
840 ; 5 ; 137 ; 5 ; [0.8222135868978695, 0.22089375357969995, 0.17637476204738189, 0.094984322857316894] ; [0.44155852371968823, 0.29287154014746458, 0.34555022958049331, 0.27777402984118121]
840 ; 5 ; 138 ; 0 ; [31.435934826429694, 3.5920029552566066, 0.34536620726771949, -0.021652799358211659, -0.0079128247680673152] ; [0.040106366669607103, 0.15616453353816404, 0.3368157183538128, 0.21743817752947092, 0.12679746579198981]
840 ; 5 ; 138 ; 1 ; [0.01532087343066065] ; [0.10673719356543744]
840 ; 5 ; 139 ; 5 ; [0.18065662310667971, 0.77143543443852114] ; [0.01390259786368149, 0.44873818192345882]
840 ; 5 ; 140 ; 0 ; [0.092954488288331125, 0.11128220175536389] ; [0.30477896366955698, 0.37000577266669604]
840 ; 5 ; 140 ; 1 ; [0.054833163388726375, 0.058862552727619817] ; [0.23497489499135846, 0.12257892103487558]
840 ; 5 ; 140 ; 2 ; [0.080676365493245875] ; [0.15103857776559046]
840 ; 5 ; 141 ; 0 ; [0.20547967815978518, 0.48850608749314173] ; [0.1795656535796446, 0.1488311117065492]
840 ; 5 ; 142 ; 0 ; [1.2098567816425088] ; [0.49951972856502697]
840 ; 5 ; 142 ; 1 ; [0.83815722785390079] ; [0.20907908622426882]
840 ; 5 ; 142 ; 4 ; [1.6727555422327665] ; [1.4459569344387475]
840 ; 5 ; 142 ; 5 ; [1.7727134387393411] ; [0.84201772725539448]
840 ; 5 ; 142 ; 6 ; [1.5137609679642114] ; [2.3311673717274619]
840 ; 5 ; 142 ; 7 ; [4.2295682424541541] ; [1.509392774436187]
840 ; 5 ; 142 ; 9 ; [1.6905552641085415] ; [1.3133603030981957]
840 ; 5 ; 142 ; 13 ; [0.24705285918664791] ; [1.4223860907977222]
840 ; 5 ; 144 ; 0 ; [0.1558588518418767, 0.33698438015227938, 0.54450057412309694, 0.67650437073677683, 0.17517726443143813] ; [0.15636053426093441, 0.21339281096527427, 0.97585689109846929, 0.42359532676999273, 0.12525205716278773]
840 ; 5 ; 144 ; 2 ; [0.044238160670449486] ; [-0.039024817234884719]
840 ; 5 ; 145 ; 0 ; [0.34733997413465661] ; [0.034092733339670001]
840 ; 5 ; 145 ; 1 ; [0.31355923547394282] ; [0.14015428662682283]
840 ; 5 ; 145 ; 3 ; [0.72473797472087109, 0.15830561438100557] ; [0.2049562499451448, 0.15666462870517261]
840 ; 5 ; 146 ; 0 ; [0.86828922721264035] ; [0.34663678292088518]
840 ; 5 ; 146 ; 2 ; [0.34772926669162335] ; [0.60192330624300028]
840 ; 5 ; 147 ; 0 ; [-0.0093654192428989525, 0.021446773369398191, -0.0048995383287163668] ; [0.26574047852737104, 0.25754538015923401, 0.03454483543948475]
840 ; 5 ; 149 ; 1 ; [1.1108206403111611] ; [0.14942454181441192]
840 ; 5 ; 149 ; 2 ; [-0.29429219890169039] ; [0.63967978896981981]
840 ; 5 ; 149 ; 3 ; [0.41057235806288317] ; [3.1272096875987239]
840 ; 5 ; 149 ; 4 ; [0.60353515023747473] ; [1.356720066328154]
840 ; 5 ; 150 ; 0 ; [0.8110445060278535] ; [0.68670238646230153]
840 ; 5 ; 150 ; 1 ; [1.3320289741340863] ; [1.732671813220009]
840 ; 5 ; 150 ; 2 ; [1.8262298559530343] ; [0.37900377037587085]
840 ; 5 ; 150 ; 3 ; [1.1457476562645641] ; [1.1892629320094068]
840 ; 5 ; 150 ; 7 ; [1.7906086709913771] ; [0.92177032013048477]
840 ; 5 ; 150 ; 12 ; [1.3042820144124814] ; [1.8536681370118959]
840 ; 5 ; 150 ; 19 ; [1.9083631508426913] ; [1.2225662693452228]
840 ; 5 ; 150 ; 25 ; [1.3931196146045444] ; [1.7927813401876138]
840 ; 5 ; 151 ; 0 ; [0.020522387657233826] ; [0.18940157748130668]
840 ; 5 ; 151 ; 4 ; [0.55924302376316215] ; [0.33335121512642535]
840 ; 5 ; 151 ; 7 ; [0.056183116027733043] ; [0.022360009778131403]
840 ; 5 ; 151 ; 9 ; [5.7668101796699407] ; [0.19741874787063177]
840 ; 5 ; 152 ; 0 ; [0.11436864694665486, 0.16291073320391708, 0.33694866614815244] ; [0.37844851036992228, 0.50163340080666019, 0.65417206399283434]
840 ; 5 ; 152 ; 1 ; [0.003486719725175654] ; [0.39250772998869515]
840 ; 5 ; 153 ; 0 ; [0.22515796624296577, 0.20359109850937959, 0.10825632953534275, 0.054017549178040046] ; [0.1627625387910055, 0.20069907191414549, 0.1967841243814922, 0.011266108448830093]
840 ; 5 ; 154 ; 0 ; [0.33525206321981682] ; [0.10749380189262706]
840 ; 5 ; 154 ; 5 ; [0.40218584933769103] ; [0.018863119157614464]
840 ; 5 ; 155 ; 0 ; [0.17795090631925486] ; [0.49412346822091185]
840 ; 5 ; 155 ; 1 ; [2.4818043011521227] ; [0.59670409096056298]
840 ; 5 ; 155 ; 3 ; [1.3582688667988614] ; [0.045893000941005617]
840 ; 5 ; 155 ; 4 ; [5.4806634820704669] ; [-0.19154135965339761]
840 ; 5 ; 156 ; 0 ; [0.6293118594836048] ; [0.1362262075717679]
840 ; 5 ; 157 ; 0 ; [0.064147634616560881] ; [0.046662067180839324]
840 ; 5 ; 157 ; 1 ; [0.048759554944602566] ; [-0.19246605940338948]
840 ; 5 ; 157 ; 3 ; [0.11344088870764471, 0.057209062442310027] ; [0.20910338597408137, 0.044961776410827652]
840 ; 5 ; 158 ; 0 ; [0.46560397558046246, 0.15375929764076185] ; [0.46864316160485986, 0.20485978985522713]
840 ; 5 ; 158 ; 3 ; [0.01181455513096313] ; [0.22838323924223716]
840 ; 5 ; 159 ; 0 ; [0.57952380320901453] ; [0.14736688813844792]
840 ; 5 ; 159 ; 1 ; [1.3124154018015262] ; [1.8443097445929721]
840 ; 5 ; 159 ; 4 ; [2.8843669998118626] ; [0.3615208737067741]
840 ; 5 ; 159 ; 6 ; [0.18543508705998488] ; [4.590776136767321]
840 ; 5 ; 159 ; 8 ; [0.23680125581076958] ; [0.57496611804586906]
840 ; 5 ; 159 ; 10 ; [0.90612947297571633] ; [0.20826844765929944]
840 ; 5 ; 160 ; 1 ; [2.135535338535846] ; [1.3907558777358149]
840 ; 5 ; 160 ; 3 ; [0.11571966955374936] ; [1.6285754793666756]
840 ; 5 ; 161 ; 0 ; [0.70965480027835015] ; [0.18438851750417931]
840 ; 5 ; 162 ; 0 ; [0.52369964681930281] ; [0.4347379182184643]
840 ; 5 ; 162 ; 5 ; [0.17770625821460223] ; [2.2103008340705248]
840 ; 5 ; 162 ; 6 ; [1.3596729588501637] ; [1.5465916958284378]
840 ; 5 ; 163 ; 1 ; [0.29985297012349965] ; [0.11206823467198136]
840 ; 5 ; 163 ; 2 ; [0.039527800121199996] ; [0.26905365128988074]
840 ; 5 ; 164 ; 0 ; [0.2452560479237314, 0.12560042824441361, 0.12657594884763146, 0.083978319177510918, 0.1003213695638087] ; [0.35239175018836183, 0.45043114260422029, 0.17582350969962493, 0.17778738680337652, 0.12191946085068767]
840 ; 5 ; 165 ; 0 ; [0.18795726334600046] ; [0.036654465709610715]
840 ; 5 ; 165 ; 1 ; [0.089544479210452624] ; [0.26722564897902445]
840 ; 5 ; 165 ; 3 ; [1.7665508962239249] ; [0.82798775096089516]
840 ; 5 ; 166 ; 4 ; [0.35371512295307889] ; [0.26637191867713017]
840 ; 5 ; 167 ; 0 ; [0.22099980629902041, 0.11823658366418355] ; [0.16300000381075563, 0.1979068496074298]
840 ; 5 ; 168 ; 1 ; [0.45247963472323327] ; [1.6351709893781659]
840 ; 5 ; 168 ; 10 ; [2.2240793207200862] ; [1.2935148712636784]
840 ; 5 ; 168 ; 11 ; [1.7723293649304543] ; [0.61799160792629293]
840 ; 5 ; 168 ; 14 ; [2.9522525706706086] ; [2.9099280791301272]
840 ; 5 ; 168 ; 18 ; [0.85808403964581004] ; [1.4139838073695667]
840 ; 5 ; 168 ; 25 ; [1.517323592640982] ; [1.8415073004516225]
840 ; 5 ; 170 ; 0 ; [0.85361180815117121, 0.43085104683943648] ; [1.1688753432646741, 0.31568692961702166]
840 ; 5 ; 170 ; 1 ; [0.46920400226398973] ; [0.43752990478784665]
840 ; 5 ; 170 ; 3 ; [0.001910013577853784] ; [-0.029643713161144277]
840 ; 5 ; 171 ; 0 ; [0.15503542048951904, 0.21339472861327452, 0.1417521885056964, 0.16398081378565771, 0.092179025967626643] ; [0.16858677057254279, 0.23037514894956632, 0.21363886994439094, 0.22718156268394038, 0.22918828336430896]
840 ; 5 ; 172 ; 0 ; [0.22644565432899888, 0.055407022088614213] ; [0.72595353843554677, 0.26614243343159311]
840 ; 5 ; 172 ; 4 ; [8.1198703760468938] ; [0.012045825525559816]
840 ; 5 ; 173 ; 0 ; [0.26397855222830147] ; [0.25327569428770508]
840 ; 5 ; 173 ; 2 ; [0.36606032485301665] ; [0.40409770954199292]
840 ; 5 ; 174 ; 0 ; [0.054346032644867454, -0.0046045220914197084, -0.035136041653238602] ; [0.26404710917976154, 0.26662450338412885, 0.15093749029039291]
840 ; 5 ; 174 ; 1 ; [0.033688586831751889] ; [0.84121527127082107]
840 ; 5 ; 175 ; 3 ; [0.81045087385899295] ; [1.7887177660201095]
840 ; 5 ; 176 ; 0 ; [0.051992360880636385, 0.068408247125297708] ; [0.26539314754907445, 0.075970262771716993]
840 ; 5 ; 176 ; 1 ; [0.26872134176063961] ; [0.26034045625149116]
840 ; 5 ; 177 ; 0 ; [0.1848699152103401] ; [0.024351663660731989]
840 ; 5 ; 177 ; 4 ; [1.1284392303806605] ; [0.70956464308870704]
840 ; 5 ; 177 ; 5 ; [1.3505040697392363] ; [0.34470711853824887]
840 ; 5 ; 177 ; 12 ; [2.0414341381108461] ; [1.9698920393543311]
840 ; 5 ; 177 ; 14 ; [3.1206115205320342] ; [1.1154215727869856]
840 ; 5 ; 177 ; 17 ; [0.83553110809433251] ; [1.0819354706009299]
840 ; 5 ; 177 ; 18 ; [-0.2599520758110363] ; [-0.1517986546942042]
840 ; 5 ; 178 ; 0 ; [0.12387957483830175, 0.1014136880893656, 0.06924165592506995, 0.22102816862739541] ; [0.22292854393386768, 0.2388454900541922, 0.22280684451535734, 0.2041473953775074]
840 ; 5 ; 178 ; 1 ; [0.096025867094407094] ; [-0.003126587800446788]
840 ; 5 ; 179 ; 23 ; [0.29263958773916304] ; [0.085891381124227714]
840 ; 5 ; 180 ; 0 ; [0.36703291277322969, 0.31127028570870197] ; [1.0347198293099582, 0.52162113497679652]
840 ; 5 ; 180 ; 1 ; [0.28540745485765645] ; [0.2072585284538738]
840 ; 5 ; 180 ; 2 ; [1.1217923356629513] ; [0.7474964334379075]
840 ; 5 ; 180 ; 3 ; [4.3690118487447176] ; [1.0952652971278611]
840 ; 5 ; 180 ; 4 ; [0.34967220729346504] ; [0.00075227594987970273]
840 ; 5 ; 180 ; 5 ; [1.0173576125644259] ; [0.2228077435740517]
840 ; 5 ; 180 ; 8 ; [6.7511562484394565] ; [0.22536830294498855]
840 ; 5 ; 180 ; 10 ; [0.04384795027003037] ; [6.1453633794868106]
840 ; 5 ; 181 ; 0 ; [0.31656926823713227] ; [0.20489060718251798]
840 ; 5 ; 181 ; 1 ; [0.083191826495832802] ; [0.0301686327026723]
840 ; 5 ; 181 ; 2 ; [0.02778696597145891, 0.18911823033225039] ; [0.27987956405301162, 0.16533934838295061]
840 ; 5 ; 181 ; 4 ; [0.10228413880221549] ; [-0.012485261378839834]
840 ; 5 ; 182 ; 0 ; [0.61201929972675229] ; [0.32844989097984134]
840 ; 5 ; 182 ; 1 ; [0.0096452779691113353] ; [-0.00040054184404769678]
840 ; 5 ; 182 ; 4 ; [0.11156152142862628] ; [0.59980340923545761]
840 ; 5 ; 182 ; 6 ; [0.32700514749425569] ; [1.5038495075345839]
840 ; 5 ; 182 ; 8 ; [0.44941979172379726] ; [3.2810622806985954]
840 ; 5 ; 182 ; 10 ; [0.0035784864747655152] ; [0.22121600915153042]
840 ; 5 ; 183 ; 10 ; [0.2332282899722482] ; [0.26996414252070206]
840 ; 5 ; 185 ; 0 ; [0.35923656379365065, 0.26356684877352271] ; [0.11728385498931497, 0.57770692290869241]
840 ; 5 ; 185 ; 1 ; [0.027259889773881784] ; [0.27049096796077826]
840 ; 5 ; 185 ; 5 ; [1.0474810439757052] ; [0.15836697080737808]
840 ; 5 ; 185 ; 6 ; [0.58874839317609506] ; [1.2269876337536629]
840 ; 5 ; 186 ; 0 ; [0.03419832290932294, -0.001201005997759132] ; [0.21667671395419691, 0.25220120778906047]
840 ; 5 ; 187 ; 1 ; [1.7738609121042828] ; [1.6155765512119644]
840 ; 5 ; 187 ; 3 ; [1.0801084175269995] ; [0.61528503507637067]
840 ; 5 ; 187 ; 4 ; [1.360325480384921] ; [0.67286234001028866]
840 ; 5 ; 187 ; 5 ; [1.676012012708771] ; [0.81359358486107369]
840 ; 5 ; 187 ; 8 ; [1.1492862683791196] ; [0.80506872116505279]
840 ; 5 ; 187 ; 10 ; [2.859147308238803] ; [1.5756666530314747]
840 ; 5 ; 187 ; 11 ; [1.3017223819630102] ; [0.63037633231729895]
840 ; 5 ; 187 ; 12 ; [-0.0038773734026008575] ; [1.9086293644694523]
840 ; 5 ; 187 ; 15 ; [0.6042631124284048] ; [0.55670470654787774]
840 ; 5 ; 188 ; 0 ; [0.93246404195806898] ; [0.47838811175375018]
840 ; 5 ; 188 ; 1 ; [0.20092422695631448] ; [0.047053598313436917]
840 ; 5 ; 188 ; 4 ; [0.38714296690656785] ; [0.16966905972373911]
840 ; 5 ; 189 ; 0 ; [0.13532108377222818, 0.029834309193924498, 0.11347173401184184] ; [0.22309636270408811, 0.44248484424005302, 0.34244875482679571]
840 ; 5 ; 190 ; 0 ; [-0.22528586172104195] ; [0.091451766656939978]
840 ; 5 ; 191 ; 0 ; [0.50161372522434688] ; [0.039769642685734019]
840 ; 5 ; 191 ; 1 ; [0.56854454053741899] ; [0.20167175744638846]
840 ; 5 ; 192 ; 0 ; [0.23421276090680607] ; [0.22918517201806696]
840 ; 5 ; 192 ; 2 ; [-0.13201155644237503] ; [0.92433712665394474]
840 ; 5 ; 192 ; 10 ; [1.7062629173524533] ; [1.5684444162815905]
840 ; 5 ; 192 ; 11 ; [4.281555721590963] ; [1.8647100051272114]
840 ; 5 ; 192 ; 14 ; [2.4832566054071497] ; [2.3932788956350279]
840 ; 5 ; 192 ; 18 ; [0.24854755712822674] ; [1.8632268059385451]
840 ; 5 ; 193 ; 0 ; [2.457876384315488] ; [0.80539876607947558]
840 ; 5 ; 193 ; 2 ; [2.3333353612854606] ; [1.6786449466093503]
840 ; 5 ; 193 ; 3 ; [1.7120796595949628] ; [1.4326177126501971]
840 ; 5 ; 193 ; 6 ; [3.6231419491035424] ; [0.87333226736245617]
840 ; 5 ; 193 ; 8 ; [2.7024069260341914] ; [1.2185498941582165]
840 ; 5 ; 193 ; 10 ; [0.1914556618024191] ; [0.078726651627068184]
840 ; 5 ; 193 ; 11 ; [1.8688834901105451] ; [1.0197024665414329]
840 ; 5 ; 193 ; 12 ; [0.65838589718288731] ; [1.2443459453993531]
840 ; 5 ; 193 ; 13 ; [3.9582712330756809] ; [2.0085037592886574]
840 ; 5 ; 193 ; 17 ; [1.2763901318377269] ; [0.68148541544072683]
840 ; 5 ; 193 ; 19 ; [2.006480342669831] ; [1.4187334647388099]
840 ; 5 ; 193 ; 20 ; [0.37613012271604063] ; [2.7106416059698311]
840 ; 5 ; 193 ; 21 ; [0.77479806914096372] ; [2.2491956376136124]
840 ; 5 ; 193 ; 22 ; [1.1439354745892261] ; [2.4681471533440287]
840 ; 5 ; 193 ; 24 ; [0.29965886393023872] ; [2.1199647351333715]
840 ; 5 ; 193 ; 27 ; [2.0471910058890797] ; [1.9723484579328818]
840 ; 5 ; 193 ; 31 ; [2.4611735133908725] ; [4.2324029650544475]
840 ; 5 ; 193 ; 32 ; [1.2026749508053889] ; [2.1371504789141156]
840 ; 5 ; 193 ; 33 ; [0.6234894952672777] ; [1.4877056614710762]
840 ; 5 ; 193 ; 34 ; [4.0577595455891045] ; [2.0683619291245203]
840 ; 5 ; 193 ; 40 ; [1.9954840374486256] ; [1.6238953069424804]
840 ; 5 ; 193 ; 43 ; [1.9741661679501192] ; [2.7752432461990195]
840 ; 5 ; 193 ; 49 ; [1.2232601949523834] ; [2.3907780638046963]
840 ; 5 ; 194 ; 0 ; [0.24357888634095143, 0.52235522820583713, 0.35048106191822537, 0.12973919114701923] ; [0.33728548919375623, 0.59587078101494162, 0.41625798999401714, 0.17280439247321433]
840 ; 5 ; 194 ; 1 ; [0.39948269612220116] ; [0.052048836161961813]
840 ; 5 ; 194 ; 2 ; [-0.045495867148722724] ; [0.018563846798425408]
840 ; 5 ; 196 ; 1 ; [1.1238562938823953] ; [1.2760044544902434]
840 ; 5 ; 196 ; 4 ; [0.31800364040868667] ; [0.55000606278894659]
840 ; 5 ; 196 ; 5 ; [0.10288718796817929] ; [-0.0057697900595927564]
840 ; 5 ; 196 ; 10 ; [0.38175610031745338] ; [0.96803626615983529]
840 ; 5 ; 196 ; 11 ; [0.43780239212543731] ; [1.0978371999321235]
840 ; 5 ; 197 ; 0 ; [0.51390089009550555, 0.20178276700319414, 0.10352838815050734] ; [0.56734199807892516, 0.47669746975800675, 0.34678980137727322]
840 ; 5 ; 198 ; 0 ; [0.11031966898954086, 0.01732857179433606] ; [0.5061131096687087, 0.300705223027183]
840 ; 5 ; 199 ; 0 ; [0.1757270362763112] ; [0.27010550218082802]
840 ; 5 ; 200 ; 0 ; [0.010294186676594194, 0.097867726023740567, 10.452080051519918, 6.0770253344439169] ; [0.16958928478455881, 0.2191092656172885, 0.1801485607862402, 0.36573357528258671]
840 ; 5 ; 202 ; 2 ; [0.11758810520596079] ; [0.0080213717367593803]
840 ; 5 ; 202 ; 3 ; [0.19679846138986193] ; [0.00076496907390654484]
840 ; 5 ; 202 ; 5 ; [0.42288616008587249] ; [0.2991786539692966]
840 ; 5 ; 203 ; 0 ; [0.74608334691155465] ; [0.15289774303723266]
840 ; 5 ; 203 ; 3 ; [0.71478900109981169] ; [0.79808231965544563]
840 ; 5 ; 203 ; 7 ; [2.0643209531062934] ; [3.3353732524745041]
840 ; 5 ; 204 ; 0 ; [0.29572150477031667] ; [0.4045548274114521]
840 ; 5 ; 205 ; 0 ; [0.013178810157929887, 0.16786452808181632, 0.084612492945099052] ; [0.20647342467080443, 0.17406832693902588, 0.20308595970199855]
840 ; 5 ; 206 ; 0 ; [0.44231684001582711] ; [0.46947961731221832]
840 ; 5 ; 206 ; 4 ; [0.45995502145799838] ; [0.30349818885475566]
840 ; 5 ; 207 ; 0 ; [0.41863459543034143, 0.35704150299621357, 0.45477883873705838, 0.24837021847690044] ; [0.14575335903260281, 0.25743147635003777, 0.39952797013190633, 0.24561784810421253]
840 ; 5 ; 208 ; 0 ; [0.4392313680316422] ; [1.1766414259796474]
840 ; 5 ; 208 ; 2 ; [0.77309096934152333] ; [0.0010578692959680705]
840 ; 5 ; 208 ; 3 ; [-0.063972101787692026] ; [0.29107612193962179]
840 ; 5 ; 209 ; 0 ; [0.22236320369203366] ; [0.59927248658402477]
840 ; 5 ; 209 ; 2 ; [0.038595020906845391] ; [1.4514448591200335]
840 ; 5 ; 209 ; 3 ; [-0.068520719453073448] ; [0.12754590654506523]
840 ; 5 ; 209 ; 4 ; [0.9529368993928925] ; [0.10342352438882202]
840 ; 5 ; 210 ; 0 ; [0.35371664014448828] ; [0.11950231501754359]
840 ; 5 ; 210 ; 1 ; [0.20763837188625872, 1.3779835467412813] ; [0.62219765817985828, 0.03716206371464361]
840 ; 5 ; 210 ; 3 ; [0.67712881824094207, 0.5032755987827634] ; [0.24824640520332977, 0.046286977636593646]
840 ; 5 ; 210 ; 4 ; [0.25166626223384481] ; [0.30903284307778067]
840 ; 5 ; 210 ; 10 ; [0.1464921517955369] ; [0.043303977611769288]
840 ; 5 ; 210 ; 11 ; [0.21709677792330179] ; [2.2632102526191478]
840 ; 5 ; 211 ; 5 ; [0.75058759465832681, 0.29433875684488847, 0.097449726226187888] ; [0.77244662107520823, 0.1907140771306006, 0.090983107156863363]
840 ; 5 ; 212 ; 0 ; [1.4364953930602682] ; [2.1260159605196391]
840 ; 5 ; 212 ; 1 ; [3.0776313638012094] ; [-0.0087794730961692578]
840 ; 5 ; 212 ; 3 ; [7.3604474389348411] ; [0.18297627201527544]
840 ; 5 ; 212 ; 7 ; [1.2128957749918952] ; [4.8748783485436329]
840 ; 5 ; 213 ; 0 ; [0.045072197522114645, 0.057461912374340854, 0.037263222768142201, 0.038584365398109728] ; [0.2260146802982243, 0.30219073478110542, 0.25230179837063071, 0.32809570227181684]
840 ; 5 ; 214 ; 0 ; [1.1335862131178034] ; [0.21928712936106842]
840 ; 5 ; 214 ; 2 ; [0.67450579670417987] ; [1.0689673613294224]
840 ; 5 ; 214 ; 3 ; [1.0511674425992674] ; [0.77691997475564545]
840 ; 5 ; 214 ; 4 ; [1.1625143871011561] ; [1.139713722714164]
840 ; 5 ; 214 ; 6 ; [0.17908430516365462] ; [1.4213699531414774]
840 ; 5 ; 214 ; 8 ; [8.1545303134005156] ; [1.7604534027395153]
840 ; 5 ; 214 ; 22 ; [1.5524137016829929] ; [0.68587220995362663]
840 ; 5 ; 214 ; 25 ; [1.2090374412690144] ; [1.4945006460459009]
840 ; 5 ; 214 ; 26 ; [1.3409405624760991] ; [0.61463958965706611]
840 ; 5 ; 214 ; 31 ; [6.0472357674661765] ; [0.12527025786127161]
840 ; 5 ; 214 ; 32 ; [3.2926068216241986] ; [1.7199384061691108]
840 ; 5 ; 214 ; 40 ; [1.1593473237395435] ; [1.3233761461595008]
840 ; 5 ; 215 ; 0 ; [0.10621035429557442] ; [0.13196995949016399]
840 ; 5 ; 215 ; 1 ; [0.21832116087304421] ; [0.19329218956077313]
840 ; 5 ; 215 ; 4 ; [0.31054707322956526] ; [1.0968184436653847]
840 ; 5 ; 215 ; 14 ; [1.1932175333165069] ; [0.39127596013387617]
840 ; 5 ; 217 ; 0 ; [0.006220368136599444, 0.01392242196374306, -0.001607893698564368, 0.10729328102368461] ; [0.16021456211746929, 0.22103873685567568, 0.15971997019867121, 0.10473448973637176]
840 ; 5 ; 218 ; 0 ; [0.19624098657382294, 0.18853802106858636] ; [0.046070521436431748, 0.03758347668417425]
840 ; 5 ; 218 ; 1 ; [0.43926136446676822] ; [0.091814290944986179]
840 ; 5 ; 219 ; 0 ; [1.3499909267693901] ; [0.025603077847740494]
840 ; 5 ; 219 ; 1 ; [0.34779020237087399] ; [0.082939362512160456]
840 ; 5 ; 219 ; 2 ; [2.9527734740313774] ; [0.74389065579722957]
840 ; 5 ; 219 ; 3 ; [0.48114636736864264] ; [0.92349455754289278]
840 ; 5 ; 219 ; 4 ; [1.6979766652423778] ; [2.507961516354869]
840 ; 5 ; 219 ; 5 ; [3.0209357616252648] ; [0.016826758409768584]
840 ; 5 ; 219 ; 12 ; [2.4321525156332302] ; [1.5184869913589298]
840 ; 5 ; 219 ; 13 ; [1.4480471825982333] ; [1.6946142267955466]
840 ; 5 ; 219 ; 17 ; [2.4350938312291723] ; [1.9000382047353819]
840 ; 5 ; 219 ; 18 ; [2.1496431608782571] ; [1.3924976229164179]
840 ; 5 ; 219 ; 19 ; [0.5806061560718212] ; [1.5679324986504504]
840 ; 5 ; 219 ; 20 ; [1.4731015586910052] ; [1.1985296762543538]
840 ; 5 ; 219 ; 24 ; [3.634840940936293] ; [2.2436615076594384]
840 ; 5 ; 220 ; 0 ; [0.12250500076093471, 0.023093350537671888, 0.071358109718171761] ; [0.47344380654946083, 0.3017711171620529, 0.25567536369950472]
840 ; 5 ; 221 ; 4 ; [0.055153351233999559] ; [0.53797919075211764]
840 ; 5 ; 221 ; 6 ; [0.064385430475526889] ; [2.5466798254534937]
840 ; 5 ; 221 ; 7 ; [1.9033888545823108] ; [1.2329758687655319]
840 ; 5 ; 221 ; 8 ; [1.6907940104288273] ; [1.329269968943338]
840 ; 5 ; 221 ; 12 ; [2.0551367559044147] ; [0.95197987272097828]
840 ; 5 ; 221 ; 17 ; [0.88811429705315437] ; [1.4743220887009727]
840 ; 5 ; 222 ; 0 ; [0.36971129784166673, 0.29714122451712016, 0.15495594189848524] ; [0.26555913327558806, 0.15976299591393348, 0.33638481575110041]
840 ; 5 ; 223 ; 9 ; [0.57290107481905261] ; [0.63361192331928751]
840 ; 5 ; 224 ; 0 ; [1.0946653704218896] ; [0.35892919683974345]
840 ; 5 ; 224 ; 1 ; [0.97752998290044069, 0.57553785333827512] ; [0.27199970105290167, 0.30403449259539722]
840 ; 5 ; 224 ; 3 ; [0.098176672992841496] ; [0.0070924848899246249]
840 ; 5 ; 224 ; 6 ; [0.74318081666434654] ; [1.5182901714086623]
840 ; 5 ; 225 ; 0 ; [1.442800739318346] ; [1.4171405097614511]
840 ; 5 ; 225 ; 1 ; [1.1048096351526884] ; [0.97996286596253068]
840 ; 5 ; 225 ; 2 ; [0.61095925430478926] ; [0.66321261314254842]
840 ; 5 ; 225 ; 3 ; [1.0134201216049556] ; [0.86936047144858242]
840 ; 5 ; 225 ; 10 ; [0.41685145971763371] ; [2.3501511325887243]
840 ; 5 ; 226 ; 0 ; [0.27550910894351632, 0.18987769428784088, 0.25100080888220028, 0.17914248385179307] ; [0.15911568159937589, 0.11907720520115574, 0.20503423449521077, 0.21378780171509426]
840 ; 5 ; 227 ; 0 ; [0.071667802535974462, 0.019403053848115196, 0.12529308676882953] ; [0.21631810601315729, 0.26717075587591738, 0.078246038693943532]
840 ; 5 ; 228 ; 0 ; [0.0060006135885679731, -0.0075524720585233036, -0.00088806214274173814, 0.0041603392589953797, -0.00022196536191178482, 0.023543644297553578] ; [0.077356021921757667, 0.20722925655171054, 0.20745907240702474, 0.26955585850243707, 0.54401475824750367, 0.485321643469035]
840 ; 5 ; 230 ; 3 ; [0.94735134541240973] ; [2.558112814675352]
840 ; 5 ; 230 ; 4 ; [0.050227783160933771] ; [1.4030427232623239]
840 ; 5 ; 230 ; 10 ; [0.40837570803176115] ; [1.6396966758410352]
840 ; 5 ; 230 ; 11 ; [0.27557633479587068] ; [1.2674434412353164]
840 ; 5 ; 230 ; 17 ; [1.6454922427227421] ; [1.9281771826513479]
840 ; 5 ; 230 ; 18 ; [1.1440413185466267] ; [1.0322901555658706]
840 ; 5 ; 231 ; 0 ; [0.03130408413326867, 0.1757365458338041] ; [0.19106697480735613, 0.17765422108932427]
840 ; 5 ; 231 ; 1 ; [0.37160628564018444] ; [0.30121017192737376]
840 ; 5 ; 231 ; 2 ; [0.057540896909100747] ; [0.042300827266718702]
840 ; 5 ; 231 ; 4 ; [0.015722816221822884] ; [0.20231308884795721]
840 ; 5 ; 232 ; 1 ; [10.199165214018482] ; [0.065073863196499007]
840 ; 5 ; 232 ; 3 ; [0.058129791079220762] ; [0.057182375741205015]
840 ; 5 ; 233 ; 0 ; [0.12743430211077453, 12.252470746871087] ; [0.33462272067973126, 0.22388863529042186]
840 ; 5 ; 233 ; 1 ; [0.067634395250265267] ; [0.041801939646084307]
840 ; 5 ; 233 ; 2 ; [0.60258812820086061] ; [0.15663757265865216]
840 ; 5 ; 234 ; 0 ; [0.16232049024637957, 0.50337146887920614] ; [0.080138399096008686, 0.61346134426644172]
840 ; 5 ; 235 ; 0 ; [0.3495249785808327, 0.31321449013059433, 0.37900846907905511] ; [0.19153879528597301, 0.38553692994785249, 0.22384798013982032]
840 ; 5 ; 236 ; 0 ; [0.77570835226070278] ; [1.2289311375309377]
840 ; 5 ; 236 ; 1 ; [3.2151780377757651] ; [0.91333273214655708]
840 ; 5 ; 236 ; 2 ; [0.21044004879149103] ; [-0.016586050273901511]
840 ; 5 ; 237 ; 0 ; [1.845100720822725] ; [-0.030506353813915806]
840 ; 5 ; 237 ; 2 ; [1.4687521277306679] ; [0.048242530173062452]
840 ; 5 ; 237 ; 4 ; [1.9612215599670204] ; [1.0053526375623181]
840 ; 5 ; 237 ; 6 ; [2.1070304386705212] ; [0.95487509952027583]
840 ; 5 ; 237 ; 12 ; [0.71084874835654033] ; [1.0258608867643426]
840 ; 5 ; 237 ; 15 ; [1.0015194238244773] ; [1.6800466285236944]
840 ; 5 ; 237 ; 16 ; [0.47541064552173545] ; [0.44275839075944184]
840 ; 5 ; 237 ; 17 ; [0.89804921665909487] ; [3.4606318013949475]
840 ; 5 ; 238 ; 0 ; [1.2524741292194901] ; [1.4106574252212032]
840 ; 5 ; 238 ; 1 ; [0.0045181439611541672] ; [0.018632233469799475]
840 ; 5 ; 238 ; 2 ; [0.45236514313613474] ; [1.3460808461138847]
840 ; 5 ; 238 ; 4 ; [0.03882027621196512] ; [0.2120999972919142]
840 ; 5 ; 240 ; 0 ; [1.192029883101245] ; [0.44967882167270395]
840 ; 5 ; 240 ; 1 ; [0.96023113604977606, 0.2768138640136566] ; [0.81763484561009903, 0.64613403620187326]
840 ; 5 ; 240 ; 2 ; [0.097633299899957282] ; [0.45114758008406491]
840 ; 5 ; 240 ; 3 ; [0.030579178980782502] ; [0.074267372802995044]
840 ; 5 ; 240 ; 4 ; [0.50733544722494472] ; [0.51421752807420495]
840 ; 5 ; 240 ; 7 ; [0.55066929576946755] ; [0.26354624787088232]
840 ; 5 ; 240 ; 12 ; [0.0052284724736745489] ; [0.067821528756454044]
840 ; 5 ; 240 ; 13 ; [0.029651096454891772] ; [2.5899092903246057]
840 ; 5 ; 240 ; 14 ; [0.0678667861896112] ; [1.0106764319524149]
840 ; 5 ; 241 ; 0 ; [-0.22995499935044464, -0.1425176828339447] ; [0.20808712595541082, 0.4186976531435056]
840 ; 5 ; 241 ; 1 ; [-0.095551405155345798] ; [0.17423849636398511]
840 ; 5 ; 242 ; 0 ; [0.44921461307864724] ; [0.5240158549489673]
840 ; 5 ; 242 ; 3 ; [1.8265999548488665] ; [-0.36174186661577884]
840 ; 5 ; 243 ; 0 ; [0.23976638740079012, 0.28664158800839101, 0.20677382793950136, 0.11492115193193551] ; [0.21940307531755401, 0.15746174880886366, 0.18864230565546347, 0.18496979751592779]
840 ; 5 ; 244 ; 0 ; [0.08902381743820309, 0.027460636284547101] ; [0.31592140939665908, 0.15298083055455117]
840 ; 5 ; 244 ; 1 ; [0.21420874261471501] ; [0.076128873470285394]
840 ; 5 ; 244 ; 2 ; [0.0063344264728646751] ; [0.59155746086150951]
840 ; 5 ; 245 ; 0 ; [0.048402105121987393, 0.031259108562120989, -0.013105689802562085] ; [0.21857197518677862, 0.21070913610159095, 0.21232830090376045]
840 ; 5 ; 245 ; 1 ; [0.026700846056513086] ; [0.15126738652802546]
840 ; 5 ; 246 ; 0 ; [0.27136694218749347] ; [0.13548962324274058]
840 ; 5 ; 246 ; 4 ; [0.30756935315846984, 0.35344260971316399] ; [0.49694628386138512, 0.30443764446215171]
840 ; 5 ; 247 ; 1 ; [0.61029886085501273] ; [2.2414818946457125]
840 ; 5 ; 247 ; 3 ; [2.0528504429287402] ; [2.4854379073333139]
840 ; 5 ; 247 ; 4 ; [1.1811551811690959] ; [1.2068138392948453]
840 ; 5 ; 247 ; 7 ; [3.3471893590243322] ; [2.666694376617972]
840 ; 5 ; 247 ; 8 ; [1.2929222140419081] ; [2.1380981263574337]
840 ; 5 ; 247 ; 10 ; [1.8240794438807277] ; [1.8901080439203548]
840 ; 5 ; 247 ; 11 ; [1.945749659510434] ; [1.8823920535615957]
840 ; 5 ; 247 ; 13 ; [1.9259986824233426] ; [1.4970759342902393]
840 ; 5 ; 247 ; 14 ; [3.6844361914569337] ; [1.2840345436783087]
840 ; 5 ; 247 ; 16 ; [1.539211380152999] ; [1.9089284149333425]
840 ; 5 ; 247 ; 17 ; [2.346139449115034] ; [1.5018581060004839]
840 ; 5 ; 247 ; 22 ; [0.89115066982459923] ; [2.1317439772652369]
840 ; 5 ; 247 ; 24 ; [0.74423994703442031] ; [2.6315181380047483]
840 ; 5 ; 248 ; 0 ; [1.6374906252469819] ; [0.55056056795555575]
840 ; 5 ; 248 ; 4 ; [2.4384781685291972] ; [1.4765459698830239]
840 ; 5 ; 248 ; 5 ; [3.7278342895975469] ; [1.7517215166068634]
840 ; 5 ; 248 ; 20 ; [3.339986643303622] ; [1.5120086151360732]
840 ; 5 ; 248 ; 22 ; [3.3659419834646322] ; [2.4125677794766727]
840 ; 5 ; 248 ; 23 ; [1.2504239080399411] ; [1.7413634053503686]
840 ; 5 ; 249 ; 2 ; [0.73872899320263541] ; [1.1527837661599833]
840 ; 5 ; 249 ; 3 ; [1.7282631546328255] ; [1.2951999254714297]
840 ; 5 ; 250 ; 1 ; [0.80218744954314702] ; [1.7448700420438459]
840 ; 5 ; 250 ; 2 ; [1.6973728644910966] ; [1.6739474465550781]
840 ; 5 ; 250 ; 3 ; [1.1912448254404073] ; [2.4025847386011021]
840 ; 5 ; 250 ; 5 ; [1.4084737724320888] ; [1.6104537070432905]
840 ; 5 ; 250 ; 6 ; [1.0235208867876628] ; [2.9948400072160872]
840 ; 5 ; 250 ; 7 ; [0.10612855906869079] ; [2.2762438089069126]
840 ; 5 ; 251 ; 0 ; [0.04961590069488421, 0.50599281459696177] ; [0.21428952985152425, 0.080964487356876599]
840 ; 5 ; 251 ; 1 ; [1.4006585249470418] ; [0.13295563487771689]
840 ; 5 ; 252 ; 0 ; [0.14683540210618104] ; [0.10833978967896835]
840 ; 5 ; 252 ; 1 ; [0.039151553477063769] ; [0.1131504037028216]
840 ; 5 ; 252 ; 2 ; [0.51198500378847611] ; [0.46436084767283464]
840 ; 5 ; 252 ; 3 ; [3.9659028879824816] ; [0.48589829449354893]
840 ; 5 ; 252 ; 5 ; [0.53826706467521079] ; [0.21542956093428542]
840 ; 5 ; 252 ; 6 ; [0.011271582240094757] ; [1.1543841562011405]
840 ; 5 ; 252 ; 14 ; [0.010057823598774477] ; [0.055851708185650821]
840 ; 5 ; 253 ; 3 ; [0.058767073068555081] ; [0.1675043451485155]
840 ; 5 ; 254 ; 0 ; [0.92865118174356054] ; [0.33357885837238127]
840 ; 5 ; 254 ; 1 ; [0.82153206882725316] ; [0.69149531659108288]
840 ; 5 ; 254 ; 2 ; [0.7310299188484487] ; [0.18367536832865344]
840 ; 5 ; 254 ; 4 ; [0.6745800418108544] ; [0.43836033677219233]
840 ; 5 ; 254 ; 5 ; [0.05583536479760956] ; [0.060619236610389676]
840 ; 5 ; 254 ; 18 ; [0.2866676086655946] ; [-0.120331666997429]
840 ; 5 ; 254 ; 25 ; [0.056193770735021145] ; [0.27746581961103739]
840 ; 5 ; 254 ; 26 ; [0.030886649715143669] ; [0.25105703368083976]
840 ; 5 ; 255 ; 0 ; [0.47073325143841394] ; [0.15209850985258247]
840 ; 5 ; 255 ; 1 ; [0.49893181268082154] ; [0.95130049140857398]
840 ; 5 ; 255 ; 2 ; [-0.34907680938351254] ; [1.3715181392014049]
840 ; 5 ; 255 ; 5 ; [0.1554674127087329] ; [0.048505620835623056]
840 ; 5 ; 256 ; 0 ; [0.41928269455513129] ; [0.53248085231759812]
840 ; 5 ; 256 ; 1 ; [0.26859612950717521] ; [0.04328709280125502]
840 ; 5 ; 256 ; 2 ; [0.11150121139224484] ; [0.40743201438398979]
840 ; 5 ; 256 ; 3 ; [0.069928073721261599] ; [3.2813201111249799]
840 ; 5 ; 256 ; 4 ; [0.22834584426209159] ; [2.0639460423438116]
840 ; 5 ; 256 ; 6 ; [0.72065310994210563] ; [0.21763953905951458]
840 ; 5 ; 256 ; 8 ; [3.4017257944977715] ; [0.87429187416091814]
840 ; 5 ; 256 ; 9 ; [1.9551479227321056] ; [1.7263444589800436]
840 ; 5 ; 256 ; 10 ; [1.7106829602892557] ; [8.2869693908616444]
840 ; 5 ; 256 ; 11 ; [1.6294504160644563] ; [1.6143361486061465]
840 ; 5 ; 256 ; 12 ; [0.45659598368632803] ; [1.649635652981688]
840 ; 5 ; 256 ; 13 ; [0.036696609129392856] ; [1.1190728954208895]
840 ; 5 ; 257 ; 0 ; [0.93393808027538283] ; [0.59554362523998194]
840 ; 5 ; 257 ; 2 ; [2.2876774429511637] ; [0.64773395975432457]
840 ; 5 ; 257 ; 3 ; [1.3033175278654006, 1.0039095500272077] ; [1.2874279760240517, 5.6333113158869645]
840 ; 5 ; 257 ; 4 ; [0.45733046544334599] ; [1.4064959328755398]
840 ; 5 ; 257 ; 5 ; [0.77751685576074625] ; [0.11787953675186574]
840 ; 5 ; 257 ; 6 ; [1.2886859542444593] ; [2.1684277953229945]
840 ; 5 ; 257 ; 7 ; [1.7045422509696375] ; [1.4312550738801131]
840 ; 5 ; 257 ; 9 ; [1.3425475988315725] ; [2.5414964247857372]
840 ; 5 ; 257 ; 11 ; [3.9920751902031402] ; [5.3639275092532426]
840 ; 5 ; 257 ; 16 ; [1.2459161550026399] ; [2.6594152753385867]
840 ; 5 ; 257 ; 17 ; [2.0865230795952261] ; [1.9703356213249985]
840 ; 5 ; 257 ; 18 ; [1.0170398774156553] ; [1.7070565000894926]
840 ; 5 ; 257 ; 26 ; [0.55456245955505934] ; [2.4221372227153397]
840 ; 5 ; 257 ; 27 ; [1.2808790313672245] ; [2.199766855731859]
840 ; 5 ; 257 ; 28 ; [1.2972574358524722] ; [3.4486822524460501]
840 ; 5 ; 257 ; 29 ; [1.5180923500600203] ; [1.7618101224484126]
840 ; 5 ; 258 ; 0 ; [0.1368254623637877, 0.42801053695633295, 0.42256186904337423] ; [0.22374000920893533, 0.5231837476376725, 0.31265303159213598]
840 ; 5 ; 259 ; 0 ; [0.70396141427165781] ; [0.63339090914145113]
840 ; 5 ; 259 ; 1 ; [0.59269051559249708] ; [0.44197180998718072]
840 ; 5 ; 260 ; 0 ; [0.60317261862981919, 0.29278487042264389] ; [0.57485634640087291, 0.36315453722248459]
840 ; 5 ; 261 ; 0 ; [0.16812389073137618, 0.20748645460157564, 0.60977775320483196] ; [0.37119717447167477, 0.2462386648991052, 1.1285061335485602]
840 ; 5 ; 261 ; 1 ; [0.017372704005397293] ; [0.19088104599062342]
840 ; 5 ; 261 ; 4 ; [1.7238494748087612] ; [0.18016996744982541]
840 ; 5 ; 261 ; 7 ; [0.21499902994850786] ; [0.49791997304539826]
840 ; 5 ; 262 ; 1 ; [-0.014626266963289886] ; [0.0028024437889947219]
840 ; 5 ; 262 ; 7 ; [0.51940924370098973, 0.52512552624315179] ; [0.75905496679048101, 0.28083067854319299]
840 ; 5 ; 263 ; 0 ; [0.3868473004385149, 0.22952326121548525, 0.75156682456467538] ; [0.20702278958402306, 0.17875196095198825, 0.1134492195696198]
840 ; 5 ; 264 ; 0 ; [0.74800221672466638] ; [0.11229028412427075]
840 ; 5 ; 264 ; 1 ; [0.11090394040211944] ; [0.11949756413416283]
840 ; 5 ; 264 ; 2 ; [0.26172064991523653] ; [0.14048224639533458]
840 ; 5 ; 264 ; 6 ; [0.051684514222810923] ; [0.049420266948990849]
840 ; 5 ; 265 ; 2 ; [1.8306776102752387] ; [1.9741029505160548]
840 ; 5 ; 265 ; 3 ; [2.3457959633749761] ; [1.6851086240077013]
840 ; 5 ; 265 ; 5 ; [0.11024903298835718] ; [1.7452782087128251]
840 ; 5 ; 265 ; 6 ; [1.736710304686339] ; [1.7922089106965324]
840 ; 5 ; 265 ; 11 ; [4.185792964975346] ; [1.0254274648773711]
840 ; 5 ; 265 ; 12 ; [4.0587690519685262] ; [1.9886155845176392]
840 ; 5 ; 265 ; 13 ; [0.14811973158480829] ; [1.8241041210383504]
840 ; 5 ; 265 ; 14 ; [2.0276677039090218] ; [1.8141271625138542]
840 ; 5 ; 265 ; 17 ; [1.9476420249339044] ; [1.4928462320188798]
840 ; 5 ; 265 ; 18 ; [1.8913815942304359] ; [1.3989557204308076]
840 ; 5 ; 266 ; 0 ; [-0.0048604746654087715] ; [0.33923417485157309]
840 ; 5 ; 266 ; 4 ; [0.30453703496083334] ; [1.315656696420884]
840 ; 5 ; 266 ; 7 ; [1.847142983942075] ; [0.83120662693402225]
840 ; 5 ; 266 ; 8 ; [1.4411860343279388] ; [1.9982391805841875]
840 ; 5 ; 266 ; 9 ; [2.0426647886590721] ; [0.85178510145629316]
840 ; 5 ; 267 ; 0 ; [0.15379049120759192, 0.38618482613854938, 0.2540558375516942] ; [0.23598630974575216, 0.26173415115883225, 0.14310231449981023]
840 ; 5 ; 268 ; 0 ; [0.23659164959860465] ; [0.31307526659332602]
840 ; 5 ; 268 ; 1 ; [0.54294417202829437] ; [0.85168135020020219]
840 ; 5 ; 268 ; 9 ; [0.44128860869506559] ; [0.59609495758857534]
840 ; 5 ; 269 ; 0 ; [0.32543550861817955, 0.4748793085697891, 0.39328856841165777] ; [0.55719270042173874, 0.49479207512718021, 0.47001701049516448]
840 ; 5 ; 270 ; 0 ; [0.7242405016516632] ; [0.61458721250380677]
840 ; 5 ; 270 ; 1 ; [1.0549464366898518] ; [0.83497288260971736]
840 ; 5 ; 270 ; 2 ; [0.55410865432808021] ; [1.9743210887396685]
840 ; 5 ; 270 ; 4 ; [1.5391371752185314] ; [0.92337627157138824]
840 ; 5 ; 270 ; 7 ; [1.0965591253304903] ; [0.8634242807535859]
840 ; 5 ; 270 ; 20 ; [0.31275615887033803] ; [2.2975531870369403]
840 ; 5 ; 270 ; 23 ; [2.0406958505700152] ; [1.6260909296326058]
840 ; 5 ; 271 ; 0 ; [0.34148266534455585] ; [-0.030902652311787626]
840 ; 5 ; 271 ; 1 ; [0.059362578587055646] ; [-0.026421935773709576]
840 ; 5 ; 271 ; 2 ; [0.6168899168576446] ; [0.5892696978955575]
840 ; 5 ; 272 ; 0 ; [0.69247114951745392, 0.20981776873898994, 0.21128915719617847, 0.076105031007055693] ; [0.32910069284096527, 0.25972156932982265, 0.30214651256322128, 0.081355267431461389]
840 ; 5 ; 273 ; 0 ; [0.14808395282217474] ; [0.16341568082745744]
840 ; 5 ; 273 ; 1 ; [0.26729844268126346] ; [0.76810968183194384]
840 ; 5 ; 273 ; 3 ; [0.48129319103164625] ; [0.24290274587089164]
840 ; 5 ; 274 ; 0 ; [0.051905557894706612, 0.15154153545788987, 0.066606506453502218] ; [0.20359396766389468, 0.23825311374206692, 0.21036243841018723]
840 ; 5 ; 274 ; 2 ; [1.2172606981726874] ; [0.44697358042107899]
840 ; 5 ; 275 ; 0 ; [3.9622015909425401] ; [1.116328515678765]
840 ; 5 ; 275 ; 4 ; [0.034131412276637352] ; [-0.07150687958086907]
840 ; 5 ; 275 ; 7 ; [0.052706706719146346] ; [5.0981560179905969]
840 ; 5 ; 275 ; 8 ; [0.014586595942667899] ; [2.0830258678951901]
840 ; 5 ; 275 ; 9 ; [0.74518311306210772] ; [-0.2028286531111812]
840 ; 5 ; 275 ; 11 ; [12.048661559426439] ; [0.49429455314336124]
840 ; 5 ; 275 ; 12 ; [1.7575208884564957] ; [4.39438983966597]
840 ; 5 ; 276 ; 0 ; [0.034057051709435827, -0.038937704599969751] ; [0.20084357764264776, 0.13675800740691946]
840 ; 5 ; 276 ; 1 ; [0.076819536264271432] ; [-0.016902394028368881]
840 ; 5 ; 276 ; 2 ; [0.10647872220209982] ; [0.16819685992548442]
840 ; 5 ; 277 ; 0 ; [0.097294909173659627] ; [0.90195471893450463]
840 ; 5 ; 277 ; 3 ; [1.4715040790199314] ; [2.0705298944620614]
840 ; 5 ; 278 ; 0 ; [0.17476448766019811, 0.29531793300907366, 0.24442592957700066, 0.47500612092540301] ; [0.31531948733155213, 0.20410678085706424, 0.18818975986866218, 0.14809565391254564]
840 ; 5 ; 278 ; 1 ; [0.34764255568990821] ; [0.12162189327661201]
840 ; 5 ; 279 ; 0 ; [0.017434279516173285, 0.014098058873907301] ; [0.21039298025781147, 0.16752891008165136]
840 ; 5 ; 279 ; 1 ; [0.16174016254090018] ; [0.12334999108821218]
840 ; 5 ; 280 ; 0 ; [0.49640021098779824, 0.071316740246925123] ; [0.51214843989088266, 0.26652228251044996]
840 ; 5 ; 281 ; 0 ; [1.9208958308363906] ; [1.5843163432140734]
840 ; 5 ; 282 ; 0 ; [0.78154021962686571] ; [0.89197619534719741]
840 ; 5 ; 282 ; 1 ; [0.21267220401789153] ; [0.084173821316908259]
840 ; 5 ; 282 ; 2 ; [0.28329274675373739] ; [0.28085117865702203]
840 ; 5 ; 282 ; 11 ; [0.90517144616401701] ; [0.60608794546634071]
840 ; 5 ; 284 ; 0 ; [0.17147367008548925] ; [0.30442984940279294]
840 ; 5 ; 284 ; 1 ; [0.048947535979537701] ; [-0.0036447659440237935]
840 ; 5 ; 285 ; 0 ; [0.21553738162261957, 0.18021591718219426] ; [0.14633502920404978, 0.1986999743166554]
840 ; 5 ; 286 ; 0 ; [0.53707902302391053] ; [1.1938018190911734]
840 ; 5 ; 286 ; 1 ; [-0.024242670094621964] ; [0.011536871737859618]
840 ; 5 ; 286 ; 3 ; [1.0366723418542683] ; [2.6823344076698206]
840 ; 5 ; 286 ; 5 ; [0.10903052192995459] ; [1.9482804069526143]
840 ; 5 ; 286 ; 6 ; [9.8616983494682238] ; [1.7573553632792178]
840 ; 5 ; 286 ; 7 ; [0.31321755721486971] ; [1.4678731678247035]
840 ; 5 ; 286 ; 8 ; [0.040315546971188644] ; [2.3969100506180405]
840 ; 5 ; 286 ; 9 ; [10.890261894106828] ; [0.74670767445138342]
840 ; 5 ; 286 ; 11 ; [1.4302032750508109] ; [1.6318798530559691]
840 ; 5 ; 286 ; 13 ; [2.1118258698056485] ; [1.7373602657318612]
840 ; 5 ; 286 ; 14 ; [1.087926348398448] ; [0.69905433183854671]
840 ; 5 ; 286 ; 15 ; [0.080858702347549022] ; [1.5130688577079459]
840 ; 5 ; 286 ; 16 ; [0.031207344023244953] ; [2.4254371391283613]
840 ; 5 ; 287 ; 0 ; [0.24880858598738023] ; [0.7310867254473441]
840 ; 5 ; 287 ; 3 ; [0.6202401513646687] ; [-0.197423013371164]
840 ; 5 ; 288 ; 0 ; [0.09205043037659863, 0.29175744586969815] ; [0.17893176329078372, 0.30944118862360903]
840 ; 5 ; 288 ; 2 ; [0.024894825784531737] ; [0.16074051051800275]
840 ; 5 ; 289 ; 0 ; [0.18242930170860155, 0.17072684844864949, 0.32803540887312321, 0.27780939752995049, 0.1196137804347282] ; [0.24406892306641451, 0.24991874175361412, 0.12533494798889599, 0.33123102642708213, 0.29082826351505647]
840 ; 5 ; 289 ; 1 ; [0.13169374823496249] ; [-0.18408870844731814]
840 ; 5 ; 290 ; 0 ; [-0.015750047937875985, -0.00074288572030993105, -0.006859017961431505] ; [0.19865111309810651, 0.18133113580796967, 0.086542026125274216]
840 ; 5 ; 290 ; 1 ; [0.086254457891289313] ; [0.061290416944618474]
840 ; 5 ; 291 ; 1 ; [1.2726078973098582] ; [0.62233297246054142]
840 ; 5 ; 291 ; 8 ; [0.58024974775651184] ; [0.010649437463513194]
840 ; 5 ; 292 ; 0 ; [0.18833314101555831, 0.28295323310253395, 0.19318469800419111, 0.055320460585748042] ; [0.17471422956820634, 0.22205357463750353, 0.29691338983409549, 0.047691873915560554]
840 ; 5 ; 293 ; 0 ; [0.30760736206685174, 0.2479166752063823] ; [-0.010923279606607815, -0.0027759978700550633]
840 ; 5 ; 293 ; 1 ; [-0.0069894361349206726, 0.067027468678711122] ; [0.27361679348402018, 0.083922293213252841]
840 ; 5 ; 294 ; 0 ; [0.080811298823792038, 0.039760255457621685, 0.027543506924268678, 0.008475930822251232] ; [0.31439386126572194, 0.19467468786492526, 0.17095171654523836, 0.17724922395121559]
840 ; 5 ; 295 ; 0 ; [0.43347346645857521, 3.8768007017664368] ; [0.7082969931436538, 0.11052320100399837]
840 ; 5 ; 295 ; 1 ; [0.22290583731994854] ; [1.6449335538912495]
840 ; 5 ; 296 ; 0 ; [0.090369948418435292, 0.53304481872276477] ; [0.086904844758520977, 0.50763567561658807]
840 ; 5 ; 296 ; 1 ; [0.20987363255088778, 0.49693189635827895] ; [0.079264206265420009, 0.21493994960642224]
840 ; 5 ; 296 ; 3 ; [1.098516706092022, 0.9986957726803618] ; [-0.0030919682969867781, 0.015813611807459257]
840 ; 5 ; 296 ; 4 ; [0.43122774571856548] ; [0.26859870171927758]
840 ; 5 ; 296 ; 5 ; [0.1713680092199184] ; [0.39792978332571821]
840 ; 5 ; 296 ; 6 ; [0.45636311864354628, 8.7205806535743804] ; [0.16618815852031515, 0.12272854316806883]
840 ; 5 ; 296 ; 19 ; [1.2258323045285691] ; [-0.013546164275446868]
840 ; 5 ; 297 ; 0 ; [0.36753104367139516] ; [1.5937803597145443]
840 ; 5 ; 298 ; 0 ; [0.02468393147052949, 0.03769038535557568, 0.15442668241110921, -0.0018773448927862188] ; [0.2921464841930933, 0.32709518883370936, 0.67009869181166393, 0.10863781735649966]
840 ; 5 ; 298 ; 2 ; [0.10469586746583541] ; [0.011885732515067613]
840 ; 5 ; 299 ; 0 ; [0.0063678659434532429, -0.012324542675650243, 0.045644986385666123] ; [0.23286529548862134, 0.18718270455554198, 0.077764458744351797]
840 ; 5 ; 300 ; 0 ; [0.78343691415772987, 0.2771042888534021] ; [0.45591192379898726, 0.26385680760939972]
840 ; 5 ; 301 ; 0 ; [0.10273119634947021, 0.07227873132881503, 0.16162464179854216, 0.12993520684971166] ; [0.18225127267861799, 0.1788299088410677, 0.1619407409169798, 0.14409222221366855]
840 ; 5 ; 302 ; 0 ; [0.32485031446442253, 0.093482219900544075, 0.052883192748002412] ; [2.048448217618088, 0.45680164702353987, 0.10770977604414754]
840 ; 5 ; 303 ; 1 ; [0.12450017185350241] ; [-0.069734053048396319]
840 ; 5 ; 304 ; 0 ; [0.31821252515404091] ; [0.085989601018897105]
840 ; 5 ; 304 ; 1 ; [0.70825417721547113] ; [0.99812036831020123]
840 ; 5 ; 304 ; 2 ; [0.71400212438624633] ; [0.1030688333196126]
840 ; 5 ; 304 ; 3 ; [0.68387461620566137] ; [0.083722886684762771]
840 ; 5 ; 304 ; 4 ; [17.748501546805535] ; [-0.0013610401782000979]
840 ; 5 ; 304 ; 5 ; [0.22175177788272812] ; [0.37306084955511032]
840 ; 5 ; 304 ; 6 ; [0.074925785876488973] ; [0.25311249405255265]
840 ; 5 ; 304 ; 11 ; [0.46034182012562463] ; [-0.013216184218529822]
840 ; 5 ; 304 ; 13 ; [-396.60207946943223] ; [0.037633844023910894]
840 ; 5 ; 305 ; 1 ; [-0.0063314602184816691] ; [0.026335159333898975]
840 ; 5 ; 306 ; 0 ; [-0.039403991860519724, 0.20646849232089892] ; [0.74856682934838059, 0.31317433056811561]
840 ; 5 ; 306 ; 1 ; [0.25890916318745477] ; [0.28807796284677373]
840 ; 5 ; 306 ; 2 ; [0.14519656613276097] ; [0.16796054429403667]
840 ; 5 ; 308 ; 0 ; [0.25477117928859372, 0.26226177023397834, 0.049274266789873927] ; [0.22576753316798789, 0.40530889202961778, 0.080068225901808329]
840 ; 5 ; 309 ; 0 ; [0.0009594635226498594, 0.30290402000866246] ; [0.21061129142141313, 0.25796298183599714]
840 ; 5 ; 310 ; 0 ; [0.28310373057159449] ; [0.41481889325578286]
840 ; 5 ; 310 ; 1 ; [0.26921207294871863] ; [0.44499265901085866]
840 ; 5 ; 310 ; 6 ; [1.7040357311287295] ; [0.41383995938023438]
840 ; 5 ; 310 ; 9 ; [1.2126042966830908] ; [0.12956100863218636]
840 ; 5 ; 311 ; 0 ; [0.43027488439723122] ; [0.29906943800146563]
840 ; 5 ; 311 ; 1 ; [0.57468607675910899] ; [0.19139771072480977]
840 ; 5 ; 312 ; 0 ; [1.9370204331443102] ; [3.4389346093610063]
840 ; 5 ; 312 ; 1 ; [2.7827438803479136] ; [2.8493953199315389]
840 ; 5 ; 312 ; 2 ; [4.6138218919469569] ; [2.9169175557805165]
840 ; 5 ; 312 ; 4 ; [1.7115318185732846] ; [2.2723532104201358]
840 ; 5 ; 312 ; 5 ; [1.1859588049369489] ; [0.73574360887803558]
840 ; 5 ; 312 ; 7 ; [4.2046865158900362] ; [2.7274882350311143]
840 ; 5 ; 312 ; 8 ; [0.66916223708621481] ; [3.5950314917021067]
840 ; 5 ; 312 ; 9 ; [0.51847815400537622] ; [1.9314560539450085]
840 ; 5 ; 312 ; 11 ; [5.1230706603603497] ; [0.57986983087143507]
840 ; 5 ; 312 ; 12 ; [1.2902313099482494] ; [2.3969392290185874]
840 ; 5 ; 313 ; 0 ; [1.0283250852934005] ; [0.077206602111082295]
840 ; 5 ; 313 ; 1 ; [0.28918860798228463] ; [0.032603748090884489]
840 ; 5 ; 313 ; 2 ; [1.0434915691249558] ; [0.50446176905851292]
840 ; 5 ; 313 ; 3 ; [1.5386956390329158] ; [0.6520881658416644]
840 ; 5 ; 313 ; 9 ; [1.2704967496773061] ; [2.0797478749842453]
840 ; 5 ; 313 ; 12 ; [3.7310833464077975] ; [3.3292058084987692]
840 ; 5 ; 313 ; 14 ; [0.092805462503770073] ; [0.79708433040198756]
840 ; 5 ; 313 ; 16 ; [1.6547669390802233] ; [0.79353100146136057]
840 ; 5 ; 313 ; 17 ; [0.70721461286979737] ; [1.6635546377540411]
840 ; 5 ; 314 ; 5 ; [1.2520295227709433] ; [2.6873043719537173]
840 ; 5 ; 314 ; 7 ; [-0.58812106030111611] ; [0.003979805659019453]
840 ; 5 ; 315 ; 1 ; [0.25691284107311846] ; [0.076045680350860512]
840 ; 5 ; 315 ; 10 ; [0.7278538862809012] ; [0.73443417484392048]
840 ; 5 ; 316 ; 0 ; [0.078250286605161229] ; [0.14794859849997438]
840 ; 5 ; 316 ; 1 ; [0.652629445346532] ; [0.89546054173846334]
840 ; 5 ; 316 ; 2 ; [1.4741465562305514] ; [0.21695592468749883]
840 ; 5 ; 316 ; 3 ; [0.62069150914218951] ; [0.84670555909919076]
840 ; 5 ; 316 ; 6 ; [0.28916960429654137] ; [0.9389834622026999]
840 ; 5 ; 317 ; 0 ; [0.19382208937748147, 0.20178228819787558] ; [0.19349508958924674, 0.2515878798675108]
840 ; 5 ; 318 ; 0 ; [0.20624779648457944] ; [0.41337952936970046]
840 ; 5 ; 318 ; 3 ; [0.11302294435841712] ; [1.0982853595960158]
840 ; 5 ; 318 ; 7 ; [0.14919485760013518] ; [0.34340265244402668]
840 ; 5 ; 319 ; 0 ; [0.46231136015043262, 0.22777443314696341] ; [0.51612384848756909, 0.37783332000898517]
840 ; 5 ; 320 ; 0 ; [0.75167781086609342, 1.5758562663962354] ; [0.36345445359703499, 1.2156022079375219]
840 ; 5 ; 320 ; 2 ; [0.27756895348904675] ; [0.94663427912722864]
840 ; 5 ; 320 ; 16 ; [1.0536094234888231] ; [0.035839151423958625]
840 ; 5 ; 321 ; 0 ; [1.0205979292599325] ; [0.18827295076775977]
840 ; 5 ; 321 ; 6 ; [0.0034744123072823147] ; [1.6820731706798564]
840 ; 5 ; 322 ; 0 ; [0.19437854644395935, 0.14478329120799097, 0.17545182671268122, 0.11435582099355628] ; [0.26635156719166669, 0.12944864449602297, 0.19040352777993561, 0.14598898217986703]
840 ; 5 ; 322 ; 1 ; [0.11172693466004528] ; [0.052068461042914488]
840 ; 5 ; 323 ; 0 ; [0.21465217008364401] ; [0.061123938066649522]
840 ; 5 ; 323 ; 2 ; [1.1100198564761523] ; [1.2403326577258798]
840 ; 5 ; 323 ; 3 ; [0.4736204035572501] ; [0.51922762013213897]
840 ; 5 ; 323 ; 4 ; [0.43703497606224234] ; [1.8565455629140371]
840 ; 5 ; 323 ; 13 ; [0.97814748325353151] ; [1.5035217164676793]
840 ; 5 ; 323 ; 15 ; [2.6762109997665355] ; [1.2701539961420858]
840 ; 5 ; 323 ; 18 ; [1.0561950439266534] ; [1.8250008482326701]
840 ; 5 ; 323 ; 21 ; [1.9805606078016589] ; [2.1276002557619349]
840 ; 5 ; 323 ; 22 ; [2.8807556541348962] ; [1.8792441553684034]
840 ; 5 ; 323 ; 31 ; [1.1154366503212449] ; [1.3959451668551388]
840 ; 5 ; 323 ; 32 ; [1.6261816478116002] ; [1.9761393719188955]
840 ; 5 ; 324 ; 2 ; [0.38529391310846423] ; [0.33797882159336451]
840 ; 5 ; 325 ; 0 ; [0.15562223649995757] ; [0.24121087581898215]
840 ; 5 ; 325 ; 1 ; [0.056235966089308996] ; [0.65884393510304984]
840 ; 5 ; 325 ; 2 ; [0.87469886108976558] ; [-0.0012702730096572725]
840 ; 5 ; 325 ; 5 ; [1.2990881327441688] ; [1.188967580342166]
840 ; 5 ; 326 ; 0 ; [0.055266378379536227, 0.064467399244507284, 0.31451100291208928] ; [0.26477116122162303, 0.41493135830579247, 0.21735443276083358]
840 ; 5 ; 326 ; 1 ; [0.059444153877727841] ; [0.020699911347150959]
840 ; 5 ; 326 ; 3 ; [0.011532168507287215] ; [0.081653755625882327]
840 ; 5 ; 326 ; 4 ; [-0.099634168293742956] ; [-0.0037023937202364699]
840 ; 5 ; 326 ; 5 ; [8.2530763702315522] ; [0.085541287807606697]
840 ; 5 ; 327 ; 0 ; [0.68072169257609016] ; [0.1458449212868711]
840 ; 5 ; 327 ; 1 ; [0.8125015716544649] ; [0.030208615145008146]
840 ; 5 ; 327 ; 2 ; [0.28313192897181239] ; [0.13204523485888622]
840 ; 5 ; 327 ; 4 ; [0.15059697028822111] ; [0.22950106402474921]
840 ; 5 ; 327 ; 6 ; [0.17302530675044986] ; [0.3251583995664053]
840 ; 5 ; 328 ; 0 ; [0.46717418926780119] ; [1.5371486264854428]
840 ; 5 ; 328 ; 1 ; [0.12549205179745909, 0.25339778929260465] ; [0.85129816551359505, 1.0135721861195208]
840 ; 5 ; 328 ; 7 ; [1.0330277476113996] ; [0.80200876292204659]
840 ; 5 ; 329 ; 0 ; [0.19134405573284877] ; [0.19073705590979378]
840 ; 5 ; 330 ; 0 ; [0.093437933649566415, 0.040586521562836632, 0.080532945395542538] ; [0.18924794139267412, 0.068984129498926849, -0.016213898013606922]
840 ; 5 ; 330 ; 1 ; [0.094515676493811165] ; [0.20724905454616155]
840 ; 5 ; 331 ; 0 ; [1.075364274540294] ; [0.02239902600217963]
840 ; 5 ; 331 ; 1 ; [0.11299923593681105] ; [0.16400623346602811]
840 ; 5 ; 331 ; 4 ; [1.3605648895568698] ; [2.6403287057235989]
840 ; 5 ; 331 ; 5 ; [0.020056270714805806] ; [1.3956505564015675]
840 ; 5 ; 331 ; 7 ; [0.17743803772026592] ; [0.016435113042916664]
840 ; 5 ; 332 ; 0 ; [1.5112530744754453] ; [0.14629185209775236]
840 ; 5 ; 332 ; 1 ; [2.4503878790409623] ; [0.35608470437948908]
840 ; 5 ; 332 ; 2 ; [1.4091877909583708] ; [2.0212487458027653]
840 ; 5 ; 332 ; 3 ; [1.3667204857094157] ; [0.85634073334219396]
840 ; 5 ; 332 ; 4 ; [1.6952503992666077] ; [1.6117284638756866]
840 ; 5 ; 332 ; 6 ; [2.4139225883413027] ; [1.9150459699371232]
840 ; 5 ; 332 ; 7 ; [1.9961551241183184] ; [1.8544209149885169]
840 ; 5 ; 332 ; 9 ; [1.559208091309892] ; [1.7482259486344673]
840 ; 5 ; 332 ; 11 ; [0.38329222493789855] ; [2.4747396395927455]
840 ; 5 ; 332 ; 12 ; [2.0972878491042821] ; [2.6177882430980022]
840 ; 5 ; 332 ; 13 ; [1.3590264134444374] ; [1.5095387162998017]
840 ; 5 ; 332 ; 14 ; [1.509124813951995] ; [1.15542708623638]
840 ; 5 ; 332 ; 15 ; [1.4190630771837416] ; [2.0230236337108183]
840 ; 5 ; 332 ; 20 ; [1.6837528829376671] ; [2.1963813862154984]
840 ; 5 ; 332 ; 23 ; [0.72911996696055736] ; [1.2224535226037072]
840 ; 5 ; 332 ; 29 ; [1.9206369852750151] ; [1.5951151895716618]
840 ; 5 ; 332 ; 31 ; [1.6677008448055184] ; [1.2989607350527377]
840 ; 5 ; 332 ; 32 ; [1.759465595728203] ; [2.3819498456964467]
840 ; 5 ; 332 ; 33 ; [2.201268214685471] ; [1.6560137210914863]
840 ; 5 ; 332 ; 34 ; [1.5386689637530677] ; [1.9001093237455395]
840 ; 5 ; 333 ; 2 ; [0.40284175214416945] ; [1.4918547260967101]
840 ; 5 ; 334 ; 0 ; [0.0092601313756467789] ; [0.25797557778754282]