# Run ; Subrun ; Event ; Track ; Charge Ratios View 0 ; Charge Ratios View 1 #
840 ; 38 ; 0 ; 0 ; [0.45115597140383884] ; [0.40058525823866498]
840 ; 38 ; 0 ; 1 ; [0.83357144834187413] ; [0.36997554330555721]
840 ; 38 ; 0 ; 2 ; [0.67149741292795895] ; [0.59982056186766741]
840 ; 38 ; 0 ; 3 ; [1.6794917710946626] ; [0.94811555148060356]
840 ; 38 ; 0 ; 5 ; [1.7058661731589457] ; [1.2503293664679129]
840 ; 38 ; 0 ; 6 ; [0.07183333084785587] ; [1.6509811375796775]
840 ; 38 ; 0 ; 14 ; [0.79093868622138597] ; [0.56486948802289072]
840 ; 38 ; 0 ; 21 ; [0.099749233822452293] ; [0.28097614154372741]
840 ; 38 ; 0 ; 23 ; [0.550277156673737] ; [0.90633919109083594]
840 ; 38 ; 0 ; 24 ; [4.3860124865097712] ; [0.65116929452350736]
840 ; 38 ; 1 ; 0 ; [-0.0013204456326920213] ; [0.64855471430617673]
840 ; 38 ; 2 ; 0 ; [0.54117800591421372] ; [0.93207156071468433]
840 ; 38 ; 3 ; 0 ; [2.484015120964298] ; [0.80244588401965666]
840 ; 38 ; 4 ; 0 ; [0.17156334291584632, 0.36084474551145607, 0.15341716447566922, 0.25104829359866415] ; [0.31725082423791517, 0.36362736703281001, 0.15201201820955776, 0.078373431148159811]
840 ; 38 ; 4 ; 1 ; [0.27263542312267491, -0.027072952058538154] ; [0.30809099305364229, 0.17289787901320483]
840 ; 38 ; 5 ; 0 ; [0.16781093283497694, 0.56056957357275405, 0.65827181628031672] ; [0.45359256920709534, 0.81026193201930974, 1.0633533239951944]
840 ; 38 ; 5 ; 1 ; [0.60716611215284877] ; [0.6808287055429475]
840 ; 38 ; 6 ; 0 ; [1.5928628067523691] ; [0.27066567100049621]
840 ; 38 ; 6 ; 2 ; [0.28976647800465799] ; [0.94998941836210804]
840 ; 38 ; 6 ; 4 ; [1.776654380113672] ; [1.0197750238443619]
840 ; 38 ; 6 ; 5 ; [1.0743042953702855] ; [0.35015421277352349]
840 ; 38 ; 6 ; 14 ; [0.45090298311763266] ; [1.348101383316217]
840 ; 38 ; 7 ; 0 ; [0.28216414873544116, 0.1939855369454126, 0.1131503938338765] ; [0.18725783676947699, 0.14772155882709406, 0.30383078859368007]
840 ; 38 ; 7 ; 2 ; [0.22295368553049069] ; [0.11275774219804625]
840 ; 38 ; 8 ; 0 ; [0.28885272552678698, 0.25104609299793545, 0.14715717073629744] ; [0.13356939277299226, 0.2595697512527122, 0.15010043315058538]
840 ; 38 ; 8 ; 1 ; [0.79126102962351608] ; [0.025221898139806562]
840 ; 38 ; 9 ; 0 ; [0.15785336159528313, 0.27233871414824051, 0.20011713879698817, 0.27231913967740889, 0.13747988695327831] ; [0.11015314760792658, 0.21019299064177144, 0.12937299327376872, 0.29993979038725338, 0.16465463769684718]
840 ; 38 ; 10 ; 0 ; [0.23705389236432806] ; [0.56251495335789503]
840 ; 38 ; 10 ; 2 ; [0.32223772143596535] ; [0.26442548613852457]
840 ; 38 ; 10 ; 4 ; [0.27061942641320841] ; [0.1081975847697636]
840 ; 38 ; 11 ; 5 ; [1.836510024071162] ; [1.6900100605563173]
840 ; 38 ; 11 ; 9 ; [1.5113185427328002] ; [1.547365832601016]
840 ; 38 ; 11 ; 12 ; [1.2514740763213978] ; [1.6569727517900112]
840 ; 38 ; 11 ; 14 ; [1.8535951091279108] ; [1.3066662384238132]
840 ; 38 ; 11 ; 15 ; [1.0563673265628279] ; [1.5522290938710519]
840 ; 38 ; 11 ; 16 ; [1.6674711174906562] ; [2.0799917176972831]
840 ; 38 ; 12 ; 0 ; [-0.0012430816362553132] ; [0.11011068554056463]
840 ; 38 ; 13 ; 0 ; [1.3619717524194499] ; [0.69772217001729919]
840 ; 38 ; 13 ; 1 ; [0.12955195511795053] ; [0.44926410679432949]
840 ; 38 ; 13 ; 7 ; [0.5601990887249696] ; [0.84792685825721803]
840 ; 38 ; 14 ; 1 ; [0.046873939064041907] ; [0.0034397552370113052]
840 ; 38 ; 15 ; 1 ; [0.50740432828123339] ; [0.35108231680708341]
840 ; 38 ; 15 ; 2 ; [0.12653874257397493] ; [2.7092066632587817]
840 ; 38 ; 16 ; 0 ; [0.055805374224341037, 0.4905229306912583, 0.15644906222300708, 0.11720524748249789, 0.018641926882223075] ; [0.27643596467175813, 0.53778632156705819, 0.34190341147149755, 0.27712530825779613, 0.091512423380729901]
840 ; 38 ; 17 ; 0 ; [0.52612096408262388, 0.65722285152421966, 0.61611543805863167] ; [0.51429326325461311, 0.44495553730227566, 0.19093899763596112]
840 ; 38 ; 17 ; 1 ; [0.1768419570182613] ; [0.036599221665645124]
840 ; 38 ; 18 ; 2 ; [0.57155652592087858] ; [0.37635812755479037]
840 ; 38 ; 18 ; 3 ; [0.17039951897128067] ; [0.23929866806331798]
840 ; 38 ; 19 ; 0 ; [0.79789640482769852] ; [0.32816489567330048]
840 ; 38 ; 19 ; 1 ; [0.16614373704103638] ; [0.034318202210081271]
840 ; 38 ; 19 ; 10 ; [1.0226150329587074] ; [0.39499232155871705]
840 ; 38 ; 20 ; 0 ; [0.18764074577241344] ; [0.47800570701765693]
840 ; 38 ; 21 ; 0 ; [0.82183646492819107] ; [0.38533672665787705]
840 ; 38 ; 21 ; 1 ; [0.63483218178831025] ; [0.21206157636081688]
840 ; 38 ; 21 ; 2 ; [1.4612772488505179] ; [0.58969191626698625]
840 ; 38 ; 21 ; 3 ; [1.6608024457507424] ; [0.50604332058776313]
840 ; 38 ; 22 ; 0 ; [0.28694473563610923] ; [0.13056612820435887]
840 ; 38 ; 22 ; 1 ; [0.52483063364631144] ; [0.1990599485976895]
840 ; 38 ; 24 ; 0 ; [0.066354793680668822, 0.019159313350574855] ; [0.37953633315030078, 0.083079890028215836]
840 ; 38 ; 25 ; 1 ; [0.14352372077104622] ; [0.56208981015883097]
840 ; 38 ; 26 ; 0 ; [0.56801561271881407, 0.1183685944029311, 0.076933470264638537] ; [0.80855582599813181, 0.19083308735544846, 0.088141558027780051]
840 ; 38 ; 26 ; 1 ; [0.50990986977862596] ; [0.24234219504272092]
840 ; 38 ; 27 ; 0 ; [1.6549126957990297] ; [0.84078396435820668]
840 ; 38 ; 27 ; 4 ; [0.93365822179983826] ; [1.0445008329870471]
840 ; 38 ; 27 ; 7 ; [0.096012661873545485] ; [1.0088082486264236]
840 ; 38 ; 27 ; 10 ; [0.054163298144083896] ; [0.33528858864555749]
840 ; 38 ; 27 ; 11 ; [1.711164630908621] ; [4.8554909625987381]
840 ; 38 ; 27 ; 14 ; [0.13919472384999645] ; [1.7460427242944667]
840 ; 38 ; 28 ; 0 ; [0.057426350753694788, 0.027983841098133531, 0.35747745149984611] ; [0.18077324025616814, 0.22528189078915081, 0.093949110762961724]
840 ; 38 ; 28 ; 1 ; [0.40068064230329759] ; [-0.017557337175673694]
840 ; 38 ; 29 ; 0 ; [0.36148800323534624] ; [1.3773335672618958]
840 ; 38 ; 29 ; 1 ; [2.4802436434713475] ; [4.9582143148021647]
840 ; 38 ; 29 ; 2 ; [2.3690819584125031] ; [-0.016230334296598915]
840 ; 38 ; 29 ; 5 ; [1.8917482844620725] ; [2.9104340102571808]
840 ; 38 ; 31 ; 0 ; [0.23051777146303848, 0.96042015537077852] ; [0.17894899337810433, 1.3917363783488887]
840 ; 38 ; 31 ; 1 ; [0.06614792105839204] ; [0.55468835729642274]
840 ; 38 ; 31 ; 2 ; [1.0199483759256205] ; [0.18635449899406914]
840 ; 38 ; 31 ; 3 ; [1.2671460014406457] ; [0.66056169145595167]
840 ; 38 ; 32 ; 2 ; [1.0385097081555137] ; [0.069469133581949741]
840 ; 38 ; 32 ; 4 ; [0.0015134436396195842] ; [2.7691517711720004]
840 ; 38 ; 32 ; 6 ; [0.47857662327786649] ; [0.42571299745682961]
840 ; 38 ; 32 ; 14 ; [0.19224854784590484] ; [0.032873655486547255]
840 ; 38 ; 32 ; 16 ; [0.0097451551354666172] ; [1.9889703985411402]
840 ; 38 ; 33 ; 0 ; [0.11629376500803219] ; [1.2652683987253588]
840 ; 38 ; 33 ; 1 ; [0.46660499691989749] ; [0.36817501971956434]
840 ; 38 ; 33 ; 2 ; [0.47539303394746246] ; [0.44908551908938515]
840 ; 38 ; 33 ; 5 ; [0.023643928963199248] ; [0.64796078743806873]
840 ; 38 ; 34 ; 0 ; [0.044704450198434678, 0.038195876188922687] ; [0.17427258112947749, 0.16552615869561887]
840 ; 38 ; 34 ; 1 ; [-0.079473342501653485] ; [-0.028070603529882013]
840 ; 38 ; 35 ; 0 ; [0.25732146119937888, 0.70849168471468926] ; [0.34907352664480257, 0.08695826789785116]
840 ; 38 ; 36 ; 3 ; [0.20065753557039212] ; [0.68853163210371471]
840 ; 38 ; 36 ; 12 ; [0.17668832818917071] ; [1.0133824332161128]
840 ; 38 ; 36 ; 19 ; [1.183550824311034] ; [1.5035430953421898]
840 ; 38 ; 36 ; 20 ; [0.99281085482892073] ; [0.71197568934938815]
840 ; 38 ; 36 ; 21 ; [1.9311022231886357] ; [0.39035226180551541]
840 ; 38 ; 37 ; 0 ; [0.77104773471694088] ; [0.90351300571474791]
840 ; 38 ; 37 ; 1 ; [0.055515195984016955] ; [1.9830533213712309]
840 ; 38 ; 37 ; 2 ; [0.026559525450596495] ; [0.060445973189836091]
840 ; 38 ; 37 ; 10 ; [-0.018024249122798777] ; [0.047269971900800629]
840 ; 38 ; 38 ; 0 ; [0.18362498396106375, 0.17438509046125375] ; [0.22186028762949855, 0.097518811988475035]
840 ; 38 ; 38 ; 1 ; [-0.010265266274505037] ; [0.11413055224371159]
840 ; 38 ; 39 ; 1 ; [0.54849874447100022] ; [0.039462296759024969]
840 ; 38 ; 39 ; 2 ; [0.078025940187297846] ; [0.18311939958011589]
840 ; 38 ; 40 ; 0 ; [0.082762094952707962, 0.10484189782927834, 0.012920262715164898, 0.051623095190281333] ; [0.1441281477991079, 0.28222209587230024, 0.14789631490566754, 0.24266664586555461]
840 ; 38 ; 40 ; 1 ; [0.10399998982325753, 0.038481073770977488] ; [-0.013866297221922978, 0.3226518920976022]
840 ; 38 ; 40 ; 2 ; [0.32285714579889618] ; [0.24793335991702037]
840 ; 38 ; 41 ; 0 ; [0.22756314322462887] ; [0.50260704579941407]
840 ; 38 ; 41 ; 4 ; [0.56114697595576724] ; [0.48589286547903027]
840 ; 38 ; 42 ; 0 ; [0.25878964306011171] ; [0.10711759955432454]
840 ; 38 ; 42 ; 1 ; [0.32761386337838383] ; [0.28714533272349546]
840 ; 38 ; 42 ; 3 ; [0.93397920639245191] ; [1.3582082696411615]
840 ; 38 ; 42 ; 5 ; [0.69733072931786988] ; [1.3455525082140727]
840 ; 38 ; 42 ; 7 ; [0.90038785001196697] ; [0.53325878831297524]
840 ; 38 ; 42 ; 9 ; [1.2702674695462741] ; [2.078690992188569]
840 ; 38 ; 43 ; 0 ; [0.1653609994455448, 0.38724956734223182, 0.17419458643324823, 0.057668583330523] ; [0.39858194174988526, 0.18992483964353735, 0.20506468214440568, 0.30692984417329283]
840 ; 38 ; 44 ; 0 ; [0.74837507723651286] ; [0.24647296577194416]
840 ; 38 ; 44 ; 3 ; [0.34775897413494911] ; [0.098854995336594739]
840 ; 38 ; 44 ; 5 ; [0.67242877235898302] ; [0.48850738378957032]
840 ; 38 ; 45 ; 0 ; [0.31050401980854353, 0.1963004530419411] ; [0.23211250105231349, 0.11996998693906198]
840 ; 38 ; 46 ; 2 ; [0.20879109083709885, 0.027124380937556865, -0.013941725330206715, 0.12446279985038243] ; [0.44012392965045177, 0.3455207320798207, 0.19843800463834291, 0.38265247952044262]
840 ; 38 ; 47 ; 0 ; [0.37743401158882989] ; [0.20779074152264168]
840 ; 38 ; 47 ; 1 ; [0.098728842762425204] ; [0.1240176064173009]
840 ; 38 ; 47 ; 2 ; [0.058837276526227965] ; [0.14155525785012024]
840 ; 38 ; 47 ; 3 ; [0.043003934636559431] ; [-0.0046957889665953162]
840 ; 38 ; 48 ; 1 ; [0.41133292112407888] ; [0.47623617870120594]
840 ; 38 ; 49 ; 0 ; [0.14461419158095354, 0.19915602919661449, 0.50607065062217971] ; [0.16840221422039714, 0.28967890669609125, 0.16096982938158519]
840 ; 38 ; 50 ; 0 ; [0.023327748425072615, -0.00022195813708732087] ; [0.20750030428550753, 0.16259582089177055]
840 ; 38 ; 51 ; 0 ; [1.2998784351050126] ; [0.3750950366159671]
840 ; 38 ; 51 ; 1 ; [0.18943221963303722] ; [0.13080237194363198]
840 ; 38 ; 52 ; 0 ; [0.95651647606238532] ; [0.20846602773276474]
840 ; 38 ; 52 ; 1 ; [0.994527677860644] ; [0.19939960189842135]
840 ; 38 ; 52 ; 2 ; [0.33474639081071128] ; [1.1925974751417394]
840 ; 38 ; 52 ; 4 ; [0.7484324462751365] ; [0.93969210529889413]
840 ; 38 ; 52 ; 5 ; [0.94453505188564313] ; [0.39200574419487849]
840 ; 38 ; 52 ; 7 ; [1.1811607778742581] ; [0.51653693939372258]
840 ; 38 ; 53 ; 0 ; [0.14670828301160771] ; [1.1518819658063377]
840 ; 38 ; 54 ; 0 ; [0.14473890331787106] ; [0.030420672407740212]
840 ; 38 ; 54 ; 1 ; [0.10487887842115787] ; [0.31695195733251308]
840 ; 38 ; 54 ; 2 ; [0.24334057828981753] ; [0.0092922492229978535]
840 ; 38 ; 55 ; 0 ; [1.1065315693336977] ; [0.19639467932507756]
840 ; 38 ; 56 ; 1 ; [0.72148535495662258] ; [-0.076520166066694276]
840 ; 38 ; 56 ; 2 ; [2.0824189140106668, 0.10041566510191553] ; [0.41486997164122458, 0.13484763197837318]
840 ; 38 ; 56 ; 3 ; [1.4849592339883124] ; [2.6248043153065859]
840 ; 38 ; 56 ; 4 ; [0.45922111188714926] ; [1.8378782911737661]
840 ; 38 ; 57 ; 1 ; [0.57273350862787953] ; [0.4843568885586681]
840 ; 38 ; 57 ; 2 ; [1.8225419925497128] ; [0.72843302875521965]
840 ; 38 ; 57 ; 3 ; [0.40847579149466667] ; [0.32270597442708937]
840 ; 38 ; 57 ; 10 ; [1.8955468276765102] ; [0.16969877320278134]
840 ; 38 ; 58 ; 0 ; [0.80626066627946258, 0.011838332347483094, 0.00071191693967675887, 0.055170823417864362] ; [0.65034782053536078, 0.18375288453048791, 0.17083248734324166, 0.083108637700489749]
840 ; 38 ; 59 ; 0 ; [0.047547141461412375, 0.097803726682746894, 0.055136191291416767, 0.067404709838893073] ; [0.14783979190032798, 0.19874848608097842, 0.22492757913012335, 0.33466506511125704]
840 ; 38 ; 59 ; 1 ; [0.10550582141023487] ; [0.31953423361181088]
840 ; 38 ; 60 ; 0 ; [-0.015585009790238444, 0.62857973285577717] ; [0.09465839028476733, 0.18044273462862215]
840 ; 38 ; 60 ; 1 ; [0.15292384974020029, 0.29351710647877438] ; [-0.0026057383012356348, 0.015453041369468635]
840 ; 38 ; 60 ; 3 ; [3.3273315379420185] ; [0.034924441925040434]
840 ; 38 ; 62 ; 0 ; [0.23909498824975886, 0.1950646199703239, 0.14539071391628972, 0.15619527477681794, 0.23925885600489821] ; [0.22423138325604852, 0.28927273691211453, 0.17338751159526694, 0.2700161408117871, 0.17092799641100212]
840 ; 38 ; 63 ; 0 ; [0.23669169353514102, 0.18904889150733417, 0.2652887876997847, 0.33219544463665068, 0.072308101991728671] ; [0.24864649636184846, 0.15820164684130986, 0.21861515480934776, 0.34143981760611414, 0.080654558709583518]
840 ; 38 ; 64 ; 0 ; [0.33709962542477251] ; [2.2263798780581614]
840 ; 38 ; 64 ; 1 ; [0.15370054334754216] ; [0.0030564090391261671]
840 ; 38 ; 64 ; 2 ; [1.0312033263444367] ; [0.46679893528368471]
840 ; 38 ; 64 ; 3 ; [0.030282753514097514] ; [0.75401051950079856]
840 ; 38 ; 64 ; 11 ; [0.051857098587194034] ; [0.063402571610346695]
840 ; 38 ; 65 ; 1 ; [0.60189601625603084] ; [0.35562653847327574]
840 ; 38 ; 65 ; 4 ; [1.9698006916462625] ; [0.68064106986274475]
840 ; 38 ; 65 ; 8 ; [1.5561880838504367] ; [0.7647768299535066]
840 ; 38 ; 65 ; 13 ; [0.99831760062844355] ; [0.72329368432300178]
840 ; 38 ; 65 ; 14 ; [0.31418169835450965] ; [0.40369224176776825]
840 ; 38 ; 65 ; 27 ; [0.34769226651860169] ; [1.6598818313169268]
840 ; 38 ; 65 ; 28 ; [0.83977299841198116] ; [0.27201118254717749]
840 ; 38 ; 65 ; 40 ; [1.4550962454139931] ; [0.22163066628302949]
840 ; 38 ; 66 ; 0 ; [0.68538825345921972, 0.66010743095894253] ; [0.34812220992516468, 0.18311520613670099]
840 ; 38 ; 66 ; 1 ; [0.45472786693866085] ; [0.54405899194756746]
840 ; 38 ; 66 ; 3 ; [0.33619987639281224] ; [0.17495104161773181]
840 ; 38 ; 66 ; 4 ; [0.14955960117479752] ; [0.18520833703875983]
840 ; 38 ; 67 ; 4 ; [0.28330427757126214, 0.24468266579917211, 0.31442175710634912, 0.5282226295890573, 0.57478505414941139, 0.26865900780937896] ; [0.10758504549477987, 0.17266257128635337, 0.37352733968201995, 0.37889855214635731, 0.86037209131179804, 0.23073830541658646]
840 ; 38 ; 68 ; 0 ; [0.030073296161686476, 0.013058162759358581, -0.01916334254059911] ; [0.17606453031097138, 0.28331619999809998, 0.029294054044982327]
840 ; 38 ; 69 ; 0 ; [0.64437345839251436, 0.90931242373930576] ; [0.35409637891966705, 0.86845820207779501]
840 ; 38 ; 69 ; 1 ; [0.12323816682313836] ; [0.14063971607539041]
840 ; 38 ; 69 ; 2 ; [0.7691037200952715] ; [0.087415930065154968]
840 ; 38 ; 70 ; 0 ; [0.40421908999960415] ; [0.70942920435478307]
840 ; 38 ; 70 ; 1 ; [0.30601804592307108] ; [0.047738019541391681]
840 ; 38 ; 71 ; 0 ; [0.95784126601999164] ; [0.080017031392743868]
840 ; 38 ; 71 ; 1 ; [1.3971586173828485] ; [0.00022953293646479672]
840 ; 38 ; 71 ; 3 ; [0.70746647392965378] ; [0.5149217104614261]
840 ; 38 ; 73 ; 0 ; [0.47957436046189389, 0.23123008149169472] ; [0.34498164494569877, 0.50790239357344225]
840 ; 38 ; 73 ; 1 ; [0.17830918393819786] ; [2.284973593583624]
840 ; 38 ; 73 ; 2 ; [2.0739960667866248] ; [8.0243050603179551]
840 ; 38 ; 73 ; 3 ; [0.091597357460772383] ; [0.81754826959306282]
840 ; 38 ; 74 ; 0 ; [0.52649463004248975] ; [0.61229423063796651]
840 ; 38 ; 75 ; 0 ; [0.16129739547055791, 0.04068469192824363] ; [0.14551706645977894, 0.11493666588343081]
840 ; 38 ; 76 ; 0 ; [0.023049024203904991, 0.00050749553767800949] ; [0.46370038279169956, 0.20751245985273689]
840 ; 38 ; 76 ; 1 ; [0.010025492613291028] ; [0.09819694680352728]
840 ; 38 ; 76 ; 3 ; [0.17513108076116896] ; [0.15561396677034592]
840 ; 38 ; 76 ; 4 ; [0.22080895633788725, 0.0087827462594594619, 0.2739793781902482, -0.028267574336799356] ; [0.14872741572259671, -0.0046161869559531409, 0.31807924437958268, 0.051533967524208156]
840 ; 38 ; 78 ; 0 ; [0.29709219245037877] ; [-0.0019615340054460928]
840 ; 38 ; 78 ; 1 ; [0.90426078578642666] ; [0.061507167719359511]
840 ; 38 ; 78 ; 5 ; [1.5663888172623119] ; [0.078130401201584113]
840 ; 38 ; 79 ; 0 ; [0.13275499196349305, 0.0065062403562098619, -0.0022327688583977136, -0.0090029923159713008, -0.0035356402771074941] ; [0.19809607353957764, 0.2514699635418558, 0.17611693976925458, 0.1411379909568457, 0.13961922678906996]
840 ; 38 ; 80 ; 0 ; [0.2998949495287237, 0.2234575854187035] ; [0.20387493308282376, 0.14470236644233425]
840 ; 38 ; 81 ; 0 ; [0.0080077494336045305, -0.0055205447259070979, -0.017849167255141962] ; [0.21022416471371103, 0.22828417679207924, 0.074882628798954395]
840 ; 38 ; 82 ; 0 ; [0.29245471244170645, 0.26268300531628519] ; [1.1580530897604429, 0.12933867977983954]
840 ; 38 ; 82 ; 1 ; [1.4483477957888367] ; [0.68524468417629836]
840 ; 38 ; 82 ; 2 ; [0.13608982096324559] ; [0.43034883415116409]
840 ; 38 ; 82 ; 3 ; [0.31181102886690437] ; [0.46576392533175365]
840 ; 38 ; 83 ; 0 ; [0.50826325560483043, 0.27979887195956166] ; [0.7586772441162638, 0.13951216824095686]
840 ; 38 ; 83 ; 1 ; [0.34622551306852645] ; [0.29910308867325353]
840 ; 38 ; 83 ; 2 ; [0.67180700348609701] ; [0.068172369799865698]
840 ; 38 ; 83 ; 8 ; [0.47472137476689164] ; [0.61039046119982143]
840 ; 38 ; 84 ; 0 ; [0.023075910630251287, 0.016718877427737835, 0.021956685850402596, 0.09436911707956884] ; [0.15691722306324382, 0.16382682565199275, 0.2014244340822392, 0.15354691874159668]
840 ; 38 ; 85 ; 0 ; [0.92215782431827653] ; [2.2771598282169294]
840 ; 38 ; 87 ; 0 ; [0.17237786909510364, 0.010799884437280334, 0.040626582484807057, 0.0042024101863196222] ; [0.22019059965136378, 0.21872544174669464, 0.25763059811514483, 0.086521425117056572]
840 ; 38 ; 88 ; 0 ; [0.094491542867210773, 0.10968112732447059, 0.088256960480922714, 0.092257718850799988] ; [0.15998879608312852, 0.15803510974772439, 0.2643698067577237, 0.001384370771246155]
840 ; 38 ; 89 ; 0 ; [0.29125997437315104] ; [0.37502373438103614]
840 ; 38 ; 89 ; 1 ; [0.36984982550621337] ; [0.068862870261483716]
840 ; 38 ; 89 ; 3 ; [0.10555250040793329] ; [0.024585221684490424]
840 ; 38 ; 90 ; 0 ; [0.14673479574577949, 0.22808837049017813, 0.33347782801374837, 0.27317248823149232] ; [0.17360727705008425, 0.209855106273971, 0.16703082966799632, 0.21117261082835401]
840 ; 38 ; 90 ; 1 ; [0.16619814824450108] ; [0.09300783594603565]
840 ; 38 ; 91 ; 0 ; [0.92921770834886086] ; [0.29763679444859481]
840 ; 38 ; 91 ; 1 ; [0.20370410664070748] ; [0.4119980519906119]
840 ; 38 ; 91 ; 2 ; [6.6827837378745887] ; [0.12680155782655275]
840 ; 38 ; 91 ; 3 ; [0.56983232651800431] ; [0.65557362383858553]
840 ; 38 ; 91 ; 4 ; [0.18823698360447896] ; [0.029624834994997313]
840 ; 38 ; 91 ; 5 ; [1.0651053025741724] ; [3.1211371744814436]
840 ; 38 ; 93 ; 0 ; [0.053984890894719674, 0.047668607178786453, 0.079386808098624015, 0.040694123555324903, 0.031271542721110566] ; [0.15838182567632814, 0.15337737227796852, 0.27220255241279817, 0.20688690034606852, 0.1048646619018658]
840 ; 38 ; 94 ; 2 ; [0.051137836923717303] ; [1.7142500476746496]
840 ; 38 ; 95 ; 0 ; [0.096057396253776961] ; [0.072234837061175491]
840 ; 38 ; 95 ; 2 ; [2.1417579169394996] ; [0.5597654246658017]
840 ; 38 ; 95 ; 3 ; [0.11960607685988081] ; [0.74154790831409823]
840 ; 38 ; 95 ; 5 ; [0.32282146345398333] ; [-0.054166764195993075]
840 ; 38 ; 96 ; 0 ; [0.018703676770231464, 0.22421013177791194] ; [0.085653324579999884, 0.09092966064893114]
840 ; 38 ; 96 ; 1 ; [0.71742283690612096] ; [0.57186580197375281]
840 ; 38 ; 96 ; 2 ; [0.077996514596435251] ; [0.35508943572353951]
840 ; 38 ; 97 ; 0 ; [0.77736446529659908] ; [0.44360631983112975]
840 ; 38 ; 97 ; 2 ; [0.59369231211727902] ; [0.46899548956179665]
840 ; 38 ; 97 ; 3 ; [0.35121258228949953] ; [0.0095904762321739282]
840 ; 38 ; 97 ; 4 ; [0.41833985944919916] ; [0.45159979791438343]
840 ; 38 ; 97 ; 6 ; [-0.001986840677821533] ; [0.2979452339025927]
840 ; 38 ; 98 ; 0 ; [1.2977935733623216] ; [0.93361905777040133]
840 ; 38 ; 98 ; 1 ; [0.65514200913549703] ; [0.73514282037642253]
840 ; 38 ; 98 ; 2 ; [0.3937138530310953] ; [0.50476593602692588]
840 ; 38 ; 99 ; 4 ; [2.2747944308479857] ; [0.92432120970034437]
840 ; 38 ; 99 ; 5 ; [0.14257939011730486] ; [0.90758394579112989]
840 ; 38 ; 99 ; 7 ; [6.8724246900405568] ; [1.4266285294725722]
840 ; 38 ; 99 ; 11 ; [2.371797212338826] ; [0.73510084613660653]
840 ; 38 ; 99 ; 12 ; [0.54899642268709237] ; [1.0494493196704431]
840 ; 38 ; 100 ; 0 ; [0.44781596658412803, 0.20017162552037085] ; [0.65368111263153073, 0.17148762207877696]
840 ; 38 ; 100 ; 4 ; [1.1072370942511116] ; [-0.048489912862136761]
840 ; 38 ; 102 ; 8 ; [0.6325769087946137] ; [0.013697502065296102]
840 ; 38 ; 102 ; 9 ; [0.16458072243797905] ; [0.19883836122383269]
840 ; 38 ; 103 ; 0 ; [0.022047914191754614] ; [0.11252561104983066]
840 ; 38 ; 104 ; 0 ; [0.23327259316694429] ; [0.1388758539374548]
840 ; 38 ; 105 ; 0 ; [-0.0027943882750923492] ; [0.13105949390694585]
840 ; 38 ; 105 ; 1 ; [0.18719461214454128] ; [0.07911149117635416]
840 ; 38 ; 105 ; 3 ; [0.3177421138283929] ; [0.32028905769241611]
840 ; 38 ; 106 ; 0 ; [0.13861193641702144] ; [0.02577508584954703]
840 ; 38 ; 107 ; 0 ; [0.99363983237833819, 0.13929596950721435] ; [0.8627449278287741, 0.18724854715449116]
840 ; 38 ; 107 ; 1 ; [0.0080945316252657405] ; [0.16922980056575668]
840 ; 38 ; 108 ; 1 ; [3.3217506779747183] ; [2.2696993516744706]
840 ; 38 ; 109 ; 0 ; [0.1919162051907756] ; [0.72617401832461725]
840 ; 38 ; 109 ; 2 ; [0.29724306285132984] ; [0.096907188628457194]
840 ; 38 ; 109 ; 3 ; [0.52253826921956992] ; [0.048878232670130549]
840 ; 38 ; 110 ; 0 ; [0.69675511194539563] ; [0.42853828465330601]
840 ; 38 ; 111 ; 0 ; [0.079433834606191037, 0.035785828495526958, 0.03224963216159113, 0.10211830411185438] ; [0.21675230890495931, 0.21894249193287735, 0.1668181334753378, 0.067653731138339251]
840 ; 38 ; 112 ; 0 ; [0.21081297583395728, 0.11619641879049325] ; [0.22847704957707124, 0.18919074142920908]
840 ; 38 ; 112 ; 1 ; [0.038711389147350825] ; [0.20190812036546057]
840 ; 38 ; 112 ; 4 ; [0.40494570939862379] ; [0.30816245395120034]
840 ; 38 ; 112 ; 7 ; [1.6742032670673679] ; [1.3311922187344225]
840 ; 38 ; 113 ; 0 ; [0.29724802605445727, 0.25616334416623582] ; [0.3177646537752542, 0.28021163151096706]
840 ; 38 ; 113 ; 1 ; [0.16964513865642647] ; [0.083413090470961099]
840 ; 38 ; 114 ; 0 ; [0.70865950233277353] ; [1.0207514010214451]
840 ; 38 ; 114 ; 2 ; [1.7799934803426833] ; [0.50072368923806498]
840 ; 38 ; 114 ; 4 ; [2.750974089662412] ; [0.40281077895563494]
840 ; 38 ; 114 ; 5 ; [0.34181251284231767] ; [1.170464306995564]
840 ; 38 ; 114 ; 6 ; [1.3159575358479421] ; [1.398549766511914]
840 ; 38 ; 114 ; 8 ; [1.3389253196886262] ; [0.73144621727437664]
840 ; 38 ; 114 ; 10 ; [1.5438856589517402] ; [1.488591160875876]
840 ; 38 ; 114 ; 13 ; [0.59347178675384682] ; [0.36250577246828841]
840 ; 38 ; 114 ; 15 ; [0.34669110862469837] ; [1.0052062792096836]
840 ; 38 ; 114 ; 16 ; [0.88630906317146274] ; [2.7061040970921129]
840 ; 38 ; 114 ; 18 ; [4.0913088891455445] ; [1.4528518099139971]
840 ; 38 ; 114 ; 20 ; [0.70985939017714517] ; [0.49156556232780907]
840 ; 38 ; 114 ; 21 ; [0.65040383638837274] ; [0.61856023859548437]
840 ; 38 ; 114 ; 25 ; [2.9223508942288192] ; [2.0925018937987865]
840 ; 38 ; 114 ; 27 ; [2.5332141990046253] ; [0.9465668552711104]
840 ; 38 ; 114 ; 29 ; [2.6309817413883279] ; [0.49479350369026559]
840 ; 38 ; 114 ; 32 ; [2.0881909956374405] ; [1.784936650964845]
840 ; 38 ; 114 ; 33 ; [4.3853043527113496] ; [1.3217609410700515]
840 ; 38 ; 114 ; 34 ; [7.4359669770708017] ; [1.7818235058278038]
840 ; 38 ; 114 ; 35 ; [0.42476685079195514] ; [1.2191875310249163]
840 ; 38 ; 114 ; 38 ; [1.6246120635876709] ; [0.58824724769994319]
840 ; 38 ; 114 ; 40 ; [10.28586520947333] ; [1.2432796123073002]
840 ; 38 ; 114 ; 43 ; [0.56409236542845165] ; [1.1480681069958616]
840 ; 38 ; 114 ; 44 ; [2.0145235677759317] ; [1.2439955420406941]
840 ; 38 ; 114 ; 45 ; [7.4629588931225275] ; [0.54834788669833689]
840 ; 38 ; 114 ; 46 ; [2.2499357583249506] ; [0.49778990671022888]
840 ; 38 ; 115 ; 0 ; [0.21209897087216126] ; [0.12337988075097853]
840 ; 38 ; 115 ; 2 ; [2.4936620928292106] ; [2.3155859842194557]
840 ; 38 ; 115 ; 4 ; [0.0036607801309359806] ; [0.40313492923810301]
840 ; 38 ; 116 ; 0 ; [0.068038874607083383, 0.017769154611970202, 0.0042929559425636454] ; [0.23715558863696787, 0.15537764000690302, 0.27460587934417213]
840 ; 38 ; 116 ; 1 ; [0.08026278521996523] ; [0.040813226542230067]
840 ; 38 ; 117 ; 0 ; [0.072041719193700171, 0.060875644398807958, -0.0056963696583202982] ; [0.37564056899032677, 0.14131202685978181, 0.10010762130742371]
840 ; 38 ; 118 ; 0 ; [0.66513618451145151] ; [0.24733858932538677]
840 ; 38 ; 118 ; 1 ; [0.11065867340084992] ; [0.64253258286993153]
840 ; 38 ; 118 ; 12 ; [0.976523698684019] ; [0.99977614819423133]
840 ; 38 ; 119 ; 1 ; [0.28078021543827464] ; [0.57843465459353116]
840 ; 38 ; 119 ; 11 ; [0.24507895614705794] ; [0.99665452049175263]
840 ; 38 ; 120 ; 0 ; [0.23917589557480423, 0.17744197213365115, 0.13828025673842817] ; [0.22881526143569422, 0.28101451107994968, 0.086504699613487945]
840 ; 38 ; 120 ; 1 ; [0.13671794963198974] ; [0.029190734550460607]
840 ; 38 ; 121 ; 0 ; [-0.0038063025301173065] ; [0.19570459200896148]
840 ; 38 ; 121 ; 1 ; [0.36107698932634269] ; [0.17439952558773791]
840 ; 38 ; 121 ; 3 ; [0.14772485431099572] ; [0.10522206052790566]
840 ; 38 ; 122 ; 0 ; [0.0047172635729512569, 0.052955124336198131, 0.062500913408532574] ; [0.19817023997950806, 0.19514978245834599, 0.27925201700241309]
840 ; 38 ; 123 ; 0 ; [0.16067186038401884, 0.41487328645111726] ; [0.28297503974140303, 0.74414655380915373]
840 ; 38 ; 123 ; 1 ; [-0.030785594095470742] ; [0.39251909650740607]
840 ; 38 ; 123 ; 3 ; [-0.0039085820123767288] ; [-0.010115066767924154]
840 ; 38 ; 124 ; 1 ; [4.1160196820321548] ; [3.8902719555441418]
840 ; 38 ; 125 ; 0 ; [0.039968695599968004] ; [-0.0026842054789277983]
840 ; 38 ; 125 ; 4 ; [1.9974217074827492] ; [2.3872363254279323]
840 ; 38 ; 125 ; 5 ; [1.7319987871413345] ; [4.9779341429143411]
840 ; 38 ; 125 ; 6 ; [1.0026861005293251] ; [7.4082482412301403]
840 ; 38 ; 125 ; 10 ; [2.0371417520239863] ; [0.76513137211389981]
840 ; 38 ; 125 ; 11 ; [2.5436298684216307] ; [0.55458080809343491]
840 ; 38 ; 125 ; 12 ; [1.6422280272008747] ; [6.1799588661974019]
840 ; 38 ; 125 ; 13 ; [1.7001419721643716] ; [3.4209871916572649]
840 ; 38 ; 126 ; 0 ; [0.58133025559409934] ; [0.42808003491553515]
840 ; 38 ; 126 ; 1 ; [0.40465191909962922] ; [0.12361049717267483]
840 ; 38 ; 126 ; 3 ; [0.23454307178801947] ; [1.7211113208534536]
840 ; 38 ; 126 ; 4 ; [1.5963393013533969] ; [1.3284645769150683]
840 ; 38 ; 127 ; 1 ; [0.43446032077498264] ; [0.51910474975725684]
840 ; 38 ; 127 ; 2 ; [1.4576700736250692] ; [0.8769761602121936]
840 ; 38 ; 128 ; 0 ; [0.47785315900217046, 0.27563404927340557, 0.26033938195390871, 0.22244922053432356] ; [0.49802092217098265, 0.34721428256214981, 0.42991987798016296, 0.18223389350868252]
840 ; 38 ; 129 ; 0 ; [0.2088517202291377, 0.12705564159648636, 0.12863934967113499, 0.14501790257565991] ; [0.27210073882021507, 0.19100441544048832, 0.2214981906406065, 0.17107816168903509]
840 ; 38 ; 130 ; 0 ; [1.5702750875913525] ; [0.31845010652152494]
840 ; 38 ; 130 ; 1 ; [2.3560204182036126, 1.8282659039418065] ; [1.6490433988676996, 1.7794947592005685]
840 ; 38 ; 130 ; 4 ; [1.8812083313551702] ; [1.8945467495600055]
840 ; 38 ; 130 ; 12 ; [1.8317933907427095] ; [2.0116386016484133]
840 ; 38 ; 130 ; 13 ; [2.340760142466662] ; [2.3116991175161536]
840 ; 38 ; 130 ; 14 ; [1.2051063967489295] ; [1.8554927897856284]
840 ; 38 ; 130 ; 16 ; [1.9025974596847766] ; [1.7262804589703913]
840 ; 38 ; 130 ; 20 ; [1.6331748848994136] ; [1.895106588731196]
840 ; 38 ; 130 ; 22 ; [2.6041471967669567] ; [1.4276070419714759]
840 ; 38 ; 130 ; 25 ; [1.9689107325249935] ; [1.9539526001881282]
840 ; 38 ; 130 ; 26 ; [1.9154934047805037] ; [2.6694328845273994]
840 ; 38 ; 130 ; 27 ; [1.7829094712916962] ; [2.4078027811111524]
840 ; 38 ; 130 ; 28 ; [1.9405830662278749] ; [1.7971108049642441]
840 ; 38 ; 130 ; 29 ; [1.9027174354433398] ; [1.7861878363898069]
840 ; 38 ; 130 ; 30 ; [1.0836609534407518] ; [1.175587475299315]
840 ; 38 ; 130 ; 31 ; [0.922230545265466] ; [2.6430568920193314]
840 ; 38 ; 130 ; 32 ; [2.1429070798119718] ; [1.8929025533481283]
840 ; 38 ; 130 ; 33 ; [1.912241970198165] ; [1.6527811064375606]
840 ; 38 ; 130 ; 34 ; [1.9554888316773977] ; [1.9529268694155588]
840 ; 38 ; 130 ; 35 ; [0.80969780141753267] ; [1.4478347121171729]
840 ; 38 ; 130 ; 36 ; [1.6785241394340629] ; [1.2298553165591626]
840 ; 38 ; 130 ; 38 ; [1.271194538317717] ; [2.112962786916623]
840 ; 38 ; 130 ; 39 ; [1.0595111345622863] ; [1.7349970806399386]
840 ; 38 ; 130 ; 41 ; [1.9801522380878993] ; [1.8985499706970197]
840 ; 38 ; 130 ; 42 ; [1.9455757604726869] ; [2.0535350881174494]
840 ; 38 ; 130 ; 43 ; [1.6925425452360063] ; [2.372149841159632]
840 ; 38 ; 130 ; 44 ; [1.5233779053099352] ; [1.9738772309800683]
840 ; 38 ; 130 ; 46 ; [1.7264644720690709] ; [4.9037329497261091]
840 ; 38 ; 130 ; 47 ; [2.103393343047923] ; [4.172600666871686]
840 ; 38 ; 130 ; 48 ; [1.7224973178113161] ; [1.5403820355292834]
840 ; 38 ; 130 ; 49 ; [1.7194921846409517] ; [1.5551848214137007]
840 ; 38 ; 130 ; 51 ; [1.6241423882621469] ; [0.97690616520741935]
840 ; 38 ; 130 ; 52 ; [1.3360818794666245] ; [1.4462356471880173]
840 ; 38 ; 130 ; 53 ; [1.0871018360392781] ; [2.6058636027410569]
840 ; 38 ; 130 ; 55 ; [2.6163180284905461] ; [1.928899932148163]
840 ; 38 ; 130 ; 56 ; [1.6132612961354957] ; [1.8034264850273269]
840 ; 38 ; 130 ; 58 ; [1.2700285666128415] ; [0.95590284921870383]
840 ; 38 ; 130 ; 67 ; [0.87001289692854289] ; [1.3212586861869564]
840 ; 38 ; 130 ; 69 ; [2.5459740424527602] ; [1.8332025892270234]
840 ; 38 ; 130 ; 71 ; [1.9015716832662546] ; [1.868993898953029]
840 ; 38 ; 130 ; 72 ; [1.888545119318132] ; [1.8671041803922543]
840 ; 38 ; 130 ; 73 ; [2.1814366694339928] ; [2.1525309475564356]
840 ; 38 ; 131 ; 1 ; [0.72408383416442534] ; [-0.005790320718725238]
840 ; 38 ; 132 ; 0 ; [0.090554807875451851, 0.019358909195165364, 0.32760346623460929, 0.25661746736030056] ; [0.24859428670685238, 0.33439581726368645, 0.62376442180746916, 0.40780283539130258]
840 ; 38 ; 132 ; 3 ; [-0.27093821742693786] ; [1.1568691004970628]
840 ; 38 ; 132 ; 5 ; [0.47257869722736051, 0.35000984398535268] ; [0.1573430092738303, 0.18008771199591536]
840 ; 38 ; 133 ; 0 ; [2.9765571584939234] ; [0.66352957118951095]
840 ; 38 ; 133 ; 5 ; [0.70491952261316881] ; [1.6253930765099582]
840 ; 38 ; 133 ; 7 ; [1.3233966089514315] ; [1.0314848367507916]
840 ; 38 ; 133 ; 8 ; [6.2735001168404123] ; [1.7342959351499789]
840 ; 38 ; 133 ; 9 ; [4.4029925814495687] ; [1.6115682465786862]
840 ; 38 ; 133 ; 10 ; [6.2285739344242339] ; [1.6882985117176355]
840 ; 38 ; 133 ; 11 ; [2.0118658097801396] ; [1.795282802293237]
840 ; 38 ; 133 ; 12 ; [11.137637000623331] ; [1.5055992595116248]
840 ; 38 ; 133 ; 13 ; [0.060649767657737517] ; [1.8225641588265082]
840 ; 38 ; 133 ; 16 ; [0.15092406179342166] ; [0.097571909870669646]
840 ; 38 ; 134 ; 0 ; [1.4443842888012797, 0.5126480680978277] ; [0.36049500658285089, 0.42176827896790609]
840 ; 38 ; 134 ; 1 ; [0.75633557363473158] ; [0.31945353396987408]
840 ; 38 ; 134 ; 2 ; [3.5264822427287039] ; [0.57684125391089791]
840 ; 38 ; 134 ; 3 ; [2.1493919540822644] ; [0.2981930878656372]
840 ; 38 ; 134 ; 4 ; [1.1933165880803556, 2.3897500964615475] ; [0.01054861258318341, -0.0090770694041037228]
840 ; 38 ; 134 ; 5 ; [0.42566748621897921] ; [0.59761655280841719]
840 ; 38 ; 134 ; 6 ; [0.43947423206987302] ; [0.15966791301508593]
840 ; 38 ; 134 ; 8 ; [1.9017583454086977] ; [-0.0093496002793548964]
840 ; 38 ; 134 ; 10 ; [0.56955685810639889] ; [0.65061178554850319]
840 ; 38 ; 134 ; 13 ; [2.4875729580811656] ; [2.3558906705758726]
840 ; 38 ; 134 ; 14 ; [1.7034906741859583] ; [0.29345633678471861]
840 ; 38 ; 134 ; 20 ; [0.052413327251486751] ; [-0.0014484738406977148]
840 ; 38 ; 135 ; 0 ; [0.23598653559791408, 1.4615979342297496, 0.20138116310699219] ; [0.11415084488003779, 0.49898938338973692, 0.33196778917958542]
840 ; 38 ; 135 ; 1 ; [0.094723110533448521] ; [0.26920840210175784]
840 ; 38 ; 136 ; 0 ; [0.20075058204409957, 0.24065676381505416, 0.10998512278786958] ; [0.1859060368793605, 0.28329632704442365, 0.17026758285348162]
840 ; 38 ; 137 ; 0 ; [0.19078870280791477] ; [0.73592643655752554]
840 ; 38 ; 137 ; 1 ; [0.43727251503194337] ; [0.18553506456362837]
840 ; 38 ; 137 ; 2 ; [0.23669487775451828] ; [0.10435806408862996]
840 ; 38 ; 137 ; 9 ; [0.79426063799982927] ; [0.64214505733553429]
840 ; 38 ; 138 ; 0 ; [0.11741077033659078, 0.31320749636529654] ; [0.2979735015633303, 0.35525681871136439]
840 ; 38 ; 138 ; 1 ; [0.44215407409700785, -0.012302079922946591] ; [0.2792529560387299, 0.085202812686111851]
840 ; 38 ; 138 ; 2 ; [0.050615134586418455] ; [0.1534030869222387]
840 ; 38 ; 139 ; 0 ; [0.017580869414305367, 0.22897506961073308] ; [0.17918301291836086, 0.37633747471784146]
840 ; 38 ; 139 ; 1 ; [0.035566280332430186] ; [0.29914614381647509]
840 ; 38 ; 140 ; 0 ; [0.0089820158852994651, -0.012642024323491128, 0.11739637399191095, 0.071911486237872163] ; [0.25312985549874789, 0.16588805473245571, 0.27510558170729404, 0.24518193972928601]
840 ; 38 ; 141 ; 0 ; [0.046798081834277347, 0.065092848216796853, 0.96967774054009059] ; [0.21988907349053036, 0.31865624413552085, 0.3883709977253732]
840 ; 38 ; 141 ; 1 ; [0.16464168955393488] ; [0.28312209624183515]
840 ; 38 ; 142 ; 0 ; [0.4826995580473778] ; [0.038005485968719048]
840 ; 38 ; 143 ; 0 ; [0.016231438912624501, -0.013793963806772461, 0.016835222638428952, 0.016257156793553895] ; [0.15989962643661684, 0.13421614214040628, 0.15570976599860734, 0.061471758110678863]
840 ; 38 ; 144 ; 0 ; [0.33320610631161407, 0.23719120752958309, 0.18875139408432931] ; [0.28290646847508405, 0.32616491809992609, 0.11355733993493508]
840 ; 38 ; 144 ; 1 ; [0.39157090953695733] ; [0.0046803041087281477]
840 ; 38 ; 145 ; 0 ; [3.0079168413319626, 0.15049973783579421, 0.0063133087864609113] ; [0.38608247950872715, 0.4237714778148795, 0.081646675783757977]
840 ; 38 ; 145 ; 1 ; [0.16450762364170185] ; [0.2665330291850157]
840 ; 38 ; 146 ; 0 ; [0.29545003006763243] ; [0.074755016035436619]
840 ; 38 ; 146 ; 1 ; [1.410839211815194] ; [1.3439803371217849]
840 ; 38 ; 146 ; 6 ; [1.0037838976600113] ; [1.7944578827512268]
840 ; 38 ; 146 ; 9 ; [2.7392213442375661] ; [1.9920977824113253]
840 ; 38 ; 146 ; 10 ; [1.3181542762170433] ; [1.8148874653074423]
840 ; 38 ; 146 ; 12 ; [2.3817768311399945] ; [1.6656584429707857]
840 ; 38 ; 147 ; 0 ; [0.18728838850337148, 0.25287205506849758] ; [0.28368804136075443, 0.15462052118037892]
840 ; 38 ; 148 ; 4 ; [1.8870854576194378] ; [0.48887557584994845]
840 ; 38 ; 148 ; 12 ; [4.4117354866097864] ; [3.3604727685534836]
840 ; 38 ; 149 ; 0 ; [0.066206031172749466] ; [0.025924579073443105]
840 ; 38 ; 149 ; 2 ; [0.34175728612120959] ; [0.204834594752659]
840 ; 38 ; 149 ; 3 ; [0.35126058690010192] ; [0.49139471001665636]
840 ; 38 ; 149 ; 14 ; [0.50729544695305429] ; [0.70387894127435202]
840 ; 38 ; 149 ; 15 ; [0.22039530133897742] ; [1.2926912272118132]
840 ; 38 ; 150 ; 0 ; [2.1339748280642108] ; [1.1019607677523886]
840 ; 38 ; 150 ; 1 ; [1.4282928930121375] ; [0.63383448801695419]
840 ; 38 ; 150 ; 9 ; [4.9912651451595877] ; [1.11861178549746]
840 ; 38 ; 151 ; 0 ; [0.12480984216827737, 0.92994683407783385] ; [0.39499464152020342, 0.24551855380365076]
840 ; 38 ; 151 ; 1 ; [1.4184103799588206] ; [0.68381063366124117]
840 ; 38 ; 152 ; 0 ; [0.91102672283512554] ; [0.54738983799370111]
840 ; 38 ; 152 ; 1 ; [0.67531529865333273] ; [0.39858530541604037]
840 ; 38 ; 153 ; 1 ; [1.0130336111643259, 0.14660681896419589, 0.19141773891521011, 0.15997745679368144] ; [0.072950568780749264, 0.20909947646648933, 0.23813838959363584, 0.38822769762504628]
840 ; 38 ; 154 ; 2 ; [0.13302155317629438, 0.15084547918730654, 0.27438183979101344] ; [0.18882582979537921, 0.25192931689787951, 0.18436356218831326]
840 ; 38 ; 155 ; 0 ; [-0.012994515747980839, -0.0038946558402637912, 0.0078039169094919394, -0.010335272033655404] ; [0.29461498520087159, 0.2460872048692069, 0.16122067978400675, 0.3059169556314873]
840 ; 38 ; 155 ; 1 ; [0.11473910138918746] ; [0.12120417756311466]
840 ; 38 ; 156 ; 0 ; [-0.00236453753608709, -0.0081887009369619925, 0.10663508037441903, 0.017978925067217485] ; [0.18458853399650635, 0.18678734098051533, 0.27133238746267002, 0.14691907085979397]
840 ; 38 ; 156 ; 1 ; [0.24689282324262835] ; [0.031329430883848798]
840 ; 38 ; 157 ; 0 ; [0.23121841422879993, 0.46433614740600099] ; [0.30228260633328824, 0.48755265901355388]
840 ; 38 ; 159 ; 4 ; [2.0008656015010611] ; [1.4072360968912712]
840 ; 38 ; 160 ; 0 ; [0.09927023723627075, 0.17129498936344051, 0.10822868860798836] ; [0.19639728658230449, 0.17023198435213896, 0.11023804989781455]
840 ; 38 ; 160 ; 1 ; [0.045338864760189654] ; [-0.013310373497588485]
840 ; 38 ; 161 ; 0 ; [0.091944069186703642, 0.064410827531203446] ; [0.10144498419344941, 0.11948077405124308]
840 ; 38 ; 162 ; 0 ; [0.3860917526376148] ; [1.8825962152260416]
840 ; 38 ; 162 ; 10 ; [1.5709707335465573] ; [8.5125230574714212]
840 ; 38 ; 162 ; 14 ; [0.89570152800534963] ; [0.87311806109789902]
840 ; 38 ; 165 ; 0 ; [0.55601248969051453] ; [0.52510527867566592]
840 ; 38 ; 165 ; 1 ; [1.3210247250719322] ; [1.7441196936851722]
840 ; 38 ; 165 ; 3 ; [0.93239854992306781, 0.13509163567391613] ; [0.34829068819157594, 0.19829663993324589]
840 ; 38 ; 166 ; 1 ; [0.60977755844860593] ; [0.033810630524717007]
840 ; 38 ; 166 ; 6 ; [0.35489995813133851] ; [0.041965611755968649]
840 ; 38 ; 167 ; 0 ; [1.5107132683139246, 0.075998006950468031] ; [0.77326882855080514, 0.043659388577349349]
840 ; 38 ; 167 ; 1 ; [0.50937142673638713] ; [0.17933867102965034]
840 ; 38 ; 168 ; 0 ; [0.24813101142997782, 0.33956498984278022, 0.23304024262572301, 0.53692233772524223] ; [0.19846495862294219, 0.14106738527031901, 0.20649376826334792, 0.1676255994806464]
840 ; 38 ; 169 ; 0 ; [0.096951548786035749, 0.12530577282642733, 0.026807013278624715, 0.019765618789371778] ; [0.16505431654803532, 0.20168303093648471, 0.1557268170640671, 0.15320459577749168]
840 ; 38 ; 169 ; 1 ; [0.61652653772157273] ; [0.054591013261053749]
840 ; 38 ; 170 ; 0 ; [0.049517513286844124, 0.072245498068204211, 0.15165441153616521, 0.16712937155478874, 0.043151617620559198] ; [0.17916596144937322, 0.31617926764221044, 0.17834610534142609, 0.33686617048799755, 0.060990287482985614]
840 ; 38 ; 171 ; 0 ; [0.77292187946760982] ; [0.038542395437894943]
840 ; 38 ; 171 ; 1 ; [1.6786317400425601] ; [0.95538135449139749]
840 ; 38 ; 171 ; 2 ; [0.4539305257971471] ; [0.53306546100176944]
840 ; 38 ; 171 ; 3 ; [0.91894403825447479] ; [2.1357103575283301]
840 ; 38 ; 171 ; 4 ; [1.7237782222479845] ; [0.64284622583105533]
840 ; 38 ; 171 ; 5 ; [4.0103432879162524] ; [1.0244306460613017]
840 ; 38 ; 171 ; 8 ; [3.1705366827112416] ; [4.1944027864473616]
840 ; 38 ; 171 ; 9 ; [0.2824027326606281] ; [0.29092752263771837]
840 ; 38 ; 171 ; 10 ; [1.693745173318467] ; [0.75508181489670356]
840 ; 38 ; 171 ; 11 ; [1.850484559901425] ; [1.9258221344913613]
840 ; 38 ; 171 ; 13 ; [1.2322159505710519] ; [0.85519207734351288]
840 ; 38 ; 171 ; 14 ; [0.57171250200717594] ; [0.83388480536984499]
840 ; 38 ; 173 ; 0 ; [0.95467628236072355] ; [0.48713061991745721]
840 ; 38 ; 173 ; 1 ; [0.51971429206082365] ; [0.42034143362263748]
840 ; 38 ; 174 ; 0 ; [0.27988909547954938, 0.18320485100786055, 0.12252397453621006, 0.21568603337849834] ; [0.28875120321926984, 0.30291413006642437, 0.20574517791353419, 0.0015315266780768081]
840 ; 38 ; 174 ; 1 ; [0.099076427368104208, 0.16180123576903616] ; [0.22778302383382884, 0.21607611584642075]
840 ; 38 ; 174 ; 2 ; [-0.006701337709412762] ; [1.3327577321974493]
840 ; 38 ; 175 ; 0 ; [0.085376344837181026, 0.13289368634820686, 0.16882656022386761] ; [0.29818963835160039, 0.20576696143450574, 0.2653040191310308]
840 ; 38 ; 175 ; 1 ; [0.1485246928964761] ; [0.23921020192839951]
840 ; 38 ; 176 ; 1 ; [0.44881809837794134] ; [0.37567086892440416]
840 ; 38 ; 176 ; 4 ; [1.6096507127309614] ; [1.674130124476479]
840 ; 38 ; 177 ; 1 ; [0.17334926951169838, 0.11469624493788581, 0.1388487966138055, 0.14754106578841777, 0.017544789974108976] ; [0.39005036254986208, 0.26312352828108132, 0.45899264355449082, 0.2433618943013586, 0.1952447102170268]
840 ; 38 ; 178 ; 3 ; [0.084133964198658678, 0.062634198474212463] ; [0.28533701382266607, 0.1622321242786724]
840 ; 38 ; 179 ; 0 ; [0.21058934586576522, 0.078727654570724961, 0.058334936533091734] ; [0.25255998668892582, 0.24402390156611714, 0.15159699297046569]
840 ; 38 ; 179 ; 1 ; [0.5055756655461765] ; [-0.13594503369446606]
840 ; 38 ; 180 ; 0 ; [1.7140076761778009] ; [0.88140139959094332]
840 ; 38 ; 180 ; 2 ; [4.9980962248519516] ; [2.4984653705669948]
840 ; 38 ; 180 ; 3 ; [0.37119278219808893] ; [1.0180367668708912]
840 ; 38 ; 180 ; 4 ; [5.3356718785330823] ; [1.1973225405350238]
840 ; 38 ; 180 ; 5 ; [0.96747129877860882] ; [0.74967005616727755]
840 ; 38 ; 180 ; 6 ; [0.77430657613768905] ; [0.80248831564896894]
840 ; 38 ; 180 ; 9 ; [1.6978913609709116] ; [3.5336054821427503]
840 ; 38 ; 180 ; 12 ; [4.1956515456894099] ; [8.0858939564427033]
840 ; 38 ; 180 ; 13 ; [3.5385821945558393] ; [1.8201224238124931]
840 ; 38 ; 180 ; 17 ; [3.0208402406564083] ; [0.73948489119694094]
840 ; 38 ; 180 ; 18 ; [0.86570573017820096] ; [1.2059406742739014]
840 ; 38 ; 182 ; 0 ; [0.012191419959582075] ; [0.18064778963060027]
840 ; 38 ; 182 ; 1 ; [0.20114843822199849] ; [0.10651926630623773]
840 ; 38 ; 183 ; 0 ; [0.12716608389873338, 0.092648790093327063] ; [0.23926733887298193, 0.24776524626280083]
840 ; 38 ; 183 ; 6 ; [0.12318203436886634] ; [0.2991538369442957]
840 ; 38 ; 184 ; 0 ; [1.6196219614421263] ; [0.11806742098958309]
840 ; 38 ; 185 ; 0 ; [0.81272027616406772] ; [0.21299470634844492]
840 ; 38 ; 185 ; 2 ; [0.48832014202569352] ; [0.2765543033811193]
840 ; 38 ; 186 ; 0 ; [0.33067795471721939, 0.31095493256887735] ; [0.51235504249858466, 0.32709682313713351]
840 ; 38 ; 186 ; 1 ; [1.2878045492613812] ; [0.087078803445143335]
840 ; 38 ; 186 ; 2 ; [0.79289002284700982] ; [0.21786135605182658]
840 ; 38 ; 186 ; 3 ; [-0.39128096499379661] ; [0.11242810236455204]
840 ; 38 ; 187 ; 0 ; [0.59681172826281259] ; [1.4532513963458646]
840 ; 38 ; 187 ; 1 ; [0.88320182329261054] ; [0.2271619234826856]
840 ; 38 ; 187 ; 2 ; [1.7030056422913502] ; [0.47305833560804367]
840 ; 38 ; 187 ; 3 ; [1.3015364291250009] ; [0.09762381500047719]
840 ; 38 ; 187 ; 12 ; [0.82437915754176427] ; [1.2231395099758191]
840 ; 38 ; 187 ; 24 ; [3.0747312700777596] ; [1.5903803691398228]
840 ; 38 ; 188 ; 0 ; [0.28541016042417183] ; [0.09202409785135944]
840 ; 38 ; 188 ; 1 ; [4.0177311103184445] ; [0.43611047112001072]
840 ; 38 ; 188 ; 7 ; [1.1081444412247345] ; [0.42224182740231286]
840 ; 38 ; 189 ; 0 ; [2.2110903366648893] ; [0.42349687674086772]
840 ; 38 ; 189 ; 1 ; [0.33219722496130355, 1.3768133315630695] ; [0.068272901327840405, 0.15728856969592273]
840 ; 38 ; 189 ; 3 ; [0.74188329649644713] ; [0.49392211428722771]
840 ; 38 ; 190 ; 0 ; [0.12773551991507071, 0.20803863117988802, 0.10813125847935909] ; [0.42041592616620033, 0.24128511516805082, 0.1995910664922339]
840 ; 38 ; 191 ; 0 ; [0.46515397556179777] ; [0.36021366751174033]
840 ; 38 ; 191 ; 1 ; [0.013976603859413513] ; [0.056231145713293414]
840 ; 38 ; 191 ; 3 ; [0.16249988913545224] ; [1.6068846967469506]
840 ; 38 ; 192 ; 0 ; [0.091144617993836982] ; [0.1266740975592161]
840 ; 38 ; 192 ; 1 ; [0.78314057711231011] ; [1.1090797009887985]
840 ; 38 ; 192 ; 2 ; [0.825126506065612] ; [0.40306886159442867]
840 ; 38 ; 193 ; 0 ; [0.15850482424015971, 0.37347497313799882, 0.32459407191622819] ; [0.21277724296361769, 0.52655820757599137, 0.2719620728703615]
840 ; 38 ; 194 ; 3 ; [1.3903933739298957] ; [1.6312856573347536]
840 ; 38 ; 194 ; 5 ; [0.063468772486610037] ; [0.6571086399318552]
840 ; 38 ; 194 ; 6 ; [2.1044299288486612] ; [0.30923100105620843]
840 ; 38 ; 194 ; 7 ; [0.8325226365805023] ; [1.0127036262319484]
840 ; 38 ; 194 ; 10 ; [1.7531696387247822] ; [1.5750200554828448]
840 ; 38 ; 195 ; 0 ; [0.8609912460594189] ; [0.2239194834384256]
840 ; 38 ; 195 ; 1 ; [0.47088020486786075] ; [0.69788730162552781]
840 ; 38 ; 195 ; 2 ; [2.303282393070702] ; [0.12785147199707811]
840 ; 38 ; 195 ; 4 ; [1.7398676128247834] ; [0.61077912324139672]
840 ; 38 ; 195 ; 12 ; [1.3578908925462636] ; [1.572545976145576]
840 ; 38 ; 195 ; 13 ; [0.98492680802970101] ; [1.3859354126998407]
840 ; 38 ; 195 ; 17 ; [2.0195209259790992] ; [0.87445469265546916]
840 ; 38 ; 195 ; 19 ; [1.364347098173778] ; [1.3358342590186136]
840 ; 38 ; 195 ; 20 ; [2.0779955519104147] ; [1.4278395613813988]
840 ; 38 ; 196 ; 0 ; [0.092464930221175093, 0.090101703713630577, 0.32363145483337352] ; [0.1894598234549372, 0.16700518516241386, 0.29636159686738944]
840 ; 38 ; 196 ; 1 ; [0.19674271459270051] ; [0.32811407367641804]
840 ; 38 ; 196 ; 2 ; [0.66903440980051665] ; [-0.048977717762018751]
840 ; 38 ; 197 ; 0 ; [0.059240978224684736, 0.077407823954895497] ; [0.30658145205383291, 0.16582017930192686]
840 ; 38 ; 198 ; 0 ; [0.013037928085927063, 0.13661542979849911, 0.031228602261491649] ; [0.30940566313225382, 0.43941962937288509, 0.29397353699143719]
840 ; 38 ; 198 ; 5 ; [1.3085712452886971] ; [0.017345152989457484]
840 ; 38 ; 199 ; 0 ; [0.43833521555784222] ; [0.11185129053408775]
840 ; 38 ; 199 ; 1 ; [1.9699183498176234] ; [0.62010709625081517]
840 ; 38 ; 199 ; 2 ; [1.9913200888626408] ; [0.4339467529367611]
840 ; 38 ; 199 ; 9 ; [0.38829649716154024] ; [0.41191730686406375]
840 ; 38 ; 199 ; 14 ; [0.16247244325663598] ; [0.28323812698021522]
840 ; 38 ; 200 ; 0 ; [1.7210157003228144, 0.2797418271962972, 0.087670290200111398, -0.033396365415288114] ; [0.17745027329313015, 0.36960952578889933, 0.21509891614258189, 0.15276852208012315]
840 ; 38 ; 200 ; 2 ; [0.024035509252114846] ; [0.14330957479786524]
840 ; 38 ; 200 ; 3 ; [0.029866927766527485] ; [-0.10483737479995398]
840 ; 38 ; 201 ; 0 ; [0.091924732902348219] ; [0.12344105717991488]
840 ; 38 ; 201 ; 2 ; [1.3337795379435882] ; [1.2307701891531104]
840 ; 38 ; 201 ; 6 ; [-0.226476612567273] ; [1.5571055719219853]
840 ; 38 ; 201 ; 7 ; [1.8911659296142347] ; [1.3804989747089091]
840 ; 38 ; 201 ; 10 ; [1.4880203554055829] ; [1.5300166887260453]
840 ; 38 ; 202 ; 0 ; [0.31147198931085018, 0.2396646088276301, 0.15982347405581346] ; [0.22031230455733344, 0.18860161515563856, 0.15298098119332906]
840 ; 38 ; 203 ; 0 ; [0.1849650651952324] ; [-0.0087838454348586927]
840 ; 38 ; 203 ; 3 ; [0.14866703987443847] ; [0.81696792100620086]
840 ; 38 ; 203 ; 7 ; [1.0502947547173831] ; [0.36941231614683279]
840 ; 38 ; 204 ; 1 ; [2.7220646080585538] ; [0.80486849774112634]
840 ; 38 ; 204 ; 3 ; [0.23240793845544963] ; [0.5239784251563403]
840 ; 38 ; 204 ; 6 ; [1.2900946713287795] ; [0.099333870409164943]
840 ; 38 ; 204 ; 10 ; [0.8041408862757401] ; [6.0013165027545483]
840 ; 38 ; 204 ; 15 ; [0.5194549724828591] ; [0.51003220448481479]
840 ; 38 ; 204 ; 16 ; [0.19353859565762896] ; [1.0688921909536138]
840 ; 38 ; 205 ; 0 ; [0.37354677536066466] ; [0.1501434477552423]
840 ; 38 ; 205 ; 1 ; [0.48440995869215309] ; [0.2495855269563492]
840 ; 38 ; 205 ; 4 ; [0.72856574136921948] ; [0.5214665523446802]
840 ; 38 ; 206 ; 0 ; [0.42110691196224415] ; [0.89871979053447293]
840 ; 38 ; 206 ; 11 ; [0.017104099654397447] ; [1.363349610129126]
840 ; 38 ; 206 ; 14 ; [0.030336084719176107] ; [1.743186480780909]
840 ; 38 ; 208 ; 0 ; [1.138164992055493] ; [0.42549406139672702]
840 ; 38 ; 208 ; 1 ; [0.79333672940134281] ; [0.54190942067043724]
840 ; 38 ; 208 ; 2 ; [2.3565371076878852] ; [1.0455980216187719]
840 ; 38 ; 208 ; 15 ; [1.0840373814537605] ; [2.485892801168053]
840 ; 38 ; 209 ; 0 ; [0.13263093735704659, 0.21260295122994266] ; [0.27826443008767188, 0.18808221732680802]
840 ; 38 ; 209 ; 1 ; [1.91210091562856] ; [0.065798544179010654]
840 ; 38 ; 210 ; 0 ; [2.1056908619916004] ; [0.88866031523611477]
840 ; 38 ; 210 ; 5 ; [0.41158781240600162] ; [1.4488176867456866]
840 ; 38 ; 210 ; 15 ; [0.91879626562429628] ; [1.0579784610530958]
840 ; 38 ; 210 ; 17 ; [0.35208965775125606] ; [0.49460039954589291]
840 ; 38 ; 210 ; 18 ; [0.30733477695026928] ; [0.87527545138345408]
840 ; 38 ; 211 ; 0 ; [0.029872498347418144, 0.13580342766505413, 0.11933512902816411, 0.23596961066225408] ; [0.24316057033993352, 0.32946649944218787, 0.4746589399208288, 0.090626011413648178]
840 ; 38 ; 211 ; 1 ; [0.035740780453650499] ; [0.14243396275684597]
840 ; 38 ; 211 ; 2 ; [0.3197851413429848] ; [-0.013721145745697046]
840 ; 38 ; 212 ; 0 ; [2.3965110450199756] ; [0.13181738011123778]
840 ; 38 ; 212 ; 3 ; [2.4656090294865254] ; [0.5342526811966043]
840 ; 38 ; 212 ; 6 ; [0.092664095765067414] ; [0.34386546606402674]
840 ; 38 ; 212 ; 7 ; [1.5448225386869674] ; [1.4240179158633381]
840 ; 38 ; 212 ; 13 ; [0.22247642307004481] ; [0.39661094309623279]
840 ; 38 ; 212 ; 20 ; [0.48034914576072474] ; [-0.010050757586121417]
840 ; 38 ; 212 ; 26 ; [2.1604855501540285] ; [1.0512015598989706]
840 ; 38 ; 212 ; 28 ; [0.29320247944702338] ; [0.26962224426063341]
840 ; 38 ; 212 ; 31 ; [0.36865402140689946] ; [2.3344129350775664]
840 ; 38 ; 213 ; 0 ; [0.29068221379271691, 0.54635112623390214] ; [0.18360666565312778, 0.73933908105392254]
840 ; 38 ; 213 ; 4 ; [0.35600170810784709] ; [0.14991263857580564]
840 ; 38 ; 213 ; 6 ; [0.085971100996758934] ; [0.025854656943673796]
840 ; 38 ; 214 ; 2 ; [1.2224540647817919] ; [1.1308360316609254]
840 ; 38 ; 214 ; 5 ; [0.22285467278083052] ; [0.40070006175773787]
840 ; 38 ; 214 ; 6 ; [1.6690001815905309] ; [-0.026416802115394721]
840 ; 38 ; 214 ; 10 ; [0.28695975689476927] ; [0.089084992544918973]
840 ; 38 ; 214 ; 13 ; [0.00039856104445677552] ; [3.8048407933235859]
840 ; 38 ; 214 ; 14 ; [0.046453645738767091] ; [0.029545749714409462]
840 ; 38 ; 214 ; 17 ; [1.4918948882012468] ; [-0.045939754722978288]
840 ; 38 ; 214 ; 18 ; [1.0277332921038334] ; [1.3063710571392217]
840 ; 38 ; 214 ; 19 ; [0.52055594990986909] ; [0.066727516693583372]
840 ; 38 ; 216 ; 0 ; [0.94494289432642653] ; [0.48305183098819215]
840 ; 38 ; 216 ; 1 ; [0.46860107602085566] ; [0.70272654690055913]
840 ; 38 ; 216 ; 2 ; [1.2463585920946501] ; [0.07159120103254496]
840 ; 38 ; 216 ; 13 ; [2.6391328719203635] ; [1.3586844968006404]
840 ; 38 ; 217 ; 0 ; [0.87332817762641812] ; [0.64423256378906191]
840 ; 38 ; 217 ; 1 ; [0.55082600735821419] ; [0.055824720704862184]
840 ; 38 ; 218 ; 3 ; [0.27867883131794835, 0.19960930806732108, 0.13761719577556342, 0.1684927578670489, 0.082610406621666008, 0.19912403613652221] ; [0.48714512790795422, 0.40049460612910842, 0.13084076517753315, 0.27081060696390474, 0.22866432454157198, 0.10329984657183568]
840 ; 38 ; 219 ; 1 ; [0.069821164370217292] ; [0.03765552785990664]
840 ; 38 ; 219 ; 3 ; [0.22945035858940657] ; [0.057231959541817319]
840 ; 38 ; 219 ; 5 ; [6.0707567816748114] ; [0.03393884350780222]
840 ; 38 ; 220 ; 0 ; [0.31476998995884048] ; [1.2836224060316404]
840 ; 38 ; 220 ; 1 ; [0.67715695663786013] ; [0.0057541586666978641]
840 ; 38 ; 220 ; 3 ; [1.4088328493680342] ; [3.0253638782742844]
840 ; 38 ; 220 ; 6 ; [5.1113952082874432] ; [1.6314838080728373]
840 ; 38 ; 220 ; 14 ; [1.9747896039648569] ; [1.0686335769988511]
840 ; 38 ; 220 ; 20 ; [4.3397073025639399] ; [2.380962318983094]
840 ; 38 ; 220 ; 23 ; [0.58482063081987345] ; [1.8470816611693823]
840 ; 38 ; 220 ; 24 ; [2.3080164773052196] ; [2.0312339438751414]
840 ; 38 ; 220 ; 25 ; [2.3657715555764538] ; [0.6396551222601764]
840 ; 38 ; 220 ; 26 ; [4.3786241231576444] ; [3.4182905948893625]
840 ; 38 ; 221 ; 1 ; [0.50591538163231109] ; [1.0791267482323252]
840 ; 38 ; 222 ; 0 ; [1.0617890284077804] ; [0.81594266545421501]
840 ; 38 ; 222 ; 3 ; [1.4723552567656135] ; [1.8405971516955519]
840 ; 38 ; 222 ; 4 ; [1.4045177553871626] ; [1.6883172668662534]
840 ; 38 ; 222 ; 5 ; [1.2109140011555797] ; [1.6801338626316846]
840 ; 38 ; 222 ; 6 ; [2.4232455243258721] ; [0.91940429060750051]
840 ; 38 ; 222 ; 12 ; [2.1785524602544335] ; [2.0241194007057408]
840 ; 38 ; 222 ; 13 ; [1.9012807026471574] ; [1.26999331325286]
840 ; 38 ; 222 ; 14 ; [1.5005593849796708] ; [0.62470035559972015]
840 ; 38 ; 222 ; 15 ; [1.3738461702766154] ; [0.94488568767886028]
840 ; 38 ; 222 ; 16 ; [1.8941828535746288] ; [1.6721960652083696]
840 ; 38 ; 222 ; 18 ; [1.9753173986987496] ; [2.4249969178976278]
840 ; 38 ; 222 ; 24 ; [2.1960387985219856] ; [0.46241944642402866]
840 ; 38 ; 223 ; 0 ; [0.27588807114851466] ; [0.073254498422912942]
840 ; 38 ; 223 ; 3 ; [1.7257710444634151] ; [0.12667978008892186]
840 ; 38 ; 223 ; 4 ; [0.80590099825301142] ; [0.90437114644096639]
840 ; 38 ; 223 ; 6 ; [0.71928676360163912] ; [0.29778460760576575]
840 ; 38 ; 223 ; 7 ; [1.8876650522846712] ; [1.6057738844844749]
840 ; 38 ; 223 ; 13 ; [2.2145898639172947] ; [4.3199811921685045]
840 ; 38 ; 223 ; 14 ; [0.62808911745263052] ; [1.2163893908459307]
840 ; 38 ; 223 ; 16 ; [3.1045702835255562] ; [1.3519166931865387]
840 ; 38 ; 223 ; 23 ; [2.0218138567081625] ; [2.0352249913076119]
840 ; 38 ; 223 ; 25 ; [1.2610684661404095] ; [0.9951446340046276]
840 ; 38 ; 223 ; 28 ; [0.25319145011017585] ; [1.2018676869252531]
840 ; 38 ; 223 ; 30 ; [0.84074204645331385] ; [0.33923073349186306]
840 ; 38 ; 224 ; 0 ; [1.2150188769518822, 1.5288868165829406] ; [0.20105728093367795, 0.37614811698256745]
840 ; 38 ; 224 ; 1 ; [1.4193977693570099] ; [0.088453983948686407]
840 ; 38 ; 224 ; 3 ; [1.1025041909681619] ; [1.4959791464977414]
840 ; 38 ; 224 ; 4 ; [1.3019324597158886] ; [1.2629016693086006]
840 ; 38 ; 224 ; 5 ; [1.4986124686907942] ; [0.1671861909268956]
840 ; 38 ; 224 ; 6 ; [1.6009278863399528] ; [0.89554257632802192]
840 ; 38 ; 224 ; 7 ; [1.3121619097344244] ; [0.51614671463452655]
840 ; 38 ; 225 ; 0 ; [0.05984069248568237] ; [0.017122463421562172]
840 ; 38 ; 225 ; 2 ; [0.73277865656156049] ; [1.2518821749050058]
840 ; 38 ; 226 ; 0 ; [0.087801016287187214] ; [0.075940474883767525]
840 ; 38 ; 226 ; 1 ; [0.69559348205798954] ; [0.99055236458090257]
840 ; 38 ; 226 ; 2 ; [1.0835652246500689] ; [0.59065050714416933]
840 ; 38 ; 226 ; 7 ; [0.44233625598712278] ; [0.65522326427930699]
840 ; 38 ; 227 ; 0 ; [0.49242576702384677, 0.70493499317482922, 0.53233973150872282, 0.59793944412120192] ; [0.36790677705192537, 0.25399634697323659, 0.55145149733155951, 0.42784571475147548]
840 ; 38 ; 228 ; 0 ; [0.84357975172277255] ; [0.36483439948272078]
840 ; 38 ; 228 ; 7 ; [0.36078269062896978] ; [0.70422488554724372]
840 ; 38 ; 229 ; 0 ; [0.28372990919081975] ; [0.27164833794052889]
840 ; 38 ; 229 ; 1 ; [0.053405552263062407] ; [0.027810617578802661]
840 ; 38 ; 229 ; 2 ; [3.3681975699819735] ; [-0.015819671969086881]
840 ; 38 ; 231 ; 0 ; [0.145042631892151, 0.083067863719194113, 0.26679829185501219, 0.43032465269650366] ; [0.15771663434741254, 0.18200844235008806, 0.26070773552728382, 0.77785649679935165]
840 ; 38 ; 231 ; 1 ; [0.11964224925995678, 0.49354673993053094] ; [0.25877961316259146, 0.61016121377078969]
840 ; 38 ; 231 ; 2 ; [0.30091184675144311] ; [0.26763096656489299]
840 ; 38 ; 231 ; 3 ; [0.21227200966360876] ; [0.030344177581949537]
840 ; 38 ; 232 ; 0 ; [0.6229238050873096] ; [0.50050040486927905]
840 ; 38 ; 233 ; 0 ; [2.443067757638937] ; [0.45218017883902745]
840 ; 38 ; 233 ; 1 ; [0.56430494188494962] ; [1.347015277527061]
840 ; 38 ; 233 ; 2 ; [0.0048179200786843228] ; [1.126909736345008]
840 ; 38 ; 234 ; 4 ; [0.94063165380821512] ; [0.97301901640300248]
840 ; 38 ; 234 ; 8 ; [0.9081736069570624] ; [1.5323905401696303]
840 ; 38 ; 234 ; 14 ; [1.2167854727457794] ; [1.2409255482075476]
840 ; 38 ; 235 ; 0 ; [0.32312417997647236, 0.27602176532344752, 0.093258293820903865] ; [0.2193498526567062, 0.28173799778689634, 0.25334017292743066]
840 ; 38 ; 235 ; 1 ; [0.85929533239463929] ; [0.22878686236957088]
840 ; 38 ; 235 ; 2 ; [0.13657834786214867] ; [0.12273892235159291]
840 ; 38 ; 235 ; 4 ; [-0.085636721214139622] ; [0.078985622902366812]
840 ; 38 ; 236 ; 0 ; [0.0031238895905807821, 0.042730545996026485] ; [-0.014833150720994928, 0.00024431772386593738]
840 ; 38 ; 238 ; 0 ; [0.22027574009222886] ; [0.16915462437014742]
840 ; 38 ; 238 ; 1 ; [0.50039023693880613] ; [0.33627961841355747]
840 ; 38 ; 238 ; 3 ; [0.43576133241161302] ; [-0.032519516670290703]
840 ; 38 ; 240 ; 0 ; [0.44088272662430372] ; [0.88060580713603964]
840 ; 38 ; 240 ; 1 ; [1.1442635062911604] ; [0.89048819394501277]
840 ; 38 ; 240 ; 2 ; [0.46980127613457284] ; [0.4947187116130437]
840 ; 38 ; 240 ; 3 ; [0.90986016340958942] ; [0.06850999434570787]
840 ; 38 ; 240 ; 4 ; [1.312906107928641] ; [0.77065449122679686]
840 ; 38 ; 240 ; 8 ; [0.12801347790186504] ; [0.61159504662524611]
840 ; 38 ; 240 ; 9 ; [0.028251595481552413] ; [0.32043568341698103]
840 ; 38 ; 240 ; 14 ; [1.8358867455615799] ; [1.5454277119884219]
840 ; 38 ; 241 ; 0 ; [0.29991368810033686, 0.30749091551630037] ; [0.044981706273697755, 0.31172278398113834]
840 ; 38 ; 241 ; 1 ; [0.15386741212173138] ; [0.60025559132669515]
840 ; 38 ; 241 ; 2 ; [2.2060529856981845] ; [0.52610340214621887]
840 ; 38 ; 241 ; 6 ; [1.347425400188933] ; [0.8927043990244542]
840 ; 38 ; 242 ; 0 ; [0.27993280182702063, 0.028002788658917109, -0.0014953534039880072, 0.03312649334512946] ; [0.15285398986461904, 0.31197489605422912, 0.28752712142109699, 0.067180144090828092]
840 ; 38 ; 242 ; 1 ; [0.63835546658794406, 0.099911705578105095] ; [0.076647807645849386, 0.20325861020842231]
840 ; 38 ; 243 ; 0 ; [0.16863608064482336] ; [0.026015973421793157]
840 ; 38 ; 245 ; 0 ; [0.22373744155939607, 0.5132666337078452] ; [0.16796255261676921, 0.3615289735808172]
840 ; 38 ; 245 ; 2 ; [0.23140859027656321, 0.093507577003231812] ; [0.20895427925599241, 0.17903987521575507]
840 ; 38 ; 246 ; 0 ; [0.097095184037194485] ; [0.10982226197884468]
840 ; 38 ; 247 ; 0 ; [0.11440465962099523] ; [1.5344697773165636]
840 ; 38 ; 247 ; 1 ; [0.69564973753106363] ; [0.19112722041524025]
840 ; 38 ; 247 ; 2 ; [0.14714549112051339] ; [0.071705390776667391]
840 ; 38 ; 247 ; 4 ; [0.13604526758669985] ; [0.17482517085736862]
840 ; 38 ; 248 ; 0 ; [0.77073314847680663] ; [1.1870788407637543]
840 ; 38 ; 248 ; 1 ; [1.081487961573167] ; [2.6775463550795253]
840 ; 38 ; 248 ; 4 ; [2.4049172423255891] ; [3.7612233129647707]
840 ; 38 ; 248 ; 5 ; [1.4915352136894784] ; [5.7020713091743929]
840 ; 38 ; 248 ; 8 ; [2.1285472351803012] ; [9.1869247377185097]
840 ; 38 ; 248 ; 9 ; [3.8905965972073502] ; [1.9367405390111889]
840 ; 38 ; 248 ; 10 ; [0.20304682951929229] ; [1.8681305501200824]
840 ; 38 ; 248 ; 11 ; [0.20064208671057959] ; [3.8978432867267578]
840 ; 38 ; 248 ; 12 ; [0.15942251320303802] ; [1.2035361525075663]
840 ; 38 ; 248 ; 15 ; [0.084349170664796233] ; [2.5179218215900789]
840 ; 38 ; 248 ; 16 ; [0.94028325819470715] ; [5.3526077657304798]
840 ; 38 ; 248 ; 19 ; [0.040439483857292131] ; [3.1001655956216618]
840 ; 38 ; 248 ; 24 ; [2.3277136875154789] ; [1.9087819524330247]
840 ; 38 ; 248 ; 29 ; [0.66596526311726401] ; [2.0577664685746657]
840 ; 38 ; 248 ; 30 ; [3.5729288254466032] ; [3.1916299593620057]
840 ; 38 ; 248 ; 34 ; [0.11114629342483547] ; [5.223038505982589]
840 ; 38 ; 248 ; 35 ; [0.17924734790697291] ; [2.2185536850077248]
840 ; 38 ; 248 ; 38 ; [2.5719737702951044] ; [4.9377110245047051]
840 ; 38 ; 248 ; 39 ; [4.6093720223592998] ; [4.7474098707274681]
840 ; 38 ; 249 ; 0 ; [0.319682019456837, 0.10568403927910529] ; [0.20778781845358923, 0.35624033056923671]
840 ; 38 ; 249 ; 1 ; [0.19908609484884118, 0.090218547071319197] ; [0.17080429490392757, 0.6490415952418358]
840 ; 38 ; 249 ; 2 ; [0.016885952477685054] ; [0.30021025676263491]
840 ; 38 ; 249 ; 3 ; [0.89719392851648216] ; [0.24057506080393848]
840 ; 38 ; 250 ; 2 ; [1.081197331350773] ; [0.88161988811604286]
840 ; 38 ; 250 ; 5 ; [3.9557763662814294] ; [2.7613723610218268]
840 ; 38 ; 250 ; 7 ; [0.75760170198566268] ; [2.1779452432960649]
840 ; 38 ; 250 ; 8 ; [0.2720718794903188] ; [0.063811442778194241]
840 ; 38 ; 250 ; 13 ; [0.8505589138192523] ; [1.5758729847390727]
840 ; 38 ; 251 ; 0 ; [0.12559537179311653, 0.31594093041909993, 0.15079559918921098] ; [0.18107111582577518, 0.25411601832607927, 0.24723670255009064]
840 ; 38 ; 253 ; 0 ; [0.013115301488655931, -0.0051432847971860582] ; [0.23339655078609317, 0.19127301269926286]
840 ; 38 ; 253 ; 1 ; [0.21737267104028044] ; [0.058281499593073646]
840 ; 38 ; 254 ; 3 ; [2.1890709396812276] ; [0.95033873804085256]
840 ; 38 ; 255 ; 2 ; [0.87775002877374086, 0.75182334606955625, 0.085568382126334289] ; [0.67391844880835861, 0.63580550050591855, 0.23777965557255948]
840 ; 38 ; 256 ; 0 ; [0.59221879007115485] ; [0.69492400701163359]
840 ; 38 ; 256 ; 5 ; [-0.051385021449465232] ; [1.2626485090885988]
840 ; 38 ; 257 ; 0 ; [1.8452043550527106] ; [0.33101247270801254]
840 ; 38 ; 257 ; 2 ; [0.49803510738583251] ; [1.9394629834326003]
840 ; 38 ; 257 ; 4 ; [0.068906882305504208] ; [0.35096362975318213]
840 ; 38 ; 257 ; 6 ; [0.97400105651772995] ; [1.0508278947491947]
840 ; 38 ; 257 ; 9 ; [1.1437562834353636] ; [2.468415412616265]
840 ; 38 ; 257 ; 13 ; [4.0550306348195928] ; [1.5913662107338884]
840 ; 38 ; 258 ; 0 ; [0.093838390025021173, -0.077750485393175806, 0.13239384538966129] ; [0.36417660701091187, 0.52859308193568555, 0.26730603802253805]
840 ; 38 ; 258 ; 1 ; [0.53075195459565416] ; [0.018157497458703674]
840 ; 38 ; 258 ; 2 ; [-0.017566536261639787] ; [0.011075370888861067]
840 ; 38 ; 258 ; 4 ; [0.87329464778411237] ; [1.1205410676831589]
840 ; 38 ; 259 ; 0 ; [0.024120483753783069, 1.0802322187214599] ; [0.11960352544484429, 0.74626042884513]
840 ; 38 ; 259 ; 2 ; [0.6463619194578285] ; [0.22714260162063965]
840 ; 38 ; 259 ; 4 ; [2.0656146271547895] ; [0.22060263567493518]
840 ; 38 ; 259 ; 5 ; [0.43089442874134182] ; [-0.58374600863013493]
840 ; 38 ; 259 ; 6 ; [0.66300513421986607] ; [1.2280197297601945]
840 ; 38 ; 259 ; 9 ; [0.60083269368215786] ; [0.66743503106266411]
840 ; 38 ; 259 ; 11 ; [0.037811324975355859] ; [0.21148662059610127]
840 ; 38 ; 260 ; 0 ; [0.019872907414474388, 0.049729029380978312, 0.016033856611749109] ; [0.28558399069089696, 0.25156353436756346, 0.093339269188233986]
840 ; 38 ; 260 ; 1 ; [-0.11413324300037231] ; [0.096403868023485259]
840 ; 38 ; 260 ; 2 ; [-0.20667865444276817] ; [0.42015893903147333]
840 ; 38 ; 261 ; 0 ; [0.5613015941885181] ; [0.41677159100074063]
840 ; 38 ; 261 ; 1 ; [0.66667037532478868] ; [0.33756381671356128]
840 ; 38 ; 262 ; 0 ; [0.74728701608795833] ; [0.64886153758169585]
840 ; 38 ; 262 ; 1 ; [0.33987119903672236] ; [0.52878916058947989]
840 ; 38 ; 262 ; 2 ; [29.6019758907631] ; [0.47819876118147325]
840 ; 38 ; 263 ; 0 ; [0.25766931731464326, 0.37081688631444287] ; [0.22645027617107089, 0.25448190584105151]
840 ; 38 ; 263 ; 1 ; [0.44169665303796096, 0.2763175283270608] ; [0.54312065212172445, 0.13080253157008745]
840 ; 38 ; 263 ; 3 ; [1.1727841540523778] ; [-0.0029997763744942256]
840 ; 38 ; 264 ; 0 ; [0.30932505294674867, 0.29288090577483211, 0.45611345573524592, 0.35397081516184958, 0.79276454256134377] ; [0.21114895743965434, 0.25724116681003945, 0.16189822209948246, 0.33312734127592636, 0.33531129870113918]
840 ; 38 ; 264 ; 4 ; [0.014723664957969316] ; [1.3178168849979419]
840 ; 38 ; 265 ; 2 ; [0.86555065956892718] ; [0.51227947324116696]
840 ; 38 ; 266 ; 0 ; [0.23091286998642671] ; [0.091298066549354878]
840 ; 38 ; 266 ; 1 ; [0.28288277600945194] ; [-0.0072319304594884899]
840 ; 38 ; 266 ; 6 ; [0.09089433295324291] ; [0.29376399272873005]
840 ; 38 ; 267 ; 2 ; [0.15476260384711674, 0.23679586718924667, 0.363765376241939] ; [0.18749201742668964, 0.26445174255923298, 0.29959161446525218]
840 ; 38 ; 267 ; 3 ; [0.48013631140949581] ; [0.22921288176507817]
840 ; 38 ; 268 ; 0 ; [0.10891676450578455, 0.1611535497446184, 0.14481085926249571] ; [0.20205217554881658, 0.17609489765857655, 0.26848656175634206]
840 ; 38 ; 269 ; 0 ; [0.077354943930651343] ; [0.28824235266022585]
840 ; 38 ; 269 ; 2 ; [0.22301149391469627] ; [0.21825756598162846]
840 ; 38 ; 269 ; 3 ; [0.034068663848298694] ; [0.59408381827013568]
840 ; 38 ; 269 ; 4 ; [1.9939220389720076] ; [0.10586326291509573]
840 ; 38 ; 269 ; 5 ; [0.15942743666499842] ; [0.096363703586332866]
840 ; 38 ; 269 ; 6 ; [2.5279548908260101] ; [0.18548053832983155]
840 ; 38 ; 269 ; 7 ; [0.79345101005596375] ; [0.16942717469865567]
840 ; 38 ; 269 ; 8 ; [2.3042828838414389] ; [2.8780419190674897]
840 ; 38 ; 269 ; 9 ; [0.61591275720347538] ; [0.28400915628042755]
840 ; 38 ; 269 ; 10 ; [0.76242046955463083] ; [2.046977518514804]
840 ; 38 ; 269 ; 11 ; [2.120390116089693] ; [0.86869770332848695]
840 ; 38 ; 269 ; 18 ; [1.7743944445537225] ; [2.2115203958004344]
840 ; 38 ; 269 ; 19 ; [1.27033297765035] ; [2.8223093203946488]
840 ; 38 ; 269 ; 20 ; [2.3718046941899931] ; [2.0604517344174851]
840 ; 38 ; 269 ; 22 ; [1.8827389954961988] ; [11.18382602547066]
840 ; 38 ; 269 ; 24 ; [1.9249046973524813] ; [0.80208303611238763]
840 ; 38 ; 271 ; 0 ; [0.56219208646075347, 0.48653085195625295, 0.2926091628424386] ; [0.2345342415208829, 0.40112156329286791, 0.33715031127163947]
840 ; 38 ; 272 ; 0 ; [0.056899181377751129, 0.11522127602250187, 0.29792036405253386, 0.087808215002870671] ; [0.20903649057075777, 0.23594252939164548, 0.24760436102555838, 0.23076916183611976]
840 ; 38 ; 274 ; 3 ; [1.8552468249927432] ; [0.94584948307315397]
840 ; 38 ; 274 ; 4 ; [2.7276539522273175] ; [1.3917761296629851]
840 ; 38 ; 274 ; 9 ; [1.6399685839887055] ; [2.0346013904987372]
840 ; 38 ; 274 ; 11 ; [1.1176890248638756] ; [5.0211029310401551]
840 ; 38 ; 274 ; 12 ; [2.0234785083145224] ; [1.4350509913317002]
840 ; 38 ; 275 ; 0 ; [0.86855590757300116] ; [0.056946535781157416]
840 ; 38 ; 276 ; 0 ; [0.077895841797672366] ; [0.0042146498578616827]
840 ; 38 ; 277 ; 0 ; [0.5291194158886473] ; [0.12781576865433192]
840 ; 38 ; 277 ; 1 ; [0.12486260297785141] ; [0.13750263520153552]
840 ; 38 ; 277 ; 2 ; [0.027076551295922058] ; [0.28592690678213029]
840 ; 38 ; 277 ; 3 ; [0.25563213459909423] ; [0.15108548717050635]
840 ; 38 ; 277 ; 11 ; [0.79188167885282346] ; [1.1448805843917567]
840 ; 38 ; 278 ; 7 ; [1.6435019425493045] ; [0.47982321369741271]
840 ; 38 ; 279 ; 0 ; [0.16496534179240477, 0.68392435433388055] ; [0.47757781965684665, 0.19674711849213747]
840 ; 38 ; 279 ; 1 ; [0.075468561823004265] ; [-0.021867430318474396]
840 ; 38 ; 280 ; 0 ; [0.0023479828389594707, 0.022541288307610916, 0.01828341277547756, 0.0088455551495660589] ; [0.22425267953667818, 0.2224657408175183, 0.26785476765994959, 0.083272180973317123]
840 ; 38 ; 282 ; 0 ; [0.063078978225906954, -0.032687168997365783] ; [0.2023913915638339, -0.01109527466531505]
840 ; 38 ; 282 ; 1 ; [0.038875711396521566] ; [0.003901649700018169]
840 ; 38 ; 283 ; 0 ; [0.081654365607003412, 0.06949253219245978, 0.12059022941229207, 0.083070067941757877] ; [0.16657911503130954, 0.19628818453893693, 0.41175007758611121, 0.15813759639476696]
840 ; 38 ; 283 ; 1 ; [0.11009673182493269] ; [0.21762272478918576]
840 ; 38 ; 283 ; 2 ; [0.17675283075439957] ; [0.0038403014279259052]
840 ; 38 ; 285 ; 0 ; [0.32038331940412756] ; [0.37541976902843016]
840 ; 38 ; 285 ; 2 ; [5.6095150117521513] ; [0.46747229761650394]
840 ; 38 ; 285 ; 4 ; [0.45629109184317929] ; [0.44069603629061149]
840 ; 38 ; 285 ; 7 ; [1.339933049029123] ; [1.668018343184211]
840 ; 38 ; 285 ; 13 ; [0.50592379250097685] ; [0.9179887938135014]
840 ; 38 ; 286 ; 0 ; [0.31615604091753469] ; [0.24086959599983501]
840 ; 38 ; 286 ; 6 ; [0.25861446802626425] ; [0.95034509335496842]
840 ; 38 ; 286 ; 7 ; [0.72545410172490776] ; [0.42661168421615003]
840 ; 38 ; 288 ; 0 ; [0.66802860959063814, 0.010951632563623262, 0.0042490939376580543, 0.096893846415660678] ; [0.1538278015986943, 0.083860260785097077, 0.21128147606327968, 0.12190200202809061]
840 ; 38 ; 288 ; 1 ; [0.062523912492367995] ; [0.52398444427742064]
840 ; 38 ; 289 ; 0 ; [1.6807497980089281] ; [0.83058355988453647]
840 ; 38 ; 289 ; 1 ; [0.25596419917756391] ; [0.49258768658984714]
840 ; 38 ; 289 ; 2 ; [0.3385414888264604] ; [0.52894148534626961]
840 ; 38 ; 289 ; 4 ; [-0.0025514202136895634] ; [0.35465359597375912]
840 ; 38 ; 291 ; 0 ; [0.018275754971040642] ; [0.24178970029603389]
840 ; 38 ; 291 ; 1 ; [0.48014769931205292] ; [0.12683923315505549]
840 ; 38 ; 291 ; 2 ; [1.1338763211419853] ; [0.31279894682524967]
840 ; 38 ; 291 ; 3 ; [0.073837484401686096] ; [0.25906158183886902]
840 ; 38 ; 291 ; 4 ; [0.10138320391383247] ; [0.20039851444702655]
840 ; 38 ; 291 ; 5 ; [0.081915225478454687] ; [-0.022874535106976547]
840 ; 38 ; 292 ; 0 ; [0.16582279777506995, 0.23105136389839256, 0.16119270291821639, 0.054813885842942771] ; [0.28807892915760958, 0.14969903052658734, 0.18026021613245455, 0.13663233608466968]
840 ; 38 ; 292 ; 1 ; [0.4544454606167016, 0.14180575678791071] ; [0.13764829719656138, 0.12199946850778558]
840 ; 38 ; 293 ; 0 ; [0.36141458604666854, 0.46790910628192667] ; [0.22140516157581228, 0.33290944450839771]
840 ; 38 ; 293 ; 1 ; [0.23852202654329338] ; [0.26266214207812461]
840 ; 38 ; 293 ; 6 ; [1.0325554747706107] ; [0.39694060864261532]
840 ; 38 ; 293 ; 12 ; [0.86287239146675199] ; [1.4857440764870851]
840 ; 38 ; 293 ; 13 ; [1.8656979411078281] ; [2.5656357170957325]
840 ; 38 ; 295 ; 0 ; [0.04692159782944974, 0.015789441714423834, 0.035467752593983916] ; [0.20259227095023191, 0.19236810862973905, 0.21299275932328582]
840 ; 38 ; 296 ; 0 ; [0.15831598193330826] ; [0.026758769097775918]
840 ; 38 ; 296 ; 1 ; [0.20864409540188245] ; [0.2706387654746007]
840 ; 38 ; 297 ; 0 ; [0.2643016132458893, 0.29169692039507072, 0.14324945338150835, 0.03880058726451048] ; [0.17152181940955755, 0.16776460204175886, 0.4339984329048675, 0.27157398657513832]
840 ; 38 ; 298 ; 0 ; [0.54645474124383386] ; [0.00077444123210856214]
840 ; 38 ; 298 ; 3 ; [0.036765227872206915] ; [0.8436534353245243]
840 ; 38 ; 298 ; 5 ; [0.80341568779938199] ; [0.044508461774871284]
840 ; 38 ; 299 ; 0 ; [0.11778508634263642] ; [0.063812708625178141]
840 ; 38 ; 299 ; 1 ; [0.40533610366743428] ; [2.7631145295377393]
840 ; 38 ; 300 ; 0 ; [0.70079836658495009] ; [0.36920742710613264]
840 ; 38 ; 300 ; 1 ; [0.087551224665813165] ; [0.44495130498668345]
840 ; 38 ; 300 ; 3 ; [0.83530156671727451] ; [0.32028750909411591]
840 ; 38 ; 300 ; 7 ; [0.22490242891708104] ; [0.00087024985125210561]
840 ; 38 ; 300 ; 9 ; [0.28994614994351137] ; [1.1026143902020622]
840 ; 38 ; 301 ; 0 ; [0.10600212392780031, 0.55736506638025973] ; [0.63578211753874736, 1.4094683566987474]
840 ; 38 ; 301 ; 1 ; [0.078362020268054264] ; [-0.0030900453210525856]
840 ; 38 ; 301 ; 2 ; [-0.037943796479667849] ; [0.060800650189023808]
840 ; 38 ; 302 ; 0 ; [0.27212412358175475, 0.14960290927953798, 0.084979788451861396, 0.1013481772452251] ; [0.23092063380593761, 0.17527595250383046, 0.16048576519567823, 0.068959407888990895]
840 ; 38 ; 303 ; 0 ; [0.11260344929335565] ; [0.54853454709704574]
840 ; 38 ; 303 ; 1 ; [0.86427924277502965] ; [0.48357055638126417]
840 ; 38 ; 304 ; 0 ; [0.53420494581521571] ; [0.011910721920099282]
840 ; 38 ; 304 ; 1 ; [-0.026142969758730886, 0.034465562829171306] ; [1.148702543421144, 0.25748837456250662]
840 ; 38 ; 304 ; 2 ; [0.12709850155321856] ; [4.6975469962310816]
840 ; 38 ; 304 ; 3 ; [5.7474580428981294] ; [1.187294842039033]
840 ; 38 ; 304 ; 4 ; [0.21654650408780995] ; [3.1336845645317055]
840 ; 38 ; 304 ; 5 ; [0.057871098522956479] ; [0.25191566135450527]
840 ; 38 ; 305 ; 0 ; [0.20619840252445865, 0.60173935542300694, 0.33031539637950652, 0.14013049378861905] ; [0.2075890429978868, 0.58104554937336539, 0.31425493928802611, 0.23566049746105475]
840 ; 38 ; 305 ; 1 ; [0.18806432446941121] ; [-0.00076455769184669497]
840 ; 38 ; 306 ; 0 ; [0.039395954514609574, 0.0055381826241949917, -0.0038315335518036499, 0.053001795279812573, -0.015381376302856803] ; [0.1861111779726643, 0.16428761473252457, 0.24179863744419797, 0.22358799717926178, 0.10426924766965057]
840 ; 38 ; 307 ; 0 ; [0.28593764706828734] ; [0.25123879151782241]
840 ; 38 ; 307 ; 4 ; [2.716003522261409] ; [1.0373464667444849]
840 ; 38 ; 307 ; 13 ; [0.6253668106751481, 0.16765653299524055] ; [0.5584578452814134, 0.41462627358264892]
840 ; 38 ; 307 ; 14 ; [2.2358373841984376] ; [1.0699590318458287]
840 ; 38 ; 307 ; 15 ; [2.042819734711653] ; [0.064237936486759892]
840 ; 38 ; 307 ; 16 ; [0.41439442423853828] ; [-0.036483805974108614]
840 ; 38 ; 308 ; 0 ; [1.130138770266077, 0.16810489113405905] ; [0.15536226292832231, 0.23509312713559821]
840 ; 38 ; 308 ; 3 ; [1.078489612102721] ; [3.7304603502348157]
840 ; 38 ; 309 ; 0 ; [0.19671973571327142, 0.4359771023079716] ; [0.23724348746679996, 0.16793568197142295]
840 ; 38 ; 309 ; 2 ; [1.3558847334268349] ; [0.80400082356844327]
840 ; 38 ; 309 ; 6 ; [0.53483254437429517] ; [1.2308955019346186]
840 ; 38 ; 309 ; 7 ; [1.7255533240797463] ; [1.6508338571697123]
840 ; 38 ; 309 ; 8 ; [1.0028475636506609] ; [1.0175324615935022]
840 ; 38 ; 309 ; 9 ; [1.5581755856882806] ; [0.84033517188209428]
840 ; 38 ; 309 ; 11 ; [0.46885513615262919] ; [0.57457768760575889]
840 ; 38 ; 309 ; 12 ; [0.17170596931431276] ; [0.99800345152844605]
840 ; 38 ; 309 ; 23 ; [0.81015022479873777] ; [2.6405319475604561]
840 ; 38 ; 310 ; 0 ; [0.14901293461900958] ; [0.10861632865708502]
840 ; 38 ; 310 ; 1 ; [0.057013027238559555] ; [0.14645901302284725]
840 ; 38 ; 310 ; 2 ; [1.4957422117243044] ; [0.80427236184447271]
840 ; 38 ; 310 ; 4 ; [1.0272460759105937] ; [1.495742474027359]
840 ; 38 ; 311 ; 0 ; [0.11613556815602816] ; [0.13163467965348896]
840 ; 38 ; 311 ; 1 ; [0.46606743163852898] ; [5.9993064871219692]
840 ; 38 ; 311 ; 2 ; [1.6932301091265445] ; [1.6153956145757871]
840 ; 38 ; 311 ; 3 ; [0.19422993388892035] ; [2.2993887249553153]
840 ; 38 ; 312 ; 1 ; [0.053016273251173369] ; [1.0702989382224206]
840 ; 38 ; 312 ; 5 ; [0.089547013421621247] ; [2.239620802444505]
840 ; 38 ; 312 ; 6 ; [1.6706637677146177] ; [1.2890832052771464]
840 ; 38 ; 312 ; 9 ; [2.1131110610291715] ; [2.7153671327943227]
840 ; 38 ; 312 ; 11 ; [0.98381378819678988] ; [2.2380583237456571]
840 ; 38 ; 312 ; 14 ; [1.9826356031937569] ; [1.7090861392906909]
840 ; 38 ; 312 ; 16 ; [1.8651198473823694] ; [0.82155332018696503]
840 ; 38 ; 312 ; 18 ; [2.199922704809377] ; [2.0676341863434162]
840 ; 38 ; 313 ; 0 ; [1.674052862998292] ; [0.17593524797411356]
840 ; 38 ; 313 ; 2 ; [2.5258852383806101] ; [3.2285848949144529]
840 ; 38 ; 314 ; 0 ; [0.098100399061670313] ; [0.42199741171317423]
840 ; 38 ; 314 ; 2 ; [0.56849315128871936] ; [0.8444968066705475]
840 ; 38 ; 315 ; 0 ; [3.77576829190214] ; [2.5224473018771358]
840 ; 38 ; 315 ; 1 ; [2.2854458031155014] ; [1.8422663254063945]
840 ; 38 ; 315 ; 2 ; [0.048636379549044276] ; [0.38792054541392235]
840 ; 38 ; 315 ; 3 ; [6.0661602677401723] ; [0.51479373694295483]
840 ; 38 ; 317 ; 2 ; [0.018937789678637362] ; [0.64563843619915284]
840 ; 38 ; 317 ; 6 ; [1.9860733838404605] ; [1.1311215191636743]
840 ; 38 ; 317 ; 12 ; [0.86926465941639242] ; [2.0100328050713676]
840 ; 38 ; 318 ; 2 ; [0.54005853539461601] ; [0.25349112802055984]
840 ; 38 ; 319 ; 1 ; [0.55418683211111663] ; [0.33028725228604633]
840 ; 38 ; 319 ; 2 ; [0.0048571445061215248] ; [0.49845023168495917]
840 ; 38 ; 319 ; 4 ; [0.68532373737120145] ; [0.67458949242566446]
840 ; 38 ; 320 ; 0 ; [0.13267931408649489, 0.11467727601319128, 0.080200409517524746] ; [0.52689535813022637, 0.2302716383720578, 0.19634195059228998]
840 ; 38 ; 320 ; 1 ; [0.81985806472054745] ; [0.24386275445739794]
840 ; 38 ; 321 ; 0 ; [0.2336296264735207, 0.19627897974220032, 0.24185881995165404, 1.454782011346915] ; [0.29792100392093723, 0.259401849506676, 0.30286439227153689, 0.060758645745184185]
840 ; 38 ; 321 ; 1 ; [0.88415086123015796] ; [0.23599472886957049]
840 ; 38 ; 322 ; 0 ; [0.3834519250977147, 0.15401563702114435, 0.067898439875092365] ; [0.40318011498994205, 0.30856070203847802, 0.30449024107242662]
840 ; 38 ; 322 ; 1 ; [0.035474145865735447] ; [0.18037304554599898]
840 ; 38 ; 323 ; 0 ; [0.23343275806021183, 0.067306392980511678, 0.14171706363318828, 0.1620276883485525] ; [0.17325024226026578, 0.2021807654982932, 0.25059472368284558, 0.20923656908684798]
840 ; 38 ; 324 ; 0 ; [0.51815749442143233, 0.96914694717293204] ; [0.26313413695101823, 0.19036679437774401]
840 ; 38 ; 324 ; 1 ; [1.8828690804838073] ; [0.4679075173368395]
840 ; 38 ; 324 ; 2 ; [1.7470553327211717] ; [1.4208212792249029]
840 ; 38 ; 324 ; 3 ; [1.8141005426429473] ; [1.9955334847676849]
840 ; 38 ; 324 ; 5 ; [1.6355378793702691] ; [1.7846280293974877]
840 ; 38 ; 324 ; 8 ; [0.33484765956850848] ; [0.82940825035989563]
840 ; 38 ; 324 ; 9 ; [0.60529605116031182] ; [0.144522329352329]
840 ; 38 ; 324 ; 10 ; [1.3731672093017711] ; [2.4728796287570636]
840 ; 38 ; 324 ; 11 ; [0.48738051124780774] ; [1.3470701894067934]
840 ; 38 ; 324 ; 12 ; [0.62884052948449687] ; [0.61213151258775345]
840 ; 38 ; 324 ; 13 ; [2.2016806811181491] ; [1.723570172678303]
840 ; 38 ; 324 ; 15 ; [2.4873841035540378] ; [1.5053202218543424]
840 ; 38 ; 325 ; 0 ; [0.39417593033765436] ; [0.61692018775718094]
840 ; 38 ; 326 ; 0 ; [0.22858481080167242, 0.16021940531941758, 0.13282141026995398] ; [0.22206771702716505, 0.19975824327582617, 0.13823606064930846]
840 ; 38 ; 327 ; 1 ; [1.3284587266462584] ; [2.0038010288675747]
840 ; 38 ; 327 ; 4 ; [1.415234283778223] ; [1.3447658794044499]
840 ; 38 ; 327 ; 5 ; [1.5526268671976897] ; [1.4236262267210023]
840 ; 38 ; 328 ; 0 ; [2.9527487543555675] ; [0.074303923169281069]
840 ; 38 ; 328 ; 1 ; [0.80800703978384825] ; [0.9946129357286364]
840 ; 38 ; 328 ; 2 ; [0.90372735548868577] ; [1.8625039081800143]
840 ; 38 ; 328 ; 8 ; [-0.15857053174861285] ; [0.80403198118129959]
840 ; 38 ; 329 ; 0 ; [0.083529699313561329] ; [0.16652853455436586]
840 ; 38 ; 329 ; 1 ; [0.01410036591767436, 0.0057965333888828968, -0.0053142156083221502] ; [0.19279387926816, 0.19083189211490076, 0.10982954839139521]
840 ; 38 ; 330 ; 0 ; [0.2021921110066317] ; [0.045155481191720019]
840 ; 38 ; 330 ; 2 ; [1.9962455089287725] ; [1.1267721625803944]
840 ; 38 ; 330 ; 18 ; [0.55826922542914759] ; [0.81674058001573657]
840 ; 38 ; 331 ; 0 ; [0.20474142241568974] ; [0.16987593381972355]
840 ; 38 ; 331 ; 1 ; [0.10539359413615769, 0.42322720001352832, 0.0075291225415146674, 0.065042806076188564, -0.0064481231629304496] ; [0.12693357474958836, 0.33632668335520977, 0.20661199696620602, 0.1792681170495235, 0.1683722765850606]
840 ; 38 ; 333 ; 0 ; [0.12814274035782688, 0.11183106110174519] ; [0.2649901270792156, 0.14613070104260023]
840 ; 38 ; 333 ; 1 ; [0.23103872349368251] ; [0.011403367782594881]
840 ; 38 ; 334 ; 0 ; [0.22136542419477001] ; [0.39603657786561103]
840 ; 38 ; 334 ; 2 ; [0.03797995982695463] ; [0.3766010150148994]
840 ; 38 ; 334 ; 8 ; [0.44430334025869839] ; [1.4709361659783209]
840 ; 38 ; 334 ; 12 ; [0.32615859726474516] ; [0.90547665647182807]