# Run ; Subrun ; Event ; Track ; Charge Ratios View 0 ; Charge Ratios View 1 #
840 ; 79 ; 0 ; 0 ; [1.2652926862774592, 0.065748799493513616] ; [0.53298584981927766, 0.10304340675486763]
840 ; 79 ; 1 ; 0 ; [0.8842093772428693] ; [0.79271597000420679]
840 ; 79 ; 1 ; 2 ; [0.24733516884899442] ; [0.79269607934266051]
840 ; 79 ; 1 ; 5 ; [1.3939758754447076] ; [1.0263099535892426]
840 ; 79 ; 1 ; 6 ; [1.0994373915826172] ; [0.40794296839018063]
840 ; 79 ; 1 ; 8 ; [1.1531488839384172] ; [0.18646813396241346]
840 ; 79 ; 1 ; 11 ; [1.1512384597487695] ; [0.70397632863447834]
840 ; 79 ; 2 ; 0 ; [0.23993941332924321] ; [1.4193346339899775]
840 ; 79 ; 2 ; 1 ; [0.32245891869469095] ; [0.50117955835913097]
840 ; 79 ; 2 ; 2 ; [0.89460672824442466] ; [0.85918257978180634]
840 ; 79 ; 2 ; 5 ; [0.026491379855637643] ; [0.94459139405402948]
840 ; 79 ; 2 ; 6 ; [0.49785880316327347] ; [0.97375195710266171]
840 ; 79 ; 2 ; 7 ; [0.98673318782604358] ; [3.5549105204163882]
840 ; 79 ; 2 ; 9 ; [0.50511509278713984] ; [6.3231265376966173]
840 ; 79 ; 2 ; 14 ; [0.99503678333366663] ; [1.6837905771618138]
840 ; 79 ; 2 ; 15 ; [1.2961118312249891] ; [1.2200091662767667]
840 ; 79 ; 3 ; 0 ; [0.44892598230317038] ; [0.87072945546954617]
840 ; 79 ; 3 ; 7 ; [0.17337733219165485] ; [1.6702702914350185]
840 ; 79 ; 4 ; 0 ; [0.049202065454527016, -0.0049655551024628186, 0.0022449469381555418] ; [0.27772927911053635, 0.21899629199622755, 0.12866268085023067]
840 ; 79 ; 4 ; 1 ; [0.10378662354605338] ; [0.017811598054224557]
840 ; 79 ; 5 ; 0 ; [0.32185080239366093] ; [0.25254830429539066]
840 ; 79 ; 5 ; 1 ; [0.52147120584900064] ; [0.83587313574820643]
840 ; 79 ; 5 ; 4 ; [0.64548508520771763] ; [0.37174376398633452]
840 ; 79 ; 5 ; 6 ; [1.8172823584187017] ; [1.8281053757941079]
840 ; 79 ; 5 ; 12 ; [1.3434239317083314] ; [0.82604411807921108]
840 ; 79 ; 5 ; 21 ; [3.2425687210535075] ; [4.0288625784737704]
840 ; 79 ; 5 ; 22 ; [4.1326826753789145] ; [2.5023018918348257]
840 ; 79 ; 5 ; 26 ; [2.0639186946635522] ; [0.76362892596645482]
840 ; 79 ; 5 ; 36 ; [0.13206566020685381] ; [1.9508765161704953]
840 ; 79 ; 5 ; 38 ; [2.6064722315671229] ; [0.66384788577444687]
840 ; 79 ; 5 ; 39 ; [1.8705094870481309] ; [1.1941473404164815]
840 ; 79 ; 5 ; 41 ; [1.5066410347346657] ; [1.832234746596058]
840 ; 79 ; 6 ; 0 ; [0.63519594955707848] ; [0.13811257679404326]
840 ; 79 ; 7 ; 0 ; [1.2013051275415418] ; [2.0790901669452868]
840 ; 79 ; 7 ; 1 ; [3.2302860524059431] ; [0.34567845083228749]
840 ; 79 ; 7 ; 2 ; [4.0735723381122586] ; [2.0985007556804791]
840 ; 79 ; 7 ; 4 ; [1.637449538238186] ; [1.7210327717400484]
840 ; 79 ; 7 ; 5 ; [1.2919643872605182] ; [1.8225974807743459]
840 ; 79 ; 7 ; 6 ; [1.6342517950578639] ; [1.9426261797146316]
840 ; 79 ; 7 ; 7 ; [5.7569040850048072] ; [0.019649866287646124]
840 ; 79 ; 7 ; 8 ; [2.0200203608182559] ; [1.4846341243389982]
840 ; 79 ; 7 ; 9 ; [0.47218833308572056] ; [1.4666586794943803]
840 ; 79 ; 7 ; 10 ; [0.27774545764479919] ; [2.1950138281514544]
840 ; 79 ; 7 ; 14 ; [0.18546093847990064] ; [1.7754774348224742]
840 ; 79 ; 7 ; 18 ; [5.0581949623556763] ; [2.902642687045311]
840 ; 79 ; 7 ; 22 ; [2.8331487260493375] ; [0.74183946762793151]
840 ; 79 ; 7 ; 23 ; [2.0110796498397665] ; [1.8593538809820742]
840 ; 79 ; 8 ; 0 ; [0.01948067187666604, 0.053092340863599534] ; [0.22030700142070875, 0.17021490253567106]
840 ; 79 ; 9 ; 4 ; [0.26045843649914607] ; [0.98453361517362881]
840 ; 79 ; 9 ; 8 ; [1.5298088923980671] ; [0.36410249245658866]
840 ; 79 ; 9 ; 9 ; [0.24555544806196997] ; [0.17834621273566303]
840 ; 79 ; 9 ; 13 ; [10.300437604246607] ; [1.2452072447878269]
840 ; 79 ; 10 ; 0 ; [0.04664065450623512, 0.35482918033739225] ; [0.21644555856800959, 0.011652390108308874]
840 ; 79 ; 10 ; 2 ; [0.11667949012166857] ; [0.035940240063602399]
840 ; 79 ; 10 ; 4 ; [0.055665452556058863] ; [0.24717015372563508]
840 ; 79 ; 10 ; 5 ; [0.026152608056896346] ; [0.088599714666024565]
840 ; 79 ; 11 ; 0 ; [0.13576213529692124, 0.17286535895702457, 0.21207099491795761, 0.10207316032914149] ; [0.1408888680866916, 0.26272100791056779, 0.14793569710795859, 0.11145892511324386]
840 ; 79 ; 11 ; 1 ; [1.6102559657287059] ; [0.16496242362601998]
840 ; 79 ; 12 ; 0 ; [0.19486519306368622, 0.18548204235416474, 0.089871310804158833, 0.003926871358270397] ; [0.11422858915648132, 0.18405359938872454, 0.59940649759943554, 0.1387952355325944]
840 ; 79 ; 14 ; 0 ; [0.0043424687843598006, 0.0046356136689250675, -0.019528893218087234] ; [0.19483258432580561, 0.15743032120512709, 0.1976521575450515]
840 ; 79 ; 15 ; 0 ; [0.063281274932599094, 0.075697477484130207, 0.056864347065886493, 0.020350537042409213] ; [0.15070157251757574, 0.2171358738641084, 0.1670957259806147, 0.23331605992641835]
840 ; 79 ; 16 ; 0 ; [1.1429769887638837] ; [0.52901031099044016]
840 ; 79 ; 16 ; 1 ; [0.19992847285952206] ; [0.65170407472872494]
840 ; 79 ; 16 ; 2 ; [0.62548935214473411] ; [0.57232008130697976]
840 ; 79 ; 17 ; 0 ; [1.7320759263170922] ; [0.74449065718777585]
840 ; 79 ; 17 ; 1 ; [1.2711775501207774] ; [0.51431888844524609]
840 ; 79 ; 17 ; 2 ; [0.026306851966570909] ; [0.51949047745245058]
840 ; 79 ; 17 ; 4 ; [1.0585383787251093] ; [0.0047194443656798438]
840 ; 79 ; 18 ; 0 ; [0.16893774376365842, -0.011063489993456636] ; [0.023704109757926237, -0.0090568021426076038]
840 ; 79 ; 18 ; 2 ; [-0.019183886398807654] ; [1.3997884116905541]
840 ; 79 ; 18 ; 3 ; [0.29106460540377926] ; [0.05800046043401727]
840 ; 79 ; 18 ; 10 ; [1.6642903399853706] ; [1.5130221695985104]
840 ; 79 ; 19 ; 0 ; [1.0634054429381921] ; [0.57483713450866702]
840 ; 79 ; 19 ; 1 ; [1.4412195590588932] ; [0.34318210528718768]
840 ; 79 ; 19 ; 2 ; [2.741512976260053] ; [1.7839941153065748]
840 ; 79 ; 19 ; 4 ; [1.9434922877963252] ; [0.68454538523779285]
840 ; 79 ; 19 ; 9 ; [0.37659427922605643, 0.84296934142728674] ; [13.480333218190921, 0.55482814840318895]
840 ; 79 ; 20 ; 0 ; [0.98670077804549572] ; [0.20339266739198422]
840 ; 79 ; 20 ; 1 ; [0.67350551292269678] ; [0.39787173159424238]
840 ; 79 ; 20 ; 8 ; [0.097288630758135569] ; [0.66267610271277977]
840 ; 79 ; 20 ; 9 ; [0.62436021381286122] ; [1.165960445508722]
840 ; 79 ; 21 ; 0 ; [0.047157116664583519, 0.027942292912830104] ; [0.18155609213371304, 0.023168131509055553]
840 ; 79 ; 22 ; 0 ; [0.00031566797705012028, 0.0015860527636371898, -0.022445278125510861] ; [0.17254370824485854, 0.21177185557815675, 0.12051578724842069]
840 ; 79 ; 23 ; 0 ; [0.2560138320810596] ; [0.096675769662415742]
840 ; 79 ; 23 ; 1 ; [0.34204541155121171] ; [0.72063817739688873]
840 ; 79 ; 23 ; 8 ; [1.7531448464141055] ; [0.83708673770288022]
840 ; 79 ; 24 ; 0 ; [1.5517253340808528] ; [1.9984157370282232]
840 ; 79 ; 24 ; 1 ; [2.9490843155905191] ; [0.066347835802187421]
840 ; 79 ; 24 ; 5 ; [0.21841635798410536] ; [0.66581333527772835]
840 ; 79 ; 25 ; 0 ; [0.83940603629164423, 1.6328313665615717] ; [0.72736701646942659, 0.51804583859977993]
840 ; 79 ; 25 ; 1 ; [0.28138879073991391, 1.7113671222980056] ; [0.10993290388813491, 0.72226772369901449]
840 ; 79 ; 25 ; 2 ; [0.78292984312799463] ; [0.095764952910110293]
840 ; 79 ; 25 ; 5 ; [0.9846619452006109] ; [1.3837831465295065]
840 ; 79 ; 25 ; 7 ; [2.4588207019573467] ; [0.34785451935222328]
840 ; 79 ; 25 ; 8 ; [0.18629072808940425] ; [0.14706826095536776]
840 ; 79 ; 25 ; 9 ; [2.0522565355496951] ; [0.52547649836704236]
840 ; 79 ; 25 ; 10 ; [0.061807754777133808, 2.1181499125451126] ; [0.20490642438476953, 0.795834258546397]
840 ; 79 ; 25 ; 11 ; [0.17247787041036156] ; [0.62411229294561832]
840 ; 79 ; 26 ; 0 ; [0.11089318156972891, 0.23431980544740064, 0.098872787687858427, 0.17053258880193509] ; [0.15814641716309347, 0.18835814346983251, 0.15820828069983861, 0.024633597733846522]
840 ; 79 ; 27 ; 0 ; [0.10902443431527201] ; [0.15302871519283945]
840 ; 79 ; 27 ; 1 ; [0.28374510016185556] ; [1.3643094423655486]
840 ; 79 ; 27 ; 2 ; [0.054405873363645274] ; [0.2207428544258869]
840 ; 79 ; 27 ; 3 ; [0.69117024256110682] ; [2.9139212377539616]
840 ; 79 ; 27 ; 4 ; [0.1266384769939215] ; [0.25637763497023108]
840 ; 79 ; 27 ; 7 ; [5.8419821310126681] ; [1.9295980440522791]
840 ; 79 ; 28 ; 0 ; [0.13047304054944456] ; [0.43784054323594662]
840 ; 79 ; 28 ; 2 ; [2.4750258563547001] ; [0.94048788385239357]
840 ; 79 ; 28 ; 4 ; [2.5628633053352949] ; [1.6109646777385551]
840 ; 79 ; 28 ; 5 ; [0.32681685766340313] ; [1.1792248957330629]
840 ; 79 ; 28 ; 6 ; [0.19212144762866021] ; [0.94604539531395393]
840 ; 79 ; 29 ; 0 ; [0.21228025512448528, 0.026897303947435003, 0.024928315705732292] ; [0.32850207250518287, 0.19298421612601957, 0.1221596133743552]
840 ; 79 ; 29 ; 1 ; [0.071944756270534302] ; [0.065360508883958127]
840 ; 79 ; 30 ; 0 ; [0.0064972119696105725, -0.0025165004911333957, 0.014285945929197992] ; [0.12297941548108739, 0.22000336475447294, 0.097839755234449446]
840 ; 79 ; 30 ; 1 ; [0.1038652198345404, 0.13504539391975393] ; [0.10760535667154049, 0.059384776057447047]
840 ; 79 ; 31 ; 0 ; [0.28000015942973883] ; [0.19744184383239863]
840 ; 79 ; 31 ; 1 ; [0.30128395892588605] ; [0.03153174558301431]
840 ; 79 ; 32 ; 0 ; [0.39762997190964855] ; [0.14345122881187755]
840 ; 79 ; 32 ; 3 ; [0.62382023404396891] ; [0.84614093324566075]
840 ; 79 ; 32 ; 6 ; [0.042987648080044322] ; [0.35497575815021104]
840 ; 79 ; 32 ; 8 ; [0.068095477260684795] ; [1.2329938285747397]
840 ; 79 ; 32 ; 9 ; [0.18543933577377381] ; [3.4269737697274021]
840 ; 79 ; 32 ; 11 ; [0.041916181317540338] ; [1.0500417498457404]
840 ; 79 ; 32 ; 12 ; [0.035151176053343558] ; [0.45667110935572464]
840 ; 79 ; 33 ; 0 ; [0.28329003665164432] ; [0.038087527772231795]
840 ; 79 ; 34 ; 0 ; [0.33550624878819485] ; [0.1049967102229252]
840 ; 79 ; 34 ; 3 ; [0.21966937437749198] ; [0.013317474288629314]
840 ; 79 ; 35 ; 0 ; [0.13991075654409768, 0.25861272047546546, 0.26842828660597795, 0.38981647137424724, 0.81979466591843664] ; [0.11837435290372267, 0.28762000063878362, 0.19038506797420268, 0.31009550510006856, 0.28185619310146232]
840 ; 79 ; 36 ; 1 ; [2.2868957590937002] ; [1.8668918501151328]
840 ; 79 ; 36 ; 3 ; [2.0551497362147595] ; [1.6612795480642759]
840 ; 79 ; 36 ; 4 ; [2.0210316677912288] ; [1.8226012141545707]
840 ; 79 ; 36 ; 5 ; [1.874619155530856] ; [1.8775458863389303]
840 ; 79 ; 36 ; 9 ; [1.746648645409228] ; [1.1195039432926472]
840 ; 79 ; 36 ; 10 ; [1.4916600300755885] ; [1.5075634096488175]
840 ; 79 ; 36 ; 11 ; [1.7376943363551058] ; [1.9582231348033365]
840 ; 79 ; 36 ; 13 ; [1.7967570166237783] ; [1.9311775260063484]
840 ; 79 ; 36 ; 14 ; [1.8026047005064243] ; [1.6464824525430841]
840 ; 79 ; 36 ; 15 ; [1.5856955961739705] ; [2.1861929968089187]
840 ; 79 ; 36 ; 16 ; [1.9078222830715585] ; [1.2152060522601973]
840 ; 79 ; 36 ; 17 ; [1.7390936025043831] ; [1.8145593275773924]
840 ; 79 ; 36 ; 18 ; [1.2472819335884597] ; [1.4990058885409583]
840 ; 79 ; 36 ; 19 ; [1.7696571950742634] ; [1.8618086632045028]
840 ; 79 ; 36 ; 20 ; [1.9842023235420387] ; [1.2562499264633549]
840 ; 79 ; 36 ; 21 ; [1.9137480588822018] ; [1.7157558467596781]
840 ; 79 ; 36 ; 22 ; [2.0176742673141383] ; [0.78659646080643242]
840 ; 79 ; 36 ; 23 ; [1.9153329654633238] ; [5.9790689889961683]
840 ; 79 ; 36 ; 24 ; [1.7907960945954502] ; [3.0482533114649]
840 ; 79 ; 36 ; 25 ; [1.7825167812319203] ; [1.1828667817606204]
840 ; 79 ; 36 ; 26 ; [1.919112585047853] ; [0.89787975624096872]
840 ; 79 ; 36 ; 27 ; [1.479371864155794] ; [2.0022555726797608]
840 ; 79 ; 36 ; 28 ; [1.936262892471702] ; [2.2729279092733079]
840 ; 79 ; 36 ; 29 ; [1.2122879563056348] ; [0.92085215058540204]
840 ; 79 ; 36 ; 31 ; [1.6855115701135395] ; [1.8295782022655085]
840 ; 79 ; 36 ; 32 ; [2.6341022594763261] ; [1.8633453387808261]
840 ; 79 ; 37 ; 0 ; [0.77027194969735246, 0.27853876083089241] ; [0.027065174499467208, 0.044217234955243559]
840 ; 79 ; 38 ; 0 ; [0.07857135212135237] ; [0.82623170812494184]
840 ; 79 ; 38 ; 2 ; [2.003275450450626] ; [0.42934791422255214]
840 ; 79 ; 38 ; 3 ; [2.5344081146966104] ; [0.7296772020475959]
840 ; 79 ; 38 ; 4 ; [1.2145143158894882] ; [1.3004189991982649]
840 ; 79 ; 38 ; 11 ; [1.6356875169780127] ; [0.6563256851722572]
840 ; 79 ; 38 ; 13 ; [1.9955921593615169] ; [1.5737048973423791]
840 ; 79 ; 38 ; 15 ; [0.20042133274251639] ; [1.9366649100297721]
840 ; 79 ; 38 ; 17 ; [3.3567800162221002] ; [3.1938731068699209]
840 ; 79 ; 38 ; 19 ; [1.4774038310077071] ; [1.1121634856074523]
840 ; 79 ; 38 ; 22 ; [1.9349424931591259] ; [1.0886414096079478]
840 ; 79 ; 38 ; 23 ; [2.8220736668406263] ; [2.0422567489742178]
840 ; 79 ; 38 ; 25 ; [2.1178854701392611] ; [1.822011176915199]
840 ; 79 ; 38 ; 28 ; [18.514951437087159] ; [1.271750417808031]
840 ; 79 ; 38 ; 29 ; [1.7266099610717069] ; [1.0553826531540615]
840 ; 79 ; 38 ; 30 ; [1.3305170945970923] ; [2.1946970517146891]
840 ; 79 ; 39 ; 0 ; [0.46083847538978295, 0.16524869135812562, 0.052908170240165871] ; [0.24714950711289019, 0.19213027104969235, -0.0045561704148506452]
840 ; 79 ; 40 ; 0 ; [0.64593611079126301] ; [0.64367561220620961]
840 ; 79 ; 40 ; 1 ; [2.1472766669992498] ; [0.44771167447096732]
840 ; 79 ; 40 ; 3 ; [1.6261426297395012] ; [1.9930059538748286]
840 ; 79 ; 40 ; 4 ; [0.060617204127728773] ; [1.8303924517508747]
840 ; 79 ; 40 ; 5 ; [0.045472670482058733] ; [1.2573990975588543]
840 ; 79 ; 40 ; 8 ; [0.044453233112299886] ; [0.46687186080243637]
840 ; 79 ; 40 ; 11 ; [0.48053031990769751] ; [3.1359727583105199]
840 ; 79 ; 40 ; 18 ; [0.18028638411129699] ; [0.28610693584342306]
840 ; 79 ; 42 ; 0 ; [0.4516881197118886, 0.48062847099567785] ; [0.19179898310056029, 0.16038007104882307]
840 ; 79 ; 43 ; 0 ; [0.17707470713769632, 0.25704249582837779, 0.11928640639066715] ; [0.39240257348923652, 0.20342638143465283, 0.26305999417753195]
840 ; 79 ; 44 ; 2 ; [2.2573093187381486] ; [1.8260907094765637]
840 ; 79 ; 44 ; 5 ; [2.2181478658736107] ; [1.8663662541968615]
840 ; 79 ; 44 ; 9 ; [0.83404388037217614] ; [1.8417993119211113]
840 ; 79 ; 44 ; 11 ; [2.3789525542190786] ; [1.1339750196502349]
840 ; 79 ; 44 ; 12 ; [1.3845299292981592] ; [2.1870040615525621]
840 ; 79 ; 45 ; 2 ; [0.69838165993240586] ; [1.7857150130293786]
840 ; 79 ; 46 ; 0 ; [0.15410823396124326, 0.19487710671980887, 0.18796424494824013, 0.1594384151171212] ; [0.19812650362650638, 0.41220665579644677, 0.1875399591219209, 0.13795111114915762]
840 ; 79 ; 46 ; 1 ; [0.3170600174377301] ; [0.10214351875293319]
840 ; 79 ; 46 ; 3 ; [0.48284638854753209] ; [0.0056843235161907375]
840 ; 79 ; 46 ; 4 ; [0.073541534505785031] ; [0.56033450853387601]
840 ; 79 ; 46 ; 5 ; [0.061628279719477097] ; [-0.020109153845083546]
840 ; 79 ; 47 ; 1 ; [0.3622907000054984, 0.093382707061002851, 0.050661194086666493] ; [0.27401406142328721, 0.20512847658300429, 0.016299659352471373]
840 ; 79 ; 48 ; 0 ; [0.09692384308652302, 0.018769315361185805] ; [0.27586497888308215, 0.16177892200630384]
840 ; 79 ; 48 ; 1 ; [0.27196902922565991] ; [0.28509048806830295]
840 ; 79 ; 49 ; 2 ; [1.8422469646548327] ; [1.0064926273476649]
840 ; 79 ; 49 ; 4 ; [1.6891664912137621] ; [0.8962847973473187]
840 ; 79 ; 49 ; 10 ; [-0.010429629882989703] ; [0.69658969822821903]
840 ; 79 ; 49 ; 14 ; [1.6758736677973018] ; [1.7264196401044438]
840 ; 79 ; 49 ; 16 ; [2.1319631574173559] ; [0.64656888260565049]
840 ; 79 ; 49 ; 18 ; [3.3690922956623868] ; [1.0813492243992151]
840 ; 79 ; 50 ; 0 ; [0.10378557327849712, 0.12707922710385633] ; [0.11430672676999551, 0.2637897968557758]
840 ; 79 ; 51 ; 0 ; [0.17437367456576972] ; [0.12703046063514328]
840 ; 79 ; 51 ; 2 ; [0.10648119448808947] ; [0.92545596724425527]
840 ; 79 ; 52 ; 0 ; [0.088075255042180903, 0.2270688058407945, 0.12546345434448664, 0.049186627729493511, 0.027099814081907356] ; [-0.0329405090754415, 0.35278154252214128, 0.28338678135174294, 0.36932473793528287, 0.12629247185861742]
840 ; 79 ; 52 ; 1 ; [0.20949096021080307] ; [0.30877980382239634]
840 ; 79 ; 53 ; 0 ; [0.070348888451851249, 0.087373883376992298, 0.054729885276420281] ; [0.23338814836676711, 0.24045487732739312, -0.016519866738992511]
840 ; 79 ; 54 ; 0 ; [0.38016768568922599] ; [0.11038763793218453]
840 ; 79 ; 54 ; 1 ; [0.66746296608668765] ; [0.18162572781538236]
840 ; 79 ; 54 ; 2 ; [0.67964736628168754] ; [0.1699372514662259]
840 ; 79 ; 54 ; 4 ; [0.46211756869929937] ; [1.0796917297909543]
840 ; 79 ; 55 ; 4 ; [2.8393099033438265] ; [1.4030542259400105]
840 ; 79 ; 56 ; 0 ; [2.1210440747955701] ; [1.1147095067244384]
840 ; 79 ; 57 ; 0 ; [1.0352605788406499] ; [0.82870946272129542]
840 ; 79 ; 58 ; 0 ; [0.2100555028656895, 0.21661474600723873, 0.10067582052502085] ; [0.22556448262994166, 0.18321296841518434, 0.067333289400152041]
840 ; 79 ; 59 ; 1 ; [2.0126353614098895] ; [2.4996941716371253]
840 ; 79 ; 59 ; 2 ; [1.6383368904424298] ; [1.9547533873935636]
840 ; 79 ; 59 ; 3 ; [2.253328358088647] ; [3.7248805495392685]
840 ; 79 ; 59 ; 4 ; [1.9248552336093074] ; [3.044974801717208]
840 ; 79 ; 59 ; 6 ; [3.0838657133126444] ; [1.9262898518514773]
840 ; 79 ; 59 ; 7 ; [1.9487487622058097] ; [0.74735968549021436]
840 ; 79 ; 59 ; 9 ; [1.9568433102122196] ; [3.7411178916856929]
840 ; 79 ; 60 ; 0 ; [0.21400286074214417, 0.20206723778772859, 0.3206187959282375, 0.24959439952238971] ; [0.44993865764790236, 0.14604309557884879, 0.31038402905542012, 0.17106210121204407]
840 ; 79 ; 61 ; 0 ; [0.068601034983940407, 0.1663673015691525] ; [0.2420575905978713, 0.3102576036595176]
840 ; 79 ; 61 ; 2 ; [0.093981163073645749] ; [0.10498736058972491]
840 ; 79 ; 62 ; 0 ; [0.49213483120849966, 0.31581013393374585] ; [0.55550853700286362, 0.33823742766780351]
840 ; 79 ; 63 ; 0 ; [0.13680641028159218, 0.23830860508922405, 0.16851929426885992, 0.10939383342472125] ; [0.20175333467779744, 0.21168955003541565, 0.15146350313816018, 0.23054542985429641]
840 ; 79 ; 64 ; 0 ; [0.31648131380027988, 0.36218384009107757, 0.073267341989154064, 0.040740529128674569, 0.025582670352747097] ; [0.43310849714775018, 0.61534765281220438, 0.39066643978178317, 0.2351420692395001, 0.025013630380082443]
840 ; 79 ; 65 ; 0 ; [0.11646488302576047, 0.031140920343008596, -0.018658008750108472] ; [0.16983966542289711, 0.21451696852252636, 0.15424388461670113]
840 ; 79 ; 65 ; 1 ; [0.99471971082295063] ; [0.5171013095481185]
840 ; 79 ; 66 ; 0 ; [0.33728449557927243, 0.24324429122879734] ; [0.37568855852619415, 0.20071539407490926]
840 ; 79 ; 66 ; 3 ; [0.076220529080133048] ; [5.1639233400944979]
840 ; 79 ; 67 ; 0 ; [0.093221958293555021, 0.13220957521703852, 0.32222096863812638, 0.17445968105581411] ; [0.13498077719052759, 0.15097854903475846, 0.2213849627110516, 0.18763031752466844]
840 ; 79 ; 67 ; 1 ; [0.105153636303439] ; [0.10343248502423433]
840 ; 79 ; 68 ; 0 ; [0.64236550864383868] ; [0.35460361530659246]
840 ; 79 ; 68 ; 1 ; [0.30872159677942512] ; [0.74324822149467085]
840 ; 79 ; 68 ; 4 ; [0.48877308563435229] ; [0.31534646143210138]
840 ; 79 ; 68 ; 6 ; [-0.044609893392909751] ; [0.16305946803865942]
840 ; 79 ; 68 ; 9 ; [4.9459208297306043] ; [1.1169074829535273]
840 ; 79 ; 68 ; 29 ; [0.019851064782871877] ; [0.76803720138992781]
840 ; 79 ; 69 ; 0 ; [0.20193533587133258, 0.072974750979016345, 0.066355460610600783] ; [0.28427945450347808, 0.2053900020621168, 0.12207637905797861]
840 ; 79 ; 70 ; 0 ; [0.48739540254294411] ; [0.66415466764036346]
840 ; 79 ; 70 ; 1 ; [0.84980693451786948] ; [0.4298469907643549]
840 ; 79 ; 70 ; 3 ; [0.47608814199693833] ; [0.49868308821993351]
840 ; 79 ; 70 ; 6 ; [1.7103829750113626] ; [0.4718882589762094]
840 ; 79 ; 70 ; 8 ; [2.2852616398449581] ; [1.3744306309675387]
840 ; 79 ; 70 ; 11 ; [1.090963896821322] ; [1.1678716008611572]
840 ; 79 ; 70 ; 12 ; [2.6894213646495202] ; [0.63105540499040136]
840 ; 79 ; 70 ; 14 ; [1.4224457945511917] ; [0.78167611633594192]
840 ; 79 ; 70 ; 15 ; [1.1850104504355639] ; [0.076667218358036221]
840 ; 79 ; 70 ; 17 ; [0.80898934640003461] ; [2.7820127510800994]
840 ; 79 ; 70 ; 20 ; [1.0613196314523816] ; [2.2003255863572737]
840 ; 79 ; 70 ; 23 ; [1.0835001667213258] ; [2.1406049377068421]
840 ; 79 ; 70 ; 26 ; [0.81410221800264992] ; [1.8019633025094781]
840 ; 79 ; 70 ; 27 ; [1.6342127333355754] ; [1.630727314432417]
840 ; 79 ; 70 ; 32 ; [1.862134058616048] ; [1.5689090152499552]
840 ; 79 ; 70 ; 33 ; [1.428079142213057] ; [0.77273600859921743]
840 ; 79 ; 70 ; 38 ; [0.73518391739786293] ; [0.99207799436172983]
840 ; 79 ; 70 ; 39 ; [3.764604865019245] ; [3.6592126671603036]
840 ; 79 ; 70 ; 41 ; [0.83433514216609017] ; [2.1595495788918702]
840 ; 79 ; 70 ; 42 ; [0.48806895656341104] ; [1.3582966641469714]
840 ; 79 ; 70 ; 48 ; [1.3772219265367094] ; [1.427782498532806]
840 ; 79 ; 70 ; 51 ; [0.7031191932395412] ; [0.93065147609103227]
840 ; 79 ; 70 ; 55 ; [1.5650155401129531] ; [1.5156363783266353]
840 ; 79 ; 70 ; 58 ; [1.3669773655403643] ; [0.23894633226672174]
840 ; 79 ; 70 ; 61 ; [0.50544255251528947] ; [0.44239481129839259]
840 ; 79 ; 71 ; 0 ; [0.43543120279066411] ; [0.33644773213984236]
840 ; 79 ; 71 ; 1 ; [1.681449329906981] ; [0.17326511934697855]
840 ; 79 ; 71 ; 11 ; [0.0050774903012597164] ; [0.042230530493074063]
840 ; 79 ; 72 ; 0 ; [1.1130128006418429] ; [0.30473441765957399]
840 ; 79 ; 72 ; 6 ; [1.0106302984579802] ; [5.2100636176819934]
840 ; 79 ; 72 ; 9 ; [0.12811074207223472] ; [2.9044646985668305]
840 ; 79 ; 72 ; 10 ; [1.8860911329037064] ; [4.1703517223494391]
840 ; 79 ; 72 ; 13 ; [0.96208108627151956] ; [0.85854117300263066]
840 ; 79 ; 72 ; 14 ; [1.1953122756940178] ; [0.64118896034261819]
840 ; 79 ; 72 ; 15 ; [6.9023725923412407] ; [0.6687914522245807]
840 ; 79 ; 72 ; 21 ; [2.2274728230292369] ; [4.3437165535300561]
840 ; 79 ; 72 ; 22 ; [1.7428756410607038] ; [4.3467334405836349]
840 ; 79 ; 72 ; 23 ; [0.052072704285522249] ; [5.4109456071424935]
840 ; 79 ; 72 ; 24 ; [0.80176265049893081] ; [0.20442037772323018]
840 ; 79 ; 72 ; 26 ; [0.41306711730240087] ; [3.0261261580371452]
840 ; 79 ; 72 ; 29 ; [0.89171803483913725] ; [2.1676115627425485]
840 ; 79 ; 72 ; 34 ; [0.10613854599073212] ; [1.6546298538836888]
840 ; 79 ; 72 ; 35 ; [1.9166208576138453] ; [1.1335678910322669]
840 ; 79 ; 72 ; 39 ; [1.0103467763348761] ; [0.91281483021445919]
840 ; 79 ; 72 ; 46 ; [0.52193803831916996] ; [1.010289050873874]
840 ; 79 ; 72 ; 49 ; [1.5962826493026319] ; [0.84992598863409075]
840 ; 79 ; 72 ; 51 ; [0.64738893960388322] ; [1.8326441622850289]
840 ; 79 ; 72 ; 54 ; [0.83406058717430764] ; [0.37963721223376445]
840 ; 79 ; 72 ; 55 ; [0.94503725083514267] ; [2.2768382666912732]
840 ; 79 ; 73 ; 0 ; [0.22452954772057637, 0.15834716141258898, 0.17552153667632933, 0.19774412837204208, 0.13061252241978075] ; [0.21326258174914872, 0.16562498386775074, 0.23712482344148506, 0.17620326740418987, 0.28161420729514353]
840 ; 79 ; 74 ; 0 ; [0.15644029868658701, 0.26411758453113815, 0.179625768135726, 0.12224519159626379] ; [0.19720864045389205, 0.26064477736176267, 0.24997142720016455, 0.10604513813086387]
840 ; 79 ; 74 ; 1 ; [0.011105910255673616] ; [0.68347013895022835]
840 ; 79 ; 75 ; 0 ; [1.4497650799437027] ; [1.1049665950024887]
840 ; 79 ; 75 ; 1 ; [3.1226273883142617] ; [1.7674257969794731]
840 ; 79 ; 75 ; 2 ; [1.5902247481411917] ; [0.6991192186045172]
840 ; 79 ; 75 ; 3 ; [0.2910537193513234] ; [2.7718061229076412]
840 ; 79 ; 75 ; 4 ; [2.9264964750872182] ; [1.5914423429347366]
840 ; 79 ; 75 ; 5 ; [0.49626111169120041] ; [1.5160008965215683]
840 ; 79 ; 75 ; 6 ; [1.1110153710049879] ; [1.1918629250299526]
840 ; 79 ; 75 ; 8 ; [0.62840475039489285] ; [3.7370459188155243]
840 ; 79 ; 75 ; 11 ; [0.96468437683059649] ; [1.4390469058801549]
840 ; 79 ; 75 ; 15 ; [2.9178164907921538] ; [0.74459531497749221]
840 ; 79 ; 75 ; 17 ; [1.7795428317528286] ; [0.9825989538691654]
840 ; 79 ; 76 ; 2 ; [58.486491047258468, 12.015215462759942] ; [0.26282081913783611, 0.2564288454885037]
840 ; 79 ; 77 ; 0 ; [0.30702534903674927, 0.32546847233932286, 0.1498095703188288] ; [0.15979650783999866, 0.18531501795776617, 0.1415512263080296]
840 ; 79 ; 78 ; 0 ; [0.38317299544595873, 0.29779064618048917] ; [0.51766595893593692, 0.11827300762387712]
840 ; 79 ; 78 ; 1 ; [0.10792441812704749, 0.11530604748306933] ; [0.33086201131796839, 0.084584332504755153]
840 ; 79 ; 79 ; 0 ; [0.52307434734682212] ; [0.20416101828104624]
840 ; 79 ; 79 ; 1 ; [0.29356034273793569] ; [0.086285132075461096]
840 ; 79 ; 80 ; 7 ; [1.8986475486870258] ; [1.7075956915336303]
840 ; 79 ; 80 ; 9 ; [0.24765779314012557] ; [1.0077986651366424]
840 ; 79 ; 80 ; 10 ; [1.4613779242220193] ; [1.2846772472357815]
840 ; 79 ; 80 ; 11 ; [0.19733100248177102] ; [0.42678971071785787]
840 ; 79 ; 80 ; 12 ; [1.7907304424270518] ; [3.7947527196282538]
840 ; 79 ; 80 ; 13 ; [1.220534426114102] ; [0.91438792982492456]
840 ; 79 ; 80 ; 14 ; [0.74160684397245602] ; [0.10359608573848691]
840 ; 79 ; 80 ; 15 ; [2.1176757952589087] ; [1.2534663498178928]
840 ; 79 ; 80 ; 16 ; [2.0173460671565477] ; [1.2439206147820581]
840 ; 79 ; 80 ; 17 ; [1.9792215303947709] ; [1.719028501000768]
840 ; 79 ; 80 ; 19 ; [0.37317535131981544] ; [0.1478640117276224]
840 ; 79 ; 80 ; 20 ; [2.3795376263539665] ; [0.055242532788513342]
840 ; 79 ; 80 ; 25 ; [1.6582195680234153] ; [2.0054668471464461]
840 ; 79 ; 80 ; 27 ; [1.8138148499844651] ; [2.8473781508753602]
840 ; 79 ; 81 ; 0 ; [0.74821662787438192] ; [0.035412925285318454]
840 ; 79 ; 81 ; 3 ; [0.33311271818087212] ; [0.0501261554009855]
840 ; 79 ; 82 ; 0 ; [0.22875277140836797, 0.06148181975426692] ; [0.20676782690194953, 0.076813293373491506]
840 ; 79 ; 83 ; 0 ; [1.3676090330890562] ; [-0.07063381451636519]
840 ; 79 ; 83 ; 12 ; [0.7521240001869105] ; [2.1954159715366832]
840 ; 79 ; 83 ; 18 ; [1.8443994039776348] ; [1.6338978569387108]
840 ; 79 ; 83 ; 19 ; [2.6640566658304787] ; [1.9154672116072764]
840 ; 79 ; 83 ; 25 ; [0.79509338084779924] ; [1.5966083302720466]
840 ; 79 ; 84 ; 0 ; [0.708424743803163, 0.16775181825396551] ; [0.5701348309982528, 0.28343605371139291]
840 ; 79 ; 84 ; 1 ; [0.13352460198636815] ; [0.75117294954419656]
840 ; 79 ; 85 ; 1 ; [0.96499960914128469] ; [0.41617031542708849]
840 ; 79 ; 85 ; 2 ; [0.6407785447263501] ; [0.58212858480805629]
840 ; 79 ; 85 ; 4 ; [1.9855364613990492] ; [0.40957900182610485]
840 ; 79 ; 86 ; 0 ; [0.31824029150479433, 1.4347728952872496] ; [0.24822516207214598, 1.09773079426285]
840 ; 79 ; 86 ; 1 ; [0.14159600088479748] ; [0.76370720072519238]
840 ; 79 ; 86 ; 2 ; [0.88407880138294992] ; [0.25790966706595192]
840 ; 79 ; 86 ; 3 ; [0.58773311081857393] ; [1.4702795597758647]
840 ; 79 ; 87 ; 0 ; [-0.0034647761188509245, 1.5259608035920695] ; [0.17001801155162546, 0.14434111912157307]
840 ; 79 ; 87 ; 1 ; [0.14722218587051356, 0.061661638622631056] ; [0.15497158919385043, 0.17610623668876219]
840 ; 79 ; 88 ; 0 ; [0.30959036233559301, 0.37444234764147211, 0.39767992130021584] ; [0.21051774588876129, 0.22379760803992355, 0.19780190405330592]
840 ; 79 ; 88 ; 1 ; [0.51824719531572061, 0.30521064323805641] ; [0.28381385514664864, 0.17084536008762663]
840 ; 79 ; 88 ; 2 ; [0.76643140068000482] ; [-0.018870864011878166]
840 ; 79 ; 89 ; 0 ; [0.078890985604959135, 0.1071279490479714, -0.0021210487725996192] ; [0.20008420415946232, 0.46422107257531364, 0.099788394311681863]
840 ; 79 ; 89 ; 1 ; [0.41469568424379916] ; [0.03945926196651707]
840 ; 79 ; 91 ; 0 ; [1.8221951235582592, 0.54781009742646591, 0.33510079797555137] ; [0.027068729833854794, 0.25334619642957718, 1.1869724564907806]
840 ; 79 ; 91 ; 1 ; [0.68570706276652071] ; [0.23009991254229428]
840 ; 79 ; 91 ; 5 ; [-0.00017040758344875195] ; [0.040508285980189504]
840 ; 79 ; 91 ; 9 ; [0.18653288218417718, 0.11555490155023358] ; [0.62650966318506374, 0.2512217019620569]
840 ; 79 ; 92 ; 0 ; [0.081650277329568796, 0.043934861781035513] ; [0.18563744212320973, 0.10324260263505264]
840 ; 79 ; 92 ; 1 ; [0.058808123676340134] ; [-0.024565505406809282]
840 ; 79 ; 93 ; 0 ; [0.61957624731573524] ; [0.088496402858048578]
840 ; 79 ; 93 ; 1 ; [0.63265696556134832] ; [0.56564133827850149]
840 ; 79 ; 93 ; 3 ; [0.54043610561539002] ; [0.027842780968742431]
840 ; 79 ; 93 ; 5 ; [0.10206404904825422] ; [0.50356034854766141]
840 ; 79 ; 94 ; 0 ; [0.35304177976196865] ; [0.2477071524708167]
840 ; 79 ; 94 ; 1 ; [3.0452199559001412] ; [0.17086947716600154]
840 ; 79 ; 94 ; 3 ; [0.86774430769860522] ; [1.1299431968938536]
840 ; 79 ; 94 ; 5 ; [1.0043975674609174] ; [0.39577090277932192]
840 ; 79 ; 97 ; 0 ; [0.32209296865747133] ; [0.15117627577752665]
840 ; 79 ; 97 ; 1 ; [0.66367708485035926] ; [1.1180296003779964]
840 ; 79 ; 97 ; 2 ; [0.92789478221340427] ; [1.3158582159302767]
840 ; 79 ; 97 ; 3 ; [0.54748841878578269] ; [1.4178412419751285]
840 ; 79 ; 97 ; 4 ; [2.6001876421244674] ; [1.8963373162316139]
840 ; 79 ; 97 ; 5 ; [0.45868116801617559] ; [1.2886514006710126]
840 ; 79 ; 97 ; 7 ; [0.24146476340372852] ; [2.7576462740996992]
840 ; 79 ; 97 ; 8 ; [4.1293145605988411] ; [0.62813926385691687]
840 ; 79 ; 97 ; 10 ; [0.39536213071600335] ; [0.94667718041206494]
840 ; 79 ; 97 ; 13 ; [1.7315589044518356] ; [1.37772409597349]
840 ; 79 ; 97 ; 14 ; [3.2133952844522997] ; [1.7043015581166776]
840 ; 79 ; 97 ; 16 ; [0.93039823085106166] ; [1.5844212874522772]
840 ; 79 ; 98 ; 0 ; [0.69118370257457851, 0.13157592100538568, 0.060328977447918597, 0.72040005520486361] ; [0.12606201354042046, 0.19187378181409925, 0.27481014210879479, 0.079322826220674672]
840 ; 79 ; 98 ; 1 ; [0.20378295725107301] ; [0.17468221728754077]
840 ; 79 ; 100 ; 0 ; [-0.00037233900639982144, 0.0047013024808909357, 0.0053073959718199729] ; [0.25543251138432282, 0.28703813161789643, 0.11134930668339657]
840 ; 79 ; 101 ; 0 ; [0.14455838170245447, 0.027636773291286873] ; [0.49936123825721856, 0.2254773553549709]
840 ; 79 ; 102 ; 0 ; [0.22425373368756057, 0.022962520565130373, 0.020823531989241317] ; [0.19979475094126245, 0.16177974743765755, 0.21738031606329983]
840 ; 79 ; 102 ; 1 ; [0.056515516553808286] ; [0.0053190273514066265]
840 ; 79 ; 103 ; 0 ; [1.8032694801673161] ; [0.07409869366247257]
840 ; 79 ; 103 ; 1 ; [1.4028735141069117] ; [1.9604333608450653]
840 ; 79 ; 103 ; 2 ; [1.7349048404044158] ; [2.4842137743337811]
840 ; 79 ; 103 ; 5 ; [1.583333501918653] ; [0.70806575411364259]
840 ; 79 ; 103 ; 7 ; [1.5077144131763844] ; [1.6394260988421301]
840 ; 79 ; 103 ; 8 ; [1.0103213075876158] ; [1.7357325167966269]
840 ; 79 ; 103 ; 9 ; [0.70906632859465879] ; [1.6831368824309543]
840 ; 79 ; 103 ; 11 ; [0.54842868660059307] ; [1.491962425937202]
840 ; 79 ; 103 ; 17 ; [4.0990494476710468] ; [1.7127677898279849]
840 ; 79 ; 105 ; 0 ; [1.0245389071159086] ; [0.12022069093948272]
840 ; 79 ; 105 ; 1 ; [0.54158757611274155] ; [0.91501118676806215]
840 ; 79 ; 105 ; 3 ; [0.10045804783904944] ; [0.55490077714021191]
840 ; 79 ; 105 ; 4 ; [0.23341493792221565] ; [0.47861293568549845]
840 ; 79 ; 106 ; 0 ; [0.50400032560368391, 0.122834458548537] ; [0.15743641778571335, 0.095464262258882188]
840 ; 79 ; 107 ; 0 ; [0.3003213346672623, 0.21167283564059303, 0.12773174796656131] ; [0.16589871285721147, 0.20198813770302274, 0.05962191983787251]
840 ; 79 ; 107 ; 1 ; [0.51976855117007603] ; [0.14745632732056774]
840 ; 79 ; 108 ; 0 ; [0.37932825695294992] ; [0.90267654850994938]
840 ; 79 ; 108 ; 1 ; [1.7008304641982119] ; [0.41356281579010917]
840 ; 79 ; 108 ; 2 ; [1.2715102338940147] ; [0.28953535250077034]
840 ; 79 ; 108 ; 3 ; [1.6804667908047073] ; [1.0262326171952527]
840 ; 79 ; 108 ; 6 ; [3.5294791828384602] ; [2.2992606308764643]
840 ; 79 ; 108 ; 10 ; [2.0898712803600841] ; [0.8602899917669774]
840 ; 79 ; 109 ; 0 ; [0.41976157708657008] ; [0.17227518797399768]
840 ; 79 ; 109 ; 5 ; [0.1403109809380142] ; [0.40836049706382521]
840 ; 79 ; 110 ; 0 ; [1.3990622399992225] ; [1.6961617802643385]
840 ; 79 ; 110 ; 2 ; [1.1655893195294051] ; [1.1753940055753394]
840 ; 79 ; 110 ; 3 ; [1.155853994596288] ; [1.6047792183472374]
840 ; 79 ; 110 ; 6 ; [1.3887883191615358] ; [2.3683201939401402]
840 ; 79 ; 110 ; 10 ; [1.3069439203733804] ; [1.355498369291239]
840 ; 79 ; 111 ; 0 ; [1.5162367215659049] ; [0.51715828708806566]
840 ; 79 ; 111 ; 1 ; [-0.22353568729939635] ; [-0.01024738042806792]
840 ; 79 ; 112 ; 0 ; [1.1258929666793256] ; [1.0284440117188245]
840 ; 79 ; 112 ; 1 ; [0.80952481853757063] ; [0.36692885823918447]
840 ; 79 ; 112 ; 3 ; [1.2014218004598274] ; [1.0777750546876952]
840 ; 79 ; 112 ; 5 ; [1.1319130911079567] ; [2.0765604520120178]
840 ; 79 ; 112 ; 7 ; [0.6858388684189316] ; [0.88737759797574289]
840 ; 79 ; 112 ; 10 ; [0.37451146777786526] ; [0.089843806020249883]
840 ; 79 ; 112 ; 12 ; [1.0625832679735876] ; [0.2860436086179039]
840 ; 79 ; 112 ; 15 ; [1.5729489959106748] ; [1.4148385995112422]
840 ; 79 ; 112 ; 18 ; [1.3940146658211787] ; [0.76195793867409711]
840 ; 79 ; 112 ; 19 ; [1.5538909269782333] ; [2.8546535440450067]
840 ; 79 ; 112 ; 20 ; [3.4003937683856869] ; [1.4568566038528918]
840 ; 79 ; 112 ; 22 ; [0.89984377985692598] ; [0.72400645785605044]
840 ; 79 ; 112 ; 28 ; [2.1516989757329563] ; [1.6053917052647844]
840 ; 79 ; 112 ; 32 ; [2.2606143504077485] ; [2.8715296497400251]
840 ; 79 ; 112 ; 45 ; [1.0641591453773307] ; [1.3529165308627278]
840 ; 79 ; 112 ; 58 ; [0.85672012778937623] ; [0.13945891175346561]
840 ; 79 ; 112 ; 60 ; [1.802006365098471] ; [1.0802007057592995]
840 ; 79 ; 113 ; 0 ; [0.48212064290294365] ; [3.7481831232545573]
840 ; 79 ; 113 ; 1 ; [1.3061993298707597] ; [2.4551804092119989]
840 ; 79 ; 113 ; 9 ; [1.1268762686599441] ; [1.5487750430621277]
840 ; 79 ; 114 ; 0 ; [0.91078043374898543] ; [-0.004481348989472827]
840 ; 79 ; 114 ; 1 ; [0.63826908741764254] ; [0.43914326408159782]
840 ; 79 ; 114 ; 9 ; [1.4907953282897679] ; [1.5285111765565791]
840 ; 79 ; 114 ; 10 ; [0.57085578137860371] ; [0.5227794841393959]
840 ; 79 ; 114 ; 11 ; [0.45931076326889864] ; [1.4579140617042767]
840 ; 79 ; 115 ; 2 ; [-0.0064060515147898768, 0.062166506169192927, 0.098530912042043853, 0.071496658625885598, 0.15276658540287888] ; [0.15306129820933745, 0.25973703334289366, 0.13988415668864523, 0.29230521289729028, 0.46938369706655703]
840 ; 79 ; 116 ; 0 ; [0.74626221017760941] ; [0.6560299660943969]
840 ; 79 ; 116 ; 1 ; [0.84808762823896622] ; [2.185813519731969]
840 ; 79 ; 116 ; 3 ; [1.2138848460753033] ; [0.913478246980576]
840 ; 79 ; 116 ; 4 ; [1.2707871216293571] ; [0.19369689121838626]
840 ; 79 ; 116 ; 10 ; [0.27516246830597368] ; [0.42357562951618449]
840 ; 79 ; 116 ; 11 ; [0.83968422089494132] ; [1.1486619459388765]
840 ; 79 ; 116 ; 13 ; [1.2968706272860435] ; [0.67719951822662372]
840 ; 79 ; 116 ; 14 ; [2.4392379424286337] ; [11.653796429736635]
840 ; 79 ; 116 ; 16 ; [0.0030105716470747493] ; [0.0665561543313304]
840 ; 79 ; 116 ; 19 ; [1.6288624983717239] ; [3.055985053341145]
840 ; 79 ; 117 ; 0 ; [0.30524549000183332, 0.22385243193947374, 0.27247609667574768, 0.25047092905035534] ; [0.2038257783031413, 0.22769262534818727, 0.25156018023841753, 0.14808603207266641]
840 ; 79 ; 118 ; 1 ; [6.8617960524589945] ; [0.27924873269471562]
840 ; 79 ; 118 ; 3 ; [1.1146893896377494] ; [3.8311667361625457]
840 ; 79 ; 118 ; 4 ; [-0.0030936509516638171] ; [0.60911005100338467]
840 ; 79 ; 118 ; 8 ; [1.0813055307185679] ; [0.72115696933931783]
840 ; 79 ; 118 ; 11 ; [0.57783723771369999] ; [0.72272043392454011]
840 ; 79 ; 118 ; 12 ; [0.58136565818639951] ; [1.3465245652541102]
840 ; 79 ; 119 ; 4 ; [0.68761431310887944, 0.53779047059348739, 0.78986131301582341] ; [0.46523161248817368, 0.50032149215948818, 0.36343720915662159]
840 ; 79 ; 121 ; 0 ; [0.017289933500405467, 0.04492509343200355, 0.078293982731901066, 0.02391502468447862] ; [0.20708869326990306, 0.24391633786638042, 0.23333526096671023, 0.23004215263199668]
840 ; 79 ; 121 ; 1 ; [0.11651430063448921] ; [0.11011230104859106]
840 ; 79 ; 122 ; 0 ; [0.37976103326210447, 0.32409791622908024, 0.19594690673145398] ; [0.29738697806438896, 0.78361444365151867, 0.089573278962827421]
840 ; 79 ; 123 ; 0 ; [0.042207962028720729, 0.025867688142439775] ; [1.066798071528853, 0.38245415139504024]
840 ; 79 ; 123 ; 1 ; [2.0009919088681944] ; [0.87150581935901816]
840 ; 79 ; 123 ; 3 ; [1.0883409397512893] ; [1.5051052374572547]
840 ; 79 ; 123 ; 7 ; [0.37496422926066991] ; [-0.00072162989100769276]
840 ; 79 ; 123 ; 8 ; [0.039821408681510975] ; [1.9218602992439924]
840 ; 79 ; 124 ; 1 ; [0.78137573430744101] ; [1.5579609356169275]
840 ; 79 ; 124 ; 3 ; [1.7649989749071924] ; [1.0802462337616991]
840 ; 79 ; 124 ; 4 ; [0.61369976409844962] ; [0.73058127400423833]
840 ; 79 ; 124 ; 8 ; [0.65073655269478825] ; [2.9045005575624367]
840 ; 79 ; 124 ; 9 ; [0.6339581381159427] ; [2.4828112119512609]
840 ; 79 ; 124 ; 18 ; [1.1149214788903448] ; [2.1082670506961887]
840 ; 79 ; 125 ; 0 ; [-0.0055520972412490387, 0.028565987725495196, 0.13223824939697798, -0.0063385646224325297] ; [0.25313003777184873, 0.34807417907184923, 0.33505497418562391, 0.04983862313678343]
840 ; 79 ; 126 ; 0 ; [0.38245557663536811, 0.4308252176619829] ; [0.38955421177297839, 0.28025306514337583]
840 ; 79 ; 127 ; 0 ; [0.10523395220576455] ; [0.07783155383861444]
840 ; 79 ; 127 ; 1 ; [0.63002659173142361] ; [0.50727219736097706]
840 ; 79 ; 127 ; 2 ; [2.3085563176311066] ; [1.5762629018588352]
840 ; 79 ; 127 ; 5 ; [1.4197877276003057] ; [1.3476712924957359]
840 ; 79 ; 127 ; 7 ; [1.0308652870491917] ; [0.91041143829206395]
840 ; 79 ; 127 ; 18 ; [0.10950614590764467] ; [0.057451983426545686]
840 ; 79 ; 127 ; 21 ; [0.34087113383311579, 0.67671396392447014] ; [0.13328166723928669, 0.77150405330518679]
840 ; 79 ; 127 ; 22 ; [0.24770232220565222] ; [1.2635669363124586]
840 ; 79 ; 128 ; 0 ; [1.5940625591811932] ; [0.37984120370081703]
840 ; 79 ; 129 ; 0 ; [0.35996730186108833, 0.44815917504575581, 0.34029318871813102] ; [0.14529322926095498, 0.51144173022714468, 0.38302852860055764]
840 ; 79 ; 129 ; 1 ; [0.19732621400869535] ; [0.014983605139591698]
840 ; 79 ; 130 ; 0 ; [1.0099777761824444] ; [0.67633937197614558]
840 ; 79 ; 132 ; 0 ; [0.31309352687753206] ; [0.14244647332884508]
840 ; 79 ; 132 ; 2 ; [0.15239482006526958] ; [0.11026061284864652]
840 ; 79 ; 133 ; 0 ; [0.0014911260674396012, 1.3863020644243778] ; [0.46939719023833137, 0.57919501371097037]
840 ; 79 ; 133 ; 1 ; [1.0085258156946555] ; [0.86138856721976531]
840 ; 79 ; 134 ; 0 ; [0.67456393688781224] ; [0.79152824233779717]
840 ; 79 ; 135 ; 0 ; [0.049321526751962178, 0.060025364372362673, 0.87524704813232335, 0.7642329644978878] ; [0.24372594543921444, 0.42607877619843487, 0.74850621732859091, 0.45086951138488351]
840 ; 79 ; 136 ; 0 ; [-0.005239237812420779, 0.00059179142195896249, -0.010192008779913659, -0.003448805288580594] ; [0.14179010926093116, 0.19875277418136456, 0.18900354955063708, 0.11622280628996987]
840 ; 79 ; 138 ; 0 ; [0.18742317428575092, 0.0037514392782493845, 0.00052205210792908283, 0.012569805624468806] ; [0.16206333750088117, 0.32710763396159642, 0.1853071023701626, 0.083104198488761161]
840 ; 79 ; 139 ; 0 ; [0.090865812943676141, 0.12733793530984516, 0.12139846741043249, 0.1126746439012177] ; [0.2155870421472085, 0.18698318917888959, 0.18182725625068868, 0.12481019580052956]
840 ; 79 ; 140 ; 0 ; [0.011749944150215068, 0.075293871010643429, 0.122615586815964] ; [0.17179961520618392, 0.16696822654292731, 0.092727354314413202]
840 ; 79 ; 141 ; 0 ; [-0.0017819371308172339, 0.022336323129072459, 0.030855648042089803, 0.003651186239354471] ; [0.12870126435797213, 0.33957877697403727, 0.39857215902596638, 0.17357550710921527]
840 ; 79 ; 142 ; 0 ; [2.101777091582977] ; [0.61558485368513771]
840 ; 79 ; 144 ; 0 ; [0.039883186594566584] ; [0.067947543412016032]
840 ; 79 ; 144 ; 3 ; [1.6672096823638511] ; [0.51502405748119728]
840 ; 79 ; 144 ; 6 ; [0.10819387652567657] ; [1.5670482361557529]
840 ; 79 ; 145 ; 0 ; [0.82612817840787289] ; [0.12825234656874077]
840 ; 79 ; 145 ; 1 ; [0.051935009107345567] ; [0.30077848394754098]
840 ; 79 ; 145 ; 2 ; [0.81912527624143616] ; [1.1378116732485219]
840 ; 79 ; 145 ; 5 ; [1.134979293534748] ; [1.1106318865471669]
840 ; 79 ; 145 ; 7 ; [1.0540379799833202] ; [1.174579460658449]
840 ; 79 ; 145 ; 9 ; [1.5548044214351091] ; [-0.14565705367546453]
840 ; 79 ; 145 ; 10 ; [0.17816045273823314] ; [1.0464094724989124]
840 ; 79 ; 145 ; 12 ; [1.7233504186429596] ; [1.0247146494634385]
840 ; 79 ; 145 ; 13 ; [0.20762654624107216] ; [0.79407593495552542]
840 ; 79 ; 145 ; 16 ; [0.2638239527068354] ; [1.0690917779253823]
840 ; 79 ; 146 ; 0 ; [0.47746148374880809] ; [1.29286573268303]
840 ; 79 ; 146 ; 2 ; [1.4124649830659151] ; [1.2019052094176439]
840 ; 79 ; 146 ; 7 ; [0.17523904670071389] ; [1.085907460467906]
840 ; 79 ; 146 ; 8 ; [0.57999930346148487] ; [2.0266869161566836]
840 ; 79 ; 146 ; 9 ; [0.93300818040469891] ; [0.04494715179866398]
840 ; 79 ; 146 ; 10 ; [0.97475374382240831] ; [0.54016374127215616]
840 ; 79 ; 146 ; 11 ; [3.1453085254712363] ; [2.054291955901923]
840 ; 79 ; 146 ; 12 ; [1.076234397161673] ; [0.69270306611032773]
840 ; 79 ; 146 ; 13 ; [0.218252839960733] ; [0.68513948620953435]
840 ; 79 ; 146 ; 14 ; [0.10854991603613584] ; [0.69585895646049523]
840 ; 79 ; 147 ; 2 ; [1.3636220211476653] ; [1.0312206378957485]
840 ; 79 ; 147 ; 3 ; [0.0055138762516742448] ; [0.32842646540021408]
840 ; 79 ; 147 ; 7 ; [1.1673245140693111] ; [0.57652546435533425]
840 ; 79 ; 147 ; 8 ; [0.79444202253516694] ; [1.1087783851205824]
840 ; 79 ; 147 ; 11 ; [0.03434893204540105] ; [1.0928012816293737]
840 ; 79 ; 147 ; 19 ; [0.7629190923570407] ; [0.8506987571486605]
840 ; 79 ; 148 ; 0 ; [0.45099407988493223, 0.098121630592040945] ; [0.26425320968588101, 0.19916667290819828]
840 ; 79 ; 148 ; 1 ; [0.25982455527949022] ; [-0.024877750010732152]
840 ; 79 ; 149 ; 0 ; [0.046012082670788705, 0.45249763351160915] ; [0.46647471686612557, 0.15959347229124585]
840 ; 79 ; 149 ; 1 ; [-0.014060386702126709] ; [0.71084916560822797]
840 ; 79 ; 149 ; 2 ; [1.3972171889460272] ; [0.69602190677792641]
840 ; 79 ; 149 ; 3 ; [3.6577794390188609] ; [0.0059114048217698755]
840 ; 79 ; 149 ; 4 ; [1.4098357132556196] ; [1.1230721867086508]
840 ; 79 ; 149 ; 7 ; [3.3471668819978202] ; [0.64931080376659711]
840 ; 79 ; 151 ; 0 ; [1.013083096198174, 0.10885131638130172] ; [0.18048648736886388, 0.7643059497835949]
840 ; 79 ; 151 ; 3 ; [3.7347468565401565] ; [1.6085465293750061]
840 ; 79 ; 151 ; 4 ; [1.3969852340871181] ; [2.271063004010244]
840 ; 79 ; 152 ; 0 ; [0.48304147963011973, 0.20738550655229479, 0.52202796602033574, 0.20255883468393165] ; [0.24805105197785077, 0.24697804299334067, 0.39607772446894091, 0.333983839781262]
840 ; 79 ; 152 ; 1 ; [0.019269971400858271] ; [0.25019321616059359]
840 ; 79 ; 152 ; 2 ; [0.012569335447213387] ; [0.1764952394143208]
840 ; 79 ; 152 ; 4 ; [0.088749816432272047] ; [-0.024606967124619777]
840 ; 79 ; 153 ; 0 ; [0.38720233506192858, 0.54853224319142202] ; [0.19739371732389319, 0.15995876942864259]
840 ; 79 ; 154 ; 0 ; [0.23027066203214519] ; [0.082869369873267124]
840 ; 79 ; 154 ; 1 ; [-0.14263436860425477] ; [0.243053153214951]
840 ; 79 ; 154 ; 2 ; [0.36274591966540015] ; [0.62485558509117711]
840 ; 79 ; 154 ; 3 ; [1.5981867018907732] ; [0.39887994509468239]
840 ; 79 ; 154 ; 6 ; [1.93610155626372] ; [3.5524529175711925]
840 ; 79 ; 154 ; 7 ; [1.193816345315263] ; [1.0817200982422333]
840 ; 79 ; 154 ; 8 ; [0.95755236284814338] ; [0.87609387500497038]
840 ; 79 ; 155 ; 0 ; [0.20089230089532159, 0.15993038621744321, 0.72377243181022954] ; [0.33773084934316305, 0.28927827867572586, 0.05637573568561495]
840 ; 79 ; 155 ; 1 ; [0.026719024224408857] ; [0.040568028695924477]
840 ; 79 ; 155 ; 2 ; [0.0012190700374685075] ; [-0.021849096860012823]
840 ; 79 ; 156 ; 0 ; [0.28864926450039874] ; [0.54356720501041311]
840 ; 79 ; 156 ; 9 ; [0.051489150041805785] ; [1.0632376829167902]
840 ; 79 ; 156 ; 11 ; [0.024010245870201244] ; [0.26022030646744776]
840 ; 79 ; 156 ; 12 ; [0.033942287691821164] ; [0.47825438844505991]
840 ; 79 ; 157 ; 0 ; [0.014683572913686408, -8.6099098335871174e-05] ; [0.17735002106483, 1.4143068861193573]
840 ; 79 ; 157 ; 1 ; [0.17757490097650921, 0.36119967007357301] ; [0.18747798792310461, 0.16985743175345311]
840 ; 79 ; 157 ; 2 ; [0.49948254223729505] ; [0.27170951728107523]
840 ; 79 ; 157 ; 4 ; [2.8599064349229257] ; [1.9371449767633619]
840 ; 79 ; 157 ; 9 ; [0.55867721461250786] ; [0.0063886245449098168]
840 ; 79 ; 157 ; 10 ; [0.027349265438858138] ; [-0.029121837562516854]
840 ; 79 ; 158 ; 0 ; [0.30740426738561633] ; [1.1265338029439251]
840 ; 79 ; 158 ; 2 ; [0.77469135162678193] ; [1.0685911181785996]
840 ; 79 ; 158 ; 3 ; [0.76866119543867351] ; [1.7788605341298016]
840 ; 79 ; 158 ; 4 ; [1.5515070810632186] ; [1.8099756155503437]
840 ; 79 ; 158 ; 5 ; [1.265753507939805] ; [0.74649512334866264]
840 ; 79 ; 158 ; 6 ; [1.7052015400497638] ; [1.5870156466734442]
840 ; 79 ; 158 ; 8 ; [2.2008705976662428] ; [1.7799739748411587]
840 ; 79 ; 158 ; 10 ; [0.54959973217661418] ; [1.6442091528896396]
840 ; 79 ; 158 ; 11 ; [5.1494993886565466] ; [1.7303918131490275]
840 ; 79 ; 158 ; 12 ; [1.0967880510073718] ; [2.8314461578354413]
840 ; 79 ; 158 ; 15 ; [0.015314589257098866] ; [2.0239810110144743]
840 ; 79 ; 158 ; 17 ; [0.035235361836634456] ; [1.2795862040549224]
840 ; 79 ; 158 ; 19 ; [0.38201955112771907] ; [0.87434390202175161]
840 ; 79 ; 158 ; 20 ; [1.8027264088431161] ; [1.6628972438635745]
840 ; 79 ; 158 ; 21 ; [0.57396566611141897] ; [1.6706911764897194]
840 ; 79 ; 158 ; 28 ; [1.9934685582134519] ; [2.1848538175503123]
840 ; 79 ; 158 ; 29 ; [4.9813985455098884] ; [2.9748016200804361]
840 ; 79 ; 158 ; 33 ; [1.3061219507678894] ; [0.41358521574798357]
840 ; 79 ; 159 ; 0 ; [0.51100286612153634] ; [0.079407979384431712]
840 ; 79 ; 159 ; 1 ; [0.21641453942759253] ; [0.42871160413952508]
840 ; 79 ; 159 ; 2 ; [0.22680971349030532] ; [0.2780986470505375]
840 ; 79 ; 159 ; 3 ; [0.47922026599592749] ; [0.65095070190751081]
840 ; 79 ; 159 ; 4 ; [-0.017283589054006666] ; [0.46045632127567787]
840 ; 79 ; 159 ; 8 ; [0.050345852585985541] ; [1.0825009851834109]
840 ; 79 ; 160 ; 1 ; [0.64927480494412926] ; [0.430779544967196]
840 ; 79 ; 161 ; 0 ; [0.18487646710316197] ; [0.27864791966522201]
840 ; 79 ; 161 ; 1 ; [0.95966363014063538] ; [1.4495706007089659]
840 ; 79 ; 161 ; 3 ; [0.92734971805177324] ; [0.54823301376341438]
840 ; 79 ; 161 ; 4 ; [0.3988123407346878] ; [0.52264593629395517]
840 ; 79 ; 162 ; 8 ; [2.0799135876399677] ; [2.4715295328795874]
840 ; 79 ; 163 ; 1 ; [0.071078387674215232] ; [0.010798800273723826]
840 ; 79 ; 164 ; 0 ; [-0.0076425335383837447, 0.13245314175710099, 0.053622777430677719, -0.024796505959667103] ; [0.15257109029998916, 0.33797188550787716, 0.19033892830853477, 0.10088036799921841]
840 ; 79 ; 165 ; 1 ; [0.65225839206730785] ; [2.4779101856435957]
840 ; 79 ; 165 ; 3 ; [1.2311649518962295] ; [1.3915502297784186]
840 ; 79 ; 165 ; 5 ; [0.55014311077962519] ; [4.5683713290084471]
840 ; 79 ; 165 ; 11 ; [0.45446580824077021] ; [1.4414802011431622]
840 ; 79 ; 165 ; 16 ; [0.20859540839847063] ; [2.8676015530194432]
840 ; 79 ; 166 ; 0 ; [4.6103452195381589] ; [1.4654974474801059]
840 ; 79 ; 166 ; 1 ; [4.9577242986261272] ; [1.709494679032765]
840 ; 79 ; 166 ; 3 ; [4.9044776127791225] ; [2.786910854677259]
840 ; 79 ; 166 ; 4 ; [4.3899285990479138] ; [0.6322074354798356]
840 ; 79 ; 166 ; 7 ; [2.7974350577225344] ; [1.9024377838843876]
840 ; 79 ; 166 ; 8 ; [1.679056796394218] ; [4.7434020736449964]
840 ; 79 ; 167 ; 0 ; [0.089546307651412735] ; [0.061034279203679806]
840 ; 79 ; 167 ; 5 ; [0.059528763156839679, 0.050340208850458736, 0.19060435932229106] ; [0.23111526092139109, 0.20698459405443742, 0.36387598185641251]
840 ; 79 ; 168 ; 0 ; [0.33209040236199233] ; [0.40830899733270637]
840 ; 79 ; 168 ; 1 ; [3.2519894682455757] ; [0.06887989996817856]
840 ; 79 ; 168 ; 2 ; [0.19450587328675059] ; [0.23729347333467332]
840 ; 79 ; 169 ; 0 ; [0.13476351181720952] ; [0.013891539102035933]
840 ; 79 ; 169 ; 1 ; [0.33280244976094475] ; [0.470735551277152]
840 ; 79 ; 170 ; 0 ; [0.37035810203905034] ; [0.8132624700179637]
840 ; 79 ; 171 ; 0 ; [0.17383417318293698] ; [-0.0024473359076724612]
840 ; 79 ; 171 ; 3 ; [1.6151268728051789] ; [0.1884360346472061]
840 ; 79 ; 172 ; 0 ; [0.65997558384583566] ; [0.24538629446803764]
840 ; 79 ; 173 ; 2 ; [0.096983205296861497] ; [0.19424848767646047]
840 ; 79 ; 173 ; 8 ; [0.37710987701873289] ; [0.23306989999438898]
840 ; 79 ; 174 ; 0 ; [0.46463502313811339] ; [0.45022581965474717]
840 ; 79 ; 175 ; 0 ; [0.34337601757173414] ; [0.23531303776393109]
840 ; 79 ; 175 ; 1 ; [0.41997731451003212] ; [0.97714668186654086]
840 ; 79 ; 175 ; 2 ; [0.13392009915744529] ; [0.21981148156352667]
840 ; 79 ; 175 ; 3 ; [0.051497930960394386] ; [0.68853766830732299]
840 ; 79 ; 175 ; 10 ; [0.82296464555739912] ; [1.2802833706115524]
840 ; 79 ; 175 ; 12 ; [0.2584688489623157] ; [0.69356410801630741]
840 ; 79 ; 175 ; 13 ; [0.079237375187580839] ; [0.13071820403955245]
840 ; 79 ; 176 ; 0 ; [0.39615724444144074] ; [-0.00049303521040447256]
840 ; 79 ; 176 ; 1 ; [0.32963887474327519, 0.428065468835992, 0.10287415048186528] ; [0.35719326001079643, 0.45005936334341079, 0.13573435154995764]
840 ; 79 ; 177 ; 0 ; [-0.030108292703435589, 0.013950107636834113] ; [0.28487961860798461, 0.20352808797029259]
840 ; 79 ; 177 ; 1 ; [0.074315360998843463] ; [0.11884105780980683]
840 ; 79 ; 178 ; 0 ; [0.20432360545435493, 0.14659991136574638, 0.076643456690199618] ; [0.23287283230324568, 0.17554121693117811, 0.091089231272837343]
840 ; 79 ; 179 ; 0 ; [0.65421367934651786] ; [0.15857709494047431]
840 ; 79 ; 179 ; 1 ; [0.41071196964337287] ; [0.9930697245435316]
840 ; 79 ; 179 ; 2 ; [0.77355620726352259] ; [0.60330362235339074]
840 ; 79 ; 179 ; 3 ; [1.2897657006182686] ; [1.4314193074240515]
840 ; 79 ; 180 ; 0 ; [0.016380500213312877, 0.038918031466425265, 0.11870988644685623, 0.13387915946830981] ; [0.50905046277606536, 0.10339971171441552, 0.36478871171204186, 0.18502360533994264]
840 ; 79 ; 180 ; 2 ; [0.11835101411399492] ; [0.36539276457980446]
840 ; 79 ; 181 ; 0 ; [0.29961666064025916, 0.3124152321912736, 0.35131604034963659, 0.081895428160357234] ; [0.36140037176611356, 0.30905913067559521, 0.59442392074505035, 0.12240556271049642]
840 ; 79 ; 182 ; 0 ; [0.098793911344560004, 0.087307901222360332, 0.045349873749865703, -0.0078233462240662795] ; [0.44549422689030771, 0.41170276524841626, 0.282971100109359, 0.083339365164468646]
840 ; 79 ; 183 ; 4 ; [0.13263471012218309] ; [0.23974718896833952]
840 ; 79 ; 183 ; 6 ; [-0.0066229844307449512] ; [0.49200772828642919]
840 ; 79 ; 184 ; 0 ; [2.0554611201961492] ; [0.43472495741646378]
840 ; 79 ; 184 ; 1 ; [0.88735663760082129] ; [0.10777278149563098]
840 ; 79 ; 184 ; 3 ; [1.5277912525913324] ; [1.1756437463513871]
840 ; 79 ; 184 ; 6 ; [1.878208810840545] ; [0.85117154052576993]
840 ; 79 ; 184 ; 8 ; [1.9847648562984694] ; [0.73917634170106716]
840 ; 79 ; 184 ; 9 ; [1.0886703873538965] ; [0.072322534641254252]
840 ; 79 ; 184 ; 23 ; [3.429881642664629] ; [0.59395475339540649]
840 ; 79 ; 184 ; 24 ; [1.3931519376093542] ; [2.1125898938108518]
840 ; 79 ; 185 ; 0 ; [1.0815693717000245] ; [0.28101192550759535]
840 ; 79 ; 185 ; 1 ; [0.74535174737640619] ; [0.18288464271230781]
840 ; 79 ; 186 ; 0 ; [0.21091770309797911, 0.16535243134658834] ; [0.1777932685167706, 0.1678070867472925]
840 ; 79 ; 186 ; 1 ; [0.11804958067959266] ; [0.30733747340912165]
840 ; 79 ; 186 ; 2 ; [0.04102012874898734] ; [0.19250012169068201]
840 ; 79 ; 187 ; 0 ; [0.026759105046075062, -0.00093309859303335923] ; [0.49188856329101122, 1.1953170433310181]
840 ; 79 ; 187 ; 1 ; [0.22126213026482194] ; [1.4467693213819106]
840 ; 79 ; 187 ; 2 ; [0.10383219149966764] ; [0.24235957990828189]
840 ; 79 ; 187 ; 7 ; [-0.015705006822716173] ; [0.2007337653989926]
840 ; 79 ; 187 ; 9 ; [0.20607436437805132] ; [1.9488252708747884]
840 ; 79 ; 187 ; 10 ; [2.7546624230928702] ; [2.8811672394168752]
840 ; 79 ; 187 ; 11 ; [0.12994202573877817] ; [2.1421880132351707]
840 ; 79 ; 187 ; 13 ; [1.3920811528857935] ; [2.4913168891681048]
840 ; 79 ; 188 ; 0 ; [0.96680306110714787] ; [0.90242079365710048]
840 ; 79 ; 188 ; 3 ; [0.15526103486456758] ; [1.3382383353900713]
840 ; 79 ; 188 ; 5 ; [0.024924555168395892] ; [1.3686191313179406]
840 ; 79 ; 188 ; 6 ; [1.0459026357677439] ; [1.2550864055272748]
840 ; 79 ; 189 ; 0 ; [0.16421631515808702, -0.0067565234930402687] ; [0.033324363783089631, 0.10482772818785265]
840 ; 79 ; 189 ; 1 ; [1.3264057786661461] ; [0.0043661294537644495]
840 ; 79 ; 190 ; 0 ; [0.62977317369568764] ; [0.24772678466431622]
840 ; 79 ; 190 ; 1 ; [0.054551570702657246] ; [0.24830759550644943]
840 ; 79 ; 191 ; 0 ; [0.49074834537341405, 0.3545067561280239] ; [0.6195297305952232, 0.2941139883359562]
840 ; 79 ; 192 ; 0 ; [1.8891561081910597] ; [0.47060544894706174]
840 ; 79 ; 192 ; 1 ; [0.23679966664768765] ; [1.051785862083563]
840 ; 79 ; 192 ; 3 ; [3.6847300548231927] ; [1.0518001512120343]
840 ; 79 ; 192 ; 4 ; [0.052611363837459874] ; [0.96738232046927086]
840 ; 79 ; 192 ; 5 ; [2.319082554221672] ; [1.2256182977988175]
840 ; 79 ; 192 ; 7 ; [0.096167013211637634] ; [1.8473609387554808]
840 ; 79 ; 192 ; 12 ; [0.28353141280850386] ; [1.8915594332361183]
840 ; 79 ; 192 ; 13 ; [-0.01384548419044313] ; [1.5318001260619007]
840 ; 79 ; 192 ; 15 ; [1.8595247506018788] ; [3.6704461015174443]
840 ; 79 ; 193 ; 0 ; [0.14073264152128664] ; [0.36192177980465717]
840 ; 79 ; 193 ; 1 ; [0.46942424646853637] ; [0.020486302564844332]
840 ; 79 ; 193 ; 2 ; [0.035555135629561106] ; [0.013533628427775555]
840 ; 79 ; 193 ; 3 ; [0.21514866476513772] ; [1.1337027233272574]
840 ; 79 ; 193 ; 4 ; [0.26846941495681409] ; [0.53855794003030444]
840 ; 79 ; 193 ; 5 ; [1.385775296850678] ; [0.027284302254345302]
840 ; 79 ; 194 ; 0 ; [0.32130125467347592] ; [0.2038550345713793]
840 ; 79 ; 194 ; 4 ; [0.031172157548161508, -0.0081247325751126441] ; [0.22760504669092863, 0.66072119417953479]
840 ; 79 ; 195 ; 0 ; [0.15312289903755388, 0.16519909353355586, 0.085951245960315267, 0.035617020115195568] ; [0.166407072264942, 0.40461389609371468, 0.15149258237175789, 0.070211801805528939]
840 ; 79 ; 196 ; 0 ; [0.32261775585656521, 0.24123061800019843, 0.26811593710943182, 0.63964680618585157] ; [0.37517706501972276, 0.22938128489961104, 0.53822660388963417, 0.19423230713641298]
840 ; 79 ; 196 ; 1 ; [0.15159590931560007] ; [0.10119538790430282]
840 ; 79 ; 197 ; 0 ; [0.34303151165517959] ; [2.9052292908961634]
840 ; 79 ; 197 ; 2 ; [4.1754019753949336] ; [1.288256851658697]
840 ; 79 ; 198 ; 0 ; [0.21608895037352194] ; [0.4329380271028398]
840 ; 79 ; 198 ; 1 ; [0.6589357254030912] ; [0.41272453807631204]
840 ; 79 ; 198 ; 6 ; [1.786322529545036] ; [1.6489415741046736]
840 ; 79 ; 198 ; 7 ; [0.9093365740143643] ; [0.44907349030587301]
840 ; 79 ; 198 ; 8 ; [1.6459996809367443] ; [0.39265724222133819]
840 ; 79 ; 198 ; 9 ; [1.6339937630136889] ; [2.1222805762496946]
840 ; 79 ; 198 ; 10 ; [1.4479066646680434] ; [1.5923951428615393]
840 ; 79 ; 198 ; 12 ; [1.979810766485621] ; [2.0129975079673428]
840 ; 79 ; 198 ; 13 ; [1.6844211650282084] ; [2.0679818713954328]
840 ; 79 ; 198 ; 17 ; [1.8469915059856743] ; [2.354599610529049]
840 ; 79 ; 198 ; 19 ; [0.89717769402082526] ; [0.92204210275011489]
840 ; 79 ; 198 ; 21 ; [2.1291668819397049] ; [1.698095983541198]
840 ; 79 ; 199 ; 0 ; [0.19438907815357659] ; [0.0065623890030594382]
840 ; 79 ; 199 ; 1 ; [0.14512558749738069] ; [0.035448188476081062]
840 ; 79 ; 200 ; 0 ; [0.038294106637154574, -0.0017347762188095017, 0.050152421191839394] ; [0.16277263694900151, 0.30344901702142024, 0.4001742844934944]
840 ; 79 ; 201 ; 0 ; [0.45464700336678909, 0.094186774379300314] ; [0.48209620633642675, 0.081030803926603223]
840 ; 79 ; 201 ; 1 ; [0.48165254411920305] ; [0.36016358827381939]
840 ; 79 ; 201 ; 3 ; [1.6788303815997638] ; [0.24848893688268503]
840 ; 79 ; 202 ; 0 ; [0.08159760688140516] ; [0.60939698899929751]
840 ; 79 ; 202 ; 8 ; [0.28906506079376404, 0.11267478860538714] ; [0.70069262822521283, 0.11716653267814581]
840 ; 79 ; 203 ; 0 ; [0.047424401396938973] ; [0.28875445245458387]
840 ; 79 ; 203 ; 1 ; [1.1136794747084309] ; [0.54060210160430533]
840 ; 79 ; 203 ; 2 ; [1.1571814506852887] ; [0.13244227341762557]
840 ; 79 ; 203 ; 3 ; [0.43714410293660855] ; [0.3025643728886111]
840 ; 79 ; 204 ; 0 ; [0.39543298735391758] ; [2.819545410075539]
840 ; 79 ; 204 ; 1 ; [0.49261199119125049] ; [0.24330503165629822]
840 ; 79 ; 204 ; 3 ; [0.65875595086326233] ; [0.1592845928048946]
840 ; 79 ; 204 ; 6 ; [0.059919351118059787] ; [2.0016904086094605]
840 ; 79 ; 204 ; 11 ; [1.2443414390719987] ; [4.6782128874353646]
840 ; 79 ; 204 ; 15 ; [3.8292443858113483] ; [0.44876697446953134]
840 ; 79 ; 204 ; 16 ; [1.7810500877629158] ; [2.5232860579287117]
840 ; 79 ; 204 ; 17 ; [0.72904032539878694] ; [0.24171700971183566]
840 ; 79 ; 204 ; 19 ; [1.0666080897283501] ; [0.22607751526190276]
840 ; 79 ; 204 ; 21 ; [-0.017908025951292303] ; [2.7341370965244653]
840 ; 79 ; 204 ; 24 ; [0.03377983377885431] ; [0.41134408573727071]
840 ; 79 ; 204 ; 25 ; [1.8539344003584828] ; [0.89563520893223092]
840 ; 79 ; 204 ; 29 ; [1.3998728476742104] ; [0.76786284773778213]
840 ; 79 ; 205 ; 0 ; [0.77301624347902642, 0.71571405649878939] ; [0.63254964417086479, 0.69917209332318719]
840 ; 79 ; 205 ; 1 ; [0.52222574992480664] ; [0.023274341707829833]
840 ; 79 ; 206 ; 0 ; [0.22995183469256306] ; [0.009978808812406521]
840 ; 79 ; 206 ; 1 ; [0.48848243582489387] ; [0.21296036143090047]
840 ; 79 ; 206 ; 2 ; [0.14714274277580827] ; [0.27455515237010863]
840 ; 79 ; 206 ; 6 ; [0.20836892788523018] ; [0.21434870847289356]
840 ; 79 ; 207 ; 0 ; [0.28386319530006188, 0.51068224392435302] ; [4.3251750174070417e-06, -0.009986841377571035]
840 ; 79 ; 207 ; 1 ; [0.39515752855058284] ; [0.20995160396601548]
840 ; 79 ; 207 ; 3 ; [1.1189494390703489] ; [0.38507291312118141]
840 ; 79 ; 207 ; 4 ; [0.41660507271310282] ; [0.074285371375589007]
840 ; 79 ; 207 ; 16 ; [0.092828232013083281] ; [0.2197254439803934]
840 ; 79 ; 208 ; 1 ; [1.5416317325351856] ; [2.3535433208483068]
840 ; 79 ; 208 ; 4 ; [4.1451576517892992] ; [1.349793177751107]
840 ; 79 ; 208 ; 6 ; [1.8529083130439283] ; [2.1287905870159718]
840 ; 79 ; 208 ; 7 ; [1.2917131834410083] ; [0.62235972236591119]
840 ; 79 ; 208 ; 8 ; [4.4729002005730099] ; [2.5496742166783815]
840 ; 79 ; 208 ; 10 ; [0.94155759225099145] ; [0.72664898950600232]
840 ; 79 ; 208 ; 11 ; [1.1934505412838676] ; [0.89463701058780143]
840 ; 79 ; 208 ; 12 ; [0.015036442849947117] ; [4.0771303648826276]
840 ; 79 ; 208 ; 19 ; [5.2584503319988869] ; [2.0171623372369747]
840 ; 79 ; 208 ; 21 ; [2.2190620258891451] ; [1.1949508410218859]
840 ; 79 ; 208 ; 22 ; [1.1068257673998867] ; [1.574522951861768]
840 ; 79 ; 209 ; 0 ; [0.15335895668555616, 0.1181956122116006] ; [0.19303868318092571, 0.069471868607556483]
840 ; 79 ; 209 ; 1 ; [0.013237733438524583] ; [0.052224526549837239]
840 ; 79 ; 210 ; 1 ; [1.8204957228127883] ; [1.6344091573458588]
840 ; 79 ; 210 ; 3 ; [2.1044555406840089] ; [2.9728776040976097]
840 ; 79 ; 210 ; 4 ; [1.9139688565391659] ; [0.51154569307726494]
840 ; 79 ; 210 ; 7 ; [3.037514605025696] ; [1.4710106287982436]
840 ; 79 ; 210 ; 8 ; [1.8609009331168562] ; [1.0118600804579998]
840 ; 79 ; 210 ; 14 ; [4.7010194340066676] ; [5.7993288687574438]
840 ; 79 ; 210 ; 15 ; [1.9226125995008154] ; [2.6714349342550223]
840 ; 79 ; 210 ; 17 ; [2.4244978642728081] ; [4.8277611341684397]
840 ; 79 ; 210 ; 18 ; [1.5648440946843512] ; [3.0705746420960955]
840 ; 79 ; 210 ; 19 ; [1.8282154239208004] ; [0.85668850947364106]
840 ; 79 ; 210 ; 20 ; [1.7683568908214105] ; [2.0057585975651087]
840 ; 79 ; 210 ; 22 ; [2.4264092824771635] ; [1.6289667445658447]
840 ; 79 ; 210 ; 23 ; [2.0522818193562502] ; [1.5716516326901027]
840 ; 79 ; 210 ; 24 ; [1.9834656408400104] ; [3.6084201513209746]
840 ; 79 ; 211 ; 0 ; [0.2354672378019996, 0.068575077698232817] ; [0.18099044402753106, 0.27917588025204387]
840 ; 79 ; 211 ; 1 ; [0.068639064748817757] ; [0.21669208902624101]
840 ; 79 ; 211 ; 2 ; [0.034613937818071434] ; [0.10293804368302588]
840 ; 79 ; 212 ; 0 ; [0.19639398300115116] ; [0.040244882596215559]
840 ; 79 ; 213 ; 0 ; [0.41203300356244171] ; [0.32589516571202526]
840 ; 79 ; 213 ; 1 ; [0.22631010496053611] ; [0.093725208784345482]
840 ; 79 ; 214 ; 0 ; [0.3007730766640182] ; [0.012879676098402361]
840 ; 79 ; 214 ; 1 ; [0.24859233071124737] ; [0.10681511025368204]
840 ; 79 ; 214 ; 3 ; [0.18693878632615873] ; [0.12845945923861773]
840 ; 79 ; 214 ; 10 ; [4.095703914622395] ; [1.8305208677579659]
840 ; 79 ; 214 ; 11 ; [0.11880270796006925] ; [0.0053329936322207665]
840 ; 79 ; 215 ; 0 ; [0.75500031530328726] ; [0.48634985071666442]
840 ; 79 ; 215 ; 4 ; [1.6076954771863452] ; [0.95492983263502951]
840 ; 79 ; 215 ; 5 ; [0.73485997735633624] ; [1.5957303355659771]
840 ; 79 ; 215 ; 6 ; [4.1694086305822866] ; [1.4881903269195424]
840 ; 79 ; 215 ; 7 ; [4.8727755406992177] ; [1.7291500343955024]
840 ; 79 ; 215 ; 11 ; [1.2328388623911788] ; [3.0079315916985121]
840 ; 79 ; 215 ; 12 ; [0.27917771898144028] ; [0.56149426128810243]
840 ; 79 ; 215 ; 13 ; [1.7795795848869416] ; [0.46929984128164165]
840 ; 79 ; 215 ; 16 ; [1.729732569962493] ; [0.84630079912148881]
840 ; 79 ; 215 ; 17 ; [0.9477014382275587] ; [1.7313180895715472]
840 ; 79 ; 215 ; 20 ; [1.5279916156974283] ; [3.170394840889704]
840 ; 79 ; 215 ; 24 ; [6.087607761657722] ; [0.28813334542181696]
840 ; 79 ; 215 ; 27 ; [0.93162270284816717] ; [2.0451187481134454]
840 ; 79 ; 215 ; 31 ; [3.5555447746100635] ; [1.3131864396570512]
840 ; 79 ; 215 ; 33 ; [8.2438194024533136] ; [3.6024526995861224]
840 ; 79 ; 215 ; 34 ; [1.783373994627643] ; [1.7941768372380495]
840 ; 79 ; 215 ; 38 ; [0.98394824166008077] ; [1.3578112959648352]
840 ; 79 ; 215 ; 39 ; [0.57652861702863001, 6.0202797974296685] ; [5.634247971198584, 8.6471319897429115]
840 ; 79 ; 215 ; 40 ; [5.9072901850850883] ; [4.9169164019841247]
840 ; 79 ; 215 ; 41 ; [2.7366126871626726] ; [1.7977906546841433]
840 ; 79 ; 215 ; 42 ; [1.9905089465887023] ; [3.6533924676709293]
840 ; 79 ; 215 ; 43 ; [2.8528419259394133] ; [1.7790104854659767]
840 ; 79 ; 215 ; 44 ; [1.6116366581832513] ; [0.51965072252710254]
840 ; 79 ; 215 ; 45 ; [0.62269562899054931] ; [0.70968115136733101]
840 ; 79 ; 215 ; 46 ; [1.83811298397987] ; [1.7163836805397068]
840 ; 79 ; 216 ; 0 ; [0.078862495346495573, -0.0030147482280123128, 0.088319673381164712, 0.31016803676126903] ; [0.46442456737261389, 0.30880737080360848, 0.83551529247210077, 0.12256294549108879]
840 ; 79 ; 217 ; 1 ; [0.5124577735319461] ; [0.66379899779441554]
840 ; 79 ; 217 ; 2 ; [0.28296640623659747] ; [0.15170758326547684]
840 ; 79 ; 217 ; 3 ; [0.62235980393751678] ; [-0.0098866288866908281]
840 ; 79 ; 217 ; 5 ; [0.05371526684886873] ; [0.22782105045986717]
840 ; 79 ; 218 ; 0 ; [0.056550651810680613, 0.79954149230201899] ; [0.40142708991880438, 0.91883280159485381]
840 ; 79 ; 218 ; 7 ; [0.96112010935441161] ; [1.6794396673009746]
840 ; 79 ; 218 ; 12 ; [0.10954707156179162] ; [1.4992504022001512]
840 ; 79 ; 218 ; 14 ; [3.3610343170858301] ; [0.97738033586419948]
840 ; 79 ; 218 ; 17 ; [0.021904520401495028] ; [0.94173792158353753]
840 ; 79 ; 219 ; 0 ; [0.320834752873431] ; [0.70604502617362808]
840 ; 79 ; 219 ; 1 ; [5.3607753578583965] ; [1.2255366800076031]
840 ; 79 ; 220 ; 0 ; [0.20086380382184288] ; [0.396278407489349]
840 ; 79 ; 220 ; 2 ; [0.58373267991357514] ; [0.90758920482591832]
840 ; 79 ; 220 ; 4 ; [0.030395949465920311] ; [0.10112637364141432]
840 ; 79 ; 221 ; 1 ; [0.82356886563774678] ; [0.48896085220259389]
840 ; 79 ; 221 ; 2 ; [0.6123689376000423] ; [-0.0023670783024974944]
840 ; 79 ; 222 ; 0 ; [0.33352302943623763, 0.22438465259205551, 0.2522068585145632, 0.22913220673641604, 0.46586954331544495] ; [0.13493373559624547, 0.20266798797791988, 0.24986829832474458, 0.26606199985875439, 0.11364528100695184]
840 ; 79 ; 222 ; 1 ; [0.20456374554920434] ; [0.026207850756096641]
840 ; 79 ; 223 ; 0 ; [0.061881484589585437, 0.032955630535646048, 0.035647151348192498] ; [0.14807577169982025, 0.19686669355934192, 0.1260049658472821]
840 ; 79 ; 224 ; 0 ; [2.6105165731729465, 1.5667159165000493] ; [0.96163217051604888, 0.34728873214850908]
840 ; 79 ; 224 ; 1 ; [2.3812844156274604] ; [0.23207612972949321]
840 ; 79 ; 226 ; 1 ; [1.0356930653262988] ; [0.95563236373174332]
840 ; 79 ; 226 ; 2 ; [1.1094724052979594, 3.1690917987687737] ; [1.607543213898637, 2.8449011427015818]
840 ; 79 ; 226 ; 3 ; [1.6658088924515999] ; [0.34034932993135686]
840 ; 79 ; 226 ; 4 ; [0.77817876154262366] ; [1.2114984832330802]
840 ; 79 ; 226 ; 5 ; [1.0173580145121119] ; [0.42198892194262949]
840 ; 79 ; 226 ; 6 ; [1.6761856867759681] ; [0.63641625289309156]
840 ; 79 ; 226 ; 7 ; [1.2339477556029368] ; [-0.013211101140020954]
840 ; 79 ; 226 ; 8 ; [0.024704023201217801] ; [0.17504200146354895]
840 ; 79 ; 226 ; 9 ; [2.2305138051403643] ; [1.7082764803186334]
840 ; 79 ; 226 ; 10 ; [1.254596195615395] ; [0.18252943474912572]
840 ; 79 ; 226 ; 13 ; [1.3354577661171896] ; [0.96433487026578746]
840 ; 79 ; 226 ; 14 ; [0.88867969959498427] ; [1.5736467283311728]
840 ; 79 ; 226 ; 18 ; [2.2326876143783609] ; [0.39038849430473188]
840 ; 79 ; 226 ; 19 ; [1.0974975374928924] ; [0.48045286305560858]
840 ; 79 ; 226 ; 26 ; [1.7312684430636409] ; [2.0719066810263072]
840 ; 79 ; 227 ; 0 ; [0.1450968684613213, 0.05474660016323768] ; [0.22276386018767744, 0.14189506037988425]
840 ; 79 ; 228 ; 0 ; [0.76475459168554494] ; [1.2257960574168996]
840 ; 79 ; 228 ; 1 ; [0.045637085603302818, 0.39920778200432128, 0.34200792219234416] ; [0.79313108092398887, 0.20090305718791493, 0.38491524431463026]
840 ; 79 ; 229 ; 13 ; [1.2494627861756684] ; [2.952471866891758]
840 ; 79 ; 230 ; 0 ; [2.0011351524562282, 2.120796398073356] ; [0.65204608925658125, 0.004704974710852447]
840 ; 79 ; 230 ; 2 ; [1.6482945760535048] ; [0.4167470225760222]
840 ; 79 ; 230 ; 5 ; [4.2968971974181036] ; [0.44593601853600418]
840 ; 79 ; 231 ; 0 ; [1.5450903302082621, 1.4338031680305456, 1.2232980178361303] ; [0.29888300008806512, 0.31100172494566419, 0.25853127571874879]
840 ; 79 ; 232 ; 0 ; [0.033023094026464896, 0.028587527695901366, 0.0081554873406311495, 0.088581328184798039] ; [0.18103271985239561, 0.18428887101642827, 0.17267927569164007, 0.19133077348134267]
840 ; 79 ; 233 ; 0 ; [0.022975387742148228, 0.069498890708491246] ; [1.0121229284218514, 0.11476705114948994]
840 ; 79 ; 233 ; 3 ; [0.60777121831683367] ; [1.1772325704124544]
840 ; 79 ; 233 ; 4 ; [0.49965178318181125] ; [1.123931004863066]
840 ; 79 ; 233 ; 8 ; [0.88739900187171483] ; [0.49096748298178594]
840 ; 79 ; 234 ; 0 ; [0.31731651590045951, 0.3712589739660615, 0.7775423683296484] ; [0.35580795597069359, 0.24104545451072373, 0.20512044967643256]
840 ; 79 ; 235 ; 0 ; [0.16434759493327084, 0.28491944469577485] ; [0.3116017755577048, 1.058180458546272]
840 ; 79 ; 235 ; 1 ; [0.10166716034579547] ; [0.93536395836562514]
840 ; 79 ; 236 ; 3 ; [1.8404109509983155] ; [0.80950592563354762]
840 ; 79 ; 236 ; 4 ; [1.4135010347849637] ; [5.4871460334544198]
840 ; 79 ; 236 ; 6 ; [2.3731886666420134] ; [3.1997219319905432]
840 ; 79 ; 236 ; 7 ; [2.3995557135592791] ; [4.855178030056968]
840 ; 79 ; 236 ; 10 ; [1.6993999290374604] ; [2.6025451506980772]
840 ; 79 ; 236 ; 11 ; [1.3821371382481817] ; [3.6439435980655746]
840 ; 79 ; 237 ; 0 ; [0.18626449052255034] ; [0.21320396872679692]
840 ; 79 ; 238 ; 0 ; [0.29416795142089186, 0.060788172130313463, 0.22154362332932906, 0.006528093576663411] ; [0.16427744525343743, 0.22050059731921959, 0.34247718291774026, 0.13422847935748586]
840 ; 79 ; 240 ; 0 ; [0.57071612948593986] ; [0.2049651685598903]
840 ; 79 ; 240 ; 1 ; [0.47054618426753858] ; [1.2107338702568571]
840 ; 79 ; 240 ; 2 ; [0.24194286380029603] ; [0.31797745424968876]
840 ; 79 ; 240 ; 3 ; [0.34015412369827824] ; [1.5901380735163655]
840 ; 79 ; 241 ; 0 ; [-0.01002782798708573, 0.3017280646531858, 1.4190963416456248] ; [0.20338563100563625, 0.41535347250721871, 0.10651386449139323]
840 ; 79 ; 241 ; 1 ; [1.8017007558851603] ; [0.12522711480388746]
840 ; 79 ; 242 ; 0 ; [0.34655192968333698] ; [0.32215386319822548]
840 ; 79 ; 242 ; 2 ; [0.30757224965613156] ; [0.38739988890014376]
840 ; 79 ; 243 ; 0 ; [0.16704200430475116, 0.16967431634162483, 0.74719071121984537] ; [0.21005290617301517, 0.05324631285015953, 0.068991526779737661]
840 ; 79 ; 244 ; 6 ; [2.8173169348726743] ; [1.5924841766453397]
840 ; 79 ; 245 ; 0 ; [0.14588659225388476, 0.11005575658826289, 0.76028098284098267] ; [0.28151106283131272, 0.24526832122809517, 0.054089216682777899]
840 ; 79 ; 245 ; 1 ; [0.16624232277641779] ; [-0.0038428202194409878]
840 ; 79 ; 246 ; 0 ; [2.4946607184163465] ; [0.41976576386859438]
840 ; 79 ; 246 ; 8 ; [1.1418612926671234] ; [0.94360601908580222]
840 ; 79 ; 247 ; 0 ; [0.14471764269109733, 0.10596796508341023, 0.084358910913186647] ; [0.20867344054450693, 0.17947917696136306, 0.16200133945339953]
840 ; 79 ; 248 ; 0 ; [0.8724267679768124, 1.8705337730875355] ; [0.85945668559475785, 0.52740266675184433]
840 ; 79 ; 248 ; 1 ; [1.7311190246027244] ; [2.0614328367267603]
840 ; 79 ; 248 ; 2 ; [2.3523656821401846] ; [2.8736196875172899]
840 ; 79 ; 248 ; 3 ; [1.7743095872333297] ; [2.4088579340313618]
840 ; 79 ; 248 ; 4 ; [1.8386999435046205] ; [1.201837689329156]
840 ; 79 ; 248 ; 8 ; [1.8893478089065634] ; [0.88001026475113364]
840 ; 79 ; 248 ; 10 ; [1.7881101330468576] ; [1.8667628302283721]
840 ; 79 ; 248 ; 12 ; [1.9525339064372162] ; [1.2973564207208994]
840 ; 79 ; 248 ; 13 ; [0.84165398011788006] ; [1.0120797685046581]
840 ; 79 ; 248 ; 14 ; [2.1271874933782473] ; [0.92818787256884516]
840 ; 79 ; 248 ; 15 ; [3.4110359658934652] ; [1.4545949301883105]
840 ; 79 ; 248 ; 16 ; [0.65583165733752036] ; [1.588669909078962]
840 ; 79 ; 248 ; 19 ; [2.0860630558836322] ; [1.7400672148621852]
840 ; 79 ; 248 ; 20 ; [0.75236866966792382] ; [0.94883247857066466]
840 ; 79 ; 248 ; 22 ; [1.3201914815294495] ; [1.0759382894785325]
840 ; 79 ; 248 ; 23 ; [0.85415531718775206] ; [0.82153545744140077]
840 ; 79 ; 248 ; 32 ; [2.6512471564522042] ; [0.64410099849710922]
840 ; 79 ; 248 ; 33 ; [0.97663300331069691] ; [0.4449277507829783]
840 ; 79 ; 248 ; 34 ; [1.0094878792936302] ; [0.60770946539710868]
840 ; 79 ; 248 ; 35 ; [1.8414137393377192] ; [1.2010945081301145]
840 ; 79 ; 248 ; 36 ; [1.2803295320884336] ; [1.1272697318568332]
840 ; 79 ; 249 ; 0 ; [0.54488333470047545] ; [0.51006674375565475]
840 ; 79 ; 249 ; 1 ; [0.32977891067481241] ; [0.52592881921437962]
840 ; 79 ; 250 ; 0 ; [0.031174927007181035, 0.14434315375362336] ; [0.52372897114173034, 1.0429185863846255]
840 ; 79 ; 250 ; 4 ; [3.2528407080982502] ; [2.4670161957667034]
840 ; 79 ; 250 ; 9 ; [1.0012465237270358] ; [1.7899248339647178]
840 ; 79 ; 250 ; 10 ; [1.2048908655948416] ; [0.73730010942533397]
840 ; 79 ; 251 ; 0 ; [0.39092452669807759, 0.6494737914250428] ; [0.63602785641083126, 0.17290173682809443]
840 ; 79 ; 252 ; 2 ; [0.03476438841593494] ; [0.27343661604126135]
840 ; 79 ; 252 ; 4 ; [0.029947687018694501] ; [3.2992639052942518]
840 ; 79 ; 253 ; 0 ; [0.24570299631118642, 0.064674600322602027, -0.013556656422666818] ; [0.44997758505430346, 0.2179815112397113, 0.0055197979323768917]
840 ; 79 ; 253 ; 1 ; [0.20291675776733323, 0.071223321506535833] ; [0.20235158024393302, 0.21180605372124037]
840 ; 79 ; 253 ; 3 ; [0.2181481227823405] ; [0.26070893487802688]
840 ; 79 ; 254 ; 0 ; [0.075794789064776588, 0.069077775527021962, 0.10086638827555498] ; [0.14208351626381452, 0.17705198839857597, 0.19458239372473038]
840 ; 79 ; 255 ; 0 ; [0.092149316278727883, 0.068479037213001429, 0.69430934474684414, 0.7691223020649105] ; [0.19795902701298929, 0.18675271698326865, 0.19176516467717375, 0.19743854680463735]
840 ; 79 ; 255 ; 1 ; [0.33840102255176652] ; [-0.001727483218468073]
840 ; 79 ; 256 ; 0 ; [0.0856572673205864, 0.19038046381721072, 0.25661492540710534, 0.27517395229067804, 0.038683879214042899] ; [0.14048969695015096, 0.12584127626388547, 0.30741275540376178, 0.33060284497334347, 0.065301921959404333]
840 ; 79 ; 257 ; 0 ; [0.49469377518954777, 0.21846457871311173] ; [0.5644328789825892, 0.12832573019992058]
840 ; 79 ; 258 ; 0 ; [0.37468418369855361] ; [0.14786544447632524]
840 ; 79 ; 258 ; 1 ; [0.44077780428793595] ; [0.38967152841162178]
840 ; 79 ; 258 ; 2 ; [0.017216691107856043] ; [0.14618269989269916]
840 ; 79 ; 259 ; 0 ; [0.22489019326955567, 0.24899502409749913, 0.076660545846453543] ; [0.21036971050260195, 0.25680062802441528, 0.14264779940941005]
840 ; 79 ; 260 ; 0 ; [2.1114977333599771] ; [0.31421868332418662]
840 ; 79 ; 260 ; 2 ; [0.55459078831826991] ; [1.005255913576045]
840 ; 79 ; 260 ; 5 ; [1.2391475862584884] ; [2.0661030942825187]
840 ; 79 ; 260 ; 6 ; [1.5055350399844067] ; [2.0237273037381418]
840 ; 79 ; 260 ; 7 ; [1.8327770762879396] ; [1.488490229661477]
840 ; 79 ; 260 ; 8 ; [1.5842427296420363] ; [1.3734918935407392]
840 ; 79 ; 260 ; 9 ; [1.120581803655839] ; [1.7084563246290019]
840 ; 79 ; 260 ; 12 ; [0.30249551427917515] ; [0.76516529380605725]
840 ; 79 ; 260 ; 13 ; [0.22072894813569649] ; [1.1306005598711435]
840 ; 79 ; 260 ; 15 ; [0.34832957169266687] ; [1.3317513850946865]
840 ; 79 ; 260 ; 16 ; [0.42420729786682199] ; [1.9260378365583417]
840 ; 79 ; 261 ; 0 ; [0.32072628810661846, 0.48153967519210106] ; [0.84473549012745741, 0.88398284507974867]
840 ; 79 ; 261 ; 1 ; [0.3292440176117975] ; [0.31254456812827214]
840 ; 79 ; 261 ; 2 ; [0.051900817986520346] ; [0.39267553224245572]
840 ; 79 ; 261 ; 3 ; [0.97094095931713698] ; [0.13651311721469886]
840 ; 79 ; 261 ; 4 ; [1.8083252261409999] ; [0.62090176784585382]
840 ; 79 ; 261 ; 5 ; [0.90999802999763113] ; [0.38522055234884583]
840 ; 79 ; 261 ; 6 ; [0.090021244142745982] ; [0.26674595121436756]
840 ; 79 ; 261 ; 22 ; [0.23058087218233669] ; [0.60330907000351186]
840 ; 79 ; 262 ; 0 ; [0.054178329092537635, 0.0065766061770354033] ; [0.21234289646455193, 0.1383610997919783]
840 ; 79 ; 263 ; 0 ; [0.18417535170812027, 0.44735080193436111, 0.51430167760836376, 0.17973377504677704] ; [0.17488814107280123, 0.27994447051159144, 0.49066642029270247, 0.38449259172377381]
840 ; 79 ; 264 ; 0 ; [0.46514252213691598] ; [0.15570307066666006]
840 ; 79 ; 264 ; 1 ; [0.79722568308394415] ; [0.00079291800113402537]
840 ; 79 ; 264 ; 5 ; [0.88029598972790124] ; [0.10933469590932518]
840 ; 79 ; 264 ; 6 ; [0.02492752970024615] ; [0.47435097846530416]
840 ; 79 ; 264 ; 12 ; [0.72432987526605985] ; [0.033172693798534936]
840 ; 79 ; 264 ; 13 ; [0.33479044041082995] ; [0.1538537588123107]
840 ; 79 ; 265 ; 0 ; [0.13147543465703482, 0.34996114064326711, 0.91812727914116454] ; [0.21120077130519305, 0.24187142575056161, 0.20410693530021362]
840 ; 79 ; 265 ; 1 ; [0.24494989960250294] ; [-0.066940953642884202]
840 ; 79 ; 265 ; 2 ; [0.27943332899461815] ; [-0.080296848955699648]
840 ; 79 ; 266 ; 1 ; [0.005861398490440848] ; [0.18772320695885378]
840 ; 79 ; 266 ; 3 ; [1.4232305323412127] ; [0.90904832996103213]
840 ; 79 ; 266 ; 5 ; [2.9211613460371675] ; [0.64939678937442735]
840 ; 79 ; 266 ; 9 ; [1.701442951580322] ; [0.99666275031336515]
840 ; 79 ; 266 ; 11 ; [0.077843442831742257] ; [1.1179068022594423]
840 ; 79 ; 266 ; 12 ; [2.4218208299956694] ; [0.49666049495007891]
840 ; 79 ; 267 ; 0 ; [0.24399283101247363, 0.17139607129487483] ; [0.25105091229595305, 0.71726961359454866]
840 ; 79 ; 267 ; 1 ; [0.75951626736946609, -0.36050856965561862] ; [0.37653735291458917, 1.1465348128381938]
840 ; 79 ; 268 ; 2 ; [1.3972609444066486] ; [3.3819928272320063]
840 ; 79 ; 268 ; 7 ; [2.5573700830129105] ; [2.0626824870443738]
840 ; 79 ; 268 ; 8 ; [1.2797867774937675] ; [0.1121900634350326]
840 ; 79 ; 268 ; 12 ; [0.11669694757961067] ; [1.5588729269000616]
840 ; 79 ; 268 ; 14 ; [1.6468793723281465] ; [1.390548879044269]
840 ; 79 ; 268 ; 15 ; [2.2118851137816233] ; [0.94274339452981626]
840 ; 79 ; 268 ; 17 ; [1.1556782161002617] ; [0.034640175857408972]
840 ; 79 ; 268 ; 21 ; [2.3188749620826363] ; [1.7185048753369809]
840 ; 79 ; 268 ; 22 ; [0.29038574287744795] ; [1.0712609724011399]
840 ; 79 ; 268 ; 23 ; [0.4087311934918812] ; [2.2931759300191032]
840 ; 79 ; 268 ; 24 ; [3.2053991985771622] ; [0.085883752161984891]
840 ; 79 ; 268 ; 25 ; [2.6065421424262496] ; [1.8341388633765281]
840 ; 79 ; 269 ; 0 ; [0.20398240668582895, 0.63599640269091262] ; [0.22159692157528812, 0.43708896830294358]
840 ; 79 ; 269 ; 1 ; [0.21177799488658658, 0.072688710808396589, 0.52481971420263507] ; [0.33875519077909505, 0.12819367103228496, 0.21244859392033189]
840 ; 79 ; 270 ; 0 ; [0.098117166679699691, -0.0018188642751981545, 0.066216152255760954, 0.090462619648077489] ; [0.34122963307620668, 0.23918650485621151, 0.29042732207355698, 0.24138847614979575]
840 ; 79 ; 271 ; 0 ; [0.13720950206109989, 0.16991065895031687, 0.078878439727699312] ; [0.15436275798757162, 0.22176852163420471, 0.11875909461017023]
840 ; 79 ; 272 ; 0 ; [0.020616238606032192, 0.053045213319536003, 0.01103950740779334] ; [0.21993046643564731, 0.36913469756021411, 0.089273142952647627]
840 ; 79 ; 273 ; 0 ; [0.11986093727924337] ; [0.13501390190949653]
840 ; 79 ; 273 ; 1 ; [0.26353258774076582] ; [-0.0437928268214514]
840 ; 79 ; 273 ; 2 ; [1.8464521643540308] ; [1.6424632137500568]
840 ; 79 ; 273 ; 3 ; [2.265065098819564] ; [3.9657358548886577]
840 ; 79 ; 273 ; 4 ; [0.049426510877669153] ; [1.7038987978155995]
840 ; 79 ; 273 ; 5 ; [2.3767922403521871] ; [0.87654389835085778]
840 ; 79 ; 273 ; 8 ; [0.30573828287868049] ; [0.454635002104958]
840 ; 79 ; 273 ; 9 ; [1.4875990577771077] ; [2.7141170664746235]
840 ; 79 ; 274 ; 0 ; [0.61879125531487145] ; [0.17116882796399205]
840 ; 79 ; 274 ; 1 ; [1.1839551233889201] ; [0.56590784138404282]
840 ; 79 ; 274 ; 5 ; [0.17858445007376875] ; [-0.038532220978259916]
840 ; 79 ; 275 ; 0 ; [0.0095828262830122725] ; [0.6084583300423646]
840 ; 79 ; 275 ; 6 ; [0.37087813465440073, 0.36557520431709573, 0.85719805082250533] ; [0.20061301844562224, 0.2165777504819322, 0.51611881508516666]
840 ; 79 ; 276 ; 0 ; [0.022800669536390757, 0.19231326084763128, 0.2273823052373288, 0.33813836180010376] ; [0.25205451948295088, 0.29246490953577126, 0.3274132369855291, 0.19235821064773814]
840 ; 79 ; 276 ; 1 ; [0.72138666065416779] ; [0.0038261954287213381]
840 ; 79 ; 277 ; 0 ; [0.23268567855754055, 0.34487850579554363] ; [0.24587176856291681, 0.30037325279396865]
840 ; 79 ; 277 ; 2 ; [0.14007951789944767] ; [0.12446142144648546]
840 ; 79 ; 278 ; 0 ; [0.068914070718925524, -0.00028762314535947872] ; [1.4634029138755995, 0.22099885690293095]
840 ; 79 ; 278 ; 1 ; [1.0164127224262893] ; [0.34366336961579635]
840 ; 79 ; 278 ; 2 ; [0.81819877409850705] ; [0.72115816421509993]
840 ; 79 ; 278 ; 5 ; [0.19982245067405471] ; [2.0170106636014058]
840 ; 79 ; 279 ; 0 ; [0.44268245247077376] ; [0.41253765537781817]
840 ; 79 ; 280 ; 1 ; [1.6581555468785478] ; [0.27870611382884247]
840 ; 79 ; 280 ; 5 ; [1.104939433858301] ; [1.4711426634959848]
840 ; 79 ; 281 ; 0 ; [0.48627578352125] ; [0.18716477953939029]
840 ; 79 ; 281 ; 1 ; [0.13794385568572354] ; [0.46938142423613766]
840 ; 79 ; 281 ; 3 ; [1.396691907300003] ; [0.8224253541742923]
840 ; 79 ; 281 ; 4 ; [1.1536944881344537] ; [1.3874510608479136]
840 ; 79 ; 281 ; 8 ; [1.0757337795398874] ; [1.1805507214165156]
840 ; 79 ; 281 ; 9 ; [1.9538296450221928] ; [1.6825583265706334]
840 ; 79 ; 282 ; 2 ; [0.4202683849424248] ; [0.64978218815340971]
840 ; 79 ; 283 ; 0 ; [0.09350940969015803, 0.035038427727923115, 0.011502507717351607] ; [0.2438149269264499, 0.19344810106286947, 0.089952434547381666]
840 ; 79 ; 284 ; 0 ; [0.2385297056065917, 0.10983043164910122] ; [0.13600714513327583, -0.025032316607815009]
840 ; 79 ; 285 ; 0 ; [0.37501616260034543, 1.0356269759826657] ; [0.27531854810558354, 0.57146273603652742]
840 ; 79 ; 285 ; 1 ; [1.0197854667078254] ; [0.45946412734721237]
840 ; 79 ; 286 ; 0 ; [0.59315944128296083] ; [1.6231138177751283]
840 ; 79 ; 287 ; 0 ; [0.082334901924794104, 0.071721642869135127, 0.042273013952474535] ; [0.20073063855697781, 0.20840805068359289, 0.040816459250440765]
840 ; 79 ; 288 ; 0 ; [0.34806572744497477, 0.20249279778671042] ; [0.30328587680595936, 0.41939664012884031]
840 ; 79 ; 288 ; 2 ; [1.1414511839722632] ; [1.3824703012329658]
840 ; 79 ; 289 ; 0 ; [1.8728434087279071] ; [5.5929448256830003]
840 ; 79 ; 289 ; 1 ; [5.0870704799899418] ; [2.0958049563408903]
840 ; 79 ; 289 ; 2 ; [0.45101495614928333] ; [1.2727224449657368]
840 ; 79 ; 289 ; 3 ; [3.9104261272653038] ; [6.0390059296964962]
840 ; 79 ; 289 ; 18 ; [0.5083966742100996] ; [2.5688260791926361]
840 ; 79 ; 290 ; 0 ; [0.40174505877515182] ; [2.7815909600085438]
840 ; 79 ; 291 ; 0 ; [0.45634300724595439] ; [1.1440024153429396]
840 ; 79 ; 291 ; 1 ; [0.2118932383906863] ; [1.0794812619892975]
840 ; 79 ; 291 ; 9 ; [1.7069961110410967] ; [1.2391922409614957]
840 ; 79 ; 292 ; 0 ; [0.15980261653339692, 1.6686557633872967] ; [0.049665385187322164, 0.062231868398703136]
840 ; 79 ; 292 ; 1 ; [0.17711835952812754] ; [0.20856154498102464]
840 ; 79 ; 292 ; 3 ; [0.32129218163868378] ; [0.016913823038609197]
840 ; 79 ; 292 ; 5 ; [0.39133914757966054] ; [0.3252016872842326]
840 ; 79 ; 293 ; 0 ; [0.21305258686675713, 0.10210493078392446, 1.112976191804169] ; [0.28010174623112921, 0.14992483636649953, 0.35660087342800539]
840 ; 79 ; 294 ; 2 ; [0.048346971301596223] ; [0.18650337477887177]
840 ; 79 ; 295 ; 0 ; [0.40827652750199117] ; [0.31789835272863431]
840 ; 79 ; 295 ; 1 ; [0.020197826237603619] ; [0.031243442437707332]
840 ; 79 ; 296 ; 0 ; [1.8860132011868798] ; [0.32029286585140165]
840 ; 79 ; 297 ; 2 ; [0.31719345373459812] ; [0.29994437857257478]
840 ; 79 ; 297 ; 3 ; [0.52339694007065829] ; [0.77235059638101444]
840 ; 79 ; 297 ; 4 ; [0.15209222902871766] ; [1.0315644993323414]
840 ; 79 ; 297 ; 6 ; [0.22721556603662207] ; [1.2473516568579741]
840 ; 79 ; 297 ; 19 ; [0.15315816949368175] ; [0.44940625689478325]
840 ; 79 ; 297 ; 21 ; [1.6846824913762148] ; [0.040765027374430593]
840 ; 79 ; 298 ; 0 ; [0.0025257881199005003, 0.15358603881317542, 0.013107602741179843, 1.4125975617238749] ; [0.22473109334186178, 0.25917881314942887, 0.17005246531218965, 0.14943544490381697]
840 ; 79 ; 298 ; 1 ; [0.050037194375531086] ; [-0.029125707928261708]
840 ; 79 ; 299 ; 0 ; [-0.0062928680643718638] ; [-0.036016508832353834]
840 ; 79 ; 300 ; 0 ; [0.11043843031249569, 0.071061816280510642, 0.067335898540847872] ; [0.43608654387681511, 0.2048239628929068, 0.34463441849336529]
840 ; 79 ; 300 ; 1 ; [0.072432121209352177] ; [0.23876659837849129]
840 ; 79 ; 300 ; 2 ; [0.20845059630204776] ; [0.65084128332506019]
840 ; 79 ; 301 ; 1 ; [0.5037424272677602] ; [0.16055065051791981]
840 ; 79 ; 302 ; 0 ; [0.39903441531783834, 0.50656608459259389] ; [0.22965229061015582, 0.10343318322107564]
840 ; 79 ; 303 ; 0 ; [0.15237017330577793, 1.2576008651131521] ; [0.13497685077547505, 0.15784194766016671]
840 ; 79 ; 303 ; 1 ; [1.2029090414808756] ; [0.46511327132502467]
840 ; 79 ; 304 ; 0 ; [0.39777032648583727, 0.41152974147682136, 0.4835687733473446, 0.34918643712936875] ; [0.25283862876711982, 0.16822679926480458, 0.44384758702119881, 0.21183662822288593]
840 ; 79 ; 304 ; 1 ; [0.42425903505708296] ; [0.21572190513808384]
840 ; 79 ; 304 ; 2 ; [0.51968692399282612] ; [0.12519520809259163]
840 ; 79 ; 305 ; 0 ; [1.6428092073805105] ; [0.89445570491779935]
840 ; 79 ; 305 ; 1 ; [1.5034931749227238] ; [0.6482253372566843]
840 ; 79 ; 305 ; 6 ; [0.84059203825009021] ; [6.691294598950714]
840 ; 79 ; 306 ; 0 ; [0.050877628675868751, 0.019135697980602384] ; [0.20327610520775743, 0.058302761261986996]
840 ; 79 ; 307 ; 0 ; [1.0569253486029142] ; [1.1667306021497645]
840 ; 79 ; 307 ; 3 ; [1.8908790773592972] ; [0.46617666492603893]
840 ; 79 ; 307 ; 4 ; [0.31517856526843008] ; [1.5572395202657976]
840 ; 79 ; 308 ; 0 ; [0.03416863059666133, 0.021038992505283252] ; [0.26695413718165173, 0.075930569452330593]
840 ; 79 ; 309 ; 0 ; [0.1243459880666057, 0.093956201624668653, 0.049758467159325769] ; [0.18270418202109234, 0.23226570510921388, 0.050867341229195388]
840 ; 79 ; 310 ; 0 ; [0.35647969768863097] ; [0.16181697656863242]
840 ; 79 ; 310 ; 1 ; [0.19805362925748135] ; [0.023887075463418419]
840 ; 79 ; 310 ; 2 ; [0.43387308137780395] ; [0.37806314253528156]
840 ; 79 ; 311 ; 1 ; [0.25874376114981346] ; [0.65115823572651599]
840 ; 79 ; 311 ; 6 ; [0.73512073562907121] ; [0.65114340845426655]
840 ; 79 ; 312 ; 0 ; [0.19536039399398047, 0.23325999327631608, 0.045624875263318349] ; [0.18723957727471666, 0.35028110776342036, 0.13644182817045383]
840 ; 79 ; 313 ; 0 ; [0.63098365307966009] ; [1.6349201102717978]
840 ; 79 ; 313 ; 1 ; [2.0314278454626007] ; [4.9587493798104827]
840 ; 79 ; 313 ; 4 ; [4.9091589028444513] ; [2.6063919799411943]
840 ; 79 ; 313 ; 6 ; [0.91794253512249024] ; [2.9252311419169006]
840 ; 79 ; 313 ; 11 ; [1.5486805080787123] ; [1.8746755022984094]
840 ; 79 ; 313 ; 17 ; [0.68635251104044037, 0.15760443082715717] ; [1.064773244512192, 2.6626428032444811]
840 ; 79 ; 313 ; 18 ; [0.19304328318502129] ; [1.5109883842271141]
840 ; 79 ; 314 ; 0 ; [0.70062537000858982] ; [0.4769688305406356]
840 ; 79 ; 315 ; 0 ; [1.0157693297938266] ; [0.14159979975846362]
840 ; 79 ; 315 ; 4 ; [0.13868848221425778] ; [0.028638187689502461]
840 ; 79 ; 315 ; 5 ; [0.57166844046875931] ; [0.054793781539160237]
840 ; 79 ; 315 ; 6 ; [0.31129446732853572] ; [0.50025396153724988]
840 ; 79 ; 315 ; 7 ; [0.0077008961353367232] ; [0.93775462377296548]
840 ; 79 ; 316 ; 1 ; [0.023053755821712572] ; [0.0058052940714216836]
840 ; 79 ; 317 ; 0 ; [1.6967884527618351] ; [0.52825784292983147]
840 ; 79 ; 317 ; 5 ; [0.27377200332679086] ; [1.826168626772368]
840 ; 79 ; 317 ; 8 ; [1.932731125234135] ; [3.2313986383601176]
840 ; 79 ; 318 ; 0 ; [0.58851252906751872] ; [0.87509690090320436]
840 ; 79 ; 318 ; 8 ; [0.5709051409339807] ; [1.0224544770975534]
840 ; 79 ; 318 ; 9 ; [1.2623639857948712] ; [0.25743670162444537]
840 ; 79 ; 318 ; 17 ; [1.301532474062056] ; [0.70662358581130069]
840 ; 79 ; 318 ; 18 ; [0.73072549001903497] ; [2.9627854022414968]
840 ; 79 ; 318 ; 19 ; [1.8907718956402821] ; [1.1656373527990167]
840 ; 79 ; 318 ; 21 ; [1.718302269477088] ; [0.59270244545308326]
840 ; 79 ; 318 ; 22 ; [0.27571608666415731] ; [2.7794330155026663]
840 ; 79 ; 318 ; 23 ; [1.0786993537994478] ; [2.2606848605299423]
840 ; 79 ; 318 ; 25 ; [1.4877750852341609] ; [0.85532665323897372]
840 ; 79 ; 318 ; 30 ; [1.4882055311457294] ; [4.0572819443709758]
840 ; 79 ; 318 ; 37 ; [1.5688303337015674] ; [1.1995087435425802]
840 ; 79 ; 320 ; 0 ; [0.46687063403163731] ; [0.56968562310358861]
840 ; 79 ; 320 ; 2 ; [0.54108305269176948] ; [0.25287102453279192]
840 ; 79 ; 321 ; 0 ; [2.0879322578228052] ; [0.77996227409885632]
840 ; 79 ; 322 ; 0 ; [0.011343958820620991, 0.039084015023166975, 0.1835456209426003, -0.010126789688771036] ; [0.26757799591453257, 0.094060479368118621, 0.19456446910346289, 0.11346234031592056]
840 ; 79 ; 322 ; 1 ; [0.0021939261454124023] ; [0.17204282150414377]
840 ; 79 ; 323 ; 0 ; [0.16100091779312176] ; [0.24670791288587798]
840 ; 79 ; 323 ; 2 ; [0.58851135733876569] ; [0.5926564796607986]
840 ; 79 ; 323 ; 4 ; [1.8960123086763658] ; [1.5899373610393783]
840 ; 79 ; 323 ; 5 ; [0.28283334129837723] ; [2.0172399281383653]
840 ; 79 ; 323 ; 8 ; [0.66477226521283206] ; [1.1349565003724322]
840 ; 79 ; 323 ; 10 ; [2.4241599601609392] ; [0.88850615775514319]
840 ; 79 ; 323 ; 11 ; [1.1518078317313092] ; [1.3257753386215936]
840 ; 79 ; 323 ; 17 ; [1.3271196083037968] ; [0.82244157808680995]
840 ; 79 ; 323 ; 19 ; [4.1021598541996385] ; [1.2795087565937553]
840 ; 79 ; 324 ; 2 ; [0.093102835632872347, 0.71882004270935929, 0.23104339286525891, 0.1569931574558624, 0.093501360979667547] ; [0.15251181557168725, 0.59985061331579448, 0.26653605637885613, 0.36322564913216143, 0.2321408860986979]
840 ; 79 ; 325 ; 1 ; [0.15288787161575468] ; [0.52124385275148155]
840 ; 79 ; 325 ; 2 ; [2.2317714582700123] ; [0.43366500647065576]
840 ; 79 ; 325 ; 4 ; [-0.009833432383346408] ; [0.7042262546967798]
840 ; 79 ; 325 ; 5 ; [0.51438441981160998, 1.089042575039149] ; [0.25092679233451709, 0.82558153463434236]
840 ; 79 ; 325 ; 6 ; [1.15785938950246] ; [0.74108984094245145]
840 ; 79 ; 326 ; 0 ; [1.9672653611878275, 1.0109297344248311] ; [0.59752712626188398, 0.49922419342254304]
840 ; 79 ; 326 ; 1 ; [0.29441884588247014] ; [1.891533548621394]
840 ; 79 ; 326 ; 3 ; [1.0328056514561199] ; [1.3984201881036165]
840 ; 79 ; 326 ; 4 ; [8.1997197666802357] ; [1.3967393313867873]
840 ; 79 ; 326 ; 7 ; [0.78292475430612052] ; [1.4010966203932442]
840 ; 79 ; 326 ; 9 ; [3.7057358572874692] ; [2.2690814964375616]
840 ; 79 ; 327 ; 1 ; [1.1412319173846017] ; [2.9067019237902296]
840 ; 79 ; 327 ; 3 ; [0.91198533849335794] ; [0.67523991005454176]
840 ; 79 ; 327 ; 4 ; [0.69667660645737095] ; [1.1040315234933955]
840 ; 79 ; 327 ; 7 ; [0.76815025628187672] ; [1.6532825341826531]
840 ; 79 ; 327 ; 9 ; [0.66298210334781849] ; [1.3096678639250212]
840 ; 79 ; 327 ; 11 ; [1.3689252458181833] ; [0.77261300202628014]
840 ; 79 ; 327 ; 12 ; [0.062126673434938787] ; [0.39920739756041085]
840 ; 79 ; 327 ; 13 ; [4.2342950838345041] ; [0.50984956020876016]
840 ; 79 ; 327 ; 14 ; [3.1053550555976406] ; [0.32034992387037453]
840 ; 79 ; 328 ; 0 ; [0.21386003627939398, 0.23447721893574128, 0.24496334196902503, 0.26395297201240703] ; [0.17161028432040881, 0.22470859506417684, 0.24052752166693303, 0.19877878111624689]
840 ; 79 ; 329 ; 0 ; [0.93751306108830246] ; [0.14785170005989856]
840 ; 79 ; 329 ; 1 ; [0.79396820486233344] ; [0.073960589489971487]
840 ; 79 ; 329 ; 5 ; [2.5741713015216465] ; [0.9931952452001247]
840 ; 79 ; 329 ; 6 ; [1.3464186693928808] ; [0.076811330252373383]
840 ; 79 ; 330 ; 0 ; [0.38229639764642931] ; [-0.0092034040249547675]
840 ; 79 ; 330 ; 1 ; [0.35716669729269007] ; [0.055006936444042656]
840 ; 79 ; 330 ; 2 ; [0.31887240812353601] ; [-0.0095501444222966872]
840 ; 79 ; 331 ; 0 ; [0.2842841388015232, 0.082222970396731446, 0.02255569497680051, 0.01570511562147394] ; [0.23354293180603622, 0.21731638392312602, 0.13647953874515323, 0.098410388175814892]
840 ; 79 ; 333 ; 0 ; [0.045503073212610663, 0.048082852423271212, 0.30783462011128354] ; [0.23534387856280348, 0.2181072666172636, 0.067437918541031927]
840 ; 79 ; 333 ; 1 ; [0.62296094168749261] ; [0.14784450322024861]
840 ; 79 ; 334 ; 1 ; [0.002457310361876974, 0.078530632150900725] ; [0.1992382301965929, 0.082512054066452845]