# Run ; Subrun ; Event ; Track ; Charge Ratios View 0 ; Charge Ratios View 1 #
840 ; 45 ; 0 ; 0 ; [0.33728770020222626] ; [0.22012520612425862]
840 ; 45 ; 1 ; 0 ; [0.10029163995681686] ; [0.63686763054338336]
840 ; 45 ; 1 ; 1 ; [0.25214945961941299] ; [2.5367300474871244]
840 ; 45 ; 1 ; 3 ; [3.9026319116707744] ; [0.070903879378392293]
840 ; 45 ; 2 ; 0 ; [0.045215056104989992, 0.012862656655248815] ; [0.20350157989395137, 0.053448972522937441]
840 ; 45 ; 4 ; 2 ; [1.4135469746478064] ; [1.7057273488710893]
840 ; 45 ; 4 ; 3 ; [1.3698872408451854] ; [2.0383073766884956]
840 ; 45 ; 4 ; 7 ; [1.880568720088893] ; [0.93930636841631743]
840 ; 45 ; 4 ; 12 ; [1.7698019503509566] ; [1.4575561122787486]
840 ; 45 ; 5 ; 0 ; [0.092755055003208034, 0.097387960550321173] ; [0.16306845125479788, 0.17491745650699367]
840 ; 45 ; 6 ; 1 ; [0.019893304857947509] ; [-6.8034373799539396e-05]
840 ; 45 ; 6 ; 2 ; [0.75989183087978684] ; [0.60263196993951262]
840 ; 45 ; 6 ; 8 ; [1.0142865712920324] ; [-0.0077994792606321485]
840 ; 45 ; 7 ; 0 ; [0.22791597201131847] ; [0.26814647045443207]
840 ; 45 ; 8 ; 0 ; [0.1527017963314054, 0.57332988131879892] ; [0.032591016801518692, 0.010516392903373823]
840 ; 45 ; 8 ; 1 ; [0.12052410810703058] ; [0.016458632666839335]
840 ; 45 ; 9 ; 0 ; [0.037207035426991823, 0.047863845051474063, 0.13130414015134692, 0.3579000885837908] ; [0.27528575831892976, 0.16948942873891862, 0.18970913329130357, 0.16691069090332572]
840 ; 45 ; 10 ; 0 ; [0.86996734692957955] ; [0.28022917181125667]
840 ; 45 ; 10 ; 4 ; [1.044374607594684] ; [0.33746061957266238]
840 ; 45 ; 11 ; 0 ; [0.89176302862865287] ; [2.1660859796069616]
840 ; 45 ; 11 ; 1 ; [1.7716080974313628] ; [2.3054437563923833]
840 ; 45 ; 11 ; 3 ; [2.7055350100824369] ; [0.71561141360558822]
840 ; 45 ; 11 ; 6 ; [1.0895807065653962] ; [0.94000683138591823]
840 ; 45 ; 11 ; 7 ; [0.65818659971865401] ; [1.7756947456827181]
840 ; 45 ; 12 ; 0 ; [0.13737944948978828] ; [0.82970923959635734]
840 ; 45 ; 12 ; 1 ; [0.7624100182402016] ; [0.26752643977537577]
840 ; 45 ; 12 ; 2 ; [1.5083403101107602] ; [0.023634384278134187]
840 ; 45 ; 12 ; 3 ; [0.41805485853762347] ; [0.086966207898897349]
840 ; 45 ; 12 ; 4 ; [0.86636824525947687] ; [0.69294991025231112]
840 ; 45 ; 12 ; 5 ; [2.87286330945699] ; [0.78315184629289869]
840 ; 45 ; 12 ; 8 ; [1.6176706247589647] ; [1.0002035895514125]
840 ; 45 ; 12 ; 19 ; [0.18573962058517243, 0.29552163811658422] ; [0.4019640754916467, 0.33776836593650611]
840 ; 45 ; 13 ; 2 ; [7.5466040022453376] ; [0.10535785139232758]
840 ; 45 ; 13 ; 6 ; [0.28904773390648486] ; [0.065048335703330198]
840 ; 45 ; 13 ; 9 ; [1.5806732784919311] ; [1.7694630082171057]
840 ; 45 ; 13 ; 11 ; [1.0888414910541271] ; [2.5623140075928785]
840 ; 45 ; 13 ; 12 ; [2.0211744389213351] ; [1.4978415930345363]
840 ; 45 ; 13 ; 13 ; [0.92201199055347582] ; [0.63623787907918272]
840 ; 45 ; 13 ; 16 ; [2.2298108083070343] ; [1.6971478631542389]
840 ; 45 ; 13 ; 17 ; [2.2558724853158822] ; [0.90520650305149797]
840 ; 45 ; 13 ; 18 ; [1.2269997788524039] ; [2.1132784510176852]
840 ; 45 ; 13 ; 20 ; [1.1772628221408634] ; [2.4661299435757975]
840 ; 45 ; 15 ; 0 ; [0.085142964548725206] ; [0.14600751332854309]
840 ; 45 ; 16 ; 0 ; [0.15612466409992282] ; [0.35357421084973317]
840 ; 45 ; 16 ; 1 ; [0.57230157679177185] ; [0.93568903671513437]
840 ; 45 ; 17 ; 0 ; [0.22243729494001735, 0.084852280713615003] ; [0.18462443097289313, 0.14893979815699304]
840 ; 45 ; 19 ; 0 ; [0.12772964166617123] ; [0.1012341361383393]
840 ; 45 ; 19 ; 4 ; [1.3328554972196944] ; [2.1742876008896568]
840 ; 45 ; 19 ; 5 ; [3.815516188023194] ; [0.53872986465988848]
840 ; 45 ; 19 ; 8 ; [1.8356331624154663] ; [0.81324020681637654]
840 ; 45 ; 20 ; 0 ; [0.19122687259383345, 0.16354811660707413, 0.16525522538291809, 0.26564642711618724, 0.10827654076831272] ; [0.13940366487485689, 0.16428792464495168, 0.12767641869336865, 0.19269997980343354, 0.083838360929807745]
840 ; 45 ; 21 ; 0 ; [0.5208534755096067] ; [0.81300437265397918]
840 ; 45 ; 21 ; 1 ; [1.4888977762532793] ; [0.48032974070530149]
840 ; 45 ; 21 ; 3 ; [1.1720991584768803] ; [0.19000355543514752]
840 ; 45 ; 21 ; 5 ; [0.74015475334274083] ; [1.375182598044475]
840 ; 45 ; 21 ; 6 ; [2.1531904069001473] ; [0.81547851005495908]
840 ; 45 ; 22 ; 0 ; [0.56865645856834357, 0.15780403875991658, 0.058554274987743064] ; [0.59214168851428117, 0.23953103180168639, 0.19361914416251011]
840 ; 45 ; 22 ; 1 ; [-0.012741513153620739] ; [0.03979464764383623]
840 ; 45 ; 24 ; 0 ; [0.021738522426823219, 0.0083492307979361954] ; [0.27803218966321697, 0.077752213994787531]
840 ; 45 ; 25 ; 1 ; [1.039919878890103] ; [0.22093337261036891]
840 ; 45 ; 25 ; 5 ; [0.92215790589686453] ; [6.0698936804462296]
840 ; 45 ; 25 ; 7 ; [0.51073486831431647] ; [1.4666033829906595]
840 ; 45 ; 26 ; 0 ; [0.31211929510772463] ; [0.31434169672787965]
840 ; 45 ; 27 ; 0 ; [0.22481707527488637, 0.18524086562592215, 0.090850425232311183] ; [0.1190065012574001, 0.35080685444449949, 0.12835320223980634]
840 ; 45 ; 29 ; 0 ; [0.66477052034667017, -0.016087020265530497, 0.00023898068284097541, 0.0021534046970947242] ; [0.17658399135124447, 0.28081537204844936, 0.17764945718187333, 0.2734755703723199]
840 ; 45 ; 30 ; 0 ; [0.022307925166790577] ; [0.033811133576403203]
840 ; 45 ; 30 ; 2 ; [0.0094669797176215442] ; [0.078812614317237586]
840 ; 45 ; 31 ; 0 ; [0.22013847570187478] ; [0.31018659061804771]
840 ; 45 ; 31 ; 1 ; [0.22564941178433751] ; [0.28868717836820773]
840 ; 45 ; 32 ; 0 ; [0.013266028943200035] ; [0.17397125706396632]
840 ; 45 ; 32 ; 5 ; [1.8233734742920817] ; [1.2597974444895412]
840 ; 45 ; 33 ; 0 ; [0.46897499065552939] ; [1.0862017702270752]
840 ; 45 ; 33 ; 1 ; [0.87730678947428187] ; [1.5248683659036815]
840 ; 45 ; 33 ; 3 ; [0.23199282929573289] ; [0.13695426158651178]
840 ; 45 ; 34 ; 0 ; [0.46031773455178737] ; [0.70447887488045191]
840 ; 45 ; 34 ; 1 ; [0.0052317445877874055] ; [1.6421099245551503]
840 ; 45 ; 34 ; 2 ; [0.22605400006151508] ; [0.3841197050683316]
840 ; 45 ; 34 ; 3 ; [0.80590709031855901] ; [0.26374937686614969]
840 ; 45 ; 34 ; 5 ; [0.39493070582817918] ; [1.4908597376599959]
840 ; 45 ; 35 ; 0 ; [0.89512422979238471] ; [0.21215340616066403]
840 ; 45 ; 36 ; 0 ; [0.41470540234098807, 0.022536100396117136] ; [0.39708017660514344, 0.22091472968553008]
840 ; 45 ; 36 ; 2 ; [0.32091152735177753] ; [0.27034403632365661]
840 ; 45 ; 36 ; 3 ; [0.44336002829965349] ; [0.31454428397654172]
840 ; 45 ; 36 ; 4 ; [1.0833998842946915] ; [0.33918537648975566]
840 ; 45 ; 37 ; 0 ; [0.5550858302084043] ; [0.0071084230042719439]
840 ; 45 ; 37 ; 3 ; [0.3105587489181193, 0.40005495735703855, 0.19284808132508097, 0.24068696170166895, 0.34169008990259297] ; [0.37377865983832359, 0.31101199091027337, 0.23738248992907454, 0.16663346405987364, 0.14994463433926356]
840 ; 45 ; 38 ; 0 ; [0.027668986002157076, 0.038860369613441831, 0.37127099846461892, 0.054136438695260705] ; [0.17552603661480021, 0.19379500296809482, 0.34036263776182724, 0.29873933830656807]
840 ; 45 ; 39 ; 0 ; [0.11427563319986424, 0.2268108191306285, 0.076418433164705354, 0.031242748359223922] ; [0.24032263174559468, 0.44770009494379259, 0.17009948715192916, 0.074709292572596328]
840 ; 45 ; 41 ; 0 ; [1.0967005900810083] ; [0.25421466163294715]
840 ; 45 ; 41 ; 1 ; [0.46970103241284178, 0.11541725786539665] ; [1.8584715370770357, 0.41118848770653088]
840 ; 45 ; 41 ; 2 ; [0.30138776550838975] ; [-0.00974145748524388]
840 ; 45 ; 41 ; 5 ; [0.6311432440789978] ; [0.82329111243868802]
840 ; 45 ; 41 ; 7 ; [0.55901205071864501] ; [1.4876919558686483]
840 ; 45 ; 41 ; 9 ; [0.05475051494004822] ; [0.2856546886106639]
840 ; 45 ; 41 ; 10 ; [1.4145275952736907] ; [2.3141930978921703]
840 ; 45 ; 41 ; 11 ; [0.89591322727907141] ; [-0.0034142040353988545]
840 ; 45 ; 41 ; 13 ; [1.2714806590987271] ; [0.11495187853582339]
840 ; 45 ; 41 ; 14 ; [0.87444653509214398] ; [0.051628303464679559]
840 ; 45 ; 41 ; 15 ; [0.7322924828442039] ; [4.900156143386484]
840 ; 45 ; 41 ; 16 ; [0.80566793451648733] ; [2.9568586235941141]
840 ; 45 ; 41 ; 18 ; [0.48502725938071861] ; [-0.0061353912139543105]
840 ; 45 ; 41 ; 19 ; [1.3681779447487645] ; [1.1693151236301027]
840 ; 45 ; 41 ; 20 ; [0.97435755031759541] ; [1.8177766057080644]
840 ; 45 ; 42 ; 0 ; [0.032882525303571858] ; [0.047525012262613346]
840 ; 45 ; 42 ; 1 ; [1.0846884131630656] ; [0.25640865627076176]
840 ; 45 ; 42 ; 3 ; [0.056228370884337776] ; [0.16488844748293274]
840 ; 45 ; 43 ; 0 ; [1.7638086479057662] ; [0.78881327680649216]
840 ; 45 ; 43 ; 4 ; [0.39469077113798828] ; [0.028523613895249017]
840 ; 45 ; 44 ; 0 ; [0.45740938178694845] ; [0.03072027775154958]
840 ; 45 ; 44 ; 5 ; [0.041731529543130814] ; [0.12355919580546033]
840 ; 45 ; 45 ; 1 ; [1.5740830870572875] ; [0.076898056009938501]
840 ; 45 ; 45 ; 3 ; [1.2309748975140129] ; [0.48708500893565959]
840 ; 45 ; 45 ; 4 ; [0.51493598376600025] ; [0.44929877856870104]
840 ; 45 ; 45 ; 5 ; [0.20510733067438736] ; [1.1954510196090316]
840 ; 45 ; 45 ; 6 ; [8.3789574138496281] ; [1.5317370101534389]
840 ; 45 ; 45 ; 8 ; [0.4066919894158661] ; [0.28946546059322042]
840 ; 45 ; 45 ; 15 ; [3.8330779893313296] ; [2.5165298466326691]
840 ; 45 ; 45 ; 16 ; [0.18922430500952447] ; [1.0034205583891023]
840 ; 45 ; 45 ; 20 ; [1.3225039486078056] ; [-0.34628617067341561]
840 ; 45 ; 46 ; 0 ; [0.12544643120677393, 0.079599644776263787, 0.071916427139324599] ; [0.2024668560523398, 0.21128287308415514, 0.012365394104078295]
840 ; 45 ; 46 ; 1 ; [1.6924770986182733] ; [0.29972972910223145]
840 ; 45 ; 47 ; 0 ; [0.89413312062127404] ; [0.19387996614650091]
840 ; 45 ; 47 ; 1 ; [1.3991426784481427] ; [4.4574107700856258]
840 ; 45 ; 47 ; 3 ; [1.7729921645364111] ; [1.124282562062987]
840 ; 45 ; 47 ; 5 ; [1.1326437396504603] ; [1.6587050613277647]
840 ; 45 ; 47 ; 6 ; [2.77417529880928] ; [4.7133271880806236]
840 ; 45 ; 47 ; 9 ; [1.4504803498628924] ; [1.5781660889352953]
840 ; 45 ; 47 ; 10 ; [1.8771336509837433] ; [2.6921321542752534]
840 ; 45 ; 47 ; 11 ; [1.3090051210742655] ; [0.90880922032255074]
840 ; 45 ; 47 ; 12 ; [1.5279948574180267] ; [1.0218295381796521]
840 ; 45 ; 47 ; 13 ; [2.1825858867341759] ; [3.0216381118873272]
840 ; 45 ; 47 ; 14 ; [1.9673490451215505] ; [1.7718062179315988]
840 ; 45 ; 47 ; 15 ; [1.499496292223794] ; [5.5836005560561581]
840 ; 45 ; 47 ; 16 ; [1.6708400117436284] ; [3.87964915004711]
840 ; 45 ; 47 ; 17 ; [1.0704216241629023] ; [0.7674133475045547]
840 ; 45 ; 47 ; 20 ; [2.808026574326028] ; [3.2083170564475783]
840 ; 45 ; 47 ; 21 ; [1.4390817709158366] ; [1.6724643420393797]
840 ; 45 ; 47 ; 22 ; [2.2682475760149541] ; [2.0184623171457208]
840 ; 45 ; 47 ; 25 ; [0.24567811674114862] ; [2.9065813117457258]
840 ; 45 ; 47 ; 32 ; [1.5897979076513671] ; [0.3106116452618114]
840 ; 45 ; 47 ; 33 ; [1.1844814879945946] ; [1.3114721301774841]
840 ; 45 ; 47 ; 34 ; [2.1085748316298645] ; [2.4492299617392446]
840 ; 45 ; 47 ; 35 ; [0.60891429972811029] ; [3.6989813313450877]
840 ; 45 ; 47 ; 36 ; [2.1838016619067395] ; [3.8120135838374125]
840 ; 45 ; 48 ; 0 ; [0.94037193813707376] ; [1.3329791276518281]
840 ; 45 ; 48 ; 1 ; [1.1028564335163291] ; [1.1001313897803362]
840 ; 45 ; 48 ; 11 ; [1.7367298680579386] ; [0.097102451970949105]
840 ; 45 ; 48 ; 14 ; [1.4067605892183292] ; [1.2289279246966682]
840 ; 45 ; 48 ; 16 ; [0.85524398180017913] ; [0.43746307358089331]
840 ; 45 ; 48 ; 18 ; [2.0670268162873082] ; [0.59482320645404574]
840 ; 45 ; 48 ; 19 ; [2.0068573921692514] ; [1.7546661163959989]
840 ; 45 ; 48 ; 20 ; [2.1158867859500483] ; [1.8156448597346639]
840 ; 45 ; 48 ; 21 ; [1.7066882460161168] ; [7.0206028681048771]
840 ; 45 ; 48 ; 22 ; [2.1110229356734234] ; [1.6281509769802098]
840 ; 45 ; 48 ; 23 ; [1.4238146699256324] ; [0.50426026370251109]
840 ; 45 ; 48 ; 25 ; [9.2929495994353957] ; [1.6820099013281891]
840 ; 45 ; 48 ; 27 ; [8.0157579832497845] ; [1.7527947534389547]
840 ; 45 ; 48 ; 28 ; [1.6444900657450998] ; [1.7043566831424495]
840 ; 45 ; 48 ; 29 ; [1.6104859511455014] ; [1.7148549851494739]
840 ; 45 ; 48 ; 30 ; [1.3046645441178217] ; [1.2629261835209034]
840 ; 45 ; 48 ; 31 ; [1.72311490788879] ; [2.2078979763988302]
840 ; 45 ; 48 ; 32 ; [1.9715739265273033] ; [1.6430448639888355]
840 ; 45 ; 48 ; 34 ; [2.0319823041935248] ; [1.5285776598065974]
840 ; 45 ; 48 ; 35 ; [2.44078853860043] ; [0.89172267400637528]
840 ; 45 ; 48 ; 37 ; [1.6465307088630312] ; [1.6427955076561511]
840 ; 45 ; 48 ; 38 ; [1.7041311749270578] ; [2.5133733552197075]
840 ; 45 ; 48 ; 41 ; [1.7473201162597092] ; [1.0801698134916311]
840 ; 45 ; 48 ; 44 ; [0.87934613223888258] ; [2.0059645770615138]
840 ; 45 ; 48 ; 46 ; [4.9659825537648112] ; [1.16619713808917]
840 ; 45 ; 48 ; 47 ; [1.9510275231188303] ; [1.5159425555015937]
840 ; 45 ; 48 ; 49 ; [0.65036789936659101] ; [1.0855896965343883]
840 ; 45 ; 48 ; 50 ; [1.2277800199222133] ; [0.46832544026632705]
840 ; 45 ; 48 ; 51 ; [2.36910326200702] ; [2.6816321564303696]
840 ; 45 ; 48 ; 52 ; [1.4330192271617708] ; [4.3003584021110317]
840 ; 45 ; 48 ; 53 ; [2.138374340563721] ; [0.84321715592795776]
840 ; 45 ; 48 ; 54 ; [2.9811990211981305] ; [1.8892783449080714]
840 ; 45 ; 48 ; 55 ; [1.1624350555687826] ; [2.0014302803645152]
840 ; 45 ; 48 ; 56 ; [1.7007794257471867] ; [2.0964778249756493]
840 ; 45 ; 48 ; 57 ; [2.3042631721435427] ; [1.1897449527568353]
840 ; 45 ; 48 ; 60 ; [2.1223316777058847] ; [4.0588118985508252]
840 ; 45 ; 48 ; 62 ; [1.9155938725074908] ; [1.5866987891544064]
840 ; 45 ; 48 ; 63 ; [0.8374315169376465] ; [1.1287221887298486]
840 ; 45 ; 48 ; 64 ; [2.4787792953616128] ; [1.1737261454894372]
840 ; 45 ; 48 ; 66 ; [1.6715862701475168] ; [1.6272746352802758]
840 ; 45 ; 48 ; 68 ; [1.9465704353011557] ; [1.3662866982725241]
840 ; 45 ; 50 ; 1 ; [0.2194489375021155, 0.41510933135037131, 0.30057443106516668] ; [0.34567607203111506, 0.72492357298176879, 0.23755902311185159]
840 ; 45 ; 51 ; 0 ; [0.92316250428709024] ; [0.43244768622406704]
840 ; 45 ; 51 ; 2 ; [0.96014472064589151] ; [0.20655458517588582]
840 ; 45 ; 52 ; 0 ; [21.15563409291186] ; [0.25000904920455896]
840 ; 45 ; 52 ; 1 ; [0.025117066223050245] ; [0.22826474485170289]
840 ; 45 ; 52 ; 2 ; [0.17131048232331936, 0.12592428961892327, 0.17178882497494893] ; [0.43739306530964489, 0.047547678892300133, -0.067303142568078581]
840 ; 45 ; 53 ; 1 ; [0.27048554783679374] ; [0.19660730946983801]
840 ; 45 ; 55 ; 0 ; [0.59683261204498728] ; [0.11017836212313946]
840 ; 45 ; 56 ; 0 ; [6.9677205863469611, 1.6876983660236997] ; [0.48543241445641627, 0.32157017097354129]
840 ; 45 ; 56 ; 2 ; [1.431609208732908] ; [2.507635272984635]
840 ; 45 ; 56 ; 3 ; [1.3685073137081099] ; [2.2505219361980902]
840 ; 45 ; 56 ; 4 ; [0.21128452651085797] ; [3.7914176590668478]
840 ; 45 ; 56 ; 7 ; [2.4583811115612546] ; [0.021890250065268263]
840 ; 45 ; 56 ; 11 ; [0.74276701487639329] ; [0.053836146286633406]
840 ; 45 ; 56 ; 13 ; [3.247278808633443] ; [0.66456895241532488]
840 ; 45 ; 57 ; 0 ; [0.023589399012561931] ; [0.47516486078834819]
840 ; 45 ; 57 ; 1 ; [0.77632916756493375] ; [1.0629630446907388]
840 ; 45 ; 57 ; 2 ; [2.6550964531849717] ; [0.80538027670574042]
840 ; 45 ; 57 ; 3 ; [-0.016476921929872525] ; [1.2640642562795001]
840 ; 45 ; 57 ; 7 ; [0.99281366236677959] ; [0.072644887189068544]
840 ; 45 ; 57 ; 10 ; [0.0051121359235919627] ; [1.1483100918073592]
840 ; 45 ; 58 ; 0 ; [0.021394282384702382, 0.024731992971886781] ; [0.32183650763790944, 0.15827548491206431]
840 ; 45 ; 58 ; 1 ; [-0.0014852874396988089] ; [-0.30639444340596833]
840 ; 45 ; 58 ; 3 ; [0.01218206241627171, 0.080080012994477034] ; [0.21042227441721162, 0.23145085326898657]
840 ; 45 ; 59 ; 0 ; [0.32068170831056864] ; [0.12322795096875534]
840 ; 45 ; 59 ; 1 ; [1.4592765325173591] ; [0.36943394227528747]
840 ; 45 ; 60 ; 0 ; [3.9673710848937551] ; [0.43048523123565735]
840 ; 45 ; 60 ; 2 ; [0.23819896565379148] ; [0.9437501709580014]
840 ; 45 ; 60 ; 7 ; [0.45936324574224835] ; [0.78185697071434868]
840 ; 45 ; 60 ; 10 ; [-0.16321434339963889] ; [1.7429556533527406]
840 ; 45 ; 60 ; 11 ; [2.2437241859177219] ; [0.46461616536441463]
840 ; 45 ; 60 ; 12 ; [2.153089592256864] ; [1.5141519023099541]
840 ; 45 ; 61 ; 0 ; [0.0037243922769116173, -0.0023910337110002473, 0.017547137949338799, 0.0047936296482394506] ; [0.16046230280313767, 0.17352380123701691, 0.14747693024150471, 0.11857974949793509]
840 ; 45 ; 61 ; 1 ; [-0.0081163417638616883] ; [0.019866387053241247]
840 ; 45 ; 62 ; 0 ; [0.31969346720404801, 0.35720275851843075, 0.12199232901926897, 0.065991768009026494, 0.049787271585530195] ; [0.36988016588179634, 0.29458527411302626, 0.28386723980361911, 0.22799981017810658, 0.32096625048086758]
840 ; 45 ; 62 ; 2 ; [6.3451386555909473] ; [0.53070630906682503]
840 ; 45 ; 63 ; 0 ; [0.12509538256012021, 0.01015146808524914] ; [0.2215108667076558, 0.038819250407936066]
840 ; 45 ; 64 ; 0 ; [0.29120715399618075] ; [0.28066203345302887]
840 ; 45 ; 65 ; 0 ; [1.401148798276405] ; [0.52428300433513852]
840 ; 45 ; 65 ; 3 ; [0.35069316263311162] ; [0.095787989867145942]
840 ; 45 ; 65 ; 4 ; [1.5203707110000364] ; [0.38665885081321466]
840 ; 45 ; 66 ; 0 ; [0.087167768702135578, 0.040416715222572348, 0.11605067195684764, 0.22706326271747124] ; [0.22898363067533165, 0.16128672421685883, 0.2211630892241076, 0.45194553126554515]
840 ; 45 ; 66 ; 1 ; [0.16913900228467921] ; [0.093073224597544094]
840 ; 45 ; 67 ; 2 ; [0.28848868371296771, 0.19639909242443548, 0.22646082867817471, 0.31190630364390798] ; [0.4304778372012677, 0.24461298548844984, 0.32225709299604333, 0.4840656347621341]
840 ; 45 ; 68 ; 0 ; [0.1021543606672681] ; [0.14489503854720515]
840 ; 45 ; 68 ; 1 ; [0.40574049526883477] ; [0.22726162303100464]
840 ; 45 ; 68 ; 21 ; [0.18741239602660606] ; [0.033683879942363583]
840 ; 45 ; 69 ; 0 ; [0.19737055242043725] ; [0.072164741541603072]
840 ; 45 ; 70 ; 1 ; [0.94522547866629192] ; [0.59302234679896348]
840 ; 45 ; 70 ; 5 ; [0.85337417233781188] ; [0.8447706239314583]
840 ; 45 ; 71 ; 6 ; [2.1769212312901702] ; [0.35735271140361174]
840 ; 45 ; 72 ; 0 ; [0.28148035623226431] ; [0.44412146980501993]
840 ; 45 ; 72 ; 1 ; [0.16056518304741477] ; [0.097630273928212469]
840 ; 45 ; 72 ; 19 ; [1.0196076885745495] ; [0.49895845241980497]
840 ; 45 ; 73 ; 0 ; [0.018183760242694431] ; [0.3180194201188204]
840 ; 45 ; 73 ; 1 ; [0.069741315478141289, 0.49195520417044347] ; [0.045500877781596234, 0.046364999246709226]
840 ; 45 ; 73 ; 10 ; [0.82418317143131414] ; [0.97150190688649696]
840 ; 45 ; 73 ; 15 ; [1.2828389477557782] ; [0.071949372594178426]
840 ; 45 ; 74 ; 0 ; [0.37293503278881623] ; [0.8098006553095789]
840 ; 45 ; 74 ; 2 ; [0.36708009030058347] ; [0.10092395176664624]
840 ; 45 ; 74 ; 7 ; [1.7999877101071842] ; [0.75438712415473408]
840 ; 45 ; 74 ; 10 ; [-0.11529300785507755] ; [0.34854242786337308]
840 ; 45 ; 75 ; 0 ; [0.73071712092301166] ; [0.26678403453399557]
840 ; 45 ; 75 ; 1 ; [0.38215334396304507] ; [0.3617634397199887]
840 ; 45 ; 75 ; 3 ; [0.65857672659264377] ; [1.5595030677828001]
840 ; 45 ; 76 ; 0 ; [0.17720959344708759, 0.33085389397659259, 0.15601067451712725] ; [0.36291923540631743, 0.23013496858160917, 0.14722072348375373]
840 ; 45 ; 76 ; 1 ; [0.40935863029613212, 0.076461947917293036] ; [0.57352373941947288, 0.18369315494835325]
840 ; 45 ; 76 ; 2 ; [0.78985547010548418] ; [0.050456679451502111]
840 ; 45 ; 76 ; 3 ; [0.14000995418998347] ; [0.37060006546358792]
840 ; 45 ; 77 ; 0 ; [0.061699124510465102, 0.065144010474523575, 0.066761174371797766, 0.044909602221780108] ; [0.21669968336034215, 0.26833511971311108, 0.22530056611492977, 0.14006932853528417]
840 ; 45 ; 78 ; 0 ; [0.93738646243520951] ; [0.28626398802859498]
840 ; 45 ; 78 ; 2 ; [0.30594516874828676] ; [0.15983368069503576]
840 ; 45 ; 78 ; 9 ; [0.083581706254850938] ; [0.64072788990197904]
840 ; 45 ; 78 ; 13 ; [0.92936531232148722] ; [0.73397685669925083]
840 ; 45 ; 78 ; 14 ; [0.12983734256415297] ; [0.60278096908859669]
840 ; 45 ; 79 ; 2 ; [2.4722936588858957] ; [0.72868654683658396]
840 ; 45 ; 79 ; 3 ; [0.95717006239479585] ; [2.0370613917824456]
840 ; 45 ; 79 ; 4 ; [2.6065023181648366] ; [1.3388352548199414]
840 ; 45 ; 79 ; 5 ; [1.0199476243121464] ; [2.0605119464202417]
840 ; 45 ; 79 ; 6 ; [2.7023444974865884] ; [2.5577639526326679]
840 ; 45 ; 79 ; 7 ; [1.2714012183078109] ; [0.45298563983684637]
840 ; 45 ; 79 ; 9 ; [0.24532805212222505] ; [0.90528660705091035]
840 ; 45 ; 79 ; 10 ; [1.403100293777326] ; [4.1780437191068476]
840 ; 45 ; 79 ; 11 ; [0.90832904919949953] ; [1.3061163528960511]
840 ; 45 ; 79 ; 12 ; [0.54787978125201953] ; [0.69161304439585403]
840 ; 45 ; 79 ; 13 ; [3.4033778048289802] ; [0.37424237993595189]
840 ; 45 ; 79 ; 15 ; [0.6537908883065906] ; [1.9898990354351758]
840 ; 45 ; 79 ; 16 ; [3.0598124273031955] ; [1.1315334810027073]
840 ; 45 ; 79 ; 18 ; [0.79044672069345401] ; [2.1006999420914876]
840 ; 45 ; 79 ; 19 ; [4.9577601389287143] ; [1.1555219585952727]
840 ; 45 ; 79 ; 20 ; [0.58441365660510058] ; [1.6954378575122471]
840 ; 45 ; 79 ; 22 ; [0.49669514899443168] ; [1.3929636711710183]
840 ; 45 ; 79 ; 23 ; [1.3312920766803262] ; [2.2371015607308746]
840 ; 45 ; 79 ; 24 ; [0.3852412599007265] ; [0.78762810310727449]
840 ; 45 ; 79 ; 29 ; [1.9415566275885952] ; [1.9241387675070842]
840 ; 45 ; 79 ; 30 ; [1.9228236344021115] ; [2.393107865932619]
840 ; 45 ; 79 ; 32 ; [-0.1716138853971064] ; [1.4224101452875524]
840 ; 45 ; 79 ; 33 ; [3.4863614381963823] ; [2.4051779320848574]
840 ; 45 ; 79 ; 37 ; [0.95298568506776038] ; [1.6859690189916829]
840 ; 45 ; 79 ; 38 ; [0.58297409508259912] ; [2.0271722685864644]
840 ; 45 ; 79 ; 40 ; [2.1161914552877628] ; [2.0618786562752018]
840 ; 45 ; 79 ; 41 ; [0.72782389714344964] ; [0.48977065241227136]
840 ; 45 ; 79 ; 42 ; [1.6485986798568917] ; [1.6693789644533901]
840 ; 45 ; 79 ; 43 ; [3.7993953356051371] ; [0.39005903247785367]
840 ; 45 ; 79 ; 44 ; [3.3201238383971519] ; [1.1830916732215555]
840 ; 45 ; 79 ; 45 ; [0.86025094618236631] ; [1.6660485230746955]
840 ; 45 ; 79 ; 46 ; [0.83454160989629422] ; [2.0713602237522593]
840 ; 45 ; 80 ; 0 ; [0.11905086864863682] ; [0.055749422653918732]
840 ; 45 ; 81 ; 0 ; [0.44640839886359529] ; [0.041092779191142889]
840 ; 45 ; 82 ; 0 ; [0.5708486249263599] ; [0.028881699340007581]
840 ; 45 ; 83 ; 0 ; [1.1592845729583336] ; [0.41912647731672342]
840 ; 45 ; 84 ; 0 ; [0.48687382794562323] ; [0.29609845555822811]
840 ; 45 ; 84 ; 1 ; [1.1452098947322882] ; [0.323325220128308]
840 ; 45 ; 84 ; 2 ; [0.65996985353642368] ; [0.76492104392463511]
840 ; 45 ; 85 ; 0 ; [0.20332815060650702, 0.33503122718398992] ; [0.92142922176109154, 0.45333232612349117]
840 ; 45 ; 85 ; 1 ; [0.28042250083953207] ; [0.19468440208191273]
840 ; 45 ; 85 ; 2 ; [0.68283649301212146] ; [0.1941163583623014]
840 ; 45 ; 85 ; 3 ; [2.5378141656258082] ; [0.34183951674925034]
840 ; 45 ; 85 ; 6 ; [2.0368387885252117] ; [0.11134308804252196]
840 ; 45 ; 85 ; 9 ; [1.7369870629238651] ; [1.3318541492461733]
840 ; 45 ; 85 ; 13 ; [2.309477039808904] ; [0.054101465362244812]
840 ; 45 ; 86 ; 0 ; [3.2244198170580427, 3.4385231981472471] ; [1.1531199240478534, 3.6787178097524249]
840 ; 45 ; 86 ; 1 ; [0.16104704250978441] ; [0.32056894786791024]
840 ; 45 ; 87 ; 2 ; [0.51322443580881838, 0.23141651806200031, 0.47113464287854601] ; [0.49757926658461149, 0.35981431015006177, 0.10498323060546945]
840 ; 45 ; 88 ; 1 ; [0.79796405236352941] ; [0.5750366831359276]
840 ; 45 ; 88 ; 3 ; [0.0094980098654538925] ; [0.32788593937934396]
840 ; 45 ; 88 ; 4 ; [1.2554694456748874] ; [0.16687153402816735]
840 ; 45 ; 88 ; 5 ; [0.50739699281905026] ; [0.2556834523758984]
840 ; 45 ; 88 ; 6 ; [0.83693010173048865] ; [0.31539000045812909]
840 ; 45 ; 89 ; 0 ; [0.12021191486309303] ; [0.020498894384834428]
840 ; 45 ; 89 ; 8 ; [0.35518039865368406, 0.78097275110215991] ; [0.51660098233753438, 0.19377936345801408]
840 ; 45 ; 89 ; 9 ; [0.56582691168317223] ; [0.32721418356551563]
840 ; 45 ; 90 ; 0 ; [0.84155043707818844, 0.34841605381056306, 0.16027886718974726] ; [0.51134071424118244, 0.31879632434178345, 0.14308921197099939]
840 ; 45 ; 90 ; 2 ; [0.18691912151846718] ; [0.56544858009369758]
840 ; 45 ; 91 ; 0 ; [0.392458604307375] ; [0.4293075655536927]
840 ; 45 ; 91 ; 1 ; [0.21975691754635435] ; [0.13454653672460226]
840 ; 45 ; 92 ; 0 ; [0.83064479767552279] ; [1.6927421993249094]
840 ; 45 ; 92 ; 4 ; [1.4523621712900006] ; [1.1269322253231493]
840 ; 45 ; 92 ; 5 ; [2.0353312783126718] ; [1.7582997389618209]
840 ; 45 ; 92 ; 12 ; [1.8741733234191171] ; [1.501126123442398]
840 ; 45 ; 92 ; 15 ; [1.4445549243595404] ; [3.3256496899387913]
840 ; 45 ; 92 ; 18 ; [1.7466882487739679] ; [1.0761738053714323]
840 ; 45 ; 92 ; 20 ; [2.0553913621210942] ; [1.3005274030685916]
840 ; 45 ; 92 ; 24 ; [-0.45560631782078337] ; [1.2272049914335534]
840 ; 45 ; 92 ; 27 ; [3.0917684600446766] ; [1.4668272683152233]
840 ; 45 ; 92 ; 28 ; [1.5214344792566896] ; [2.3207804659584563]
840 ; 45 ; 92 ; 29 ; [1.7310894666583732] ; [2.5669209053760409]
840 ; 45 ; 93 ; 0 ; [0.62281417618483637, 0.20931156942958218] ; [0.22963079065351549, 0.14097452908021585]
840 ; 45 ; 93 ; 1 ; [0.20107669466265649] ; [0.060068902330701543]
840 ; 45 ; 93 ; 2 ; [0.47489693368896801] ; [0.16691300760404357]
840 ; 45 ; 93 ; 4 ; [0.61650634990770481] ; [0.13723426462128843]
840 ; 45 ; 93 ; 5 ; [0.57641689193951684] ; [0.0014829626103419762]
840 ; 45 ; 93 ; 6 ; [2.1528330947272405] ; [0.20575658985104289]
840 ; 45 ; 93 ; 7 ; [0.68544816797967301] ; [0.34301507861851227]
840 ; 45 ; 93 ; 10 ; [2.0295966332977509] ; [1.6722644819551566]
840 ; 45 ; 93 ; 14 ; [1.9584109161720749] ; [1.6308731095708611]
840 ; 45 ; 93 ; 15 ; [0.16588490373866754] ; [1.0125386751760002]
840 ; 45 ; 93 ; 17 ; [3.0022005837880448] ; [1.5242481140071964]
840 ; 45 ; 93 ; 19 ; [1.5903631215585692] ; [2.1689378765202192]
840 ; 45 ; 93 ; 20 ; [0.81773851357035754] ; [0.052223927660122897]
840 ; 45 ; 93 ; 21 ; [0.34802800425092173] ; [1.711887718219925]
840 ; 45 ; 93 ; 24 ; [2.1312437236835948] ; [2.5391852593952926]
840 ; 45 ; 93 ; 25 ; [2.2666008380971423] ; [-0.24874805861916452]
840 ; 45 ; 93 ; 26 ; [1.7195783702996685] ; [1.6920491893211091]
840 ; 45 ; 93 ; 28 ; [3.6826270923474733] ; [-0.16163740256898496]
840 ; 45 ; 93 ; 29 ; [1.1927912785834509] ; [1.5790313413881452]
840 ; 45 ; 93 ; 30 ; [2.6992006900660832] ; [3.2114623790635917]
840 ; 45 ; 93 ; 31 ; [4.7063876173850119] ; [1.9523868593651983]
840 ; 45 ; 93 ; 35 ; [3.4955540371306508] ; [1.4634388488003927]
840 ; 45 ; 93 ; 36 ; [1.8675092803239794] ; [1.7427503492163749]
840 ; 45 ; 94 ; 1 ; [0.013574901424275211] ; [0.46822107925639517]
840 ; 45 ; 94 ; 2 ; [0.29233587718131698, 0.19930994506967567, 0.25588736444066401, 0.26095754398840959, 0.14593707705954989] ; [0.29126833632474392, 0.26646744227935115, 0.17772378261332236, 0.33902064977226737, 0.19005207861963058]
840 ; 45 ; 95 ; 0 ; [0.053097757439564547, 0.49635243995591644, 0.19538301299426883, 0.067536203093783262] ; [0.22066655774582936, 0.26316932512686458, 0.37218929935630995, 0.15467997069015074]
840 ; 45 ; 95 ; 1 ; [0.42988747381231851] ; [0.060069701405952247]
840 ; 45 ; 96 ; 0 ; [0.27672638318359793] ; [-0.013916519430503496]
840 ; 45 ; 96 ; 1 ; [0.71557745562127872] ; [-0.0058681780523266889]
840 ; 45 ; 97 ; 0 ; [0.38082632973791974] ; [1.5236946629797976]
840 ; 45 ; 99 ; 0 ; [0.4931495415571836] ; [0.11287594782797587]
840 ; 45 ; 99 ; 1 ; [0.63025226392929024] ; [0.036730655221973732]
840 ; 45 ; 99 ; 3 ; [0.040736658907785245, 0.030294858840194051, -0.015905072861290014] ; [0.14421300973764756, 0.28378507813813425, 0.33978961539880737]
840 ; 45 ; 100 ; 0 ; [0.0022217470619458287, 0.095155637937528917] ; [0.3008498498533933, 0.19769067108110649]
840 ; 45 ; 100 ; 1 ; [0.23940074562473046] ; [0.10236255789232994]
840 ; 45 ; 101 ; 0 ; [0.4184911384121543] ; [2.0526264641556633]
840 ; 45 ; 101 ; 3 ; [1.6126398358740299] ; [1.17270146198283]
840 ; 45 ; 101 ; 5 ; [0.27041685590847298] ; [1.8361977808301464]
840 ; 45 ; 101 ; 7 ; [0.26743392361401647] ; [2.1557060866525881]
840 ; 45 ; 102 ; 0 ; [0.041929133642136546, 0.084771577708430648, -0.0020703731910577334] ; [0.15754146091541296, 0.147183777114197, 0.12257793262037822]
840 ; 45 ; 103 ; 0 ; [0.29169709553314271, 0.18498972864102425] ; [0.25347066669665264, 0.26335400844399309]
840 ; 45 ; 103 ; 1 ; [0.39846691814925977, 0.065695763593761072] ; [0.077364669676062175, 0.011763442398153834]
840 ; 45 ; 104 ; 0 ; [1.1775417193952118] ; [1.3209961310062581]
840 ; 45 ; 104 ; 1 ; [1.6737992435613884] ; [0.98307240714729738]
840 ; 45 ; 104 ; 3 ; [0.0022262469730678792] ; [-0.0006592250837884156]
840 ; 45 ; 105 ; 3 ; [1.355294895278794] ; [1.8447409566620454]
840 ; 45 ; 106 ; 5 ; [0.60376914965884843] ; [0.088820094891164866]
840 ; 45 ; 108 ; 0 ; [0.34954312264310633] ; [0.68517353669141778]
840 ; 45 ; 108 ; 2 ; [0.78722357985144542] ; [0.77054059981442335]
840 ; 45 ; 108 ; 8 ; [1.1851849358709803] ; [1.1339824469793185]
840 ; 45 ; 109 ; 0 ; [0.15327992013374089, 0.28473912571879617] ; [0.27810889863765892, 0.23866735817538048]
840 ; 45 ; 110 ; 0 ; [0.047571775554513807, -0.0067374050154169734] ; [0.016830002054883862, 0.0025639770657214511]
840 ; 45 ; 112 ; 0 ; [0.042935000814509655, 0.081978638276308718, 0.40034463089211658] ; [0.15727050129161815, 0.40907473389605681, 0.046921552802868534]
840 ; 45 ; 112 ; 1 ; [0.25843908166419477] ; [0.25208997819224915]
840 ; 45 ; 113 ; 0 ; [0.045405088548776278] ; [0.10684528721950999]
840 ; 45 ; 114 ; 0 ; [0.07789614515513342] ; [0.057473854362855362]
840 ; 45 ; 115 ; 1 ; [0.27056058697417223] ; [0.17369838098512649]
840 ; 45 ; 116 ; 0 ; [1.1220652856807187] ; [0.6236126769546585]
840 ; 45 ; 116 ; 1 ; [0.022003889100120813] ; [0.21191573042553793]
840 ; 45 ; 116 ; 3 ; [0.034382851983292488] ; [1.0028057025085753]
840 ; 45 ; 116 ; 4 ; [2.0541390006679472] ; [0.73134850732709256]
840 ; 45 ; 116 ; 5 ; [0.059826491961072176] ; [1.1365299323147058]
840 ; 45 ; 116 ; 6 ; [1.6763502485805424] ; [3.074526856723395]
840 ; 45 ; 116 ; 11 ; [0.099390504740370617] ; [0.92485816768298235]
840 ; 45 ; 116 ; 12 ; [0.033018025392679083] ; [1.8518375649566192]
840 ; 45 ; 116 ; 13 ; [0.068044700370573183] ; [0.29623331650423085]
840 ; 45 ; 117 ; 0 ; [0.0032394073812590388, 0.012714820230074258, -0.00038590046630029655] ; [0.1975606013594241, 0.31088668502887301, 0.25438035894069067]
840 ; 45 ; 118 ; 0 ; [0.0089004255218543219, 0.0062425213601724596, 0.06762041769281342] ; [0.2365961869915145, 0.18128767121822909, 0.26903653704356778]
840 ; 45 ; 119 ; 0 ; [0.31622251299712739, 0.058667790360737729] ; [0.35139924520226651, 0.081080386609854976]
840 ; 45 ; 119 ; 1 ; [0.056178690901654289, -0.0011307515423033584] ; [0.0034777763244684167, 0.0089984556036101001]
840 ; 45 ; 119 ; 2 ; [0.19129003861492602] ; [7.6399076387871716]
840 ; 45 ; 120 ; 1 ; [0.012966725482151005] ; [0.10009919698174329]
840 ; 45 ; 121 ; 0 ; [0.18461164548268894, 0.17730816811090119, 0.14536138122804945] ; [0.15517027932772165, 0.21942890027710776, 0.10339162363242831]
840 ; 45 ; 122 ; 0 ; [0.61199968084043188, 5.8530066354655057] ; [0.567307467034048, 0.42219965648290775]
840 ; 45 ; 123 ; 0 ; [0.0024991715986593579] ; [0.97892380005469481]
840 ; 45 ; 123 ; 2 ; [0.375414885416821] ; [1.0738601242253956]
840 ; 45 ; 123 ; 7 ; [0.67400873310810927] ; [1.083794958011727]
840 ; 45 ; 124 ; 0 ; [0.21782295946167413] ; [0.33282062669832402]
840 ; 45 ; 124 ; 1 ; [0.39107721445989796] ; [0.17031170691185532]
840 ; 45 ; 125 ; 3 ; [2.0674531472303781] ; [1.2753440491617274]
840 ; 45 ; 125 ; 6 ; [1.1241191232319174] ; [1.546730050682749]
840 ; 45 ; 125 ; 12 ; [4.2272252935677281] ; [2.3419578417633078]
840 ; 45 ; 125 ; 13 ; [0.55884041104031534] ; [2.1283445703368029]
840 ; 45 ; 125 ; 14 ; [0.38962530935888418] ; [4.5030685468561948]
840 ; 45 ; 125 ; 16 ; [4.0173747392232064] ; [2.7102171911706106]
840 ; 45 ; 125 ; 17 ; [0.59454126964740073] ; [1.6146539978636598]
840 ; 45 ; 125 ; 18 ; [1.4097906418791444] ; [1.3699031261588148]
840 ; 45 ; 125 ; 20 ; [2.7914200364541504] ; [1.2972882640831376]
840 ; 45 ; 125 ; 23 ; [0.82069617691553198] ; [1.763794610037672]
840 ; 45 ; 126 ; 0 ; [0.26908949952618927, 0.22009706367634438, 0.2019910564946201, 0.21038982126113973, 0.80758706595054008] ; [0.20684328805385016, 0.18025581746675348, 0.21265706415090227, 0.23508595595134013, 0.86771163776231219]
840 ; 45 ; 126 ; 1 ; [0.087030117412190855] ; [0.12161294940033361]
840 ; 45 ; 127 ; 0 ; [0.29632599791345599, 0.10663980599077376, 0.20252956203358929, 0.24221443532904846, 0.098287476141641281] ; [0.157828080732419, 0.13312714509570611, 0.17421289278963856, 0.18853915934148519, 0.69151455533753281]
840 ; 45 ; 128 ; 0 ; [0.76523094305190786] ; [0.38635642854983493]
840 ; 45 ; 128 ; 1 ; [1.6452685219458638] ; [2.9014011408829217]
840 ; 45 ; 128 ; 2 ; [0.25228899316931969] ; [1.6844093561536304]
840 ; 45 ; 128 ; 3 ; [1.752705478175155] ; [1.7136915005439162]
840 ; 45 ; 128 ; 4 ; [2.5937575713266172] ; [1.3310127301888794]
840 ; 45 ; 128 ; 7 ; [2.2515986461491582] ; [3.8739035718650623]
840 ; 45 ; 128 ; 10 ; [1.3421851006392409] ; [0.9620737466548116]
840 ; 45 ; 128 ; 14 ; [2.2315544293890208] ; [1.0961147385018084]
840 ; 45 ; 128 ; 15 ; [2.2147611854506408] ; [0.047061088309114395]
840 ; 45 ; 130 ; 0 ; [0.23638773100481203] ; [0.0075388924593938512]
840 ; 45 ; 130 ; 2 ; [0.01688850916822001] ; [0.051425464617339579]
840 ; 45 ; 132 ; 0 ; [0.081222936662338707, 0.31811312824044297, 0.23191453147010779, 0.22191955465072113] ; [0.18299547416124853, 0.26295557688460425, 0.19092056318145986, 0.099741821498577507]
840 ; 45 ; 133 ; 1 ; [0.75131365662497618] ; [0.018198176109762043]
840 ; 45 ; 133 ; 3 ; [2.2272961981727897] ; [1.75044079630963]
840 ; 45 ; 133 ; 4 ; [0.60007390630392976] ; [0.032218284594970406]
840 ; 45 ; 133 ; 5 ; [1.8816710072674845] ; [2.5270930448530611]
840 ; 45 ; 133 ; 7 ; [0.11000341157164656] ; [1.3195933953657062]
840 ; 45 ; 133 ; 9 ; [1.2316354133749201] ; [1.6046279120164706]
840 ; 45 ; 133 ; 10 ; [0.88282465642804642] ; [1.2879036502408723]
840 ; 45 ; 133 ; 11 ; [1.6702173692128257] ; [1.5835217137475193]
840 ; 45 ; 133 ; 12 ; [0.82116650413220249] ; [1.7552001140890341]
840 ; 45 ; 133 ; 14 ; [2.4271116865824118] ; [1.6287573802696738]
840 ; 45 ; 134 ; 0 ; [0.1519119017854631, 0.18569868643981818, 0.15268442610754385, 0.34486249231323551] ; [0.16135964844946965, 0.2202536524587731, 0.19927360917880996, 0.076273823511454245]
840 ; 45 ; 135 ; 0 ; [0.33786804261737807, 0.33367831759674121, 0.46241465250417418, 0.19824201666475427] ; [0.27077956322205149, 0.16725126701853726, 0.28269685248241161, 0.35975622457425938]
840 ; 45 ; 135 ; 1 ; [-0.0033521694960614769] ; [-0.0098457936555052111]
840 ; 45 ; 136 ; 0 ; [0.16812245992838035, 0.0050202995112359761, 0.0012552702287353329] ; [0.26878765781615976, 0.22307739805752455, 0.13635951570401211]
840 ; 45 ; 137 ; 0 ; [0.69783721728873771] ; [0.39159886282029172]
840 ; 45 ; 137 ; 2 ; [2.1777908652926397] ; [1.9828922881515736]
840 ; 45 ; 137 ; 3 ; [1.9901039539456478] ; [0.98676494281524973]
840 ; 45 ; 137 ; 6 ; [7.716315575281695] ; [1.1227948365457958]
840 ; 45 ; 138 ; 0 ; [0.81861497620784163] ; [0.88688405792352998]
840 ; 45 ; 138 ; 1 ; [0.73951595184381147] ; [0.55340090591959801]
840 ; 45 ; 139 ; 0 ; [0.15205612750326022, 0.55928326987338595] ; [0.29957416760803057, 0.074211287802427986]
840 ; 45 ; 139 ; 1 ; [0.20255538779602572] ; [0.23485749197570352]
840 ; 45 ; 139 ; 2 ; [0.017102753330154135] ; [0.035618004740823987]
840 ; 45 ; 140 ; 0 ; [0.1252677852383107, 0.13112971982709987, 0.12165687587422615] ; [0.19541903251189341, 0.26979462218385164, 0.20628225060318428]
840 ; 45 ; 141 ; 0 ; [0.76629309021210157] ; [0.11697050488587191]
840 ; 45 ; 141 ; 1 ; [1.0993321146775619] ; [0.033463108950321951]
840 ; 45 ; 141 ; 3 ; [0.72515112960559092] ; [0.40648977478503728]
840 ; 45 ; 141 ; 7 ; [0.091674604993447234] ; [0.28960451464305015]
840 ; 45 ; 142 ; 0 ; [0.17438490014475974] ; [0.0050317087585610813]
840 ; 45 ; 142 ; 2 ; [0.5647965911648859] ; [0.69229019396150848]
840 ; 45 ; 142 ; 10 ; [2.3411985800451887] ; [1.0053382343122768]
840 ; 45 ; 143 ; 0 ; [0.48070745128321662] ; [0.11278209602228953]
840 ; 45 ; 143 ; 2 ; [0.47801602306578816, 0.3980574008977853, 0.40992531277194755, 0.14254938883918672] ; [0.38543749422667961, 0.2230883378969806, 0.3089976722098623, 0.011899328851523693]
840 ; 45 ; 144 ; 2 ; [0.01280082304758586] ; [0.0041532966727949967]
840 ; 45 ; 146 ; 0 ; [0.2317535319895111] ; [0.33541398078291174]
840 ; 45 ; 146 ; 1 ; [0.4403955300133276] ; [-0.0017976585691743758]
840 ; 45 ; 146 ; 2 ; [0.24151811696283232] ; [2.8228723272544252]
840 ; 45 ; 146 ; 3 ; [0.19713387631603771] ; [0.35587965357532514]
840 ; 45 ; 146 ; 4 ; [0.27187099282790395] ; [0.44777061252527578]
840 ; 45 ; 146 ; 5 ; [0.82379048083286166] ; [0.52485762867817243]
840 ; 45 ; 146 ; 6 ; [0.56675756293598445] ; [0.86242652762557193]
840 ; 45 ; 146 ; 9 ; [7.3493729688143405] ; [2.5583234102968522]
840 ; 45 ; 146 ; 11 ; [2.8245088097507538] ; [1.5594283537455573]
840 ; 45 ; 148 ; 0 ; [0.23637893311071068, 0.27815769881319452, 0.38697522613219204] ; [0.16792963803212113, 0.25206304559628873, 0.10671897609831323]
840 ; 45 ; 149 ; 0 ; [0.094830942956644959, 0.13559502284394848, 0.038997746066148566] ; [0.19879423192753382, 0.21300376939219301, -0.0033511612644135077]
840 ; 45 ; 150 ; 0 ; [0.16923336008433673, 0.042258533297717907] ; [0.25523263266477458, 0.13556048402827497]
840 ; 45 ; 151 ; 0 ; [0.69727736803015461] ; [0.24504343575680079]
840 ; 45 ; 151 ; 1 ; [0.12694487959790854, 0.32062163676885219] ; [-0.014474498040707015, 0.0011199749638719765]
840 ; 45 ; 151 ; 2 ; [0.61541201591499783] ; [0.24557424332597641]
840 ; 45 ; 151 ; 4 ; [0.015759028683923114] ; [-0.0068045297167252149]
840 ; 45 ; 152 ; 0 ; [0.1727049527032237, 0.055179990731328996, 0.048858904173925528] ; [0.4161212689844096, 0.32312312586843889, 0.10655026924830623]
840 ; 45 ; 152 ; 1 ; [0.52341545786804966] ; [0.12524909230955625]
840 ; 45 ; 153 ; 0 ; [0.17575607230208601] ; [0.20345893342259022]
840 ; 45 ; 154 ; 0 ; [0.39321738823362051, 0.16648209180149059, 0.19514912080734204, 0.10431141728372273, 0.43208992314221806] ; [0.11577839626518696, 0.61646251277428787, 0.4723448742023818, 0.46081579190632821, 0.28480404136687271]
840 ; 45 ; 154 ; 1 ; [0.78525725835792171] ; [0.19837215604102737]
840 ; 45 ; 155 ; 0 ; [0.61259374108463449] ; [0.098862570369347341]
840 ; 45 ; 155 ; 1 ; [1.7381757320777245] ; [0.64690645693379834]
840 ; 45 ; 155 ; 7 ; [2.1856655001430214] ; [3.1129130476838998]
840 ; 45 ; 155 ; 9 ; [-0.0090466120861488787] ; [1.1713374768007656]
840 ; 45 ; 157 ; 0 ; [1.3458141699306443] ; [0.42622474005839683]
840 ; 45 ; 157 ; 1 ; [0.10986525247360789] ; [1.2070142348387245]
840 ; 45 ; 157 ; 5 ; [0.29500912237926025] ; [1.1393360297125819]
840 ; 45 ; 157 ; 8 ; [0.050682446322695009] ; [0.7006688861953112]
840 ; 45 ; 158 ; 0 ; [0.53002681713364219] ; [0.50702382443519001]
840 ; 45 ; 158 ; 3 ; [0.47164575555739269] ; [1.0417458674143754]
840 ; 45 ; 159 ; 0 ; [0.18910931084593435, 0.11428461206542381, 0.018546457869891519] ; [0.20174992726931182, 0.19880168551074651, 0.039441557581586878]
840 ; 45 ; 160 ; 0 ; [0.62781579403321552, 0.35989515445314813] ; [0.052718969223023521, 0.037160038214616616]
840 ; 45 ; 160 ; 1 ; [1.6085185455849222] ; [0.092624091689912591]
840 ; 45 ; 161 ; 0 ; [0.096514928088143936, 0.059989803400594753] ; [0.71089520164745057, 0.15442419841710794]
840 ; 45 ; 162 ; 0 ; [0.18401651951817921, 0.055373958523018914] ; [0.51961485892818593, 0.26498359266996174]
840 ; 45 ; 163 ; 2 ; [-0.0020710386542214243] ; [-0.0016421592720529451]
840 ; 45 ; 163 ; 3 ; [0.72537755464944598] ; [0.03843546117259293]
840 ; 45 ; 163 ; 6 ; [0.6040580128730374] ; [0.70938051898994314]
840 ; 45 ; 164 ; 0 ; [0.20631324666369608, 0.22222602214518114, 0.17787750206288588, 0.16520148633603485, 0.17642333791226922] ; [0.20985193438064145, 0.26238926907805249, 0.1281309866224884, 0.21789748617097135, 0.11278709735414]
840 ; 45 ; 165 ; 1 ; [-0.011753742796405597] ; [0.24403884528395431]
840 ; 45 ; 165 ; 2 ; [0.67504795346199964] ; [0.72938286060410484]
840 ; 45 ; 166 ; 0 ; [0.25693238364184401] ; [2.9449051827850248]
840 ; 45 ; 166 ; 1 ; [0.54067549870418119] ; [1.4447033793649156]
840 ; 45 ; 166 ; 5 ; [2.2938408333396989] ; [0.08341237803023388]
840 ; 45 ; 166 ; 6 ; [2.236972836803639] ; [1.8753737052905202]
840 ; 45 ; 166 ; 9 ; [-0.0025322211642180279] ; [-0.0067452600197479692]
840 ; 45 ; 166 ; 10 ; [-7.9531391207931184e-05] ; [0.49154406319636296]
840 ; 45 ; 167 ; 0 ; [1.1627981387467146] ; [0.021779336422610408]
840 ; 45 ; 168 ; 1 ; [0.35559477708782794] ; [0.28678903071639977]
840 ; 45 ; 168 ; 2 ; [0.346693808921193] ; [0.064299256585020101]
840 ; 45 ; 169 ; 1 ; [0.72958210754697805] ; [0.0056874287220625231]
840 ; 45 ; 169 ; 2 ; [0.35507091205447439] ; [0.059407670597937438]
840 ; 45 ; 169 ; 3 ; [0.10898628021262285] ; [0.00049316099767791497]
840 ; 45 ; 169 ; 4 ; [0.65062512234237224, 0.64724765177045429] ; [0.0085782842682059161, -0.016364189077508771]
840 ; 45 ; 170 ; 0 ; [0.17552352533526094, 0.045901630503231351] ; [0.20700720014620047, 0.10653601742986533]
840 ; 45 ; 170 ; 2 ; [0.20918740149574674] ; [0.43458315471659525]
840 ; 45 ; 171 ; 2 ; [0.24176984413519748] ; [0.15330982208778332]
840 ; 45 ; 172 ; 0 ; [0.077756225140908616, 0.18712619185986423, 0.46478067770706116, 0.023378358845314771] ; [0.23478304991525456, 0.42587920984742772, 0.65869875835151936, 0.0024536218206321798]
840 ; 45 ; 172 ; 4 ; [0.13812854089155827] ; [0.18699870063550161]
840 ; 45 ; 173 ; 0 ; [0.24643569294461404, 0.23082631534059772, 0.292875601832711, 0.75791583817904551, 0.21924068346568226] ; [0.1305979007362118, 0.20501464162163943, 0.23656631290118244, 0.56656876825172209, 0.40717030040772739]
840 ; 45 ; 173 ; 3 ; [-0.020007182936959175] ; [0.026822101358056523]
840 ; 45 ; 174 ; 0 ; [-0.022677200241836764, 0.0039558605681114722, -0.060303879038063044] ; [0.14032668144941329, 0.16225642453739547, 0.26895837584881244]
840 ; 45 ; 174 ; 1 ; [0.5057181390368678] ; [0.16989387654969393]
840 ; 45 ; 175 ; 1 ; [0.80428422666588306] ; [0.48702220036822735]
840 ; 45 ; 175 ; 11 ; [0.22072882223376744] ; [0.70375170499663053]
840 ; 45 ; 175 ; 18 ; [0.25810530459444969] ; [1.1738765231362931]
840 ; 45 ; 176 ; 0 ; [0.022278643003332849, 0.013462662002090668] ; [0.20871512945745502, 0.20480386054510286]
840 ; 45 ; 177 ; 0 ; [0.053123391111033126, -0.001465084694225686, 0.034701975599441333] ; [0.17709407975481076, 0.26213309905732546, 0.16207425849465687]
840 ; 45 ; 177 ; 1 ; [0.10548322169426494] ; [0.07350011168928855]
840 ; 45 ; 177 ; 3 ; [0.93764972837639027] ; [1.3530768445128689]
840 ; 45 ; 178 ; 4 ; [0.43393102985554527] ; [0.82219110839545284]
840 ; 45 ; 178 ; 5 ; [2.0784616580197284] ; [0.61281445901824749]
840 ; 45 ; 178 ; 6 ; [1.8306980602694072] ; [2.2923094971414311]
840 ; 45 ; 178 ; 7 ; [1.0590168851343857] ; [0.10781969187100963]
840 ; 45 ; 178 ; 8 ; [1.4881653464884224] ; [6.9064314601527297]
840 ; 45 ; 179 ; 0 ; [0.22782871682535841, 0.15729164547769378, 0.36829523981705314, 0.19625388907519925, -0.01412217023764783] ; [0.29273937315833443, 0.45445343782802838, 0.28785242737893169, 0.20372790244096922, 0.13715436279713514]
840 ; 45 ; 179 ; 1 ; [0.21469830745468652] ; [-0.0075336025226805676]
840 ; 45 ; 180 ; 3 ; [0.48970890856956989] ; [0.01449063763502721]
840 ; 45 ; 180 ; 4 ; [0.14050076414143872] ; [0.015300159132704577]
840 ; 45 ; 182 ; 1 ; [0.95906199166012496] ; [2.1542625597718374]
840 ; 45 ; 183 ; 0 ; [0.040348586494875431] ; [0.14787670274807449]
840 ; 45 ; 183 ; 1 ; [0.2067770180475777] ; [0.49063068956413142]
840 ; 45 ; 184 ; 0 ; [0.40957634265006954, 0.17032073871903233, 0.08064517895214654] ; [0.63354214297843636, 0.41687404105635062, 0.24016826847116871]
840 ; 45 ; 184 ; 1 ; [0.12439546384198806] ; [0.090475113842729785]
840 ; 45 ; 186 ; 0 ; [0.15487180333549208] ; [1.0956310477907474]
840 ; 45 ; 186 ; 6 ; [0.68872931602060217] ; [1.7923895060973678]
840 ; 45 ; 186 ; 31 ; [1.5160748977993925] ; [1.1046009942488328]
840 ; 45 ; 187 ; 0 ; [0.0085418683476871371, 0.034718978851962928, 0.0036293639965385483, -0.0033268473012070137] ; [0.1673146787838605, 0.15475420017438465, 0.2591553775802849, 0.12260592207729668]
840 ; 45 ; 188 ; 0 ; [1.8130716359407555] ; [1.1871260766420115]
840 ; 45 ; 188 ; 1 ; [1.9191785459802169] ; [2.2755805113823846]
840 ; 45 ; 188 ; 2 ; [1.4667393534242987] ; [1.1333354613205984]
840 ; 45 ; 188 ; 4 ; [1.4791875564620276] ; [1.3967156905923361]
840 ; 45 ; 188 ; 5 ; [0.8320182421217317] ; [2.2787420063554329]
840 ; 45 ; 188 ; 7 ; [1.473381345972566] ; [2.3414682132306899]
840 ; 45 ; 188 ; 8 ; [0.74599340780937118] ; [1.9704583399218278]
840 ; 45 ; 188 ; 9 ; [2.5461044741645238] ; [1.9290123927248284]
840 ; 45 ; 188 ; 11 ; [1.3775031024696225] ; [0.58179910520083911]
840 ; 45 ; 188 ; 12 ; [2.0390946397379333] ; [0.23554901396126873]
840 ; 45 ; 188 ; 13 ; [1.9325084683321754] ; [2.2058339375048903]
840 ; 45 ; 188 ; 14 ; [1.2958633980657563] ; [0.61460408916045994]
840 ; 45 ; 188 ; 15 ; [0.8613749407960738] ; [3.073897379587768]
840 ; 45 ; 188 ; 17 ; [1.5997842038379366] ; [1.9677424708214641]
840 ; 45 ; 188 ; 18 ; [0.67366604152388343] ; [1.218587728184872]
840 ; 45 ; 188 ; 19 ; [1.890001964715603] ; [5.8867585809653509]
840 ; 45 ; 188 ; 20 ; [1.9572096441261637] ; [0.49624640422647814]
840 ; 45 ; 188 ; 21 ; [2.1994941437176379] ; [1.7061205812082214]
840 ; 45 ; 188 ; 22 ; [0.75185115090205401] ; [1.8545483756097587]
840 ; 45 ; 188 ; 25 ; [1.3794601049797373] ; [3.8840066841920469]
840 ; 45 ; 188 ; 27 ; [2.5392724169580507] ; [1.2672787214571561]
840 ; 45 ; 188 ; 28 ; [2.3914851794036851] ; [3.6653373403451872]
840 ; 45 ; 188 ; 29 ; [1.831810316385039] ; [1.8047539653318814]
840 ; 45 ; 188 ; 31 ; [1.5884828327084453] ; [0.91749315879009197]
840 ; 45 ; 188 ; 35 ; [2.8413409139363681] ; [1.6521114950227853]
840 ; 45 ; 189 ; 0 ; [0.23282377361438486, 0.19626009097085073, 0.29451859360989302, 0.21940036171930477, 0.1734063980176426] ; [0.20011203065881045, 0.18001076344355654, 0.23348388560489183, 0.22369523487889031, 0.061605464589781493]
840 ; 45 ; 190 ; 0 ; [-0.0095324978933982191, 0.1337234959770594] ; [0.055562844197204288, 0.16551066631621034]
840 ; 45 ; 190 ; 1 ; [0.23473870887848419] ; [-0.035523836646995571]
840 ; 45 ; 190 ; 2 ; [-0.025935456262763956] ; [0.76842375300906207]
840 ; 45 ; 190 ; 3 ; [0.34822558574707319] ; [0.7705043884850532]
840 ; 45 ; 192 ; 0 ; [-0.013304624633596905, 0.10783606574572625, -0.00070432891674991214, 0.19752256887917657] ; [0.1878718138377618, 0.22432686179826736, 0.26909746364707954, 0.20755862663967914]
840 ; 45 ; 193 ; 3 ; [0.031617233371350313] ; [0.36323808092604265]
840 ; 45 ; 193 ; 5 ; [0.36879891986282376] ; [0.86309206604070787]
840 ; 45 ; 193 ; 6 ; [0.48859947989521418] ; [0.38599905523685701]
840 ; 45 ; 193 ; 8 ; [0.8135980826031014] ; [1.107373270215767]
840 ; 45 ; 193 ; 9 ; [1.3069052509681034] ; [0.96846410647339964]
840 ; 45 ; 193 ; 10 ; [0.35539944715142302] ; [0.5989503446798613]
840 ; 45 ; 193 ; 15 ; [8.5949185724348762] ; [-0.019800355615099956]
840 ; 45 ; 193 ; 16 ; [0.85563237147435589] ; [1.0882883674564436]
840 ; 45 ; 193 ; 24 ; [0.58586702910876698] ; [1.2954729826626374]
840 ; 45 ; 193 ; 26 ; [0.99737939783864316] ; [1.6082011333544315]
840 ; 45 ; 193 ; 35 ; [2.4903054767155264] ; [3.5869243649711926]
840 ; 45 ; 194 ; 0 ; [0.27400419480698535, 0.32544615787347375, 0.16442972841092837, 0.13887100238476896] ; [0.22021233528976947, 0.28007269466434614, 0.2264061685949415, 0.062417935846954785]
840 ; 45 ; 195 ; 0 ; [0.45901128652738954] ; [0.25407195279850714]
840 ; 45 ; 195 ; 1 ; [0.85090961331968862] ; [1.1897450232979632]
840 ; 45 ; 195 ; 2 ; [0.22795313406204057] ; [0.048374651490810452]
840 ; 45 ; 195 ; 4 ; [0.26383003938409216] ; [0.082001045856411534]
840 ; 45 ; 195 ; 5 ; [0.45597928495095785] ; [0.28503837622119593]
840 ; 45 ; 195 ; 6 ; [0.053471815110598127] ; [0.34178321251965177]
840 ; 45 ; 196 ; 0 ; [0.58213487504787498] ; [0.53816267094223702]
840 ; 45 ; 196 ; 1 ; [1.7559171146925809] ; [0.099583600820273024]
840 ; 45 ; 196 ; 3 ; [5.8371532065138148] ; [1.7597948327196815]
840 ; 45 ; 196 ; 5 ; [-0.018225670949488151] ; [2.0218761050408265]
840 ; 45 ; 196 ; 6 ; [2.9098228773388115] ; [1.6420652391403177]
840 ; 45 ; 196 ; 7 ; [2.6923516255634583] ; [1.6313868807599476]
840 ; 45 ; 196 ; 9 ; [0.97498065353823582] ; [2.4851242196727252]
840 ; 45 ; 196 ; 10 ; [0.34905973171195687] ; [2.5624033955599468]
840 ; 45 ; 197 ; 0 ; [0.14796482454500826, 0.23012321028383037, 0.85116580644641704] ; [0.26589445756914132, 0.25537460209760832, 0.44826428313564382]
840 ; 45 ; 198 ; 0 ; [0.344624724606449, 0.22393360302843429] ; [0.3163132212969883, 0.28309357180016181]
840 ; 45 ; 199 ; 5 ; [0.27188930728180982, 0.68390800272151919] ; [0.055653266408445853, 0.40908469868296854]
840 ; 45 ; 199 ; 6 ; [0.31984453303040938] ; [0.70267140847970633]
840 ; 45 ; 200 ; 0 ; [0.51096369294015598, 0.7211344399960794, 0.28140841092331026] ; [0.32532686493643331, 0.63607465366093996, 0.27377122673951998]
840 ; 45 ; 200 ; 2 ; [1.4217238479120025, 0.64741057264016189] ; [0.91892519081407853, 0.24659177331305937]
840 ; 45 ; 201 ; 0 ; [0.34009702139561748, 0.20172768150486872] ; [0.6802935559283213, 0.18519925971114665]
840 ; 45 ; 201 ; 1 ; [0.58164699049326807] ; [0.01334287503128973]
840 ; 45 ; 202 ; 0 ; [0.10581399501783766, 0.1064356925281401, 0.17986894507235843] ; [0.64605353699413459, 0.14832919216200927, 0.088457657905786052]
840 ; 45 ; 202 ; 1 ; [0.25459168520785808, 0.36294811711635483] ; [0.44723757185885693, 0.48352160401492139]
840 ; 45 ; 203 ; 0 ; [1.1433550399510881] ; [0.72517176538584383]
840 ; 45 ; 203 ; 2 ; [0.07888935013418677] ; [1.3525857503016021]
840 ; 45 ; 203 ; 3 ; [1.7487037557652512] ; [1.7846448585027601]
840 ; 45 ; 203 ; 4 ; [0.99099899585907447] ; [2.0083814116793759]
840 ; 45 ; 204 ; 0 ; [0.85853406600576065, 0.432089489305375] ; [0.35180748184842936, 0.68959624855645041]
840 ; 45 ; 204 ; 2 ; [0.61284813592664122] ; [0.33796399117493059]
840 ; 45 ; 206 ; 0 ; [0.26689331722238363] ; [0.18432179248312394]
840 ; 45 ; 207 ; 0 ; [0.15202825421862362] ; [0.069876841309108095]
840 ; 45 ; 207 ; 2 ; [0.70473191308947247] ; [0.87320024607668811]
840 ; 45 ; 207 ; 9 ; [2.5819246077431397] ; [2.1082335095860731]
840 ; 45 ; 207 ; 12 ; [2.0999892012250401] ; [1.7621842539255426]
840 ; 45 ; 207 ; 17 ; [1.9234908458937487] ; [1.0465420026680219]
840 ; 45 ; 208 ; 0 ; [0.14502868997257745, 0.17906024822800157, 0.1174476429505725, 0.44218419124866182] ; [0.16731568681618966, 0.17196040900554174, 0.16988568741689755, 0.24590757009084219]
840 ; 45 ; 209 ; 0 ; [-0.00084582440799869485] ; [0.13962498796693554]
840 ; 45 ; 209 ; 3 ; [0.50124944225896229] ; [0.006143269764248763]
840 ; 45 ; 209 ; 4 ; [0.32359662928248406] ; [0.079809972251056086]
840 ; 45 ; 210 ; 0 ; [0.72604415282338042] ; [0.064554086007040892]
840 ; 45 ; 210 ; 1 ; [0.26125658074845581] ; [0.30184840673363378]
840 ; 45 ; 210 ; 2 ; [1.99749704896243] ; [0.5653406381169187]
840 ; 45 ; 210 ; 5 ; [0.84247521598171082] ; [0.81796410350102222]
840 ; 45 ; 210 ; 7 ; [1.1152193171095994] ; [-0.11231695246819308]
840 ; 45 ; 211 ; 0 ; [0.18957140281784399, 0.029994692772048099, 0.043014279755107181, 0.14519655874233556] ; [0.20932473524179923, 0.12015296479252177, 0.24175344467761137, 0.23459928510462549]
840 ; 45 ; 212 ; 0 ; [0.16990272885063801, 0.031221241712914585] ; [0.44749979228918429, 0.10432663222350344]
840 ; 45 ; 212 ; 1 ; [0.080927833933150756] ; [0.38698420111933662]
840 ; 45 ; 213 ; 0 ; [0.018047344850790563, -0.002472784742723509, -0.013342600573981227] ; [0.3622434007772864, 0.23682462819591629, 0.11848654040907305]
840 ; 45 ; 213 ; 1 ; [6.8570566685548906] ; [0.067117638851061381]
840 ; 45 ; 214 ; 2 ; [1.163817520701327] ; [1.1282371504782305]
840 ; 45 ; 214 ; 14 ; [0.87877195318020984] ; [1.1998776004278673]
840 ; 45 ; 215 ; 0 ; [0.10285906301345632] ; [-0.012302644305806706]
840 ; 45 ; 215 ; 1 ; [0.1535210118630336] ; [4.7392154095191028]
840 ; 45 ; 215 ; 2 ; [1.6271105823280503] ; [3.4436714515515403]
840 ; 45 ; 215 ; 3 ; [0.5860141724420499] ; [0.46544311882869205]
840 ; 45 ; 215 ; 4 ; [6.8839133457916004] ; [1.2392270750109489]
840 ; 45 ; 216 ; 4 ; [0.0070207961308984563] ; [0.11931089080799923]
840 ; 45 ; 217 ; 0 ; [0.1036452086644679, 0.41970823250636169] ; [0.14895160109963884, 0.12492051998035809]
840 ; 45 ; 217 ; 1 ; [0.2104352775988958, 0.23060513564205296] ; [0.34972147026482514, 0.20347202720715787]
840 ; 45 ; 217 ; 3 ; [0.0094912567222583989] ; [3.7306642727734172]
840 ; 45 ; 218 ; 0 ; [0.10808288222135734] ; [0.063299351946664195]
840 ; 45 ; 218 ; 1 ; [0.58206322250600451] ; [0.022726470798520856]
840 ; 45 ; 218 ; 2 ; [0.53875225861680487] ; [0.060781460524365165]
840 ; 45 ; 218 ; 3 ; [0.56672131227734812] ; [0.028099805304314902]
840 ; 45 ; 219 ; 4 ; [2.6855135870489724] ; [2.3983530726393103]
840 ; 45 ; 219 ; 9 ; [1.8694072197799816] ; [1.6537593276946903]
840 ; 45 ; 219 ; 10 ; [1.5555072188066246] ; [1.357568881883477]
840 ; 45 ; 219 ; 12 ; [3.2343004100649368] ; [1.8123391293973283]
840 ; 45 ; 219 ; 14 ; [1.171837948278762] ; [1.0744311492875209]
840 ; 45 ; 219 ; 15 ; [1.7387808889046639] ; [1.289231013325187]
840 ; 45 ; 219 ; 16 ; [1.6963860439731278] ; [1.1565605567345445]
840 ; 45 ; 219 ; 17 ; [1.773457617737914] ; [2.154547219720194]
840 ; 45 ; 219 ; 18 ; [3.0444690539863934] ; [2.0924608925032553]
840 ; 45 ; 219 ; 19 ; [1.325037619629178] ; [1.7970501066154667]
840 ; 45 ; 219 ; 21 ; [1.6011321105184466] ; [3.0881214004440252]
840 ; 45 ; 219 ; 22 ; [2.4121639137680266] ; [2.0316921069847766]
840 ; 45 ; 219 ; 25 ; [1.3145136102817001] ; [1.3089158483583836]
840 ; 45 ; 219 ; 26 ; [1.2423229719215703] ; [1.2208015608186458]
840 ; 45 ; 219 ; 28 ; [2.1336889283515297] ; [1.7691745009994955]
840 ; 45 ; 219 ; 29 ; [2.7084476695291126] ; [2.0326249855786513]
840 ; 45 ; 219 ; 32 ; [1.2881862235542763] ; [1.3026105720313823]
840 ; 45 ; 219 ; 33 ; [1.6832398113169698] ; [2.1353927186383399]
840 ; 45 ; 219 ; 34 ; [1.5687162332406392] ; [1.7348496290552167]
840 ; 45 ; 219 ; 35 ; [2.4395762156962744] ; [1.8515737404581167]
840 ; 45 ; 219 ; 39 ; [1.5715770698027849] ; [2.3602955310523792]
840 ; 45 ; 219 ; 40 ; [1.2393461827064927] ; [1.4213177387878639]
840 ; 45 ; 219 ; 41 ; [2.1962291746444369] ; [1.6397156795114416]
840 ; 45 ; 219 ; 48 ; [1.0448890697313216] ; [1.1773168452676057]
840 ; 45 ; 219 ; 50 ; [3.2012204216172728] ; [1.3545824996013529]
840 ; 45 ; 219 ; 53 ; [2.2755429803200173] ; [1.7921178519861394]
840 ; 45 ; 219 ; 57 ; [2.4214831424742354] ; [4.233617614853789]
840 ; 45 ; 219 ; 58 ; [2.3659455167261148] ; [2.1983664852282825]
840 ; 45 ; 219 ; 59 ; [2.105721751507895] ; [2.3359962703271506]
840 ; 45 ; 220 ; 0 ; [0.039135047637637865, 0.51997124170059694] ; [0.075447797545318093, 0.094642203820769502]
840 ; 45 ; 220 ; 1 ; [0.13309647290671556] ; [0.17970704189843467]
840 ; 45 ; 220 ; 2 ; [0.69083897838356201] ; [0.65066654834739501]
840 ; 45 ; 220 ; 5 ; [2.866592626533718] ; [0.27763174852032591]
840 ; 45 ; 220 ; 11 ; [0.64858776461287726] ; [1.574221030812881]
840 ; 45 ; 220 ; 13 ; [0.60658413819829093] ; [1.1088614225251627]
840 ; 45 ; 220 ; 19 ; [1.0054065829156305] ; [0.8176317473135376]
840 ; 45 ; 220 ; 22 ; [2.2422394512625705] ; [1.3199429040911459]
840 ; 45 ; 221 ; 0 ; [0.0973164365774917, 0.240348515004675, 0.19852283323746017, 0.19431194434637222] ; [0.29480516318582828, 0.24791504843768558, 0.30331022101254695, 0.15456051931895548]
840 ; 45 ; 221 ; 1 ; [0.20098285048106448, 0.62091043138523005] ; [0.12620673281493125, 0.16132655165966528]
840 ; 45 ; 222 ; 0 ; [0.31612596072921062] ; [0.65841479585525542]
840 ; 45 ; 222 ; 1 ; [0.020145337857678761] ; [0.21810291086507294]
840 ; 45 ; 222 ; 2 ; [0.059525596210795416] ; [0.068968137913637248]
840 ; 45 ; 222 ; 7 ; [0.030092891203635678] ; [1.6646296100060414]
840 ; 45 ; 223 ; 0 ; [0.92568153035475198] ; [0.79577555299479386]
840 ; 45 ; 223 ; 1 ; [0.081668699197250894] ; [0.0090000745400509227]
840 ; 45 ; 224 ; 1 ; [2.0859592100242041] ; [0.54792425777676401]
840 ; 45 ; 224 ; 4 ; [1.7251892554949131] ; [0.4769256713935292]
840 ; 45 ; 224 ; 7 ; [0.6377468172085734] ; [1.1691841302126029]
840 ; 45 ; 224 ; 11 ; [1.4109123373867085] ; [0.20272719677229001]
840 ; 45 ; 224 ; 21 ; [0.26535284055364039] ; [1.4234921797234721]
840 ; 45 ; 224 ; 22 ; [0.55499938279407413] ; [-0.079153446604962832]
840 ; 45 ; 225 ; 0 ; [0.71577221230398302, 0.6329724820315622, 0.49851273507533345, 0.16314269149099689] ; [0.17468929843762707, 0.20787170020334736, 0.30887427324152189, 0.25437654537501708]
840 ; 45 ; 225 ; 1 ; [1.398003471164921] ; [0.060815251074684218]
840 ; 45 ; 225 ; 3 ; [0.0066228052481030076] ; [-0.030822811371288613]
840 ; 45 ; 226 ; 2 ; [0.42394070189765898] ; [0.020095870135686523]
840 ; 45 ; 226 ; 4 ; [0.72955301418800012] ; [0.16049985000016964]
840 ; 45 ; 227 ; 1 ; [2.0831952248405754] ; [0.23097676766450262]
840 ; 45 ; 228 ; 0 ; [0.44041894950059318] ; [0.74721148021698547]
840 ; 45 ; 228 ; 1 ; [0.85472515277674854] ; [0.38687835968115175]
840 ; 45 ; 229 ; 0 ; [0.2390683061732749, 0.69952904349673795] ; [0.28295327474035609, 0.29925762048370735]
840 ; 45 ; 229 ; 1 ; [0.10432405142812631] ; [-0.0014078838380631017]
840 ; 45 ; 230 ; 0 ; [0.14748201364337174, 0.067204156441476551, -0.015868200483395527] ; [0.19752323002692401, 0.18139034050141431, 0.04198612461052726]
840 ; 45 ; 233 ; 0 ; [2.2779749730170464] ; [0.046739236405976999]
840 ; 45 ; 233 ; 4 ; [0.10221081001416216, 0.041724611709380799, 0.13040657216177204, 0.43687478878383379, 0.1705975722766159] ; [0.63213832317735419, 0.40701978209198725, 0.50761896257706596, 0.48437538347788917, 0.31048556836539254]
840 ; 45 ; 234 ; 0 ; [0.44171196062771961, 0.28562675354938299] ; [0.36380584270391003, 0.1640646557596073]
840 ; 45 ; 235 ; 0 ; [0.58317029253778563] ; [-0.014048623726318404]
840 ; 45 ; 236 ; 0 ; [0.40641799814291835] ; [0.28697037499196953]
840 ; 45 ; 237 ; 0 ; [0.16362294055330429] ; [0.34270588162099108]
840 ; 45 ; 237 ; 1 ; [0.14554235971456905] ; [0.0097168888651428618]
840 ; 45 ; 237 ; 2 ; [1.5617350550471838] ; [1.419789709683144]
840 ; 45 ; 237 ; 4 ; [2.5774561129003017] ; [3.3795012751739781]
840 ; 45 ; 237 ; 5 ; [0.069257605485986362] ; [2.0919153034740594]
840 ; 45 ; 238 ; 1 ; [0.73460863960578104] ; [0.29302299679258886]
840 ; 45 ; 238 ; 2 ; [0.042235748920363803] ; [0.07991581030797959]
840 ; 45 ; 239 ; 0 ; [0.93857410495375382, 0.33777617205463778] ; [0.49988261878109719, 0.2175691231582749]
840 ; 45 ; 240 ; 1 ; [2.8491482286722625] ; [0.11275166660399441]
840 ; 45 ; 240 ; 6 ; [2.250554376602016] ; [1.3261702108045483]
840 ; 45 ; 240 ; 9 ; [1.9105550798115656] ; [1.3727586168904227]
840 ; 45 ; 241 ; 0 ; [0.0078756562585664252] ; [0.089057730535650304]
840 ; 45 ; 242 ; 0 ; [0.3341456322769083] ; [0.02757152819690627]
840 ; 45 ; 243 ; 0 ; [0.1064267071630326, 0.073335948992058503, 0.087205481382019043, 0.13894650476189338] ; [0.18434711636494355, 0.22477758196685571, 0.19244921297179504, 0.13422672270380959]
840 ; 45 ; 244 ; 0 ; [0.23280359378846285, 1.693166702201607] ; [0.045114900553088623, 0.00072517374287716741]
840 ; 45 ; 244 ; 1 ; [0.022851133703878177, 0.0036931980927531224] ; [0.10897264982290629, 0.54955138037015339]
840 ; 45 ; 244 ; 2 ; [0.54182644182206041] ; [0.52103058458515117]
840 ; 45 ; 245 ; 0 ; [0.27525044075239635] ; [0.021180546174381192]
840 ; 45 ; 245 ; 1 ; [1.9449413862166796] ; [0.30154904169942492]
840 ; 45 ; 246 ; 0 ; [0.17934902369140496, 0.18760825050917423, 0.33621139047746812] ; [0.21012254723065707, 0.1978711320413257, 0.3125754685633253]
840 ; 45 ; 246 ; 1 ; [0.83195935189580417, 0.17300546796222865] ; [0.0047417566553654145, 0.15164843231419164]
840 ; 45 ; 246 ; 2 ; [0.74689876212096307] ; [0.049712130118435997]
840 ; 45 ; 247 ; 0 ; [1.2416064658644621] ; [0.090005072281452714]
840 ; 45 ; 247 ; 1 ; [0.015414862687427025, 0.0325333507375309, 0.052756069262010118, 0.10042766553726135, 0.036244818427206331] ; [0.19519737836658999, 0.35648323593507986, 0.11950620600908562, 0.31096096623180092, 0.11448365766550872]
840 ; 45 ; 248 ; 0 ; [0.38108634163822586] ; [0.047939448285278859]
840 ; 45 ; 248 ; 1 ; [0.23320999713416454] ; [0.030342923001716073]
840 ; 45 ; 248 ; 3 ; [0.34897026418445209] ; [0.40688493684648014]
840 ; 45 ; 249 ; 0 ; [0.24736093946169885, 0.058400832932920976, 0.049186542781067426] ; [0.21296809287010404, 0.19239266222166065, 0.019643866356158612]
840 ; 45 ; 249 ; 1 ; [0.049231767174391788] ; [0.01322635335613458]
840 ; 45 ; 251 ; 0 ; [0.10909957215918584] ; [0.12105046221251617]
840 ; 45 ; 251 ; 2 ; [0.11055264299954808] ; [0.6944949756035913]
840 ; 45 ; 252 ; 0 ; [0.24958452872563172, 0.14732926594314774] ; [0.32994651308213158, 0.24530033383197314]
840 ; 45 ; 253 ; 0 ; [1.3907491202061681, 0.22427335341954188] ; [0.20850842554406451, 0.22459163659323547]
840 ; 45 ; 253 ; 1 ; [0.34372203416971364, 0.084194526369662404] ; [-0.0092990080629242744, -0.0049156694155381318]
840 ; 45 ; 253 ; 3 ; [2.0884450891641104] ; [1.5885351409868187]
840 ; 45 ; 253 ; 4 ; [5.3648472663116582] ; [2.9109310230854026]
840 ; 45 ; 254 ; 0 ; [2.2321862176362566] ; [1.3587698037634164]
840 ; 45 ; 254 ; 1 ; [0.76692944338639712] ; [0.74370470204043015]
840 ; 45 ; 254 ; 4 ; [2.4221815518250982] ; [0.52910716247925416]
840 ; 45 ; 254 ; 5 ; [2.0589776447325243] ; [1.1615326939390247]
840 ; 45 ; 254 ; 6 ; [1.2094928650047907] ; [1.4802738122265426]
840 ; 45 ; 254 ; 7 ; [1.7953482016025633] ; [1.7710948396032842]
840 ; 45 ; 255 ; 0 ; [1.1571722024169135] ; [0.55287780149310994]
840 ; 45 ; 255 ; 3 ; [0.10933438562413629] ; [0.017349960538784737]
840 ; 45 ; 255 ; 4 ; [0.70772161208418916] ; [0.59096186440856613]
840 ; 45 ; 255 ; 7 ; [0.54050689525791118] ; [0.32129307219693348]
840 ; 45 ; 255 ; 10 ; [0.1203353552490585] ; [1.5478941060305118]
840 ; 45 ; 255 ; 11 ; [0.24728071641408783] ; [2.3714759749638046]
840 ; 45 ; 256 ; 0 ; [0.83831612919682474, 0.25794701621522975] ; [0.5875299404813924, 0.0059941069593977738]
840 ; 45 ; 256 ; 3 ; [1.4466441466584929] ; [0.17980033558594005]
840 ; 45 ; 257 ; 0 ; [0.5390878814383353] ; [0.31242834628089855]
840 ; 45 ; 257 ; 1 ; [0.52218478276835001] ; [0.29316752096351373]
840 ; 45 ; 257 ; 3 ; [0.77228414406460677] ; [0.0047552219921656921]
840 ; 45 ; 258 ; 10 ; [0.81797092413983785] ; [1.1221781828754687]
840 ; 45 ; 259 ; 0 ; [0.28732027814865313, 0.18166406071691807, 0.17456320725237334, 0.18577300624440238, 0.17427039613355289] ; [0.084402666992049749, 0.16982041910881696, 0.18709174173701737, 0.20925785752611226, 0.22136554235852779]
840 ; 45 ; 259 ; 1 ; [0.11546123775248644] ; [0.20441724567841843]
840 ; 45 ; 259 ; 2 ; [0.34524217234009391] ; [-0.051969474351022595]
840 ; 45 ; 260 ; 0 ; [0.67252309347306671] ; [0.34129164812856638]
840 ; 45 ; 260 ; 8 ; [0.49260159704863421] ; [1.308473144492718]
840 ; 45 ; 261 ; 0 ; [0.11916832067354872, 0.11071219169427807, 0.34379760053179687] ; [0.21976540201971537, 0.16960718648969692, 0.10116170235777032]
840 ; 45 ; 262 ; 0 ; [0.2102635363878739, 0.070239683849107809, 0.10337697778103121] ; [0.26804709121513959, 0.42444392416103699, 0.30151686592356625]
840 ; 45 ; 262 ; 1 ; [0.073409237088820703] ; [0.31175488135256579]
840 ; 45 ; 263 ; 0 ; [0.13658162465056675] ; [0.19893032853067127]
840 ; 45 ; 263 ; 1 ; [0.54359165076291383] ; [0.53731588490183857]
840 ; 45 ; 263 ; 2 ; [1.8298598196589653] ; [0.27419451724603244]
840 ; 45 ; 263 ; 4 ; [0.81018535065133168] ; [1.8763996157572622]
840 ; 45 ; 263 ; 5 ; [1.1215981359788274] ; [0.55948019161467299]
840 ; 45 ; 263 ; 11 ; [0.70078116145130764] ; [5.1590014574423328]
840 ; 45 ; 264 ; 0 ; [-0.055381953709347558, 0.37451520234407681] ; [0.13423486338695914, 0.67732616749070007]
840 ; 45 ; 264 ; 1 ; [0.27539683851999425] ; [0.244385011653139]
840 ; 45 ; 265 ; 0 ; [0.15735201545657726, 0.12767942673954791, 0.075883778481335096, 0.033298914660113428] ; [0.19228271928540555, 0.30537546432642393, 0.36030228446746604, 0.14181847704351558]
840 ; 45 ; 266 ; 0 ; [0.13953771315589078] ; [1.8722756107389935]
840 ; 45 ; 266 ; 1 ; [-0.20914608228669432] ; [0.10852185816090758]
840 ; 45 ; 266 ; 2 ; [-0.14359245337741419] ; [0.4037750996516864]
840 ; 45 ; 266 ; 3 ; [0.20689293128355041] ; [0.27557092216332268]
840 ; 45 ; 267 ; 0 ; [0.16615977615912195, 0.090927980584414508, 0.017466213123155546] ; [0.23499664026782885, 0.21407668382529005, -0.0066012031901881239]
840 ; 45 ; 268 ; 0 ; [-0.00025003190537349791] ; [0.072859344959176592]
840 ; 45 ; 268 ; 3 ; [-0.00020327914640006764] ; [0.17575603904919909]
840 ; 45 ; 269 ; 3 ; [3.1555014112843285] ; [2.2743660640211596]
840 ; 45 ; 269 ; 6 ; [1.8420016628288607] ; [1.4131177227397058]
840 ; 45 ; 269 ; 8 ; [2.3165294395399405] ; [1.4526998527096711]
840 ; 45 ; 270 ; 0 ; [1.4555551181557553] ; [1.5106996755226445]
840 ; 45 ; 270 ; 4 ; [2.5515707482887833] ; [1.7075645663226999]
840 ; 45 ; 270 ; 12 ; [1.4389420742805052] ; [1.5580777880693406]
840 ; 45 ; 270 ; 13 ; [1.4591079252335986] ; [2.7498261127704504]
840 ; 45 ; 270 ; 15 ; [0.86902953186856824] ; [1.4162320604309346]
840 ; 45 ; 270 ; 16 ; [2.1085753697404703] ; [2.5563325933249574]
840 ; 45 ; 270 ; 17 ; [1.3166661400321702] ; [1.8692247625896274]
840 ; 45 ; 270 ; 18 ; [2.1986087260745171] ; [2.6608809137097893]
840 ; 45 ; 270 ; 19 ; [1.7330410104236691] ; [0.80532545011254553]
840 ; 45 ; 270 ; 21 ; [1.3245385206850109] ; [1.8565469271415127]
840 ; 45 ; 270 ; 22 ; [2.2169538534759066] ; [1.7088535154351803]
840 ; 45 ; 270 ; 25 ; [7.032075703789932] ; [1.1751487066145363]
840 ; 45 ; 270 ; 29 ; [3.3073175146984144] ; [1.7724396114265761]
840 ; 45 ; 270 ; 30 ; [5.7061313313280122] ; [1.8899866803149994]
840 ; 45 ; 270 ; 32 ; [2.8830209324318177] ; [1.7755458612649349]
840 ; 45 ; 270 ; 33 ; [1.5873286790782892] ; [0.72140642402334654]
840 ; 45 ; 271 ; 1 ; [0.30357188384457912] ; [0.083964931744353655]
840 ; 45 ; 271 ; 3 ; [0.093313268031735702] ; [0.9504786711217813]
840 ; 45 ; 272 ; 0 ; [1.9550985956862916] ; [0.78526998669408654]
840 ; 45 ; 272 ; 2 ; [1.8504754820478364] ; [1.0621136422228459]
840 ; 45 ; 272 ; 3 ; [8.8776319429439301] ; [4.2737336109199511]
840 ; 45 ; 272 ; 7 ; [0.91843575167039437] ; [0.74838646472319137]
840 ; 45 ; 272 ; 8 ; [2.2566795993419526] ; [2.0161218176430813]
840 ; 45 ; 272 ; 9 ; [3.1711025931770158] ; [2.1932643010595507]
840 ; 45 ; 272 ; 10 ; [2.8744158245930715] ; [1.4775985913082779]
840 ; 45 ; 272 ; 11 ; [7.1736925870133916] ; [1.6221800049056723]
840 ; 45 ; 272 ; 13 ; [3.9365863296048942] ; [3.1915720965391734]
840 ; 45 ; 272 ; 14 ; [4.0155186375562009] ; [1.7163288314956886]
840 ; 45 ; 272 ; 17 ; [6.5981566556154725] ; [2.3993019068695576]
840 ; 45 ; 272 ; 18 ; [1.2714463340288773] ; [0.1589246090181155]
840 ; 45 ; 272 ; 20 ; [2.8399515627509206] ; [7.7141366515651368]
840 ; 45 ; 272 ; 21 ; [1.8291854284381939] ; [1.7435253910190189]
840 ; 45 ; 272 ; 22 ; [4.0732279372599356] ; [1.4967747450239204]
840 ; 45 ; 272 ; 23 ; [3.5954776627844787] ; [3.3020751359881473]
840 ; 45 ; 272 ; 26 ; [0.37093352249340383] ; [2.60139255718809]
840 ; 45 ; 272 ; 29 ; [0.27291965556835218] ; [2.9634779478309072]
840 ; 45 ; 272 ; 32 ; [0.46355049270168497] ; [1.1770781267031745]
840 ; 45 ; 272 ; 35 ; [3.3203196996036319] ; [3.9415057896273935]
840 ; 45 ; 272 ; 40 ; [3.4964985163296416] ; [5.5479619168774974]
840 ; 45 ; 272 ; 43 ; [0.26222166424481108] ; [1.1091152627806247]
840 ; 45 ; 272 ; 47 ; [0.65350106206637892] ; [7.3863608288013882]
840 ; 45 ; 272 ; 48 ; [0.6721714949086568, 0.3705717837908229] ; [1.5198408777084513, 6.9606981873094629]
840 ; 45 ; 272 ; 49 ; [1.7304053613788719] ; [3.1371030191598392]
840 ; 45 ; 272 ; 58 ; [5.4369149907113723] ; [1.272825630718591]
840 ; 45 ; 273 ; 0 ; [0.83651045771507326] ; [0.4296454713424645]
840 ; 45 ; 273 ; 1 ; [0.78821427508456643] ; [-0.0055525163451354172]
840 ; 45 ; 274 ; 0 ; [1.1021394953029042] ; [1.5430673471707854]
840 ; 45 ; 274 ; 4 ; [1.482404280359974] ; [1.0491097179368341]
840 ; 45 ; 274 ; 5 ; [2.2228108045564245] ; [7.0614235811598034]
840 ; 45 ; 274 ; 7 ; [1.6528541667827457] ; [1.1553804845270448]
840 ; 45 ; 274 ; 10 ; [4.3896364399093004] ; [0.47015407123067926]
840 ; 45 ; 274 ; 11 ; [0.87781455775545669] ; [2.9545660681488664]
840 ; 45 ; 276 ; 0 ; [0.25525402435375255, 0.7836753990402382, 0.21811815063793685, 0.17324995656631262] ; [0.31147667963209202, 0.30728196739825275, 0.16276567171916484, 0.096451049819237994]
840 ; 45 ; 277 ; 0 ; [0.24442330482718691] ; [0.111943075449996]
840 ; 45 ; 277 ; 1 ; [0.26464964964714155] ; [0.24836204275670534]
840 ; 45 ; 277 ; 2 ; [0.095659686515862735] ; [0.049564143794349799]
840 ; 45 ; 278 ; 0 ; [6.1221577702656003] ; [3.4646248591520652]
840 ; 45 ; 278 ; 2 ; [0.24596266882825529] ; [4.4946582887588837]
840 ; 45 ; 278 ; 4 ; [0.58852483782126763] ; [1.9188981412664659]
840 ; 45 ; 278 ; 5 ; [2.7153371926565977] ; [2.7581350689735271]
840 ; 45 ; 278 ; 6 ; [1.3435455201824622] ; [3.6682863049405525]
840 ; 45 ; 279 ; 0 ; [1.3922182354287027] ; [0.81314059392792948]
840 ; 45 ; 279 ; 1 ; [0.025864971278926095] ; [0.0029121242210899288]
840 ; 45 ; 279 ; 2 ; [2.4575657407176248] ; [1.6366730667579108]
840 ; 45 ; 280 ; 2 ; [1.1312066141191754] ; [0.46515191019496016]
840 ; 45 ; 280 ; 6 ; [0.29281411832538429, 0.17342996249273232, 1.1008477021472847] ; [0.2486540488767929, 0.13391133692650301, 0.55101536990765121]
840 ; 45 ; 281 ; 0 ; [0.1544261038199681, 0.15134029486956582] ; [0.210054110182302, 0.19216094865475072]
840 ; 45 ; 281 ; 1 ; [0.097203880063687298] ; [0.0027717400633568479]
840 ; 45 ; 282 ; 2 ; [2.0486429721560531, 1.1683394332276336] ; [2.2251720327163862, 2.0450640413619054]
840 ; 45 ; 282 ; 3 ; [1.0283973875799572] ; [1.6945644495805974]
840 ; 45 ; 282 ; 4 ; [2.2025098702799126] ; [1.5366807778045577]
840 ; 45 ; 282 ; 5 ; [2.0030773396675796] ; [2.0420189393368764]
840 ; 45 ; 282 ; 6 ; [1.941343192456668] ; [1.526189886517421]
840 ; 45 ; 282 ; 9 ; [1.5114683218432128] ; [1.8703662308108897]
840 ; 45 ; 282 ; 10 ; [1.0814383153433391] ; [0.96543979865514229]
840 ; 45 ; 282 ; 11 ; [1.9778242852512677] ; [2.3172415735070406]
840 ; 45 ; 282 ; 12 ; [1.930691585721503] ; [1.6023232177873274]
840 ; 45 ; 282 ; 13 ; [2.3038025970889402, 1.9554204882108246] ; [1.8205455157424433, 1.7111679788991809]
840 ; 45 ; 282 ; 14 ; [1.7287358998433089] ; [2.3442120000076585]
840 ; 45 ; 282 ; 15 ; [1.4298989421776591] ; [1.87025575937079]
840 ; 45 ; 282 ; 16 ; [1.802030972983502] ; [1.7177584723248644]
840 ; 45 ; 282 ; 18 ; [1.5234632763706295] ; [2.3693607365673546]
840 ; 45 ; 282 ; 19 ; [1.5235799972948663] ; [0.96362574979899984]
840 ; 45 ; 282 ; 20 ; [1.7794887967168607] ; [1.8142576798494581]
840 ; 45 ; 282 ; 21 ; [2.6629213538600127] ; [2.0173436373179254]
840 ; 45 ; 282 ; 22 ; [1.7509928678147886] ; [2.2187862141347985]
840 ; 45 ; 282 ; 23 ; [1.5591499036999097] ; [1.8843357898158093]
840 ; 45 ; 282 ; 24 ; [1.4648441261554035] ; [2.1938047640791551]
840 ; 45 ; 282 ; 25 ; [1.8395804509132543] ; [2.0143445895948537]
840 ; 45 ; 282 ; 26 ; [1.4346882475220348] ; [1.341359238908153]
840 ; 45 ; 282 ; 27 ; [3.0954253491547208] ; [2.3456408780471336]
840 ; 45 ; 282 ; 28 ; [1.6194211601401949] ; [2.5846712566658407]
840 ; 45 ; 282 ; 29 ; [2.373883551333015] ; [1.9849292944103372]
840 ; 45 ; 282 ; 30 ; [1.7524710915861972] ; [1.7802400712516331]
840 ; 45 ; 282 ; 31 ; [1.602192376281278] ; [2.3167880540732284]
840 ; 45 ; 282 ; 32 ; [1.9131146799188572] ; [1.2261653833209467]
840 ; 45 ; 282 ; 33 ; [1.5375915494842585] ; [1.6355418474579213]
840 ; 45 ; 282 ; 34 ; [1.4498244190088665] ; [1.4567423026963666]
840 ; 45 ; 282 ; 35 ; [1.876832449165694] ; [1.6452183416436006]
840 ; 45 ; 282 ; 36 ; [1.5829690342165039] ; [0.74538344157315706]
840 ; 45 ; 282 ; 37 ; [1.0183975613331364] ; [1.7424878024509645]
840 ; 45 ; 282 ; 38 ; [1.7271328614391361] ; [1.7992647007931808]
840 ; 45 ; 282 ; 39 ; [1.866436358371244] ; [3.7453956476436239]
840 ; 45 ; 282 ; 41 ; [3.8524157551406772] ; [2.1735470862493043]
840 ; 45 ; 282 ; 42 ; [3.0611534048522206] ; [2.3880087058107606]
840 ; 45 ; 282 ; 43 ; [1.6813517199953383] ; [2.7575993475825977]
840 ; 45 ; 282 ; 45 ; [1.9873603669790829] ; [1.621718589933151]
840 ; 45 ; 282 ; 47 ; [3.10025540582282] ; [1.5010949765670545]
840 ; 45 ; 282 ; 48 ; [1.3818799991909894] ; [2.0042241975851796]
840 ; 45 ; 282 ; 50 ; [3.011199870188209] ; [0.63233225486250777]
840 ; 45 ; 282 ; 52 ; [1.5280977475108131] ; [2.254955630161191]
840 ; 45 ; 282 ; 55 ; [1.0616464563360868] ; [3.709604394658411]
840 ; 45 ; 282 ; 56 ; [1.8144456182322282] ; [2.8497861161350464]
840 ; 45 ; 282 ; 58 ; [2.0007137875360366] ; [2.0593852703786957]
840 ; 45 ; 282 ; 62 ; [2.364968233657013] ; [2.033916032734183]
840 ; 45 ; 282 ; 64 ; [1.7406346475710965] ; [2.6700635550054574]
840 ; 45 ; 282 ; 65 ; [1.4226947717978535] ; [2.0145549665736864]
840 ; 45 ; 282 ; 66 ; [1.2972748649163901] ; [1.7385869965360774]
840 ; 45 ; 283 ; 0 ; [0.30464870768251084, 0.048078945844122131] ; [0.52649602519349215, 0.058657469021674159]
840 ; 45 ; 284 ; 0 ; [0.062872737560487696, 0.067731652846401688, 0.029853138067402842, 0.025888935283388113] ; [0.30540184338356419, 0.13197045737513097, 0.2633888865960099, 0.17620325719007804]
840 ; 45 ; 284 ; 1 ; [0.043560607697428623, -0.011066670390088533] ; [0.11487970104572949, 0.15217349383458945]
840 ; 45 ; 284 ; 3 ; [0.32428789194272278] ; [0.19596839958534787]
840 ; 45 ; 285 ; 1 ; [1.1315409010959008] ; [0.37885444042882294]
840 ; 45 ; 286 ; 0 ; [0.41889829686309055] ; [0.014952303273165907]
840 ; 45 ; 286 ; 1 ; [0.3568312515563638] ; [1.8528478324934514]
840 ; 45 ; 286 ; 3 ; [1.5467317123535846] ; [2.0994253006897754]
840 ; 45 ; 286 ; 6 ; [-0.011602029939196493] ; [1.3339195576750493]
840 ; 45 ; 286 ; 8 ; [0.35792630704295142] ; [1.7533299094370149]
840 ; 45 ; 286 ; 10 ; [2.3299406116492722] ; [1.4793060305674022]
840 ; 45 ; 286 ; 11 ; [3.2904414658075094] ; [1.4392780634419504]
840 ; 45 ; 286 ; 12 ; [0.25837705973212821] ; [1.8787335966443977]
840 ; 45 ; 286 ; 16 ; [0.35185389317498078] ; [1.6525631993937917]
840 ; 45 ; 286 ; 17 ; [0.24707005563639498] ; [1.5580724073320948]
840 ; 45 ; 287 ; 0 ; [0.38714391122182351] ; [0.072255388332021428]
840 ; 45 ; 288 ; 0 ; [0.4339413456540801] ; [0.19046002209062413]
840 ; 45 ; 288 ; 1 ; [0.14568531139984953] ; [0.16642650709089504]
840 ; 45 ; 288 ; 2 ; [0.34695249663367234] ; [0.061503196739430256]
840 ; 45 ; 288 ; 3 ; [0.045917803389010046] ; [0.015129418209238889]
840 ; 45 ; 289 ; 0 ; [1.7362336502862703] ; [0.4697006157805107]
840 ; 45 ; 290 ; 0 ; [0.20794818481744862, 0.24670514623131495, 0.35092955875944587] ; [0.21225894092927794, 0.21247053990282777, 0.14276072661312439]
840 ; 45 ; 290 ; 1 ; [0.75737584772483524] ; [0.024056813767523576]
840 ; 45 ; 291 ; 0 ; [0.15919589646172075] ; [0.062771150089826103]
840 ; 45 ; 291 ; 2 ; [1.115941878467049] ; [0.63482859718953411]
840 ; 45 ; 292 ; 0 ; [0.069073733799671924, 0.10248420748185089, 0.070311134030215966, -0.0054980894478838058, 0.0080933484359095222] ; [0.1090313503226418, 0.3106402931922449, 0.14291949448465607, 0.18760339377170004, 0.14212139045395944]
840 ; 45 ; 293 ; 0 ; [1.0227456130086083, 0.16748629984305413, 0.1638998798410288, 0.72006263665900927] ; [0.25068408977918055, 0.21149468068467342, 0.28446375595759266, 0.23798814241411909]
840 ; 45 ; 293 ; 1 ; [0.10187705378846125] ; [0.03376329710487333]
840 ; 45 ; 294 ; 0 ; [0.30362039054276707] ; [0.29799337207287563]
840 ; 45 ; 294 ; 1 ; [0.45111904781733153] ; [1.6954350608139741]
840 ; 45 ; 294 ; 2 ; [0.41053332424380951] ; [0.43189478299402922]
840 ; 45 ; 294 ; 3 ; [0.69971939137689909] ; [0.031159649365050422]
840 ; 45 ; 294 ; 5 ; [0.65137566724866613] ; [0.95871670331291148]
840 ; 45 ; 294 ; 8 ; [0.048603734220931435] ; [1.1016202356335509]
840 ; 45 ; 295 ; 0 ; [0.18117763881649104] ; [0.25697020748414517]
840 ; 45 ; 295 ; 1 ; [0.18091240607025841] ; [-0.041804798808182046]
840 ; 45 ; 295 ; 5 ; [0.10622187011015885] ; [0.32660862230073473]
840 ; 45 ; 296 ; 0 ; [1.4513342594554537] ; [0.48949952481510661]
840 ; 45 ; 296 ; 6 ; [0.0031864805945573732] ; [0.42203040069619352]
840 ; 45 ; 296 ; 13 ; [1.4794666432203873] ; [0.71042123059470685]
840 ; 45 ; 297 ; 0 ; [0.16881792982462945, 0.20280722809766058] ; [0.18083598184660421, 0.20920956363708829]
840 ; 45 ; 297 ; 1 ; [0.038826477915141086] ; [0.094283573048214553]
840 ; 45 ; 297 ; 3 ; [0.28210447820673407] ; [0.13741165109494075]
840 ; 45 ; 299 ; 0 ; [0.54950552851466927] ; [0.50550364219036026]
840 ; 45 ; 299 ; 1 ; [0.10783758172073429] ; [0.37565010553834499]
840 ; 45 ; 299 ; 2 ; [0.70756398333970338] ; [0.13432253346065684]
840 ; 45 ; 299 ; 3 ; [0.46928824435916655] ; [0.80002291262086489]
840 ; 45 ; 299 ; 6 ; [0.285783351312835] ; [0.89462738723377144]
840 ; 45 ; 299 ; 7 ; [0.49700253746941631] ; [0.5518053697182328]
840 ; 45 ; 299 ; 10 ; [2.3987722788034391] ; [1.4861163556399077]
840 ; 45 ; 299 ; 13 ; [1.8351483210404336] ; [0.58378673966124095]
840 ; 45 ; 299 ; 14 ; [1.245390444494799] ; [0.56795738078979219]
840 ; 45 ; 300 ; 0 ; [0.37630227348065248] ; [0.27635459226681014]
840 ; 45 ; 300 ; 1 ; [0.33902341186950785] ; [0.6948145208983415]
840 ; 45 ; 300 ; 2 ; [0.11105927011152975] ; [0.32421201067360078]
840 ; 45 ; 301 ; 0 ; [0.12695294468376692, 0.0032688466667011918, 0.025545905239658551] ; [0.16663523178930711, 0.36983692543519575, 0.11445106941344171]
840 ; 45 ; 301 ; 1 ; [-0.021084210395696738, 0.061800264004316888] ; [0.32011348052848582, 0.15973340357812041]
840 ; 45 ; 301 ; 2 ; [0.12819837307329807] ; [0.0410835863397679]
840 ; 45 ; 301 ; 4 ; [1.2045855545063029] ; [0.1369722089913567]
840 ; 45 ; 302 ; 0 ; [0.45486203618915361] ; [0.040550572371132125]
840 ; 45 ; 302 ; 1 ; [0.26926638311251094] ; [0.70500494530143287]
840 ; 45 ; 302 ; 2 ; [0.6602587042760153] ; [1.6116133396526109]
840 ; 45 ; 302 ; 3 ; [0.71983500561724523] ; [1.3444444238284268]
840 ; 45 ; 302 ; 4 ; [1.7405586577393717] ; [2.4621716812430541]
840 ; 45 ; 303 ; 2 ; [0.86844292212935525] ; [1.3770037675474454]
840 ; 45 ; 303 ; 9 ; [1.1898119927629149] ; [4.8925115449735488]
840 ; 45 ; 303 ; 17 ; [1.4598468032007976] ; [1.4257871506317528]
840 ; 45 ; 303 ; 20 ; [1.7905063680139626] ; [0.95214143399162177]
840 ; 45 ; 303 ; 23 ; [0.54163987248778422] ; [1.1847136633359137]
840 ; 45 ; 303 ; 24 ; [1.1419261066400672] ; [2.1614272202471683]
840 ; 45 ; 303 ; 26 ; [0.022731072032766787] ; [1.6768316262567478]
840 ; 45 ; 303 ; 27 ; [1.1415290010980672] ; [2.030949625587501]
840 ; 45 ; 303 ; 28 ; [3.1414705924879147] ; [1.2236614995815271]
840 ; 45 ; 303 ; 29 ; [1.2548334402416392] ; [3.1945671349084428]
840 ; 45 ; 303 ; 30 ; [2.2950374729565022] ; [1.8332228994819506]
840 ; 45 ; 303 ; 32 ; [2.0165961508321399] ; [1.3533911960892007]
840 ; 45 ; 303 ; 33 ; [2.0697260351353579] ; [1.1524355752098954]
840 ; 45 ; 304 ; 0 ; [0.211717771220124, 0.065981517943568116, 0.042267661978498711] ; [0.10805650337035054, 0.19210337140225706, 0.067151661177684285]
840 ; 45 ; 305 ; 0 ; [0.57132740872960408] ; [0.22473505378010319]
840 ; 45 ; 306 ; 0 ; [0.58330128485651977] ; [1.0171790092659529]
840 ; 45 ; 306 ; 1 ; [1.9643452619474324] ; [1.0018951003007419]
840 ; 45 ; 306 ; 5 ; [1.4523565468887565] ; [2.9963453069791623]
840 ; 45 ; 306 ; 7 ; [1.9332490186387266, 1.7192463069968702] ; [3.2568341626235857, 5.5345786397833967]
840 ; 45 ; 306 ; 10 ; [1.7634693137895896] ; [1.4028260613167594]
840 ; 45 ; 306 ; 11 ; [3.027599754319064] ; [4.2776016954710121]
840 ; 45 ; 306 ; 13 ; [1.0465331778607263] ; [3.6168056273932194]
840 ; 45 ; 306 ; 14 ; [1.4088972039119483] ; [2.1354063212436634]
840 ; 45 ; 306 ; 15 ; [2.3592189310776548] ; [0.87339012489905299]
840 ; 45 ; 306 ; 16 ; [2.5069096053195579] ; [3.3271755370874336]
840 ; 45 ; 306 ; 17 ; [2.1828033757539247] ; [3.2906620477422335]
840 ; 45 ; 306 ; 20 ; [1.7579207023736565] ; [2.3928922059239812]
840 ; 45 ; 306 ; 22 ; [1.9485833193176594] ; [2.0246412550021531]
840 ; 45 ; 306 ; 24 ; [1.979573336767694] ; [2.0019017303224973]
840 ; 45 ; 306 ; 25 ; [2.5638383209773403] ; [0.89688423894619429]
840 ; 45 ; 306 ; 28 ; [1.9334103229521027] ; [0.68354234299628636]
840 ; 45 ; 306 ; 29 ; [0.84131415944863996] ; [1.6842873602758968]
840 ; 45 ; 306 ; 30 ; [0.31741088534418488] ; [1.1418928251478038]
840 ; 45 ; 306 ; 33 ; [0.30313638114368291] ; [3.564601853702285]
840 ; 45 ; 306 ; 34 ; [3.1695907471968718] ; [3.6410139410862099]
840 ; 45 ; 306 ; 38 ; [1.4194846326831452] ; [1.9212147155102648]
840 ; 45 ; 306 ; 39 ; [2.9934577831169902] ; [2.712757088501387]
840 ; 45 ; 306 ; 40 ; [2.7457388842707902] ; [0.20689292543480114]
840 ; 45 ; 306 ; 42 ; [1.7621855503615387] ; [0.9071747087622134]
840 ; 45 ; 306 ; 43 ; [2.1444010430915506] ; [0.62628693836137805]
840 ; 45 ; 306 ; 44 ; [1.5876017665111104] ; [1.45953554878021]
840 ; 45 ; 306 ; 45 ; [1.4626899275748235] ; [5.7534043086459183]
840 ; 45 ; 306 ; 47 ; [1.9238730180460151] ; [2.3062082944230178]
840 ; 45 ; 306 ; 50 ; [2.5337574027346457] ; [1.7183659056054297]
840 ; 45 ; 306 ; 51 ; [3.1529028315869985] ; [2.8910811500565612]
840 ; 45 ; 306 ; 52 ; [2.0797298236457191] ; [3.6844917353469664]
840 ; 45 ; 306 ; 53 ; [2.6361127162183138] ; [1.266599688449932]
840 ; 45 ; 306 ; 62 ; [0.71651160486312937] ; [0.89397306271423549]
840 ; 45 ; 306 ; 64 ; [1.1386955524096838] ; [0.98007746554478603]
840 ; 45 ; 306 ; 66 ; [2.4261737734497726] ; [3.1470869631691794]
840 ; 45 ; 306 ; 67 ; [2.3897493381410451] ; [1.5320405806962092]
840 ; 45 ; 306 ; 68 ; [2.8445216587851672] ; [1.8001900337703491]
840 ; 45 ; 306 ; 69 ; [2.3857832078418397] ; [4.5631942375168677]
840 ; 45 ; 306 ; 70 ; [2.1575099793483008] ; [2.3066675821663458]
840 ; 45 ; 307 ; 0 ; [0.2351651828087247] ; [0.37166284292778656]
840 ; 45 ; 308 ; 0 ; [0.045154187769127968, 0.76394950675664508, 0.63849047857153296] ; [0.14004844279755169, 0.61093027801206923, 1.9344966106684369]
840 ; 45 ; 309 ; 3 ; [0.56795900128349541] ; [1.833495632316112]
840 ; 45 ; 309 ; 4 ; [2.4848100356864733, 1.7323331167137466] ; [1.5681648085769044, 1.8855771990340886]
840 ; 45 ; 309 ; 5 ; [3.7173127912681228] ; [1.6756594942705854]
840 ; 45 ; 309 ; 6 ; [1.9068603629282312] ; [1.8346015221810845]
840 ; 45 ; 309 ; 7 ; [1.7260829580767481] ; [1.6981208771185343]
840 ; 45 ; 309 ; 8 ; [1.7067736392092085] ; [1.7038352392911595]
840 ; 45 ; 309 ; 9 ; [1.481000670864554] ; [1.9024739086476854]
840 ; 45 ; 309 ; 10 ; [2.3579069314822227] ; [1.7180162926333751]
840 ; 45 ; 309 ; 11 ; [1.4807655596795701] ; [1.8374627363117839]
840 ; 45 ; 309 ; 12 ; [2.1059419911265302] ; [2.0737156661764158]
840 ; 45 ; 309 ; 14 ; [2.4410561261650816] ; [2.2240910453743714]
840 ; 45 ; 309 ; 15 ; [0.71786099843098772] ; [1.6694848915724845]
840 ; 45 ; 309 ; 16 ; [5.8688530781632693] ; [2.0429839661533649]
840 ; 45 ; 309 ; 17 ; [2.1763995491711525] ; [2.8089704361664403]
840 ; 45 ; 309 ; 18 ; [1.289472311998233] ; [1.886840791742656]
840 ; 45 ; 309 ; 19 ; [1.7194976436032168] ; [2.0677408298660671]
840 ; 45 ; 309 ; 20 ; [4.7350734745671001] ; [2.2126127728752465]
840 ; 45 ; 309 ; 21 ; [1.6323690872116041] ; [1.7023558211713616]
840 ; 45 ; 309 ; 22 ; [1.859717152985418] ; [1.6181064261943228]
840 ; 45 ; 309 ; 24 ; [0.21900295344899226] ; [1.7788668790224376]
840 ; 45 ; 309 ; 25 ; [3.3347470497275711] ; [1.8352514371827964]
840 ; 45 ; 309 ; 26 ; [1.1591824332583129] ; [1.8485782196758807]
840 ; 45 ; 309 ; 28 ; [2.6921075602293674] ; [1.8673982403632832]
840 ; 45 ; 309 ; 29 ; [1.0686829024772451] ; [1.8833667138680112]
840 ; 45 ; 309 ; 30 ; [1.2290866780729173] ; [1.3476071099877633]
840 ; 45 ; 309 ; 31 ; [1.2539430280522976] ; [1.3452743754465515]
840 ; 45 ; 309 ; 33 ; [1.1527221029417296] ; [1.811229300802903]
840 ; 45 ; 309 ; 34 ; [0.81688754311278899] ; [1.8973125066740972]
840 ; 45 ; 309 ; 35 ; [3.3372707056262918] ; [1.7556763325486908]
840 ; 45 ; 309 ; 36 ; [1.7257276556137042] ; [1.6524285624320714]
840 ; 45 ; 309 ; 37 ; [1.225615678707505] ; [1.5862475667790257]
840 ; 45 ; 309 ; 38 ; [1.1370469897265296] ; [2.3142111123495104]
840 ; 45 ; 309 ; 40 ; [2.5837086650619971] ; [1.9070674338666107]
840 ; 45 ; 309 ; 45 ; [2.002807923243453] ; [1.7317077016283418]
840 ; 45 ; 309 ; 46 ; [2.9231701666455523] ; [1.6268592734810148]
840 ; 45 ; 309 ; 47 ; [4.4990783687509506] ; [1.6683796282278311]
840 ; 45 ; 309 ; 48 ; [2.7867871061103289, 2.0490158955720923] ; [1.7459189948967913, 2.512253245633286]
840 ; 45 ; 309 ; 49 ; [2.6494918609997247] ; [1.8560496547193366]
840 ; 45 ; 310 ; 1 ; [1.4418874668973773] ; [0.20783105433147936]
840 ; 45 ; 311 ; 0 ; [0.13545271032736739, 0.19973548875888969] ; [0.3491381698508621, 0.16521663680005846]
840 ; 45 ; 313 ; 0 ; [0.17814722701792915, 0.24040673513218896] ; [0.21223691809134687, 0.20044607523018076]
840 ; 45 ; 315 ; 0 ; [0.12689578043756689, 0.050761831286070633, 0.014207016558426806] ; [0.25352097448866323, 0.36269438578915636, 0.077531424942289248]
840 ; 45 ; 315 ; 1 ; [0.2148853752515007] ; [0.26552138094871447]
840 ; 45 ; 316 ; 1 ; [1.1667258296452181] ; [1.1258496561140205]
840 ; 45 ; 317 ; 0 ; [1.1433573738077201] ; [3.4845514019524635]
840 ; 45 ; 317 ; 1 ; [0.96637510333342636, 0.89615506248822629] ; [0.50676472137807949, 0.012972347649450653]
840 ; 45 ; 317 ; 5 ; [1.6244369101411589] ; [1.0108721726369119]
840 ; 45 ; 317 ; 6 ; [0.80878151460798575] ; [1.1067253622374766]
840 ; 45 ; 317 ; 9 ; [0.4454466590931751] ; [0.83743384762898931]
840 ; 45 ; 317 ; 13 ; [1.3595491581995025] ; [0.23872816229265373]
840 ; 45 ; 317 ; 15 ; [1.2403692152093977] ; [0.55573201794643667]
840 ; 45 ; 317 ; 16 ; [0.47425151028388224] ; [0.70499730902106361]
840 ; 45 ; 317 ; 22 ; [0.16594226963252293] ; [2.8126779869032461]
840 ; 45 ; 317 ; 26 ; [0.90471958146100029] ; [0.59646675799669702]
840 ; 45 ; 319 ; 0 ; [0.068191460917008284] ; [0.0040857448344340094]
840 ; 45 ; 320 ; 0 ; [2.5276177575961554] ; [0.38542572845348289]
840 ; 45 ; 320 ; 2 ; [0.064269954903880905] ; [0.99941197656265446]
840 ; 45 ; 320 ; 12 ; [0.098885042460241976] ; [1.0471402672796937]
840 ; 45 ; 321 ; 0 ; [0.17503820391501049, 0.17334929646103925] ; [0.16139191513849482, 0.27564194139194392]
840 ; 45 ; 321 ; 1 ; [0.60932557768624773] ; [0.083528346084273938]
840 ; 45 ; 321 ; 7 ; [0.62115186228024311] ; [-0.007803846341889329]
840 ; 45 ; 323 ; 2 ; [0.58562366773531427] ; [0.78854312759833334]
840 ; 45 ; 323 ; 4 ; [1.011275175431128] ; [1.4274435361207367]
840 ; 45 ; 323 ; 7 ; [0.28630690656754609] ; [0.71538405286891416]
840 ; 45 ; 323 ; 10 ; [1.1124184998437383] ; [0.93436584453203098]
840 ; 45 ; 324 ; 0 ; [0.38347792844692241, 0.23091166884644793] ; [0.33068795219347491, 0.10548328533940123]
840 ; 45 ; 325 ; 0 ; [0.20433463358066603, 0.030393456458896517] ; [0.49283337494798618, 0.12510550961521663]
840 ; 45 ; 326 ; 0 ; [1.122558967382165] ; [0.76477434994311355]
840 ; 45 ; 326 ; 4 ; [0.95959526718021493] ; [0.98494678311158224]
840 ; 45 ; 326 ; 9 ; [-0.23265509675038973] ; [0.47632193811246604]
840 ; 45 ; 326 ; 11 ; [-0.052932015431920658] ; [0.036113212905740315]
840 ; 45 ; 326 ; 12 ; [-0.008046661142965688] ; [1.4025159188594016]
840 ; 45 ; 327 ; 0 ; [0.67030293938246555, 0.10251736292654942, 0.043305212267369407, 0.00065082461343291833, 0.076604987428137844] ; [0.56385607456138309, 0.48806732868889785, 0.1170802118161841, 0.12309867154838321, 0.15825140913897245]
840 ; 45 ; 327 ; 1 ; [0.11791947656243851] ; [0.39973332752864782]
840 ; 45 ; 327 ; 2 ; [1.1044404033575719] ; [0.3499700222733419]
840 ; 45 ; 329 ; 0 ; [0.033771267533068278] ; [0.18148078368004195]
840 ; 45 ; 329 ; 1 ; [0.64463297181980916] ; [0.87734950622374119]
840 ; 45 ; 330 ; 0 ; [0.23421425546426772, 1.637675004945556] ; [0.28232543326617854, 2.2292229714372476]
840 ; 45 ; 330 ; 2 ; [1.1581842487545819] ; [0.13274011837756608]
840 ; 45 ; 330 ; 3 ; [0.16002491864450355] ; [0.27614244239226643]
840 ; 45 ; 330 ; 14 ; [1.0268368568070154] ; [0.43741960089369852]
840 ; 45 ; 332 ; 0 ; [0.32836330864344965, 0.38376754951832887, 0.21605044024595957, 0.66996434128907623] ; [0.16161342394994982, 0.32988403620885975, 0.14477834639069023, 0.71005672230885697]
840 ; 45 ; 333 ; 0 ; [0.28074446589544683, 0.32606780327788015, 0.28388844724189838, 0.26086688251312873, 0.19665531121701402, 0.076033420850840153] ; [0.33958497395851406, 0.20644081790256655, 0.14974419750347934, 0.20080900922276243, 0.10565527383028665, 0.11184359387717567]