# Run ; Subrun ; Event ; Track ; Charge Ratios View 0 ; Charge Ratios View 1 #
840 ; 4 ; 0 ; 0 ; [0.0027582222057520246, 0.25270031814701288] ; [0.23552367054349968, 0.42608074514194638]
840 ; 4 ; 0 ; 1 ; [0.82432258788239021, 0.26138618274201969] ; [0.75304314830739216, 0.58099626684426264]
840 ; 4 ; 0 ; 2 ; [0.68888382778397406] ; [0.34641489286355659]
840 ; 4 ; 0 ; 3 ; [0.88720384261145513] ; [-0.0064883458725570652]
840 ; 4 ; 0 ; 5 ; [1.244326221451332] ; [-0.003663402734868643]
840 ; 4 ; 1 ; 0 ; [0.37111234338879284] ; [0.42152966951647419]
840 ; 4 ; 1 ; 1 ; [0.34740148209051414] ; [0.53948975293525658]
840 ; 4 ; 2 ; 0 ; [0.97224293795303507] ; [1.3779813142326063]
840 ; 4 ; 2 ; 3 ; [0.011589670947046701] ; [0.20167575388253337]
840 ; 4 ; 2 ; 4 ; [0.30151544297094879] ; [0.53395449223412728]
840 ; 4 ; 3 ; 0 ; [0.757399230423346, 0.97468571929974046] ; [0.21672472873843238, 0.18308765772143293]
840 ; 4 ; 3 ; 1 ; [0.61261490353523873] ; [0.27830519483047217]
840 ; 4 ; 3 ; 2 ; [0.87731412445192702] ; [1.13485027098827]
840 ; 4 ; 3 ; 3 ; [1.7839523823368018] ; [1.0869698874790958]
840 ; 4 ; 3 ; 4 ; [0.53766133815219719] ; [0.78912333371176513]
840 ; 4 ; 3 ; 8 ; [0.19215861547491939] ; [-0.038768111196212367]
840 ; 4 ; 4 ; 0 ; [1.4423026184355292, 0.59521404951966073] ; [0.14429024613917782, 0.30986933484117624]
840 ; 4 ; 4 ; 1 ; [1.6873665287351372, 2.3386776488505374] ; [0.16749707325580249, 0.6627911038526384]
840 ; 4 ; 4 ; 2 ; [0.67044677243449324] ; [1.3862703365057105]
840 ; 4 ; 4 ; 3 ; [3.3877943915731801] ; [0.40277385651383985]
840 ; 4 ; 4 ; 5 ; [0.4745334329105374] ; [1.0231708818033403]
840 ; 4 ; 4 ; 6 ; [0.88668477233152332] ; [1.211167416680637]
840 ; 4 ; 4 ; 7 ; [1.375607996215596] ; [2.0159289037065982]
840 ; 4 ; 4 ; 8 ; [5.5614345488298049] ; [1.0285490279193996]
840 ; 4 ; 4 ; 9 ; [0.53423580515409241] ; [0.87285512713709346]
840 ; 4 ; 4 ; 10 ; [1.3716542745712486] ; [0.88471122007359393]
840 ; 4 ; 5 ; 0 ; [0.69683049643037698] ; [0.21595316826716959]
840 ; 4 ; 6 ; 0 ; [0.3237475072753318] ; [2.1503060880877145]
840 ; 4 ; 6 ; 17 ; [0.30950167447084426] ; [0.082444488215370995]
840 ; 4 ; 7 ; 1 ; [0.19615543089829257] ; [0.1361563117224564]
840 ; 4 ; 7 ; 7 ; [0.19668852667966025] ; [0.80793414287535215]
840 ; 4 ; 8 ; 0 ; [0.93521510634214589] ; [0.39236904230921982]
840 ; 4 ; 8 ; 1 ; [0.57707165595859167] ; [0.67794102698188763]
840 ; 4 ; 8 ; 2 ; [0.032637497166931977] ; [1.1831653113404073]
840 ; 4 ; 8 ; 7 ; [3.4818437842974737] ; [1.8401276830020263]
840 ; 4 ; 8 ; 8 ; [0.24466094882983894] ; [0.17716341454629839]
840 ; 4 ; 8 ; 19 ; [0.60504024728346117] ; [0.20143704987203986]
840 ; 4 ; 9 ; 0 ; [-0.0048338509429086633, 0.80619232627335791] ; [0.25027718330784299, 0.24552360158416336]
840 ; 4 ; 10 ; 1 ; [1.0448081598570749] ; [0.43488498171390955]
840 ; 4 ; 10 ; 2 ; [1.8435647622134277] ; [0.47270207446171908]
840 ; 4 ; 10 ; 3 ; [0.12808177944546933] ; [0.020625025786743124]
840 ; 4 ; 10 ; 4 ; [0.31953665923826924] ; [1.2436028202759686]
840 ; 4 ; 10 ; 5 ; [1.4228773242851087] ; [0.89968987356586649]
840 ; 4 ; 10 ; 6 ; [3.0402255027433545] ; [0.59927611028960459]
840 ; 4 ; 10 ; 7 ; [2.188828907936375] ; [0.11633626073146215]
840 ; 4 ; 11 ; 0 ; [0.027510039718121191, 0.0010078197405673536] ; [-0.011192433088455184, -0.00049266734112209196]
840 ; 4 ; 11 ; 1 ; [0.19718107031167931] ; [0.45143335965928794]
840 ; 4 ; 12 ; 0 ; [0.19165734391335376] ; [0.41697801479316277]
840 ; 4 ; 12 ; 1 ; [0.25540284561717891] ; [0.35410535555081157]
840 ; 4 ; 12 ; 3 ; [0.33274511360969383] ; [0.12705803063175561]
840 ; 4 ; 12 ; 4 ; [0.2232866510266191] ; [0.3260399380849594]
840 ; 4 ; 13 ; 0 ; [0.13088684364828254] ; [0.15357389236538926]
840 ; 4 ; 14 ; 0 ; [0.00578976908429532, 0.038761203905793615] ; [0.21905957571485241, 0.13203926205405475]
840 ; 4 ; 15 ; 0 ; [0.054178057556266708, 0.065408311960061929] ; [0.19356341356057857, 0.10562992368164473]
840 ; 4 ; 16 ; 8 ; [2.8799251336546319] ; [1.3552714502163501]
840 ; 4 ; 18 ; 0 ; [0.33856764576329107] ; [0.5065145169892763]
840 ; 4 ; 18 ; 1 ; [0.15939236132144893] ; [0.27721122656898328]
840 ; 4 ; 18 ; 3 ; [0.32166942822435379] ; [0.50933448461711928]
840 ; 4 ; 18 ; 6 ; [0.62758352294040121] ; [0.71135432958719758]
840 ; 4 ; 19 ; 0 ; [0.31610670493152071, 0.38674287027246657, 0.30520022132388852, 0.20693756629112217, 0.1099139835739399] ; [0.14726135562426312, 0.29222562033058352, 0.25273788853618656, 0.29292147101122479, 0.10475908484163855]
840 ; 4 ; 19 ; 1 ; [0.95347579113210701, 0.14702921858893714] ; [0.14055798354256707, 0.011919422050933987]
840 ; 4 ; 20 ; 0 ; [0.34998816420884515] ; [0.4941463400022994]
840 ; 4 ; 20 ; 1 ; [0.1629732215184907] ; [0.11494850462662767]
840 ; 4 ; 20 ; 2 ; [-0.032774210026297511] ; [0.035197626136848098]
840 ; 4 ; 20 ; 3 ; [-0.059698091682467293] ; [-0.037320226557050168]
840 ; 4 ; 20 ; 4 ; [0.28962397505640519] ; [0.083271212721013135]
840 ; 4 ; 21 ; 0 ; [0.47278020159402834] ; [0.23824887965784311]
840 ; 4 ; 21 ; 1 ; [1.3566835013814618] ; [0.44642056561366372]
840 ; 4 ; 21 ; 3 ; [1.2403929118162622] ; [0.0031046724916261419]
840 ; 4 ; 21 ; 5 ; [1.1563852129461147] ; [0.6158911686710854]
840 ; 4 ; 21 ; 6 ; [1.7490351980249434] ; [1.0399754967009815]
840 ; 4 ; 21 ; 8 ; [0.94803772110814744] ; [2.6443367127210178]
840 ; 4 ; 21 ; 17 ; [1.4942358916274865] ; [0.90454780206596108]
840 ; 4 ; 21 ; 18 ; [0.88956608588109443] ; [0.89491514570785569]
840 ; 4 ; 22 ; 0 ; [0.59951112318322508] ; [0.12234363560414609]
840 ; 4 ; 22 ; 1 ; [0.088161970377374652] ; [0.036187743296151924]
840 ; 4 ; 22 ; 7 ; [0.025316975183455291] ; [0.058324657922784677]
840 ; 4 ; 22 ; 8 ; [1.2400790322209574] ; [0.37562190391640987]
840 ; 4 ; 23 ; 0 ; [0.17354773664190931, 0.42155791469394988] ; [0.068949493775226689, 0.38296958087601274]
840 ; 4 ; 23 ; 1 ; [0.11987015378281103] ; [0.35648915666205727]
840 ; 4 ; 23 ; 2 ; [0.3744761664882641] ; [0.0022111665022786788]
840 ; 4 ; 23 ; 4 ; [0.0040271425442080519] ; [0.62911704391779977]
840 ; 4 ; 24 ; 1 ; [0.028684381324051007] ; [-0.013722081623945257]
840 ; 4 ; 24 ; 4 ; [0.82964161961309513] ; [10.117932460700711]
840 ; 4 ; 24 ; 6 ; [0.76780927640839758] ; [0.71986393840944762]
840 ; 4 ; 24 ; 7 ; [0.87526591613803351] ; [0.016327745878452062]
840 ; 4 ; 25 ; 0 ; [0.53993131725290344] ; [2.1514632275554848]
840 ; 4 ; 25 ; 1 ; [2.5743397595269757] ; [2.0257687551338548]
840 ; 4 ; 26 ; 0 ; [0.1715148492943897, 0.20872117755253092, 0.056078824837052038] ; [0.29819329749250106, 0.57415790619329543, 0.19458722038997708]
840 ; 4 ; 26 ; 1 ; [0.59958629461591195] ; [0.17429670170809225]
840 ; 4 ; 26 ; 3 ; [0.41021790056096691] ; [0.32398134262708084]
840 ; 4 ; 27 ; 0 ; [0.074413330162501665, 0.092945001955900969] ; [0.069210746999910158, 0.050635237261399887]
840 ; 4 ; 27 ; 1 ; [0.073798141992727287] ; [0.47728724478777645]
840 ; 4 ; 27 ; 2 ; [2.5579862249301963] ; [0.53288581026776061]
840 ; 4 ; 27 ; 4 ; [0.82580797526422867] ; [0.076939935460940884]
840 ; 4 ; 27 ; 5 ; [0.42866059686832358] ; [4.0951184844485278]
840 ; 4 ; 27 ; 6 ; [0.28636055049957365] ; [0.9035276194030053]
840 ; 4 ; 27 ; 10 ; [1.5070040980091088] ; [2.7110970166015611]
840 ; 4 ; 27 ; 12 ; [1.3629211641625465] ; [1.9409271858535433]
840 ; 4 ; 27 ; 16 ; [1.3015373265576053] ; [5.0073956916661437]
840 ; 4 ; 28 ; 1 ; [0.64629921168322146] ; [2.8814154278673878]
840 ; 4 ; 28 ; 2 ; [1.57960178392007] ; [0.3375718903850366]
840 ; 4 ; 28 ; 3 ; [1.8901279877647923] ; [1.970909244052097]
840 ; 4 ; 28 ; 4 ; [1.4122206223543834] ; [1.482095586879504]
840 ; 4 ; 28 ; 6 ; [2.764667746931702] ; [1.9363972977797967]
840 ; 4 ; 28 ; 7 ; [1.291426249392952] ; [1.1987044584374993]
840 ; 4 ; 28 ; 8 ; [2.3416871536685848] ; [1.1022293468047173]
840 ; 4 ; 28 ; 9 ; [1.9998097737779226] ; [1.4835572194050157]
840 ; 4 ; 28 ; 10 ; [0.80784752876468657] ; [1.6386525469602073]
840 ; 4 ; 28 ; 11 ; [0.35434077215468179] ; [1.3672133233901447]
840 ; 4 ; 28 ; 13 ; [1.334900968440708] ; [1.6389113741133732]
840 ; 4 ; 28 ; 15 ; [1.7243257520387736] ; [1.9405105206729583]
840 ; 4 ; 28 ; 19 ; [3.1651287095455083] ; [2.0361761955174411]
840 ; 4 ; 28 ; 20 ; [1.8190273372154275] ; [1.4963379088101416]
840 ; 4 ; 28 ; 22 ; [0.64271420402398871] ; [3.0336451476176407]
840 ; 4 ; 28 ; 23 ; [0.9607663827359626] ; [1.5378683226058103]
840 ; 4 ; 28 ; 25 ; [2.3479376979649693] ; [2.124421026906516]
840 ; 4 ; 28 ; 26 ; [2.3939565613779137] ; [1.2488062428573787]
840 ; 4 ; 29 ; 0 ; [0.42560395152587238, 0.18972291049159176, 0.20910587990432494, 0.22071135116614504] ; [1.051994241918055, 0.76617334058122522, 0.25808337957306199, 0.20647065687598454]
840 ; 4 ; 30 ; 0 ; [0.14276457476509505, 0.18923542580198827] ; [0.14385889739689123, 0.26649317270702155]
840 ; 4 ; 30 ; 1 ; [0.17200904989769433, 0.11307959724587748] ; [0.15178192075672925, 0.043218891562392073]
840 ; 4 ; 31 ; 0 ; [0.03552574099960696, 0.0031178129976301558, 0.0072825055391735243, 0.015622664390276944] ; [0.18371091331069669, 0.15040200935293965, 0.2177642977404978, 0.089942010837314651]
840 ; 4 ; 31 ; 1 ; [0.0028791847720873003] ; [0.09524516165141364]
840 ; 4 ; 32 ; 0 ; [1.6312138856025542] ; [5.4750217546438265]
840 ; 4 ; 33 ; 0 ; [0.21547667137476911, 0.16511687521186999, 0.17993064673007889, 0.15290913738071207, 0.11871817730218623] ; [0.20861430006210821, 0.26847072737725075, 0.13350909042544171, 0.19515209997121, 0.084186280329004937]
840 ; 4 ; 34 ; 0 ; [0.017259000319830194, 0.3493786346917826, 0.044170474091245637, 0.065600708228084489] ; [0.19812767958613214, 0.18330928755417844, 0.19911411507718801, 0.14800598182093028]
840 ; 4 ; 34 ; 2 ; [0.32723543808033445] ; [0.16308675285243004]
840 ; 4 ; 36 ; 0 ; [0.11972494540174676, 0.070890577102168728, 0.1161832852568782, 0.025788261707297366, 0.037820852954679289] ; [0.012843250661511709, 0.19741909795451007, 0.19214529169416386, 0.13792403951463211, 0.13488376776550126]
840 ; 4 ; 36 ; 1 ; [0.058685191828780826] ; [0.36274132659953645]
840 ; 4 ; 36 ; 2 ; [0.026985746952725997] ; [0.17794733241716604]
840 ; 4 ; 37 ; 0 ; [0.41256799409591377, 0.50496542615932982, 0.20465878766928483] ; [0.54695461630616915, 0.39983185120846598, 0.21389313088317338]
840 ; 4 ; 37 ; 1 ; [0.89575424355717215] ; [0.024394024747928993]
840 ; 4 ; 37 ; 7 ; [0.066591552477404267] ; [0.025680959713552741]
840 ; 4 ; 38 ; 0 ; [0.1738681541472645] ; [0.5203114562331459]
840 ; 4 ; 38 ; 1 ; [0.31837046343397296] ; [-0.049014687762929013]
840 ; 4 ; 38 ; 4 ; [0.3288785684921729] ; [0.17746208782486578]
840 ; 4 ; 39 ; 0 ; [0.076345283574403358, 0.03410138686724621] ; [0.12862293751799489, 0.14627499816552747]
840 ; 4 ; 40 ; 0 ; [0.14779478093148046] ; [0.14565059231474595]
840 ; 4 ; 41 ; 0 ; [0.091477060431328944, 0.45495033546414515] ; [0.15447110694656874, 0.24445717180794349]
840 ; 4 ; 42 ; 0 ; [0.47393929097577642] ; [0.29359031749072739]
840 ; 4 ; 42 ; 6 ; [1.219637785672864] ; [2.019320721269863]
840 ; 4 ; 44 ; 0 ; [0.059127136304804262] ; [0.0039218358906256221]
840 ; 4 ; 44 ; 5 ; [0.26719766210104579] ; [1.9017755311785234]
840 ; 4 ; 45 ; 0 ; [0.85713215878312443, 1.0422898909952207, 0.71666574685457096, 0.2423892280164201, 0.19353299103543134] ; [0.5894967486619328, 0.50174633371584509, 0.35656193599185521, 0.27207281974450842, 0.075096925016825536]
840 ; 4 ; 45 ; 1 ; [0.75264004266676188] ; [0.19310065745435426]
840 ; 4 ; 45 ; 2 ; [0.14664994319169697] ; [0.0083014779847449087]
840 ; 4 ; 45 ; 3 ; [0.59608857156739137] ; [1.0096899979021383]
840 ; 4 ; 46 ; 0 ; [3.0289574872178058] ; [0.58363750993280394]
840 ; 4 ; 46 ; 1 ; [1.9552006135908677] ; [0.3573681069030773]
840 ; 4 ; 46 ; 2 ; [0.50371911837037076] ; [0.55352286402828854]
840 ; 4 ; 46 ; 5 ; [5.8314295881252969, 1.6542439483564151] ; [1.9761483984569954, 1.5982676409531724]
840 ; 4 ; 46 ; 7 ; [0.46152429075066409] ; [1.4585953525993973]
840 ; 4 ; 46 ; 9 ; [2.0574881335331767] ; [1.6219405270791503]
840 ; 4 ; 46 ; 19 ; [1.179002743686387] ; [1.7932363189184999]
840 ; 4 ; 46 ; 20 ; [1.8085591660811862] ; [3.4438096169970875]
840 ; 4 ; 46 ; 21 ; [1.4439907422247893] ; [2.8164544774369547]
840 ; 4 ; 46 ; 22 ; [2.2637401483462338] ; [1.7457329967620556]
840 ; 4 ; 46 ; 23 ; [3.6507879411572124] ; [1.933264966442934]
840 ; 4 ; 46 ; 24 ; [0.75295837106807839] ; [1.7013034975536285]
840 ; 4 ; 46 ; 25 ; [2.0951585536242523] ; [1.5819823043158185]
840 ; 4 ; 46 ; 26 ; [1.7067992685006586] ; [1.0308578625340126]
840 ; 4 ; 46 ; 28 ; [1.8702229228085117] ; [3.3107748760366555]
840 ; 4 ; 46 ; 29 ; [2.2221275886583949] ; [1.6530234894690095]
840 ; 4 ; 46 ; 30 ; [1.7193982709605236] ; [1.7334894785016723]
840 ; 4 ; 46 ; 31 ; [1.4777512306365268] ; [3.7546401431064287]
840 ; 4 ; 46 ; 32 ; [1.3779157670601343] ; [2.7857645760741372]
840 ; 4 ; 46 ; 33 ; [0.99895005503969514] ; [2.6765021333558439]
840 ; 4 ; 46 ; 34 ; [0.76719577307493148] ; [1.9174536020512005]
840 ; 4 ; 46 ; 35 ; [1.769323563251459] ; [1.8076039044134202]
840 ; 4 ; 46 ; 37 ; [1.0196087182730644] ; [0.50888190068799211]
840 ; 4 ; 46 ; 38 ; [2.1055264710779142] ; [0.76180441485278116]
840 ; 4 ; 46 ; 40 ; [0.93602474299497074] ; [2.0832795387668881]
840 ; 4 ; 46 ; 41 ; [0.48635805731500287] ; [1.4424022018530813]
840 ; 4 ; 46 ; 42 ; [2.2798377955669467] ; [1.4879463120606098]
840 ; 4 ; 46 ; 43 ; [0.72093199485364934] ; [1.1873343805245509]
840 ; 4 ; 46 ; 45 ; [2.9531558723076161] ; [1.7447553909788796]
840 ; 4 ; 46 ; 46 ; [1.6442081052293303] ; [2.2273342953626369]
840 ; 4 ; 46 ; 50 ; [2.2572287746349886] ; [1.4347996258107301]
840 ; 4 ; 46 ; 51 ; [2.6724564151455756] ; [3.3087504584707008]
840 ; 4 ; 46 ; 52 ; [2.241559273149174] ; [3.0760307634711817]
840 ; 4 ; 46 ; 53 ; [2.0910625780075889] ; [1.235600826360336]
840 ; 4 ; 46 ; 54 ; [1.1752299559540889] ; [2.2285614267456824]
840 ; 4 ; 46 ; 55 ; [5.123731314619473] ; [2.8805411089272748]
840 ; 4 ; 46 ; 57 ; [1.3127846012040358] ; [4.3399841147595177]
840 ; 4 ; 46 ; 62 ; [0.61076534294649332] ; [1.6811324227048376]
840 ; 4 ; 46 ; 63 ; [1.2531912154867744] ; [2.7313583096078817]
840 ; 4 ; 46 ; 64 ; [1.7186706531201477] ; [2.9369166098050283]
840 ; 4 ; 46 ; 65 ; [2.1860491210636881] ; [2.7467518345626312]
840 ; 4 ; 46 ; 66 ; [2.0887651217069667] ; [3.2247532051595051]
840 ; 4 ; 46 ; 67 ; [0.37587074954656424] ; [3.1045160527202924]
840 ; 4 ; 46 ; 68 ; [0.49659027325090715] ; [3.109908975796992]
840 ; 4 ; 47 ; 0 ; [-0.0032397273551928872] ; [0.011377885179492552]
840 ; 4 ; 47 ; 5 ; [1.6174054812243841] ; [2.126674157247944]
840 ; 4 ; 47 ; 8 ; [2.040551388235782] ; [0.94172062406158286]
840 ; 4 ; 47 ; 9 ; [1.754794008812588] ; [1.58132163516547]
840 ; 4 ; 47 ; 10 ; [1.6973046122758102] ; [2.1848686494962219]
840 ; 4 ; 48 ; 0 ; [0.15286658921653545] ; [-0.0010999067818355866]
840 ; 4 ; 48 ; 1 ; [0.64568328708482781] ; [2.6435282678664338]
840 ; 4 ; 49 ; 0 ; [0.21441699094106162, -0.012968354112327881] ; [0.32338727999124717, 0.032245904748660396]
840 ; 4 ; 49 ; 1 ; [0.14353484242649775] ; [0.0027842234508458062]
840 ; 4 ; 50 ; 0 ; [0.16448208811371243, 0.10331055884761731, 0.071266426603969452] ; [0.20991305458251736, 0.22840068971413194, 0.050340477921965984]
840 ; 4 ; 51 ; 0 ; [0.11176074903209444, 0.19587450234823658, 0.039727213490960651] ; [0.21047068017966933, 0.27423027288001317, 0.085061569213955232]
840 ; 4 ; 52 ; 0 ; [1.2207734807057211] ; [0.40542415529684478]
840 ; 4 ; 52 ; 1 ; [0.24422112660021314] ; [0.21007207699459149]
840 ; 4 ; 52 ; 3 ; [0.2120652260048487] ; [0.40170765137112435]
840 ; 4 ; 54 ; 1 ; [0.27824011504818996, 0.42764057918424642, 0.40652927016272011] ; [0.26442636482017928, 0.37271365961254693, 0.15321166660559912]
840 ; 4 ; 55 ; 0 ; [1.9076638697352291] ; [0.92922311356513176]
840 ; 4 ; 57 ; 0 ; [0.3212344827739661, 0.33096358744990206] ; [0.5791321754815737, 0.36257568295886883]
840 ; 4 ; 57 ; 6 ; [0.2256004148901764] ; [0.78240279638146448]
840 ; 4 ; 58 ; 0 ; [0.15701689954357334, 0.26056624830528141, 0.044495566274860655] ; [0.21408934227980411, 0.31949056557125632, 0.10850187159001923]
840 ; 4 ; 59 ; 1 ; [1.1088688796378474] ; [0.0090660110613299781]
840 ; 4 ; 59 ; 2 ; [1.6622914745790973] ; [0.7996831813807217]
840 ; 4 ; 59 ; 3 ; [1.2707745851353676] ; [0.70630393957814575]
840 ; 4 ; 59 ; 4 ; [1.0476548171798385] ; [0.024067420818495208]
840 ; 4 ; 59 ; 6 ; [0.38265767602371525] ; [2.3017514118106486]
840 ; 4 ; 59 ; 7 ; [1.3429634541209028] ; [0.94274901740078676]
840 ; 4 ; 59 ; 8 ; [0.12616775539861144] ; [0.33112731886346192]
840 ; 4 ; 59 ; 9 ; [1.198953127172359] ; [0.97405772637650345]
840 ; 4 ; 59 ; 10 ; [0.88513191908110722] ; [1.9907419073417354]
840 ; 4 ; 59 ; 11 ; [0.62399991821779488] ; [0.43289170284870165]
840 ; 4 ; 61 ; 0 ; [0.17657866981227993, 0.18162465710177861] ; [0.25688725876640489, 0.19509980949000369]
840 ; 4 ; 62 ; 1 ; [1.5380895695077281] ; [0.9465493295551054]
840 ; 4 ; 62 ; 2 ; [0.038893789261563581] ; [0.0032706723417002897]
840 ; 4 ; 62 ; 4 ; [0.11395640189737778] ; [0.56482350446518381]
840 ; 4 ; 62 ; 5 ; [0.051141680668702047] ; [0.50880507535416752]
840 ; 4 ; 63 ; 0 ; [0.15991451007729229, 0.2299406538277268, 0.18862823293030465, 0.23833294043298883] ; [0.29326107967758258, 0.1436938776543161, 0.17959013437306898, 0.14337556662776982]
840 ; 4 ; 64 ; 0 ; [0.47575265574224079, 0.18885174834370622, 0.23576076197818868, 0.11594751194887681, 0.016177731269969433] ; [0.16236579193920606, 0.41705943393739425, 0.38726105025603091, 0.45151720123557459, 0.029910376202729697]
840 ; 4 ; 65 ; 0 ; [0.21707937639416736] ; [0.10656312484532358]
840 ; 4 ; 65 ; 2 ; [0.038605233516123993] ; [0.081787972805312095]
840 ; 4 ; 66 ; 0 ; [0.073968249584346987] ; [0.44193995955012516]
840 ; 4 ; 66 ; 1 ; [2.5623878827898721] ; [0.60148665644057964]
840 ; 4 ; 67 ; 0 ; [0.012375775510478896, 0.02044958831626403, 0.078648872683670309, -0.00019252323703066121] ; [0.12976976809150387, 0.16066900061633715, 0.24122338761131062, 0.16061718269848446]
840 ; 4 ; 67 ; 1 ; [0.10393867317090112] ; [0.0017211969801125483]
840 ; 4 ; 68 ; 0 ; [0.48777899142916936, 0.23168119108162943] ; [0.36664709271015888, 0.24958479013135332]
840 ; 4 ; 68 ; 3 ; [0.24057411819434737, 0.1437879021817017] ; [0.25094325953902302, 0.14473905153983452]
840 ; 4 ; 70 ; 0 ; [0.75598427901849496] ; [2.023972976924993]
840 ; 4 ; 70 ; 1 ; [1.8274032653255761] ; [2.1308487331425949]
840 ; 4 ; 70 ; 2 ; [1.8638559531197889] ; [1.7505065677831124]
840 ; 4 ; 70 ; 3 ; [1.9633648953531497] ; [1.8276627360934012]
840 ; 4 ; 70 ; 6 ; [2.2537052664915338] ; [1.5447658322856392]
840 ; 4 ; 70 ; 8 ; [2.2424457861110358] ; [1.7257986400474372]
840 ; 4 ; 70 ; 9 ; [1.8815116077570138] ; [1.6973698833657858]
840 ; 4 ; 70 ; 10 ; [1.9317821881004118] ; [2.2436794887636311]
840 ; 4 ; 70 ; 11 ; [5.2222116227519297] ; [1.7421598666443006]
840 ; 4 ; 70 ; 12 ; [2.1958005266668525] ; [1.590142390091758]
840 ; 4 ; 70 ; 15 ; [3.5279548143760353] ; [1.9130941837097701]
840 ; 4 ; 70 ; 16 ; [1.9070730686065123] ; [1.3810571556369668]
840 ; 4 ; 70 ; 17 ; [2.0939446340510859] ; [1.313161661308341]
840 ; 4 ; 70 ; 19 ; [1.9676430207875726] ; [1.5180505225643115]
840 ; 4 ; 70 ; 20 ; [1.9867375338287769] ; [1.8402809592488087]
840 ; 4 ; 70 ; 21 ; [3.2928432464688586] ; [1.6385287685355114]
840 ; 4 ; 70 ; 22 ; [2.2752567956497818] ; [1.8285161547663926]
840 ; 4 ; 70 ; 23 ; [1.5659774036784562] ; [1.612390540661955]
840 ; 4 ; 70 ; 24 ; [19.626370285383558] ; [1.8929203288995804]
840 ; 4 ; 70 ; 29 ; [7.9295708778887066] ; [1.8358718063132098]
840 ; 4 ; 70 ; 31 ; [2.2820721851777219] ; [1.6827914426779569]
840 ; 4 ; 70 ; 33 ; [2.7722917712938968] ; [1.141692560040982]
840 ; 4 ; 71 ; 0 ; [-0.0043231521177157098] ; [0.13935297399488511]
840 ; 4 ; 71 ; 1 ; [0.14603581936840809, 0.14618439933985902, 0.10922848423477047, 0.085271913122571499, 0.078051634856026342] ; [0.067512759483255275, 0.27289765138178468, 0.23757239085710302, 0.19600153882764304, 0.2510151334054142]
840 ; 4 ; 72 ; 0 ; [0.27438031980675232, 0.15397657952139521] ; [0.36357055879533917, 0.40101093967591089]
840 ; 4 ; 73 ; 0 ; [0.17211728744191793, 0.10206171833426883] ; [0.22826218470641724, 0.17993922313786373]
840 ; 4 ; 74 ; 3 ; [2.5460765824024914] ; [1.4383363519820946]
840 ; 4 ; 74 ; 6 ; [1.8315992417576268] ; [1.2736230242047912]
840 ; 4 ; 74 ; 8 ; [1.533749167611836] ; [2.3162062486923314]
840 ; 4 ; 74 ; 11 ; [1.5001183654781574] ; [1.8916112522450086]
840 ; 4 ; 76 ; 0 ; [0.15672238772356256, 0.11374725529654672, 0.13861494834308768, 0.072105848526132901, 0.05381969625857784] ; [0.20626965836451838, 0.17056750694221837, 0.13722121891657993, 0.17059123472037624, 0.081630179085100951]
840 ; 4 ; 77 ; 0 ; [0.31580974102160847] ; [0.24748226104707405]
840 ; 4 ; 78 ; 0 ; [0.25345602255771166] ; [0.27864143112066408]
840 ; 4 ; 79 ; 0 ; [2.5109833091866265] ; [0.37841619400947418]
840 ; 4 ; 80 ; 0 ; [0.086492195422726542, 0.97242538422625568] ; [0.10666986241528754, 0.11353697395415435]
840 ; 4 ; 80 ; 1 ; [1.1371458500884326] ; [0.26637321923870322]
840 ; 4 ; 80 ; 2 ; [0.89494861673360648] ; [0.0098748106133122789]
840 ; 4 ; 80 ; 3 ; [0.11205403097561657, 0.94201305480860154] ; [-0.0034923115146053732, -0.015614577919567404]
840 ; 4 ; 80 ; 5 ; [0.34820942572262531] ; [1.0731688036232441]
840 ; 4 ; 80 ; 6 ; [1.8234426113600974] ; [1.0634522224886793]
840 ; 4 ; 80 ; 9 ; [0.92288709142533698] ; [0.11510152775377892]
840 ; 4 ; 81 ; 4 ; [1.8467174288096406] ; [0.11960183987430474]
840 ; 4 ; 81 ; 5 ; [2.8179315418209034, 2.0424708828296061] ; [1.7916409852140229, 2.1585006379133111]
840 ; 4 ; 81 ; 8 ; [1.7007343967651698] ; [1.6427068875814841]
840 ; 4 ; 81 ; 9 ; [2.2381133493479268] ; [1.8313370018801112]
840 ; 4 ; 81 ; 12 ; [2.7260147365755061] ; [1.6866953656065891]
840 ; 4 ; 81 ; 13 ; [1.9762647628119498] ; [2.3058604463131123]
840 ; 4 ; 81 ; 15 ; [1.6567940345297381] ; [1.4801581852911512]
840 ; 4 ; 81 ; 16 ; [2.5061766853443137] ; [0.32822243678472157]
840 ; 4 ; 81 ; 17 ; [3.9246979175374332] ; [2.4695507056915731]
840 ; 4 ; 81 ; 18 ; [1.0846803939924039] ; [1.1190058951330832]
840 ; 4 ; 81 ; 19 ; [2.6627094506677484] ; [2.0000647924814428]
840 ; 4 ; 81 ; 21 ; [4.1540395629371343] ; [1.8899752488172799]
840 ; 4 ; 81 ; 24 ; [6.5803410120854897] ; [1.6090537329951573]
840 ; 4 ; 81 ; 25 ; [2.5432658377432555] ; [1.3658830655022358]
840 ; 4 ; 82 ; 0 ; [0.14855856433705328, 0.14477321690516817, 0.24885780353820167, 0.20399051171960961, 0.69372394280253735] ; [0.12720574202244414, 0.13544497428620386, 0.24969657184083094, 0.18588280365591783, 0.099403241913984461]
840 ; 4 ; 82 ; 1 ; [0.14031328227025636] ; [0.25772928311167032]
840 ; 4 ; 82 ; 2 ; [0.67061658563164817] ; [0.34147202981507807]
840 ; 4 ; 83 ; 0 ; [0.051734298215663374, 0.13650542154157305, 0.046671111903051697] ; [0.17578590973932706, 0.28612281077589691, 0.19795941825147945]
840 ; 4 ; 83 ; 1 ; [0.1031642015210803] ; [0.010522978109699856]
840 ; 4 ; 84 ; 0 ; [0.27278708498500753] ; [0.85522049452797455]
840 ; 4 ; 85 ; 0 ; [-0.0025870859449181926, -0.020605220143633113] ; [0.2204287234227692, 0.12740409046670298]
840 ; 4 ; 87 ; 0 ; [0.14778956866268406, 0.14483702901957035] ; [0.32889667313938958, 0.3596231129218122]
840 ; 4 ; 87 ; 2 ; [0.098132673335867573] ; [0.14211470724169675]
840 ; 4 ; 88 ; 0 ; [0.48507933464934871, 0.42919017543766058] ; [1.0697600498725655, 0.52955311446825448]
840 ; 4 ; 88 ; 1 ; [0.49475172582642579] ; [0.20387664969976627]
840 ; 4 ; 88 ; 2 ; [0.43534783804901606] ; [0.76454369411298639]
840 ; 4 ; 88 ; 3 ; [0.83757066217553222] ; [0.17802709358236976]
840 ; 4 ; 88 ; 4 ; [0.47773773349932774] ; [0.13842368976411834]
840 ; 4 ; 88 ; 5 ; [1.9925394828309986] ; [-0.018615970398047708]
840 ; 4 ; 88 ; 13 ; [3.644245479903244] ; [1.9448354304081243]
840 ; 4 ; 88 ; 14 ; [0.47839412364061595] ; [0.28734642048536019]
840 ; 4 ; 88 ; 15 ; [1.2351434943378252] ; [0.1377685685798673]
840 ; 4 ; 88 ; 24 ; [2.7717408820022817] ; [1.3336618487560854]
840 ; 4 ; 89 ; 2 ; [0.3719748876720001] ; [-0.0013350771245747529]
840 ; 4 ; 89 ; 3 ; [1.8703106515624384] ; [6.5368995608238532]
840 ; 4 ; 90 ; 0 ; [0.01347351577455987, 0.1619005801301919, 0.0091632406075886977] ; [0.18506743681416696, 0.37903924408084316, 0.12403739558854274]
840 ; 4 ; 91 ; 0 ; [0.32263281937185767] ; [1.4479306826537937]
840 ; 4 ; 91 ; 1 ; [0.4906583494809223] ; [0.021405008343607996]
840 ; 4 ; 91 ; 3 ; [1.3971954088411727] ; [0.063580201193748645]
840 ; 4 ; 91 ; 4 ; [0.90745169684722626] ; [0.18810327199787522]
840 ; 4 ; 91 ; 5 ; [2.4189960442877978] ; [0.54010462127532666]
840 ; 4 ; 91 ; 12 ; [5.0756193560451246] ; [0.99058455340448026]
840 ; 4 ; 91 ; 28 ; [0.88938142068785053] ; [1.7578776004926826]
840 ; 4 ; 92 ; 0 ; [0.51102328655771623, 0.31632022991567582] ; [0.80277183138635144, 0.43312528965906238]
840 ; 4 ; 92 ; 1 ; [0.04613605738296786] ; [0.054969786983616049]
840 ; 4 ; 92 ; 2 ; [0.35671250910919733] ; [0.11643029385669508]
840 ; 4 ; 92 ; 3 ; [0.29112170951707439] ; [0.070272038115333377]
840 ; 4 ; 93 ; 0 ; [0.2874973124964903] ; [0.90922824679658443]
840 ; 4 ; 93 ; 1 ; [1.7182257798208418] ; [1.3042057578720854]
840 ; 4 ; 93 ; 2 ; [1.3934995822267384] ; [2.2632715013889468]
840 ; 4 ; 93 ; 5 ; [0.1428025834564349] ; [2.5653914864717082]
840 ; 4 ; 94 ; 0 ; [0.075810670403230196, 0.07499488467745101, 0.065931726344551189] ; [0.18356507643175907, 0.19941140357046849, 0.14227122824028057]
840 ; 4 ; 95 ; 1 ; [0.61082250134844773] ; [0.087547861205676827]
840 ; 4 ; 96 ; 0 ; [0.07876469863140842, 0.1048901716236464, 0.079597374699244425, 0.028690298716135394, 0.10372077775234989] ; [0.21755521093069202, 0.17121296769058955, 0.25494479134585579, 0.23776926676957344, 0.15856261728042659]
840 ; 4 ; 96 ; 1 ; [0.52256459692631896] ; [0.12184549938691466]
840 ; 4 ; 97 ; 0 ; [0.12277484275517235, 0.96175100004264091] ; [0.10806480688800163, 0.29111130994985307]
840 ; 4 ; 97 ; 1 ; [0.44874652697988776] ; [0.053149289027551255]
840 ; 4 ; 98 ; 0 ; [0.22097136464642822, 0.34707284752999878, 0.15393048311457314] ; [0.33289571188869166, 0.19575895480009925, 0.024771477788996587]
840 ; 4 ; 98 ; 1 ; [0.1987768579429946] ; [0.076486295282727698]
840 ; 4 ; 98 ; 2 ; [0.027960840800497135] ; [0.094772796117142052]
840 ; 4 ; 99 ; 2 ; [0.93558498900283671] ; [1.5662253775287924]
840 ; 4 ; 100 ; 0 ; [0.0021760632990065381, 0.027571107426839235, -0.020096749414851865, 0.0033190003040218818] ; [0.23553329770331075, 0.26323157894809562, 0.22916234717743916, 0.16524143114915357]
840 ; 4 ; 100 ; 1 ; [0.056456388016364552] ; [0.011219421885245539]
840 ; 4 ; 101 ; 0 ; [0.16148325233195551, 0.054293934148072168] ; [0.21835539768356557, 0.090740482604806466]
840 ; 4 ; 102 ; 0 ; [2.4703039421858954] ; [0.48046801042283294]
840 ; 4 ; 103 ; 0 ; [0.26103308604807224] ; [0.13947935699688907]
840 ; 4 ; 103 ; 6 ; [2.0932875621393832] ; [2.001474959493069]
840 ; 4 ; 103 ; 9 ; [1.4416264336329407] ; [1.1762945613749116]
840 ; 4 ; 103 ; 13 ; [0.97421096592342826] ; [1.7949239006901945]
840 ; 4 ; 103 ; 17 ; [0.53573354061506251] ; [1.7432814156616623]
840 ; 4 ; 106 ; 0 ; [4.7286019553705394] ; [1.9617237222742796]
840 ; 4 ; 106 ; 2 ; [0.043388856236003269] ; [4.5662678949616069]
840 ; 4 ; 106 ; 4 ; [0.46370736569658755] ; [1.4064465733852038]
840 ; 4 ; 107 ; 0 ; [0.12382984066803084, 0.15553494118949357, 0.099975249375061137, 0.049732924936778611] ; [0.22097731735067028, 0.12746565048783901, 0.18097643687081649, 0.20067356261533531]
840 ; 4 ; 107 ; 1 ; [0.047951973552719365] ; [-0.0084706217931013288]
840 ; 4 ; 108 ; 0 ; [0.14316026309027788, 0.20099589977552279, 0.0066006942951521578, -0.00090284101629203753] ; [0.3063518831393921, 0.53474023458222308, 0.18319162573632772, 0.041750987589266896]
840 ; 4 ; 109 ; 0 ; [0.67814454536267799] ; [0.6466493729077335]
840 ; 4 ; 109 ; 2 ; [2.5553075012718467] ; [0.085217064372324625]
840 ; 4 ; 109 ; 3 ; [0.11647487714935195] ; [2.9679590696430207]
840 ; 4 ; 110 ; 5 ; [0.0098272767385027739] ; [0.34390223279000759]
840 ; 4 ; 110 ; 6 ; [-0.0052588390864547708] ; [1.2593396467039826]
840 ; 4 ; 111 ; 0 ; [0.81578876560691826] ; [7.0313258519153292]
840 ; 4 ; 111 ; 1 ; [0.54172066763469195] ; [2.9797280206529799]
840 ; 4 ; 112 ; 0 ; [0.012987998306396902, -0.012980578788051903, 0.0030919559793858523] ; [0.21276773147998412, 0.19699201363304575, 0.10109732933210888]
840 ; 4 ; 112 ; 1 ; [0.056894882796040082] ; [0.06242827494182418]
840 ; 4 ; 113 ; 0 ; [0.75221193422534494] ; [0.44336945332110178]
840 ; 4 ; 113 ; 16 ; [1.0891551147314174] ; [0.70308264039578505]
840 ; 4 ; 113 ; 20 ; [0.70611715435743294] ; [1.0127370635085611]
840 ; 4 ; 113 ; 24 ; [1.4540200576361377] ; [0.99346197498649114]
840 ; 4 ; 114 ; 0 ; [0.68606906348996144, 0.095180380122245806] ; [0.12782780798968965, 0.30199145519965359]
840 ; 4 ; 114 ; 1 ; [3.1510047567696402] ; [0.095096272722383482]
840 ; 4 ; 115 ; 0 ; [0.69622439229115951] ; [1.3221172883316914]
840 ; 4 ; 115 ; 1 ; [0.56954753025515903] ; [4.7034264268302008]
840 ; 4 ; 115 ; 7 ; [1.51375826733343] ; [1.2937238756766603]
840 ; 4 ; 116 ; 0 ; [0.44473776058176728] ; [2.6749792103195853]
840 ; 4 ; 116 ; 1 ; [1.0801997481894847] ; [4.3074065361677842]
840 ; 4 ; 116 ; 2 ; [0.56608170416164372] ; [0.099373784746224408]
840 ; 4 ; 119 ; 0 ; [0.46630688595030279] ; [2.9719837351697058]
840 ; 4 ; 119 ; 3 ; [0.2529709317508621] ; [0.99152657576783565]
840 ; 4 ; 119 ; 4 ; [0.71665522458072273] ; [0.20863703742451448]
840 ; 4 ; 120 ; 0 ; [0.29044159119750113] ; [0.49800993807751548]
840 ; 4 ; 120 ; 3 ; [0.66837235651630034] ; [0.73719295771911819]
840 ; 4 ; 120 ; 4 ; [0.59715785301895485] ; [0.20009726277835971]
840 ; 4 ; 120 ; 6 ; [0.69557505634687666] ; [1.8677655071920609]
840 ; 4 ; 120 ; 7 ; [0.16842832332157143] ; [0.22193942881374248]
840 ; 4 ; 120 ; 8 ; [0.83525923492458942] ; [0.7600590498875881]
840 ; 4 ; 121 ; 0 ; [0.20348265219266343, -0.00088624085359076182, -0.0047501489726291795] ; [0.24713432263057569, 0.16786214163651345, 0.13759121457560619]
840 ; 4 ; 122 ; 0 ; [0.11554541405915215] ; [0.34111749649889417]
840 ; 4 ; 123 ; 0 ; [0.72125259381236706, 0.18195757649270974] ; [0.98498979752986371, 2.265316219208052]
840 ; 4 ; 123 ; 2 ; [5.5970944502993403] ; [0.92102078016578548]
840 ; 4 ; 124 ; 0 ; [0.0011208894267441818, 0.0066339271860972387] ; [0.22189806756301061, 0.19083814013357228]
840 ; 4 ; 125 ; 0 ; [0.27229668905196375] ; [0.49486777326925308]
840 ; 4 ; 125 ; 1 ; [0.17766406056509304] ; [0.14976847205663432]
840 ; 4 ; 125 ; 3 ; [0.43119620250109036] ; [0.64952669691798326]
840 ; 4 ; 125 ; 12 ; [2.8495331237746195] ; [2.2588762329091359]
840 ; 4 ; 126 ; 0 ; [0.32649671889309784] ; [0.19441181094664128]
840 ; 4 ; 126 ; 1 ; [2.5725781573108812] ; [0.35486284928440409]
840 ; 4 ; 126 ; 5 ; [0.69086864835640371] ; [0.37539545775162259]
840 ; 4 ; 127 ; 0 ; [0.069062004498847321, 0.15058153142378156, 0.059323254322147051] ; [0.34952785192211422, 0.19389982849683737, 0.1540014772539661]
840 ; 4 ; 127 ; 1 ; [1.6181206748463985] ; [0.049455210990723329]
840 ; 4 ; 129 ; 0 ; [0.022912053864694353, -0.0024339125085029241, 0.0099341721818119698] ; [0.29747712154335265, 0.91883730750959569, 0.91055178921129865]
840 ; 4 ; 129 ; 1 ; [0.43072736371291109] ; [0.011561003452130472]
840 ; 4 ; 130 ; 0 ; [0.0023328665700435543, 0.042419870566529259, -0.00059216376740422018] ; [0.16165766158649783, 0.17049329123896853, 0.20001992269799582]
840 ; 4 ; 131 ; 0 ; [-0.0034866155017495744, -0.009572798454582308, -0.020476684333880835] ; [0.22289049584322013, 0.20203924196604042, 0.062250247039883015]
840 ; 4 ; 132 ; 1 ; [0.0018200488701199016] ; [0.00022427574520826537]
840 ; 4 ; 133 ; 0 ; [0.044417374301686852, 0.55231140131669043] ; [0.0025960602270175821, 0.070295656255415812]
840 ; 4 ; 133 ; 2 ; [0.17807035981628552] ; [0.48113519953573547]
840 ; 4 ; 133 ; 5 ; [0.41679474520085125] ; [0.67455253849663255]
840 ; 4 ; 133 ; 8 ; [1.0820085448283063] ; [0.015567596639331084]
840 ; 4 ; 133 ; 14 ; [0.80405488318021823] ; [0.29357244902621449]
840 ; 4 ; 135 ; 0 ; [0.038876646538993052, 0.26566928917245919] ; [0.12316444852622156, 0.44103560518278023]
840 ; 4 ; 135 ; 1 ; [0.81512115491098558] ; [0.36980549948029912]
840 ; 4 ; 135 ; 2 ; [0.082299437761253813] ; [0.13696230311908111]
840 ; 4 ; 135 ; 6 ; [0.12145270420880828] ; [-0.0068011838681919755]
840 ; 4 ; 136 ; 0 ; [1.4277015728599716] ; [0.81330188269903558]
840 ; 4 ; 136 ; 1 ; [0.11846502367803742] ; [0.50391486328950541]
840 ; 4 ; 136 ; 8 ; [0.037703953497850128] ; [1.5073168583364411]
840 ; 4 ; 137 ; 0 ; [0.35662686879737276, 0.2686889432667422, 0.5548647560426816] ; [0.17722936746929158, 0.25419865163077021, 0.52717166023660078]
840 ; 4 ; 138 ; 0 ; [0.061284091379949855, 0.048590813639304106, 0.0046034978603638355, -0.0069937561371654338, -0.0091857196608964315] ; [0.13465030231947991, 0.24689703748159911, 0.11109261912065516, 0.3275952313641643, 0.33944127499507865]
840 ; 4 ; 139 ; 0 ; [0.82976739134137745] ; [0.073826324420604106]
840 ; 4 ; 139 ; 3 ; [0.17007655459705665] ; [0.51160691982406736]
840 ; 4 ; 139 ; 6 ; [0.76599961227889524] ; [0.6105560683445922]
840 ; 4 ; 139 ; 8 ; [0.30300117920879882] ; [1.0906137651355692]
840 ; 4 ; 140 ; 0 ; [2.4022156831562942] ; [0.56676970020724526]
840 ; 4 ; 140 ; 1 ; [0.44840865756227011] ; [2.2730513223874227]
840 ; 4 ; 140 ; 7 ; [2.2764620815870158] ; [0.98754465134579017]
840 ; 4 ; 141 ; 1 ; [0.14452803040969991] ; [0.44889529075414986]
840 ; 4 ; 141 ; 6 ; [0.39011274292414511] ; [-0.018085600640098672]
840 ; 4 ; 141 ; 8 ; [0.39493245988709441, 0.57455582553099649, 0.587028332597756] ; [0.3109562047442006, 0.85152563269610915, 1.0788960461396153]
840 ; 4 ; 142 ; 4 ; [0.27934840748056344] ; [0.72689581553850302]
840 ; 4 ; 143 ; 0 ; [0.0018069017008270438, 0.09701898424950213, 0.20057242340145548] ; [0.2614368457812713, 0.23003584317622952, 0.098643273089934425]
840 ; 4 ; 143 ; 1 ; [0.68967418411638504] ; [0.10480343225357117]
840 ; 4 ; 144 ; 0 ; [0.74045293586095451] ; [1.0838136578779702]
840 ; 4 ; 146 ; 1 ; [0.75927915309303595] ; [0.042506824020989063]
840 ; 4 ; 148 ; 0 ; [-0.010105379308553633, 0.03044748242254474, -0.016402973384142001, 0.0215819150269442] ; [0.20649476731784192, 0.11984070276208478, 0.27313748520983666, 0.2519963505163752]
840 ; 4 ; 149 ; 0 ; [0.3078616327710279] ; [0.28480414619596439]
840 ; 4 ; 149 ; 1 ; [3.2473497886600811] ; [2.3221983859847488]
840 ; 4 ; 151 ; 0 ; [0.072253582326386109] ; [0.32406807343469396]
840 ; 4 ; 152 ; 0 ; [0.27164475874050587, 0.1442029631977739] ; [0.18077539107619864, 0.11678156013066973]
840 ; 4 ; 152 ; 2 ; [0.46537052749151325] ; [0.98028100975217203]
840 ; 4 ; 152 ; 4 ; [0.48220730486138186] ; [0.80834418835751409]
840 ; 4 ; 153 ; 0 ; [0.10786259673324937, 0.13334317902545667, 0.133131569883708, 0.14953723004000746] ; [0.26837217571076644, 0.21947043735796748, 0.3880744321619885, 0.31216489205681569]
840 ; 4 ; 153 ; 1 ; [-0.040163658941975884] ; [0.0039695310101986615]
840 ; 4 ; 153 ; 2 ; [0.074738102880603147] ; [0.0094342464963172116]
840 ; 4 ; 154 ; 2 ; [1.3331217697151518] ; [0.9820333701382683]
840 ; 4 ; 154 ; 6 ; [1.9737094556619177] ; [1.6212342543941756]
840 ; 4 ; 154 ; 7 ; [2.0137131074577508] ; [1.1493719515572753]
840 ; 4 ; 154 ; 13 ; [0.01398289820817857] ; [1.566541617619905]
840 ; 4 ; 154 ; 14 ; [0.82706651930194264] ; [1.3243372776629403]
840 ; 4 ; 155 ; 0 ; [0.22315136118853562, 0.18314738792339794, 0.50276546633606867] ; [0.22450171742824321, 0.14786068169141384, 0.071611140909211141]
840 ; 4 ; 155 ; 1 ; [0.66853158855990535] ; [0.041339311031373789]
840 ; 4 ; 155 ; 2 ; [0.65434014256932138] ; [0.3388276142342872]
840 ; 4 ; 156 ; 1 ; [2.3270438279267429] ; [0.53436750893423801]
840 ; 4 ; 156 ; 5 ; [1.5990133353370666] ; [5.0603822997205601]
840 ; 4 ; 157 ; 0 ; [0.11810492943099732, 0.096192159375720093] ; [0.27207028240484493, 0.18858365981673075]
840 ; 4 ; 158 ; 0 ; [0.16973622626278329] ; [0.7380081018405833]
840 ; 4 ; 158 ; 1 ; [1.555642821863759] ; [0.019693031981986114]
840 ; 4 ; 158 ; 8 ; [2.04929730483558] ; [0.15613315194634575]
840 ; 4 ; 158 ; 9 ; [1.2071013768859205] ; [0.12837566527449062]
840 ; 4 ; 159 ; 0 ; [0.13468546003519785, 0.15223623857059515, 0.13721656014250358] ; [0.22168995933003643, 0.42435342913952467, 0.21692054427967236]
840 ; 4 ; 160 ; 0 ; [0.23309497610843924] ; [0.1494516278958119]
840 ; 4 ; 160 ; 3 ; [0.069288134648913799] ; [0.15846806378410577]
840 ; 4 ; 161 ; 0 ; [0.13914597785973848] ; [0.10549623734370327]
840 ; 4 ; 161 ; 1 ; [1.1902709603348438] ; [0.50993260024876852]
840 ; 4 ; 161 ; 8 ; [1.2284196692923877] ; [1.5420988820283743]
840 ; 4 ; 162 ; 0 ; [0.62802315136310172, 0.21540456339513453] ; [0.06245550480928707, 0.12677636941531958]
840 ; 4 ; 162 ; 1 ; [0.26611348299755549] ; [0.54966503864808447]
840 ; 4 ; 162 ; 4 ; [0.0080470527893451108] ; [0.0068760942477236308]
840 ; 4 ; 163 ; 0 ; [0.93548371753170567] ; [1.0713370871541577]
840 ; 4 ; 163 ; 1 ; [0.83441188723496662] ; [0.80818164432176687]
840 ; 4 ; 165 ; 0 ; [0.1252914520496542, 0.13786622256839723, 0.07037713232365439] ; [0.20650806804152574, 0.21036458604995284, 0.10883216348086859]
840 ; 4 ; 165 ; 1 ; [-0.047324278172965341] ; [-0.031064946346070304]
840 ; 4 ; 166 ; 6 ; [2.7648145669403648] ; [1.7035741746333604]
840 ; 4 ; 166 ; 13 ; [1.6575772178112456, 1.4925043616006339] ; [0.68000042942490835, 1.6565736578714882]
840 ; 4 ; 167 ; 2 ; [0.58270791832082625] ; [0.82964039936858569]
840 ; 4 ; 168 ; 1 ; [1.0502939518991314, 0.20751935856866169, 0.23227286369101297, 0.085225226791780781] ; [0.27185697140205106, 0.25146058910027647, 0.219667131921822, 0.11657840267610411]
840 ; 4 ; 169 ; 0 ; [0.51262449004119481, 0.50028376642853079, 0.18221532856272327] ; [0.46149934980399154, 0.68987909641006628, 0.16319935869705801]
840 ; 4 ; 170 ; 0 ; [0.33153870453258355, 0.28044441438788653, 0.64729647069251917] ; [0.19191892132989191, 0.28933184408799556, 0.087813134895245934]
840 ; 4 ; 170 ; 1 ; [0.0011103836666655949] ; [0.11505344703289404]
840 ; 4 ; 171 ; 0 ; [0.13545232476733643, 0.17897668027560876, 0.11621676092520325, 0.032576186967652528] ; [0.152649066600094, 0.13016881443894859, 0.15962025839652666, 0.15089246485786642]
840 ; 4 ; 172 ; 0 ; [0.038909280070405367, 0.024921522686939781, 0.0074741232498865169, -0.013145578532196884] ; [0.21970894894500154, 0.15685991080369405, 0.2478776076183189, 0.0045409841845643652]
840 ; 4 ; 173 ; 0 ; [0.161097024763871] ; [0.0094142925833454304]
840 ; 4 ; 174 ; 2 ; [0.51758159844526597] ; [0.22970274376830133]
840 ; 4 ; 175 ; 0 ; [0.2025167631784881] ; [0.23896499166956045]
840 ; 4 ; 175 ; 1 ; [2.9231341543597962] ; [3.4554558972387732]
840 ; 4 ; 175 ; 3 ; [1.0909470839726672] ; [0.078749550418851441]
840 ; 4 ; 175 ; 5 ; [0.48646323962771759] ; [1.1517339844784018]
840 ; 4 ; 176 ; 0 ; [1.6648747871535785] ; [0.068192022333908253]
840 ; 4 ; 176 ; 2 ; [2.3746158723565061] ; [1.077471792636133]
840 ; 4 ; 176 ; 3 ; [1.6690830159592245] ; [0.48749442692817058]
840 ; 4 ; 176 ; 4 ; [2.2043353950303435] ; [1.2686825349111024]
840 ; 4 ; 176 ; 8 ; [1.5101093627648072] ; [3.5233346168949491]
840 ; 4 ; 177 ; 0 ; [0.065039770173009159] ; [0.13831663823861093]
840 ; 4 ; 177 ; 1 ; [0.21131734163737051] ; [0.034365594495986793]
840 ; 4 ; 178 ; 0 ; [0.29242024667514482, 0.25492364121992267] ; [0.15612122166134965, 0.27381709035275753]
840 ; 4 ; 179 ; 0 ; [0.063671506542379644, 0.13864644790997255] ; [0.14186266958367308, 0.1134439490006357]
840 ; 4 ; 179 ; 1 ; [0.52253040277055895, 0.16133432712104773] ; [0.12831946778391445, 0.22415064943667162]
840 ; 4 ; 179 ; 2 ; [0.54852392413927109] ; [0.16467199035911614]
840 ; 4 ; 180 ; 0 ; [0.018182635508853656, 0.14565760703016023] ; [0.14595601336929745, 0.37053740782528666]
840 ; 4 ; 180 ; 1 ; [0.7845638458625771] ; [0.14720656437812032]
840 ; 4 ; 181 ; 2 ; [1.0097711813389392] ; [0.49209803341086777]
840 ; 4 ; 182 ; 0 ; [0.79521015796008165] ; [0.07610598092422885]
840 ; 4 ; 182 ; 1 ; [2.1129626491657656] ; [0.59537520462437887]
840 ; 4 ; 182 ; 3 ; [0.60960032841159584] ; [0.17834634994151302]
840 ; 4 ; 182 ; 4 ; [0.634852175518132] ; [0.085314783810652745]
840 ; 4 ; 182 ; 6 ; [0.69257354225499324] ; [0.087617683642962033]
840 ; 4 ; 182 ; 8 ; [0.50773379622591241] ; [0.19667817457130016]
840 ; 4 ; 182 ; 9 ; [0.3694871513900897] ; [0.1563176830461091]
840 ; 4 ; 182 ; 10 ; [1.343169377997758] ; [3.4223659441982761]
840 ; 4 ; 182 ; 13 ; [0.28575216979501478] ; [0.12743851725445687]
840 ; 4 ; 182 ; 14 ; [0.32643844795659577] ; [0.19166959878423093]
840 ; 4 ; 183 ; 0 ; [1.1098348454789835, 0.75083452030538733] ; [0.40096802328235387, 1.0287820249872619]
840 ; 4 ; 183 ; 1 ; [0.10793815389372992] ; [0.034480232165896893]
840 ; 4 ; 183 ; 2 ; [1.1427110623270424] ; [0.758270411108667]
840 ; 4 ; 184 ; 0 ; [0.83088671847762385, 0.55857216544317201, 0.24756430239427257, 0.18874584636798644, 0.1481145660166959] ; [0.53574254298414847, 0.62890343240686941, 0.31979667381114929, 0.16377464439687081, 0.18376021627380024]
840 ; 4 ; 185 ; 0 ; [2.1922187185727573, 2.4526981007474826] ; [0.56358202705402294, 0.36137253295775118]
840 ; 4 ; 185 ; 2 ; [3.2894982841286442] ; [-0.16335925978892693]
840 ; 4 ; 186 ; 0 ; [0.12498189367886264, 0.089282098632345638] ; [0.2146479375222787, 0.16886355674863388]
840 ; 4 ; 187 ; 1 ; [0.45561995929293869] ; [2.0879967623903539]
840 ; 4 ; 188 ; 0 ; [0.068998927303876453] ; [0.5192765897260232]
840 ; 4 ; 188 ; 1 ; [0.15882182410207224] ; [0.6699342490293867]
840 ; 4 ; 189 ; 0 ; [0.0065573484789927198, 0.047927043998261705, 0.069060944332003438, 0.19101430950316131, 0.34500478840440879] ; [0.14822285464249219, 0.16031448599760589, 0.31736612971326561, 0.228081065906303, 0.18009076233283916]
840 ; 4 ; 189 ; 1 ; [0.38488322340822623] ; [0.043110597125910817]
840 ; 4 ; 191 ; 5 ; [2.0013572284123553] ; [0.56351133385406305]
840 ; 4 ; 191 ; 6 ; [1.6295493193828083] ; [1.76464277111573]
840 ; 4 ; 191 ; 7 ; [1.6477436526940534] ; [1.8608834547979485]
840 ; 4 ; 191 ; 8 ; [1.8444885567475515] ; [0.93781824911165068]
840 ; 4 ; 191 ; 12 ; [2.1371241909987999] ; [3.0923329567371582]
840 ; 4 ; 191 ; 14 ; [3.0315836121243627] ; [0.65007853080080025]
840 ; 4 ; 191 ; 15 ; [1.5460841331924444] ; [2.2148980535750051]
840 ; 4 ; 191 ; 16 ; [1.7643363190282904] ; [1.76291120434461]
840 ; 4 ; 191 ; 17 ; [1.8963795102375234] ; [2.1498222926630208]
840 ; 4 ; 191 ; 18 ; [2.1746907772457793] ; [2.1601645968962471]
840 ; 4 ; 191 ; 20 ; [1.6070197987945321] ; [3.1867570966002257]
840 ; 4 ; 191 ; 21 ; [1.8699675046944819] ; [1.9283933702156661]
840 ; 4 ; 191 ; 22 ; [1.700672215117758] ; [1.6303488818994087]
840 ; 4 ; 191 ; 24 ; [1.8891513349100491] ; [1.9745542288284408]
840 ; 4 ; 191 ; 26 ; [1.8432183375729849, 0.8525522899446154] ; [2.0268825569616276, 0.97187873506041911]
840 ; 4 ; 191 ; 27 ; [1.7563674745849844] ; [1.4337506603585195]
840 ; 4 ; 191 ; 29 ; [1.4800340522770612] ; [1.8205533093033586]
840 ; 4 ; 191 ; 30 ; [1.9188275813566249] ; [1.9434622458192892]
840 ; 4 ; 191 ; 31 ; [1.7740293441495505] ; [1.614408281755533]
840 ; 4 ; 191 ; 33 ; [1.9262280667939604] ; [2.1225392042191271]
840 ; 4 ; 191 ; 34 ; [1.5358916192075847] ; [2.1262204634327855]
840 ; 4 ; 191 ; 36 ; [1.8576127667839224] ; [1.4934115766283342]
840 ; 4 ; 191 ; 37 ; [1.6029712160243377] ; [1.6591182600285335]
840 ; 4 ; 191 ; 40 ; [2.2733060664610107] ; [1.4475049107469213]
840 ; 4 ; 191 ; 42 ; [1.6200495259914507] ; [2.5501581113508101]
840 ; 4 ; 191 ; 43 ; [1.4711479312348883] ; [1.5355322057621534]
840 ; 4 ; 191 ; 44 ; [1.5851554720497789] ; [2.0955764606878322]
840 ; 4 ; 191 ; 45 ; [2.1686414108118917] ; [1.9061202394813435]
840 ; 4 ; 191 ; 46 ; [1.8033029583672069] ; [1.8275212194713397]
840 ; 4 ; 191 ; 47 ; [1.662887263044055] ; [3.3180250668812166]
840 ; 4 ; 191 ; 49 ; [1.810224466399619] ; [2.2464564039696313]
840 ; 4 ; 191 ; 50 ; [1.4363925444023551] ; [2.5606784833229042]
840 ; 4 ; 191 ; 52 ; [1.3483355247843567] ; [2.9722897674148623]
840 ; 4 ; 191 ; 53 ; [2.2168251868987214] ; [3.3859163620545161]
840 ; 4 ; 191 ; 54 ; [2.7627631729301951] ; [1.3735313005451621]
840 ; 4 ; 191 ; 55 ; [1.4974739629652385] ; [2.1250025212503201]
840 ; 4 ; 191 ; 56 ; [1.8328669430158382] ; [2.1466642488980101]
840 ; 4 ; 191 ; 58 ; [1.2372352878164119] ; [2.9428492196163369]
840 ; 4 ; 191 ; 59 ; [1.2432884510495439] ; [3.411700528153458]
840 ; 4 ; 191 ; 60 ; [1.7523876646845331] ; [1.9054478334215328]
840 ; 4 ; 191 ; 61 ; [1.6885279529125403] ; [2.3525666124778302]
840 ; 4 ; 191 ; 66 ; [1.9366398004852983] ; [2.1048032566152393]
840 ; 4 ; 191 ; 69 ; [2.7524227869428981] ; [35.821637414913106]
840 ; 4 ; 191 ; 72 ; [2.7866069121947783] ; [1.5625060485535922]
840 ; 4 ; 191 ; 78 ; [1.9081024298993743] ; [2.0007146105527207]
840 ; 4 ; 191 ; 79 ; [1.9379386549054338] ; [2.127475207644987]
840 ; 4 ; 191 ; 80 ; [1.8231849341388575] ; [2.0407578047244823]
840 ; 4 ; 192 ; 0 ; [0.015980300500706004, 0.13812506173633921, 0.011064564775262324, 0.83921960775246895] ; [0.33180773443890182, 0.32143327250839537, 0.12125355956030115, 0.175397505596537]
840 ; 4 ; 192 ; 1 ; [0.36802944127965592] ; [0.20066478826877657]
840 ; 4 ; 193 ; 0 ; [0.034743476489150743, 0.076494370041321036, 0.054049296330279752] ; [0.19307975946117287, 0.20462352502826439, 0.22858256672756064]
840 ; 4 ; 194 ; 0 ; [0.41457493906122256] ; [0.047659230052206861]
840 ; 4 ; 194 ; 1 ; [1.1190360115695748] ; [0.73495487335584031]
840 ; 4 ; 194 ; 2 ; [0.23323669360703478] ; [0.50416489992962255]
840 ; 4 ; 194 ; 3 ; [0.11363668201599536] ; [0.36631606203186307]
840 ; 4 ; 194 ; 5 ; [0.62771328196694087] ; [0.88696954712845955]
840 ; 4 ; 194 ; 6 ; [0.28267027156240804] ; [0.36609218263056609]
840 ; 4 ; 194 ; 11 ; [0.23466349187417476] ; [0.96596246769811267]
840 ; 4 ; 195 ; 0 ; [0.1822878024898576, 0.14836841182444624, 0.17962373656570774, 0.12007085908934993, 0.11675417058174659] ; [0.15970565095533545, 0.37705201321089693, 0.14514371402055398, 0.17139817816142727, 0.11311252610038239]
840 ; 4 ; 195 ; 1 ; [0.014049396672097994] ; [0.047822791766281361]
840 ; 4 ; 196 ; 0 ; [0.12186628872601885] ; [0.23168874263716188]
840 ; 4 ; 197 ; 0 ; [0.11726793535392399, 0.088710871043715417] ; [0.13118359382660835, 0.15594320404920273]
840 ; 4 ; 197 ; 1 ; [0.69851538185749062] ; [-0.0402685622870467]
840 ; 4 ; 198 ; 0 ; [0.071095869373566267, 0.051832630569471766, 0.046755059591461236, 0.041657046163850055, -0.016185351443396546] ; [0.12694107848428898, 0.17082324482737574, 0.27757018665560007, 0.30760755145078533, 0.085375617271661181]
840 ; 4 ; 199 ; 0 ; [0.22945929168264861, 0.35766269805988443, 0.31692497646494944, 0.43190544741204001] ; [0.24624679834001784, 0.21934168533454726, 0.29368997649564682, 0.13389545802176472]
840 ; 4 ; 200 ; 0 ; [0.20239945392235456, 0.10623271730257597] ; [0.18662486482348398, 0.26839070724484743]
840 ; 4 ; 200 ; 1 ; [0.060394166512355144] ; [0.018094410871500641]
840 ; 4 ; 200 ; 2 ; [-0.0061621868691545878] ; [0.019418233869762852]
840 ; 4 ; 201 ; 0 ; [0.62419519797547796, 0.14562732062948408] ; [0.18957409914001794, 0.43170795589833211]
840 ; 4 ; 201 ; 1 ; [0.22134339860959867] ; [0.10988966067361351]
840 ; 4 ; 202 ; 0 ; [0.35715349710850935] ; [1.1992703303992165]
840 ; 4 ; 202 ; 1 ; [0.22277033070734845] ; [0.1456761312282438]
840 ; 4 ; 203 ; 0 ; [1.5344366228345589] ; [0.75164374324181726]
840 ; 4 ; 203 ; 2 ; [2.0750437993637769] ; [0.80467842336311035]
840 ; 4 ; 203 ; 3 ; [1.6105081925664888] ; [0.54427541011573233]
840 ; 4 ; 203 ; 4 ; [1.9639446149776232] ; [1.2468187596376457]
840 ; 4 ; 203 ; 5 ; [2.0259062452389887] ; [1.3272571080403388]
840 ; 4 ; 203 ; 6 ; [1.8921392897370943] ; [0.90142481205543512]
840 ; 4 ; 203 ; 7 ; [1.9730699907479723] ; [1.1185190223579629]
840 ; 4 ; 203 ; 8 ; [0.99608642658828628] ; [0.96414743778387302]
840 ; 4 ; 203 ; 9 ; [1.9041445399182069] ; [0.88539645001673428]
840 ; 4 ; 203 ; 10 ; [1.5653137371956227] ; [0.19833275931357261]
840 ; 4 ; 203 ; 12 ; [2.2696970432571328] ; [1.1160494303724739]
840 ; 4 ; 203 ; 14 ; [0.96674148520000913] ; [0.69575114336866262]
840 ; 4 ; 203 ; 15 ; [0.73658981157088688] ; [0.92974174664488474]
840 ; 4 ; 203 ; 19 ; [1.7566138014706381] ; [1.1440095505121379]
840 ; 4 ; 203 ; 25 ; [3.9514229628587318] ; [3.5849114608286166]
840 ; 4 ; 203 ; 26 ; [2.9772106448411693] ; [0.89980406606679764]
840 ; 4 ; 203 ; 27 ; [1.0110097964926543] ; [0.60481239724723157]
840 ; 4 ; 203 ; 28 ; [1.3574773373084807] ; [0.79576261502289891]
840 ; 4 ; 203 ; 31 ; [4.1958639847478869] ; [0.3329233993300672]
840 ; 4 ; 203 ; 32 ; [1.7411003405800127] ; [1.6177472922232314]
840 ; 4 ; 203 ; 33 ; [2.5501243280421035] ; [1.1398295112991312]
840 ; 4 ; 203 ; 34 ; [1.5600486874680082] ; [3.6311310749293284]
840 ; 4 ; 203 ; 35 ; [2.0938733802810012] ; [1.9632781473107697]
840 ; 4 ; 203 ; 36 ; [2.6566858724173983] ; [4.6646771565112433]
840 ; 4 ; 203 ; 37 ; [1.8941421843806374] ; [1.9956799392561939]
840 ; 4 ; 203 ; 38 ; [1.4073785086946444] ; [1.7414072477125502]
840 ; 4 ; 203 ; 41 ; [1.9490937587152408] ; [0.89970468013950766]
840 ; 4 ; 203 ; 42 ; [2.5994827983789426] ; [0.91705030685958178]
840 ; 4 ; 203 ; 43 ; [2.0336107067877203] ; [1.3701577354772605]
840 ; 4 ; 203 ; 44 ; [1.6785004492561106] ; [0.28063540096142553]
840 ; 4 ; 203 ; 49 ; [1.4849951968699664] ; [0.38701481586587366]
840 ; 4 ; 203 ; 55 ; [2.6635785573674502] ; [1.0599328858360302]
840 ; 4 ; 204 ; 0 ; [1.6296495203393453, 2.8056363424196964] ; [0.20084945428805331, 0.2138374019416546]
840 ; 4 ; 204 ; 1 ; [0.065106862774513483] ; [-0.0051546216195347706]
840 ; 4 ; 204 ; 2 ; [0.40025963623146288] ; [0.17306573052318053]
840 ; 4 ; 205 ; 0 ; [0.071164969815582915, 0.10793150561269299, 0.088487763773424835, 0.11484741104694558] ; [0.21918215985775902, 0.19082816577113718, 0.16058611112259633, 0.1298575245511395]
840 ; 4 ; 206 ; 0 ; [0.44662829257663433] ; [0.023380944710697918]
840 ; 4 ; 206 ; 1 ; [0.029571067127948054] ; [0.024525604820611113]
840 ; 4 ; 206 ; 2 ; [0.52272295744410147] ; [0.67785963206298128]
840 ; 4 ; 206 ; 6 ; [0.14313613045945467, 0.61082386437784286] ; [0.030214032424715737, 0.26420817733413909]
840 ; 4 ; 207 ; 0 ; [0.48628291177979099] ; [1.8822494718940892]
840 ; 4 ; 207 ; 1 ; [1.0079358106238965] ; [2.1091704876286546]
840 ; 4 ; 208 ; 0 ; [0.28141019166255282] ; [0.074517800832779105]
840 ; 4 ; 208 ; 1 ; [0.69473953455746773] ; [1.3855574828558641]
840 ; 4 ; 208 ; 2 ; [0.21063526817758274] ; [0.50016219634688019]
840 ; 4 ; 208 ; 5 ; [0.067917164445529268] ; [0.49265269849528831]
840 ; 4 ; 208 ; 8 ; [0.35528590066675486] ; [1.382713551119396]
840 ; 4 ; 208 ; 16 ; [2.1775612522325987] ; [1.1559278868289156]
840 ; 4 ; 208 ; 17 ; [0.0051396536600473997] ; [-0.10407099840589762]
840 ; 4 ; 209 ; 0 ; [0.41347783860384829, 0.6110529524795979] ; [0.065429499724288492, 0.15759550735777925]
840 ; 4 ; 209 ; 1 ; [0.65303791429782021] ; [0.21425531336318454]
840 ; 4 ; 209 ; 2 ; [2.6181496722985229] ; [0.77249225807326993]
840 ; 4 ; 209 ; 3 ; [0.84482113115749424] ; [0.14390077672363369]
840 ; 4 ; 209 ; 5 ; [0.052413317231080642] ; [0.77651332384221039]
840 ; 4 ; 210 ; 0 ; [0.24248495777429219] ; [0.54811834873758114]
840 ; 4 ; 210 ; 1 ; [2.3910877082360278] ; [1.6348453160344025]
840 ; 4 ; 210 ; 2 ; [2.4172028411685766] ; [0.70084612775006783]
840 ; 4 ; 210 ; 5 ; [1.841655524990488] ; [0.98980466449683269]
840 ; 4 ; 210 ; 15 ; [1.3339209707858546] ; [1.5302289033023706]
840 ; 4 ; 210 ; 17 ; [3.9376637990639978] ; [0.9743601271524438]
840 ; 4 ; 210 ; 19 ; [0.80535041980623912] ; [2.1152884855118992]
840 ; 4 ; 210 ; 20 ; [0.19043871131255954] ; [1.2536956394953729]
840 ; 4 ; 211 ; 0 ; [1.3068559236784483] ; [1.0187366368277737]
840 ; 4 ; 211 ; 2 ; [0.24094390723735179] ; [0.05006663392310666]
840 ; 4 ; 211 ; 7 ; [0.97768896225833224] ; [0.52826262470467122]
840 ; 4 ; 211 ; 8 ; [0.62819991765677341] ; [0.94153709857415258]
840 ; 4 ; 213 ; 0 ; [0.056475168887272796] ; [0.18701155983145756]
840 ; 4 ; 213 ; 1 ; [0.14862528249893964] ; [-0.022046393473108258]
840 ; 4 ; 213 ; 4 ; [0.29311370299731693] ; [0.52746942732351054]
840 ; 4 ; 213 ; 10 ; [2.3092772027690756] ; [0.070863008831470814]
840 ; 4 ; 214 ; 9 ; [0.60452955347235016] ; [0.62900084457015704]
840 ; 4 ; 215 ; 10 ; [1.421928029259506] ; [-0.053577225820710894]
840 ; 4 ; 216 ; 0 ; [0.35248543329934878, 0.33597703411344687, 0.36466823775073537, 0.48619366756811128] ; [0.23913412793965955, 0.2374665460785482, 0.15149988874936449, 0.3188603661825265]
840 ; 4 ; 217 ; 0 ; [0.12431650136229945, 0.20358576600168404, 0.057441497557821956] ; [0.13455955639090561, 0.25419877136609609, 0.087826005478417082]
840 ; 4 ; 217 ; 1 ; [0.3573415482889592, 0.73203479761572221] ; [0.028107654378954836, 0.024094885509559419]
840 ; 4 ; 218 ; 0 ; [0.21859272357872256, 0.10025549139742332, 0.17784819911745978, 0.042235759469666338] ; [0.16232752025694025, 0.20149589414852889, 0.18743526894085435, 0.1279162088840049]
840 ; 4 ; 219 ; 0 ; [1.9323341832698768] ; [0.29566902830444353]
840 ; 4 ; 219 ; 1 ; [0.82533247565466783] ; [1.0989278326334342]
840 ; 4 ; 219 ; 3 ; [1.2972145049988182] ; [2.1497242682034119]
840 ; 4 ; 219 ; 5 ; [0.25663793981295269] ; [1.91689372198496]
840 ; 4 ; 219 ; 6 ; [0.29218372431613115] ; [0.39844608905800366]
840 ; 4 ; 219 ; 8 ; [0.25312508561892155] ; [2.3920268525393737]
840 ; 4 ; 219 ; 9 ; [2.0374551792769857] ; [0.69819713140614681]
840 ; 4 ; 220 ; 1 ; [0.48573999919122579] ; [0.047362040004853619]
840 ; 4 ; 221 ; 0 ; [0.15896210618952925, 0.46087900289248385] ; [0.17012511320035054, 0.1679367511172016]
840 ; 4 ; 221 ; 1 ; [0.027928557125516944] ; [0.032794662337867646]
840 ; 4 ; 222 ; 0 ; [1.2155730002324132] ; [1.1489037818932113]
840 ; 4 ; 222 ; 20 ; [1.1861291590046135] ; [0.67451072080965435]
840 ; 4 ; 223 ; 2 ; [0.12770537856559089] ; [0.088298377086416815]
840 ; 4 ; 223 ; 3 ; [0.32208512271750717] ; [0.24287166953792674]
840 ; 4 ; 224 ; 0 ; [0.36262332576648193, 1.6198687780711383] ; [0.26374471947172046, 0.93225241905242884]
840 ; 4 ; 224 ; 1 ; [0.81483182499990781] ; [0.76424483771031415]
840 ; 4 ; 224 ; 2 ; [0.28372326224939404] ; [1.1077182330123951]
840 ; 4 ; 224 ; 6 ; [0.59300176859478737] ; [1.1604365720226988]
840 ; 4 ; 224 ; 8 ; [1.3945427274967364] ; [1.5637511877440478]
840 ; 4 ; 226 ; 0 ; [0.15184370837146452] ; [0.088272113615718392]
840 ; 4 ; 226 ; 1 ; [0.36138478243392264] ; [0.70229739853987772]
840 ; 4 ; 228 ; 0 ; [0.22957606589631974, 0.12331463070783136] ; [0.15440523928543332, 0.15390211931733982]
840 ; 4 ; 229 ; 0 ; [0.12253102595373752] ; [1.2701054690082012]
840 ; 4 ; 229 ; 1 ; [0.15148103860929732] ; [0.097923124539278136]
840 ; 4 ; 230 ; 0 ; [2.2642747702722463] ; [1.3228623716808974]
840 ; 4 ; 230 ; 10 ; [2.2754781801182644] ; [1.3783329463653784]
840 ; 4 ; 231 ; 0 ; [0.19247480157426369, 0.14185244360255228] ; [0.15641429303126042, 0.10591501531794446]
840 ; 4 ; 232 ; 0 ; [0.26995308826172837] ; [0.075557767506774426]
840 ; 4 ; 232 ; 1 ; [1.2001108066018407] ; [0.11818899528777699]
840 ; 4 ; 232 ; 5 ; [0.54818819610367053] ; [0.041873027229601519]
840 ; 4 ; 233 ; 0 ; [0.0214608618958822] ; [0.19828150460879501]
840 ; 4 ; 234 ; 0 ; [0.19582017658360826] ; [0.85343126566679162]
840 ; 4 ; 235 ; 0 ; [0.20404307516903339] ; [0.24683958821822272]
840 ; 4 ; 237 ; 1 ; [0.21807660070788432] ; [-0.0023209756719215855]
840 ; 4 ; 237 ; 5 ; [0.20932661393643173, 0.54690144429516829] ; [0.53188817552356105, 0.25555835277998662]
840 ; 4 ; 238 ; 0 ; [0.22525196436819642, 0.7268609892797705] ; [0.2222925264354535, 0.7527046900492298]
840 ; 4 ; 238 ; 1 ; [0.43332960578000768] ; [0.14568349267749961]
840 ; 4 ; 238 ; 2 ; [0.067461496892129838] ; [-0.0028200307948714944]
840 ; 4 ; 238 ; 3 ; [0.47669935727692075] ; [0.32668691704371416]
840 ; 4 ; 238 ; 4 ; [1.0023647574569106] ; [0.63204488317123331]
840 ; 4 ; 239 ; 0 ; [0.3732829921458094, 0.10887055150341464] ; [1.1247642954908204, 0.50561834974047826]
840 ; 4 ; 239 ; 1 ; [0.42592676724064316] ; [0.68867983774630748]
840 ; 4 ; 239 ; 2 ; [0.019793495049251854] ; [0.69436932226470016]
840 ; 4 ; 239 ; 6 ; [2.4259547918036808] ; [0.62051277313536313]
840 ; 4 ; 239 ; 7 ; [0.18854824523394828] ; [0.17730928535839086]
840 ; 4 ; 240 ; 0 ; [0.04876624593443829, 0.2467211458892252] ; [0.24466842001666936, 0.098166149226733612]
840 ; 4 ; 241 ; 0 ; [0.06606559000712571, 0.065507055291935984, 0.074390244947091802] ; [0.14633960195091578, 0.56423920908555913, 0.2806773207016246]
840 ; 4 ; 241 ; 1 ; [0.16995626079915518, 0.017503120180223444] ; [0.38439979370383659, 0.068159864357010283]
840 ; 4 ; 241 ; 2 ; [0.023159654544081653] ; [-0.011119735110616369]
840 ; 4 ; 242 ; 0 ; [0.11729491923691374, 0.18060568615622205, 0.029371867549913638] ; [0.22353620875777444, 0.2277025104988078, 0.055055628051875104]
840 ; 4 ; 243 ; 0 ; [0.095470427955934023, 0.11476577262942268, 0.16723911026626498, 0.20073111111402281, 0.038843844298234176] ; [0.066794336458582154, 0.16826868404495418, 0.18508458018828433, 0.20322202723713789, 0.059143981552291176]
840 ; 4 ; 244 ; 2 ; [0.87769304346231558, 0.14146077069475144] ; [0.64622105308740851, 0.19836951919883736]
840 ; 4 ; 245 ; 0 ; [0.18206467036288115] ; [0.7469661648291992]
840 ; 4 ; 245 ; 1 ; [0.73434234288389544] ; [0.01840258227474913]
840 ; 4 ; 245 ; 4 ; [1.8058167170477049] ; [0.71086590917024051]
840 ; 4 ; 245 ; 5 ; [0.7383631725368357] ; [1.4009059223556743]
840 ; 4 ; 246 ; 0 ; [0.18584868360647128, 0.22769893298344704, 0.55985899907542291] ; [0.173932450088499, 0.35583713118488569, 0.59889015349463781]
840 ; 4 ; 246 ; 1 ; [0.35041531991066316] ; [0.18327561847645396]
840 ; 4 ; 246 ; 2 ; [0.080226971018688975] ; [-0.0029956241254654112]
840 ; 4 ; 247 ; 0 ; [-0.045722714838187614, 0.88864135656152221, 0.17114799130266059] ; [0.28184814623688259, 1.4221415152198067, 1.0896375526684823]
840 ; 4 ; 247 ; 1 ; [-0.045628639548706169] ; [0.014498762445014409]
840 ; 4 ; 248 ; 0 ; [0.28463324139392354] ; [0.40608197231027676]
840 ; 4 ; 249 ; 0 ; [0.13959243315547429] ; [0.14485625371193175]
840 ; 4 ; 249 ; 1 ; [0.0050323253593042069] ; [0.12571345135017115]
840 ; 4 ; 249 ; 5 ; [0.037953369759083276] ; [0.63151401857614675]
840 ; 4 ; 250 ; 0 ; [1.1858252469692852] ; [2.1743307003082264]
840 ; 4 ; 250 ; 3 ; [1.9701635091842289] ; [1.0070167551503251]
840 ; 4 ; 250 ; 11 ; [1.6916726693436346] ; [1.8926949947864]
840 ; 4 ; 250 ; 12 ; [1.9203284502718585] ; [2.0692059790490487]
840 ; 4 ; 250 ; 13 ; [0.53010964434165753] ; [2.0183727494427828]
840 ; 4 ; 250 ; 14 ; [4.0516351907108428] ; [2.0570362507497779]
840 ; 4 ; 250 ; 15 ; [3.220422575040482] ; [2.2449538555398849]
840 ; 4 ; 250 ; 16 ; [4.8427810111873146] ; [1.5186262485313817]
840 ; 4 ; 250 ; 17 ; [0.92739130525420921] ; [1.8270029752141566]
840 ; 4 ; 250 ; 19 ; [1.4183658855425012] ; [3.2983942561878132]
840 ; 4 ; 250 ; 20 ; [3.3412656870620827] ; [1.8120478768306607]
840 ; 4 ; 250 ; 21 ; [2.4041360077263247] ; [1.9058404466898164]
840 ; 4 ; 250 ; 23 ; [8.4024182112637398] ; [1.3568690841028859]
840 ; 4 ; 250 ; 24 ; [1.5706001600293249] ; [1.8738181834976793]
840 ; 4 ; 250 ; 25 ; [3.8693627212687618] ; [1.9607115933040677]
840 ; 4 ; 250 ; 26 ; [4.4953355703649871] ; [1.7390012434645896]
840 ; 4 ; 250 ; 27 ; [1.2342864137417004] ; [1.2393194612645011]
840 ; 4 ; 250 ; 28 ; [1.2000864147179151] ; [1.6298737594530395]
840 ; 4 ; 250 ; 29 ; [2.1349619286817161] ; [1.4999371609544421]
840 ; 4 ; 250 ; 30 ; [2.3101375748118564] ; [1.4350405728812341]
840 ; 4 ; 250 ; 31 ; [2.9650634034626866] ; [1.9158315212208485]
840 ; 4 ; 250 ; 33 ; [3.7326159135990187] ; [1.4181773120461612]
840 ; 4 ; 250 ; 34 ; [3.6756686879507039] ; [0.23730864721561251]
840 ; 4 ; 250 ; 37 ; [1.8230681102166326] ; [0.52558258442669925]
840 ; 4 ; 250 ; 38 ; [2.239033681214937] ; [1.8714658734844694]
840 ; 4 ; 250 ; 39 ; [1.6155505865186346] ; [1.3646430160008085]
840 ; 4 ; 250 ; 40 ; [1.3196925711836816] ; [1.755610797104957]
840 ; 4 ; 251 ; 0 ; [0.90990975504110561] ; [0.68784836829785467]
840 ; 4 ; 251 ; 3 ; [4.6157112559509885] ; [2.1715471902419301]
840 ; 4 ; 252 ; 0 ; [0.4833065057313613, 0.35539352792810053] ; [0.38411266913850184, 0.60277326779075258]
840 ; 4 ; 252 ; 1 ; [0.16484174871089755] ; [0.41721613872740232]
840 ; 4 ; 253 ; 0 ; [0.52200991326211921] ; [0.25665818079300196]
840 ; 4 ; 253 ; 1 ; [0.12466159948852609] ; [0.75591341623154995]
840 ; 4 ; 253 ; 3 ; [0.49665829671674855] ; [0.18850440457853854]
840 ; 4 ; 254 ; 0 ; [0.61015948721088109] ; [1.026025215929246]
840 ; 4 ; 254 ; 3 ; [2.0217927240661808] ; [0.37157759137242324]
840 ; 4 ; 255 ; 0 ; [-0.00066372436517465178] ; [0.043963449845181808]
840 ; 4 ; 255 ; 6 ; [1.0176654937769134] ; [0.16559356111334739]
840 ; 4 ; 256 ; 0 ; [0.13172111301635098] ; [0.069190889346859588]
840 ; 4 ; 257 ; 0 ; [0.10709139647540014, -0.001126735261404849, 0.039211539667665191, 0.69268767022339905] ; [0.40591544863082446, 0.26584731052087679, 0.31917890486544909, 0.16357244557881226]
840 ; 4 ; 257 ; 1 ; [0.0010755181304147301, 0.42041954207818233] ; [0.17478494967227737, 0.62976636414484377]
840 ; 4 ; 257 ; 2 ; [0.034128516512829957] ; [0.22801903881948085]
840 ; 4 ; 257 ; 4 ; [0.47221979935737984] ; [0.29579660381052419]
840 ; 4 ; 258 ; 0 ; [0.57073514066467168] ; [0.20006792744200907]
840 ; 4 ; 258 ; 1 ; [1.6957105916890047] ; [0.6289942800980397]
840 ; 4 ; 258 ; 2 ; [0.91336255597765748] ; [0.69485392720716288]
840 ; 4 ; 259 ; 2 ; [1.7750284620156347] ; [2.1948566880914013]
840 ; 4 ; 259 ; 3 ; [1.8792807048191] ; [2.9815320162658749]
840 ; 4 ; 259 ; 4 ; [1.7669706332613024] ; [1.8504450809140547]
840 ; 4 ; 259 ; 5 ; [1.8464984948776235] ; [2.5130049222098387]
840 ; 4 ; 259 ; 6 ; [1.8536790983833424] ; [1.2479326629598477]
840 ; 4 ; 259 ; 7 ; [1.9385206646485504] ; [0.74118762114027914]
840 ; 4 ; 259 ; 8 ; [2.1765646355539316] ; [2.2709089133512035]
840 ; 4 ; 259 ; 9 ; [0.94641991060469866] ; [1.5098824907335933]
840 ; 4 ; 259 ; 10 ; [1.7181400542121528] ; [0.76059244216058486]
840 ; 4 ; 259 ; 11 ; [1.7206451832233958] ; [3.6477763433768371]
840 ; 4 ; 259 ; 12 ; [1.7471321981057917] ; [2.2673523029379625]
840 ; 4 ; 259 ; 13 ; [1.6877471539773092] ; [2.3118089146344389]
840 ; 4 ; 259 ; 14 ; [1.748862580008842] ; [1.6767633228764844]
840 ; 4 ; 259 ; 16 ; [1.5364137011101258] ; [2.1069408221369184]
840 ; 4 ; 259 ; 17 ; [0.97478431041092628] ; [1.7127763938533558]
840 ; 4 ; 259 ; 18 ; [1.6688008598717938] ; [2.7884843664834915]
840 ; 4 ; 259 ; 19 ; [2.1406681006900228] ; [1.9065977311196209]
840 ; 4 ; 259 ; 20 ; [1.9670550085362539] ; [1.2566798213246206]
840 ; 4 ; 259 ; 21 ; [2.0989483412752126] ; [2.6144316364962297]
840 ; 4 ; 259 ; 22 ; [1.8936858178934342] ; [1.4171133229321582]
840 ; 4 ; 259 ; 23 ; [1.7062605198483392] ; [5.8293594302704026]
840 ; 4 ; 259 ; 24 ; [1.5596868928515784] ; [2.8951459389322562]
840 ; 4 ; 259 ; 25 ; [1.5869877766156633] ; [2.3763777494593996]
840 ; 4 ; 259 ; 27 ; [1.2960673806803134] ; [2.1946695142204056]
840 ; 4 ; 259 ; 28 ; [2.0619292562522507] ; [1.6138133652806805]
840 ; 4 ; 259 ; 29 ; [1.8423474486618547] ; [2.2230591179882349]
840 ; 4 ; 259 ; 30 ; [1.9791557537537239] ; [1.2747457460501455]
840 ; 4 ; 259 ; 31 ; [1.9587811105592958] ; [3.2734889603398982]
840 ; 4 ; 259 ; 32 ; [1.8962591247782419] ; [2.4355219349450841]
840 ; 4 ; 259 ; 34 ; [2.1219424374498543] ; [1.9051295007345259]
840 ; 4 ; 259 ; 35 ; [1.9529003851269036] ; [1.3851651725658993]
840 ; 4 ; 259 ; 36 ; [1.3284971707852442] ; [2.613450082187319]
840 ; 4 ; 259 ; 37 ; [1.0034032321357507] ; [1.6131542454245207]
840 ; 4 ; 259 ; 38 ; [2.0608440849983376] ; [2.0542906056341379]
840 ; 4 ; 259 ; 39 ; [2.0483954234384836] ; [1.6838288138086959]
840 ; 4 ; 259 ; 40 ; [3.6258305692894153] ; [3.2945727646021932]
840 ; 4 ; 259 ; 43 ; [2.2673381634899665] ; [1.8714991167692547]
840 ; 4 ; 259 ; 47 ; [0.88802323524937377] ; [9.0826707718995898]
840 ; 4 ; 259 ; 50 ; [0.40264756356157733] ; [2.2115262702756056]
840 ; 4 ; 259 ; 53 ; [2.6390072126191204] ; [1.9446172342598327]
840 ; 4 ; 259 ; 54 ; [1.5324341085081323] ; [1.775180373347516]
840 ; 4 ; 259 ; 55 ; [1.5006484552346762] ; [2.7745083657498086]
840 ; 4 ; 259 ; 56 ; [2.0952864110462617] ; [4.1539902660313981]
840 ; 4 ; 259 ; 57 ; [2.1640558781103705] ; [2.2732900259536004]
840 ; 4 ; 259 ; 59 ; [1.8850019938360407] ; [8.1436091054930504]
840 ; 4 ; 261 ; 0 ; [0.12188940058034033, 0.099693354134960083] ; [0.34823695230999258, 0.22724729051833187]
840 ; 4 ; 261 ; 1 ; [-0.59651205786878603] ; [0.23537369049547488]
840 ; 4 ; 262 ; 0 ; [0.19093825904426814] ; [0.27747204381476331]
840 ; 4 ; 262 ; 1 ; [0.027265347983087173] ; [0.3660103630568326]
840 ; 4 ; 262 ; 2 ; [1.8214390561363027] ; [0.10294537122290631]
840 ; 4 ; 262 ; 6 ; [2.087774382951761] ; [0.31759343334834794]
840 ; 4 ; 262 ; 8 ; [0.077135072835164395] ; [0.085865435521985028]
840 ; 4 ; 262 ; 10 ; [0.45846118408857167] ; [10.851133501500719]
840 ; 4 ; 262 ; 11 ; [1.3783120062139207] ; [1.7150804203050227]
840 ; 4 ; 263 ; 0 ; [0.38280168588254376] ; [0.20412635890725231]
840 ; 4 ; 264 ; 0 ; [0.092165408808229973, 0.17672563148078774] ; [0.19394457882522229, 0.20400846739169465]
840 ; 4 ; 264 ; 1 ; [0.14994655176559651, 0.18515642939491239] ; [0.072137844557839378, 0.79978703803921491]
840 ; 4 ; 264 ; 2 ; [0.80786456022765951] ; [0.0047792624000561829]
840 ; 4 ; 264 ; 4 ; [1.9209754837435304] ; [0.55950258149906062]
840 ; 4 ; 265 ; 1 ; [0.52173904502056689] ; [1.9476225016085513]
840 ; 4 ; 265 ; 2 ; [0.41351817146413783] ; [2.1468515068431389]
840 ; 4 ; 265 ; 10 ; [0.95933033584481275] ; [0.62996402326396195]
840 ; 4 ; 266 ; 0 ; [0.1292867083573484, 0.031015851289744739] ; [0.23762770078118106, 0.13313282013501776]
840 ; 4 ; 267 ; 2 ; [0.75401546547880671] ; [1.8891890984903574]
840 ; 4 ; 268 ; 0 ; [1.8739696547256179] ; [0.69687011562892376]
840 ; 4 ; 268 ; 1 ; [0.9452083426532506] ; [1.1879841113733749]
840 ; 4 ; 268 ; 4 ; [0.51630351591717194] ; [1.7468531544006047]
840 ; 4 ; 269 ; 0 ; [0.96149712508418939, 0.0028612861725619827] ; [0.35476921443099368, 0.20013070302106933]
840 ; 4 ; 269 ; 1 ; [0.49857388295655936] ; [0.16278478307532948]
840 ; 4 ; 271 ; 0 ; [0.41991784365158402, 0.18290226344994659] ; [0.5589975218795552, 0.36182952356346243]
840 ; 4 ; 271 ; 1 ; [0.019453021762792722] ; [0.31311369702660147]
840 ; 4 ; 271 ; 3 ; [-0.0074580396069649823] ; [-0.017654352230178572]
840 ; 4 ; 272 ; 0 ; [0.19868930579295593, 0.18667151565401066, 0.072104986236432841] ; [0.19698629424410505, 0.24117299262559794, 0.1480661950929367]
840 ; 4 ; 272 ; 1 ; [0.18999001600377588] ; [0.077251559676123349]
840 ; 4 ; 273 ; 0 ; [0.099941728846996952] ; [0.12500490086592059]
840 ; 4 ; 273 ; 1 ; [0.11700733882964184] ; [0.27474620997211952]
840 ; 4 ; 273 ; 11 ; [0.68232017451045146] ; [0.63414713763917208]
840 ; 4 ; 274 ; 0 ; [1.1316801223672224] ; [0.1902646360362073]
840 ; 4 ; 274 ; 1 ; [2.217493326807412] ; [0.41383310875029033]
840 ; 4 ; 274 ; 2 ; [2.1880286569882861] ; [0.20496304496265397]
840 ; 4 ; 274 ; 3 ; [1.245435339565387] ; [0.14707907379112931]
840 ; 4 ; 274 ; 4 ; [0.27480008271826856] ; [0.76609513920569605]
840 ; 4 ; 274 ; 8 ; [0.6924332502502516] ; [0.36795186548717984]
840 ; 4 ; 274 ; 9 ; [0.80902143223573164] ; [2.0451841574467404]
840 ; 4 ; 275 ; 0 ; [0.041864616747904315, 0.22976319045609714, 0.045440408077137222, 0.0026055490744048694] ; [0.13367861802981904, 0.43857410565433963, 0.39984811869065701, 0.20936496917562877]
840 ; 4 ; 276 ; 0 ; [2.8738564274353462] ; [0.69813038810435324]
840 ; 4 ; 276 ; 2 ; [1.1928502179660749] ; [1.0336382531679129]
840 ; 4 ; 276 ; 3 ; [0.83625919898840473] ; [0.78803068410909549]
840 ; 4 ; 276 ; 6 ; [1.1375768764812486] ; [1.5179465525598868]
840 ; 4 ; 276 ; 7 ; [1.0599160874489335] ; [1.0538012848959004]
840 ; 4 ; 277 ; 0 ; [0.13424189913866671] ; [0.056953407317594303]
840 ; 4 ; 277 ; 1 ; [0.06863364990545795] ; [0.11111295537163325]
840 ; 4 ; 277 ; 4 ; [4.3799682056709317] ; [1.1396756849415606]
840 ; 4 ; 277 ; 5 ; [4.8564850011986893] ; [1.5386738260872124]
840 ; 4 ; 279 ; 0 ; [0.021683205623754087, 0.70054677176956193] ; [0.33296882926254823, 0.9656632332469629]
840 ; 4 ; 279 ; 2 ; [2.7887729412730859] ; [-0.01544037169987301]
840 ; 4 ; 280 ; 0 ; [0.40508584221592808] ; [0.27548091942501945]
840 ; 4 ; 280 ; 1 ; [0.45101924823689832] ; [0.41395821392966586]
840 ; 4 ; 281 ; 0 ; [0.93265363272543789, 0.30067037447982703] ; [0.51362944936686716, 1.1398302295173925]
840 ; 4 ; 281 ; 3 ; [0.48389577930980976] ; [-0.012076391854717749]
840 ; 4 ; 282 ; 0 ; [-0.0026347309319657611, 0.017352919432269714] ; [0.19348482297317268, 0.069945872257234726]
840 ; 4 ; 282 ; 1 ; [0.78171856889677738] ; [-0.0041456660101698893]
840 ; 4 ; 283 ; 0 ; [0.18086158142112982, 0.079954792689048412, 0.090732723803496826] ; [0.16521806206935086, 0.061402295708367298, 0.074828785248195848]
840 ; 4 ; 283 ; 1 ; [0.025144275422297878] ; [0.21546317763082629]
840 ; 4 ; 284 ; 0 ; [0.038822930808995744] ; [0.45761916134448422]
840 ; 4 ; 284 ; 2 ; [0.41312640715881077] ; [0.31290438053815922]
840 ; 4 ; 284 ; 5 ; [1.0314360303121497] ; [6.843043346634575]
840 ; 4 ; 284 ; 6 ; [0.25069215667161243] ; [0.77099365656843766]
840 ; 4 ; 284 ; 7 ; [1.7954906598665799] ; [1.0020516686422554]
840 ; 4 ; 284 ; 8 ; [0.40188094924326145] ; [0.25126368792945991]
840 ; 4 ; 285 ; 0 ; [0.21223549557375823] ; [0.062243344567119899]
840 ; 4 ; 285 ; 1 ; [0.64495988035777674] ; [0.19487678701634462]
840 ; 4 ; 285 ; 2 ; [0.22686650849421872] ; [0.18698940267176919]
840 ; 4 ; 286 ; 0 ; [0.22443181576374741] ; [0.27287774426341521]
840 ; 4 ; 287 ; 2 ; [0.25519351965218245, 0.61584120152750699, 0.35705774289307152] ; [0.17574519729610899, 0.37806755790724805, 0.33313919035056394]
840 ; 4 ; 288 ; 0 ; [0.25998268041639111, 0.11820982018737713] ; [0.17955832987745782, 0.016518574262858934]
840 ; 4 ; 289 ; 0 ; [0.26056550853156263] ; [0.064119549138539428]
840 ; 4 ; 290 ; 0 ; [0.3282927730477308] ; [0.13739270463110501]
840 ; 4 ; 290 ; 1 ; [0.78870952592595056] ; [1.8193246100410085]
840 ; 4 ; 290 ; 2 ; [1.7588374952516748] ; [3.5986810039638257]
840 ; 4 ; 290 ; 3 ; [1.7887304391715904] ; [1.1261372706344972]
840 ; 4 ; 290 ; 4 ; [1.9481783350738233] ; [2.6780173873578055]
840 ; 4 ; 290 ; 5 ; [2.1553206888686467] ; [1.0570478815466624]
840 ; 4 ; 290 ; 6 ; [1.8843321236232573] ; [4.1532136278580545]
840 ; 4 ; 290 ; 7 ; [3.0337484291763217] ; [2.8840691851185456]
840 ; 4 ; 290 ; 8 ; [1.3290489639681358] ; [0.90343680144702343]
840 ; 4 ; 290 ; 10 ; [2.2840312662162434] ; [3.2853955012827778]
840 ; 4 ; 290 ; 11 ; [3.1955607041623013] ; [2.6988039028847131]
840 ; 4 ; 290 ; 12 ; [2.1420390596457244] ; [1.5411120400916345]
840 ; 4 ; 290 ; 13 ; [1.7210838119258016] ; [2.6073452359194063]
840 ; 4 ; 290 ; 15 ; [1.7943790054929298] ; [1.3703362351146149]
840 ; 4 ; 290 ; 16 ; [0.70290028337820321] ; [2.1564436273103555]
840 ; 4 ; 290 ; 17 ; [0.94359517403216242] ; [1.3846927671204527]
840 ; 4 ; 290 ; 18 ; [1.0249171774749524] ; [2.5473484334694345]
840 ; 4 ; 290 ; 19 ; [2.8657694036895349] ; [1.4025768981003079]
840 ; 4 ; 290 ; 20 ; [2.2014682546344768] ; [2.2912903784260967]
840 ; 4 ; 290 ; 25 ; [2.7217778146596019] ; [2.8552671034154331]
840 ; 4 ; 290 ; 28 ; [0.71350219634289724] ; [1.9513045646486804]
840 ; 4 ; 292 ; 0 ; [0.045630533236959626, 5.1868041796550438e-05, -0.0068398842167250156, 0.00015421868583628606] ; [0.18141028683319599, 0.12878870971581274, 0.14466152939642601, 0.16040910053540283]
840 ; 4 ; 292 ; 1 ; [0.048268609532165843] ; [-0.003895158376982134]
840 ; 4 ; 292 ; 2 ; [0.7649591451904022] ; [0.01825445968818145]
840 ; 4 ; 293 ; 0 ; [0.30651592106896147] ; [0.64484288582479687]
840 ; 4 ; 293 ; 4 ; [0.71112600420860694] ; [0.71503870790833524]
840 ; 4 ; 293 ; 5 ; [1.5266977598215885] ; [2.551774053129622]
840 ; 4 ; 293 ; 6 ; [0.677958649322011] ; [1.4408620103627834]
840 ; 4 ; 295 ; 0 ; [1.1769415229883102] ; [1.3117476066410672]
840 ; 4 ; 295 ; 1 ; [1.7773096244913225] ; [1.0975913104274888]
840 ; 4 ; 295 ; 2 ; [0.53249857195410777] ; [0.61666176087842783]
840 ; 4 ; 296 ; 0 ; [0.65063159346089783] ; [0.25523836850441245]
840 ; 4 ; 296 ; 1 ; [0.14602361996354066] ; [0.54814318549775998]
840 ; 4 ; 296 ; 2 ; [0.33757212529875191] ; [2.5099792491402706]
840 ; 4 ; 297 ; 0 ; [0.83492921889474869] ; [0.07760165133240092]
840 ; 4 ; 297 ; 1 ; [0.43216172923924084] ; [0.091018275675635155]
840 ; 4 ; 297 ; 3 ; [1.1444992888383725] ; [0.18684239975099273]
840 ; 4 ; 297 ; 17 ; [0.4110616558110306] ; [0.11645883649443112]
840 ; 4 ; 297 ; 18 ; [1.1070889781099649] ; [0.053225027092581735]
840 ; 4 ; 298 ; 0 ; [0.1685252622463814, 0.11857430983799275, 0.52701937506341712] ; [0.26598064068435168, 0.16815776713228742, 0.085573986889365614]
840 ; 4 ; 299 ; 0 ; [1.0243748341883165] ; [2.2469274328058879]
840 ; 4 ; 299 ; 1 ; [1.4484029127789926] ; [1.6685416088010161]
840 ; 4 ; 299 ; 2 ; [0.93226215120253075] ; [3.2044086269995296]
840 ; 4 ; 299 ; 4 ; [1.5801250166984881] ; [1.6690615176101129]
840 ; 4 ; 299 ; 5 ; [1.4200806861813613] ; [2.9864977368877463]
840 ; 4 ; 299 ; 9 ; [1.2293101907621251] ; [1.6572796929918194]
840 ; 4 ; 299 ; 10 ; [2.4769165196529963] ; [1.7806163280505487]
840 ; 4 ; 300 ; 1 ; [2.5682723375337746] ; [1.790215044774383]
840 ; 4 ; 300 ; 2 ; [1.5785403088210734] ; [2.1699571785633611]
840 ; 4 ; 300 ; 9 ; [1.7252839791369177] ; [2.6943108977702002]
840 ; 4 ; 300 ; 10 ; [-0.048166137130745072] ; [3.4109557004761752]
840 ; 4 ; 301 ; 8 ; [1.4963545524053483] ; [1.428130557481593]
840 ; 4 ; 301 ; 15 ; [1.216051764873765] ; [0.22074765449920955]
840 ; 4 ; 303 ; 0 ; [0.14801581550638043, 0.13478522514287616, 0.27205697169861986] ; [0.37990008848937123, 0.16486114163815399, 0.17481942716624085]
840 ; 4 ; 303 ; 1 ; [0.21750284941250558] ; [0.17857354037715481]
840 ; 4 ; 304 ; 0 ; [0.26864194753459653] ; [0.64364412136000315]
840 ; 4 ; 304 ; 1 ; [0.98904670256590543] ; [1.0971961166439119]
840 ; 4 ; 304 ; 2 ; [0.030934233661735675] ; [0.71690096900848976]
840 ; 4 ; 304 ; 8 ; [0.12820018334140354] ; [0.054842739548794116]
840 ; 4 ; 304 ; 9 ; [0.25481331526812417] ; [0.41969727065634188]
840 ; 4 ; 304 ; 10 ; [0.84026780996593875] ; [1.1135688553670431]
840 ; 4 ; 305 ; 0 ; [0.37817982640536829] ; [0.17495416013381598]
840 ; 4 ; 305 ; 1 ; [0.46430893868579903] ; [0.40411783161129972]
840 ; 4 ; 305 ; 4 ; [1.0127235315222236] ; [1.986535419530796]
840 ; 4 ; 306 ; 0 ; [0.058874835623460443, 0.052668216657749761, 0.044713264605527873] ; [0.19414493330885019, 0.2651317566822356, 0.11544243294541444]
840 ; 4 ; 307 ; 0 ; [0.2071512684714259, 0.43458598410552518] ; [0.21198820051343437, 0.42567153408410724]
840 ; 4 ; 307 ; 1 ; [0.45823677535686508] ; [0.59921024313763449]
840 ; 4 ; 307 ; 2 ; [0.13029847397786223] ; [0.14861959338607358]
840 ; 4 ; 307 ; 3 ; [0.073521837539661475] ; [0.3938198985756573]
840 ; 4 ; 308 ; 0 ; [0.36732201107222662] ; [0.1591930084646673]
840 ; 4 ; 308 ; 1 ; [0.48724302280848181] ; [2.3271890506205439]
840 ; 4 ; 309 ; 0 ; [0.019509214316955212] ; [0.064061852885400561]
840 ; 4 ; 310 ; 0 ; [0.15757624534074255, 0.065788429774304241, 0.0044279016477182355, 0.035601371426549386] ; [0.42208269031441792, 0.14057737302842077, 0.15362993231877847, 0.23090490634496275]
840 ; 4 ; 310 ; 1 ; [-0.024087410425040687] ; [0.034336898358061557]
840 ; 4 ; 311 ; 0 ; [0.58485075968991784, 0.4731242434685381, 0.46608480500823346, 0.4726692487482605, 0.4449892339466181] ; [0.1026391244251819, 0.38877500388716635, 0.40755652814899002, 0.58472039554645294, 0.36165033112800848]
840 ; 4 ; 312 ; 0 ; [0.59234977618852125] ; [1.4825769049276718]
840 ; 4 ; 312 ; 1 ; [0.0021011920932249043] ; [0.77653876956933099]
840 ; 4 ; 313 ; 0 ; [0.1914163183295918, 0.22290152585076053, 0.038270285872340971] ; [0.14246656467380417, 0.25295942172184388, 0.058086066789520552]
840 ; 4 ; 315 ; 0 ; [0.71855085381336925, 0.182674490316977] ; [0.76291480373476761, 0.26165972675506921]
840 ; 4 ; 315 ; 1 ; [0.35079083335415995] ; [0.52522281907461454]
840 ; 4 ; 315 ; 2 ; [0.0089217999356614782] ; [0.15762535233685843]
840 ; 4 ; 316 ; 0 ; [0.14059070892758677] ; [-0.026916609110495534]
840 ; 4 ; 316 ; 1 ; [0.30166881718201788] ; [0.38857179534031627]
840 ; 4 ; 316 ; 2 ; [4.0273329522653469] ; [0.9769348431334548]
840 ; 4 ; 316 ; 5 ; [0.094698364614775904] ; [1.6126795355849093]
840 ; 4 ; 316 ; 8 ; [3.1773698882168899] ; [1.0854273645750145]
840 ; 4 ; 316 ; 12 ; [4.6974056254239507] ; [1.6382499698246928]
840 ; 4 ; 317 ; 2 ; [1.8285283266315815] ; [4.6704251245230566]
840 ; 4 ; 317 ; 4 ; [0.82580464713341073] ; [0.59147814265747145]
840 ; 4 ; 317 ; 11 ; [3.7277839180681007] ; [0.020015659805121606]
840 ; 4 ; 318 ; 0 ; [-0.029584385334557768] ; [-0.012445733250789865]
840 ; 4 ; 318 ; 2 ; [0.40522434384612305] ; [0.062584222325670499]
840 ; 4 ; 319 ; 0 ; [0.60708130302524344] ; [1.1370540096309925]
840 ; 4 ; 319 ; 1 ; [0.08072762908393398] ; [0.024325985497277068]
840 ; 4 ; 319 ; 2 ; [2.4621388895744389] ; [1.5620916811939189]
840 ; 4 ; 319 ; 3 ; [1.9868083067761644] ; [4.8156457437113627]
840 ; 4 ; 319 ; 4 ; [1.1218647414366472] ; [2.487091928064177]
840 ; 4 ; 319 ; 5 ; [1.1299698974789214] ; [5.2572369037772111]
840 ; 4 ; 319 ; 6 ; [3.148456704029603] ; [0.88076427367607357]
840 ; 4 ; 319 ; 7 ; [2.0944326154519706] ; [1.1244907237895982]
840 ; 4 ; 320 ; 0 ; [0.10198881599347943] ; [0.051877008072557775]
840 ; 4 ; 320 ; 2 ; [2.2712632234981855] ; [1.3889286922591841]
840 ; 4 ; 320 ; 4 ; [2.5570134749378468] ; [1.1153792775267137]
840 ; 4 ; 320 ; 5 ; [0.66842996719815206] ; [1.4472526903464071]
840 ; 4 ; 320 ; 7 ; [2.334240599883544] ; [0.65916347902472427]
840 ; 4 ; 320 ; 8 ; [0.34522858311148569] ; [5.8007453957724566]
840 ; 4 ; 320 ; 10 ; [0.30866793447634389] ; [0.79607482171248567]
840 ; 4 ; 321 ; 0 ; [0.17671549884398824] ; [0.12931050741550615]
840 ; 4 ; 321 ; 1 ; [0.045635871417022043, 0.030955851644231213, 0.0061307313725919767, -0.00056819214622543879, 0.031302545782741657] ; [0.040639443453223623, 0.19501646744834067, 0.22883819831681285, 0.10259627585821446, 0.24678610408751478]
840 ; 4 ; 322 ; 2 ; [0.08603474994981071, 0.05403651116285571] ; [0.091281635784211237, 0.13048272163186062]
840 ; 4 ; 323 ; 0 ; [0.10998880111454368, 2.1571768633765016] ; [0.15412755434888287, 0.30761441089213204]
840 ; 4 ; 324 ; 0 ; [0.23356644398154355, 0.25216770268346406, 0.20522358523232459] ; [0.24921053745287783, 0.26544124253006135, 0.1882395916608133]
840 ; 4 ; 325 ; 0 ; [0.015124541497628543, 0.05260084717053707, 0.021173041191079007] ; [0.16492359339639714, 0.15811678230878179, 0.16947358793583767]
840 ; 4 ; 326 ; 0 ; [0.0017899104932126097, 0.0059250610697265402, 0.1366413081600551] ; [0.19795269216199454, 0.39596457289645542, 0.1171684249695519]
840 ; 4 ; 326 ; 1 ; [0.11129937130201024] ; [0.14269308472717657]
840 ; 4 ; 327 ; 0 ; [0.60866284459502906, 0.12383008494226458, 0.28396958333960859] ; [0.1723592329671414, 0.28594439845977637, 0.78219639550925502]
840 ; 4 ; 327 ; 1 ; [0.0067112581134718607] ; [-0.0045493863795162725]
840 ; 4 ; 328 ; 1 ; [1.2089694447633781] ; [1.4040086841959007]
840 ; 4 ; 328 ; 2 ; [0.86503169098975041] ; [4.7000926852109552]
840 ; 4 ; 329 ; 1 ; [1.2011191100191261] ; [0.26974535106997316]
840 ; 4 ; 329 ; 2 ; [1.8132083586236045] ; [0.1557169542746861]
840 ; 4 ; 329 ; 4 ; [0.045764892396870586] ; [0.091832717308276232]
840 ; 4 ; 329 ; 8 ; [0.7818969607246492] ; [0.1056777674137683]
840 ; 4 ; 329 ; 11 ; [0.14393330882238814] ; [0.12681643120967998]
840 ; 4 ; 330 ; 0 ; [0.056162441030359264] ; [-0.025139317010382693]
840 ; 4 ; 330 ; 2 ; [0.046839591451646331] ; [0.035227064992518563]
840 ; 4 ; 330 ; 8 ; [0.32261266136843109] ; [0.25214323939481048]
840 ; 4 ; 331 ; 0 ; [0.23179037155017818, 0.30113711941121685, 0.20234395962363036, 0.27947437736837299, 0.10508506623322969] ; [0.15908382270153981, 0.17675949014314629, 0.17003377545503062, 0.22013295484046486, 0.17411783723209776]
840 ; 4 ; 332 ; 1 ; [0.0068422046017928076] ; [0.01655719238676677]
840 ; 4 ; 332 ; 3 ; [0.17471982779933629, 0.34437875822757408] ; [0.21855279918100326, 0.13432176797208445]
840 ; 4 ; 333 ; 0 ; [0.13663165322328427, 0.091842380134000756, 0.02646088503611119] ; [0.20683421519349512, 0.20916094732875082, 0.039770824171584555]
840 ; 4 ; 333 ; 1 ; [1.1613415371853404] ; [0.13580326548523833]
840 ; 4 ; 334 ; 0 ; [0.31464909937075131, 0.20751819432697993, 0.27454652847855593, 0.16250133078147971, 0.16156434831211139] ; [0.13113265561336984, 0.22180642869914183, 0.19379801606556113, 0.1352484329311619, 0.12781655505378869]