# Run ; Subrun ; Event ; Track ; Charge Ratios View 0 ; Charge Ratios View 1 #
840 ; 15 ; 0 ; 0 ; [0.0067479785261477798] ; [-0.011169015573670006]
840 ; 15 ; 2 ; 2 ; [-0.00054342678480638379] ; [0.51031978801280686]
840 ; 15 ; 2 ; 3 ; [1.0751496025096903] ; [1.0979087241458463]
840 ; 15 ; 2 ; 4 ; [3.1741598055231046, 0.3739305780489795] ; [0.24632423307796913, 1.0242978636282614]
840 ; 15 ; 2 ; 7 ; [0.012714664154858189] ; [0.32269673045460662]
840 ; 15 ; 2 ; 9 ; [1.2233868616829622] ; [1.5032146207030728]
840 ; 15 ; 2 ; 10 ; [0.90612800890639755] ; [1.7331599418125021]
840 ; 15 ; 2 ; 12 ; [2.2510239843097324] ; [0.036903974988529806]
840 ; 15 ; 2 ; 15 ; [2.5108084567365259] ; [1.5280189931432746]
840 ; 15 ; 2 ; 16 ; [2.8209242711878835] ; [1.2317037759389899]
840 ; 15 ; 3 ; 0 ; [0.40338133346793859, 0.57527344786384971] ; [0.32242423213988902, 0.60250409827330609]
840 ; 15 ; 4 ; 0 ; [0.03641356086017012, 0.051600749214287478, 0.030147006589640885] ; [0.25124024874594869, 0.19999956978964081, 0.29802272033973121]
840 ; 15 ; 5 ; 0 ; [0.42709711695804659] ; [0.43644057788276563]
840 ; 15 ; 6 ; 0 ; [0.400606095117711] ; [0.11134941588180332]
840 ; 15 ; 6 ; 2 ; [1.538206421181314] ; [2.2890041509259755]
840 ; 15 ; 6 ; 4 ; [2.7018255889867211] ; [6.519949470670011]
840 ; 15 ; 7 ; 0 ; [0.12554325615124362] ; [0.11194047696116187]
840 ; 15 ; 8 ; 0 ; [0.039328278340602672, 0.074351500724471373, 1.312184327773769] ; [0.14467947203368567, 0.20642229905736123, 0.12798221758536557]
840 ; 15 ; 8 ; 1 ; [0.15245644955388521] ; [0.021253171593025658]
840 ; 15 ; 9 ; 3 ; [0.26816351707242064, 0.41511335348427258, 0.26247765961012448, 0.36614762137515594, 0.42203518794612721] ; [0.19426175165296364, 0.46978734813321466, 0.26271621372726356, 0.20774888728692731, 0.38181645709543727]
840 ; 15 ; 10 ; 0 ; [0.098789157317598381, 0.072643383096035088, 0.10028289220873811, 0.13035068744495248, 0.029778946156117227] ; [0.19808232466504722, 0.14787938667453884, 0.17933189018112533, 0.15478941749138522, 0.22330593534520254]
840 ; 15 ; 11 ; 0 ; [0.50361923562584987] ; [0.056244321131302462]
840 ; 15 ; 12 ; 0 ; [0.13380797904715069, 0.24810552549558976] ; [0.17540378379567323, 0.11498585620112067]
840 ; 15 ; 12 ; 1 ; [0.0025307619791269868] ; [0.10946536995963117]
840 ; 15 ; 12 ; 2 ; [-0.003495927454093271] ; [0.0025550132264726038]
840 ; 15 ; 13 ; 0 ; [2.5822950252552004] ; [0.39657577968406754]
840 ; 15 ; 14 ; 0 ; [0.40736183171353368] ; [0.26074468368306641]
840 ; 15 ; 14 ; 1 ; [0.1994473108047623] ; [0.31202145150504679]
840 ; 15 ; 14 ; 2 ; [0.19061480208954149] ; [0.71644467120989352]
840 ; 15 ; 14 ; 3 ; [0.48502549689053293] ; [1.6773356783420605]
840 ; 15 ; 14 ; 6 ; [0.3717550638103061] ; [0.11201328296104844]
840 ; 15 ; 14 ; 9 ; [1.658127041417107] ; [1.1070932202623245]
840 ; 15 ; 14 ; 10 ; [0.56446255217161534] ; [0.30195675370989045]
840 ; 15 ; 16 ; 2 ; [2.7060147719798602, 30.635514620534288] ; [0.22182696027650606, 0.063082780600221794]
840 ; 15 ; 16 ; 4 ; [10.188663765492919] ; [2.6178697836591609]
840 ; 15 ; 16 ; 6 ; [14.146393726622319] ; [12.093222855218215]
840 ; 15 ; 16 ; 7 ; [2.0963220307930914] ; [6.5254782512282867]
840 ; 15 ; 16 ; 10 ; [0.33049851080725329] ; [5.1906665550051017]
840 ; 15 ; 16 ; 12 ; [3.7733606143333174] ; [2.1261163845154987]
840 ; 15 ; 16 ; 13 ; [9.3250354834115292] ; [8.0787437989254531]
840 ; 15 ; 16 ; 14 ; [0.60412040534096856] ; [17.835265028312971]
840 ; 15 ; 16 ; 15 ; [0.5338139405625606] ; [6.7965443188048829]
840 ; 15 ; 17 ; 0 ; [0.22342124155567006, 0.053271036619532794] ; [0.58894283240812062, 0.036279165681378581]
840 ; 15 ; 18 ; 0 ; [0.22021225746969905, 0.2477030306648422, 0.066959515101114545] ; [0.2159424728205375, 0.17655342177197064, 0.084400052189564603]
840 ; 15 ; 19 ; 0 ; [2.3306384592769502] ; [0.18060699829986551]
840 ; 15 ; 19 ; 1 ; [0.29137455242304705] ; [0.32516356491045301]
840 ; 15 ; 20 ; 0 ; [0.16161506851346688, 0.52463233409702059] ; [0.20781656404800261, 0.033398640897228105]
840 ; 15 ; 20 ; 1 ; [0.21949961058935888] ; [0.18454312633877287]
840 ; 15 ; 22 ; 0 ; [0.27612699245803252, 0.23920051477671431, 0.81614203266159679] ; [0.43401324888195636, 0.34221695122421741, 0.26384171777846455]
840 ; 15 ; 22 ; 1 ; [0.019961506883535856, 0.061970811872669888] ; [0.64884833549645748, 0.15602612344698996]
840 ; 15 ; 23 ; 0 ; [0.0015600868542028257, 0.099146477419292223, 0.38633785353427302] ; [0.060528248739282586, 0.13182627699765787, 0.23451567527796169]
840 ; 15 ; 23 ; 1 ; [0.06920806352393262, 0.01140728924381232, 0.16984477777538443] ; [0.4446664047272722, 0.19231723876591605, 0.10820337068967992]
840 ; 15 ; 23 ; 3 ; [0.13221316319070786] ; [0.24139499409059481]
840 ; 15 ; 24 ; 0 ; [0.38545206138461569, 0.19262318535791037, 0.23474263225110184, 0.11272053576386901, 0.0139173065845876] ; [0.77511800317424484, 0.39512573960722025, 0.26954125305522747, 0.20978829763965215, 0.051364452432814761]
840 ; 15 ; 25 ; 0 ; [0.040036571484113548, 0.17846348114925234] ; [0.26199714121878381, 0.47934601090789197]
840 ; 15 ; 25 ; 1 ; [0.070983481261414308, 0.38876797447193367] ; [0.25658614489618325, 0.33050805182030518]
840 ; 15 ; 26 ; 0 ; [0.25050043229187258] ; [0.24837889639790878]
840 ; 15 ; 27 ; 0 ; [0.37156140842219876] ; [0.18312395710156906]
840 ; 15 ; 27 ; 1 ; [0.41298207215402422] ; [0.14018903530626428]
840 ; 15 ; 27 ; 9 ; [1.3123340096266121] ; [0.30481866517853917]
840 ; 15 ; 27 ; 11 ; [0.11271962569199416, 0.1433792562422303, 0.342351028546652, 0.40334469889049435] ; [0.24186819424117023, 0.3120982342857635, 1.200767158257674, 0.5613857660454461]
840 ; 15 ; 28 ; 0 ; [0.75936782743778442] ; [0.49262304689188668]
840 ; 15 ; 28 ; 1 ; [0.045128676812549978, 0.072402334374886579] ; [0.0047481721632552888, -6.1247780471533255e-06]
840 ; 15 ; 28 ; 2 ; [0.0056704299127095193] ; [0.56258439515395908]
840 ; 15 ; 28 ; 3 ; [0.16544002692186935] ; [0.54309711412205963]
840 ; 15 ; 29 ; 0 ; [1.3126543368208983] ; [0.13317528675927084]
840 ; 15 ; 29 ; 2 ; [0.081839282585047995, 0.062299763548006801, 0.13952485285300054] ; [0.099565522894881742, 0.13509066733013345, 0.36413813784544546]
840 ; 15 ; 32 ; 0 ; [0.64056428671281052] ; [0.28114336730444617]
840 ; 15 ; 32 ; 1 ; [0.25585142681201273] ; [3.0622486778631313]
840 ; 15 ; 32 ; 2 ; [2.1301321686271248] ; [1.0278817267359335]
840 ; 15 ; 32 ; 7 ; [1.4152868093312896] ; [2.6576946152026246]
840 ; 15 ; 32 ; 8 ; [1.2283564085102507] ; [2.3209388100078665]
840 ; 15 ; 32 ; 9 ; [1.1617101184918448] ; [0.24806055832427004]
840 ; 15 ; 32 ; 10 ; [1.3328956508489698] ; [1.5878276544889576]
840 ; 15 ; 32 ; 11 ; [6.0437255244112427] ; [0.56654125393992905]
840 ; 15 ; 32 ; 12 ; [1.7698095378664733] ; [1.8343120567861946]
840 ; 15 ; 32 ; 14 ; [1.2710905244466939] ; [3.104657019383072]
840 ; 15 ; 33 ; 0 ; [1.2938766097078795] ; [1.1013828594626185]
840 ; 15 ; 33 ; 1 ; [1.597000629877424] ; [1.1321552535443919]
840 ; 15 ; 33 ; 2 ; [1.0339189732074254] ; [1.2843538839900068]
840 ; 15 ; 33 ; 3 ; [1.0531881595420076] ; [1.2320615531461478]
840 ; 15 ; 33 ; 5 ; [1.1880466262477369] ; [2.1342194715981213]
840 ; 15 ; 33 ; 6 ; [1.147041162050582] ; [1.9418513729082425]
840 ; 15 ; 33 ; 8 ; [3.4810941056513882] ; [3.4291048480292114]
840 ; 15 ; 33 ; 10 ; [1.4928498779676207] ; [2.7717188116238534]
840 ; 15 ; 33 ; 11 ; [0.86254675689403093] ; [2.1415132059431228]
840 ; 15 ; 33 ; 12 ; [2.5386464487911495] ; [0.84427545297466144]
840 ; 15 ; 33 ; 13 ; [1.9531435629188896] ; [1.5267761434222809]
840 ; 15 ; 33 ; 14 ; [2.0247431390615316] ; [1.5587114960774187]
840 ; 15 ; 33 ; 15 ; [0.31585230451059759] ; [2.4562064134901425]
840 ; 15 ; 33 ; 16 ; [1.0427109099580678] ; [1.9356685600487646]
840 ; 15 ; 33 ; 18 ; [3.1199032754706892] ; [2.4152632680204373]
840 ; 15 ; 33 ; 19 ; [3.9256999031722684] ; [1.7114449895207369]
840 ; 15 ; 33 ; 21 ; [1.7419406532970041] ; [1.6764025264471547]
840 ; 15 ; 33 ; 24 ; [0.086383631688494084] ; [1.4663232987580592]
840 ; 15 ; 33 ; 25 ; [1.5798262913087255] ; [1.5934361125880763]
840 ; 15 ; 33 ; 27 ; [1.9353605785454178] ; [2.8326327525720085]
840 ; 15 ; 33 ; 29 ; [0.025992990581800896] ; [1.0787496268824577]
840 ; 15 ; 33 ; 32 ; [0.90449116071793523] ; [2.6315154564282994]
840 ; 15 ; 33 ; 34 ; [1.2056947471698733] ; [1.1490020803836503]
840 ; 15 ; 33 ; 36 ; [2.1950616479470986] ; [1.18023757277375]
840 ; 15 ; 33 ; 38 ; [3.048983116867142] ; [2.7065642250995046]
840 ; 15 ; 33 ; 39 ; [1.3902717654714953] ; [1.3094799999842035]
840 ; 15 ; 33 ; 40 ; [1.1001371089378535] ; [2.3126581444578957]
840 ; 15 ; 33 ; 42 ; [2.7608579112696972] ; [1.3464453057201369]
840 ; 15 ; 33 ; 44 ; [2.1584180121810603] ; [2.0201244345858353]
840 ; 15 ; 33 ; 46 ; [2.5177462076942252] ; [2.0228692316400942]
840 ; 15 ; 33 ; 47 ; [0.80623315638805626] ; [1.1129671222094109]
840 ; 15 ; 33 ; 48 ; [0.89212207951207922] ; [0.90700038697799745]
840 ; 15 ; 33 ; 49 ; [0.027295664672278279] ; [1.729461838946599]
840 ; 15 ; 33 ; 50 ; [0.073932390211044294] ; [1.7290167327619523]
840 ; 15 ; 33 ; 51 ; [2.2948971137850882] ; [1.9053353681606222]
840 ; 15 ; 33 ; 52 ; [2.2521117077007342] ; [2.1349308705793471]
840 ; 15 ; 33 ; 53 ; [0.8466279198925738] ; [1.4638624953281931]
840 ; 15 ; 33 ; 54 ; [0.14631685917480705] ; [1.6517422286410979]
840 ; 15 ; 34 ; 0 ; [0.1309132947531744] ; [0.077075855546215266]
840 ; 15 ; 34 ; 2 ; [6.6547212093246806] ; [1.7152716654954605]
840 ; 15 ; 35 ; 0 ; [0.070366996459748421, 0.051878021959296, 0.3266318336679534, 0.047780872527498838] ; [0.16886972240934847, 0.13763728351549603, 0.36612890106742552, 0.27296780194744713]
840 ; 15 ; 36 ; 1 ; [-0.0069390624852715245] ; [-0.11962200627316258]
840 ; 15 ; 36 ; 2 ; [5.4190158838934472] ; [5.5470489198733768]
840 ; 15 ; 37 ; 0 ; [0.1302307768378293, 0.18852643824318027, 0.69663652798522102, 0.2052814914755362] ; [0.30093522715322152, 0.24783515994461283, 0.42002435740978178, 0.26657572746128144]
840 ; 15 ; 38 ; 18 ; [1.5299156558199081] ; [1.6613972786267883]
840 ; 15 ; 38 ; 25 ; [2.0237974136851768] ; [2.2112001715810004]
840 ; 15 ; 38 ; 27 ; [1.6422393860099143] ; [1.6638390810487278]
840 ; 15 ; 38 ; 30 ; [1.7538389562483405] ; [1.6396104612006948]
840 ; 15 ; 39 ; 0 ; [0.56150663551909352] ; [0.010469740601642883]
840 ; 15 ; 39 ; 1 ; [0.26781889793614516] ; [0.87511955711586509]
840 ; 15 ; 39 ; 2 ; [0.20061768543892108] ; [0.095975436010525106]
840 ; 15 ; 39 ; 3 ; [0.37081699609832391] ; [-0.0062502722131775072]
840 ; 15 ; 40 ; 0 ; [0.028135902999242839, 0.066858664240060969, 0.025941036998367268, 0.0074940807832916678] ; [0.447663491376045, 0.36430017932053349, 0.33602575207317215, 0.071666550325784242]
840 ; 15 ; 41 ; 0 ; [0.27708848450951401] ; [0.73026828460672122]
840 ; 15 ; 41 ; 11 ; [1.0146818311850321] ; [1.0557842893117186]
840 ; 15 ; 41 ; 12 ; [0.051930584407228551] ; [-0.08966793962201898]
840 ; 15 ; 42 ; 0 ; [0.83645251183765057] ; [0.45440703477678057]
840 ; 15 ; 42 ; 1 ; [0.12185054560595487] ; [0.0084354423130813521]
840 ; 15 ; 42 ; 2 ; [0.56747237126211458] ; [0.80051533089247107]
840 ; 15 ; 42 ; 3 ; [0.85855703205417633] ; [0.030758836230325479]
840 ; 15 ; 42 ; 5 ; [2.5358289404862266] ; [0.91183026662054134]
840 ; 15 ; 42 ; 6 ; [0.85663123150814291] ; [0.22710879127572772]
840 ; 15 ; 43 ; 0 ; [0.547844063533234] ; [0.022674487229412572]
840 ; 15 ; 43 ; 1 ; [-0.0073035364326944213, 0.010487209401516009] ; [0.0038263798646143094, 0.0072036579188138987]
840 ; 15 ; 44 ; 0 ; [0.011841447503709263, 0.061535951261302339, 0.23438491846513079, 0.28718789427782043] ; [0.18913660951395911, 0.25221346507795372, 0.16001413564111711, 0.35273416133864216]
840 ; 15 ; 45 ; 0 ; [0.97457373349820686] ; [0.52709306724255844]
840 ; 15 ; 45 ; 3 ; [0.60535139249313785] ; [0.46834884063601251]
840 ; 15 ; 45 ; 4 ; [1.7970174341053056] ; [0.15394622666409111]
840 ; 15 ; 45 ; 5 ; [1.0801588299162121] ; [0.32291756020695656]
840 ; 15 ; 45 ; 9 ; [2.2634042231048341] ; [0.57923985352918905]
840 ; 15 ; 45 ; 11 ; [0.92465635674953961] ; [0.66147364546525478]
840 ; 15 ; 45 ; 12 ; [2.244548088209152] ; [0.55473720464978293]
840 ; 15 ; 45 ; 15 ; [1.8291102617006654] ; [0.88804201720143594]
840 ; 15 ; 45 ; 16 ; [1.5542141533760472] ; [0.2396414163977898]
840 ; 15 ; 45 ; 21 ; [2.4370326479111237] ; [2.2404546594283437]
840 ; 15 ; 45 ; 24 ; [3.3839889069708087] ; [1.3118118676789849]
840 ; 15 ; 45 ; 25 ; [1.2716980083026197] ; [2.3375014995493197]
840 ; 15 ; 45 ; 26 ; [1.9193055497289948] ; [3.2024720595841143]
840 ; 15 ; 45 ; 27 ; [1.080859414162783] ; [2.298692616992041]
840 ; 15 ; 45 ; 33 ; [3.9365625875187082] ; [0.86729599543243341]
840 ; 15 ; 45 ; 34 ; [2.1930092403100674] ; [1.1082147787843148]
840 ; 15 ; 45 ; 35 ; [2.4996805972392022] ; [1.0884508477475698]
840 ; 15 ; 45 ; 43 ; [1.5895758691718711] ; [0.080440736228077528]
840 ; 15 ; 45 ; 46 ; [1.5738955089977273] ; [1.2004133834770017]
840 ; 15 ; 45 ; 47 ; [1.2840842784311273] ; [0.4005289294391764]
840 ; 15 ; 45 ; 48 ; [2.48589221884869] ; [1.6864886714711615]
840 ; 15 ; 46 ; 1 ; [1.1062201906326097] ; [0.78030717354680901]
840 ; 15 ; 46 ; 3 ; [0.78987822626332282] ; [1.8835684739558527]
840 ; 15 ; 46 ; 4 ; [3.0886174766931189] ; [0.69734695750975229]
840 ; 15 ; 46 ; 5 ; [2.8276606430403919] ; [1.5346951341010679]
840 ; 15 ; 46 ; 7 ; [0.37354422446915236] ; [1.5805709820415059]
840 ; 15 ; 46 ; 8 ; [0.095140095491082155] ; [1.5225676547954812]
840 ; 15 ; 46 ; 11 ; [3.0459620665706795] ; [1.7236333341492021]
840 ; 15 ; 46 ; 12 ; [1.4095699031975941] ; [0.92916446000879649]
840 ; 15 ; 46 ; 14 ; [6.9546579587841251] ; [2.2141399415991851]
840 ; 15 ; 46 ; 17 ; [5.8174459287896498] ; [2.3553306309817885]
840 ; 15 ; 46 ; 18 ; [2.1272757819089212] ; [2.3332223668133802]
840 ; 15 ; 47 ; 0 ; [0.030425719114696562] ; [0.11895883361674475]
840 ; 15 ; 47 ; 1 ; [2.5606608097274908] ; [0.18555419362522813]
840 ; 15 ; 47 ; 6 ; [-0.0023665415037888719] ; [1.1114806341586307]
840 ; 15 ; 48 ; 0 ; [0.4648680560200073] ; [0.37438040914077708]
840 ; 15 ; 49 ; 0 ; [1.0225376121200735] ; [0.78398527956715636]
840 ; 15 ; 49 ; 1 ; [0.8043524848243534] ; [0.29060347097097328]
840 ; 15 ; 49 ; 4 ; [1.1000917234243728] ; [1.2154471226086696]
840 ; 15 ; 49 ; 12 ; [2.0886583262667822] ; [0.51034367253036705]
840 ; 15 ; 49 ; 13 ; [0.21051626144872307] ; [1.1289668483770392]
840 ; 15 ; 50 ; 0 ; [0.15691831029289491, 0.17988157565039523, 0.053148824866689592] ; [0.19630955371044598, 0.30574243533579748, 0.13924742678416543]
840 ; 15 ; 50 ; 1 ; [0.3716326305907709, 0.042190575522278291] ; [0.37115394159609671, 0.24456272076722549]
840 ; 15 ; 50 ; 2 ; [0.32917673785940621] ; [0.033120357582104243]
840 ; 15 ; 51 ; 0 ; [0.33166727133200813, 0.10237247545743028, 0.032119915367953965, 0.087506830706099756] ; [0.28924681563587618, 0.32327454446321074, 0.16053050119526099, 0.17543440084779552]
840 ; 15 ; 51 ; 2 ; [-0.013919670428063849] ; [0.033547468623245959]
840 ; 15 ; 52 ; 0 ; [0.3981505679689652] ; [0.30451340758751316]
840 ; 15 ; 52 ; 1 ; [0.011108960383630483] ; [0.076140677121837044]
840 ; 15 ; 52 ; 2 ; [1.5583562692021495] ; [0.93396757588382906]
840 ; 15 ; 53 ; 0 ; [0.027948428977119404, 0.049151097723037995, 0.069682946676536031] ; [0.20185883626341211, 0.23321682486117562, 0.09286735231591417]
840 ; 15 ; 53 ; 1 ; [0.044495602739864977] ; [0.27976369440600302]
840 ; 15 ; 54 ; 0 ; [0.069023636318341741, 0.01703208453629362] ; [0.32379680680808698, 0.124808905172014]
840 ; 15 ; 55 ; 0 ; [1.4678193165493096] ; [0.07621945156157274]
840 ; 15 ; 55 ; 1 ; [0.52490523469810335] ; [1.4566471643007382]
840 ; 15 ; 55 ; 5 ; [3.1919448116760871] ; [1.1345536604814523]
840 ; 15 ; 55 ; 6 ; [0.79135590289378965] ; [0.51669496971339768]
840 ; 15 ; 55 ; 11 ; [2.0174231103332922] ; [0.16043845263448236]
840 ; 15 ; 55 ; 12 ; [0.20108285918734117] ; [0.70801743545947882]
840 ; 15 ; 55 ; 17 ; [0.93079604731771026] ; [0.62430239173818947]
840 ; 15 ; 55 ; 18 ; [0.25437722302093468] ; [1.3872319335561623]
840 ; 15 ; 56 ; 0 ; [0.10551242630987309, 0.13326063445763864, 0.0045116727938879272] ; [0.24570870836498365, 0.20041524734513322, 0.11789144922655208]
840 ; 15 ; 57 ; 0 ; [0.46951129637553102] ; [0.73929022924267496]
840 ; 15 ; 57 ; 1 ; [-0.013683754508313162] ; [0.72810562295013248]
840 ; 15 ; 57 ; 5 ; [1.1595728294785201] ; [1.0138285319673634]
840 ; 15 ; 57 ; 10 ; [0.65809703188122426] ; [1.1424708285185712]
840 ; 15 ; 57 ; 16 ; [1.4072825160547036] ; [2.2827773760266399]
840 ; 15 ; 58 ; 0 ; [0.35692547964956239, 0.16192055131666486, 0.055285042914724011, 0.08236371464293106] ; [0.39006827229200364, 0.22930871953692947, 0.22371979944657208, 0.06201003900418401]
840 ; 15 ; 59 ; 0 ; [0.022928351853560024] ; [0.017447008213027269]
840 ; 15 ; 59 ; 2 ; [0.19268427411119327, 0.060034394036401047] ; [0.24156853390373867, 0.16863722876885437]
840 ; 15 ; 59 ; 3 ; [0.33272239463253689] ; [0.44406888616957335]
840 ; 15 ; 60 ; 0 ; [1.5798604563841712] ; [0.0093896326605302713]
840 ; 15 ; 60 ; 1 ; [1.4883214523329471] ; [1.027034344457542]
840 ; 15 ; 60 ; 5 ; [2.2427034189771837] ; [0.97058244440808072]
840 ; 15 ; 60 ; 7 ; [1.9117798953147107] ; [4.2948434862476388]
840 ; 15 ; 60 ; 8 ; [1.0638269645741589] ; [0.90330489609783993]
840 ; 15 ; 60 ; 15 ; [1.5401019963850144] ; [0.52201855844570177]
840 ; 15 ; 60 ; 20 ; [2.224010276609202] ; [1.4498521121048407]
840 ; 15 ; 60 ; 21 ; [2.1967596711271251] ; [1.4769345887775449]
840 ; 15 ; 60 ; 25 ; [2.8670942235007342] ; [1.0125893128248529]
840 ; 15 ; 61 ; 0 ; [0.080219587268039572, 0.038291785375113178, 0.063973672227752312] ; [0.22648490754771933, 0.1971130068760619, 0.060559460645002491]
840 ; 15 ; 61 ; 1 ; [0.0079154747255988332] ; [0.081202944584622808]
840 ; 15 ; 62 ; 4 ; [1.4884075244817581] ; [0.9393180868148705]
840 ; 15 ; 62 ; 8 ; [0.73881919901871829] ; [11.588769134340836]
840 ; 15 ; 62 ; 10 ; [2.1360032086642233] ; [3.0899709897451606]
840 ; 15 ; 62 ; 11 ; [1.6393975027415557] ; [3.5838090981735879]
840 ; 15 ; 62 ; 12 ; [1.3185343140645356] ; [1.084208017474507]
840 ; 15 ; 63 ; 0 ; [0.1571143683887769, 0.20168851559201148, 0.14755962978329079] ; [0.24796791910697499, 0.33502644776349022, 0.23575402740221699]
840 ; 15 ; 63 ; 1 ; [0.17652061042643821] ; [0.051199330669409807]
840 ; 15 ; 63 ; 2 ; [0.31905756003708202] ; [0.19184933914061972]
840 ; 15 ; 64 ; 1 ; [1.2157397486276544] ; [0.28977828546412793]
840 ; 15 ; 64 ; 2 ; [0.38366623867660399] ; [0.89318768622868938]
840 ; 15 ; 64 ; 8 ; [0.72930594922775926] ; [0.53364305857056249]
840 ; 15 ; 65 ; 0 ; [0.017054111617820382, 0.0034611967968874997, 0.074715605084853504] ; [0.34810947263966063, 0.23367525122289884, 0.18666220855806034]
840 ; 15 ; 66 ; 0 ; [0.066169192697095855] ; [0.14357597810502301]
840 ; 15 ; 66 ; 1 ; [0.043039474154791063] ; [0.1767444066409144]
840 ; 15 ; 66 ; 2 ; [-0.040608386964031525] ; [0.15528669294325495]
840 ; 15 ; 67 ; 0 ; [0.038727721465822658] ; [0.1775179391374937]
840 ; 15 ; 68 ; 0 ; [2.092918583008395] ; [1.4228399692867013]
840 ; 15 ; 68 ; 1 ; [0.95196709109842126] ; [-0.0069313873377449056]
840 ; 15 ; 68 ; 2 ; [0.39305106917548893] ; [0.57489907060900058]
840 ; 15 ; 69 ; 0 ; [0.037796617389508402, 0.098797535082493892, 0.17504056733572482] ; [0.07002201986352069, 0.17083768736821317, 0.5236703964220516]
840 ; 15 ; 69 ; 1 ; [0.088717253470974783] ; [0.12534240146957923]
840 ; 15 ; 70 ; 0 ; [1.030888184003574, 0.28842014985020004] ; [0.59309236622313821, 0.35871158377009765]
840 ; 15 ; 70 ; 4 ; [1.5708448677921905] ; [1.3858311913347856]
840 ; 15 ; 71 ; 0 ; [0.040517770589256326, -0.036031893985234313] ; [0.27332970355752689, 0.32409552817885395]
840 ; 15 ; 71 ; 1 ; [0.62154923929565309, 0.15563822429325094] ; [1.2218026318880564, 0.52907635375570294]
840 ; 15 ; 71 ; 4 ; [0.027216814870808671] ; [0.098678226169507818]
840 ; 15 ; 71 ; 7 ; [0.2234961042629465, 0.11019840413697225] ; [0.37303288241160726, 0.20037464796125026]
840 ; 15 ; 72 ; 0 ; [0.013543468990640916, -0.009864734936599116] ; [0.21715080688110081, 0.19164323363393843]
840 ; 15 ; 73 ; 0 ; [0.15895021211190907, 0.11340249022233136] ; [0.25150538615095275, 0.067378478472677417]
840 ; 15 ; 73 ; 1 ; [0.081448068948800634] ; [0.16005816588296581]
840 ; 15 ; 74 ; 0 ; [0.86221395222182795] ; [0.87066983937870701]
840 ; 15 ; 74 ; 1 ; [1.3535340944216092] ; [0.046344096056732002]
840 ; 15 ; 74 ; 5 ; [1.5152167843668765] ; [1.4695420783174928]
840 ; 15 ; 74 ; 6 ; [1.5540250339283452] ; [2.962212656619911]
840 ; 15 ; 74 ; 7 ; [1.5485209803464461] ; [1.0022163305669005]
840 ; 15 ; 74 ; 8 ; [1.0084097790962394] ; [1.4800323511998394]
840 ; 15 ; 74 ; 10 ; [1.0222738309099793] ; [1.6500885989860337]
840 ; 15 ; 74 ; 11 ; [1.0405367665452858] ; [0.25121358798596743]
840 ; 15 ; 74 ; 14 ; [1.1413391651611635] ; [0.64263771660962954]
840 ; 15 ; 74 ; 15 ; [1.2324059383321055] ; [3.3197402027180289]
840 ; 15 ; 74 ; 16 ; [1.6949130159947337] ; [1.8251995412856969]
840 ; 15 ; 74 ; 18 ; [0.87151783839158981] ; [1.7126245300752438]
840 ; 15 ; 74 ; 19 ; [1.222960651359412] ; [1.0180264573628901]
840 ; 15 ; 74 ; 20 ; [2.5144634874215908] ; [1.3571451788865085]
840 ; 15 ; 74 ; 21 ; [1.8600361688012355] ; [3.2313325985668193]
840 ; 15 ; 74 ; 23 ; [0.79797264913849641] ; [8.0375972734656589]
840 ; 15 ; 74 ; 24 ; [0.28275855353592055] ; [1.5417746426110299]
840 ; 15 ; 74 ; 28 ; [0.67321495517539753] ; [1.2831894800820356]
840 ; 15 ; 74 ; 29 ; [2.1299376709885682] ; [1.194041533809898]
840 ; 15 ; 75 ; 0 ; [0.15390628155146524] ; [0.2024098005204161]
840 ; 15 ; 75 ; 1 ; [0.40294608220361222] ; [0.15239583624592279]
840 ; 15 ; 75 ; 2 ; [1.40405012506303] ; [0.40031896000959127]
840 ; 15 ; 76 ; 1 ; [0.61350094148538237] ; [0.62443141121170753]
840 ; 15 ; 76 ; 3 ; [1.8695718019948058] ; [2.3863693564060644]
840 ; 15 ; 76 ; 5 ; [0.99744761624260891] ; [1.9724556618881892]
840 ; 15 ; 76 ; 8 ; [1.017498408329395] ; [1.9734755181954529]
840 ; 15 ; 76 ; 9 ; [1.4561911356098054] ; [1.6216202664310762]
840 ; 15 ; 76 ; 12 ; [2.2952074278287347] ; [1.6085221318311469]
840 ; 15 ; 76 ; 13 ; [0.6572658782578068] ; [1.1032573311287792]
840 ; 15 ; 76 ; 14 ; [0.36774623464206746] ; [1.9847716743155055]
840 ; 15 ; 76 ; 15 ; [5.3487853847991396] ; [3.6017714571100088]
840 ; 15 ; 77 ; 0 ; [0.27540443084043015, 0.16454299188318366] ; [0.21874243647642139, 0.13167903006158385]
840 ; 15 ; 78 ; 0 ; [0.12454394845754291] ; [0.27329998341854145]
840 ; 15 ; 79 ; 0 ; [0.19012651701140795, 0.36556988230349918] ; [0.38184385231969181, 0.23527505967705123]
840 ; 15 ; 79 ; 1 ; [0.22780911651956015] ; [0.26932835991978971]
840 ; 15 ; 79 ; 2 ; [0.25953407615856428] ; [0.048603247583392163]
840 ; 15 ; 79 ; 3 ; [0.63447308091108867] ; [0.2662765713922115]
840 ; 15 ; 80 ; 0 ; [0.080989316110854623] ; [0.0058226493102715169]
840 ; 15 ; 80 ; 1 ; [1.6374141183969526] ; [0.72689490765194076]
840 ; 15 ; 80 ; 2 ; [20.790391936244816] ; [0.38357274153362586]
840 ; 15 ; 80 ; 3 ; [-2.8620933538633854e-05] ; [1.6168273714251329]
840 ; 15 ; 81 ; 0 ; [0.42588625245019263] ; [0.38033504838893512]
840 ; 15 ; 81 ; 1 ; [0.84024314271544742] ; [1.273128548170636]
840 ; 15 ; 82 ; 0 ; [0.7541732914461402] ; [0.23464340306060197]
840 ; 15 ; 82 ; 1 ; [1.2522012719940994] ; [0.50732577556739877]
840 ; 15 ; 82 ; 4 ; [1.558922094435101] ; [0.76050011486232416]
840 ; 15 ; 82 ; 13 ; [0.96893134881541909] ; [2.154864988406318]
840 ; 15 ; 83 ; 0 ; [0.055903537754896863, 0.01970958840470427, 0.060224557234456529] ; [0.31758917080294635, 0.16112971752940369, 0.16958937207509769]
840 ; 15 ; 83 ; 1 ; [0.011498725098219887] ; [0.1246344184429117]
840 ; 15 ; 84 ; 0 ; [0.20282692872228286, 0.24451637381525262, 0.1549134394950962] ; [0.2002674402644668, 0.20231854949605199, 0.13676882719419858]
840 ; 15 ; 85 ; 0 ; [1.3339349691143096] ; [1.4322195935883157]
840 ; 15 ; 85 ; 1 ; [0.20210094636752893] ; [2.8225999937496096]
840 ; 15 ; 85 ; 6 ; [1.7962445857671285] ; [1.3707472869163011]
840 ; 15 ; 85 ; 9 ; [2.2408453818108169] ; [2.2092281106602303]
840 ; 15 ; 85 ; 12 ; [0.91331808938217995] ; [2.0826868891780137]
840 ; 15 ; 85 ; 13 ; [0.93316825605918663, 2.6803346964368266] ; [1.6126448215857294, 0.97256089260132927]
840 ; 15 ; 86 ; 0 ; [-0.0097149249572383196, -0.010810289134764693, -0.001721078904908462] ; [0.14810176483528648, 0.17525632062519464, 0.23614956194698258]
840 ; 15 ; 86 ; 1 ; [0.21967181041635453] ; [0.046603067610062859]
840 ; 15 ; 87 ; 0 ; [0.20425989262238123] ; [0.33231277670632126]
840 ; 15 ; 88 ; 0 ; [0.63727917651093757, 2.634550507889144] ; [0.40723376762035085, 1.0175563029297532]
840 ; 15 ; 88 ; 9 ; [0.038849258489999455] ; [0.35833251922824649]
840 ; 15 ; 89 ; 2 ; [1.1080168635396097] ; [1.9801859000997903]
840 ; 15 ; 89 ; 5 ; [1.4843023657461443] ; [3.3526883057148904]
840 ; 15 ; 89 ; 9 ; [1.0794087171346978] ; [0.67222983393343594]
840 ; 15 ; 89 ; 10 ; [1.5859569121810482] ; [1.1353852729393683]
840 ; 15 ; 90 ; 0 ; [0.1177026463939225, 0.13138599034346143] ; [0.075617638762145431, 1.2411908095539417]
840 ; 15 ; 90 ; 1 ; [1.3619645679526895] ; [1.2255566798247182]
840 ; 15 ; 90 ; 2 ; [0.10342549458787313] ; [0.072101991350331199]
840 ; 15 ; 90 ; 3 ; [0.58855452384654272] ; [0.048776113663587958]
840 ; 15 ; 91 ; 0 ; [0.069415210547829287, 0.011107950762166755, 0.048903645957043988] ; [0.28756240927390553, 0.29447540506625591, 0.076001518197933826]
840 ; 15 ; 92 ; 0 ; [1.5029650121533917] ; [1.1286191579408753]
840 ; 15 ; 92 ; 3 ; [2.0087332432917213] ; [1.7486667545364569]
840 ; 15 ; 93 ; 0 ; [3.2360970850967719] ; [7.8119956550674932]
840 ; 15 ; 93 ; 2 ; [2.0306725911288024] ; [1.6350606829232475]
840 ; 15 ; 93 ; 3 ; [0.8649310421998615] ; [0.18332486122177291]
840 ; 15 ; 94 ; 0 ; [0.30083543672284185] ; [0.90511450323759279]
840 ; 15 ; 94 ; 1 ; [0.33438433963545511, 1.299684162745691] ; [0.63020724125526706, 0.42285886822077312]
840 ; 15 ; 94 ; 3 ; [1.1448041571105705] ; [0.47478411085855449]
840 ; 15 ; 94 ; 4 ; [1.2424640067639368] ; [0.82272625096211305]
840 ; 15 ; 94 ; 5 ; [1.1987103823027139] ; [0.24211022221369483]
840 ; 15 ; 94 ; 6 ; [0.69063396491393758] ; [0.07035349474792657]
840 ; 15 ; 95 ; 1 ; [0.72014485013595653] ; [0.78074322199653134]
840 ; 15 ; 96 ; 0 ; [-0.017304794088298089, -0.0020111787171326265, 0.060173631562648523] ; [0.16419989649264394, 0.2519682586282046, 0.048179289593173753]
840 ; 15 ; 97 ; 0 ; [0.25496024042081628] ; [0.50470850218475516]
840 ; 15 ; 97 ; 3 ; [2.2580082808859641] ; [-0.0026396358337834203]
840 ; 15 ; 97 ; 5 ; [0.082439546218515194] ; [0.010148717351705373]
840 ; 15 ; 97 ; 6 ; [0.57147559083369759] ; [0.74231775514980658]
840 ; 15 ; 97 ; 7 ; [0.36640790901925679] ; [1.7086043112863192]
840 ; 15 ; 98 ; 1 ; [0.096920220673673563] ; [0.07134171122276077]
840 ; 15 ; 99 ; 0 ; [-0.0055962812721250532, 0.013996863934904246, 0.018698759648074229] ; [0.18559552803636245, 0.20000691189595948, 0.2213432520606366]
840 ; 15 ; 99 ; 1 ; [0.012345151028592313] ; [0.17897989601948502]
840 ; 15 ; 100 ; 0 ; [0.12680641800934425] ; [0.67672071314494298]
840 ; 15 ; 101 ; 1 ; [0.27312439891820661] ; [0.00013321835668824236]
840 ; 15 ; 101 ; 2 ; [0.32192638168687376] ; [0.2607464212389351]
840 ; 15 ; 101 ; 3 ; [0.094650666112873622] ; [0.35922047685642206]
840 ; 15 ; 102 ; 0 ; [1.3616677604648417] ; [1.0609298093991408]
840 ; 15 ; 102 ; 1 ; [1.2474592919585226] ; [0.95122799922931167]
840 ; 15 ; 102 ; 4 ; [2.9247048553431636] ; [1.198259462725753]
840 ; 15 ; 102 ; 5 ; [0.43951202497642211] ; [1.0758244923202527]
840 ; 15 ; 102 ; 8 ; [0.41491052579200877] ; [0.63413442172956014]
840 ; 15 ; 102 ; 10 ; [1.1198456822631968] ; [1.7298628382039927]
840 ; 15 ; 102 ; 11 ; [2.0566196155167207] ; [1.4881115352805747]
840 ; 15 ; 102 ; 15 ; [1.2561789243704007] ; [1.6425736907770081]
840 ; 15 ; 102 ; 17 ; [1.8058415454522661] ; [1.5287746301752836]
840 ; 15 ; 102 ; 22 ; [0.76204071808732288] ; [0.20822119530112917]
840 ; 15 ; 104 ; 0 ; [0.52576521737394388] ; [0.24618364371332283]
840 ; 15 ; 104 ; 1 ; [2.149472781759088] ; [0.30639784149804827]
840 ; 15 ; 105 ; 0 ; [0.42645736825072406] ; [-0.0041772484839705431]
840 ; 15 ; 105 ; 3 ; [1.6249606474589084] ; [1.310539779961684]
840 ; 15 ; 105 ; 6 ; [0.51921101966166738] ; [0.72638010310163725]
840 ; 15 ; 107 ; 0 ; [0.63406801332515184, 0.31150756060398849, 0.55731933336854789] ; [0.54202491311198542, 0.35751186944034929, 0.17216837904930005]
840 ; 15 ; 107 ; 1 ; [0.14514487500153606] ; [0.34555665328223883]
840 ; 15 ; 108 ; 0 ; [0.094635012074779368, 0.12450183507466445, 0.41332443891764536] ; [0.16161437562440539, 0.20615412379209316, 0.33547115572451519]
840 ; 15 ; 109 ; 0 ; [0.3705390599352158] ; [1.1934526695249532]
840 ; 15 ; 109 ; 2 ; [1.678287759322266] ; [1.590210720485759]
840 ; 15 ; 109 ; 7 ; [0.8747748082703265] ; [0.47541829393293766]
840 ; 15 ; 109 ; 9 ; [0.8612116192504552] ; [0.4759374278381247]
840 ; 15 ; 109 ; 12 ; [4.2546335064256011] ; [2.3314800204996562]
840 ; 15 ; 109 ; 14 ; [0.88438076344084582] ; [2.0026246778297403]
840 ; 15 ; 109 ; 16 ; [1.8389869958269436] ; [1.3199856158073926]
840 ; 15 ; 110 ; 0 ; [0.2394885012012142, 0.14761970226620491] ; [0.21815159205037141, 0.075310839051530881]
840 ; 15 ; 111 ; 0 ; [0.42347941867635447, 0.52273898021684995] ; [0.23913090621695202, 0.33731770809347889]
840 ; 15 ; 111 ; 3 ; [0.32482848419648386] ; [0.23977038031305392]
840 ; 15 ; 113 ; 0 ; [0.081101953613426356] ; [0.0010095123186147929]
840 ; 15 ; 113 ; 1 ; [1.8519085864376705] ; [1.4275689003997631]
840 ; 15 ; 113 ; 9 ; [0.80878095565902275] ; [2.3275035109821363]
840 ; 15 ; 113 ; 11 ; [0.99372456048297908] ; [0.35141141017434557]
840 ; 15 ; 114 ; 0 ; [0.17142806986960088, 0.19185931726658995] ; [0.22359847214796627, 0.21202337804981206]
840 ; 15 ; 114 ; 1 ; [0.8197589511764376, -0.0081428485106602982] ; [0.24817412907489936, 0.12737075692560593]
840 ; 15 ; 115 ; 0 ; [0.10275356735729962, 0.084085128263383407, 0.082328333659261677, 0.083733418140762919] ; [0.36891116830737225, 0.14195862600041698, 0.18323408021714591, 0.089205466071929293]
840 ; 15 ; 115 ; 1 ; [0.078637338064094287] ; [0.11644708248501619]
840 ; 15 ; 115 ; 2 ; [0.1426434262135681] ; [0.1765424182688668]
840 ; 15 ; 116 ; 0 ; [0.085988918669827316] ; [0.54916788886885681]
840 ; 15 ; 117 ; 0 ; [0.94114264197724518] ; [0.23535360152270809]
840 ; 15 ; 117 ; 1 ; [0.5719314660057806] ; [2.2537736374133686]
840 ; 15 ; 117 ; 3 ; [0.049290648476150029] ; [0.13093845831958806]
840 ; 15 ; 117 ; 6 ; [0.37323562185769599] ; [0.50848313409144463]
840 ; 15 ; 117 ; 7 ; [1.0085664418714126] ; [1.363618883633698]
840 ; 15 ; 117 ; 12 ; [22.757788837117115] ; [1.75909891059961]
840 ; 15 ; 118 ; 0 ; [0.56970012086345512] ; [1.1227068563968921]
840 ; 15 ; 119 ; 0 ; [0.05611329902925332, 0.02466932786177042, 0.26265301235671945] ; [0.12676586039087473, 0.52182574716116548, 0.32999164638012102]
840 ; 15 ; 120 ; 0 ; [1.1325861895288716] ; [2.4983624712424217]
840 ; 15 ; 120 ; 2 ; [1.849173686406842] ; [0.016399497065394116]
840 ; 15 ; 121 ; 0 ; [0.27777633017685782, 0.19800219539300987] ; [0.53636109156393963, 0.13329918150136283]
840 ; 15 ; 122 ; 1 ; [0.076402453736229295] ; [0.18007917852013985]
840 ; 15 ; 123 ; 0 ; [0.61441546122117752, 0.00075833062726649394, 0.11499989155312659] ; [0.29393866050153666, 0.52132397867527791, 0.18647467527508804]
840 ; 15 ; 124 ; 4 ; [0.63573452850549605] ; [0.66819032136963674]
840 ; 15 ; 125 ; 0 ; [0.82699473690237457] ; [0.45737910092777551]
840 ; 15 ; 125 ; 1 ; [0.83104182373277269] ; [0.78969077567904378]
840 ; 15 ; 125 ; 8 ; [0.44568168758379761] ; [1.1175037878254241]
840 ; 15 ; 126 ; 1 ; [0.4811223622222992] ; [0.306103179358508]
840 ; 15 ; 126 ; 2 ; [1.2873427407489795] ; [0.4608778318351503]
840 ; 15 ; 126 ; 3 ; [0.35426796599982008] ; [0.27157602360250188]
840 ; 15 ; 127 ; 5 ; [5.6074647085379414] ; [0.082565793824832562]
840 ; 15 ; 128 ; 3 ; [0.42480432898718407, 0.27578962924973116, 0.33453361628873574, 0.1253518757802744] ; [0.43939733525481739, 0.15042906118636204, 0.21212810812922839, 0.16156639795247835]
840 ; 15 ; 133 ; 0 ; [0.42587955860720167, 2.1243285887772778] ; [0.67197434931814592, 0.88163630759127432]
840 ; 15 ; 133 ; 1 ; [0.0053906624324401688] ; [0.70717457687274343]
840 ; 15 ; 133 ; 2 ; [0.57775202573222206] ; [0.1021818450835372]
840 ; 15 ; 134 ; 0 ; [1.4464177709682402] ; [1.1775645687067715]
840 ; 15 ; 134 ; 1 ; [0.53354961202255369] ; [0.50402612923233281]
840 ; 15 ; 135 ; 0 ; [0.069511181792139637, 0.27890977111231641, -0.003185308804315827] ; [0.22010560425442155, 0.45701009954875499, 0.17292384177092632]
840 ; 15 ; 135 ; 1 ; [0.15506331169456081] ; [0.14639852193204592]
840 ; 15 ; 137 ; 0 ; [0.049731485170060305, 0.055883968864555399, 0.025442638969926597] ; [0.2205269447315642, 0.14902101134676735, 0.082754487020667136]
840 ; 15 ; 138 ; 0 ; [-0.0084585586461957372, 0.0010521314119573022, 0.06276034983163073, 0.030157273723426865, -0.0089866733092723149] ; [0.19225772085870457, 0.14326468879638787, 0.4139931512379762, 0.32358744921919547, 0.068018654203541043]
840 ; 15 ; 138 ; 1 ; [0.036164357043822211] ; [0.14889621140676404]
840 ; 15 ; 139 ; 0 ; [0.6827016958552502] ; [0.51935109687109804]
840 ; 15 ; 140 ; 0 ; [0.16146704347333421] ; [0.10988412043989873]
840 ; 15 ; 141 ; 0 ; [0.085161067640700736] ; [0.71026992712980708]
840 ; 15 ; 141 ; 1 ; [1.0128830231122348] ; [1.3303172807130836]
840 ; 15 ; 141 ; 2 ; [0.091598196219518563] ; [0.22756209879736433]
840 ; 15 ; 141 ; 9 ; [2.0362267105638425] ; [1.8138953538110931]
840 ; 15 ; 141 ; 10 ; [0.10272867106486934] ; [0.6227205080574304]
840 ; 15 ; 142 ; 0 ; [0.090267811499246578, 0.090468763267731012, 0.047566039841884844, 0.027742866704713792] ; [0.20931255441449656, 0.27850644885032666, 0.171042750500804, 0.10900933015166815]
840 ; 15 ; 143 ; 0 ; [0.50300395671187315] ; [1.0524261539224431]
840 ; 15 ; 143 ; 1 ; [0.36398678892510733] ; [0.064045533738634891]
840 ; 15 ; 143 ; 2 ; [1.3066640799773028] ; [0.053169570546459349]
840 ; 15 ; 143 ; 14 ; [2.5739146986941122] ; [1.0640321373646464]
840 ; 15 ; 144 ; 7 ; [1.3770872760641] ; [1.4157032117588926]
840 ; 15 ; 144 ; 8 ; [1.0526198090365195] ; [1.7011000755521906]
840 ; 15 ; 145 ; 0 ; [0.19864364547786173, 0.049987449603535364] ; [0.24178486589543913, 0.10928215573168068]
840 ; 15 ; 146 ; 2 ; [3.0903821786337007] ; [2.108508244989117]
840 ; 15 ; 146 ; 3 ; [0.29835559418455765] ; [1.0706840518745777]
840 ; 15 ; 146 ; 4 ; [0.61762662343808372] ; [2.006713216286693]
840 ; 15 ; 146 ; 6 ; [0.4919888907077824] ; [1.7858466343296884]
840 ; 15 ; 146 ; 9 ; [1.1075296176928577] ; [1.6710548838102903]
840 ; 15 ; 146 ; 11 ; [16.355626393450535] ; [0.27893469767342066]
840 ; 15 ; 146 ; 12 ; [4.1561900577361737] ; [1.6057964847034885]
840 ; 15 ; 146 ; 13 ; [0.83660659818144278] ; [1.2405540778395561]
840 ; 15 ; 146 ; 15 ; [4.2992815471491648] ; [0.11196995266958598]
840 ; 15 ; 146 ; 17 ; [1.0811136728724198] ; [1.4285514206268892]
840 ; 15 ; 146 ; 18 ; [0.46927968655010632] ; [2.0005749711533607]
840 ; 15 ; 146 ; 19 ; [4.7214027908657137] ; [0.46509456519985631]
840 ; 15 ; 146 ; 20 ; [1.0304314480849741, 5.3910960198379918] ; [1.6284520991242724, 3.1744506537534987]
840 ; 15 ; 146 ; 21 ; [1.72514054942949, 4.391494807389356] ; [1.4329802901958979, 2.2803832920032217]
840 ; 15 ; 146 ; 22 ; [3.3799000892425259] ; [2.0064528401439681]
840 ; 15 ; 147 ; 0 ; [0.23639067951075651] ; [0.57257645888675157]
840 ; 15 ; 147 ; 1 ; [0.58420941609017984] ; [0.20704213519914427]
840 ; 15 ; 147 ; 2 ; [0.017026536762251979] ; [0.18409286656369811]
840 ; 15 ; 149 ; 1 ; [1.0341328059949777] ; [0.13282173382838106]
840 ; 15 ; 149 ; 2 ; [1.3849194153754167] ; [1.0634800331390097]
840 ; 15 ; 149 ; 3 ; [0.80433473478363193] ; [0.21768722294027798]
840 ; 15 ; 149 ; 11 ; [1.65092085191121] ; [0.94228124717801975]
840 ; 15 ; 150 ; 0 ; [0.42709936161961243] ; [0.58386877000838289]
840 ; 15 ; 150 ; 2 ; [-0.18184270011371231] ; [1.2692819618354241]
840 ; 15 ; 150 ; 3 ; [1.4570283770742967] ; [0.62015787557567748]
840 ; 15 ; 151 ; 0 ; [0.54086804275832223, 0.52052902057794903] ; [0.20346404024114684, 0.56859277667374464]
840 ; 15 ; 151 ; 4 ; [1.4087557706982383] ; [1.4568829573991302]
840 ; 15 ; 152 ; 0 ; [0.90263375474860996] ; [0.20629828902437672]
840 ; 15 ; 152 ; 4 ; [2.1678728768230227] ; [2.8470160533680473]
840 ; 15 ; 152 ; 6 ; [0.44695550721527089] ; [4.6616778711793669]
840 ; 15 ; 152 ; 8 ; [6.385181583108829] ; [0.37904982664636305]
840 ; 15 ; 153 ; 0 ; [0.24628067945751911] ; [0.8094317894782852]
840 ; 15 ; 153 ; 1 ; [4.1672587396149341] ; [0.16838109100218826]
840 ; 15 ; 154 ; 0 ; [-0.0083864666570126461, 0.010077626769775845, 0.017194286905694096] ; [0.14223805252661448, 0.15387581733192734, 0.084348767094750546]
840 ; 15 ; 155 ; 0 ; [1.4000884217512639, 0.21920569398214412] ; [0.18351885075217175, 0.39220710095036437]
840 ; 15 ; 155 ; 1 ; [0.078819747298988954] ; [0.2602715785887883]
840 ; 15 ; 155 ; 4 ; [-0.034687552671000009] ; [0.082790115150315757]
840 ; 15 ; 156 ; 0 ; [1.5502612502550013] ; [2.0684349770486405]
840 ; 15 ; 156 ; 1 ; [1.7937747635681354] ; [2.5616525662668908]
840 ; 15 ; 156 ; 2 ; [2.1195227710785853] ; [1.5968654804298219]
840 ; 15 ; 156 ; 3 ; [2.0827461689448241] ; [1.8352206018176498]
840 ; 15 ; 157 ; 0 ; [-0.013188263797166212, 0.022820916670377105] ; [0.099531939288323226, -0.0068376655174045382]
840 ; 15 ; 158 ; 9 ; [0.061844157016333751] ; [-0.046791572244877094]
840 ; 15 ; 159 ; 1 ; [0.040669904364899541] ; [0.17112976109673084]
840 ; 15 ; 159 ; 2 ; [2.1590956610977923] ; [0.44899214258629649]
840 ; 15 ; 159 ; 3 ; [1.3150074751740763] ; [1.3131623231207967]
840 ; 15 ; 159 ; 5 ; [1.8927160254515518] ; [1.1010960858301404]
840 ; 15 ; 159 ; 7 ; [5.2428585581952456] ; [0.73418034346588668]
840 ; 15 ; 159 ; 11 ; [1.4957615974077174] ; [0.60825683986386736]
840 ; 15 ; 159 ; 13 ; [1.3996845072515094] ; [0.84392136563469389]
840 ; 15 ; 160 ; 1 ; [2.0177309811428241] ; [1.0036423279623417]
840 ; 15 ; 160 ; 7 ; [0.39181917099494645] ; [1.6766742576060887]
840 ; 15 ; 160 ; 8 ; [0.92425455240239274] ; [1.170387420074563]
840 ; 15 ; 160 ; 12 ; [0.30672335425957437] ; [1.5642775799008428]
840 ; 15 ; 161 ; 0 ; [0.46125877320919106] ; [0.0057223815584056762]
840 ; 15 ; 163 ; 0 ; [0.50157217704471357, 0.083919166366023853] ; [0.53515716465251184, 0.117109330675679]
840 ; 15 ; 163 ; 3 ; [0.42856525244993543] ; [0.14687916197745773]
840 ; 15 ; 164 ; 0 ; [0.021940084913473931] ; [0.1015094941478964]
840 ; 15 ; 164 ; 1 ; [0.87189454678632028, 0.27254257311366636] ; [0.29369173982509011, 0.5858273507695958]
840 ; 15 ; 164 ; 3 ; [-0.023967793315519261] ; [0.095747820188703536]
840 ; 15 ; 164 ; 4 ; [1.6885876136410263] ; [2.1507514546259059]
840 ; 15 ; 164 ; 6 ; [0.90797162239425122] ; [0.09267052130184468]
840 ; 15 ; 164 ; 9 ; [0.57897569832754248] ; [0.41640449608714031]
840 ; 15 ; 165 ; 0 ; [0.072708470850144272, 0.056633809906205951, 0.0028876515827745614] ; [0.14919094502263563, 0.14748762658274797, 0.15739689334335666]
840 ; 15 ; 166 ; 0 ; [0.67317880971658606] ; [0.23003913285518343]
840 ; 15 ; 166 ; 2 ; [0.34871243314753536] ; [0.028969273606979186]
840 ; 15 ; 166 ; 4 ; [0.48147901382349007] ; [0.86623344329572149]
840 ; 15 ; 166 ; 6 ; [0.47521091715379621] ; [0.51672482054376845]
840 ; 15 ; 166 ; 8 ; [1.702174926639985] ; [0.96018846778325617]
840 ; 15 ; 166 ; 12 ; [0.30230942165563568] ; [0.40216695419114068]
840 ; 15 ; 166 ; 13 ; [0.49042323867392229] ; [0.38059862828280272]
840 ; 15 ; 166 ; 14 ; [0.63971276433112712] ; [0.44617186598967973]
840 ; 15 ; 166 ; 18 ; [0.97820378044987211] ; [2.0171458348438991]
840 ; 15 ; 166 ; 19 ; [0.78477574348965151] ; [1.02237657537756]
840 ; 15 ; 166 ; 23 ; [1.1961688398917323] ; [0.94903496083147409]
840 ; 15 ; 166 ; 25 ; [1.7696195338040832] ; [1.134542771827453]
840 ; 15 ; 166 ; 26 ; [0.39662650956406875] ; [0.74694356903424719]
840 ; 15 ; 166 ; 33 ; [3.0838302227258714] ; [0.92775072527406865]
840 ; 15 ; 166 ; 35 ; [1.4522792973285517] ; [0.19531227850618962]
840 ; 15 ; 166 ; 40 ; [0.72574653807497191] ; [2.1894448738333376]
840 ; 15 ; 166 ; 41 ; [1.3504269461262612] ; [1.4774581327007925]
840 ; 15 ; 166 ; 42 ; [3.0940371031873735] ; [0.55180839782941671]
840 ; 15 ; 166 ; 43 ; [3.0474588300605472] ; [0.69182054754494759]
840 ; 15 ; 167 ; 0 ; [0.24175067636670358] ; [1.6340307731182377]
840 ; 15 ; 167 ; 1 ; [-0.06916617867570117] ; [1.4157152969754931]
840 ; 15 ; 167 ; 3 ; [1.4158569181308176] ; [1.5769718859501602]
840 ; 15 ; 167 ; 7 ; [0.49504534581163706] ; [0.67250350033311046]
840 ; 15 ; 167 ; 8 ; [0.53624849454269419] ; [1.4999312985970057]
840 ; 15 ; 168 ; 0 ; [0.71382355814209553] ; [0.088696195550547349]
840 ; 15 ; 169 ; 0 ; [0.092234735595214598] ; [0.70994422466828122]
840 ; 15 ; 169 ; 1 ; [0.49478240895610393] ; [1.0234546210405093]
840 ; 15 ; 169 ; 3 ; [7.8859595899627717] ; [0.35112747106601372]
840 ; 15 ; 170 ; 0 ; [0.45153682172116194] ; [0.55949726175090186]
840 ; 15 ; 170 ; 4 ; [0.15990062723861112] ; [0.24009798785463429]
840 ; 15 ; 171 ; 0 ; [1.0489345404398183] ; [3.9883819752865519]
840 ; 15 ; 171 ; 1 ; [1.797548345773224] ; [1.3647537085394204]
840 ; 15 ; 171 ; 2 ; [2.0025565016029057] ; [1.6183212638516247]
840 ; 15 ; 171 ; 6 ; [0.011754524605535282] ; [0.0097571606257922366]
840 ; 15 ; 171 ; 7 ; [2.4288464764370237] ; [2.8312145991283653]
840 ; 15 ; 171 ; 8 ; [1.6866210181303158] ; [2.0634194774112489]
840 ; 15 ; 172 ; 0 ; [0.10997331005279543, 0.057290145082907959, 0.13678358400549337, 0.13372163812356433, 0.099923135811579258] ; [0.14912197449668985, 0.4263890602892409, 0.58704525769866345, 0.61342965769099822, 0.14948593254871237]
840 ; 15 ; 173 ; 2 ; [1.748348347952873] ; [1.6264846306338847]
840 ; 15 ; 173 ; 12 ; [1.5682192413254576] ; [1.76896838174131]
840 ; 15 ; 175 ; 0 ; [0.91846724597843254] ; [1.156780951857449]
840 ; 15 ; 175 ; 1 ; [0.86646494409115915] ; [2.4087947903885114]
840 ; 15 ; 175 ; 6 ; [0.069189218001729433] ; [1.4690572654881067]
840 ; 15 ; 175 ; 7 ; [0.022335829729999923] ; [1.2263199233203521]
840 ; 15 ; 176 ; 0 ; [0.46918282908571096] ; [0.07347462077742542]
840 ; 15 ; 176 ; 1 ; [0.26925009772388536, 0.28744337911820506] ; [0.29873055964159406, 0.30863319852023119]
840 ; 15 ; 176 ; 2 ; [0.36375428108327418, 0.18314282654879691] ; [0.2029901751537512, 0.12621315396018087]
840 ; 15 ; 177 ; 0 ; [-0.00028516037948148992, -0.0064530505370996834, -0.013143885603301556, -0.02549404483918559] ; [0.11669939216620753, 0.18133179965813781, 0.16541976553494755, 0.11865955391314294]
840 ; 15 ; 178 ; 0 ; [0.11468546871839359, 0.15077710534365138, 0.099981508099086056, 0.066194448481880733] ; [0.21885999110660079, 0.16769026634313489, 0.13679996752851711, 0.22366457980965682]
840 ; 15 ; 179 ; 0 ; [0.14469943066626681, 0.10473100706403556, 0.13318358487594112, 0.065209680304691139, 0.074401118874652922] ; [0.081365593883408693, 0.22336291556315996, 0.11971675720179464, 0.18629391119263983, 0.0023059255966594188]
840 ; 15 ; 180 ; 0 ; [0.34669219714770799, 0.27242918590758469, 0.066141185404488309] ; [0.8501348355731021, 0.22433386189624147, 0.19027677850269623]
840 ; 15 ; 181 ; 0 ; [0.047743791988440178, 0.097624873216949598, 0.10128359464498196, 0.1958363694147173, 0.014653087796096845] ; [0.10438835074738952, 0.16816817605708731, 0.18763342873909106, 0.26690187123553655, 0.036415955261109668]
840 ; 15 ; 182 ; 0 ; [0.21517081115785255] ; [0.16671974972261633]
840 ; 15 ; 183 ; 0 ; [0.2298937420434731] ; [0.42214748059662288]
840 ; 15 ; 183 ; 1 ; [0.318281107159674] ; [0.54714075020768116]
840 ; 15 ; 183 ; 2 ; [0.51245504435882228] ; [0.71071516944775448]
840 ; 15 ; 184 ; 0 ; [0.3434490262881168, 0.27426090370169137, 0.21828547173077428] ; [0.20873249122823545, 0.19318653600319294, 0.14586736123317462]
840 ; 15 ; 184 ; 1 ; [0.029575003390360257, -0.0021724470749129531] ; [0.1967451460078333, 0.11761512665694825]
840 ; 15 ; 185 ; 0 ; [0.17410228059977931, 0.49167165380448602] ; [0.38535709433846599, 0.89372372657171839]
840 ; 15 ; 185 ; 1 ; [1.0947013580850924] ; [0.38292899974198646]
840 ; 15 ; 185 ; 3 ; [1.4491670727241341] ; [0.78942090244287155]
840 ; 15 ; 185 ; 4 ; [0.9164875361471847] ; [0.87243619316733712]
840 ; 15 ; 185 ; 5 ; [8.3173782479415124] ; [0.77346908165375239]
840 ; 15 ; 185 ; 6 ; [0.064600864323283422] ; [1.7973048537946359]
840 ; 15 ; 185 ; 7 ; [2.9359655776561642] ; [1.2985596199922254]
840 ; 15 ; 185 ; 8 ; [1.670088266924435] ; [0.48143807837708263]
840 ; 15 ; 185 ; 9 ; [0.7611017807112479] ; [0.76941145334183014]
840 ; 15 ; 185 ; 10 ; [3.6496795110102478] ; [1.2818519160538049]
840 ; 15 ; 185 ; 11 ; [3.8402943217734626] ; [2.0553985603152243]
840 ; 15 ; 185 ; 12 ; [1.6074679509090817] ; [2.266223604985548]
840 ; 15 ; 185 ; 14 ; [1.7070075959246764] ; [2.0313596533187255]
840 ; 15 ; 185 ; 16 ; [0.14443832754355249] ; [0.71943187218728033]
840 ; 15 ; 185 ; 20 ; [3.1700688198974727] ; [0.21055979111490608]
840 ; 15 ; 186 ; 1 ; [2.5159432382839833] ; [0.91018824071614968]
840 ; 15 ; 186 ; 4 ; [1.1764182162159178] ; [0.59619204438676865]
840 ; 15 ; 186 ; 5 ; [3.1063994223025997] ; [0.79153252031067545]
840 ; 15 ; 187 ; 0 ; [0.14375503262367684] ; [0.097691938440696235]
840 ; 15 ; 187 ; 1 ; [0.36371376703715036] ; [0.2884164079433999]
840 ; 15 ; 187 ; 2 ; [0.63747766659017391] ; [0.20299901730500489]
840 ; 15 ; 187 ; 3 ; [0.5897985651051153] ; [1.0095312627460182]
840 ; 15 ; 188 ; 0 ; [0.7411270571020333] ; [0.60186647768103163]
840 ; 15 ; 188 ; 1 ; [0.23382172564354672] ; [0.5571993386058347]
840 ; 15 ; 188 ; 2 ; [0.0038003802571649429] ; [0.0075744509581169208]
840 ; 15 ; 188 ; 8 ; [-0.015417354521127359] ; [0.020389276840565119]
840 ; 15 ; 189 ; 0 ; [0.11775684734344875] ; [0.086413654925298136]
840 ; 15 ; 189 ; 1 ; [0.054215608733421052] ; [0.26313207776703684]
840 ; 15 ; 189 ; 2 ; [0.0257690696025729] ; [0.0096574973657387025]
840 ; 15 ; 189 ; 3 ; [0.52237392932094395] ; [1.0478497310194701]
840 ; 15 ; 190 ; 0 ; [0.20369658459875209] ; [0.11774917446941376]
840 ; 15 ; 190 ; 1 ; [0.72866913768726749] ; [0.48645685332104621]
840 ; 15 ; 192 ; 0 ; [1.2784303370631473, 0.017854495032154798] ; [0.032578296228871623, 0.064429136650898097]
840 ; 15 ; 192 ; 1 ; [0.27603724379681671] ; [0.010591424407153206]
840 ; 15 ; 192 ; 3 ; [0.28065767473304348] ; [0.67535425960082784]
840 ; 15 ; 192 ; 4 ; [0.52829602564151112] ; [0.055867094267266465]
840 ; 15 ; 192 ; 7 ; [0.63578687847658466] ; [0.0015372415461659596]
840 ; 15 ; 192 ; 8 ; [1.5783095038682442] ; [0.22204076848313059]
840 ; 15 ; 192 ; 12 ; [0.14200517732203061] ; [0.048963164816683794]
840 ; 15 ; 193 ; 0 ; [0.25237076302852979, 0.23028087373972958, 0.22019709553488673, 0.24169363019506573] ; [0.24766218737533899, 0.21429881892739402, 0.25603171253286816, 0.15001016025327393]
840 ; 15 ; 193 ; 5 ; [0.36946756800668384] ; [0.68405925847612137]
840 ; 15 ; 195 ; 2 ; [0.52949174337931215, 0.26625990416878015, 0.31591769109290069, 0.24175303915644628] ; [0.67938787234469966, 0.27737616929492798, 0.14927270206598781, 0.22935775086762156]
840 ; 15 ; 196 ; 1 ; [0.0017094763283783459] ; [0.092198869727528054]
840 ; 15 ; 196 ; 2 ; [7.5923102270519438] ; [2.0876085637858828]
840 ; 15 ; 196 ; 3 ; [0.030991917690851162] ; [1.641067987307532]
840 ; 15 ; 197 ; 0 ; [0.2459320264919875, 0.20388994136296043, 0.079635302626012039] ; [0.19239640732710811, 0.19259725618280055, 0.13981312714486913]
840 ; 15 ; 197 ; 1 ; [0.032682991881551597] ; [0.034462157443696198]
840 ; 15 ; 197 ; 2 ; [0.20372688377609863] ; [0.22124062559288482]
840 ; 15 ; 198 ; 0 ; [0.74688963901086702] ; [0.66519644103733866]
840 ; 15 ; 198 ; 1 ; [-0.0063261379459603924] ; [-0.024223545445656833]
840 ; 15 ; 198 ; 8 ; [0.16461582169536321] ; [-0.012360168174714435]
840 ; 15 ; 198 ; 9 ; [-0.0003276975382581716] ; [1.7429171769522731]
840 ; 15 ; 198 ; 14 ; [2.428287988497051] ; [0.69488833659787186]
840 ; 15 ; 198 ; 16 ; [0.85306950158959727] ; [2.1642031326597468]
840 ; 15 ; 199 ; 0 ; [1.2445380447923751] ; [1.0557823458761311]
840 ; 15 ; 199 ; 1 ; [0.057082138089411219] ; [2.7160735570427517]
840 ; 15 ; 199 ; 3 ; [2.4195069546370735] ; [1.3493102605177878]
840 ; 15 ; 199 ; 6 ; [1.5707091576398007] ; [1.7163711925069343]
840 ; 15 ; 199 ; 10 ; [0.020621526849789937] ; [1.4318376644703195]
840 ; 15 ; 200 ; 0 ; [0.55261827230290039] ; [0.27633399658239383]
840 ; 15 ; 201 ; 0 ; [0.40553131215466531] ; [0.0089219163044166674]
840 ; 15 ; 202 ; 0 ; [1.0455620472854457] ; [2.6366185698444395]
840 ; 15 ; 202 ; 1 ; [0.24615228524975291] ; [1.0930820158842312]
840 ; 15 ; 202 ; 3 ; [0.2117959259834013] ; [1.9038839360802053]
840 ; 15 ; 202 ; 9 ; [1.0464214263012146] ; [1.1579463154863807]
840 ; 15 ; 203 ; 0 ; [0.40867343263987943] ; [0.364341046548253]
840 ; 15 ; 203 ; 1 ; [6.6765712109664541] ; [0.24416580565892654]
840 ; 15 ; 204 ; 0 ; [1.2815727999799635] ; [0.58784832259414743]
840 ; 15 ; 205 ; 0 ; [0.74120678586732081] ; [0.15105898917426996]
840 ; 15 ; 205 ; 5 ; [0.033123060346756869] ; [1.0957089338115396]
840 ; 15 ; 206 ; 0 ; [0.072546601187328863, 0.075275191047435921, 0.15701193680952652] ; [0.19669614782972625, 0.20563616933289489, 0.13068762230601572]
840 ; 15 ; 206 ; 1 ; [-0.016672851960028701] ; [0.039901349789573048]
840 ; 15 ; 207 ; 0 ; [0.78852502694073068, 0.5168757797270469] ; [0.7911911506986129, 0.50366153676139636]
840 ; 15 ; 207 ; 3 ; [0.25483151052977365] ; [1.4361966447567427]
840 ; 15 ; 207 ; 4 ; [0.28370927744622232] ; [1.4311636797241121]
840 ; 15 ; 208 ; 4 ; [0.28223222354230298, 0.16138917645993811] ; [0.32280447766411396, 0.1413772143288799]
840 ; 15 ; 209 ; 3 ; [0.49075708072494861] ; [1.5829313129895197]
840 ; 15 ; 209 ; 18 ; [0.18601397826087138, 0.21317395084423083, 0.71259317356941232] ; [0.31202407045505254, 0.26914242483426104, 0.53515169339881585]
840 ; 15 ; 210 ; 0 ; [0.097304975442234154, 0.16683382200816513, 0.083794514319978419, 0.054987831752813368] ; [0.19532662364575845, 0.1602242616367115, 0.18611053059260763, 0.16449186294993587]
840 ; 15 ; 211 ; 0 ; [0.21399077589610652, 0.15736924372411507, 0.22860055218372022, 0.06929583271502629] ; [0.20154197256133868, 0.1921754455273014, 0.22345803753245758, 0.098995704585411654]
840 ; 15 ; 212 ; 0 ; [0.060311852797338583, 0.090735798112486055, 0.13933803448557985] ; [0.3056121333506836, 0.14701350284598724, 0.12657163304855465]
840 ; 15 ; 213 ; 0 ; [1.7642568736157358] ; [0.2410118309594044]
840 ; 15 ; 213 ; 3 ; [0.572218317326879] ; [0.40382113380855583]
840 ; 15 ; 213 ; 4 ; [0.50509738427822193] ; [1.1891036524727816]
840 ; 15 ; 213 ; 5 ; [0.82376224840249279] ; [0.38637171595405789]
840 ; 15 ; 213 ; 6 ; [0.43712253901966641] ; [0.35072978353792572]
840 ; 15 ; 214 ; 0 ; [0.75912270656025072, 0.40395930118290541] ; [0.3595468764962147, 1.2521599868062616]
840 ; 15 ; 214 ; 1 ; [1.4343710147324429] ; [1.1660668629600637]
840 ; 15 ; 214 ; 3 ; [1.8817331257179022] ; [3.4814506462753294]
840 ; 15 ; 215 ; 0 ; [0.56502668792563659] ; [0.018537900707841278]
840 ; 15 ; 216 ; 0 ; [0.10787522488079715, 0.065830460955019376, 0.01076014483347156] ; [0.2405872862430965, 0.18070486401220348, 0.071429363077936431]
840 ; 15 ; 217 ; 0 ; [0.1447383304162024, 0.079860402396568095, 0.10786714472531556] ; [0.23569142632167139, 0.22508841810095279, 0.11109808906087873]
840 ; 15 ; 218 ; 0 ; [0.32626507296045437] ; [0.23862784853507979]
840 ; 15 ; 218 ; 1 ; [0.31299535714338289] ; [0.20528033030242746]
840 ; 15 ; 218 ; 2 ; [0.1814811948592415] ; [0.091572101071181217]
840 ; 15 ; 219 ; 0 ; [0.14343188598382392, 0.13233425624554646, 0.15004659833509329, 0.11365604695304037] ; [0.19924089250917748, 0.105620030866845, 0.28278615928077383, 0.15867787434322128]
840 ; 15 ; 220 ; 0 ; [0.057182132516526867, 0.072242547843965416, 0.42678577498443399] ; [0.24976540358065974, 0.23064883334800915, 0.088570632922251827]
840 ; 15 ; 222 ; 0 ; [0.22889224919357656, 0.39689943504639108, 0.34664508541985095] ; [0.035035715466594543, 0.35841160799608318, 0.2175184106417227]
840 ; 15 ; 223 ; 0 ; [0.039796565011203433, 0.12597338630362601, 0.83272484741495223] ; [0.34137723881152443, 0.17791966151274383, 0.52426301722160351]
840 ; 15 ; 223 ; 1 ; [0.34260943198535931] ; [0.073022489612040525]
840 ; 15 ; 223 ; 2 ; [0.62722646150289241] ; [0.26700882875610626]
840 ; 15 ; 224 ; 0 ; [0.06683872653672715, 0.021349989530732333] ; [0.38819719525126617, 0.16618259477040881]
840 ; 15 ; 224 ; 1 ; [0.12795244845886661, 0.14228299843797618] ; [0.29208309469948868, 1.436647105592411]
840 ; 15 ; 224 ; 2 ; [12.438740810328142] ; [0.13753356901994465]
840 ; 15 ; 224 ; 4 ; [0.025033138015124506] ; [0.035570973308617006]
840 ; 15 ; 225 ; 0 ; [0.55080274209251046] ; [0.68383729332828558]
840 ; 15 ; 226 ; 0 ; [0.097819220626032335, 0.048562498971886622, 0.25394340513757202] ; [0.21721465542699675, 0.40784500423250003, -0.00015139600842358061]
840 ; 15 ; 226 ; 1 ; [0.037948114161016712] ; [0.013975187851136944]
840 ; 15 ; 227 ; 0 ; [1.1515533817673951] ; [0.57179344353077277]
840 ; 15 ; 227 ; 6 ; [1.6677032882641725] ; [1.2310760639761347]
840 ; 15 ; 228 ; 0 ; [0.91216269920004467, 0.85211547219808992] ; [0.84344247053163635, 0.99565367944668193]
840 ; 15 ; 228 ; 1 ; [0.29844812912752244] ; [0.061725193795730063]
840 ; 15 ; 229 ; 0 ; [0.10510046423405341, 0.25062512751544186, 0.1760452638283517] ; [0.26156072756331311, 0.20463992062030675, 0.26463529464600133]
840 ; 15 ; 229 ; 3 ; [0.0060671662299807807] ; [0.14899198390667229]
840 ; 15 ; 230 ; 1 ; [0.27559896488069985, 0.19228805833034784, 0.17308477559937968, 0.1312159744066933] ; [0.37993324824205238, 0.17248610574410256, 0.17838558469196428, 0.1583144951587965]
840 ; 15 ; 230 ; 2 ; [0.44882440349213754, 4.181037533303809] ; [0.15089987034392344, 0.15271847327010205]
840 ; 15 ; 231 ; 2 ; [0.43665316670728094] ; [0.12605945668412796]
840 ; 15 ; 231 ; 4 ; [0.73717443554296391] ; [0.48953941116915173]
840 ; 15 ; 232 ; 0 ; [1.8174627680985349, 1.6768238869033187, 1.9408623929126712, 1.8548211982199663] ; [0.11294093274720084, 0.14652601306581362, 0.33030750180721463, 0.2316840932899244]
840 ; 15 ; 233 ; 1 ; [0.082983990054825804, 0.011432852218120862, 0.14791457076770395, 0.13053546716252246] ; [0.32171815008653232, 0.27978387563537765, 0.24837816409380284, 0.070130928529769501]
840 ; 15 ; 234 ; 0 ; [0.44799835920812514, 0.18565752124099591] ; [0.49780776505047425, 0.22084269061553727]
840 ; 15 ; 234 ; 1 ; [1.0284347808648941] ; [-0.0031926736235515338]
840 ; 15 ; 237 ; 0 ; [0.069670018559122679, 0.1375530330882101, 0.12411011703642255] ; [0.23046066164022871, 0.22805762730532669, 0.12781108936219909]
840 ; 15 ; 237 ; 1 ; [0.012823007892650401] ; [0.0083529146444155638]
840 ; 15 ; 238 ; 1 ; [0.27372398905717299] ; [2.21749655823512]
840 ; 15 ; 238 ; 3 ; [18.340014106814781] ; [1.3871168964529257]
840 ; 15 ; 238 ; 6 ; [0.94082956645088422] ; [0.35810753163329589]
840 ; 15 ; 239 ; 0 ; [0.22217493033012078] ; [-0.014244239926158758]
840 ; 15 ; 239 ; 1 ; [1.1698185021996932] ; [-0.0071237596162487156]
840 ; 15 ; 239 ; 2 ; [0.71317604962620451] ; [0.15127729009305527]
840 ; 15 ; 239 ; 8 ; [0.38635822749468052] ; [0.15823184307472857]
840 ; 15 ; 240 ; 0 ; [0.13372386832528879] ; [0.19218168174663255]
840 ; 15 ; 240 ; 1 ; [0.36094090105206278, 0.26675196955475167] ; [0.25616713494194127, 0.043375839808173743]
840 ; 15 ; 241 ; 0 ; [0.12224484552211298, 0.15512585185864836] ; [0.17464749325704421, 0.21471839580809418]
840 ; 15 ; 242 ; 0 ; [0.15627740319155217, 0.10099505088688229, 0.13414168176284513, 0.035003904240134887, 0.021703478296170229] ; [0.19511941676850017, 0.22030122643798539, 0.43712960754213515, 0.11478580877830466, 0.093309263170266693]
840 ; 15 ; 244 ; 0 ; [0.15663669178710793, 2.0092240893976401] ; [0.22883100449857088, 0.049619002934744194]
840 ; 15 ; 245 ; 0 ; [0.58595162969644821] ; [0.21300361748821364]
840 ; 15 ; 245 ; 1 ; [0.67297801266942647, 0.13411157596769457] ; [0.23703791402689933, 0.32993188009366303]
840 ; 15 ; 246 ; 0 ; [1.4289745799808362, 1.6180860821902261] ; [-0.0010403728377565361, 0.11361697869460421]
840 ; 15 ; 246 ; 1 ; [0.98940623525349758, 1.6130574326362492] ; [0.35140166664266304, 1.0280968132140211]
840 ; 15 ; 246 ; 2 ; [1.9822656386952466] ; [0.59666441308297868]
840 ; 15 ; 246 ; 4 ; [0.50009915719692] ; [0.74918190100639426]
840 ; 15 ; 246 ; 8 ; [2.1977092186223111] ; [1.6313627463808231]
840 ; 15 ; 246 ; 9 ; [1.5778480694667927] ; [2.3110176263978186]
840 ; 15 ; 246 ; 11 ; [1.4184007678223391] ; [1.8265377817893231]
840 ; 15 ; 246 ; 12 ; [1.7174027153067819] ; [0.21036436320754343]
840 ; 15 ; 246 ; 14 ; [2.3565764326948244] ; [0.87870442552863259]
840 ; 15 ; 246 ; 21 ; [1.586940836949718] ; [1.4609440489659269]
840 ; 15 ; 246 ; 22 ; [2.3442123221631181] ; [1.5051257444572874]
840 ; 15 ; 246 ; 23 ; [0.67421005447834659] ; [1.4425432414927368]
840 ; 15 ; 246 ; 31 ; [2.4712655003080024] ; [1.2521029723966339]
840 ; 15 ; 246 ; 32 ; [1.7762582370226154] ; [2.8322666534020784]
840 ; 15 ; 247 ; 0 ; [0.012597227685426558, 0.076204189333104688, 0.19222213230720597, 0.18551612543709065] ; [0.16243336750393075, 0.22189440256212681, 0.14428105338493971, 0.15887193980755057]
840 ; 15 ; 247 ; 1 ; [0.18220645592737558] ; [0.036230794828200484]
840 ; 15 ; 247 ; 2 ; [0.37189491389174362] ; [0.043453634457087074]
840 ; 15 ; 247 ; 3 ; [0.23263367156772821] ; [0.010350752521352346]
840 ; 15 ; 247 ; 4 ; [-0.0029411754456236351] ; [0.012732656645649319]
840 ; 15 ; 248 ; 0 ; [0.12201183795163555, 0.17793106327287733, 0.2541109177161352, 0.1904989592432316, 0.11738807356926691] ; [0.13502873057776951, 0.22464099048167907, 0.17520545831501078, 0.22316779225013658, 0.20096675446985307]
840 ; 15 ; 248 ; 1 ; [0.0053567142636849344] ; [0.040986720161684941]
840 ; 15 ; 249 ; 0 ; [0.029196201289533513, 0.018899415838669716] ; [0.32009380880280075, 0.12573406540898779]
840 ; 15 ; 250 ; 0 ; [0.3391668236323887] ; [0.04412358764792567]
840 ; 15 ; 250 ; 9 ; [0.44520072352163392] ; [1.1472629003444534]
840 ; 15 ; 250 ; 14 ; [0.73153599943094794] ; [0.0041342522903003174]
840 ; 15 ; 251 ; 0 ; [0.14663549497941439, 0.23007785148754356] ; [0.20605628797940331, 0.19787431679772172]
840 ; 15 ; 251 ; 1 ; [0.4167900824491993, 0.27448961925100057, 0.62723357947738223] ; [0.096992324210456227, 0.35134753879928826, 0.1386248844146368]
840 ; 15 ; 251 ; 3 ; [0.071971745139836632] ; [0.25927237936426156]
840 ; 15 ; 252 ; 0 ; [0.039808193986950638, 0.11843692739808033, 0.21309030112222047, 0.020501857045454798] ; [0.17275322709274882, 0.31169535405421189, 0.58223190908444711, 0.25553427623217778]
840 ; 15 ; 253 ; 0 ; [0.23663817779922452, 0.40507947854041509, 0.40998161188490612, 0.4071452836483388, 0.3527433795197234] ; [0.55903575020659046, 0.21252907541897595, 0.27880772356556766, 0.31005170532714649, 0.17555434526812949]
840 ; 15 ; 254 ; 3 ; [1.5800774437686302] ; [0.59176571530416255]
840 ; 15 ; 254 ; 5 ; [1.2020489272297725] ; [0.0084412942466644252]
840 ; 15 ; 254 ; 6 ; [0.92089816769322064] ; [0.76557946765202756]
840 ; 15 ; 254 ; 7 ; [1.3209941173427899] ; [0.44740904974489459]
840 ; 15 ; 254 ; 8 ; [1.8519737331235091] ; [0.44429991199802649]
840 ; 15 ; 254 ; 11 ; [1.0446759215410868] ; [-0.082506572532413461]
840 ; 15 ; 254 ; 12 ; [0.81294537985895254] ; [0.028731253453335718]
840 ; 15 ; 255 ; 0 ; [0.063832469113180385, 0.043019152367322865, 0.010647486404269347, 0.066502183469715148, 0.0031374504531142587] ; [0.26705077391762744, 0.1366844247308677, 0.23180944609858456, 0.23883087364623704, 0.1411699714296149]
840 ; 15 ; 256 ; 0 ; [0.11723978596348879, 0.075411395435916295, 0.016684205682119316, 0.019416742641148284] ; [0.21387973038524835, 0.31176955153282132, 0.19960069440730627, 0.1926155082429957]
840 ; 15 ; 256 ; 1 ; [0.36870578832977907] ; [0.045430695044360175]
840 ; 15 ; 256 ; 2 ; [0.026691989475029348] ; [-0.011877126956820248]
840 ; 15 ; 257 ; 0 ; [0.69984335899764372] ; [0.16410355838389393]
840 ; 15 ; 257 ; 1 ; [2.1570735198725162] ; [1.7872906437613738]
840 ; 15 ; 257 ; 3 ; [0.95891667004507775] ; [2.3230405253832904]
840 ; 15 ; 257 ; 7 ; [2.7907322876566854] ; [1.7536739403320381]
840 ; 15 ; 257 ; 8 ; [2.6370898755706955] ; [1.5949941269688575]
840 ; 15 ; 257 ; 9 ; [0.21936817610405687] ; [2.6288342283936559]
840 ; 15 ; 257 ; 10 ; [0.76560365666931962] ; [1.8389573475887375]
840 ; 15 ; 257 ; 11 ; [4.911474475784563] ; [1.8483472749476657]
840 ; 15 ; 257 ; 15 ; [1.5660875072320617] ; [1.3884206253358355]
840 ; 15 ; 257 ; 16 ; [1.7508984721496572] ; [2.9026455154337936]
840 ; 15 ; 257 ; 17 ; [2.1500418302948172] ; [2.5728996224033911]
840 ; 15 ; 257 ; 20 ; [1.2848172674729861] ; [1.6009365846955046]
840 ; 15 ; 257 ; 21 ; [1.1308324968944712] ; [2.1548904049186319]
840 ; 15 ; 257 ; 22 ; [2.0358468452892069] ; [3.0774407922356457]
840 ; 15 ; 257 ; 24 ; [2.9221180908167517] ; [1.9730542832510802]
840 ; 15 ; 257 ; 25 ; [0.27130862169335912] ; [2.3357386368816822]
840 ; 15 ; 257 ; 26 ; [0.37604511406207913] ; [1.7518418837872469]
840 ; 15 ; 257 ; 27 ; [0.70845639247201575] ; [1.0527819835069339]
840 ; 15 ; 257 ; 28 ; [2.5106232646463793] ; [1.0870721772523411]
840 ; 15 ; 257 ; 30 ; [1.0629362183727196] ; [2.6788080700500974]
840 ; 15 ; 257 ; 31 ; [0.15098103695030207] ; [3.5805252387589275]
840 ; 15 ; 257 ; 33 ; [2.1091257242542962] ; [2.9686280680153345]
840 ; 15 ; 257 ; 35 ; [0.58205374768253693] ; [1.1980482633365399]
840 ; 15 ; 257 ; 38 ; [2.1470076723849698] ; [1.5989811741427369]
840 ; 15 ; 257 ; 41 ; [1.8300118023793015] ; [0.69900611954358804]
840 ; 15 ; 258 ; 0 ; [0.90774618604716073, 0.20096933497734712] ; [0.37936836076916836, 0.1184934890658369]
840 ; 15 ; 259 ; 0 ; [0.18609166514928413] ; [0.030911865665573766]
840 ; 15 ; 260 ; 0 ; [0.30012010736205375] ; [0.18657994640851125]
840 ; 15 ; 260 ; 1 ; [0.023074796086927071] ; [0.82942634519932157]
840 ; 15 ; 261 ; 1 ; [1.1813829002885556] ; [2.0492462778985039]
840 ; 15 ; 261 ; 2 ; [1.2405266992021853] ; [2.3084691063166942]
840 ; 15 ; 261 ; 3 ; [2.0453358295464881] ; [1.8132704502369015]
840 ; 15 ; 261 ; 6 ; [1.6775003598894167] ; [1.6686201400814153]
840 ; 15 ; 261 ; 7 ; [1.0875456914882262] ; [0.44928632441078031]
840 ; 15 ; 261 ; 8 ; [2.1976863046299475] ; [2.330267141559152]
840 ; 15 ; 261 ; 9 ; [1.7513473103254764] ; [1.8110406803465589]
840 ; 15 ; 261 ; 12 ; [1.2953004658691587] ; [1.3214761938349566]
840 ; 15 ; 261 ; 16 ; [0.29465089579209858] ; [0.42727703900360242]
840 ; 15 ; 263 ; 0 ; [0.016991291835858003, 0.056480042988597969, 0.058000368259241264, 0.052484112825209026] ; [0.1340615831012546, 0.18995816391629711, 0.21283126734823646, 0.14473565111437528]
840 ; 15 ; 264 ; 0 ; [0.5997085807328727] ; [0.4119097922063818]
840 ; 15 ; 264 ; 4 ; [2.0964557933150463] ; [1.5508022283665421]
840 ; 15 ; 264 ; 5 ; [1.0739168403569153] ; [0.072020728959429459]
840 ; 15 ; 264 ; 9 ; [1.5068876826472999] ; [1.8051215273156191]
840 ; 15 ; 264 ; 13 ; [0.48352316414313939] ; [9.6129481474746452]
840 ; 15 ; 265 ; 0 ; [0.25082092210485563, 0.062708713212553432] ; [0.1913503575249258, 0.1913564909845441]
840 ; 15 ; 265 ; 1 ; [0.80472947486633484, 0.1783464376062408] ; [0.32844704047702322, 0.026868317092233109]
840 ; 15 ; 265 ; 2 ; [0.18471879624802284] ; [1.2687276378320347]
840 ; 15 ; 265 ; 3 ; [0.65796242828462526] ; [0.94833243374941667]
840 ; 15 ; 266 ; 0 ; [0.076888823149067059, 0.050128105329590139] ; [0.15644477182813565, 0.10889105793785196]
840 ; 15 ; 267 ; 1 ; [1.5063716323756151] ; [0.77388802313206118]
840 ; 15 ; 268 ; 0 ; [0.43849181575025281] ; [0.23147257070242586]
840 ; 15 ; 268 ; 2 ; [0.38130561792079976] ; [1.7662441644457936]
840 ; 15 ; 269 ; 0 ; [0.13805452038045396, 0.067672196461740955, 0.13216209242651311, 0.14133728898921505, 0.043764306855237058] ; [0.15353632694152292, 0.16723736648496704, 0.42044713436768827, 0.57167472402554231, 0.20821137676779722]
840 ; 15 ; 269 ; 1 ; [0.029841171600896131] ; [0.022268750583165371]
840 ; 15 ; 270 ; 0 ; [1.9624463438551303] ; [0.23829513233485186]
840 ; 15 ; 270 ; 1 ; [1.8710583317306433] ; [1.8419077852898533]
840 ; 15 ; 270 ; 2 ; [0.55831726893694322] ; [0.055820073255445989]
840 ; 15 ; 270 ; 5 ; [0.15523687796827604] ; [1.3909234063321685]
840 ; 15 ; 270 ; 8 ; [2.1133817964928054] ; [2.0361388605975481]
840 ; 15 ; 270 ; 9 ; [0.30757716871113189] ; [1.9496367704593529]
840 ; 15 ; 270 ; 12 ; [0.22432234693769793, 0.99196139475407163] ; [1.0898775803703418, 0.99868721827179086]
840 ; 15 ; 270 ; 13 ; [1.6298697219558886] ; [1.0345052732610982]
840 ; 15 ; 271 ; 0 ; [0.22466789185819319] ; [1.0603472430654803]
840 ; 15 ; 271 ; 12 ; [0.017478824049275605] ; [0.0053793855261263165]
840 ; 15 ; 272 ; 2 ; [1.6344011595275938] ; [1.854981176833026]
840 ; 15 ; 272 ; 6 ; [0.027248857563532864] ; [1.5405996066355598]
840 ; 15 ; 273 ; 0 ; [-0.0031223467946261936, 0.035217604633379945, 0.12341838054452528] ; [0.26549582719641335, 0.26946658098746123, 0.13026040533747107]
840 ; 15 ; 274 ; 0 ; [0.062314608304689448, 0.094130067081613644, 0.09498168120036786, 0.092202861420327922] ; [0.25093802498959483, 0.16598069047091391, 0.24907912680895841, 0.34681298421143331]
840 ; 15 ; 274 ; 1 ; [0.037008812038734032, -0.048212463319002662] ; [0.20958880359935292, 0.050170454782341521]
840 ; 15 ; 275 ; 0 ; [0.011243006958403219, 0.014873363047975201] ; [0.24180894594862157, 0.10709960701896357]
840 ; 15 ; 276 ; 0 ; [0.11956511526006669, 0.11439320193432652, -0.0086507532478204436] ; [0.17313527130675277, 0.19616818437951083, 0.050590824392598953]
840 ; 15 ; 277 ; 0 ; [0.3766214296445568] ; [1.6398813926395814]
840 ; 15 ; 277 ; 1 ; [2.2622659796572098] ; [1.8147637247635415]
840 ; 15 ; 277 ; 2 ; [0.88881385401283697] ; [1.6347660035661513]
840 ; 15 ; 277 ; 3 ; [1.1619025889142196] ; [1.9389049550020259]
840 ; 15 ; 277 ; 5 ; [2.1789949254431686] ; [1.6594854094278861]
840 ; 15 ; 277 ; 8 ; [1.8426829289930067] ; [0.5146207900323494]
840 ; 15 ; 277 ; 9 ; [2.1275681249964542] ; [1.8451685541850293]
840 ; 15 ; 277 ; 10 ; [2.3336115161104272] ; [1.346832509782909]
840 ; 15 ; 277 ; 11 ; [1.4649454435141469] ; [1.364860676300502]
840 ; 15 ; 277 ; 12 ; [1.3504972862596758] ; [1.4251993130132783]
840 ; 15 ; 277 ; 14 ; [1.9013454919512007] ; [0.89094079778079072]
840 ; 15 ; 277 ; 15 ; [1.7933853840954472] ; [1.398026641195302]
840 ; 15 ; 277 ; 17 ; [1.3933447896371396] ; [0.65206430076958677]
840 ; 15 ; 277 ; 18 ; [0.80759111119025961] ; [0.062706791114444341]
840 ; 15 ; 277 ; 19 ; [1.0469486336384346] ; [-0.086987355806296976]
840 ; 15 ; 277 ; 20 ; [2.3501502092540583] ; [0.6590737573711446]
840 ; 15 ; 277 ; 21 ; [1.70046325428143] ; [0.76257344415455253]
840 ; 15 ; 277 ; 22 ; [1.0894241013657657] ; [2.1293888166819177]
840 ; 15 ; 277 ; 23 ; [1.1335814475833978] ; [1.8805297963981671]
840 ; 15 ; 277 ; 24 ; [13.12769832328078] ; [0.25751483139085568]
840 ; 15 ; 277 ; 25 ; [0.86343166993937448] ; [1.2444807452130759]
840 ; 15 ; 277 ; 26 ; [0.99433984988030222] ; [1.6232677218239879]
840 ; 15 ; 277 ; 27 ; [3.8949452032371803] ; [1.3813816397556589]
840 ; 15 ; 277 ; 28 ; [2.0435999739411312] ; [1.190214627143289]
840 ; 15 ; 277 ; 29 ; [1.1445069584391376] ; [0.50551393055013905]
840 ; 15 ; 277 ; 32 ; [0.66160039144379135] ; [2.0168102814713698]
840 ; 15 ; 277 ; 33 ; [1.3475113990855763] ; [1.8229455454897434]
840 ; 15 ; 277 ; 35 ; [2.9462737082993748] ; [0.83570907300708552]
840 ; 15 ; 277 ; 36 ; [1.7877552918144166] ; [0.67368053783647752]
840 ; 15 ; 277 ; 37 ; [1.1250769012066975] ; [0.38515127166041818]
840 ; 15 ; 277 ; 38 ; [1.8575588961031444] ; [0.84078209985737451]
840 ; 15 ; 277 ; 39 ; [1.1106970062710997] ; [0.31706578579295153]
840 ; 15 ; 277 ; 42 ; [2.9630224178051621] ; [1.9925401663413622]
840 ; 15 ; 277 ; 45 ; [1.1484931643317882] ; [0.48514773613160589]
840 ; 15 ; 277 ; 47 ; [1.341533992087991] ; [0.156172581952955]
840 ; 15 ; 277 ; 49 ; [1.6970623785100087] ; [0.43302420371096367]
840 ; 15 ; 277 ; 56 ; [1.1857386202545286] ; [1.9280898719085011]
840 ; 15 ; 277 ; 57 ; [0.74576461447054698] ; [1.9229675905481431]
840 ; 15 ; 278 ; 0 ; [0.29699816482646063, 0.03014280474159943] ; [0.4850113803271805, 0.15257958548226547]
840 ; 15 ; 279 ; 4 ; [1.6843342638768488] ; [0.0075393133463704555]
840 ; 15 ; 279 ; 5 ; [1.6822031200660927] ; [0.27551554235953246]
840 ; 15 ; 279 ; 6 ; [0.96951650278137802] ; [1.5997786674417798]
840 ; 15 ; 279 ; 7 ; [1.5566712117238648] ; [1.4171923318863013]
840 ; 15 ; 279 ; 10 ; [1.7136139862570652] ; [1.1434525614471558]
840 ; 15 ; 279 ; 11 ; [0.3289389884374917] ; [1.3032622228865267]
840 ; 15 ; 279 ; 12 ; [2.2757188003222879] ; [1.4349654116614294]
840 ; 15 ; 279 ; 13 ; [0.83355474464698931] ; [1.1049668610445931]
840 ; 15 ; 279 ; 14 ; [1.7654925755294018] ; [1.2002579598719629]
840 ; 15 ; 279 ; 15 ; [0.41484975403842944] ; [1.7081463316517329]
840 ; 15 ; 279 ; 17 ; [2.1484777590491015] ; [1.7032172680060407]
840 ; 15 ; 279 ; 20 ; [3.4453846522534466] ; [-0.026190230559176932]
840 ; 15 ; 279 ; 23 ; [1.5365924920292318] ; [1.3463782830589532]
840 ; 15 ; 279 ; 25 ; [1.4167852804236263] ; [0.12797397103649247]
840 ; 15 ; 280 ; 0 ; [2.4746688511042283] ; [0.16905871316543811]
840 ; 15 ; 280 ; 1 ; [2.0611236511540936] ; [0.35895926386937366]
840 ; 15 ; 280 ; 3 ; [3.145862975322872] ; [2.0245119726081588]
840 ; 15 ; 280 ; 6 ; [1.4279166291616257] ; [0.84846741813555759]
840 ; 15 ; 280 ; 9 ; [0.67304949092698829] ; [0.75565284985354242]
840 ; 15 ; 280 ; 10 ; [1.088247332926884] ; [1.9645369794777208]
840 ; 15 ; 280 ; 11 ; [1.0958432012860575] ; [1.4374157696158409]
840 ; 15 ; 280 ; 12 ; [1.9917080677220977] ; [2.8230342157992125]
840 ; 15 ; 280 ; 20 ; [0.243033922722591] ; [0.17702500436942328]
840 ; 15 ; 280 ; 25 ; [3.5310663176912378] ; [1.7062981227342566]
840 ; 15 ; 280 ; 27 ; [0.24789159883364298] ; [0.91606638152860653]
840 ; 15 ; 281 ; 0 ; [0.12895694501294719, 0.10918558417320383, 0.25382765581061884, 0.15250372805243778, 0.069028997133241857] ; [0.25886445673933683, 0.13645880890209941, 0.16988989596195711, 0.3242997222111545, 0.086308792174014395]
840 ; 15 ; 282 ; 0 ; [0.04963127985471455, 0.15902339919077721] ; [0.063966554810058793, 0.29436904329296026]
840 ; 15 ; 282 ; 4 ; [0.13392475259051465] ; [0.26526867546905492]
840 ; 15 ; 282 ; 5 ; [0.30685561148420365] ; [0.29834972257734005]
840 ; 15 ; 283 ; 0 ; [0.25998681007844476] ; [0.87503444828324206]
840 ; 15 ; 283 ; 1 ; [-0.0071090452368553492] ; [0.14107817615025681]
840 ; 15 ; 283 ; 2 ; [1.3512971803145244] ; [0.65788595205916356]
840 ; 15 ; 284 ; 0 ; [0.34886071123853546, 0.55970143852633558, 0.58796404176451766] ; [0.28607094755478057, 0.54379133029641402, 0.66352024112818397]
840 ; 15 ; 285 ; 0 ; [0.70859461195058371] ; [2.1551451470938598]
840 ; 15 ; 285 ; 1 ; [0.61349607646471582] ; [0.55970125371676216]
840 ; 15 ; 285 ; 2 ; [1.8439016815877658] ; [3.0318113142547078]
840 ; 15 ; 285 ; 3 ; [2.2260012931075606] ; [0.90386247466292724]
840 ; 15 ; 286 ; 0 ; [1.598892828709441] ; [0.9558302086529491]
840 ; 15 ; 286 ; 3 ; [0.63929506096616906] ; [1.4677020989597995]
840 ; 15 ; 286 ; 12 ; [2.2911556330744225] ; [1.4972505655929775]
840 ; 15 ; 286 ; 15 ; [2.1536932463861236] ; [2.0826936599403947]
840 ; 15 ; 286 ; 22 ; [0.94557262328737057] ; [1.8519932822655998]
840 ; 15 ; 287 ; 0 ; [0.0031147045853750521, 0.027176436624852817, 0.00036510845682840952, 0.02628467756776677, 0.044170473470655232] ; [0.10766610324659508, 0.14507058254170546, 0.23637871801258689, 0.35013513696130411, 0.12110997832372916]
840 ; 15 ; 288 ; 0 ; [0.11317598486329526, 0.20564289550888773, 0.19424335715974272, 0.12507884162084318] ; [0.17867756668872214, 0.1795181223663064, 0.17960574082213929, 0.20000625042875636]
840 ; 15 ; 289 ; 0 ; [0.80889434597457277] ; [1.0874895434631715]
840 ; 15 ; 289 ; 2 ; [0.78562987820283026, 0.069657694535510128] ; [1.34010365123435, 0.03067942761057493]
840 ; 15 ; 289 ; 3 ; [0.85202960492209401] ; [0.74851618492260352]
840 ; 15 ; 290 ; 4 ; [1.7412947359865696] ; [1.3507612100559712]
840 ; 15 ; 291 ; 0 ; [0.43251753384507463] ; [0.24548420453311404]
840 ; 15 ; 291 ; 1 ; [1.0648375601370796] ; [0.083873764042890667]
840 ; 15 ; 291 ; 2 ; [0.51082469353127213] ; [0.18430335644688836]
840 ; 15 ; 292 ; 0 ; [0.10684747927809764, 0.13343323842128199, 0.11624293494520398] ; [0.23528267850950599, 0.2973915628384492, 0.20767705214396356]
840 ; 15 ; 293 ; 17 ; [0.4481668788515209] ; [-0.063045102538503608]
840 ; 15 ; 293 ; 18 ; [1.0987668824930241] ; [0.063799933812828294]
840 ; 15 ; 294 ; 0 ; [0.014826892130171172, 0.013214383090904811, 0.0181915948733231] ; [0.28543073690496784, 0.20312682489308034, 0.11560938957859444]
840 ; 15 ; 295 ; 0 ; [-0.0036047652269218244, 0.034560377571523852, 0.18866671317581118, 0.077416121364851181, 0.037246481684483683] ; [0.22947410768213844, 0.12930745238231417, 0.29179860527209395, 0.2040156394004991, 0.18899622284591575]
840 ; 15 ; 295 ; 1 ; [0.64284735915486413, 0.11485766690816444] ; [0.15532382878713225, 0.087812331204294658]
840 ; 15 ; 295 ; 2 ; [0.055159659515926558] ; [0.057292724029156306]
840 ; 15 ; 296 ; 0 ; [0.063645037773231536, 0.030874962451032537, 0.087842869018444583, 0.070434502837339846] ; [0.18311300282530735, 0.21212247468235451, 0.20727578184306794, 0.23271838168661343]
840 ; 15 ; 297 ; 0 ; [0.22924000189773694, 0.28329699125868407] ; [0.21442926657226971, 0.1253852788367964]
840 ; 15 ; 298 ; 0 ; [1.0131242073155431] ; [0.95119512288830965]
840 ; 15 ; 298 ; 2 ; [2.8172792048206672] ; [2.3793408596569385]
840 ; 15 ; 298 ; 4 ; [1.3224841648204289] ; [0.90137282298621824]
840 ; 15 ; 298 ; 5 ; [1.0022958599077436] ; [1.2186803254087595]
840 ; 15 ; 298 ; 12 ; [0.38585339023646609] ; [2.4592569557353396]
840 ; 15 ; 298 ; 17 ; [1.0951646701874882] ; [0.54105157733651932]
840 ; 15 ; 299 ; 0 ; [-0.0055700191187459383, 0.046130997336902312, 0.00030809114843041355] ; [0.23132030443115578, 0.30688080643219523, 0.15016676026367473]
840 ; 15 ; 300 ; 0 ; [0.12797915940598073, 0.61975563566723324] ; [0.074232807514982901, 0.063394685263755593]
840 ; 15 ; 300 ; 3 ; [0.46372511979635433] ; [4.6060318668011098]
840 ; 15 ; 300 ; 4 ; [2.1611655443801112] ; [1.4558275952569164]
840 ; 15 ; 300 ; 7 ; [1.0381332458676058] ; [1.5809656165816255]
840 ; 15 ; 300 ; 9 ; [2.5850353711890999] ; [2.0582282640831018]
840 ; 15 ; 300 ; 10 ; [3.0775570918972508] ; [1.8466609669985301]
840 ; 15 ; 300 ; 16 ; [3.6263724379606641] ; [5.7659757483146903]
840 ; 15 ; 300 ; 17 ; [3.2106968974379257] ; [2.6879787359859697]
840 ; 15 ; 300 ; 18 ; [2.2973942868586494] ; [2.1598389266591131]
840 ; 15 ; 300 ; 19 ; [0.93587341657873868] ; [2.0872381793463735]
840 ; 15 ; 300 ; 20 ; [2.6525013880922748] ; [1.3915690418067919]
840 ; 15 ; 300 ; 21 ; [0.94116265515312436] ; [0.53279081640294068]
840 ; 15 ; 300 ; 22 ; [2.2220899597726196] ; [1.4395634804592836]
840 ; 15 ; 300 ; 23 ; [0.39146619484605871] ; [0.96109641652396549]
840 ; 15 ; 300 ; 26 ; [4.6317476103900583] ; [3.2521158371623748]
840 ; 15 ; 300 ; 27 ; [0.30396977522891655] ; [1.7651477994577465]
840 ; 15 ; 300 ; 29 ; [0.68784623836298231] ; [0.59830588375714788]
840 ; 15 ; 300 ; 34 ; [0.61206441157548208] ; [3.468265995590802]
840 ; 15 ; 300 ; 39 ; [0.63505800739733198] ; [0.75041405543743589]
840 ; 15 ; 300 ; 44 ; [3.400546202573687] ; [1.5888663506886769]
840 ; 15 ; 300 ; 45 ; [3.0523145995755834] ; [2.9704257278318145]
840 ; 15 ; 301 ; 0 ; [0.33297054775119367, 0.33131256005119197, 0.70607056615646269] ; [0.17348869250498691, 0.17819354983189617, 0.76635736152366618]
840 ; 15 ; 302 ; 0 ; [-0.02145676378302418] ; [0.51317345165769013]
840 ; 15 ; 302 ; 1 ; [0.76744646623451884] ; [0.46700021984570184]
840 ; 15 ; 302 ; 2 ; [0.9442337995857738] ; [0.72040274723511666]
840 ; 15 ; 302 ; 3 ; [1.5142141408305403] ; [0.86955588192862177]
840 ; 15 ; 303 ; 0 ; [0.38865069517331685] ; [0.95732889365227192]
840 ; 15 ; 303 ; 1 ; [0.60941230249270473] ; [0.1613888911000522]
840 ; 15 ; 303 ; 3 ; [1.4244177695934168] ; [0.13907701353920932]
840 ; 15 ; 304 ; 0 ; [0.52319524897179037] ; [0.18193600352455683]
840 ; 15 ; 304 ; 1 ; [1.7351897814919757] ; [0.49514651025091599]
840 ; 15 ; 305 ; 0 ; [0.14592916151122393] ; [0.33944251514629947]
840 ; 15 ; 305 ; 1 ; [0.32019405080638474] ; [0.19893110855717733]
840 ; 15 ; 305 ; 2 ; [1.7836492950760243] ; [0.17462890251157551]
840 ; 15 ; 305 ; 3 ; [0.80041205974335772] ; [0.85091363604956372]
840 ; 15 ; 305 ; 5 ; [1.4420969464420939] ; [1.6684241220119886]
840 ; 15 ; 305 ; 9 ; [0.24735680600479676] ; [0.34239540566336096]
840 ; 15 ; 305 ; 10 ; [0.12530072833223699] ; [0.27693419043904322]
840 ; 15 ; 305 ; 19 ; [1.0290327599863598] ; [2.0896730789528495]
840 ; 15 ; 306 ; 0 ; [0.78887700643886971] ; [0.046004098605316346]
840 ; 15 ; 306 ; 1 ; [0.57440898713761201] ; [0.028669131102345782]
840 ; 15 ; 306 ; 3 ; [0.8718065569229656] ; [0.057019033636857952]
840 ; 15 ; 306 ; 4 ; [0.57498420063781419] ; [0.016539244700910165]
840 ; 15 ; 306 ; 5 ; [1.1443262500745404] ; [0.87195918842223041]
840 ; 15 ; 306 ; 10 ; [0.39859820134193041] ; [0.69592972436832323]
840 ; 15 ; 308 ; 1 ; [4.501996746556209] ; [0.012417306312038181]
840 ; 15 ; 309 ; 0 ; [0.34005781344996938] ; [0.16146605838633246]
840 ; 15 ; 309 ; 1 ; [1.8147348754480701] ; [0.18676652032909005]
840 ; 15 ; 310 ; 0 ; [0.31669142887953022] ; [0.19655768511588984]
840 ; 15 ; 310 ; 5 ; [0.59690005406566071] ; [0.068990374616208244]
840 ; 15 ; 310 ; 8 ; [0.30118655265255379] ; [0.03965229359442133]
840 ; 15 ; 311 ; 0 ; [2.8582362881853287] ; [0.86294447249420492]
840 ; 15 ; 311 ; 4 ; [2.5499241007897284] ; [0.88857653670024639]
840 ; 15 ; 311 ; 6 ; [0.19963195039243004] ; [0.71893412992982575]
840 ; 15 ; 312 ; 0 ; [0.83418253580902413] ; [0.29717495086610851]
840 ; 15 ; 312 ; 3 ; [0.90984662601168764] ; [1.7591139051258153]
840 ; 15 ; 312 ; 5 ; [0.58532368785827915] ; [-0.30049232174316209]
840 ; 15 ; 312 ; 6 ; [0.33762655711856432] ; [0.63452801586127039]
840 ; 15 ; 312 ; 10 ; [0.28394669384155458] ; [0.48972214264706648]
840 ; 15 ; 312 ; 15 ; [0.25772492516454049] ; [0.73316144073274425]
840 ; 15 ; 313 ; 0 ; [0.22316359786427789] ; [0.26863557992871301]
840 ; 15 ; 313 ; 4 ; [-0.72163438177012385] ; [0.27369531196692604]
840 ; 15 ; 314 ; 0 ; [2.3537805582854499] ; [0.32895659636638708]
840 ; 15 ; 314 ; 2 ; [0.0065376849869867347] ; [0.87730264700099025]
840 ; 15 ; 314 ; 3 ; [0.018846956241158053] ; [0.52214998521555211]
840 ; 15 ; 314 ; 5 ; [0.30526345242702441] ; [0.13077574172013551]
840 ; 15 ; 315 ; 0 ; [0.083377937198469296, 0.21955737826866306, 0.13565896184976481, 0.1451172543252332] ; [0.18576173699908544, 0.22396191103672392, 0.20218299662718525, 0.17945939253378404]
840 ; 15 ; 315 ; 1 ; [0.22755927374553081] ; [0.20986953436010716]
840 ; 15 ; 316 ; 0 ; [-0.00058086262651134511, 0.20730405544929875] ; [0.19061979041357197, 0.20156060751357277]
840 ; 15 ; 317 ; 0 ; [0.13843458744226619, 0.10685893326290288, 0.085695338180962963] ; [0.22626052503370075, 0.18552797895550643, 0.07343422972471278]
840 ; 15 ; 318 ; 0 ; [0.16615646640887075, 0.81564118961415377] ; [0.11761878042051249, 0.068233413202807069]
840 ; 15 ; 318 ; 1 ; [1.7112512115900049] ; [0.033991182768397972]
840 ; 15 ; 320 ; 0 ; [0.14931837236979612, 0.15370244766501359, 0.18536716544234802, 0.072691676129218216, 0.18423966736009986] ; [0.11312254158605964, 0.16196761325522485, 0.43819143659515525, 0.26353565945992447, 0.13280196572016845]
840 ; 15 ; 320 ; 1 ; [0.097180759243544496] ; [0.074679702799225506]
840 ; 15 ; 321 ; 0 ; [1.6541278409764368] ; [1.6394584187990289]
840 ; 15 ; 321 ; 1 ; [-0.060640727942518624] ; [1.0896060161376371]
840 ; 15 ; 321 ; 2 ; [1.8697702025845342] ; [1.6630411966646803]
840 ; 15 ; 321 ; 3 ; [0.75844034723971199] ; [1.601052380022574]
840 ; 15 ; 321 ; 4 ; [7.7282932080752014] ; [1.5205665729010722]
840 ; 15 ; 321 ; 5 ; [1.3837149698044384] ; [2.114033241349222]
840 ; 15 ; 322 ; 0 ; [0.086211951810647031, 0.11808570758445378, 0.051122593260622039] ; [0.24980310654766738, 0.43870988928248489, 0.28682786974073166]
840 ; 15 ; 322 ; 1 ; [0.64123292305697654] ; [0.059247928706868035]
840 ; 15 ; 323 ; 0 ; [0.021203123581610594, 0.030215187789912949] ; [0.4056438170619287, 0.35887845700294763]
840 ; 15 ; 323 ; 2 ; [0.187712756175935] ; [0.55874588292432925]
840 ; 15 ; 323 ; 3 ; [1.1489732741134564] ; [0.14600969826779761]
840 ; 15 ; 323 ; 4 ; [0.028659196820552093, 0.3801404679308471] ; [0.6377346984256802, 0.01658555408843344]
840 ; 15 ; 323 ; 5 ; [1.7251427410098386] ; [0.36568136430417164]
840 ; 15 ; 324 ; 0 ; [0.09923099981368301, 0.41665217903430102] ; [0.20703632758901025, 0.77379716566691947]
840 ; 15 ; 326 ; 0 ; [0.23190659185242221] ; [0.13209510116613474]
840 ; 15 ; 326 ; 1 ; [0.16132043421553049] ; [0.9950739543011542]
840 ; 15 ; 326 ; 4 ; [1.5206543642196719] ; [0.84599751172289583]
840 ; 15 ; 326 ; 5 ; [0.73591792210427776] ; [1.662167422027069]
840 ; 15 ; 326 ; 6 ; [3.6798246850245446] ; [2.9916840890794729]
840 ; 15 ; 326 ; 10 ; [3.4918255360113131] ; [2.7774822825292]
840 ; 15 ; 326 ; 13 ; [0.25483472783654204] ; [2.9743720669997478]
840 ; 15 ; 327 ; 0 ; [0.41726648913600178] ; [0.5389650997134221]
840 ; 15 ; 327 ; 3 ; [3.293620343790526] ; [0.78308512004953856]
840 ; 15 ; 328 ; 0 ; [0.74200449661539092] ; [0.24824944105828622]
840 ; 15 ; 328 ; 1 ; [1.0864779520616803] ; [0.39827316439400873]
840 ; 15 ; 328 ; 3 ; [0.50210134280366847] ; [0.54966417162311054]
840 ; 15 ; 328 ; 7 ; [1.0419027729075412] ; [2.5585343254769684]
840 ; 15 ; 328 ; 8 ; [0.32319488648110439] ; [1.2557049897573243]
840 ; 15 ; 328 ; 15 ; [1.8623730267746126] ; [0.53571221280973436]
840 ; 15 ; 328 ; 24 ; [1.7856032424966879] ; [1.7564195577896962]
840 ; 15 ; 329 ; 0 ; [0.97063778711037607] ; [0.6076709108225683]
840 ; 15 ; 329 ; 13 ; [0.95988584143967715] ; [1.4448141602787234]
840 ; 15 ; 329 ; 14 ; [1.8648364328237721] ; [1.086597293390734]
840 ; 15 ; 329 ; 15 ; [0.77661250761859768] ; [0.67208075494888564]
840 ; 15 ; 331 ; 0 ; [0.44459733289326453] ; [0.12736557201266521]
840 ; 15 ; 333 ; 0 ; [0.26879221095842715] ; [0.27944088149796903]
840 ; 15 ; 333 ; 1 ; [1.7179345091735934] ; [0.60461366044953369]
840 ; 15 ; 333 ; 10 ; [0.70771867388088305] ; [1.8996731324137073]
840 ; 15 ; 333 ; 11 ; [0.95987684195629508] ; [1.0673347037444625]