# Run ; Subrun ; Event ; Track ; Charge Ratios View 0 ; Charge Ratios View 1 #
840 ; 27 ; 0 ; 0 ; [1.7845488885606293] ; [2.3610426531713036]
840 ; 27 ; 0 ; 1 ; [1.9225225133736077] ; [2.4221102901023173]
840 ; 27 ; 0 ; 2 ; [1.0355112282757859] ; [0.92930829873618725]
840 ; 27 ; 0 ; 3 ; [2.1680533984466104] ; [1.8450843707860558]
840 ; 27 ; 0 ; 4 ; [2.0599305862042532] ; [1.7945147830102233]
840 ; 27 ; 0 ; 5 ; [1.9094826743497455] ; [0.84792380410531143]
840 ; 27 ; 0 ; 6 ; [1.3760931338119471] ; [0.096372883976913917]
840 ; 27 ; 0 ; 7 ; [9.2119312701608287] ; [1.2536803666733798]
840 ; 27 ; 0 ; 8 ; [2.7064017928709081] ; [1.2616878199721659]
840 ; 27 ; 0 ; 9 ; [2.2964617760779653] ; [1.7914459574903845]
840 ; 27 ; 0 ; 11 ; [1.0973882466756797] ; [0.72772607099273368]
840 ; 27 ; 0 ; 12 ; [2.4412663202373479] ; [4.6584641592848737]
840 ; 27 ; 0 ; 14 ; [1.5845815457675294] ; [0.68463429432690504]
840 ; 27 ; 0 ; 16 ; [1.2119734980056105] ; [1.0002451775916887]
840 ; 27 ; 0 ; 19 ; [2.2594730922397344] ; [2.0560630138736657]
840 ; 27 ; 0 ; 20 ; [1.2468182595524315] ; [3.2700610086909037]
840 ; 27 ; 0 ; 21 ; [8.5006433323525172] ; [0.17533312769638534]
840 ; 27 ; 0 ; 22 ; [1.7863373485990892] ; [3.1772403029344467]
840 ; 27 ; 0 ; 23 ; [2.4953040424322399] ; [2.9545408116258538]
840 ; 27 ; 0 ; 31 ; [2.138896090596103] ; [2.6913961379870108]
840 ; 27 ; 0 ; 33 ; [2.4332367642975412] ; [1.8868485858245303]
840 ; 27 ; 0 ; 34 ; [7.7457008788211921] ; [1.7343606107813765]
840 ; 27 ; 0 ; 37 ; [0.53300005872634515] ; [0.76524108930610624]
840 ; 27 ; 0 ; 40 ; [0.87350728089969776] ; [2.8484181202448537]
840 ; 27 ; 0 ; 41 ; [2.182148481966419] ; [1.0033665202378801]
840 ; 27 ; 0 ; 42 ; [2.4267942310848363] ; [1.5710835173918898]
840 ; 27 ; 1 ; 0 ; [0.079264900879220307, 0.093177710464129052, 0.070078642719696382, -0.00088717235568665448] ; [0.52397599750614521, 0.18201353980341375, 0.1592431982576816, 0.19202807820197945]
840 ; 27 ; 2 ; 0 ; [0.22130822437780243, 0.16916537809794482, 0.11680322578475645, 0.31622523128316155] ; [0.36914588278956689, 0.28398307872296497, 0.19061070182143214, 0.27519216048137551]
840 ; 27 ; 3 ; 2 ; [2.2839451928203878] ; [2.0671018065307445]
840 ; 27 ; 3 ; 3 ; [1.2512711443382289] ; [5.1035955840223108]
840 ; 27 ; 3 ; 4 ; [1.4882794636333754] ; [1.1753509176250823]
840 ; 27 ; 3 ; 5 ; [1.4997577634104005] ; [2.423525263495121]
840 ; 27 ; 3 ; 8 ; [1.8228767853628987] ; [3.5097104825698113]
840 ; 27 ; 3 ; 11 ; [1.8778142298374494] ; [0.45469198537059957]
840 ; 27 ; 3 ; 12 ; [1.1552730075929716] ; [0.93105335336906181]
840 ; 27 ; 3 ; 17 ; [1.3867020066544058] ; [1.1319760075698468]
840 ; 27 ; 5 ; 0 ; [1.9057149203110595] ; [0.062395826004752464]
840 ; 27 ; 5 ; 1 ; [0.67620772586082434] ; [0.54020390105146787]
840 ; 27 ; 5 ; 2 ; [0.074528348705806935] ; [0.41851775531007029]
840 ; 27 ; 5 ; 3 ; [1.4788353838985122] ; [0.7671232037775132]
840 ; 27 ; 5 ; 4 ; [0.33858168806777567] ; [2.0263952657172521]
840 ; 27 ; 5 ; 6 ; [3.8218709799003587] ; [0.98448747964361083]
840 ; 27 ; 5 ; 9 ; [0.49327211372821955] ; [0.89617440413842475]
840 ; 27 ; 5 ; 10 ; [0.54401161554019284] ; [2.229497507724636]
840 ; 27 ; 7 ; 0 ; [1.1523832402292764, 0.52257461986864395] ; [0.90270304734970142, 0.56966918648677667]
840 ; 27 ; 8 ; 0 ; [0.32787688026963085] ; [0.29051828089059878]
840 ; 27 ; 9 ; 0 ; [2.0455214266198256, 1.6575769454085385] ; [1.3244990366962723, 1.8912070449079517]
840 ; 27 ; 9 ; 1 ; [1.9597976164811772, 3.7350137930934766] ; [1.8484983353301392, 2.015228024092746]
840 ; 27 ; 9 ; 2 ; [2.4278571850256379] ; [1.6676926273353752]
840 ; 27 ; 9 ; 3 ; [1.5068205009811497, 1.3866176384477988] ; [1.1837141059468572, 2.2085609819600616]
840 ; 27 ; 9 ; 4 ; [2.3841434534496195] ; [1.4159180256344741]
840 ; 27 ; 9 ; 5 ; [1.2819630251707095] ; [2.5485449095763375]
840 ; 27 ; 9 ; 6 ; [4.146377623223171] ; [1.9561336676012173]
840 ; 27 ; 9 ; 7 ; [2.267766318618357] ; [1.8788156270011385]
840 ; 27 ; 9 ; 8 ; [2.635169563666945] ; [1.37496597488167]
840 ; 27 ; 9 ; 9 ; [1.4313998288670986, 2.2094966903678532] ; [2.0922930038872285, 2.6624955004211062]
840 ; 27 ; 9 ; 10 ; [2.6949700548212108] ; [2.2280176133290963]
840 ; 27 ; 9 ; 11 ; [1.3573286499623252] ; [2.6588591945155349]
840 ; 27 ; 9 ; 12 ; [4.9186443551362942, 2.4812506125276408] ; [1.3008755508690397, 1.2872130585355577]
840 ; 27 ; 9 ; 14 ; [2.1984027735987506] ; [1.6747554116521108]
840 ; 27 ; 9 ; 15 ; [2.5752562621534221] ; [1.7140879448781423]
840 ; 27 ; 9 ; 16 ; [1.8700621005821862] ; [1.8948663805159947]
840 ; 27 ; 9 ; 17 ; [1.3513534140034906] ; [1.824102875553552]
840 ; 27 ; 9 ; 18 ; [2.5496513908277838] ; [1.7602284893552074]
840 ; 27 ; 9 ; 20 ; [1.7880832170016911] ; [2.0460543122470654]
840 ; 27 ; 9 ; 21 ; [3.3796677694354091] ; [1.5422286104371203]
840 ; 27 ; 9 ; 22 ; [4.117222974644835] ; [1.9743383716312035]
840 ; 27 ; 9 ; 23 ; [1.9065078407741514] ; [1.6866102408177412]
840 ; 27 ; 9 ; 24 ; [3.2463914844625115] ; [1.6864514454552053]
840 ; 27 ; 9 ; 26 ; [1.4568890798057843] ; [2.0674127797498745]
840 ; 27 ; 9 ; 27 ; [2.8006062066811399] ; [1.3652177395597598]
840 ; 27 ; 9 ; 28 ; [4.5971847902663932] ; [1.8628438576510418]
840 ; 27 ; 9 ; 30 ; [1.8268678671352445] ; [1.9413734809919432]
840 ; 27 ; 10 ; 1 ; [1.2257009442426123] ; [0.25433423863659843]
840 ; 27 ; 10 ; 2 ; [1.4511413717174264] ; [1.3762772501285327]
840 ; 27 ; 11 ; 0 ; [0.38755506912738136] ; [0.16670646846065182]
840 ; 27 ; 11 ; 1 ; [1.1706754739486307] ; [0.074329250277923975]
840 ; 27 ; 11 ; 5 ; [1.0359347974336433] ; [0.00050315328022562569]
840 ; 27 ; 12 ; 0 ; [-0.007899827708686958, 0.29973443143762579, 1.1309639691524951] ; [0.34423062186817671, 0.25950178227299658, 0.099496196854256896]
840 ; 27 ; 12 ; 1 ; [0.070376788090165815] ; [0.16427882146402692]
840 ; 27 ; 13 ; 0 ; [0.47600918355813376, 0.34443500046735709] ; [0.87107792863043898, 0.2564689812780272]
840 ; 27 ; 13 ; 1 ; [0.6264986805259658] ; [0.027158374709481816]
840 ; 27 ; 14 ; 3 ; [1.238557087911565] ; [0.17663424650373832]
840 ; 27 ; 14 ; 7 ; [1.302158585433433] ; [2.4016567112797804]
840 ; 27 ; 15 ; 0 ; [0.31040515706651484] ; [0.59001364369592113]
840 ; 27 ; 15 ; 1 ; [0.91237326014731157] ; [1.0418495382741564]
840 ; 27 ; 15 ; 3 ; [0.47775722845194846] ; [0.2939492323984686]
840 ; 27 ; 16 ; 0 ; [0.30080705665507973, 0.47108032219126389, 0.69142790387955666, 0.59675882077766285] ; [0.21366487866271883, 0.44141573565495812, 0.56935962019774489, 0.090848138019559863]
840 ; 27 ; 16 ; 2 ; [0.35474389839272441] ; [0.07733396267726643]
840 ; 27 ; 16 ; 3 ; [0.016888879579363955] ; [0.0068326309618788909]
840 ; 27 ; 17 ; 0 ; [-0.014095496963112811, 0.00055863505847377013, 0.035272851024707161, 0.11790777240844588] ; [0.052119307172742241, 0.23313468151090053, 0.34235725511865056, 0.40576710128185073]
840 ; 27 ; 18 ; 1 ; [0.16450384831519527] ; [0.47646177826538016]
840 ; 27 ; 19 ; 0 ; [0.14882593101087305] ; [0.3593947457333147]
840 ; 27 ; 19 ; 1 ; [0.72456574335280566] ; [0.73801676725937615]
840 ; 27 ; 19 ; 2 ; [0.63892286638466311] ; [1.4594079654928158]
840 ; 27 ; 20 ; 0 ; [0.24699107580266016] ; [0.68764625357803444]
840 ; 27 ; 20 ; 1 ; [0.52037694183740124] ; [0.77972815161856668]
840 ; 27 ; 20 ; 4 ; [0.3434069494764514] ; [0.26291978806101957]
840 ; 27 ; 21 ; 2 ; [0.067178699868925551] ; [0.034971978864079427]
840 ; 27 ; 21 ; 4 ; [0.18833099598837388] ; [0.39386400723592008]
840 ; 27 ; 22 ; 0 ; [0.20113722240457996] ; [0.37264343936461825]
840 ; 27 ; 23 ; 0 ; [0.43452278490715301] ; [0.36012201716121817]
840 ; 27 ; 23 ; 2 ; [0.76804697134484456] ; [0.55208436855775711]
840 ; 27 ; 24 ; 0 ; [0.95617922741130923] ; [0.061516794305181012]
840 ; 27 ; 24 ; 1 ; [0.59046163736291946] ; [0.39533997519016295]
840 ; 27 ; 24 ; 6 ; [2.5656611290751883] ; [0.70195703180256308]
840 ; 27 ; 25 ; 0 ; [0.18602738301781957, 0.21965114023890006, 0.15695102788851795, 0.097181465066351017, 0.07871604015142851] ; [0.17913736992650894, 0.14288480713635807, 0.28721522121647342, 0.1809970776154787, 0.163010267963306]
840 ; 27 ; 25 ; 2 ; [0.72034560501750733] ; [-0.014813916097315296]
840 ; 27 ; 27 ; 0 ; [0.085671810559974984, 0.055686801306439521, 0.028906777518775354] ; [0.30008297242478899, 0.21466919736091147, 0.12591915232727688]
840 ; 27 ; 28 ; 0 ; [0.44513889874384815] ; [0.37773960334427781]
840 ; 27 ; 29 ; 0 ; [-0.0043849202447662199] ; [0.15465199870883786]
840 ; 27 ; 29 ; 1 ; [0.71358362046084478] ; [0.37870532663808326]
840 ; 27 ; 29 ; 2 ; [1.8055395890854378] ; [4.0660572503421175]
840 ; 27 ; 31 ; 0 ; [0.087603555926463614, 0.22159089401194038, 0.17341814181615389] ; [0.19790159053624118, 0.23816701465717632, 0.15500676566139193]
840 ; 27 ; 31 ; 1 ; [0.5239732846597136] ; [0.021988509097267853]
840 ; 27 ; 31 ; 2 ; [0.37315652846802655] ; [-0.0071841413126053728]
840 ; 27 ; 32 ; 0 ; [0.14814456256993619, 0.23647534314035459, 0.20862581530173438, 0.084739359659757749] ; [0.21885215938443542, 0.372664751168791, 0.22667507257585892, 0.22195658523576625]
840 ; 27 ; 33 ; 1 ; [0.22513315569600542] ; [0.057401357228694598]
840 ; 27 ; 33 ; 2 ; [1.1713153296555345] ; [1.6174046926685772]
840 ; 27 ; 33 ; 5 ; [1.1569536473291695] ; [0.83006356773706758]
840 ; 27 ; 33 ; 7 ; [2.1947273249574217] ; [0.49425169840946115]
840 ; 27 ; 33 ; 10 ; [1.7583546222123509] ; [1.5071311922433788]
840 ; 27 ; 33 ; 11 ; [1.219799705656851] ; [0.33388488476339501]
840 ; 27 ; 33 ; 15 ; [1.5149058627248473] ; [1.3154787519700706]
840 ; 27 ; 33 ; 17 ; [1.3722508796978929] ; [1.3417803323119979]
840 ; 27 ; 33 ; 21 ; [1.3280410060897152] ; [0.33045363878506567]
840 ; 27 ; 33 ; 22 ; [1.3686376922891714] ; [0.11492200461797186]
840 ; 27 ; 34 ; 0 ; [0.068453347513864768] ; [0.067499475398909742]
840 ; 27 ; 34 ; 2 ; [0.48016197432001739] ; [1.1724231790902038]
840 ; 27 ; 34 ; 4 ; [0.81097305431973954] ; [2.6535803558757083]
840 ; 27 ; 34 ; 5 ; [2.0063154633209455] ; [4.9149653410802276]
840 ; 27 ; 34 ; 6 ; [0.3399621558334599] ; [2.7156962424224931]
840 ; 27 ; 34 ; 7 ; [2.822851199847189] ; [1.5816612054245076]
840 ; 27 ; 34 ; 8 ; [10.587997992171903] ; [3.8220423806859469]
840 ; 27 ; 34 ; 9 ; [2.0576491284992597] ; [3.3187894529074247]
840 ; 27 ; 34 ; 10 ; [0.0059753131565097612] ; [2.034825630141869]
840 ; 27 ; 34 ; 11 ; [0.78683209506202245] ; [1.9162698776984088]
840 ; 27 ; 34 ; 12 ; [5.4161149032474167] ; [3.1203022439697441]
840 ; 27 ; 34 ; 13 ; [4.0629213219143629] ; [1.1659096938865285]
840 ; 27 ; 35 ; 0 ; [-0.0091927248730052143, 0.020839878230135823, -0.00078280960558037673, 0.0089956269650273701] ; [0.13415934686768302, 0.18494135292336353, 0.19222781495440086, 0.17023994417770452]
840 ; 27 ; 36 ; 0 ; [0.11365649630670416, 0.87769484795262886] ; [0.13108867910376304, 0.066392253298750509]
840 ; 27 ; 36 ; 6 ; [0.66188131423788588] ; [0.30288192592797819]
840 ; 27 ; 37 ; 0 ; [0.64476138553118267] ; [0.92702783694231794]
840 ; 27 ; 37 ; 1 ; [0.045837581941074387] ; [0.24379625342494055]
840 ; 27 ; 37 ; 17 ; [0.65380024265542924] ; [1.179482816118018]
840 ; 27 ; 38 ; 0 ; [0.016769714681861159] ; [0.26835945405890738]
840 ; 27 ; 38 ; 1 ; [0.23727551740226963, 0.21384511329890468, 0.34213956339867146, 0.11759932434283858] ; [0.16275847172019547, 0.19928576048506857, 0.31115407880147422, 0.085046410830124736]
840 ; 27 ; 39 ; 0 ; [1.0207466561643517] ; [0.16799719285652531]
840 ; 27 ; 39 ; 1 ; [0.14032530951704708] ; [0.027100314002621716]
840 ; 27 ; 39 ; 3 ; [0.28221419333163411] ; [0.1798549355980523]
840 ; 27 ; 40 ; 0 ; [0.62654577359139341, 0.48091722917075985] ; [0.9498269365162656, 0.10475920274796625]
840 ; 27 ; 41 ; 0 ; [0.26676963373495755, 0.27763201852114233, 0.59874562932145647] ; [0.24136377162893971, 0.20032225292900713, 0.12049857278365059]
840 ; 27 ; 42 ; 0 ; [0.41185773338221626] ; [0.099711328160520876]
840 ; 27 ; 43 ; 0 ; [0.23447616928279297, 0.16442587535864986, 0.1882444006329648] ; [0.22157967803474099, 0.24093869186232425, 0.26326422694983109]
840 ; 27 ; 44 ; 0 ; [2.9101888005152738] ; [0.087804330142768491]
840 ; 27 ; 44 ; 1 ; [1.6477923126847498] ; [2.0833754276347252]
840 ; 27 ; 44 ; 7 ; [0.1896828671207966] ; [4.3144340397212373]
840 ; 27 ; 44 ; 9 ; [1.8691945556295078] ; [0.53390191909155982]
840 ; 27 ; 44 ; 11 ; [0.42875624391363226] ; [1.1276466776135867]
840 ; 27 ; 45 ; 0 ; [0.39797476896848366] ; [1.384121162532822]
840 ; 27 ; 45 ; 2 ; [0.35874992570898656] ; [1.2524953489515163]
840 ; 27 ; 45 ; 5 ; [3.1287666541939445] ; [0.057021606674997415]
840 ; 27 ; 45 ; 7 ; [2.1122791731714132] ; [3.9450300217244987]
840 ; 27 ; 46 ; 0 ; [9.7055842186578332] ; [1.3038248093672338]
840 ; 27 ; 46 ; 1 ; [0.80423739246275538] ; [0.39081909606160053]
840 ; 27 ; 46 ; 2 ; [0.6474798071058866] ; [1.6874783356277658]
840 ; 27 ; 46 ; 3 ; [0.78573868986689277] ; [0.57722051659936757]
840 ; 27 ; 46 ; 5 ; [3.4351874749662379] ; [2.1648260477420642]
840 ; 27 ; 46 ; 6 ; [0.052562179086122596] ; [0.81640957242912149]
840 ; 27 ; 46 ; 7 ; [1.6143361464468369] ; [0.46289854252384294]
840 ; 27 ; 46 ; 9 ; [0.011490753280559526] ; [0.84471144338786364]
840 ; 27 ; 46 ; 14 ; [0.026136424572840204] ; [2.4669195115324452]
840 ; 27 ; 47 ; 0 ; [2.4706350123685703] ; [0.62659840925365573]
840 ; 27 ; 47 ; 3 ; [0.22914928802520113] ; [0.75023525965586102]
840 ; 27 ; 47 ; 4 ; [0.53089511357247188] ; [0.19052631254195779]
840 ; 27 ; 47 ; 10 ; [4.2940853108904644] ; [5.3112043288793389]
840 ; 27 ; 49 ; 1 ; [1.7176477825097545] ; [1.1414648822390294]
840 ; 27 ; 49 ; 2 ; [0.92624520799679977] ; [1.5763468977284443]
840 ; 27 ; 49 ; 3 ; [1.0756886218724093] ; [1.1569172265860692]
840 ; 27 ; 49 ; 4 ; [1.1042900376722922] ; [0.7530153337922656]
840 ; 27 ; 49 ; 5 ; [0.59950459115699939] ; [0.91491877664393062]
840 ; 27 ; 49 ; 6 ; [0.51006853514377448] ; [1.4252392470226216]
840 ; 27 ; 49 ; 7 ; [0.64075902363961956] ; [4.7240193586780386]
840 ; 27 ; 49 ; 8 ; [1.3244472304661223] ; [1.0423334195467415]
840 ; 27 ; 49 ; 9 ; [0.30228172252785712] ; [1.2353237789179643]
840 ; 27 ; 49 ; 10 ; [0.54855603577848655] ; [1.8098509067513255]
840 ; 27 ; 49 ; 12 ; [1.7282532027531321] ; [1.1170468432960619]
840 ; 27 ; 49 ; 13 ; [0.75686592068923364] ; [1.453535584582702]
840 ; 27 ; 50 ; 2 ; [0.49553416290892671] ; [0.54508951232402136]
840 ; 27 ; 50 ; 5 ; [0.75736177530384408] ; [0.41725361605013528]
840 ; 27 ; 51 ; 0 ; [0.21912777944554457] ; [0.045820829909004365]
840 ; 27 ; 52 ; 0 ; [0.22950225939593422, 2.2579260741757397] ; [0.13023555998432335, 0.77707468882825204]
840 ; 27 ; 52 ; 1 ; [0.67032035788702748] ; [0.71368225867614898]
840 ; 27 ; 53 ; 0 ; [0.56707769886956361] ; [0.35963272213660991]
840 ; 27 ; 54 ; 0 ; [0.57474793331281848, 0.028380904040461914] ; [0.70908132810121716, 0.010743824182702061]
840 ; 27 ; 54 ; 1 ; [0.013388294373521221] ; [0.09951436983191736]
840 ; 27 ; 54 ; 2 ; [0.98095393897087491] ; [0.48284670529867268]
840 ; 27 ; 54 ; 5 ; [1.4028340720047947] ; [0.41009710808521727]
840 ; 27 ; 55 ; 0 ; [3.3980279342969513, 1.4130513147314068] ; [0.50790828187887882, 1.5231985808151138]
840 ; 27 ; 55 ; 1 ; [0.45402780520718561] ; [1.0325566658224152]
840 ; 27 ; 55 ; 2 ; [0.71312541115993511] ; [2.2413340458704978]
840 ; 27 ; 55 ; 3 ; [0.33349098785635883] ; [0.71114927098375014]
840 ; 27 ; 55 ; 5 ; [0.28196779892393503] ; [0.46033330686351986]
840 ; 27 ; 56 ; 0 ; [0.78947836600327348] ; [1.2745785058187298]
840 ; 27 ; 56 ; 1 ; [1.3673675083044372] ; [1.8689769275890198]
840 ; 27 ; 56 ; 2 ; [1.118794338007618] ; [1.1753845027324279]
840 ; 27 ; 56 ; 5 ; [2.058869264646261] ; [1.8515780964498101]
840 ; 27 ; 57 ; 0 ; [0.84194122925147119, 0.58716374390557136, 0.22371738409746847, 0.62200762025161382] ; [0.3476785932446127, 0.75047013446965483, 0.28903556182167034, 0.17294161644398051]
840 ; 27 ; 57 ; 1 ; [0.5349737936350798, 0.0044031448645623405] ; [0.13280072397644888, 0.2504448691040444]
840 ; 27 ; 58 ; 0 ; [0.0039072557331886072] ; [0.092235315463955928]
840 ; 27 ; 60 ; 0 ; [0.9700623644209595] ; [0.028399492681713902]
840 ; 27 ; 61 ; 7 ; [1.8958428974951498] ; [0.26939297851695604]
840 ; 27 ; 62 ; 0 ; [0.82644738365586734] ; [5.2014826497659454]
840 ; 27 ; 62 ; 1 ; [0.46356670259577426] ; [1.4183876173365635]
840 ; 27 ; 62 ; 2 ; [3.7710455424589919] ; [0.70056107803219625]
840 ; 27 ; 62 ; 4 ; [0.71728685199357445] ; [0.90647598556529407]
840 ; 27 ; 62 ; 6 ; [2.8968989609343843] ; [0.60977953078402269]
840 ; 27 ; 62 ; 10 ; [0.86712892459597446] ; [3.3164715493175847]
840 ; 27 ; 62 ; 11 ; [3.3983902983084624] ; [1.8679357113730202]
840 ; 27 ; 62 ; 15 ; [0.22819302313813386] ; [1.8637759933417077]
840 ; 27 ; 62 ; 17 ; [0.49477583498815214] ; [2.3094092907540347]
840 ; 27 ; 62 ; 18 ; [2.1205835417738257] ; [1.8827133495368]
840 ; 27 ; 62 ; 19 ; [1.1535281128591575] ; [3.0978276679699372]
840 ; 27 ; 62 ; 28 ; [1.8086917815999037] ; [2.9781691916929418]
840 ; 27 ; 62 ; 32 ; [0.5903286378918462] ; [0.65299929429900794]
840 ; 27 ; 62 ; 33 ; [0.45293646546353006] ; [0.28776186454021041]
840 ; 27 ; 62 ; 35 ; [0.60235259280110254] ; [3.5266272831754741]
840 ; 27 ; 62 ; 36 ; [1.8724621648693589] ; [3.267000580815369]
840 ; 27 ; 62 ; 37 ; [2.6685818465754227] ; [0.9323282429005223]
840 ; 27 ; 63 ; 0 ; [0.18399065126887854] ; [0.041379664552371062]
840 ; 27 ; 63 ; 1 ; [1.3238213763866979] ; [1.1000196571709331]
840 ; 27 ; 63 ; 2 ; [0.53649076584857702] ; [0.55596821698453058]
840 ; 27 ; 63 ; 3 ; [0.1794631542220762] ; [1.4047735391366616]
840 ; 27 ; 63 ; 4 ; [0.78378434671827724] ; [-0.014578492315106177]
840 ; 27 ; 63 ; 8 ; [0.37959267798494006] ; [3.1364267078169354]
840 ; 27 ; 64 ; 0 ; [0.29020256195873068] ; [0.29368051658775379]
840 ; 27 ; 64 ; 1 ; [0.43600810297927439] ; [0.83507186405669453]
840 ; 27 ; 64 ; 2 ; [1.287070057298751] ; [0.04120562063504607]
840 ; 27 ; 64 ; 7 ; [-0.013919159997985939] ; [-0.045946925807583916]
840 ; 27 ; 65 ; 0 ; [0.033866265668367854, 0.062980706292052518, -0.005417895099319431] ; [0.2206922922638053, 0.26900027861975473, 0.24234037858563451]
840 ; 27 ; 66 ; 0 ; [0.16297551381268793] ; [0.070083149798895558]
840 ; 27 ; 66 ; 1 ; [2.5820728977154199] ; [0.94011254306052239]
840 ; 27 ; 66 ; 3 ; [1.4602498576361247] ; [1.5989576126203218]
840 ; 27 ; 67 ; 0 ; [0.10760277453976694, 0.085859667460983474, 0.30160154755154955, 0.18653796934548145, 0.098293938414302201] ; [0.21246097426186658, 0.15929569865393109, 0.27233194457897936, 0.19250349958297272, 0.13272772117069223]
840 ; 27 ; 68 ; 0 ; [0.045219534733670103] ; [-0.0091466600208576151]
840 ; 27 ; 68 ; 1 ; [0.089168336289903047] ; [0.062587979623256337]
840 ; 27 ; 68 ; 2 ; [0.98367128338324272] ; [1.3570433215927029]
840 ; 27 ; 68 ; 3 ; [0.45491559224153205] ; [1.2358836371641213]
840 ; 27 ; 68 ; 6 ; [4.6510737549095111] ; [1.4890399725907002]
840 ; 27 ; 68 ; 7 ; [5.4588613579904655] ; [1.4261522961273152]
840 ; 27 ; 69 ; 0 ; [0.45691621934812149] ; [0.60252039076448072]
840 ; 27 ; 69 ; 1 ; [0.99759530038342092] ; [0.47692493180351386]
840 ; 27 ; 69 ; 5 ; [2.5577749305581712] ; [0.44339923860753705]
840 ; 27 ; 69 ; 9 ; [0.2381492928925138] ; [1.2271189971574687]
840 ; 27 ; 69 ; 10 ; [2.2139510785812595] ; [1.5473937839761409]
840 ; 27 ; 70 ; 0 ; [0.36118703109833261, 0.16570982635812484] ; [0.23352362594069503, 0.39526029172767058]
840 ; 27 ; 71 ; 0 ; [0.023664348348636868, 0.0082122748880479497, 0.070301345725902853, 0.020744496300087043] ; [0.35593311004853379, 0.28047854175746162, 0.21389331199545009, 0.15318100053543965]
840 ; 27 ; 71 ; 1 ; [0.08730665849694641] ; [0.019248457334946064]
840 ; 27 ; 72 ; 0 ; [0.2226165792136629] ; [0.12443138366963263]
840 ; 27 ; 73 ; 0 ; [0.12830921284359942, 0.21981343901759154, 0.1691610891380998, 0.17815409574269173] ; [0.21595892490429786, 0.29321809189411069, 0.25364985878819446, 0.38059998583559701]
840 ; 27 ; 74 ; 0 ; [0.018505129128773137, 0.026541468469995465, 0.012093397711512389, 0.0057124870502973102] ; [0.19832882502931407, 0.20168268396631434, 0.1968301511347279, 0.12636596733003877]
840 ; 27 ; 75 ; 2 ; [0.61055492804036959] ; [2.1848528257229858]
840 ; 27 ; 76 ; 1 ; [0.9858939606979088] ; [2.7175155229965715]
840 ; 27 ; 76 ; 2 ; [1.0777836065471615] ; [0.74499502470646095]
840 ; 27 ; 76 ; 3 ; [5.0981948616022867] ; [1.3060178052285016]
840 ; 27 ; 76 ; 4 ; [3.9375116949106257] ; [1.7578848524536688]
840 ; 27 ; 76 ; 11 ; [2.9043140142874666] ; [2.1897932079121745]
840 ; 27 ; 76 ; 12 ; [8.1149736120888338] ; [1.9732150297955933]
840 ; 27 ; 77 ; 0 ; [0.004527097849875733, -0.0031602008856777266, 0.02415257861246322] ; [0.2017963057354912, 0.23100472452280116, 0.057587703572824556]
840 ; 27 ; 77 ; 1 ; [0.031365281123445894] ; [0.17080350508905418]
840 ; 27 ; 78 ; 0 ; [0.4964046507660127] ; [0.1817857183943461]
840 ; 27 ; 79 ; 0 ; [0.058819550131969538] ; [2.5465745782275397]
840 ; 27 ; 79 ; 1 ; [0.49038661813042184] ; [1.0068096705139002]
840 ; 27 ; 80 ; 0 ; [0.062229906164238187] ; [0.069171827444525963]
840 ; 27 ; 80 ; 7 ; [0.82880038869545858] ; [1.7094818709441157]
840 ; 27 ; 81 ; 0 ; [-0.025567274253829077, 0.018392049964578119, 0.13662908301674989] ; [0.1777632409426316, 0.29453344700961964, 0.23354520074242058]
840 ; 27 ; 81 ; 2 ; [0.34581563825064637] ; [0.10135391652588006]
840 ; 27 ; 81 ; 3 ; [1.2375108694251165] ; [0.73167776628866532]
840 ; 27 ; 82 ; 0 ; [0.21635367321526244, 0.14015328773415534, 0.097590415219625942, 0.0038999518651657121, 0.0020311232706900694] ; [0.11908874896150683, 0.32949347198303541, 0.36200777794231426, 0.35969770461946737, 0.085451024354827043]
840 ; 27 ; 82 ; 2 ; [-0.0033615774401267763] ; [0.2194919158168897]
840 ; 27 ; 83 ; 0 ; [0.0014680045101437835] ; [0.32871412527635824]
840 ; 27 ; 83 ; 1 ; [0.010646839163397313] ; [0.12534322480312049]
840 ; 27 ; 83 ; 2 ; [0.020044635188270054] ; [0.36537364907798775]
840 ; 27 ; 83 ; 5 ; [0.080595109339208673] ; [0.33844957668547565]
840 ; 27 ; 84 ; 0 ; [2.101576475595162] ; [1.3440778167661744]
840 ; 27 ; 84 ; 9 ; [3.0262138487356984] ; [1.8886805969544671]
840 ; 27 ; 85 ; 2 ; [1.6896496305145008] ; [1.6115332152011381]
840 ; 27 ; 85 ; 5 ; [1.8414131545402406] ; [1.8891744548460325]
840 ; 27 ; 85 ; 7 ; [4.3962594283191061] ; [0.88806038137230114]
840 ; 27 ; 85 ; 8 ; [1.3601720910247117] ; [1.2641699733774983]
840 ; 27 ; 85 ; 15 ; [3.7012674092585551] ; [1.3393833487892191]
840 ; 27 ; 86 ; 0 ; [0.024714032453724815, 0.10029674479450981, 0.18620826082762013] ; [0.26093008741428375, 0.20488406312664439, 0.10232038687517589]
840 ; 27 ; 86 ; 1 ; [0.44956787854048103, 0.15029264234192732] ; [0.0024933359752123923, -0.0074542950744007326]
840 ; 27 ; 87 ; 0 ; [0.16513828911280418, 0.10163837582699348] ; [0.099466404981534806, 0.062621644855960473]
840 ; 27 ; 88 ; 0 ; [0.30084857025964185, 0.2023387171552434, 0.023675135129834043, 0.0088289450886465445] ; [0.21559218028333796, 0.19094384574644965, 0.041219500526043049, 0.039780449655343074]
840 ; 27 ; 88 ; 1 ; [0.022153757406881667] ; [0.32414691915932031]
840 ; 27 ; 89 ; 0 ; [0.40358724568362159, 0.36525267854742949, 0.23457763328090131, 0.11741817927158808] ; [0.15578216548981944, 0.36065679947566437, 0.24209516209017051, 0.045060818917261658]
840 ; 27 ; 90 ; 0 ; [0.20565928426652583, 0.14506108750890387, 0.30729944267727438] ; [0.31819531161517783, 0.26289672998118896, 0.099360330223332197]
840 ; 27 ; 90 ; 1 ; [0.026740704753078784] ; [0.10869227104911734]
840 ; 27 ; 90 ; 2 ; [0.19155324085599837] ; [0.19410063317800783]
840 ; 27 ; 91 ; 0 ; [0.035232401111859296, 0.083229380105282566, 0.010073469638880051, -0.016243226779169583] ; [0.18086028838875123, 0.16014396273852249, 0.15637489209728617, 0.022395680318360402]
840 ; 27 ; 91 ; 1 ; [1.477944493460829] ; [0.00050227368215267215]
840 ; 27 ; 92 ; 0 ; [0.50210373289563781, 0.18240405391728029, 0.46754877556179802] ; [0.71845379825623523, 0.29326630623724403, 1.224523035427292]
840 ; 27 ; 93 ; 0 ; [0.25697680012042268, 0.19927337778239265] ; [0.49033416052210188, 0.90238899909449188]
840 ; 27 ; 93 ; 1 ; [0.63120063048739738] ; [0.1523086594745427]
840 ; 27 ; 93 ; 6 ; [0.17997133595270079] ; [0.47186640201697438]
840 ; 27 ; 93 ; 7 ; [0.46182740250278537] ; [0.18938179998667393]
840 ; 27 ; 94 ; 0 ; [0.14904477069054731] ; [0.44572764014528998]
840 ; 27 ; 94 ; 2 ; [0.099906217647059412] ; [0.44176141406337971]
840 ; 27 ; 94 ; 4 ; [11.509651945698209] ; [0.42775838425802554]
840 ; 27 ; 95 ; 0 ; [0.19111143719260895, 0.36654099721500383, 0.065539625892410733, 0.025056027451703957] ; [0.24686835037580449, 0.19281320655664866, 0.53259476828013397, 0.36068897272073208]
840 ; 27 ; 95 ; 1 ; [0.49357405953530664] ; [0.22109470923481245]
840 ; 27 ; 96 ; 0 ; [0.29584494427086788, 0.042884126559621448] ; [0.28159216672704518, 0.23931053071293099]
840 ; 27 ; 96 ; 2 ; [-0.0034578796655912029] ; [0.13618704994989719]
840 ; 27 ; 97 ; 0 ; [0.17272349388768674] ; [0.59364443320548699]
840 ; 27 ; 97 ; 1 ; [0.24492589018848596] ; [0.09995324121175693]
840 ; 27 ; 97 ; 2 ; [0.80271103129318933] ; [-0.0033806172498788644]
840 ; 27 ; 97 ; 3 ; [0.50170390997768055] ; [0.032579847790518972]
840 ; 27 ; 97 ; 4 ; [0.7214782814849825] ; [2.4475011928939789]
840 ; 27 ; 97 ; 5 ; [1.6280751997514593] ; [1.2592635694896499]
840 ; 27 ; 97 ; 6 ; [0.70015456125492648] ; [2.8244855322796174]
840 ; 27 ; 97 ; 11 ; [1.1570247633227466] ; [2.6247348735640563]
840 ; 27 ; 98 ; 0 ; [0.067362150210699231, -0.0070549916031704, -0.0085155352442390728, -0.0038034760562730978, -0.024873329326587399] ; [0.10778222622325867, 0.16624663555861727, 0.27462036282432484, 0.16708532405971802, 0.11138101096093549]
840 ; 27 ; 99 ; 0 ; [0.19756995055085519, 0.31375732330655232, 0.22220595255322351, 0.1223667297938108] ; [0.23799470435635589, 0.24776006965386937, 0.18083670994908868, 0.19865149936673948]
840 ; 27 ; 99 ; 1 ; [0.39041495379509278] ; [0.24538599632074401]
840 ; 27 ; 100 ; 0 ; [0.5159696470533166] ; [0.41774682006965752]
840 ; 27 ; 100 ; 2 ; [1.507864124623183] ; [1.4126871943625825]
840 ; 27 ; 100 ; 5 ; [2.2610683937339537] ; [0.16078908498789762]
840 ; 27 ; 100 ; 6 ; [0.89772708940799406] ; [0.83088328609538431]
840 ; 27 ; 100 ; 7 ; [2.018592306825425] ; [0.56858993279823156]
840 ; 27 ; 100 ; 12 ; [1.9490161818013279] ; [0.58663603361359051]
840 ; 27 ; 100 ; 16 ; [2.0508396225090553] ; [2.329887219209732]
840 ; 27 ; 100 ; 22 ; [3.6560265287506994] ; [0.84562107798940733]
840 ; 27 ; 100 ; 24 ; [1.4361801936531307] ; [0.98345953486941229]
840 ; 27 ; 100 ; 25 ; [2.1713637200963354] ; [1.165549200643504]
840 ; 27 ; 100 ; 27 ; [1.4234727786194967] ; [5.0077333978323084]
840 ; 27 ; 100 ; 31 ; [1.3192245601105248] ; [2.0673550751968626]
840 ; 27 ; 100 ; 37 ; [2.8232642322907764] ; [1.1122706489936502]
840 ; 27 ; 100 ; 40 ; [2.4657431534608496] ; [0.63121484582546694]
840 ; 27 ; 100 ; 41 ; [2.2688136818280733] ; [1.2605931836496593]
840 ; 27 ; 100 ; 51 ; [2.0520671823018066] ; [0.56344106530408877]
840 ; 27 ; 101 ; 0 ; [0.39341411530670467] ; [0.19765255550728381]
840 ; 27 ; 101 ; 1 ; [0.40413530184759616] ; [0.14555919682288296]
840 ; 27 ; 101 ; 3 ; [0.11974209628169627] ; [-0.006267812362966905]
840 ; 27 ; 102 ; 0 ; [0.13365968627190358, 0.098691733639074741, 0.77915840155163674] ; [0.16932175652624709, 0.33684347896633915, 0.98232062050936075]
840 ; 27 ; 102 ; 1 ; [0.15174892201316587] ; [0.053501691190254518]
840 ; 27 ; 103 ; 0 ; [1.6748741216811531] ; [0.70231304068606959]
840 ; 27 ; 103 ; 1 ; [0.80997834707311978] ; [1.0013487972976107]
840 ; 27 ; 103 ; 2 ; [1.8259950930791768] ; [0.71599370830435849]
840 ; 27 ; 103 ; 3 ; [1.2451241742078152] ; [0.95021325489334219]
840 ; 27 ; 103 ; 5 ; [1.1507679949463372] ; [0.91465797509101365]
840 ; 27 ; 104 ; 0 ; [0.284692314861346, 0.31436274817705406] ; [0.2732298040150053, 0.33279242990620161]
840 ; 27 ; 105 ; 0 ; [0.51731093063832401] ; [0.63214718040033713]
840 ; 27 ; 105 ; 1 ; [0.13878362369525626] ; [0.31483477387404946]
840 ; 27 ; 105 ; 2 ; [0.031071429816889276] ; [0.087582077312788192]
840 ; 27 ; 106 ; 0 ; [0.02400103914866299, 0.012632756178472839, 0.028443313286412576, 0.022039728862207248] ; [0.20405384485449837, 0.13288564225560787, 0.1535064505723743, 0.20334216249309858]
840 ; 27 ; 107 ; 0 ; [-0.067927659417706621] ; [-0.016902095842814793]
840 ; 27 ; 107 ; 1 ; [0.19267781215439714] ; [0.22475446899593696]
840 ; 27 ; 107 ; 4 ; [3.335690246737403] ; [1.253860585720697]
840 ; 27 ; 107 ; 5 ; [3.8577173920601133] ; [4.0675429986195955]
840 ; 27 ; 107 ; 6 ; [5.2791153170298317] ; [0.8654070978955577]
840 ; 27 ; 107 ; 8 ; [0.89673240607428928] ; [0.40910643529350355]
840 ; 27 ; 107 ; 9 ; [4.9519381127609936] ; [0.68687770135378012]
840 ; 27 ; 108 ; 4 ; [8.7259180230467344] ; [1.8199406822770259]
840 ; 27 ; 108 ; 6 ; [1.2854052493441606] ; [1.4070096730455328]
840 ; 27 ; 110 ; 0 ; [0.058253223010620248] ; [0.29534139086738109]
840 ; 27 ; 112 ; 0 ; [1.0223207873984577, 0.38261052959743636] ; [0.50334695658872819, 0.25227758009218965]
840 ; 27 ; 114 ; 0 ; [0.0011234279944630056] ; [0.069641957578350497]
840 ; 27 ; 114 ; 1 ; [8.5088203949561567] ; [1.2626808033416141]
840 ; 27 ; 114 ; 3 ; [0.28607415707125022] ; [0.51965425232890383]
840 ; 27 ; 115 ; 0 ; [0.16962631639609638, 0.041834640161533966, 0.031725394520972144, 0.018402139198166655, -0.006403348763481055] ; [0.12374536674489564, 0.34492338240228765, 0.22335007686691835, 0.26640961241329814, 0.36883480596664531]
840 ; 27 ; 115 ; 1 ; [0.25814019393168203, 0.22962135466580955] ; [0.29552995647569358, 0.15617126056475814]
840 ; 27 ; 115 ; 2 ; [0.003773439802985079] ; [0.10193863438957204]
840 ; 27 ; 116 ; 0 ; [0.14691857681690226] ; [0.46650849431236613]
840 ; 27 ; 116 ; 1 ; [0.34501488997374252] ; [0.3370030510843281]
840 ; 27 ; 116 ; 2 ; [2.4386609059836784] ; [0.26734716758533267]
840 ; 27 ; 116 ; 3 ; [0.67829575054531022] ; [1.2512627222529322]
840 ; 27 ; 116 ; 4 ; [1.8272824051571017] ; [0.08489998271220825]
840 ; 27 ; 116 ; 5 ; [2.5726075894630438] ; [0.79052412771363678]
840 ; 27 ; 117 ; 0 ; [0.17763378875663197, 0.00014326749781675032, 0.030246919689716753] ; [0.29409498213660595, 0.16909722226771629, 0.23189597018733071]
840 ; 27 ; 117 ; 2 ; [0.85407818697838189] ; [0.24729622531577464]
840 ; 27 ; 118 ; 0 ; [0.12334906325315688, 0.086573136139344087, 0.0092439508844599557] ; [0.19844078564641662, 0.15368654324257533, 0.0076477626391461447]
840 ; 27 ; 118 ; 1 ; [0.026432800252425379] ; [0.032296148234636918]
840 ; 27 ; 120 ; 0 ; [0.094377049534189253, 0.023825615268307666, 0.033272410466832956] ; [0.294587265373701, 0.15679339951787616, 0.1161561115404348]
840 ; 27 ; 120 ; 1 ; [0.15472049460498183] ; [-0.00090362093649561299]
840 ; 27 ; 121 ; 0 ; [0.34356714281156669] ; [0.77365981395966821]
840 ; 27 ; 121 ; 3 ; [1.4073229133936336] ; [0.73197156962428422]
840 ; 27 ; 121 ; 11 ; [0.17586128274087323] ; [0.23937733854600154]
840 ; 27 ; 122 ; 0 ; [0.14991311197147886] ; [0.18485680398281151]
840 ; 27 ; 122 ; 2 ; [1.1348524483815423] ; [0.027013416656185157]
840 ; 27 ; 122 ; 4 ; [0.011758204920796487] ; [0.079554907916918605]
840 ; 27 ; 123 ; 0 ; [0.41948215689854934, 0.507199336117101, 0.041352902490457998] ; [0.17015455665813883, 0.21989709058805551, 0.29975688963750918]
840 ; 27 ; 123 ; 1 ; [0.50818985441547282] ; [0.19123689617912681]
840 ; 27 ; 125 ; 0 ; [0.73262530089470479] ; [0.00689733435577002]
840 ; 27 ; 125 ; 2 ; [1.5096699722873104] ; [0.92493605701227144]
840 ; 27 ; 125 ; 3 ; [1.1572231009850631] ; [2.3631855970496973]
840 ; 27 ; 125 ; 5 ; [0.82233854683017948] ; [2.8717498280027569]
840 ; 27 ; 125 ; 7 ; [1.3041474514324438] ; [3.5921425583667528]
840 ; 27 ; 125 ; 8 ; [1.975527910210368] ; [0.016694159777054397]
840 ; 27 ; 126 ; 0 ; [0.15981927713376312, 0.062025613560211391] ; [0.31556721458702625, -0.028531426362604511]
840 ; 27 ; 126 ; 1 ; [0.095044414812864464] ; [0.030612216071770022]
840 ; 27 ; 127 ; 0 ; [0.9456426790122141] ; [0.01819718244669417]
840 ; 27 ; 127 ; 1 ; [1.1058138064589571] ; [0.4689226773169427]
840 ; 27 ; 127 ; 3 ; [1.6644856672596773] ; [0.51421246068649418]
840 ; 27 ; 127 ; 5 ; [-0.1198700071329039] ; [0.15391842486463353]
840 ; 27 ; 128 ; 0 ; [0.058463465485249062] ; [0.10174992279575029]
840 ; 27 ; 129 ; 0 ; [0.23244546856038104, 0.044863321674202442] ; [0.45110827441237389, 0.1517730305422812]
840 ; 27 ; 130 ; 2 ; [0.4559661349062748] ; [1.5136542056291997]
840 ; 27 ; 130 ; 6 ; [4.3165032364092752] ; [2.4804012480222224]
840 ; 27 ; 130 ; 9 ; [1.0729171648282592] ; [2.9512689168890671]
840 ; 27 ; 130 ; 16 ; [1.4732013090687914] ; [1.5102133194823733]
840 ; 27 ; 131 ; 2 ; [0.52774759511562719] ; [0.57484888887267649]
840 ; 27 ; 132 ; 0 ; [0.18311864525107815] ; [0.093596931918097814]
840 ; 27 ; 132 ; 2 ; [1.2193802933797229] ; [0.99245468440890938]
840 ; 27 ; 132 ; 3 ; [1.0575464792418614] ; [0.99736653712171297]
840 ; 27 ; 132 ; 5 ; [3.5242137230506301] ; [1.6936764355288105]
840 ; 27 ; 132 ; 8 ; [2.8110322064123898] ; [0.89451261477479016]
840 ; 27 ; 132 ; 11 ; [0.16160425197618516] ; [1.7330355926179455]
840 ; 27 ; 132 ; 13 ; [1.5638340671449211] ; [1.01657899926811]
840 ; 27 ; 132 ; 15 ; [1.214877011978456] ; [2.2647244197485255]
840 ; 27 ; 132 ; 16 ; [1.4278098479118331] ; [1.3613844292032866]
840 ; 27 ; 132 ; 20 ; [1.177148788023979] ; [1.0510415801776598]
840 ; 27 ; 133 ; 0 ; [0.71545279354668145] ; [0.62721398306488174]
840 ; 27 ; 133 ; 1 ; [0.2643868306612101] ; [0.060107240225870946]
840 ; 27 ; 133 ; 2 ; [0.41756074461511972] ; [0.51428412348163666]
840 ; 27 ; 134 ; 0 ; [0.23753265413178032] ; [0.24037107801316393]
840 ; 27 ; 134 ; 1 ; [4.6029359878970588] ; [1.9840933436810626]
840 ; 27 ; 135 ; 0 ; [0.25465538277504124] ; [0.69085107893464315]
840 ; 27 ; 135 ; 3 ; [1.6985005991586497] ; [1.4425925627237473]
840 ; 27 ; 136 ; 0 ; [0.11039499760388023, 0.16123721883385506, 0.12195026198288915, 0.034355976836473151] ; [0.23998849842159214, 0.17061886524959624, 0.19711828338249274, -0.023110864661285736]
840 ; 27 ; 136 ; 1 ; [0.19329103686372467, -0.013120062614570584] ; [0.21630161603281037, 0.093621431312452874]
840 ; 27 ; 136 ; 2 ; [1.8582361384282577] ; [0.033403666688791078]
840 ; 27 ; 137 ; 0 ; [0.36795977607592312] ; [1.4583901154642609]
840 ; 27 ; 137 ; 1 ; [0.2135779742787029] ; [0.32677089813800875]
840 ; 27 ; 137 ; 2 ; [0.98158648784088487] ; [1.5875310461655532]
840 ; 27 ; 137 ; 6 ; [0.93737071825126772] ; [0.71111693921146235]
840 ; 27 ; 137 ; 8 ; [1.6936925878961628] ; [4.0922432792074739]
840 ; 27 ; 137 ; 9 ; [0.82392248725774275] ; [1.8096141358573115]
840 ; 27 ; 137 ; 13 ; [2.0668691913598143] ; [2.3860227810149102]
840 ; 27 ; 137 ; 14 ; [-0.0091697246460711191] ; [0.35201169939578558]
840 ; 27 ; 137 ; 15 ; [1.8690249487761126] ; [3.6103949650314031]
840 ; 27 ; 137 ; 16 ; [2.331740089453612] ; [2.0344783518739895]
840 ; 27 ; 137 ; 17 ; [1.8671284636181971] ; [1.7890811342108253]
840 ; 27 ; 137 ; 18 ; [1.5042505441595098] ; [1.6886562566557484]
840 ; 27 ; 137 ; 20 ; [2.1510339524265492] ; [2.0128546039038584]
840 ; 27 ; 137 ; 22 ; [1.7430272186317317] ; [1.3174933515343008]
840 ; 27 ; 137 ; 23 ; [2.4689640779266937] ; [1.2979162683717518]
840 ; 27 ; 137 ; 25 ; [2.4439324551748358] ; [0.81451958490471765]
840 ; 27 ; 137 ; 26 ; [2.1855165197568551] ; [0.888443045285499]
840 ; 27 ; 137 ; 28 ; [2.6508751757198645] ; [0.24801961661181102]
840 ; 27 ; 137 ; 29 ; [2.872190719298708] ; [2.1092872897352031]
840 ; 27 ; 137 ; 30 ; [2.1407094614788829] ; [1.3226238847360197]
840 ; 27 ; 137 ; 31 ; [2.9844545318312163] ; [5.3600017050073374]
840 ; 27 ; 137 ; 33 ; [1.4766819079850189] ; [1.1030054818721426]
840 ; 27 ; 137 ; 34 ; [1.4055178097427992] ; [1.7335959866251962]
840 ; 27 ; 137 ; 39 ; [1.8144809921198284] ; [2.0471013398516815]
840 ; 27 ; 137 ; 40 ; [1.8323203999887143] ; [1.8271295770127196]
840 ; 27 ; 137 ; 41 ; [0.99323114252734712] ; [2.3025170044178846]
840 ; 27 ; 137 ; 42 ; [2.355001548660272] ; [2.0176340735892677]
840 ; 27 ; 138 ; 0 ; [2.1448826461943167] ; [1.6568490830655884]
840 ; 27 ; 140 ; 0 ; [0.26143502327862173] ; [0.93567879356257211]
840 ; 27 ; 141 ; 0 ; [0.19789318882564225, 0.40548247654882696] ; [0.15236633417302209, 0.20471677294689664]
840 ; 27 ; 142 ; 0 ; [0.54385952493630452] ; [0.15481452723997929]
840 ; 27 ; 142 ; 1 ; [0.2438150086128785] ; [0.46321722621381672]
840 ; 27 ; 142 ; 2 ; [0.50540781265519075] ; [0.62139866184525383]
840 ; 27 ; 142 ; 5 ; [0.082113173118938829] ; [0.25150307756815121]
840 ; 27 ; 143 ; 0 ; [0.45862938405518505, 0.23637267445663021, 0.91677240123758796] ; [0.56144744380609757, 0.16190107235263945, 0.84694895095380485]
840 ; 27 ; 143 ; 1 ; [0.33044902614681176] ; [0.26438575955849059]
840 ; 27 ; 144 ; 0 ; [0.15845101690409302] ; [0.057444601001657498]
840 ; 27 ; 144 ; 1 ; [0.16676565310612712] ; [0.11537375818284643]
840 ; 27 ; 144 ; 2 ; [0.26403621350562795, 0.23934998369973992, 0.20320708091978645, 0.10819265120564125, 0.088654941767605633] ; [0.54283628106904702, 0.17563554402225082, 0.23206200692037612, 0.19322576897813648, 0.079805723838342696]
840 ; 27 ; 145 ; 0 ; [0.038892870782498826] ; [0.074703963314235108]
840 ; 27 ; 145 ; 1 ; [1.4979005238017788] ; [0.32250631655848855]
840 ; 27 ; 145 ; 2 ; [0.46692847283756389] ; [0.68250223000051302]
840 ; 27 ; 145 ; 4 ; [0.62774821158439997] ; [0.65094213341680662]
840 ; 27 ; 145 ; 5 ; [0.11860525383453123] ; [0.087025773809767781]
840 ; 27 ; 146 ; 0 ; [0.14221725227173679, 0.18881756874787489, 0.39147664670844734] ; [0.21164669407279504, 0.21406334557497275, 0.93357298107184172]
840 ; 27 ; 147 ; 0 ; [0.089949680278981523, 0.16630767640888458, 0.020787452130093878] ; [0.17637681046023296, 0.23363807219486879, 0.1227223493323195]
840 ; 27 ; 148 ; 0 ; [0.098817674863902305, 0.22660487785490677, 0.072386817077438256, 0.030143116489789828] ; [0.35717640634792547, 0.64727742109371, 0.47772804074001429, 0.11270689679935539]
840 ; 27 ; 148 ; 1 ; [0.005863020358579633] ; [0.08482328396650142]
840 ; 27 ; 149 ; 0 ; [0.023440442293997988, 0.054314574596669059] ; [0.13691492343816408, 0.19733229386221185]
840 ; 27 ; 149 ; 1 ; [0.30366887801472503] ; [0.44564123701245312]
840 ; 27 ; 149 ; 2 ; [0.048186533325300387] ; [0.0040617002597221003]
840 ; 27 ; 149 ; 3 ; [0.037815370410017798] ; [0.037710740937350003]
840 ; 27 ; 150 ; 0 ; [0.12393608785243579, 1.1370420963440675] ; [0.42211088056005863, 0.13794491234350736]
840 ; 27 ; 150 ; 1 ; [0.41443386197085513] ; [0.1371515579376239]
840 ; 27 ; 150 ; 2 ; [0.62329840291187022] ; [0.47128224138727759]
840 ; 27 ; 150 ; 3 ; [0.34385337219599205] ; [0.012862801592376846]
840 ; 27 ; 150 ; 4 ; [0.46568140817496501] ; [0.52692158242353693]
840 ; 27 ; 150 ; 5 ; [0.20251643394402544] ; [0.41058555053356866]
840 ; 27 ; 150 ; 6 ; [0.38684440284412819] ; [0.32953522625130471]
840 ; 27 ; 150 ; 9 ; [0.038761216528313762] ; [0.14980094623091433]
840 ; 27 ; 150 ; 16 ; [0.47249764228871366] ; [0.2524065677506952]
840 ; 27 ; 151 ; 0 ; [1.2417121817737027] ; [0.58516350707721454]
840 ; 27 ; 151 ; 1 ; [0.34130925274561719] ; [0.037810185135125185]
840 ; 27 ; 151 ; 7 ; [5.2569555807658208] ; [0.28527386393675097]
840 ; 27 ; 151 ; 11 ; [1.4900239151630537, 0.40597727894897739] ; [0.71115749286770114, 0.28215620894065818]
840 ; 27 ; 152 ; 0 ; [0.68014275357057929] ; [0.669573645782647]
840 ; 27 ; 152 ; 2 ; [0.12176416396813054, 0.1620917730164918] ; [0.49706481836809913, 0.083120772968940479]
840 ; 27 ; 152 ; 4 ; [0.31345879671597959] ; [0.16399143192925594]
840 ; 27 ; 153 ; 0 ; [0.29836914933631592] ; [0.50165765947310381]
840 ; 27 ; 153 ; 6 ; [0.52935153112181288] ; [0.17878626764172653]
840 ; 27 ; 154 ; 0 ; [0.21035624044091222, 0.26768015141002038] ; [0.40965953615370471, 0.18285870740785293]
840 ; 27 ; 154 ; 1 ; [0.027664919606677774] ; [0.14657823779867146]
840 ; 27 ; 155 ; 4 ; [0.81308629813950917] ; [-0.013413804010955798]
840 ; 27 ; 156 ; 1 ; [0.95541432221922107] ; [0.077211186103934501]
840 ; 27 ; 156 ; 2 ; [0.62161260320933132] ; [0.072107979056249938]
840 ; 27 ; 156 ; 7 ; [0.48645714799932549] ; [0.23141360258918772]
840 ; 27 ; 158 ; 0 ; [0.101712808950325, 0.11449332202149509] ; [0.24970935894544782, 0.3012737663186375]
840 ; 27 ; 158 ; 1 ; [0.23432502006984526] ; [0.11601222405255168]
840 ; 27 ; 159 ; 0 ; [0.79830362377329389] ; [0.045710349352939654]
840 ; 27 ; 159 ; 1 ; [3.475325182384887] ; [2.9414946125009371]
840 ; 27 ; 159 ; 2 ; [1.657680859548726] ; [4.4462646715091561]
840 ; 27 ; 159 ; 5 ; [3.762053505631247] ; [2.958738754980764]
840 ; 27 ; 159 ; 8 ; [8.326433095115167] ; [3.2699802991039024]
840 ; 27 ; 159 ; 10 ; [4.3637642515451702] ; [1.7458769151985536]
840 ; 27 ; 159 ; 11 ; [7.6209470860523778] ; [1.5418450186513233]
840 ; 27 ; 159 ; 12 ; [1.6757462603474866] ; [3.5739666679470137]
840 ; 27 ; 159 ; 15 ; [1.8039531688511115] ; [3.4376029334826645]
840 ; 27 ; 159 ; 19 ; [0.47452534987292561] ; [2.850424189917272]
840 ; 27 ; 159 ; 23 ; [1.9636836703048959] ; [4.295203689810382]
840 ; 27 ; 159 ; 24 ; [1.7257071590459789] ; [4.4378459387368911]
840 ; 27 ; 160 ; 0 ; [0.49044508714461604] ; [0.93385808301986095]
840 ; 27 ; 160 ; 1 ; [0.14641250056644914] ; [0.0020980411289273338]
840 ; 27 ; 160 ; 2 ; [1.0707455022132046] ; [0.51666874866735846]
840 ; 27 ; 160 ; 3 ; [1.0786501023851736] ; [0.088040935828528191]
840 ; 27 ; 160 ; 5 ; [0.48924865704615189] ; [0.28911093796033455]
840 ; 27 ; 160 ; 6 ; [0.039805049564545891] ; [0.00095339848099680483]
840 ; 27 ; 160 ; 12 ; [0.93300281888743752] ; [0.0026743452033440827]
840 ; 27 ; 161 ; 0 ; [1.3666188983855005, 0.19982782979791894, 0.21416740588797814, 0.040363963894787504, -0.0050446181151863794] ; [0.1407023378155203, 0.35808836135434624, 0.20001509160462, 0.55534867993571291, -0.023677829885361084]
840 ; 27 ; 162 ; 1 ; [0.35380794046500913, 0.39969557710321607] ; [0.29643383018819014, 0.15806512638561399]
840 ; 27 ; 164 ; 0 ; [0.0066875585930431291] ; [0.009097170791043321]
840 ; 27 ; 164 ; 7 ; [0.073268131559298497] ; [0.03805480960326213]
840 ; 27 ; 165 ; 0 ; [0.23212988296380432, 0.35048496152818148, 0.40517045142296187] ; [0.22019668343657833, 0.37422861141480973, 0.30277505925030196]
840 ; 27 ; 165 ; 1 ; [0.10437143259243119] ; [-0.014658047782366755]
840 ; 27 ; 165 ; 3 ; [0.80302779725416984] ; [0.010973962650552657]
840 ; 27 ; 166 ; 1 ; [0.30136234434764608] ; [0.35856295949355743]
840 ; 27 ; 166 ; 2 ; [0.29588139860273593] ; [0.79727391832428851]
840 ; 27 ; 166 ; 3 ; [0.0073312223078677409] ; [0.17811924332616433]
840 ; 27 ; 167 ; 0 ; [1.7221459741299878] ; [0.20451636499999068]
840 ; 27 ; 167 ; 3 ; [1.8841730779335311] ; [0.069074391467981749]
840 ; 27 ; 167 ; 6 ; [0.87746996553299039] ; [2.6377760398652184]
840 ; 27 ; 167 ; 9 ; [2.0673440398597367] ; [3.8499127698848512]
840 ; 27 ; 168 ; 0 ; [0.002283261840600498, 0.0084979507785692496, -0.0074213220566249618] ; [0.13234929852392227, 0.18858577556110198, 0.047979950134830182]
840 ; 27 ; 169 ; 0 ; [-0.022042601785089582, 0.092926165358590829] ; [0.03887325848760171, 0.059762337277030564]
840 ; 27 ; 170 ; 0 ; [1.452813456389271] ; [0.55313067971250018]
840 ; 27 ; 171 ; 0 ; [0.39571128799918454] ; [0.12236397161991001]
840 ; 27 ; 172 ; 1 ; [0.75961848882643468] ; [0.28950507390569452]
840 ; 27 ; 172 ; 3 ; [0.87077162228068528] ; [0.25933820929783918]
840 ; 27 ; 173 ; 0 ; [0.10796879706850021, 0.058612064628638411, 0.053683508528067511] ; [0.23961887548383287, 0.18516071273449955, 0.088763284608465928]
840 ; 27 ; 174 ; 0 ; [0.020920547875952961, 0.040099396074027981, 0.13626890587742793] ; [0.25153504436333868, 0.28327950380872124, 0.095981090488830412]
840 ; 27 ; 175 ; 0 ; [0.25108714142907768] ; [1.9407021169528429]
840 ; 27 ; 175 ; 1 ; [0.29630506257617872] ; [0.35592686447149613]
840 ; 27 ; 176 ; 0 ; [0.10751025146095469, 0.069794381472955358, 0.87668820445978624] ; [0.19465697760322828, 0.10943762166240729, 0.035181955510876432]
840 ; 27 ; 176 ; 1 ; [0.051753434577550293] ; [0.16307135726810773]
840 ; 27 ; 177 ; 0 ; [0.12093172739817697] ; [0.059986146723458512]
840 ; 27 ; 177 ; 3 ; [0.13017154736493264, 0.21709812502371886, 0.069424062104028267] ; [0.18066714145410834, 0.3206549854018228, 0.29737825893343839]
840 ; 27 ; 178 ; 0 ; [0.34260899694088215] ; [0.19560553424466939]
840 ; 27 ; 178 ; 6 ; [3.7682053389624919] ; [1.553982102272244]
840 ; 27 ; 178 ; 8 ; [5.3791689175694115] ; [1.3961931337578599]
840 ; 27 ; 178 ; 9 ; [3.6849609407369721] ; [0.87012228113439161]
840 ; 27 ; 178 ; 10 ; [4.8153935179782046] ; [1.8064913818015449]
840 ; 27 ; 179 ; 0 ; [0.55788787692580089, 0.32905409533861235, 0.16469856558716189, 0.12042837324292897] ; [0.32292999970439529, 0.45944039270927417, 0.25795808702772899, 0.47279232759858469]
840 ; 27 ; 180 ; 0 ; [1.931430037416505] ; [0.43719054220846931]
840 ; 27 ; 180 ; 1 ; [2.9379242424833394] ; [1.1794968426573922]
840 ; 27 ; 180 ; 2 ; [0.9855821008763096] ; [0.27083979451706269]
840 ; 27 ; 180 ; 3 ; [1.2241998063476964] ; [1.3705481519796159]
840 ; 27 ; 180 ; 14 ; [3.1997967878028124] ; [1.8740773681899365]
840 ; 27 ; 180 ; 15 ; [0.53380553794770436] ; [0.21707317018703806]
840 ; 27 ; 181 ; 0 ; [0.58643424982340697] ; [0.29021217516358372]
840 ; 27 ; 181 ; 2 ; [0.18828782541475328] ; [0.16345232727603862]
840 ; 27 ; 182 ; 0 ; [0.0072812304270365724, -0.009121704160348975, 0.019091016765301061] ; [0.16964753081928383, 0.16778526565566662, 0.40913917486419304]
840 ; 27 ; 183 ; 0 ; [0.0018835595930405402, 0.0046467273420346513, -0.02914181015379886] ; [0.21021113382902823, 0.19669991468018233, 0.036551443693220012]
840 ; 27 ; 184 ; 0 ; [0.25889364024845829, 0.18634401486071833, 0.17750961049638325, 0.10665316993805456] ; [0.23913370107941431, 0.32243537572339082, 0.1690843652689844, 0.023747628733073532]
840 ; 27 ; 185 ; 2 ; [0.65016782916595273] ; [0.050243562673289104]
840 ; 27 ; 185 ; 4 ; [0.044960727665486214, 0.069647549067849257, 0.41187304891705051] ; [0.24224935192578465, 0.241298808903434, 0.20986042901774196]
840 ; 27 ; 186 ; 0 ; [0.1368468243053575, 1.007060214604703, 0.31785654967924198, 0.17927189175099395, 0.12810186539406329] ; [0.042045895479585142, 0.32972406372472496, 0.24420453907832523, 0.38594703354200477, 0.17317775014647549]
840 ; 27 ; 187 ; 0 ; [0.20981334055062484] ; [0.046273578569383168]
840 ; 27 ; 187 ; 1 ; [0.080888161162410113] ; [1.1872467746869739]
840 ; 27 ; 187 ; 3 ; [0.41251553716237011] ; [0.3920632226095685]
840 ; 27 ; 188 ; 0 ; [0.33265692499378996] ; [0.18533669541472908]
840 ; 27 ; 190 ; 0 ; [0.13571357956936977, 0.14705328306384113, 0.25362708827052605, 0.082357659921556997, 0.056679864062991553] ; [0.27112005845762094, 0.31782771111332242, 0.36857529181904092, 0.26714882588446864, 0.16518708493791789]
840 ; 27 ; 190 ; 1 ; [-0.01238765722850298] ; [0.18806936364174104]
840 ; 27 ; 191 ; 0 ; [-0.047209239268862772] ; [0.044999216023432854]
840 ; 27 ; 191 ; 4 ; [1.3338101126006263] ; [-0.0012520734710294008]
840 ; 27 ; 192 ; 0 ; [0.48285978325858581] ; [0.56318972086101904]
840 ; 27 ; 192 ; 2 ; [0.52830626823003202] ; [0.24655031944713751]
840 ; 27 ; 192 ; 5 ; [1.4444905743953256] ; [0.80239462139820228]
840 ; 27 ; 193 ; 1 ; [1.2766499319932638] ; [0.28234373053635725]
840 ; 27 ; 193 ; 3 ; [0.0033179734522214518] ; [2.2147877579226178]
840 ; 27 ; 193 ; 5 ; [0.012580591851590248] ; [2.9380369675763189]
840 ; 27 ; 193 ; 8 ; [0.022950583512677456] ; [1.4064083160581349]
840 ; 27 ; 193 ; 13 ; [0.05081475921942593] ; [1.6516311411284705]
840 ; 27 ; 194 ; 0 ; [0.078192430869211502, 0.30377602318139946, 0.084091227604256677] ; [0.17626603945185967, 0.2645797141761041, 0.12083831463976989]
840 ; 27 ; 195 ; 0 ; [0.66416754690298285] ; [0.60790601973732339]
840 ; 27 ; 195 ; 6 ; [0.47076058357276584, 0.51781398749227803] ; [0.57305378481530034, 0.60298829779139096]
840 ; 27 ; 196 ; 0 ; [0.14926227807878603, 0.11932428252552997, 0.033451085774178338] ; [0.20702815773910072, 0.27492111684670312, 0.053802538682952289]
840 ; 27 ; 196 ; 1 ; [0.22817210717169631] ; [0.1753174723624083]
840 ; 27 ; 197 ; 2 ; [-0.007316279244517462] ; [0.14316240302719613]
840 ; 27 ; 197 ; 5 ; [0.6277744979412222] ; [0.46895883555410672]
840 ; 27 ; 197 ; 7 ; [0.46060114857973378] ; [0.46517160947831837]
840 ; 27 ; 198 ; 0 ; [0.25458426133846385, 0.13963113639618688, 0.22739980232163229, 0.14461708614113009] ; [0.15814009104235935, 0.15021572982948739, 0.72170183589940251, 0.19367769593680556]
840 ; 27 ; 199 ; 0 ; [0.078438902351234477] ; [-0.019416885191529759]
840 ; 27 ; 200 ; 0 ; [0.0074726188478554823, 0.010628560232518076, -0.0050047035138383149] ; [0.17572539368695278, 0.25035299600017286, 0.08499084631628756]
840 ; 27 ; 201 ; 0 ; [0.18192744070619002, 0.078839534700959404] ; [-0.032477258258758031, 0.040934326434899644]
840 ; 27 ; 202 ; 0 ; [0.28884515684554724, 0.13171965299180746, 0.58312123726274256] ; [0.28105704973294782, 0.19408304775859378, 0.51278037673683308]
840 ; 27 ; 203 ; 3 ; [0.032764985312088747] ; [1.2897745206080837]
840 ; 27 ; 203 ; 5 ; [0.59707717671452742] ; [5.438494517813969]
840 ; 27 ; 206 ; 0 ; [0.16060198352781888] ; [0.075612827548521944]
840 ; 27 ; 206 ; 1 ; [0.017777307017430972] ; [0.081055946651328148]
840 ; 27 ; 207 ; 1 ; [1.139690592358094] ; [1.5348984721693206]
840 ; 27 ; 207 ; 10 ; [1.1035302230809068] ; [0.54967586803012658]
840 ; 27 ; 208 ; 0 ; [0.43852893367905604, 0.18663503203105294] ; [0.49779895980555394, 0.19327806555243343]
840 ; 27 ; 208 ; 1 ; [0.50789058853075753] ; [0.71202961410879551]
840 ; 27 ; 208 ; 3 ; [0.05427910536662988] ; [0.32848366432408671]
840 ; 27 ; 209 ; 1 ; [1.3527736542628799] ; [1.525237188125842]
840 ; 27 ; 209 ; 3 ; [3.4884630799503076] ; [2.0463443595776951]
840 ; 27 ; 209 ; 4 ; [1.4711317403048312] ; [1.3997621996916381]
840 ; 27 ; 209 ; 5 ; [2.900158649878271] ; [3.2499624016529221]
840 ; 27 ; 209 ; 6 ; [3.9573682231008287] ; [1.8656870941457482]
840 ; 27 ; 209 ; 7 ; [1.3185723116494565] ; [2.7917872759041349]
840 ; 27 ; 209 ; 8 ; [5.6454071803495349] ; [2.0097997864689461]
840 ; 27 ; 209 ; 10 ; [1.1902737231289675] ; [3.0070090259335389]
840 ; 27 ; 209 ; 12 ; [1.5000229802632985] ; [1.7786321068786852]
840 ; 27 ; 209 ; 14 ; [0.48359667937744433] ; [2.1706568763333394]
840 ; 27 ; 209 ; 15 ; [0.53382722184422571] ; [2.2586197995535136]
840 ; 27 ; 209 ; 17 ; [0.90921434661560152] ; [1.3615012612518553]
840 ; 27 ; 210 ; 0 ; [-0.0040528322790926632, 0.044232772820195311] ; [0.1545158517374656, 0.15558059169765029]
840 ; 27 ; 211 ; 0 ; [0.34554746680237003, 0.53033782446634536] ; [0.51722343789994207, 0.22142629046697856]
840 ; 27 ; 211 ; 1 ; [-0.014356637338775503] ; [0.03699873657284828]
840 ; 27 ; 211 ; 3 ; [0.4487854657231285] ; [0.732920423267021]
840 ; 27 ; 211 ; 5 ; [0.15100852776220394] ; [0.47774115335032852]
840 ; 27 ; 212 ; 0 ; [0.72434840013660462] ; [0.47821675310694134]
840 ; 27 ; 212 ; 1 ; [0.17487162961712399] ; [0.015054077110657375]
840 ; 27 ; 213 ; 0 ; [0.096419557866797428, 0.56256228121707197] ; [0.1157511398131459, 0.43159859708696507]
840 ; 27 ; 213 ; 1 ; [-0.12058200756830464] ; [0.4900094253966128]
840 ; 27 ; 213 ; 6 ; [1.9032626589066082] ; [0.86995085824026264]
840 ; 27 ; 213 ; 7 ; [2.4270897963681652] ; [1.7649152680858273]
840 ; 27 ; 213 ; 8 ; [1.300005320770955] ; [1.147126029715122]
840 ; 27 ; 213 ; 9 ; [0.87790471612538501] ; [1.062971384656388]
840 ; 27 ; 215 ; 0 ; [1.5979154701708032] ; [0.6947324428699555]
840 ; 27 ; 215 ; 1 ; [0.62447981809674913] ; [1.4265698394511241]
840 ; 27 ; 215 ; 2 ; [0.65970175814478815] ; [1.2769238016763433]
840 ; 27 ; 215 ; 7 ; [1.4242488936340394] ; [0.94974030376949425]
840 ; 27 ; 215 ; 10 ; [0.23902298004832154] ; [0.44760965671684649]
840 ; 27 ; 215 ; 12 ; [5.6527162671917637] ; [1.7220012778078939]
840 ; 27 ; 215 ; 13 ; [0.93053544365581742] ; [0.93831738930563025]
840 ; 27 ; 215 ; 14 ; [0.27673571381186751] ; [3.192891480913711]
840 ; 27 ; 215 ; 17 ; [4.4378645077766734] ; [2.2308656533254547]
840 ; 27 ; 215 ; 19 ; [2.3823440379802694] ; [2.0374067347225946]
840 ; 27 ; 217 ; 0 ; [0.26862142636457681, 0.13056458993006709, 0.17584336505063339] ; [0.24625670118351656, 0.15318113161182006, 0.26679547125668845]
840 ; 27 ; 218 ; 1 ; [0.61359653763459709] ; [0.44825117826677613]
840 ; 27 ; 218 ; 3 ; [4.670952030143547] ; [0.082094536350587027]
840 ; 27 ; 218 ; 8 ; [0.39493384608247117] ; [0.12340657160272364]
840 ; 27 ; 218 ; 15 ; [0.48825693539933535] ; [0.27001535689241357]
840 ; 27 ; 219 ; 0 ; [0.16877205081743318, 0.34155915489401212] ; [0.28607232376282798, 0.22779428284246933]
840 ; 27 ; 219 ; 1 ; [0.28705010611397064] ; [0.44901806410420253]
840 ; 27 ; 219 ; 3 ; [0.88427142797421621] ; [0.47989479729719731]
840 ; 27 ; 221 ; 0 ; [0.19333904531390445, 0.54692824108188154] ; [0.29145849057859974, 0.33166679046927905]
840 ; 27 ; 221 ; 1 ; [-0.048546977334097394, 0.028371590951919226] ; [-0.031613410790469393, 0.025367131826385721]
840 ; 27 ; 222 ; 0 ; [0.013199003248927714, 0.0056753467723068074] ; [0.23397063126921069, 0.1306183108619097]
840 ; 27 ; 222 ; 1 ; [0.7627973364678744] ; [1.2332836204138671]
840 ; 27 ; 222 ; 3 ; [0.93573189575818072] ; [1.0721870810479255]
840 ; 27 ; 223 ; 0 ; [-0.0015614094300702469, 0.062031156950133483, 0.22005717367000394, 0.10997338404190529] ; [0.15321171742933881, 0.1797392955488826, 0.23126932556184956, 0.11258172411043893]
840 ; 27 ; 223 ; 1 ; [1.2380721374087369] ; [-0.0074503358286884206]
840 ; 27 ; 224 ; 1 ; [0.4589209426477705] ; [0.41967055598271352]
840 ; 27 ; 224 ; 4 ; [2.0790178647336908] ; [2.1164041552509394]
840 ; 27 ; 224 ; 5 ; [0.63210531872111952] ; [0.36426002306926253]
840 ; 27 ; 224 ; 6 ; [3.0990449279661294] ; [2.1309103601584223]
840 ; 27 ; 224 ; 7 ; [3.701740014751564] ; [0.50238548179311404]
840 ; 27 ; 224 ; 8 ; [1.5084103831217504] ; [2.7941785867736404]
840 ; 27 ; 224 ; 9 ; [1.4030160708181239] ; [1.4025533946762461]
840 ; 27 ; 224 ; 10 ; [2.2719144900090562] ; [2.4841704220416676]
840 ; 27 ; 224 ; 11 ; [0.28626165266727827] ; [2.0191523400074476]
840 ; 27 ; 224 ; 12 ; [2.2851864475009327] ; [1.495465476855049]
840 ; 27 ; 224 ; 13 ; [1.6373414157754491] ; [1.2721236953360759]
840 ; 27 ; 224 ; 15 ; [2.046071733903128] ; [1.605524873771224]
840 ; 27 ; 224 ; 16 ; [0.80772546764527819] ; [2.2251907984486774]
840 ; 27 ; 224 ; 17 ; [2.7323366982461614] ; [1.7776137059793284]
840 ; 27 ; 224 ; 18 ; [1.3898526391257862] ; [2.3152977632401157]
840 ; 27 ; 224 ; 19 ; [2.4032181845093961] ; [2.3379699283523001]
840 ; 27 ; 224 ; 22 ; [1.08774487618216] ; [3.2076007928668613]
840 ; 27 ; 224 ; 23 ; [1.7637470906083759] ; [3.7156726905178523]
840 ; 27 ; 224 ; 25 ; [1.776191045208944] ; [3.021997894416927]
840 ; 27 ; 224 ; 27 ; [2.0708709187902614] ; [1.2750529196328351]
840 ; 27 ; 224 ; 30 ; [2.2146888671568168] ; [1.4999993585977291]
840 ; 27 ; 224 ; 33 ; [1.3263789549266474] ; [2.3549754205758564]
840 ; 27 ; 224 ; 34 ; [2.7146333581420357] ; [2.7183446759326206]
840 ; 27 ; 224 ; 35 ; [2.1809783926041324] ; [2.0843897081361358]
840 ; 27 ; 224 ; 36 ; [1.7656917497014588] ; [2.1591909625382626]
840 ; 27 ; 225 ; 0 ; [0.9262831620645301] ; [0.12741589367726044]
840 ; 27 ; 225 ; 4 ; [1.3964922200224741] ; [1.2337160530577769]
840 ; 27 ; 226 ; 0 ; [0.0055547008829770457, 0.091803677577511442] ; [0.22409907694143802, 0.54374360757299689]
840 ; 27 ; 226 ; 2 ; [-0.02562144924054327] ; [0.1003230053844093]
840 ; 27 ; 227 ; 0 ; [0.020894347662732654, 0.26949336457874035] ; [8.0211529968832824e-05, -0.0031820300009664524]
840 ; 27 ; 228 ; 0 ; [0.016337005349217299] ; [0.31666569475907197]
840 ; 27 ; 228 ; 6 ; [0.41802337354184621] ; [0.40173214846133942]
840 ; 27 ; 229 ; 0 ; [1.062980152077551] ; [0.4634855667190978]
840 ; 27 ; 229 ; 1 ; [0.46462103568273172] ; [0.15920547650993111]
840 ; 27 ; 229 ; 5 ; [-0.0026635013705007299] ; [0.38436454102058271]
840 ; 27 ; 230 ; 3 ; [4.2502861228893307] ; [0.86442401006522218]
840 ; 27 ; 230 ; 9 ; [1.82490970389857] ; [0.4001258555635579]
840 ; 27 ; 230 ; 10 ; [2.0122503532266642] ; [2.3378845656657394]
840 ; 27 ; 230 ; 13 ; [9.2201855617501405] ; [6.9458440694071824]
840 ; 27 ; 231 ; 0 ; [0.16524345974414362] ; [0.052249326339631988]
840 ; 27 ; 231 ; 1 ; [1.5858862050382265] ; [0.70993006240682688]
840 ; 27 ; 231 ; 2 ; [2.2268082562045479] ; [1.6217116421436821]
840 ; 27 ; 231 ; 3 ; [1.0114007387883532] ; [2.1605325533568154]
840 ; 27 ; 231 ; 4 ; [0.88502293961824519] ; [1.421987644142686]
840 ; 27 ; 232 ; 0 ; [1.5431557616985674] ; [0.14234231531002714]
840 ; 27 ; 232 ; 1 ; [0.042448865116812041] ; [0.14610907243095708]
840 ; 27 ; 232 ; 3 ; [1.6349690570008344] ; [0.9872924444971668]
840 ; 27 ; 232 ; 9 ; [2.3715481964911] ; [2.0351566857509318]
840 ; 27 ; 232 ; 10 ; [2.4540264995626999] ; [1.3907311674450105]
840 ; 27 ; 232 ; 16 ; [2.9637421054208581] ; [2.5781698406056872]
840 ; 27 ; 234 ; 0 ; [0.018757719098548748, 0.085209265748361171, -0.01699697278408123] ; [0.19688945782724718, 0.21860604771921213, 0.22732165478209124]
840 ; 27 ; 234 ; 1 ; [0.23226823994539048] ; [0.11863554173036363]
840 ; 27 ; 235 ; 0 ; [3.6549513191188723] ; [0.55503310158899433]
840 ; 27 ; 235 ; 1 ; [1.1802437700388879] ; [0.51229452349503479]
840 ; 27 ; 235 ; 2 ; [1.0047280703995773] ; [0.12198140367400008]
840 ; 27 ; 235 ; 4 ; [6.4954032528004104] ; [0.49839210413392676]
840 ; 27 ; 236 ; 0 ; [-0.061698503319045181] ; [-0.057650519868871763]
840 ; 27 ; 237 ; 1 ; [0.20717139475277804] ; [0.18636718322948354]
840 ; 27 ; 238 ; 0 ; [0.18572896050691992, 1.321483125650555] ; [0.14130590423145506, 0.065395913919909968]
840 ; 27 ; 238 ; 1 ; [0.17968955979376666] ; [0.30375381656872003]
840 ; 27 ; 238 ; 2 ; [0.074503862328194392] ; [0.20215414200563214]
840 ; 27 ; 239 ; 0 ; [0.034310470063766307, 0.18182375403751636, 0.0772390050563867, 0.060377330172193516] ; [0.31131574518109228, 0.21694849903190375, 0.20181855719975919, 0.040735510616841254]
840 ; 27 ; 239 ; 1 ; [-0.012856480874510754] ; [0.25920657876955616]
840 ; 27 ; 240 ; 0 ; [0.099272210216036286, 0.28345794259424489, 1.5036580154616119] ; [0.12035071236448999, 0.53503378139626478, 0.3161980508651403]
840 ; 27 ; 240 ; 2 ; [0.84612626026124282] ; [0.51959820485311847]
840 ; 27 ; 242 ; 0 ; [0.37266738659009641] ; [0.28905568842613311]
840 ; 27 ; 243 ; 3 ; [4.020263169424501] ; [2.027441230264746]
840 ; 27 ; 244 ; 0 ; [0.1785464965003252] ; [0.082489170350149021]
840 ; 27 ; 245 ; 0 ; [0.23526096375013011, 0.28595862601075361, 0.21993614737261064, 0.13322302785486947] ; [0.22064746965915175, 0.19538071890200076, 0.19091779791243899, 0.15312066817537631]
840 ; 27 ; 246 ; 13 ; [2.0876522490414851] ; [0.98476640746526867]
840 ; 27 ; 247 ; 0 ; [-0.70487877771475527] ; [0.85167149155329269]
840 ; 27 ; 247 ; 1 ; [0.69095956827765814, 0.19164949790033833, 0.095754738270460049, 0.069848164537067187, 0.024913595844386779] ; [0.29395674185164244, 0.41521772943880231, 0.3089054149572335, 0.18644905623991406, 0.15006924064642116]
840 ; 27 ; 248 ; 0 ; [0.3275735493928375] ; [0.13902734265003558]
840 ; 27 ; 248 ; 3 ; [0.37300493945390795] ; [0.17418214324456102]
840 ; 27 ; 248 ; 4 ; [0.40413023114574359] ; [0.3083318684099744]
840 ; 27 ; 249 ; 1 ; [0.32528726841752403] ; [0.089188205138768004]
840 ; 27 ; 249 ; 2 ; [0.91856833079002231] ; [0.58554099189775111]
840 ; 27 ; 249 ; 9 ; [1.2885265854992072] ; [1.0439288741961463]
840 ; 27 ; 250 ; 0 ; [0.27841719781890156, 0.26638184102788898, 0.00013289784769823958] ; [0.40617224327376927, 0.45730098130654323, 0.07944812197303093]
840 ; 27 ; 250 ; 3 ; [-0.035936259854484405] ; [0.0076306229752839145]
840 ; 27 ; 251 ; 0 ; [0.20033704494215182, 0.31236914307386193] ; [0.16688349373720171, 0.24761764673775499]
840 ; 27 ; 251 ; 1 ; [-0.0033001908105784739] ; [-0.0028422404601416568]
840 ; 27 ; 253 ; 0 ; [0.18992070470624769, 0.059594450988463124, 0.093202641535867409] ; [0.36324109625203416, 0.1896834749369137, 0.099672389921858312]
840 ; 27 ; 253 ; 1 ; [0.46615668894285461, 0.50742110588340728] ; [0.33499987555893435, 0.23219141806715318]
840 ; 27 ; 254 ; 1 ; [1.1925276061485082] ; [1.702244068545532]
840 ; 27 ; 254 ; 2 ; [0.21178647942596368] ; [1.6418552605811718]
840 ; 27 ; 254 ; 3 ; [1.10794156934101] ; [0.0032135033306040814]
840 ; 27 ; 254 ; 4 ; [1.5469431042805255] ; [0.45523901492053459]
840 ; 27 ; 254 ; 6 ; [0.81675834796128499] ; [2.3500833137304604]
840 ; 27 ; 254 ; 7 ; [1.0255313312101118] ; [2.0824321783789919]
840 ; 27 ; 255 ; 0 ; [0.096445384624844421] ; [0.017655925992366449]
840 ; 27 ; 256 ; 0 ; [0.16780273030788675, 0.095913292090797797] ; [0.22384369555521921, 0.25756976821121297]
840 ; 27 ; 257 ; 0 ; [1.8358051582685402] ; [2.3328088987880515]
840 ; 27 ; 257 ; 1 ; [0.6870563487887128] ; [1.1803284324881962]
840 ; 27 ; 257 ; 2 ; [2.7267106593557764] ; [1.4075470059785449]
840 ; 27 ; 257 ; 3 ; [2.7977277274088901] ; [2.0853677301927735]
840 ; 27 ; 257 ; 4 ; [2.2678328997360144] ; [1.7385860012250074]
840 ; 27 ; 257 ; 5 ; [1.0183860387526664] ; [1.5457521939084444]
840 ; 27 ; 257 ; 6 ; [1.387130076328984] ; [2.1189327099340884]
840 ; 27 ; 257 ; 7 ; [1.2189639194052331] ; [3.6048385618606673]
840 ; 27 ; 257 ; 10 ; [0.34114195760599814] ; [2.0778951324210748]
840 ; 27 ; 258 ; 0 ; [0.16740210631412719, 0.28316172566143594] ; [0.35154229315058838, 0.39291540584492851]
840 ; 27 ; 258 ; 1 ; [0.41168220874912048] ; [0.16847019252384146]
840 ; 27 ; 258 ; 4 ; [-0.029227966096801221] ; [-0.13647934415411939]
840 ; 27 ; 258 ; 6 ; [0.29094456018548781, 0.44179011711113869, -0.011769021127691058] ; [0.58788067005140254, 0.36763796058267822, 0.19904009034099868]
840 ; 27 ; 259 ; 1 ; [0.0038213289545809626, 0.038014915814015511, 0.029000331203771993] ; [0.13358922761550368, 0.17966598179581278, 0.17081310645068762]
840 ; 27 ; 260 ; 5 ; [1.1869845413167441] ; [1.3628462868193314]
840 ; 27 ; 260 ; 10 ; [0.58767373460703387] ; [1.3141350483728216]
840 ; 27 ; 260 ; 11 ; [1.2210532990714813] ; [2.3895501437758981]
840 ; 27 ; 262 ; 1 ; [0.34062408374953324] ; [0.10143412642222237]
840 ; 27 ; 262 ; 6 ; [2.9317788084376444] ; [0.69065153232137477]
840 ; 27 ; 263 ; 0 ; [0.29476488892225278, 0.20355392449914186, 0.22053367498755869] ; [0.38459574506570798, 0.14399095033828702, 0.26830859078517955]
840 ; 27 ; 263 ; 1 ; [0.30182713650618576, 0.2581409583044294] ; [0.1603163046264387, 0.075586523289630086]
840 ; 27 ; 263 ; 2 ; [0.011614775538460178] ; [0.21345980867803505]
840 ; 27 ; 263 ; 3 ; [-0.013731673295377037] ; [0.0039107897700804504]
840 ; 27 ; 265 ; 0 ; [0.44371155843935695] ; [0.33645221700623618]
840 ; 27 ; 265 ; 1 ; [0.81849759456583948] ; [0.13318865297756199]
840 ; 27 ; 266 ; 0 ; [0.63029702973208945] ; [4.6431784680067372]
840 ; 27 ; 266 ; 4 ; [1.812266802520657] ; [2.9034291218946904]
840 ; 27 ; 266 ; 5 ; [1.4090195751338661] ; [2.5981745288677547]
840 ; 27 ; 267 ; 0 ; [0.10177993148280792] ; [0.17160133532675093]
840 ; 27 ; 268 ; 1 ; [1.4964689000742335] ; [2.5060983110005797]
840 ; 27 ; 268 ; 2 ; [2.5015911790533907] ; [0.82930112601453898]
840 ; 27 ; 268 ; 3 ; [1.1057075620980596] ; [1.7710303960104949]
840 ; 27 ; 268 ; 5 ; [0.20271158080772217] ; [1.7720073500777922]
840 ; 27 ; 268 ; 6 ; [0.2427808618653283] ; [2.4557131950978563]
840 ; 27 ; 268 ; 7 ; [1.3814742801883235] ; [0.82001401361333992]
840 ; 27 ; 268 ; 9 ; [0.99665315951889943] ; [2.2365162611681795]
840 ; 27 ; 268 ; 11 ; [1.1413655696734644] ; [0.91153445025438984]
840 ; 27 ; 268 ; 12 ; [3.3413801972208503] ; [1.0096667917424182]
840 ; 27 ; 268 ; 13 ; [2.0711754022460656] ; [1.3784681684341873]
840 ; 27 ; 268 ; 14 ; [2.585663762916695] ; [1.3473563195151108]
840 ; 27 ; 268 ; 15 ; [3.694540051070053] ; [0.92128104969457814]
840 ; 27 ; 268 ; 16 ; [2.7996492451320343] ; [0.89333018119751617]
840 ; 27 ; 268 ; 17 ; [3.2298423399461464] ; [2.9504053659761755]
840 ; 27 ; 268 ; 20 ; [2.7044190155393992] ; [3.3134513491328508]
840 ; 27 ; 268 ; 23 ; [0.20682704443228447] ; [2.1166940803034571]
840 ; 27 ; 268 ; 31 ; [1.7944742926630211] ; [2.5139248467478796]
840 ; 27 ; 268 ; 32 ; [1.9952968586304807] ; [2.5233754949724139]
840 ; 27 ; 268 ; 33 ; [5.7778355021028887] ; [2.4388453145916862]
840 ; 27 ; 268 ; 34 ; [3.7869318518471893] ; [2.7932814560012988]
840 ; 27 ; 269 ; 0 ; [4.4975896575270911] ; [4.1768063808029297]
840 ; 27 ; 269 ; 1 ; [0.60807739139666839] ; [0.054238284661693115]
840 ; 27 ; 269 ; 2 ; [1.891787653983078] ; [0.2191493527986095]
840 ; 27 ; 269 ; 3 ; [1.8868324048472465] ; [0.61961990967990255]
840 ; 27 ; 269 ; 4 ; [3.777178911337062] ; [1.3113866859884808]
840 ; 27 ; 269 ; 5 ; [0.14363630731302912] ; [2.2974234210438724]
840 ; 27 ; 269 ; 6 ; [0.069574150683067548] ; [0.89261456351040525]
840 ; 27 ; 269 ; 8 ; [2.0148415994618993] ; [3.9151741940107945]
840 ; 27 ; 269 ; 9 ; [1.9511073738744582] ; [3.3653743673446508]
840 ; 27 ; 269 ; 10 ; [0.14856197377354008] ; [3.549426842826171]
840 ; 27 ; 269 ; 13 ; [1.0112493764676613] ; [2.7248931861650405]
840 ; 27 ; 270 ; 0 ; [0.62434378344314856] ; [0.94500812846903248]
840 ; 27 ; 270 ; 1 ; [0.22710190707224384] ; [0.23456596155071113]
840 ; 27 ; 270 ; 2 ; [0.45951132441049392] ; [0.66515611694845234]
840 ; 27 ; 271 ; 0 ; [0.24431488682636668, 0.016343412827578847] ; [0.31416569601678962, 0.15264012797783605]
840 ; 27 ; 271 ; 1 ; [0.025700099640623697] ; [0.014086416756949976]
840 ; 27 ; 272 ; 0 ; [0.32983619279254783] ; [0.41995418711165289]
840 ; 27 ; 272 ; 2 ; [1.7679146827811878] ; [3.2584734187011284]
840 ; 27 ; 273 ; 0 ; [0.41237786405847754] ; [0.53176175236198808]
840 ; 27 ; 273 ; 1 ; [0.78886100693256356] ; [0.52911760470755109]
840 ; 27 ; 273 ; 2 ; [1.7218275592423318] ; [0.41331621561081827]
840 ; 27 ; 273 ; 3 ; [0.20011536937018354] ; [0.68769389266677183]
840 ; 27 ; 273 ; 4 ; [0.90566254825155124] ; [0.42133545194471606]
840 ; 27 ; 273 ; 6 ; [0.61382386038216952] ; [0.5703534457549575]
840 ; 27 ; 273 ; 10 ; [0.58678122466786142] ; [2.0334478112338727]
840 ; 27 ; 274 ; 3 ; [1.1833070412972206] ; [0.89060724977140127]
840 ; 27 ; 274 ; 5 ; [0.43069204650275794] ; [0.53778072857331649]
840 ; 27 ; 274 ; 6 ; [0.46546466151589266] ; [0.82446413841789856]
840 ; 27 ; 274 ; 18 ; [0.34462361166462468] ; [0.50248196769809228]
840 ; 27 ; 274 ; 19 ; [0.50817140673229677] ; [2.3338351759570592]
840 ; 27 ; 275 ; 1 ; [0.67637995570582532] ; [0.17812227162130934]
840 ; 27 ; 275 ; 2 ; [0.12923226826241718] ; [0.0024837008003623594]
840 ; 27 ; 276 ; 0 ; [0.36880801299292232] ; [0.06947131029500124]
840 ; 27 ; 276 ; 4 ; [0.71032251635569732] ; [0.52877268500806152]
840 ; 27 ; 277 ; 0 ; [0.083184375346198589, 0.066157258878413533, 0.077718587541947423, 0.049163989592929239] ; [0.10465014902418837, 0.1954274874362856, 0.28488277227965247, -0.0075541128313782293]
840 ; 27 ; 278 ; 0 ; [0.4093966226390231, 0.094333299838827794] ; [0.45822615888717227, 0.12413632753031928]
840 ; 27 ; 279 ; 0 ; [1.2161789500807779e-05, 0.046131513527475014, 0.060952718237539047, 0.36442648965408203, 0.65035582346263465] ; [0.12362023421692186, 0.14510923423104866, 0.18774431652857435, 0.62744372224857403, 0.10760013996948244]
840 ; 27 ; 280 ; 0 ; [0.057289047491730492, 0.65661048940944444] ; [0.2834202341401344, 1.2879579854995515]
840 ; 27 ; 280 ; 2 ; [0.59094349330256613] ; [0.0097802582901056079]
840 ; 27 ; 281 ; 0 ; [0.17410265262302577, 0.20387610302514636, 0.36215170151675313] ; [0.33194346076890313, 0.21050379483289403, 0.09930535541839916]
840 ; 27 ; 281 ; 1 ; [-0.0023233816523359689] ; [0.10109653906135753]
840 ; 27 ; 282 ; 0 ; [0.098275783697778368, 0.043759076081795384, 0.025487803392184202] ; [0.14487953553516369, 0.2050232145840071, 0.13411859203290763]
840 ; 27 ; 283 ; 0 ; [0.24481814297123067] ; [0.21869062837828454]
840 ; 27 ; 283 ; 1 ; [0.094898612344480049] ; [0.28740413388000108]
840 ; 27 ; 284 ; 0 ; [0.21568670112005001, 0.17760529523640264] ; [0.12664663927647732, 0.19056958823354916]
840 ; 27 ; 284 ; 1 ; [0.045654166673215001] ; [-0.020777191729964232]
840 ; 27 ; 284 ; 2 ; [0.017576934711891978] ; [0.28487395488724737]
840 ; 27 ; 285 ; 1 ; [0.62428301834230993] ; [0.41758770207460266]
840 ; 27 ; 285 ; 2 ; [1.4026119302443032] ; [0.73524949494703129]
840 ; 27 ; 285 ; 9 ; [2.2963708670041956] ; [0.40746918959894374]
840 ; 27 ; 285 ; 10 ; [0.93831398536096522] ; [0.3766981828865984]
840 ; 27 ; 285 ; 45 ; [0.53047296345297634] ; [0.28420101398707731]
840 ; 27 ; 286 ; 0 ; [0.10415764458446056, 0.070307479857243754, -0.014314749102678992] ; [0.23922972680817503, 0.21732493116443546, 0.076002225826289432]
840 ; 27 ; 286 ; 1 ; [0.034558439265294179] ; [0.026597878470981162]
840 ; 27 ; 287 ; 0 ; [0.038998606673224599] ; [0.056431967093574696]
840 ; 27 ; 287 ; 1 ; [-0.0054427299068637346, 0.043474390867333491] ; [0.25016458729530427, 0.18000958719036023]
840 ; 27 ; 288 ; 0 ; [0.12080508046399144, 0.17975441284833135, 0.32502643888316157] ; [0.19445271312408938, 0.18385040858401677, 0.18735126346579128]
840 ; 27 ; 288 ; 1 ; [0.0092212993288947661] ; [-0.0079479956981963178]
840 ; 27 ; 289 ; 0 ; [0.47040546889233842, 0.1504357069155012] ; [0.018699369913048887, 0.052916566945860305]
840 ; 27 ; 289 ; 1 ; [0.91061557353574418] ; [0.61612270095946631]
840 ; 27 ; 289 ; 7 ; [1.2177584690662497] ; [0.97188297898998077]
840 ; 27 ; 290 ; 0 ; [0.18228000999112631] ; [0.73577443353583483]
840 ; 27 ; 290 ; 1 ; [1.1861156623246034] ; [0.79636038420055399]
840 ; 27 ; 290 ; 3 ; [1.1537155072182488] ; [4.5796090761121973e-05]
840 ; 27 ; 290 ; 8 ; [0.093741629901573822] ; [1.7971817553425913]
840 ; 27 ; 291 ; 2 ; [0.29826100219823953, 0.10292533903938514] ; [0.42011261713603282, 0.29275901569318491]
840 ; 27 ; 292 ; 0 ; [-0.018485134327551] ; [0.059054630066614287]
840 ; 27 ; 293 ; 1 ; [0.12320068445145888, 0.27767563317423249, 0.35700925390558869] ; [0.15213491215891958, 0.19131541285410808, 0.50799118779299823]
840 ; 27 ; 295 ; 3 ; [0.85115733779463509, 1.0922664055546305] ; [0.67336598927734526, 0.8702573805647813]
840 ; 27 ; 296 ; 0 ; [0.0055320283502649156, 0.019787696387225003, 0.0048925676970125601, -0.0011422180778417319] ; [0.12263556329188582, 0.10877025208343215, 0.15143959155992118, 0.1495649255381773]
840 ; 27 ; 296 ; 1 ; [0.35962119085612804] ; [0.19517783680868625]
840 ; 27 ; 296 ; 2 ; [0.78142811558421721] ; [0.081648505503781527]
840 ; 27 ; 296 ; 3 ; [1.1050798993178481] ; [0.023638506080611275]
840 ; 27 ; 297 ; 0 ; [0.20100853664517274] ; [0.099703564172007292]
840 ; 27 ; 297 ; 1 ; [0.77862523239006254] ; [1.3696620250261322]
840 ; 27 ; 298 ; 0 ; [2.0131863847516738] ; [3.8495661752535071]
840 ; 27 ; 298 ; 7 ; [0.50255907186595394] ; [1.1614774043610563]
840 ; 27 ; 299 ; 0 ; [0.20903476891909226, 0.094770110979578881] ; [0.17286665782953181, 0.1457631107614821]
840 ; 27 ; 300 ; 0 ; [0.11829854690892989, 0.016898147127773717, -0.0064792657231124446] ; [0.14279565172134448, 0.28423520657276735, 0.047776653419524917]
840 ; 27 ; 300 ; 1 ; [0.54595995977880163] ; [0.12505544630621945]
840 ; 27 ; 300 ; 2 ; [0.99286716615139503] ; [-0.022850645576634687]
840 ; 27 ; 301 ; 0 ; [0.19538565542401021] ; [0.0044211274599345266]
840 ; 27 ; 301 ; 11 ; [0.37457277422932117] ; [0.9493177878732344]
840 ; 27 ; 302 ; 0 ; [0.16476432495185583, 0.19560225204726109] ; [0.16945962035752724, 0.097031770262937869]
840 ; 27 ; 302 ; 1 ; [0.5225099541572884] ; [0.010189261971590509]
840 ; 27 ; 303 ; 0 ; [0.26454704573520432] ; [0.14299274079479224]
840 ; 27 ; 303 ; 3 ; [0.27306009817410198] ; [0.57529854099644417]
840 ; 27 ; 304 ; 0 ; [0.10951226759896111, 0.16580486833284092, 0.14811787935208059] ; [0.26151325777120499, 0.28332527824963916, 0.34800208073741618]
840 ; 27 ; 305 ; 0 ; [-0.014477138132308803] ; [-6.3567606399853816e-05]
840 ; 27 ; 306 ; 0 ; [0.12490208127754851] ; [0.38680648125553169]
840 ; 27 ; 306 ; 7 ; [1.5608959815254246] ; [1.3286943736871164]
840 ; 27 ; 307 ; 0 ; [-0.0068105544508909625] ; [0.56448759675641569]
840 ; 27 ; 307 ; 4 ; [0.4300241539937279] ; [0.7679651169983488]
840 ; 27 ; 307 ; 5 ; [0.76617084481161579] ; [0.077746325264870284]
840 ; 27 ; 308 ; 11 ; [1.2269962014165559] ; [0.5324141237416955]
840 ; 27 ; 308 ; 12 ; [1.4815845533301717] ; [0.14382079609417889]
840 ; 27 ; 308 ; 13 ; [1.0811967664983031] ; [0.85579085609574024]
840 ; 27 ; 308 ; 23 ; [1.6685018591515304] ; [1.0320380047320108]
840 ; 27 ; 309 ; 2 ; [0.25344101963613158] ; [1.9211306258025282]
840 ; 27 ; 310 ; 1 ; [1.0569652426126779] ; [1.1554453081178289]
840 ; 27 ; 310 ; 2 ; [1.6557763949369935] ; [0.775185721323983]
840 ; 27 ; 311 ; 0 ; [0.20483781653410202, 0.13541192284527243, 0.073214798241430665] ; [0.25602124853768965, 0.15249461495097361, 0.16479358224838739]
840 ; 27 ; 313 ; 0 ; [0.087682392829593378] ; [0.08813401102815048]
840 ; 27 ; 313 ; 2 ; [0.74980138661277995] ; [1.1470983885063153]
840 ; 27 ; 313 ; 3 ; [1.484477055070637] ; [1.6031789709920168]
840 ; 27 ; 314 ; 0 ; [0.033134647123874539, 0.025427684780695896, -0.0023256060434481375] ; [0.1833050287045575, 0.18277168780818834, 0.19013665029007129]
840 ; 27 ; 315 ; 0 ; [0.19671386946907549] ; [0.34512850094075492]
840 ; 27 ; 315 ; 1 ; [0.76187439180144889] ; [0.83884664921104701]
840 ; 27 ; 315 ; 2 ; [0.34203251349747338] ; [0.11857732769136049]
840 ; 27 ; 315 ; 3 ; [0.30546658399272164] ; [0.64234978542490351]
840 ; 27 ; 315 ; 4 ; [0.93450160712591512] ; [0.5500055735016347]
840 ; 27 ; 315 ; 6 ; [1.393139286298688] ; [0.32724139600514124]
840 ; 27 ; 315 ; 9 ; [0.24705347684089365] ; [0.30768328797722067]
840 ; 27 ; 315 ; 11 ; [1.8511674757443835] ; [1.165066004894197]
840 ; 27 ; 316 ; 2 ; [1.2407707293352779] ; [0.90151181126406144]
840 ; 27 ; 316 ; 15 ; [1.6947591982271653] ; [1.1035498836097366]
840 ; 27 ; 316 ; 17 ; [2.1505219865409968] ; [1.6193501599132785]
840 ; 27 ; 316 ; 18 ; [2.0797045031969943] ; [2.0894667103705076]
840 ; 27 ; 317 ; 1 ; [0.62165005261005601] ; [0.39416954657448816]
840 ; 27 ; 317 ; 2 ; [2.0640085924532015] ; [1.5815095875668661]
840 ; 27 ; 317 ; 6 ; [1.183561268316514] ; [2.3466254226454031]
840 ; 27 ; 317 ; 7 ; [1.5821616272287418] ; [2.0739143351763665]
840 ; 27 ; 317 ; 9 ; [0.9770636716017207] ; [1.7047635415009048]
840 ; 27 ; 317 ; 10 ; [2.4476783606767105] ; [0.41882635362167941]
840 ; 27 ; 317 ; 11 ; [2.3362903749259134] ; [2.2061313227907839]
840 ; 27 ; 317 ; 12 ; [2.1208646467402112] ; [2.1618527408465775]
840 ; 27 ; 317 ; 13 ; [1.0182487420538282] ; [0.40357696183531849]
840 ; 27 ; 317 ; 15 ; [1.6897284900935279] ; [0.41068807041922006]
840 ; 27 ; 317 ; 17 ; [2.0590696977327867] ; [0.36911146458011385]
840 ; 27 ; 317 ; 18 ; [2.0524563875427781] ; [0.41221413436397358]
840 ; 27 ; 317 ; 19 ; [1.2970806564829809] ; [2.8377860634599741]
840 ; 27 ; 317 ; 20 ; [1.2551065121421969] ; [1.9748621808558875]
840 ; 27 ; 317 ; 21 ; [1.5252412112584144] ; [1.7905704104852185]
840 ; 27 ; 317 ; 22 ; [1.5196631278132713] ; [3.1443816390195769]
840 ; 27 ; 317 ; 28 ; [1.2303376359939373] ; [1.7184023117648073]
840 ; 27 ; 317 ; 33 ; [1.8243263440983801] ; [0.51689691330196508]
840 ; 27 ; 318 ; 0 ; [0.25225761087982396] ; [0.29841937049829265]
840 ; 27 ; 318 ; 1 ; [3.2010949592957214] ; [0.22883338497545896]
840 ; 27 ; 318 ; 2 ; [0.35411667728446783] ; [-0.025171723819609838]
840 ; 27 ; 319 ; 0 ; [0.60239930026719313] ; [0.23918376491358606]
840 ; 27 ; 319 ; 2 ; [0.70386856314682378] ; [0.47217917201257925]
840 ; 27 ; 320 ; 1 ; [-0.0015923910432945915] ; [0.015681997333592976]
840 ; 27 ; 320 ; 2 ; [0.1031469856397233] ; [0.13597884179534969]
840 ; 27 ; 321 ; 0 ; [0.036079127889469063, 0.11000823368361456, 0.61390484691744585] ; [0.32417798360083361, 0.29643834608963843, 0.053869477602531628]
840 ; 27 ; 321 ; 1 ; [0.73280008886616255] ; [0.08438321923060893]
840 ; 27 ; 321 ; 2 ; [0.1540152874952482, 0.28626215249556325] ; [0.25489352053355707, 0.095646466770539812]
840 ; 27 ; 323 ; 0 ; [0.66047635580329089, 0.15427747540243461] ; [0.72583348673851023, 0.25409277902734456]
840 ; 27 ; 323 ; 1 ; [0.33631032826338081, 0.87096179963649301, 0.42440515774809323] ; [0.24430572623356078, 0.6356502165531166, 0.52169110947519204]
840 ; 27 ; 324 ; 0 ; [0.037977041553670057, 0.0034328562597180988, 0.37612144660206343, 0.60951914153656028, 0.015199735350439952] ; [0.099489316217540438, 0.25797981303803869, 0.16090184212458483, 1.0040554885063582, 0.078706079113588956]
840 ; 27 ; 325 ; 0 ; [1.4159960408126582, 0.40780858411426718] ; [0.40252655126979731, 0.23887004247178423]
840 ; 27 ; 325 ; 1 ; [0.19093744373310648] ; [0.04605635349547077]
840 ; 27 ; 325 ; 3 ; [3.9010425692863997] ; [1.6060854159185298]
840 ; 27 ; 325 ; 4 ; [5.7395632630239524] ; [1.5867458688143052]
840 ; 27 ; 325 ; 6 ; [0.69319822636665829] ; [4.5430598803997224]
840 ; 27 ; 325 ; 8 ; [2.1094520807291071] ; [1.4262494636595526]
840 ; 27 ; 325 ; 9 ; [7.9900217816701149] ; [2.7317021453596215]
840 ; 27 ; 326 ; 0 ; [0.2365470619679082, 0.24487424771780084, 0.4376670456406877] ; [0.13983929496915559, 0.21508878941238793, 0.16230422696015367]
840 ; 27 ; 327 ; 0 ; [0.72747827571594681] ; [0.37396243144804386]
840 ; 27 ; 328 ; 7 ; [1.3583448722638536] ; [1.2406602779012235]
840 ; 27 ; 328 ; 8 ; [0.41615213559418818] ; [1.6690323270816469]
840 ; 27 ; 329 ; 0 ; [1.1475223573762074] ; [0.5954712318037596]
840 ; 27 ; 331 ; 1 ; [3.8154359026876037] ; [0.80853944307024772]
840 ; 27 ; 331 ; 2 ; [1.3217614859849218] ; [0.47786928873742357]
840 ; 27 ; 331 ; 3 ; [0.44341237823059049] ; [0.61425418605683813]
840 ; 27 ; 331 ; 5 ; [0.1131053335606866] ; [0.78216095389284224]
840 ; 27 ; 331 ; 10 ; [1.4966168889618947] ; [0.071432136038776281]
840 ; 27 ; 331 ; 24 ; [0.33012168278755466] ; [0.37628845759102231]
840 ; 27 ; 332 ; 0 ; [0.1178495653875738] ; [0.56912452893473742]
840 ; 27 ; 332 ; 1 ; [0.21427240344543175] ; [0.56099596244590266]
840 ; 27 ; 332 ; 2 ; [0.1391761601862469] ; [0.31094107339407456]
840 ; 27 ; 332 ; 4 ; [1.1495182198768148] ; [0.38430384518690375]
840 ; 27 ; 333 ; 0 ; [0.64589311486848888] ; [0.14061561291460561]
840 ; 27 ; 333 ; 2 ; [0.14863108120071936] ; [0.094573047448069256]
840 ; 27 ; 334 ; 0 ; [0.19782750174461358] ; [0.00064015508808332048]