# Run ; Subrun ; Event ; Track ; Charge Ratios View 0 ; Charge Ratios View 1 #
840 ; 21 ; 0 ; 0 ; [0.0033990183870454323] ; [0.35006763832000959]
840 ; 21 ; 0 ; 1 ; [0.18474057804416147] ; [0.34321471458688146]
840 ; 21 ; 0 ; 2 ; [0.51273293118637009] ; [0.12803115134978141]
840 ; 21 ; 0 ; 3 ; [1.2643634699175792] ; [0.21389785769832986]
840 ; 21 ; 1 ; 0 ; [0.42067835131090531, 0.17819065271069456, 0.2808849979411307, 0.38926075694760376] ; [0.26412755813055988, 0.26155218724545576, 0.43945262295349452, 0.25031055403195485]
840 ; 21 ; 1 ; 1 ; [-0.030607584493526907] ; [0.11862203955128998]
840 ; 21 ; 2 ; 0 ; [0.46494021907155947] ; [0.43199181050397711]
840 ; 21 ; 2 ; 1 ; [0.24514284433904759] ; [0.190361001893493]
840 ; 21 ; 2 ; 2 ; [0.79560431056006031] ; [0.33672164507215835]
840 ; 21 ; 2 ; 10 ; [0.025381188898175325] ; [0.95746946579934367]
840 ; 21 ; 2 ; 13 ; [0.90505914817604671] ; [0.064296620312002215]
840 ; 21 ; 3 ; 0 ; [0.33478005087060297] ; [0.29962672328563311]
840 ; 21 ; 3 ; 1 ; [0.038420901741326056, 0.014230487450744456] ; [0.18837502008167287, 0.04736993813101649]
840 ; 21 ; 3 ; 2 ; [0.1426282157094764] ; [0.087511696774117423]
840 ; 21 ; 3 ; 4 ; [0.22396394321810983] ; [0.11785351931163875]
840 ; 21 ; 4 ; 0 ; [0.27531332988882845] ; [0.12347344033106744]
840 ; 21 ; 4 ; 3 ; [0.75102329283221958] ; [0.6311200839980059]
840 ; 21 ; 5 ; 0 ; [0.023477936321001897] ; [0.08008036449354422]
840 ; 21 ; 5 ; 1 ; [0.57487798192737027] ; [0.15332347023933965]
840 ; 21 ; 5 ; 2 ; [0.60803240288013338] ; [0.49524380032064735]
840 ; 21 ; 5 ; 6 ; [0.28397554038769579] ; [0.8224310678884329]
840 ; 21 ; 6 ; 0 ; [0.61818184323393399] ; [0.88425575654059163]
840 ; 21 ; 6 ; 2 ; [1.831204896772975] ; [1.1812783164000724]
840 ; 21 ; 6 ; 3 ; [0.95201591332854818] ; [1.4938889404722659]
840 ; 21 ; 6 ; 8 ; [1.4088769818014506] ; [1.3986036657027101]
840 ; 21 ; 6 ; 10 ; [0.63158335796045906] ; [0.9742083048523712]
840 ; 21 ; 6 ; 16 ; [1.1554235091668079] ; [2.49216501662805]
840 ; 21 ; 6 ; 17 ; [4.028986207821295] ; [1.2444760860313882]
840 ; 21 ; 7 ; 0 ; [0.37214457722935546, 1.2059150871295541] ; [0.5411613141587277, 1.0657372970902297]
840 ; 21 ; 8 ; 0 ; [-0.0021766920990024178] ; [0.28704119720116933]
840 ; 21 ; 8 ; 1 ; [0.030113021552087633] ; [0.040368310646294932]
840 ; 21 ; 9 ; 0 ; [1.5037047722127741] ; [0.071745023209984785]
840 ; 21 ; 9 ; 1 ; [1.6897828220264941] ; [0.54158329092451207]
840 ; 21 ; 9 ; 2 ; [0.03905469706901276] ; [0.32035493063819359]
840 ; 21 ; 9 ; 8 ; [1.9679842697720247] ; [2.204607634457378]
840 ; 21 ; 9 ; 9 ; [0.026459288516922762] ; [1.3299167855579956]
840 ; 21 ; 9 ; 10 ; [1.7978554636128334] ; [0.88885995863625711]
840 ; 21 ; 9 ; 11 ; [1.9232385294472532] ; [1.2496078329786855]
840 ; 21 ; 9 ; 12 ; [2.2905811196358963] ; [1.1747998567100379]
840 ; 21 ; 9 ; 13 ; [0.0084375758455304938] ; [1.0538747184304227]
840 ; 21 ; 9 ; 14 ; [0.014925005915658858] ; [4.0116042557310907]
840 ; 21 ; 10 ; 0 ; [0.062367211654564145, 0.23594603320099544, 0.096921462099268427, 0.25090423839272757, 0.18086523730938459] ; [0.52333526009807829, 0.13760660041716519, 0.35138117741735325, 0.31874045818607422, 0.27533466442801541]
840 ; 21 ; 11 ; 0 ; [0.15977181135301743] ; [0.54250550710279311]
840 ; 21 ; 11 ; 1 ; [4.7666379479466965] ; [0.43902860394386745]
840 ; 21 ; 11 ; 2 ; [0.0962674799612145] ; [1.2833549341118271]
840 ; 21 ; 11 ; 3 ; [3.7646714092410161] ; [0.29351712852926132]
840 ; 21 ; 12 ; 0 ; [0.49213893843653639] ; [0.11353108694682561]
840 ; 21 ; 13 ; 0 ; [0.15323348917050689] ; [0.32216405500840312]
840 ; 21 ; 13 ; 1 ; [4.9212777050018905] ; [0.03230336951182726]
840 ; 21 ; 13 ; 9 ; [3.8891416012562319] ; [1.193647325148401]
840 ; 21 ; 14 ; 0 ; [0.2810850990963244, 0.55169527979433441] ; [0.24319702199826498, 0.47586538940711404]
840 ; 21 ; 14 ; 1 ; [0.57093762164725625] ; [0.72650443467117232]
840 ; 21 ; 14 ; 3 ; [-0.016809804902803413] ; [-0.017193721163004608]
840 ; 21 ; 14 ; 4 ; [0.34233923200821875] ; [0.47708604394188586]
840 ; 21 ; 14 ; 6 ; [0.22713342211927071] ; [0.13090584003980421]
840 ; 21 ; 15 ; 0 ; [0.11961237568849811, 0.055667851380405309] ; [0.23394333451921084, 0.14291109489240467]
840 ; 21 ; 16 ; 0 ; [0.32712330149183821] ; [0.36292554253928416]
840 ; 21 ; 16 ; 2 ; [0.90813150494856321] ; [1.5630465070258126]
840 ; 21 ; 16 ; 5 ; [0.7391358357254002] ; [0.5520850772061896]
840 ; 21 ; 16 ; 8 ; [1.1822238936440994] ; [0.84700000495632122]
840 ; 21 ; 17 ; 0 ; [0.16772537756226066, 0.28260019720823432, 0.18684924529746935, 0.18988312346423161, 0.15698938873720353] ; [0.058223639567462002, 0.28674701298105787, 0.17790895606285398, 0.2287522450790061, 0.22743039020253172]
840 ; 21 ; 18 ; 0 ; [0.17894503208498955] ; [0.16195244305900852]
840 ; 21 ; 18 ; 1 ; [0.45952139523833763] ; [0.031474232472188307]
840 ; 21 ; 19 ; 0 ; [0.19271957706263146, 0.29560758312206098, 0.30991152456793958, 0.27929133299261333, 0.6234312922998293] ; [0.18637475557166064, 0.26020515910771552, 0.18951243699276213, 0.1623620732957067, 0.08775297150590583]
840 ; 21 ; 20 ; 2 ; [0.034404256820629947, 0.58567509577768362, 0.75282368315436587] ; [0.02686992557797746, 0.1034374290224708, 0.13210305993570315]
840 ; 21 ; 20 ; 3 ; [0.95830585227620102] ; [2.6891354002424226]
840 ; 21 ; 21 ; 0 ; [0.31908544408431516, 0.21076902309595238, 0.15849134797381964] ; [0.18316446658248939, 0.34045656137500818, 0.077461350424040065]
840 ; 21 ; 21 ; 1 ; [0.076766043343205179] ; [0.046860097411391625]
840 ; 21 ; 22 ; 0 ; [0.20500079843536664, 0.26482701523255303, 0.1455431693097638, 0.53820049646889179] ; [0.14637740086231268, 0.15085598207068013, 0.16146358487130189, 0.13174230342926288]
840 ; 21 ; 23 ; 1 ; [0.33122007559673933] ; [0.081988134761936421]
840 ; 21 ; 24 ; 0 ; [0.054549093311813526, 1.0178317857588901] ; [0.17591102712445567, 0.43096880409082405]
840 ; 21 ; 24 ; 1 ; [1.293358160815711] ; [0.3660865135120398]
840 ; 21 ; 25 ; 0 ; [0.60907480728035635] ; [1.5537364907275901]
840 ; 21 ; 25 ; 1 ; [1.7443159154260472] ; [3.7264061323453759]
840 ; 21 ; 25 ; 4 ; [1.3625306326383342] ; [4.0315270902520108]
840 ; 21 ; 25 ; 9 ; [1.4636072697156883] ; [0.64633307467881329]
840 ; 21 ; 25 ; 11 ; [3.0609752928828566] ; [2.6844312864804789]
840 ; 21 ; 25 ; 21 ; [0.036751617986926208] ; [1.6207212669071704]
840 ; 21 ; 25 ; 22 ; [1.0513627120642961] ; [0.92563657557388357]
840 ; 21 ; 26 ; 0 ; [0.27613829881352642, 0.10680081838694774] ; [0.30773446436415419, 0.088176808656853206]
840 ; 21 ; 27 ; 0 ; [0.98275811723664719] ; [0.27343708513679016]
840 ; 21 ; 27 ; 1 ; [0.68984244822952623] ; [0.086820378736702189]
840 ; 21 ; 27 ; 5 ; [0.44861488165950358] ; [0.44402735055258136]
840 ; 21 ; 28 ; 0 ; [0.16722941851650427, 0.17374255286595375, 0.2662521119777832] ; [0.30268396684703947, 0.21173183904176021, 0.25528252938404555]
840 ; 21 ; 28 ; 1 ; [0.49209259925359405] ; [0.2224620468222267]
840 ; 21 ; 28 ; 3 ; [0.14169660698008327] ; [0.25433640836129823]
840 ; 21 ; 28 ; 4 ; [0.27461376916945962] ; [0.075905098510827912]
840 ; 21 ; 29 ; 0 ; [0.13623126286141887, 0.12763763881751874, 0.072793657733584441] ; [0.18834939245258889, 0.15712199832004514, 0.11231634996601596]
840 ; 21 ; 29 ; 1 ; [0.20700135007355591, 0.70419447743961994] ; [0.1798090539881558, 0.15833825618685224]
840 ; 21 ; 30 ; 0 ; [0.76535927565869155, 1.1907401145324061, 0.83456989954853233] ; [0.57647962194180324, 1.0407035442000356, 0.38648147572086911]
840 ; 21 ; 31 ; 0 ; [0.64712667113851674] ; [0.2879211321243369]
840 ; 21 ; 31 ; 1 ; [0.57783481302713569] ; [0.17858563938894093]
840 ; 21 ; 31 ; 2 ; [0.6335949867131252] ; [0.83359115093752489]
840 ; 21 ; 31 ; 8 ; [1.7709334422184713] ; [0.54410420305235885]
840 ; 21 ; 32 ; 0 ; [0.094883255914922332, 0.43042240772533102] ; [0.040927228752259064, 0.57158055358272875]
840 ; 21 ; 32 ; 2 ; [0.69345056467475508] ; [2.2407869169990176]
840 ; 21 ; 32 ; 4 ; [0.40627475949952085] ; [0.5499223606892597]
840 ; 21 ; 32 ; 6 ; [0.074597883019780445] ; [0.80761650625420767]
840 ; 21 ; 33 ; 0 ; [0.06371256719533358, -0.0092112743574291334] ; [0.2235532413657515, 0.17583614037716455]
840 ; 21 ; 34 ; 0 ; [0.081134464305216467, 0.10448095292992925] ; [0.5069149182699505, 0.18232797128074768]
840 ; 21 ; 34 ; 5 ; [0.37177932518490225, 0.2080634837625506] ; [0.37087020801138437, 0.84020943279328586]
840 ; 21 ; 34 ; 6 ; [0.33327224117546778] ; [0.31400050063602286]
840 ; 21 ; 35 ; 0 ; [0.47869645544059403, 0.13720551340958223] ; [0.19082796136107025, 0.36421768683877215]
840 ; 21 ; 35 ; 1 ; [0.46178231474731535] ; [0.16963435433735757]
840 ; 21 ; 36 ; 0 ; [0.0028445119853139568, 0.067651211301855377, 0.5357164085169438, 0.11799946254824835] ; [0.27633826444468867, 0.32884900736441869, 0.49323351693556089, 0.1639558228720229]
840 ; 21 ; 37 ; 0 ; [0.022410535849835829, 0.074648104897880985, -0.0010987208758278545, 0.17790373943394824] ; [0.19666002152219728, 0.19041065148604519, 0.16652982214816159, 0.19267436578588343]
840 ; 21 ; 38 ; 0 ; [0.13026799991340554, 0.1749982973342129, 0.23516495506749893, 0.25990811898176042] ; [0.23343746434343043, 0.18295359504979439, 0.30829483999865492, 0.22531020363215967]
840 ; 21 ; 38 ; 1 ; [-0.095803564117974638] ; [0.13258016092243974]
840 ; 21 ; 38 ; 2 ; [0.038501782222669277] ; [0.16868730967034609]
840 ; 21 ; 39 ; 0 ; [0.6116341977366464, 0.53076824766021669] ; [0.18404878024030141, 0.66152225901532369]
840 ; 21 ; 39 ; 4 ; [1.3200715742485147] ; [0.24747847889151678]
840 ; 21 ; 40 ; 2 ; [0.87092398608773847] ; [2.2328838762846832]
840 ; 21 ; 40 ; 4 ; [0.0023032544397919882] ; [1.4955711724652325]
840 ; 21 ; 40 ; 7 ; [2.1068593233307134] ; [0.74060243809410642]
840 ; 21 ; 40 ; 9 ; [2.3462424786205238] ; [1.4971547133982988]
840 ; 21 ; 40 ; 10 ; [2.482022899950461] ; [0.76272219549215592]
840 ; 21 ; 41 ; 0 ; [0.69563575300300984] ; [0.39387772766937962]
840 ; 21 ; 42 ; 0 ; [0.28330655694559626, 0.13174954570959124] ; [0.2538535290552314, 0.1742972271689443]
840 ; 21 ; 43 ; 0 ; [3.9658959540650516] ; [1.2845276964952244]
840 ; 21 ; 43 ; 3 ; [0.11026921786658872] ; [0.12255748359227656]
840 ; 21 ; 43 ; 4 ; [0.76880554216105323] ; [2.7609156610032302]
840 ; 21 ; 43 ; 5 ; [0.2464082591910739] ; [6.515904013101915]
840 ; 21 ; 43 ; 6 ; [0.72281542802744181] ; [2.6169280566109037]
840 ; 21 ; 43 ; 9 ; [1.6416883716258321] ; [5.05276083313617]
840 ; 21 ; 43 ; 10 ; [2.853362491588713] ; [1.479547940143475]
840 ; 21 ; 44 ; 0 ; [0.31930143029488262, 0.14571130938219004, 0.1042190459808191, 0.20342332551364681] ; [0.22289791613662799, 0.32873321000013056, 0.39832143291415134, 0.32905941623711593]
840 ; 21 ; 44 ; 1 ; [0.14391222276338045] ; [0.091202522670105604]
840 ; 21 ; 45 ; 0 ; [1.5421925747714045] ; [0.0062265836290220991]
840 ; 21 ; 46 ; 0 ; [0.55803242338065251, 0.020775472599173301] ; [0.24227866524690081, 0.065035783450697798]
840 ; 21 ; 47 ; 0 ; [0.4070136691555874] ; [0.11761929063554145]
840 ; 21 ; 47 ; 1 ; [0.75904436958359767] ; [0.60461554549725183]
840 ; 21 ; 47 ; 15 ; [1.6464365846890923] ; [1.8779343381544833]
840 ; 21 ; 50 ; 0 ; [0.40103604825570016] ; [0.77657762126826091]
840 ; 21 ; 50 ; 4 ; [1.1357397526720583] ; [3.8958048868302337]
840 ; 21 ; 51 ; 1 ; [0.20987942788170166] ; [1.8416072787094822]
840 ; 21 ; 51 ; 5 ; [4.1946944747996948] ; [1.8652802454417619]
840 ; 21 ; 51 ; 7 ; [0.11339693070059742] ; [1.3377382072253814]
840 ; 21 ; 52 ; 0 ; [1.1556960032947647] ; [0.47576421917792933]
840 ; 21 ; 53 ; 0 ; [0.26593658934892606, 0.011963801932329148, 0.034121568151424274] ; [0.33631275149434098, 0.54900106371374269, 0.15676131017399506]
840 ; 21 ; 53 ; 1 ; [0.046361215766658387] ; [0.088927545409136777]
840 ; 21 ; 53 ; 2 ; [0.2767192876709933] ; [0.22837940116743832]
840 ; 21 ; 53 ; 3 ; [0.095379121750045426] ; [0.25478916744136987]
840 ; 21 ; 54 ; 0 ; [0.2184720502014702, 0.17204430587579558, 0.14068715178144583] ; [0.18706868380993869, 0.18113555017306612, 0.10323649729001197]
840 ; 21 ; 54 ; 1 ; [0.0058003004683151874] ; [0.078100273995504149]
840 ; 21 ; 54 ; 3 ; [0.059529882592182337] ; [0.57149186413478315]
840 ; 21 ; 55 ; 0 ; [0.40212485549721233, 0.028713269615094881, 0.0040387434772869851, 0.0084564471512435287, 0.020110088278225989] ; [0.43148750271412634, 0.25546115374824574, 0.22164767811768785, 0.12450596520975941, 0.022819164932460105]
840 ; 21 ; 56 ; 1 ; [1.7523313616070175] ; [0.81612323871795167]
840 ; 21 ; 56 ; 2 ; [1.7185347664379256] ; [0.18471347653629494]
840 ; 21 ; 56 ; 4 ; [0.049919548854871015] ; [0.42683515575391062]
840 ; 21 ; 56 ; 9 ; [0.076474207461713045] ; [0.18924133263559181]
840 ; 21 ; 56 ; 15 ; [0.59707345234165243] ; [1.1061197871845232]
840 ; 21 ; 57 ; 0 ; [0.13871672415876318, 0.11323201574542027, 0.04530717318338863, 0.12517756105835454, 0.011139009408976988] ; [0.14700287301143616, 0.28557815228938149, 0.28781477971382008, 0.3417309261779149, 0.084098122942860579]
840 ; 21 ; 58 ; 2 ; [0.87844671938637653] ; [-0.0870523634161295]
840 ; 21 ; 59 ; 0 ; [0.0035647026456045341, -0.0061291593394129217, 0.011060400197691516] ; [0.19331817133077511, 0.16679318093787054, 0.045751137323391262]
840 ; 21 ; 60 ; 0 ; [0.112091498272193, 0.092027291393236066] ; [0.18193641531766971, 0.018582335514631818]
840 ; 21 ; 61 ; 0 ; [0.11845222316719937, 0.15186916704607356, 0.10593243801263133] ; [0.18212242871350323, 0.18967780750831151, 0.1958220921761086]
840 ; 21 ; 62 ; 0 ; [0.50682620044536297, 0.30332245161889021, 0.19245114964334342, 0.084634239769195971] ; [0.35179083782762127, 0.30868252886606862, 0.23967457340810797, 0.11660268984789215]
840 ; 21 ; 64 ; 0 ; [0.0085588309994047464, 0.00779133968777401, -0.014806358449341424] ; [0.1029635804782474, 0.19400741672873056, 0.06817117672087028]
840 ; 21 ; 65 ; 0 ; [0.15799292373982618] ; [0.1226496010778208]
840 ; 21 ; 65 ; 1 ; [1.5553238600407773] ; [0.52119854959313927]
840 ; 21 ; 65 ; 2 ; [0.47039894830338858] ; [0.7537031509079104]
840 ; 21 ; 65 ; 5 ; [1.5086169175529265] ; [1.0974976204169338]
840 ; 21 ; 65 ; 14 ; [2.5055294850670018] ; [2.3561374422000632]
840 ; 21 ; 67 ; 0 ; [0.17342764661717502] ; [0.22734187063841013]
840 ; 21 ; 68 ; 0 ; [0.33044982856525279, 0.46098577218632109] ; [0.32397279348071889, 0.68910934423999848]
840 ; 21 ; 69 ; 2 ; [1.7944417481513204] ; [1.0282372609357877]
840 ; 21 ; 69 ; 3 ; [0.95584260146963729] ; [1.6731748488960425]
840 ; 21 ; 69 ; 6 ; [0.096673735387283813] ; [0.60388274201426928]
840 ; 21 ; 70 ; 0 ; [0.069737894063799932] ; [0.053236696665738673]
840 ; 21 ; 70 ; 1 ; [0.11091815774476993] ; [0.18451106206119955]
840 ; 21 ; 70 ; 2 ; [0.13816865593943131, 0.20490851514837105] ; [-0.014730692190677415, 0.032807572416406888]
840 ; 21 ; 72 ; 0 ; [0.4645514774543773] ; [0.25702608850806252]
840 ; 21 ; 73 ; 1 ; [0.54222975904568671] ; [0.016418716480308293]
840 ; 21 ; 73 ; 2 ; [0.74425039481768218] ; [0.11428608050791715]
840 ; 21 ; 74 ; 0 ; [0.099059853882188006] ; [0.52675588795152295]
840 ; 21 ; 74 ; 1 ; [0.40491103167412046] ; [0.13605256529927046]
840 ; 21 ; 74 ; 3 ; [0.37924668503808778] ; [4.0861294043146925]
840 ; 21 ; 75 ; 0 ; [-0.0030736749461170768, 0.001629020684870579, -0.022189519345977255] ; [0.17428636028591371, 0.24273300358688962, 0.049419403331483196]
840 ; 21 ; 76 ; 0 ; [0.16013746971964321, 0.1004841989492726, 0.049602491499706261] ; [0.20163274067271336, 0.15786149869140945, 0.092757295564747932]
840 ; 21 ; 76 ; 1 ; [0.00051274868068265926] ; [0.092270987680925343]
840 ; 21 ; 76 ; 2 ; [0.28205134013958122] ; [0.23860605331625537]
840 ; 21 ; 76 ; 3 ; [0.21985790071630412] ; [0.11171485780206974]
840 ; 21 ; 77 ; 0 ; [0.083948281469504449] ; [0.5580665011102105]
840 ; 21 ; 77 ; 1 ; [0.64432348697800079] ; [0.37618838842685937]
840 ; 21 ; 78 ; 0 ; [1.4568870604768731] ; [0.40208183274421222]
840 ; 21 ; 78 ; 1 ; [0.80210711706755178] ; [2.0447953472962537]
840 ; 21 ; 78 ; 2 ; [1.3584910178455014] ; [0.39754698604324545]
840 ; 21 ; 78 ; 3 ; [1.0530330829123944] ; [1.3106806434840408]
840 ; 21 ; 78 ; 4 ; [1.4438829392072583] ; [1.5819264537606139]
840 ; 21 ; 78 ; 6 ; [2.355153115999753] ; [0.41464257054717751]
840 ; 21 ; 78 ; 7 ; [1.5354159606650837] ; [1.8967377045131453]
840 ; 21 ; 78 ; 14 ; [1.5911511310200634] ; [3.1365506992873855]
840 ; 21 ; 78 ; 17 ; [1.6754412353426831] ; [1.2494939384197234]
840 ; 21 ; 78 ; 19 ; [3.273924098155625] ; [4.4359647822382717]
840 ; 21 ; 78 ; 20 ; [2.1234195225412531] ; [3.2404602200502528]
840 ; 21 ; 78 ; 22 ; [1.2130153300817481] ; [1.9747892571815124]
840 ; 21 ; 79 ; 0 ; [0.11022684444476853] ; [0.13089657847050121]
840 ; 21 ; 79 ; 2 ; [1.656510060422411] ; [0.41837447784323156]
840 ; 21 ; 79 ; 3 ; [0.55663149148982294] ; [1.2275755129568884]
840 ; 21 ; 80 ; 0 ; [0.027351352319365068, -0.009938475853989253, 0.009121101178899655, -0.0064661236914260265] ; [0.18258103642591239, 0.1921077201118207, 0.17663536439581418, 0.1422631016975785]
840 ; 21 ; 81 ; 3 ; [0.249480912503732] ; [1.6220525320315957]
840 ; 21 ; 82 ; 1 ; [0.50285318449743854] ; [0.083492696676118666]
840 ; 21 ; 82 ; 2 ; [0.38591457135086815] ; [0.10549270701422775]
840 ; 21 ; 82 ; 8 ; [0.48632932161228964] ; [0.78563937858344213]
840 ; 21 ; 82 ; 13 ; [0.12568219568707487, 0.1222071470223311, 0.24829311308369473] ; [0.53890874419027601, 0.16814792294977124, 0.81052738146270364]
840 ; 21 ; 83 ; 0 ; [0.36167501539937158] ; [0.81659648166302112]
840 ; 21 ; 83 ; 9 ; [2.1102747917433011] ; [0.50992224172122835]
840 ; 21 ; 84 ; 8 ; [1.8417665151369029] ; [1.7131753497143918]
840 ; 21 ; 85 ; 0 ; [0.019839484686951424, 0.0047355655929652808] ; [0.21519303124088618, 0.12487938981666824]
840 ; 21 ; 86 ; 0 ; [0.015135349853630757, -0.010193373498021182, -0.018973196193022502] ; [0.1623270502225275, 0.17973917286801389, 0.12637385970557161]
840 ; 21 ; 87 ; 0 ; [0.69184772665207583] ; [0.47554230111268925]
840 ; 21 ; 87 ; 1 ; [0.074582924747777252] ; [0.28924648800823632]
840 ; 21 ; 87 ; 3 ; [0.15768623892939829] ; [0.58820481927039181]
840 ; 21 ; 88 ; 0 ; [0.064741732350638528, 0.36180743105728519] ; [0.22209021802529974, 0.12672774100646769]
840 ; 21 ; 89 ; 0 ; [0.23758912696811549, 0.37833405406330439] ; [0.16610476955992687, 0.034557092969119553]
840 ; 21 ; 89 ; 1 ; [0.32746088849579691] ; [0.14378226316737733]
840 ; 21 ; 89 ; 2 ; [0.21816586871305269] ; [0.048500115576280728]
840 ; 21 ; 89 ; 3 ; [0.48905160262142366] ; [0.6255851418640721]
840 ; 21 ; 89 ; 5 ; [0.84750850166692637] ; [0.39062891338397099]
840 ; 21 ; 89 ; 6 ; [2.2418182540746412] ; [0.696387388245437]
840 ; 21 ; 89 ; 8 ; [0.52496351824506027] ; [1.3470355703609791]
840 ; 21 ; 89 ; 11 ; [0.75829271263779396] ; [0.74324683384170054]
840 ; 21 ; 91 ; 0 ; [0.1827908323426356] ; [0.23296888635677657]
840 ; 21 ; 92 ; 0 ; [0.04172199987561738, 0.043056253923358725, 0.01639380878429262, 0.06040578345632442] ; [0.21037364107703957, 0.1315767770774777, 0.14748168169144951, 0.20369994280068401]
840 ; 21 ; 93 ; 0 ; [-0.0072029577781052836, 0.025592012991543827, 0.004893422500651036, 0.62502539523354983] ; [0.15735410286708479, 0.14512161128373272, 0.12095624572774553, 0.13660923102318753]
840 ; 21 ; 94 ; 0 ; [0.51618923075283707] ; [0.17260874440869145]
840 ; 21 ; 94 ; 6 ; [0.01213063311921733] ; [0.00049695074450101207]
840 ; 21 ; 95 ; 0 ; [0.69519206861366134] ; [1.0765600767615129]
840 ; 21 ; 95 ; 2 ; [0.025073571857360734] ; [0.47976240387359453]
840 ; 21 ; 96 ; 0 ; [0.37772209838244858, 0.22946594625056618] ; [0.33848221048653621, 0.6205565861096437]
840 ; 21 ; 96 ; 1 ; [0.65767836401108903] ; [0.32871975946878029]
840 ; 21 ; 96 ; 2 ; [0.2449608983213552] ; [-0.009685737461449042]
840 ; 21 ; 96 ; 3 ; [0.2639731537862634] ; [0.0022106814684336186]
840 ; 21 ; 96 ; 4 ; [1.0844474236241448] ; [0.38608622326247044]
840 ; 21 ; 97 ; 0 ; [0.23977619431063729] ; [0.011249223375813558]
840 ; 21 ; 97 ; 3 ; [0.25892043346674604] ; [0.11229628468227143]
840 ; 21 ; 97 ; 4 ; [0.074531759023489311] ; [0.31283769972978615]
840 ; 21 ; 97 ; 5 ; [0.052349617094681979] ; [0.039731743875590628]
840 ; 21 ; 97 ; 6 ; [1.2097478553979972] ; [0.23100353277091151]
840 ; 21 ; 98 ; 0 ; [0.0012737980550924812] ; [0.13984947086251279]
840 ; 21 ; 98 ; 3 ; [0.0057700354797764562] ; [0.042551119993668181]
840 ; 21 ; 99 ; 0 ; [0.076955794999871846, -0.0058265429397084826, 0.014118718740828217] ; [0.17204895341398141, 0.19298113609129283, 0.15329535609094194]
840 ; 21 ; 100 ; 0 ; [0.16930188893487641] ; [0.0090940245826509943]
840 ; 21 ; 100 ; 1 ; [-0.0029684307542735275] ; [0.12754697475445614]
840 ; 21 ; 101 ; 0 ; [0.093411775594925597, 0.1907015165434072, 0.18974032957263942] ; [0.31959633112130015, 0.1570753985155843, 0.35048136930287832]
840 ; 21 ; 101 ; 1 ; [0.01767273330606425] ; [0.031285407807194264]
840 ; 21 ; 102 ; 0 ; [0.47921853086583277] ; [0.22611270003171921]
840 ; 21 ; 103 ; 0 ; [0.5335004325580629, 0.22304675720169387] ; [3.7853507902668038, 0.097561177524577269]
840 ; 21 ; 103 ; 1 ; [-0.12353149289109715] ; [1.9248179486325148]
840 ; 21 ; 104 ; 0 ; [0.34998819557017935] ; [0.96709115590664863]
840 ; 21 ; 104 ; 1 ; [0.2509833392374502] ; [3.0752277575857527]
840 ; 21 ; 104 ; 4 ; [0.9347601638366051] ; [0.60292999553661353]
840 ; 21 ; 104 ; 5 ; [1.6040807485086375] ; [2.0350344666494138]
840 ; 21 ; 104 ; 12 ; [1.9208599834330788] ; [4.5259718721960596]
840 ; 21 ; 104 ; 14 ; [1.2692198940800772] ; [4.1443996465616717]
840 ; 21 ; 104 ; 18 ; [1.2837715580573887] ; [2.3582694376427007]
840 ; 21 ; 104 ; 24 ; [0.535113368956597] ; [3.0046716231769857]
840 ; 21 ; 104 ; 25 ; [0.95517174751595146] ; [1.5673136657029245]
840 ; 21 ; 104 ; 30 ; [2.2691130386751071] ; [1.9981751084913961]
840 ; 21 ; 105 ; 0 ; [-0.011664575847700065, -0.0019592620794770432, -0.0037807791205818051] ; [0.1731191462029113, 0.21955703334452989, 0.08978129632422481]
840 ; 21 ; 105 ; 1 ; [0.0032057992334899844] ; [0.023510611660106422]
840 ; 21 ; 106 ; 0 ; [0.5464868682905476, 0.30721469068685237] ; [0.075211510927506248, 0.093050620217664873]
840 ; 21 ; 106 ; 2 ; [0.61034640073837276] ; [0.34540062149091377]
840 ; 21 ; 106 ; 3 ; [0.36008100504409041] ; [0.16462865673987684]
840 ; 21 ; 106 ; 4 ; [0.7766872156907153] ; [0.91424034021629197]
840 ; 21 ; 106 ; 5 ; [0.039168927982703307] ; [0.97334177843626835]
840 ; 21 ; 106 ; 10 ; [2.7101108755738266] ; [0.59249214080923007]
840 ; 21 ; 106 ; 12 ; [0.63188612394273536] ; [1.2247288744085172]
840 ; 21 ; 106 ; 29 ; [2.4986929248058187] ; [1.1773839349648134]
840 ; 21 ; 106 ; 30 ; [0.86794939637369728] ; [0.72123641975852548]
840 ; 21 ; 107 ; 0 ; [0.17040994489885458, 0.2598121429796233, 0.11410397637686441] ; [0.25192830749789441, 0.17015545369360144, 0.21181208280824154]
840 ; 21 ; 108 ; 1 ; [1.4100884258163451] ; [0.5136949090763171]
840 ; 21 ; 109 ; 0 ; [0.63337785688306902] ; [0.035933248503482257]
840 ; 21 ; 109 ; 9 ; [0.69199697452073938] ; [1.5308078815119985]
840 ; 21 ; 109 ; 11 ; [0.038776288793378293] ; [1.3200066125730703]
840 ; 21 ; 110 ; 0 ; [0.4634227053365137] ; [0.39327139785155268]
840 ; 21 ; 110 ; 1 ; [0.78698351240109776] ; [0.5403083366878807]
840 ; 21 ; 110 ; 2 ; [1.2055197442604031] ; [0.72153787068495356]
840 ; 21 ; 110 ; 3 ; [0.77572931647411059] ; [0.30353256593906675]
840 ; 21 ; 111 ; 0 ; [0.24741341520827573, 0.14311070671707093, 0.089495903503836113] ; [0.35156013098036565, 0.26833704191748925, 0.13143918247653177]
840 ; 21 ; 113 ; 0 ; [0.28549225610072443] ; [0.94175751955594389]
840 ; 21 ; 113 ; 1 ; [0.16844255242667336] ; [0.3716307466601656]
840 ; 21 ; 114 ; 4 ; [1.060307682228999, 0.39553782356593159] ; [0.75501474963095538, 0.35490501010442604]
840 ; 21 ; 115 ; 0 ; [0.22689075912371487, 0.11436282387599614, 0.11708084850674876] ; [0.23001491393872756, 0.22980866870139363, 0.18574516804369171]
840 ; 21 ; 116 ; 0 ; [0.14029511501869052, 0.12825414593030657, 0.056760250251686566, 0.059459003299760532] ; [0.16343048106607974, 0.1742844657064257, 0.1664817953594723, 0.088706623290801936]
840 ; 21 ; 117 ; 1 ; [1.3406513803884561] ; [1.568925645196158]
840 ; 21 ; 117 ; 3 ; [0.33739019835071798] ; [17.96779251405421]
840 ; 21 ; 118 ; 4 ; [0.60224256020949551] ; [1.1192761589951954]
840 ; 21 ; 119 ; 0 ; [0.74228105288896762, 0.12488931659730727] ; [0.15229383743459815, 0.17551667884258582]
840 ; 21 ; 119 ; 5 ; [0.63444600939679974] ; [2.2029064626969337]
840 ; 21 ; 119 ; 8 ; [0.10983269207143598] ; [2.151603013821489]
840 ; 21 ; 119 ; 9 ; [1.6127073561805623] ; [1.0324555088582728]
840 ; 21 ; 119 ; 11 ; [1.845287466578569] ; [2.0308265575363627]
840 ; 21 ; 119 ; 16 ; [4.0114756897572725] ; [1.6323019485360311]
840 ; 21 ; 119 ; 17 ; [2.3268475549622289] ; [1.9093558087698799]
840 ; 21 ; 120 ; 0 ; [0.41911695641436841, 0.012777412030328337, 0.049625419755652427, 0.0013177293437977532] ; [0.6364889006440182, 0.21439182404526358, 0.34486487600465299, 0.067746893194986085]
840 ; 21 ; 121 ; 0 ; [-0.038186548533942946] ; [0.052445904618688581]
840 ; 21 ; 121 ; 1 ; [0.22343853628824401] ; [0.5613856045717629]
840 ; 21 ; 121 ; 3 ; [0.44828398663146229] ; [0.097554877156871431]
840 ; 21 ; 121 ; 7 ; [0.074681806126569453] ; [0.24945883619450224]
840 ; 21 ; 122 ; 0 ; [0.002666493069753821, 0.076177142137400247, 0.026168563942465532] ; [0.20873947526599601, 0.18961499983523136, 0.10379994063902145]
840 ; 21 ; 123 ; 0 ; [0.41878141374740163, 0.62359218258599658] ; [0.30852786270325006, 0.71214517355658447]
840 ; 21 ; 123 ; 1 ; [1.35762672983615] ; [0.82276939835766438]
840 ; 21 ; 123 ; 2 ; [0.26031160823437866] ; [0.11825967403352493]
840 ; 21 ; 124 ; 0 ; [0.05523243111000619, 0.1969384209064515, 0.24267282180074615] ; [0.18039715487838584, 0.28612618857060246, 0.54387809448467839]
840 ; 21 ; 125 ; 0 ; [0.036876932863120236, 0.0068143720224641572, 0.017893833236943088] ; [0.18024969929024251, 0.19106473100997129, 0.10197376159055224]
840 ; 21 ; 125 ; 1 ; [0.13911561875022357] ; [0.13715759071567366]
840 ; 21 ; 125 ; 2 ; [0.034459817359094744] ; [-0.042177833686128617]
840 ; 21 ; 126 ; 0 ; [0.014621317388044579, 0.035338522764798722, 0.010361987659024833, 0.017290603511958727] ; [0.16851652891983732, 0.16893282506119014, 0.18320724589186888, 0.12749736418050059]
840 ; 21 ; 127 ; 0 ; [0.37372111386610757] ; [0.55737141176489735]
840 ; 21 ; 128 ; 0 ; [2.8856560314521573] ; [1.7673269552461153]
840 ; 21 ; 128 ; 1 ; [2.1783035561252606] ; [4.4890659236176651]
840 ; 21 ; 128 ; 4 ; [0.067139764404097468] ; [0.59984690584086764]
840 ; 21 ; 128 ; 8 ; [0.96546555274863732] ; [1.8112596943412467]
840 ; 21 ; 128 ; 9 ; [0.12645092999846352] ; [2.4791577990861775]
840 ; 21 ; 128 ; 12 ; [2.1508559143599033] ; [0.48290591842108732]
840 ; 21 ; 128 ; 14 ; [2.3174451478165681] ; [1.490524597401695]
840 ; 21 ; 128 ; 15 ; [1.4599938247446345] ; [0.90446488382946755]
840 ; 21 ; 129 ; 0 ; [0.4358709154472909] ; [0.17517017145975056]
840 ; 21 ; 129 ; 1 ; [0.66785810162276316] ; [1.2879805655533434]
840 ; 21 ; 129 ; 2 ; [0.11041305475709033] ; [0.23808235810152328]
840 ; 21 ; 129 ; 6 ; [0.79745304678637829] ; [0.72254841344309062]
840 ; 21 ; 129 ; 7 ; [0.53786490003565934] ; [0.45652531017859921]
840 ; 21 ; 130 ; 0 ; [0.25566269175410755] ; [0.48200090313015959]
840 ; 21 ; 130 ; 2 ; [1.0959469021037003] ; [0.68620925723475634]
840 ; 21 ; 130 ; 4 ; [0.62232753147734077] ; [0.72790581432698875]
840 ; 21 ; 130 ; 8 ; [0.024313298272057644] ; [0.50732252765061581]
840 ; 21 ; 130 ; 9 ; [1.0729675290687941] ; [1.6920404555538582]
840 ; 21 ; 130 ; 10 ; [1.7947406113744053] ; [1.1208919774371977]
840 ; 21 ; 130 ; 14 ; [1.2860919156263046] ; [2.6233994345987992]
840 ; 21 ; 130 ; 18 ; [1.9247866842093277] ; [1.5791240800145285]
840 ; 21 ; 130 ; 20 ; [1.2999418544913293] ; [0.92088796515420546]
840 ; 21 ; 130 ; 21 ; [0.14621403472310654] ; [1.1804171055443651]
840 ; 21 ; 130 ; 22 ; [1.9246838409278861] ; [1.1334220760645219]
840 ; 21 ; 131 ; 0 ; [1.4426570120396986] ; [0.59403974165806328]
840 ; 21 ; 131 ; 1 ; [0.1472975016221959] ; [0.16985589564850639]
840 ; 21 ; 131 ; 2 ; [2.0905500615398744] ; [0.81163506830559784]
840 ; 21 ; 131 ; 12 ; [1.6389069080966916] ; [0.60606614906426071]
840 ; 21 ; 131 ; 14 ; [2.9449999168271805] ; [1.9314499667580682]
840 ; 21 ; 132 ; 0 ; [-0.0013789099329397272, 0.0014751242442349846, 0.020909025741470081, -0.003151619170246321] ; [0.11716619906007533, 0.16356741169948613, 0.20920821735978432, 0.15850376528597329]
840 ; 21 ; 132 ; 1 ; [0.095187829858387585] ; [0.015438244005014475]
840 ; 21 ; 133 ; 0 ; [0.45707460279390238] ; [0.45500291606152526]
840 ; 21 ; 133 ; 1 ; [1.758360306878535] ; [0.67190381336163363]
840 ; 21 ; 133 ; 3 ; [0.97579964969777122] ; [1.1949926039174172]
840 ; 21 ; 134 ; 1 ; [0.34031094061396283] ; [0.1104613879054973]
840 ; 21 ; 134 ; 2 ; [0.28012211616128307] ; [0.17212213257786932]
840 ; 21 ; 134 ; 6 ; [0.44305101164796523, 0.5356105553522712] ; [0.23424735309646477, 0.44043459931774015]
840 ; 21 ; 135 ; 2 ; [1.6024754492101521] ; [1.215730821774718]
840 ; 21 ; 135 ; 3 ; [1.2044105025529719] ; [1.1133977872298719]
840 ; 21 ; 135 ; 4 ; [1.3735524581479204] ; [0.98044026003132267]
840 ; 21 ; 135 ; 6 ; [0.27512330724076844] ; [1.2411617918304647]
840 ; 21 ; 135 ; 9 ; [1.5375141162193426] ; [0.57591329370698574]
840 ; 21 ; 135 ; 10 ; [1.5282883639009457] ; [2.190019936065116]
840 ; 21 ; 136 ; 0 ; [-0.0031468966796734839, -0.0071004257537211554, 0.40026277007957622] ; [0.19895293519657073, 0.15762814466184835, 0.13592591881311877]
840 ; 21 ; 136 ; 1 ; [0.20240589289442268] ; [0.011002375381551801]
840 ; 21 ; 136 ; 2 ; [0.65724813237452917] ; [0.048605502185861772]
840 ; 21 ; 137 ; 0 ; [0.14464310541645786] ; [0.13701299595608843]
840 ; 21 ; 137 ; 1 ; [-0.0033934292116213857] ; [0.066634981195762083]
840 ; 21 ; 137 ; 3 ; [0.1731771818248978] ; [0.044930039558552133]
840 ; 21 ; 138 ; 0 ; [0.1656504201728719, 0.092053699561099905] ; [0.20015673496871128, 0.21975061450337949]
840 ; 21 ; 138 ; 1 ; [0.97099888990197514] ; [-0.012912473485940311]
840 ; 21 ; 139 ; 0 ; [0.51197114277824785] ; [1.1906390599817374]
840 ; 21 ; 139 ; 2 ; [0.25575408427823892] ; [0.86439766573710519]
840 ; 21 ; 139 ; 3 ; [1.3130011553695953] ; [0.23497778526140417]
840 ; 21 ; 140 ; 0 ; [0.46862515610948235, 0.0063060016266244879] ; [0.11746963897130407, 0.12792064122831714]
840 ; 21 ; 140 ; 1 ; [0.24846826377843007] ; [0.0060872555868184868]
840 ; 21 ; 140 ; 2 ; [1.0101383421211181] ; [0.95276510788673874]
840 ; 21 ; 141 ; 0 ; [0.38599108004404387] ; [0.30472548545575534]
840 ; 21 ; 141 ; 2 ; [0.20200179986447353] ; [1.0902204768422763]
840 ; 21 ; 143 ; 5 ; [1.4874460874936013] ; [2.1017325230789168]
840 ; 21 ; 143 ; 6 ; [0.6603358539642441] ; [1.7047078699776643]
840 ; 21 ; 143 ; 7 ; [0.8307749900880177] ; [1.2731143726699787]
840 ; 21 ; 143 ; 8 ; [1.8348020349245717] ; [5.383903724171172]
840 ; 21 ; 143 ; 9 ; [6.9156274263922981] ; [3.4504931836182271]
840 ; 21 ; 143 ; 10 ; [1.5131840220405068] ; [1.598705956483357]
840 ; 21 ; 143 ; 13 ; [6.4957357436882655] ; [0.48422218695126301]
840 ; 21 ; 143 ; 14 ; [1.3708982402306085] ; [2.3345993825043241]
840 ; 21 ; 144 ; 0 ; [0.34009311542274534] ; [0.18763958022416805]
840 ; 21 ; 144 ; 3 ; [0.32085466955815706] ; [-0.0082920434295609777]
840 ; 21 ; 145 ; 0 ; [0.092463860124920319, 0.10183783214185892, 0.15564856548713246, 0.15191141290475832, 0.0048937919332819151] ; [0.20824873708755448, 0.23772808465308545, 0.16368974190685304, 0.2776878283920492, 0.21723644375481732]
840 ; 21 ; 145 ; 1 ; [0.88722380758523323] ; [0.098522869681303568]
840 ; 21 ; 147 ; 0 ; [0.3028113432207713, 0.0025863899489698525, 0.073562143526075485] ; [0.2253819264428529, 0.21944003505515333, 0.25922707434010056]
840 ; 21 ; 148 ; 0 ; [0.34474385019127252, 0.20045953146830964, 0.27235387353720236] ; [0.33362321675207435, 0.16209854570383581, 0.23563087977014949]
840 ; 21 ; 148 ; 1 ; [0.16904357891399518] ; [0.22423562065802641]
840 ; 21 ; 149 ; 1 ; [0.019676978249032112] ; [0.10579469835821761]
840 ; 21 ; 150 ; 0 ; [0.31604885191788507, 0.36116248364704312, 0.40931229154604237, 0.23189521450895476, 0.5579041014467464] ; [0.21586046672856676, 0.53146013273916448, 0.23252307327454796, 0.1731637175109759, 0.054766141498424958]
840 ; 21 ; 150 ; 2 ; [0.047640853558744166] ; [-0.0066768501856271888]
840 ; 21 ; 151 ; 3 ; [0.15924440476476784, 1.0014507991254531, 0.42798138382053436] ; [0.31574619192675663, 1.1489626841748106, 0.1302828611746128]
840 ; 21 ; 152 ; 0 ; [1.2342172351959639] ; [0.33908175133057622]
840 ; 21 ; 152 ; 6 ; [2.1745571556655943] ; [2.0919929747064843]
840 ; 21 ; 152 ; 8 ; [0.40653351383462483, 0.78545621447845204] ; [0.35838125358500839, 1.4905231183182337]
840 ; 21 ; 153 ; 0 ; [0.26055833310121695, 0.12226428371552611] ; [-0.0054965082538632462, 0.037751866541439701]
840 ; 21 ; 153 ; 1 ; [2.0111382189807054] ; [0.11045707132965331]
840 ; 21 ; 153 ; 2 ; [0.1125927663792541] ; [0.12672326639480253]
840 ; 21 ; 153 ; 3 ; [0.51032885086041391] ; [0.030624472808278687]
840 ; 21 ; 153 ; 4 ; [0.48671702711362852] ; [0.7253757269077552]
840 ; 21 ; 153 ; 6 ; [0.19324840966527262] ; [0.042702947952116155]
840 ; 21 ; 154 ; 0 ; [0.78014789727092448] ; [0.39099828791615693]
840 ; 21 ; 154 ; 3 ; [1.9010696918251881] ; [1.6103383652573178]
840 ; 21 ; 154 ; 6 ; [1.8790705213714454] ; [2.0211606232000303]
840 ; 21 ; 155 ; 0 ; [0.16383685729159755] ; [0.14119667455422449]
840 ; 21 ; 155 ; 1 ; [3.2002874974998945] ; [0.96697008468247547]
840 ; 21 ; 155 ; 3 ; [0.31132423652592817] ; [1.3998460283073904]
840 ; 21 ; 155 ; 4 ; [1.7025053333822531] ; [1.7292126042460589]
840 ; 21 ; 155 ; 5 ; [0.58474517762499634] ; [1.034691703528525]
840 ; 21 ; 156 ; 0 ; [0.14758936765231856] ; [-0.021774083908209084]
840 ; 21 ; 156 ; 1 ; [0.94664985311675953] ; [0.058580513311242227]
840 ; 21 ; 156 ; 2 ; [0.15952977382741049] ; [0.046324621981448953]
840 ; 21 ; 157 ; 0 ; [0.031850048997126672, 0.1770999268190098, 0.17330699794297097, 0.032121862893518434] ; [0.17168227379083598, 0.34178821504494944, 0.61635203713976694, 0.18614544628898716]
840 ; 21 ; 157 ; 1 ; [1.2202789578277633] ; [0.014667298780153788]
840 ; 21 ; 157 ; 4 ; [0.023095376153816637] ; [0.81296950198819562]
840 ; 21 ; 158 ; 0 ; [0.20526249376854561, 0.26740041839674827, 0.29090599761042457] ; [0.23841773377949582, 0.14111816984796982, 0.065189549659674634]
840 ; 21 ; 158 ; 1 ; [0.32769341908627775] ; [0.084654326697979773]
840 ; 21 ; 158 ; 5 ; [0.90190753262289935] ; [0.21668256455189563]
840 ; 21 ; 159 ; 3 ; [0.96015109714692082] ; [1.3726973949459449]
840 ; 21 ; 160 ; 0 ; [0.04612114351738332, 0.058725108016028489, 0.098633882226834543] ; [0.26406842770801797, 0.20648507164422217, 0.083069977086151645]
840 ; 21 ; 161 ; 0 ; [0.4142143189502463] ; [0.51610321276952142]
840 ; 21 ; 161 ; 3 ; [-0.054317499106884659] ; [0.031421306855515599]
840 ; 21 ; 161 ; 4 ; [0.81691491145392403] ; [3.2839292766394959]
840 ; 21 ; 162 ; 0 ; [0.10575698851946178, 0.0072169879260840456] ; [0.30156391963397705, 0.093715354575161572]
840 ; 21 ; 162 ; 1 ; [0.0011602440137538042] ; [0.086132681577785419]
840 ; 21 ; 163 ; 0 ; [0.012211508369667293, -0.013496833943673384, 0.00093039522670219921, -0.00045565310334776268] ; [0.17912945433240401, 0.21030466771828035, 0.17261233383141816, 0.051906451554983676]
840 ; 21 ; 164 ; 0 ; [0.036872650772477956] ; [0.12984338121550387]
840 ; 21 ; 164 ; 1 ; [0.86789278095362832] ; [0.52124555359935576]
840 ; 21 ; 164 ; 4 ; [1.2995307224006527] ; [1.3437434053907658]
840 ; 21 ; 165 ; 0 ; [0.79753146819061638] ; [0.62177955242744665]
840 ; 21 ; 167 ; 0 ; [0.3182157419848457, 0.22541825447604516, 0.51544990422731285, 0.0076368354544566518] ; [0.78047327470831696, 0.96572398272674442, 0.71258513214693797, 0.39605592774940562]
840 ; 21 ; 167 ; 2 ; [0.21642621719992641] ; [0.40010808611036047]
840 ; 21 ; 167 ; 3 ; [0.36217132180916523] ; [0.38848188639123327]
840 ; 21 ; 167 ; 4 ; [1.1651653993247038] ; [0.21652024422204388]
840 ; 21 ; 167 ; 7 ; [1.4258568955987323, 0.031677789262102324] ; [0.51491017328514954, 1.1371222851145912]
840 ; 21 ; 167 ; 8 ; [0.57571732551290755] ; [1.0448726227516971]
840 ; 21 ; 167 ; 10 ; [1.0562001793093359] ; [1.2874199361351775]
840 ; 21 ; 170 ; 1 ; [0.93333713033662979] ; [0.31541558907988937]
840 ; 21 ; 170 ; 4 ; [0.082411853488416564] ; [0.20784107707436483]
840 ; 21 ; 170 ; 14 ; [0.72796588108383897] ; [0.18303497983347003]
840 ; 21 ; 171 ; 0 ; [0.27483185626428297, 0.38934854476400937] ; [0.16471854678361689, 0.4904861446090662]
840 ; 21 ; 171 ; 1 ; [0.33381104250771609] ; [0.35987535819492955]
840 ; 21 ; 171 ; 2 ; [0.3022280641990287] ; [0.55387067451913286]
840 ; 21 ; 171 ; 5 ; [0.39000840673748233] ; [0.96986951331775395]
840 ; 21 ; 172 ; 0 ; [0.12346467059530618, 0.45459006262354418] ; [0.33924553633998461, 0.33090999082587463]
840 ; 21 ; 173 ; 0 ; [0.43314808419191198] ; [0.2200685244651672]
840 ; 21 ; 173 ; 4 ; [0.054480723659456602] ; [1.1552284170655411]
840 ; 21 ; 173 ; 5 ; [0.11805344798085553] ; [5.753621066933726]
840 ; 21 ; 174 ; 0 ; [0.2390071317945055] ; [0.21927787061694287]
840 ; 21 ; 174 ; 1 ; [1.3903627660756508] ; [0.11282429190402202]
840 ; 21 ; 176 ; 1 ; [0.15729343793171] ; [0.0060412756823689752]
840 ; 21 ; 178 ; 0 ; [0.60192217069405962] ; [2.9015768730580156]
840 ; 21 ; 178 ; 2 ; [0.061977054873843085] ; [0.00016910525899461605]
840 ; 21 ; 179 ; 0 ; [1.4936727976505444] ; [0.25124047179298192]
840 ; 21 ; 179 ; 1 ; [1.0006573325066088] ; [3.8687584000563247]
840 ; 21 ; 179 ; 2 ; [1.7010995166226444] ; [3.997886671859487]
840 ; 21 ; 179 ; 4 ; [2.2258325628279354] ; [8.9585382576300514]
840 ; 21 ; 180 ; 0 ; [-0.12325247797321084] ; [4.4744135154142555]
840 ; 21 ; 181 ; 0 ; [0.572261683813857] ; [0.3909791534963436]
840 ; 21 ; 181 ; 1 ; [0.12303990666670145] ; [0.088452923792120802]
840 ; 21 ; 181 ; 4 ; [0.40187566003617997] ; [0.3165971308247057]
840 ; 21 ; 183 ; 0 ; [0.10589378327792101] ; [0.15990394722769896]
840 ; 21 ; 183 ; 2 ; [0.084715447962231183] ; [0.14636076461750913]
840 ; 21 ; 183 ; 3 ; [1.4423582609610268] ; [0.022854765857019965]
840 ; 21 ; 184 ; 0 ; [0.04782473844825192, 0.033599277966128362, 0.10100061482109726] ; [0.22447207194631921, 0.34749877156390896, 0.16226205258595272]
840 ; 21 ; 184 ; 1 ; [0.5657468222317914] ; [0.14514132455761944]
840 ; 21 ; 187 ; 0 ; [0.3580155516902368] ; [0.11269728912741249]
840 ; 21 ; 187 ; 1 ; [0.11270890405513759] ; [0.29481067372752046]
840 ; 21 ; 188 ; 0 ; [0.2319581743691575] ; [0.091935649218975721]
840 ; 21 ; 188 ; 1 ; [0.58923136881550808] ; [0.30663839272456428]
840 ; 21 ; 189 ; 6 ; [0.077794183561425576] ; [1.1995517780283806]
840 ; 21 ; 190 ; 1 ; [2.0696631817815168] ; [0.59588720312321297]
840 ; 21 ; 190 ; 2 ; [1.0081607785723479] ; [0.14731032171694092]
840 ; 21 ; 191 ; 0 ; [2.1149496292897698] ; [1.5039572627404427]
840 ; 21 ; 191 ; 1 ; [1.7087782274484109] ; [0.82579611871962966]
840 ; 21 ; 191 ; 2 ; [0.57645275330272894] ; [2.6746989533737651]
840 ; 21 ; 191 ; 6 ; [1.7569576245933136] ; [1.5548498704968738]
840 ; 21 ; 191 ; 13 ; [0.43541600872062519] ; [0.5388031745451114]
840 ; 21 ; 191 ; 23 ; [0.053259824924544681] ; [0.11252826090330266]
840 ; 21 ; 192 ; 1 ; [0.24882657903130592] ; [0.071567001469050553]
840 ; 21 ; 194 ; 0 ; [0.27665314503062671, 0.29601827822165871] ; [0.30145435174935858, 0.4207086981117143]
840 ; 21 ; 194 ; 4 ; [0.45245123618222721] ; [0.41781765479246563]
840 ; 21 ; 194 ; 5 ; [0.12123357995531975] ; [0.3527959531806063]
840 ; 21 ; 195 ; 0 ; [0.036562780432159811, 0.013569069966807077] ; [0.17897515461603908, 0.29965868934494394]
840 ; 21 ; 195 ; 1 ; [0.0014357703678925392] ; [0.231806203195498]
840 ; 21 ; 196 ; 1 ; [0.86296078367966944] ; [0.44958103312264869]
840 ; 21 ; 196 ; 4 ; [0.34820265670615874] ; [0.41971873746337307]
840 ; 21 ; 196 ; 11 ; [0.22584518799337283] ; [1.4522542841675719]
840 ; 21 ; 197 ; 0 ; [0.22328965127157888] ; [0.029248949451512598]
840 ; 21 ; 197 ; 1 ; [0.43185435515343024] ; [0.30924663222665749]
840 ; 21 ; 197 ; 2 ; [0.74614132273123246] ; [3.0889547837688611]
840 ; 21 ; 198 ; 0 ; [0.17621816731073608, 0.2377101865358395, 0.47681849089439415, 0.4172267335304975] ; [0.16710147917265383, 0.1661585413299026, 0.39403995409470449, 0.21850392162566049]
840 ; 21 ; 199 ; 4 ; [0.16026845315551638] ; [3.9113116243972628]
840 ; 21 ; 200 ; 0 ; [-0.004208519169581767, 0.073148505325164523, 0.51577915589642642] ; [0.23153782962815286, 0.33017274032393518, 0.31859913793585198]
840 ; 21 ; 201 ; 0 ; [0.26979556514896014, 0.27410587443102702, 0.32105543664517794, 0.19248652242378034] ; [0.25688870466205094, 0.18133630671974285, 0.26522218619412025, 0.33217646224708258]
840 ; 21 ; 201 ; 1 ; [0.4724399923595588] ; [0.24169582201783707]
840 ; 21 ; 202 ; 0 ; [0.074137161045456562] ; [0.15120742042973653]
840 ; 21 ; 203 ; 2 ; [0.067562293321632744] ; [0.33532818293130146]
840 ; 21 ; 204 ; 0 ; [0.037652665997376093, 0.037291662088843915, 0.28414131169682827] ; [0.18452578021870938, 0.18291957785461285, 0.057664184932357025]
840 ; 21 ; 204 ; 1 ; [0.49766693396951939] ; [0.092579975112597648]
840 ; 21 ; 205 ; 0 ; [0.42623352660168917] ; [0.21387614107668709]
840 ; 21 ; 205 ; 1 ; [0.8202561549664602] ; [0.1548156835836591]
840 ; 21 ; 205 ; 2 ; [0.2458763285523996] ; [0.83433889348247581]
840 ; 21 ; 205 ; 4 ; [0.80525212663783685] ; [0.51360910999578724]
840 ; 21 ; 205 ; 6 ; [0.72023527637994844] ; [0.0031558475455154382]
840 ; 21 ; 205 ; 7 ; [1.2581637163162094] ; [0.042018734979825431]
840 ; 21 ; 207 ; 0 ; [1.2816059005446185] ; [2.1445547289561597]
840 ; 21 ; 207 ; 3 ; [2.6104452740011208] ; [1.6596384975148686]
840 ; 21 ; 207 ; 4 ; [0.74130948285277121] ; [1.6096549121580399]
840 ; 21 ; 207 ; 5 ; [0.58266167569838234] ; [2.358346561900055]
840 ; 21 ; 207 ; 6 ; [2.4648503745615815] ; [1.7283864090021237]
840 ; 21 ; 207 ; 8 ; [0.73563498201783228] ; [2.0967275279522464]
840 ; 21 ; 207 ; 9 ; [0.13800250917646945] ; [1.6890880445067624]
840 ; 21 ; 207 ; 13 ; [1.219453200258235] ; [3.1817609826686404]
840 ; 21 ; 208 ; 0 ; [0.90592805345445715, 1.4026939291295335] ; [0.33855573538264194, 0.83409098543087634]
840 ; 21 ; 208 ; 1 ; [0.97531039238076844] ; [0.46230029675708822]
840 ; 21 ; 208 ; 2 ; [1.2405187655205727] ; [0.50413299824143953]
840 ; 21 ; 208 ; 6 ; [1.7832124708731527] ; [4.288898251302574]
840 ; 21 ; 208 ; 10 ; [0.68451037137932191] ; [1.4579070472003917]
840 ; 21 ; 209 ; 0 ; [0.50511076995566895, 0.31926936232241016, 0.54080884265864171, 0.34692376217755377, 0.063878313335414869] ; [0.2870745942164738, 0.25590947218029347, 0.43980897136868663, 0.99182922010769081, 0.33588231015177983]
840 ; 21 ; 210 ; 0 ; [0.41082779982732814] ; [0.15516005987599035]
840 ; 21 ; 210 ; 1 ; [0.044371389387323816] ; [0.069289853137479984]
840 ; 21 ; 210 ; 2 ; [0.2038203517430093] ; [1.4770935965070899]
840 ; 21 ; 210 ; 3 ; [0.10823217204546268] ; [1.8966903140406917]
840 ; 21 ; 210 ; 4 ; [0.13338652908236615] ; [1.356982691240642]
840 ; 21 ; 210 ; 5 ; [0.8201980548578679] ; [0.62329741170486797]
840 ; 21 ; 210 ; 11 ; [2.0632855126427985] ; [1.3360170201444295]
840 ; 21 ; 211 ; 0 ; [2.3719334160172241] ; [0.14977755106692031]
840 ; 21 ; 211 ; 1 ; [2.1084756210447302] ; [0.76283828835488954]
840 ; 21 ; 211 ; 2 ; [0.59450742890475161] ; [0.46874035689083859]
840 ; 21 ; 211 ; 3 ; [1.9338363215941581] ; [1.6267159489119714]
840 ; 21 ; 211 ; 4 ; [1.6861258401313055] ; [2.6825818775129178]
840 ; 21 ; 211 ; 6 ; [0.98360349036552885] ; [0.66109387451466295]
840 ; 21 ; 211 ; 8 ; [2.3456166961693397] ; [0.4215709718147686]
840 ; 21 ; 211 ; 10 ; [2.5567709033502983] ; [1.2687006874135269]
840 ; 21 ; 211 ; 12 ; [1.7985105574882807] ; [1.5043546199515003]
840 ; 21 ; 211 ; 16 ; [0.46224752170130501] ; [1.5737546980273909]
840 ; 21 ; 211 ; 19 ; [1.3596483733059774] ; [1.3567271506626881]
840 ; 21 ; 211 ; 20 ; [1.1647542822243548] ; [2.5118074100605132]
840 ; 21 ; 211 ; 21 ; [2.082660134907103] ; [1.1786104864052347]
840 ; 21 ; 211 ; 22 ; [1.7787184766805693] ; [1.3321712768258445]
840 ; 21 ; 211 ; 28 ; [2.8558494956239371] ; [1.8622474326605143]
840 ; 21 ; 211 ; 32 ; [1.3787677149681714] ; [1.4320175826392623]
840 ; 21 ; 211 ; 33 ; [1.5188949000791978] ; [1.0396660751868907]
840 ; 21 ; 211 ; 34 ; [0.86839856149388484] ; [2.4644577676421542]
840 ; 21 ; 211 ; 35 ; [1.8178658989819472] ; [1.750673253365556]
840 ; 21 ; 211 ; 36 ; [1.254683543441619] ; [1.6300280192913985]
840 ; 21 ; 212 ; 0 ; [0.42794130813511183, 0.1902487757966117] ; [0.61648679679021356, 0.25702384794250627]
840 ; 21 ; 212 ; 1 ; [0.2129030407939323] ; [3.1787506218263375]
840 ; 21 ; 213 ; 0 ; [0.10804708597908694, 0.15865595548521741, 0.45793363179649721, 0.069449057951445972] ; [0.14420170680880615, 0.20606052712901612, 0.26634321438565051, 0.40253380772880015]
840 ; 21 ; 213 ; 1 ; [0.12684794665470223] ; [0.1381871544398513]
840 ; 21 ; 213 ; 2 ; [0.1981809764694282] ; [0.033748978577466213]
840 ; 21 ; 213 ; 3 ; [0.55446910530862747] ; [-0.0053409539474050857]
840 ; 21 ; 213 ; 5 ; [0.32688800003764096] ; [-0.049616071442349127]
840 ; 21 ; 214 ; 0 ; [0.15883915711572075] ; [-0.003840633587607624]
840 ; 21 ; 214 ; 1 ; [1.7994380724696981] ; [0.63452796218534835]
840 ; 21 ; 214 ; 2 ; [0.15303239381554437] ; [1.3866126722787693]
840 ; 21 ; 214 ; 4 ; [1.164292832667845] ; [1.2409185170194226]
840 ; 21 ; 216 ; 0 ; [0.83445095640510303] ; [0.48147127121809635]
840 ; 21 ; 216 ; 1 ; [1.2382251265837045] ; [0.88611059807674897]
840 ; 21 ; 216 ; 2 ; [1.5179567864401209] ; [0.017915196365045079]
840 ; 21 ; 216 ; 5 ; [0.0012726644477431786] ; [1.0086351188290612]
840 ; 21 ; 217 ; 0 ; [0.27814825379200275, 0.016136488056915574] ; [0.22291944956721071, 0.22093450576770043]
840 ; 21 ; 218 ; 0 ; [0.080322455185646541, 0.045067642799859711, 0.37503743726423178, 3.1026544371937379] ; [0.13707783723841013, 0.25428798652573043, 0.26768070420673501, 0.11598950837301009]
840 ; 21 ; 218 ; 1 ; [0.028272583971866414] ; [0.14055057328571149]
840 ; 21 ; 219 ; 0 ; [0.19102314218032768, -0.0054725159423409959] ; [0.39233800663563162, 0.06293075500550345]
840 ; 21 ; 219 ; 1 ; [0.40065000100867693] ; [0.26615182869938753]
840 ; 21 ; 219 ; 4 ; [0.13751523568612925, 0.5395746944854789] ; [0.23286184022984138, 0.17314424396820707]
840 ; 21 ; 219 ; 5 ; [1.4328810071941938] ; [0.17069196942621367]
840 ; 21 ; 221 ; 0 ; [3.1220517654669355] ; [0.07684535778591442]
840 ; 21 ; 221 ; 3 ; [1.1930749924756061] ; [3.4868672955928321]
840 ; 21 ; 221 ; 4 ; [1.3844906357474838] ; [0.75359387950191115]
840 ; 21 ; 221 ; 5 ; [0.66202064572694397] ; [2.3201960475568741]
840 ; 21 ; 221 ; 6 ; [1.6113813730157389] ; [2.0073377720773529]
840 ; 21 ; 221 ; 7 ; [3.2206904823043083] ; [1.6337574712713481]
840 ; 21 ; 221 ; 8 ; [1.4802903014660167] ; [1.6722130003095845]
840 ; 21 ; 221 ; 9 ; [1.2028215155345499] ; [1.4450729231040704]
840 ; 21 ; 221 ; 11 ; [2.6413875373088747] ; [2.5336418019973226]
840 ; 21 ; 221 ; 12 ; [2.1668457407677311] ; [0.81063042702756916]
840 ; 21 ; 221 ; 13 ; [1.4859448085556424] ; [1.7269647968100585]
840 ; 21 ; 221 ; 18 ; [1.1246553256294463] ; [1.9203239463150295]
840 ; 21 ; 221 ; 20 ; [1.7123386102426048] ; [1.416415443554415]
840 ; 21 ; 221 ; 21 ; [1.9955032811713105] ; [2.7427660241191809]
840 ; 21 ; 221 ; 23 ; [1.6903359887312355] ; [1.6013520946624675]
840 ; 21 ; 221 ; 24 ; [2.7633070192211888] ; [2.7721623070043075]
840 ; 21 ; 221 ; 25 ; [2.2443902594127811] ; [1.6157264100583697]
840 ; 21 ; 222 ; 2 ; [0.044739215072029694] ; [0.058799265015838459]
840 ; 21 ; 222 ; 6 ; [2.6332613171579791] ; [1.456261902074053]
840 ; 21 ; 223 ; 0 ; [0.22419956909331062, 0.25871438526693452, 0.10618790462587444] ; [0.0987414122640696, 0.24542956023240597, 0.082732844282334225]
840 ; 21 ; 223 ; 1 ; [0.67012079236252209] ; [0.017458467914454889]
840 ; 21 ; 224 ; 0 ; [0.34959090936252379] ; [-0.014552551831988185]
840 ; 21 ; 224 ; 9 ; [1.4359723079459052] ; [0.46439298942683838]
840 ; 21 ; 225 ; 1 ; [-0.0085791200414535463] ; [0.75904157019648488]
840 ; 21 ; 225 ; 3 ; [0.32906212767402349] ; [0.64590040583085617]
840 ; 21 ; 225 ; 8 ; [0.1293846355182299] ; [0.27455030515754431]
840 ; 21 ; 225 ; 12 ; [0.32318495318710411] ; [0.33114670288438308]
840 ; 21 ; 226 ; 0 ; [0.58980758859059668, 0.12940704433924535, 0.11867066254811724, 0.11140142739064657] ; [0.27525184085687954, 0.4320395448845174, 0.16127559890881732, 0.22349984179168642]
840 ; 21 ; 226 ; 1 ; [0.27012159872665314, 0.19440641607195408, 0.16659334621074556] ; [0.21234155497879184, 0.66220271701548283, -0.0021714715266553299]
840 ; 21 ; 227 ; 0 ; [0.59452519153145622] ; [0.72066555043200298]
840 ; 21 ; 227 ; 3 ; [0.078573835264119971] ; [0.451271563368984]
840 ; 21 ; 227 ; 5 ; [1.5307630370158081] ; [0.33112454324340052]
840 ; 21 ; 227 ; 8 ; [1.1159113597946464] ; [0.54051472070416295]
840 ; 21 ; 227 ; 12 ; [0.038008792180189571] ; [1.1574580786538489]
840 ; 21 ; 228 ; 0 ; [0.57660282941206775] ; [-0.0058852444215261391]
840 ; 21 ; 228 ; 2 ; [0.4061293521468699] ; [0.063169266033399882]
840 ; 21 ; 229 ; 0 ; [0.07912033389002808, 0.066302277998970871, 0.06894161170574227] ; [0.19119066841474547, 0.29348605174633147, 0.16684048029048928]
840 ; 21 ; 230 ; 0 ; [0.12063035781989635] ; [0.17980136350773201]
840 ; 21 ; 230 ; 1 ; [0.16297996934451139, 0.23485053584543736, 0.29188071439542052] ; [0.15978921650104999, 0.21300733121126528, 0.23076893346080193]
840 ; 21 ; 231 ; 0 ; [0.087126129210647968, 0.064195666455709718, 0.41095624635301314] ; [0.32584687806125745, 0.23106153798852008, 0.14666515733109772]
840 ; 21 ; 231 ; 1 ; [0.16522182423170403, 0.37993248238614252] ; [0.10373932861721888, 0.11240918939242731]
840 ; 21 ; 232 ; 0 ; [0.18518063855577691, 0.59328129864647039, 0.30506867232699925, 0.12798036582546102] ; [0.086397389841807018, 0.27888189637625227, 0.44779682572806523, 0.12425554090137117]
840 ; 21 ; 233 ; 0 ; [0.34295606413699797, 0.24817858555342737, 0.28130774494756128] ; [0.36099515104596869, 0.2927067657395151, 0.2724080460120018]
840 ; 21 ; 234 ; 0 ; [0.19180124323955094, 0.61394785825914278, 0.2897900941936325, 0.1956239197995811] ; [0.15659955538371584, 0.38927565240260803, 0.12396035131287408, 0.11519339382964486]
840 ; 21 ; 235 ; 0 ; [0.49562352187908798] ; [0.32192983771743372]
840 ; 21 ; 235 ; 1 ; [0.046578931083457634] ; [0.36443111148898244]
840 ; 21 ; 235 ; 3 ; [1.886594174891578] ; [0.52161652726266261]
840 ; 21 ; 236 ; 0 ; [0.11535428307160489] ; [0.13101123069675899]
840 ; 21 ; 236 ; 1 ; [0.56426035080845938] ; [0.096666820181241425]
840 ; 21 ; 237 ; 0 ; [0.29924497974660036, 0.087152311767822344] ; [0.15238338036855803, 0.030962136089137102]
840 ; 21 ; 237 ; 1 ; [0.0040082789345452603] ; [0.066305166059821855]
840 ; 21 ; 238 ; 0 ; [0.29347076916983289] ; [0.074055388977115721]
840 ; 21 ; 239 ; 0 ; [0.050228864002771302] ; [0.11825150897862563]
840 ; 21 ; 239 ; 1 ; [0.15323233858505914] ; [0.32617768340223829]
840 ; 21 ; 239 ; 3 ; [-0.20606076107332399] ; [0.014740233632766754]
840 ; 21 ; 239 ; 5 ; [0.056503754796899647] ; [0.2255305434350714]
840 ; 21 ; 240 ; 0 ; [0.6408038382404122] ; [0.91249582520265815]
840 ; 21 ; 240 ; 1 ; [2.0305780988381659] ; [0.5057237947611839]
840 ; 21 ; 240 ; 6 ; [1.5764025357716547] ; [2.4070810574336066]
840 ; 21 ; 240 ; 8 ; [1.9951149312334229] ; [2.5707753663081836]
840 ; 21 ; 240 ; 10 ; [0.13589948508227134] ; [2.6689134914623098]
840 ; 21 ; 240 ; 11 ; [0.76977064151437824] ; [1.8655753326339628]
840 ; 21 ; 240 ; 13 ; [2.0844433953702755] ; [1.0954607717804439]
840 ; 21 ; 240 ; 14 ; [0.29729621869677286] ; [1.4200173400275655]
840 ; 21 ; 240 ; 15 ; [2.437668707573438] ; [1.7655589589679577]
840 ; 21 ; 240 ; 16 ; [1.7705357579194729] ; [1.9423320019085084]
840 ; 21 ; 240 ; 18 ; [1.7232606691256935] ; [1.7726849943084908]
840 ; 21 ; 240 ; 19 ; [1.5599943811620702] ; [2.8969095805791953]
840 ; 21 ; 240 ; 22 ; [0.02467956411368245] ; [2.5622625401215138]
840 ; 21 ; 240 ; 23 ; [0.19268831747908782] ; [0.11555508405017395]
840 ; 21 ; 240 ; 27 ; [1.6571956590079617] ; [1.7369880397757864]
840 ; 21 ; 240 ; 28 ; [2.3551434079745248] ; [1.6087339602645649]
840 ; 21 ; 240 ; 29 ; [0.38638728347036966] ; [2.167380217001778]
840 ; 21 ; 240 ; 30 ; [0.11887654903864468] ; [1.8104930511616153]
840 ; 21 ; 241 ; 1 ; [0.95825606140090924] ; [0.21472845852564376]
840 ; 21 ; 241 ; 5 ; [1.3159975176539129] ; [0.36794410648271675]
840 ; 21 ; 241 ; 7 ; [1.0963070855242385] ; [0.34746776818844338]
840 ; 21 ; 242 ; 0 ; [0.68629159005631968] ; [1.8053585992397108]
840 ; 21 ; 242 ; 1 ; [0.52657399583428632] ; [0.80010732013168306]
840 ; 21 ; 242 ; 2 ; [0.35328849288097947] ; [1.6385641807779061]
840 ; 21 ; 243 ; 0 ; [0.18665994316457443] ; [0.046165475320756939]
840 ; 21 ; 243 ; 2 ; [0.82167927939665453] ; [1.3426667969029034]
840 ; 21 ; 243 ; 4 ; [1.6613002115096351] ; [1.8349935458288209]
840 ; 21 ; 243 ; 7 ; [0.45083641954395082] ; [1.4517160189496829]
840 ; 21 ; 243 ; 8 ; [4.0032179463780579] ; [1.1274514868077596]
840 ; 21 ; 244 ; 0 ; [0.069147159958768398, 0.10600748311887286, 0.06385370269125093] ; [0.33810923361286799, 0.33789738430961747, 0.34184941172540456]
840 ; 21 ; 244 ; 1 ; [0.12421228941649044, 0.031198133723565554, 0.017760673087362889] ; [0.33180881082177827, 0.41892418990658881, 0.19989535671421418]
840 ; 21 ; 245 ; 0 ; [0.45977164472047261, 0.042404024044231825, 0.49886025459899636, 0.00081562475165591897] ; [0.1114352859557675, 0.17739277788306496, 0.76698326948345708, 0.95869322851812044]
840 ; 21 ; 246 ; 0 ; [-0.0055846216821204154, 0.0074631995413741567, 0.075249880577969233] ; [0.21969875516482976, 0.1689780333149645, 0.17650442851911774]
840 ; 21 ; 247 ; 0 ; [0.1279827553702689, 0.1679130489620658, 0.14397740870755182, 0.077155103467934874] ; [0.11644498655689949, 0.13273822407769245, 0.16985824743136782, 0.09695784564013836]
840 ; 21 ; 248 ; 0 ; [0.55513352749167788, 0.68000237178117473] ; [0.64476899215170369, 0.59244783831316161]
840 ; 21 ; 248 ; 4 ; [0.099604243233713252] ; [0.10337431944539902]
840 ; 21 ; 248 ; 5 ; [0.13967720598471334] ; [0.39578818464840426]
840 ; 21 ; 249 ; 1 ; [8.9609572869148693] ; [2.313712300483711]
840 ; 21 ; 249 ; 2 ; [0.3363867482828895] ; [2.574703028136943]
840 ; 21 ; 250 ; 0 ; [0.22802833116716437, 0.12913174415253906] ; [0.18194778653257501, 0.16668583280180926]
840 ; 21 ; 251 ; 0 ; [0.0074451152115969895, -0.021436443245678158, 0.030270908240608345] ; [0.16602274094389502, 0.20136793056668817, 0.043410433091366975]
840 ; 21 ; 251 ; 1 ; [0.16330178679553009] ; [0.0065655242478515211]
840 ; 21 ; 252 ; 3 ; [0.79681533393698922] ; [1.9141965975145927]
840 ; 21 ; 253 ; 0 ; [0.44377634626113999] ; [0.30218512996834423]
840 ; 21 ; 254 ; 0 ; [0.68463237216688499] ; [0.1769263732834683]
840 ; 21 ; 254 ; 2 ; [0.079491442701175516] ; [0.30594141346048537]
840 ; 21 ; 255 ; 0 ; [5.889812216395093] ; [0.30509954973152986]
840 ; 21 ; 256 ; 0 ; [0.3504768015329135, 1.183012639425888] ; [0.055388673306815836, 1.3019129217234005]
840 ; 21 ; 256 ; 1 ; [0.36190935005040525, 0.10001563707286373] ; [0.70828042005198666, 0.39912084816717247]
840 ; 21 ; 256 ; 2 ; [0.33626414461010151] ; [0.0156296623197371]
840 ; 21 ; 257 ; 0 ; [1.6098210854860577] ; [3.7635016912157613]
840 ; 21 ; 257 ; 1 ; [1.6374250732165843] ; [4.1836015160260169]
840 ; 21 ; 257 ; 2 ; [1.3099006202014891] ; [0.85604742967646696]
840 ; 21 ; 257 ; 3 ; [0.96022775722081777] ; [1.2595305150753895]
840 ; 21 ; 257 ; 4 ; [1.7780562601067618] ; [2.8357970824450467]
840 ; 21 ; 258 ; 0 ; [0.010187739400200501, -0.0043946410885599861, 0.0092900599638028724, -0.0016454701892299796] ; [0.43293086286256127, 0.18678815717509015, 0.29426299948587326, 0.30013881858878749]
840 ; 21 ; 258 ; 1 ; [-0.0032720909872221799] ; [0.24162058622310933]
840 ; 21 ; 258 ; 2 ; [0.34122626261135086] ; [0.1705255528928758]
840 ; 21 ; 258 ; 3 ; [0.45061190943840496] ; [0.0089107382608037862]
840 ; 21 ; 258 ; 4 ; [-0.02053115717006878] ; [0.11310192273869216]
840 ; 21 ; 258 ; 6 ; [0.60317651518559623] ; [-0.026806096552870029]
840 ; 21 ; 259 ; 0 ; [0.0079848549170057903, 0.13987856244871946, 0.145306261474167, -0.0077706506915268831] ; [0.50314044733612595, 0.15434018855070908, 0.22827756462725457, 0.113593328155892]
840 ; 21 ; 259 ; 2 ; [0.084760121789654558] ; [0.24315286829510857]
840 ; 21 ; 260 ; 0 ; [0.070846634137352565] ; [1.3183448926250476]
840 ; 21 ; 260 ; 1 ; [0.057135712681424103] ; [2.1582396452377011]
840 ; 21 ; 260 ; 2 ; [0.33089715165850864] ; [0.43841856013622432]
840 ; 21 ; 260 ; 3 ; [1.3129452337292624] ; [1.3199470206582626]
840 ; 21 ; 261 ; 0 ; [0.16339381274423054] ; [5.2717115189719204]
840 ; 21 ; 261 ; 1 ; [2.014828030076298] ; [1.4680989470636543]
840 ; 21 ; 261 ; 2 ; [2.7322171964782345] ; [1.0002460718598216]
840 ; 21 ; 261 ; 6 ; [-0.23233708398989944] ; [0.73646939145027679]
840 ; 21 ; 261 ; 7 ; [1.467103453797407] ; [2.6105203971393709]
840 ; 21 ; 261 ; 8 ; [1.8474106287482146] ; [1.6134186135659174]
840 ; 21 ; 261 ; 9 ; [2.2557290581991736] ; [1.1350287474581167]
840 ; 21 ; 261 ; 14 ; [3.3441830055181669] ; [-0.03664749348777669]
840 ; 21 ; 262 ; 0 ; [1.5097538292906085] ; [0.33351036404324702]
840 ; 21 ; 262 ; 1 ; [0.77417210919249013] ; [0.37005360471218957]
840 ; 21 ; 263 ; 1 ; [0.10167816236338187] ; [0.021591469463907435]
840 ; 21 ; 264 ; 0 ; [0.026920045619184638, 0.34708384253579744] ; [0.32976659274875891, 0.15977324081671132]
840 ; 21 ; 264 ; 2 ; [0.34547643543149836, 0.21800709192815404, 0.36767381388362513, 0.42873502219128889] ; [0.3981084197737812, 0.13477938478583856, 0.14290106125295415, 0.44573816122941706]
840 ; 21 ; 265 ; 0 ; [0.16345931870673799, 0.090630040282046881, 0.10688267889882956, 0.011291578436364122, -0.011618037043757891] ; [0.27223830870348631, 0.1915025373905451, 0.29649698540271729, 0.1979541040590487, 0.13967237895585005]
840 ; 21 ; 266 ; 0 ; [1.5377704331749367] ; [0.72624516593649691]
840 ; 21 ; 268 ; 0 ; [0.15205984089490124, -0.0071897804451840344] ; [0.37391028112976132, 0.088788450586777951]
840 ; 21 ; 269 ; 0 ; [0.27434922466926692] ; [0.19328061394424423]
840 ; 21 ; 269 ; 2 ; [-0.021322460533329961] ; [0.084309810607379548]
840 ; 21 ; 270 ; 0 ; [0.96870514016703535, 1.111268114921637, 0.76327009721853412, 0.5457755070910788] ; [0.78323393824076093, 1.1038990441127474, 0.7728809752463025, 0.51616753305774143]
840 ; 21 ; 270 ; 1 ; [1.6240418807864199, 1.8073993193031412] ; [0.25128723321836349, 0.13754878544774105]
840 ; 21 ; 270 ; 4 ; [2.8867239415429293, 2.5223295033314206] ; [1.6376977728015041, 1.4002055647133638]
840 ; 21 ; 270 ; 5 ; [1.9880845641770031] ; [0.10014351079159528]
840 ; 21 ; 270 ; 12 ; [2.0932987782232946] ; [1.8991488790516569]
840 ; 21 ; 270 ; 13 ; [1.1732974448990663] ; [2.31860479206635]
840 ; 21 ; 271 ; 0 ; [0.17172030327548374, 0.21519758400068961, 0.13039236090622672, 0.045132163909660961] ; [0.32745517258118756, 0.21772623924208451, 0.19430938385074387, 0.079900520608409728]
840 ; 21 ; 271 ; 1 ; [0.24706333842596781] ; [0.16202156709515864]
840 ; 21 ; 272 ; 0 ; [0.0029944692810671331] ; [0.39288719797842497]
840 ; 21 ; 274 ; 0 ; [0.32595190634680871, 0.27445099258533723] ; [0.22407873249918764, 0.15044295828189247]
840 ; 21 ; 274 ; 1 ; [0.15267269467737191] ; [0.1576280700818545]
840 ; 21 ; 274 ; 2 ; [0.27089648624248353] ; [0.28596688780682133]
840 ; 21 ; 275 ; 0 ; [0.10309126279355718, 0.0093714590149354144] ; [0.21695545319796244, 0.08599317035884349]
840 ; 21 ; 276 ; 0 ; [0.036508531117140378, 0.076557963256620717, 0.0042047323003628701] ; [0.12719101292764023, 0.26134886086598852, 0.10832034821036207]
840 ; 21 ; 277 ; 0 ; [0.089619364800159418, 0.10560791968057014, 0.086128559116237777, 0.039496904764672151] ; [0.25848875780308322, 0.21936753617566651, 0.21616022838334756, 0.11909252603086341]
840 ; 21 ; 278 ; 0 ; [0.21569698304822196, 0.53168133197732259, 0.52668325471355193, 0.26684859947035233] ; [0.34856090447182564, 0.68486679630225233, 0.6851264627882947, 0.49492674805377723]
840 ; 21 ; 279 ; 0 ; [0.43964281063035143] ; [0.065628443291186334]
840 ; 21 ; 280 ; 0 ; [0.064273215062025213, -0.0046518773303042757, 0.33313938624716921] ; [0.32031233600331571, 0.22204889311536627, 0.4169642521952942]
840 ; 21 ; 281 ; 0 ; [0.21633947999120468, 0.0006875460312856784, -0.0060680167384133893] ; [0.28399010457627294, 0.31466214198246467, 0.16522636015659936]
840 ; 21 ; 281 ; 2 ; [0.10350304230161113] ; [0.36097274701488063]
840 ; 21 ; 281 ; 3 ; [1.105519917033049] ; [0.1868500666468845]
840 ; 21 ; 282 ; 0 ; [2.2369792390253975] ; [0.37183392556847406]
840 ; 21 ; 282 ; 4 ; [0.19974158097213024] ; [0.38526967948344304]
840 ; 21 ; 283 ; 0 ; [2.5408327549848466, 0.14797067837879802] ; [0.11160038188054802, 0.044903329679429067]
840 ; 21 ; 284 ; 0 ; [0.063044373991288358, 0.066792723000002691, 0.021150369138190604] ; [0.2130425385150938, 0.2120373118648127, 0.11059209442026592]
840 ; 21 ; 284 ; 1 ; [0.022587613222246252] ; [0.01694063551879086]
840 ; 21 ; 285 ; 0 ; [0.11830666480770984, 0.092647152961038565, 0.042216429224214896] ; [0.21597674986683876, 0.17865224407575744, 0.09351294201026647]
840 ; 21 ; 285 ; 1 ; [1.0252698855577642] ; [0.18205532652764234]
840 ; 21 ; 286 ; 0 ; [1.4140689862814182] ; [0.58094549855553146]
840 ; 21 ; 286 ; 4 ; [2.3446529879770019] ; [2.3324605998296231]
840 ; 21 ; 287 ; 0 ; [0.17479519149688341, 0.14178853760899376, 0.11879893915027118] ; [0.13058100982780763, 0.16317700218986184, 0.13264916250523268]
840 ; 21 ; 288 ; 0 ; [0.72644011111487161] ; [0.43555864466393818]
840 ; 21 ; 288 ; 1 ; [2.434360210769412] ; [1.1803791740605041]
840 ; 21 ; 289 ; 0 ; [0.18209868789653105, 0.15128312702429475, 0.084630604265287582] ; [0.15621251660068114, 0.16898882600242826, 0.046084949319308358]
840 ; 21 ; 289 ; 1 ; [0.64342706499019064] ; [0.077247655639145221]
840 ; 21 ; 290 ; 0 ; [0.27098836319050218] ; [0.37446028261228653]
840 ; 21 ; 290 ; 2 ; [0.35619591349207541] ; [0.079297895791456574]
840 ; 21 ; 290 ; 3 ; [1.8618410883905214] ; [0.71004462015449821]
840 ; 21 ; 291 ; 0 ; [0.30490368036380272] ; [0.95308894020906254]
840 ; 21 ; 291 ; 2 ; [0.61368799904172566] ; [3.4107798308667747]
840 ; 21 ; 291 ; 4 ; [0.071288407782806595] ; [0.95551115987820445]
840 ; 21 ; 291 ; 6 ; [0.040036014670123007] ; [1.3894500253844815]
840 ; 21 ; 291 ; 7 ; [0.53505228157479023] ; [1.8377249426922069]
840 ; 21 ; 292 ; 2 ; [0.058685551402632388] ; [1.6132291289451488]
840 ; 21 ; 292 ; 3 ; [1.6852182612684097] ; [0.59690311820840747]
840 ; 21 ; 292 ; 5 ; [0.35116383316532601] ; [0.55526761226648547]
840 ; 21 ; 292 ; 6 ; [0.14121650833013258] ; [0.41022989683580635]
840 ; 21 ; 292 ; 7 ; [1.4555097966734125] ; [0.50165936223257901]
840 ; 21 ; 293 ; 0 ; [0.28391336999043038, 0.24507366211737952, 0.33352205717313127] ; [0.3971573454455154, 0.19628153616795843, 0.17985893838067402]
840 ; 21 ; 293 ; 1 ; [0.040098488963914901, 0.12191637936631004] ; [0.3493971463690978, 0.20025925774300674]
840 ; 21 ; 294 ; 0 ; [0.095201499061719638] ; [0.044548703970894749]
840 ; 21 ; 294 ; 1 ; [0.12267589389047079] ; [0.07670231427719662]
840 ; 21 ; 294 ; 2 ; [0.034406449161411549, 0.12445025158073289, 0.090304686458262104] ; [0.27837970996468664, 0.22474820175986257, 0.16645058419471306]
840 ; 21 ; 295 ; 0 ; [0.55676896126891118] ; [0.36329240519474693]
840 ; 21 ; 296 ; 0 ; [0.31093364121999073, 0.18325430095251558] ; [0.24702087250364671, 0.063693041027846675]
840 ; 21 ; 296 ; 1 ; [0.12139300759897163] ; [-0.0093212198964464314]
840 ; 21 ; 297 ; 0 ; [0.034504071220420415, 0.1889961454677587, 0.016669243181362078, 0.077093630485749604] ; [0.28066380466277635, 0.60364743115664354, 0.16584297201794912, 0.2384829806750092]
840 ; 21 ; 298 ; 1 ; [0.50153962976608668] ; [0.15648581817147664]
840 ; 21 ; 298 ; 3 ; [0.2115485338521223] ; [0.49750756437763144]
840 ; 21 ; 298 ; 5 ; [1.4264332674502982] ; [0.014858284487987821]
840 ; 21 ; 298 ; 6 ; [-0.00087753572216931592] ; [-0.019120232766514214]
840 ; 21 ; 299 ; 0 ; [0.36780692332151532, 0.60265886404945734] ; [0.21094513207913498, 0.37608457140135487]
840 ; 21 ; 299 ; 4 ; [1.4412699542147978] ; [-0.0028094673466675293]
840 ; 21 ; 300 ; 0 ; [0.15101034424605111, 0.15324683736840725, 0.25320932200299845] ; [0.24144298896145688, 0.21291612328175877, 0.20951391006555103]
840 ; 21 ; 300 ; 1 ; [1.2820314015318361] ; [-0.0031763980780072656]
840 ; 21 ; 301 ; 0 ; [0.53337167790797813] ; [0.66056635270218877]
840 ; 21 ; 301 ; 1 ; [0.6604979070678314] ; [0.026336378076654871]
840 ; 21 ; 301 ; 2 ; [0.76761300345328465] ; [0.63068748725300106]
840 ; 21 ; 301 ; 3 ; [0.11097471609297228] ; [0.014715425283398949]
840 ; 21 ; 301 ; 4 ; [0.65450392570047955] ; [1.0164504530105338]
840 ; 21 ; 302 ; 0 ; [0.31218367365153482] ; [0.025535427905437207]
840 ; 21 ; 302 ; 1 ; [0.057066739358496765] ; [0.062190820147886537]
840 ; 21 ; 303 ; 0 ; [0.17618861805079075] ; [0.25507101015962169]
840 ; 21 ; 303 ; 2 ; [0.053104809074306772] ; [0.67843139489986237]
840 ; 21 ; 304 ; 0 ; [0.85019335726524625] ; [0.36169034293837199]
840 ; 21 ; 304 ; 1 ; [1.4834576662845091] ; [1.065670158773542]
840 ; 21 ; 304 ; 3 ; [-0.068872674425514521] ; [0.38193684107030274]
840 ; 21 ; 304 ; 9 ; [0.013486227559809667] ; [0.78712929942496246]
840 ; 21 ; 304 ; 14 ; [1.8618879999626838] ; [1.6303287844227745]
840 ; 21 ; 304 ; 19 ; [1.6207710663442316] ; [0.85674797433968575]
840 ; 21 ; 304 ; 20 ; [1.8158178408624417] ; [0.11542868065857954]
840 ; 21 ; 304 ; 21 ; [0.56020974075702512] ; [0.091915503228360368]
840 ; 21 ; 305 ; 0 ; [0.38076656781792106, 0.2835517128998708, 0.26233565316091506, 0.34386110798685277, 0.15017869151807359, 0.18193170823323607] ; [0.13128576708195325, 0.33454248650914398, 0.19516835410453068, 0.15804363891074102, 0.18302303833684452, 0.11666387343473042]
840 ; 21 ; 306 ; 0 ; [0.12510038674961763, 0.10917431248100753] ; [0.083687393212417596, 0.054026836498956538]
840 ; 21 ; 306 ; 1 ; [0.31296337654132772] ; [0.1284738446564056]
840 ; 21 ; 306 ; 2 ; [1.0808368026928215] ; [0.078844909460185242]
840 ; 21 ; 307 ; 0 ; [0.30656278548077703] ; [0.29059830943632364]
840 ; 21 ; 307 ; 1 ; [3.629118843334854] ; [1.9382872300974858]
840 ; 21 ; 307 ; 2 ; [4.2918627193826984] ; [7.8143416826296512]
840 ; 21 ; 307 ; 3 ; [1.3170294094952262] ; [0.10770413575096976]
840 ; 21 ; 307 ; 5 ; [1.7396514024267198] ; [0.38606694714416218]
840 ; 21 ; 308 ; 0 ; [0.072932716333361236, 0.062883128063403321, 0.043834124521280687, 0.10565006238740757] ; [0.16266595843174278, 0.22088150465802764, 0.18066246668349514, 0.13342102969234124]
840 ; 21 ; 308 ; 1 ; [0.016880441062289586] ; [0.71672140200008416]
840 ; 21 ; 309 ; 0 ; [0.20571592806640593] ; [0.3644311820561229]
840 ; 21 ; 309 ; 1 ; [0.67304629276370642] ; [0.28262473437749136]
840 ; 21 ; 309 ; 2 ; [0.1111228707918625] ; [0.1422760361099055]
840 ; 21 ; 310 ; 0 ; [1.9401588152091369] ; [1.1583731198247289]
840 ; 21 ; 310 ; 6 ; [1.2463577313648846] ; [0.73121799771298635]
840 ; 21 ; 310 ; 7 ; [1.8723347964699755] ; [1.011900214126086]
840 ; 21 ; 311 ; 1 ; [0.22223976158843858] ; [1.0493280298214482]
840 ; 21 ; 311 ; 3 ; [0.760269792480191] ; [0.85241517742172657]
840 ; 21 ; 311 ; 7 ; [1.9184394470284838] ; [0.4707981375055092]
840 ; 21 ; 311 ; 11 ; [1.2378316783278862] ; [0.3514444123968799]
840 ; 21 ; 313 ; 0 ; [0.16243614912547655, 0.52760675767579956, 0.39048697842263408, 0.36293545280261635] ; [0.15832489912801281, 0.15484191240494929, 0.23681253222702803, 0.27290664760871763]
840 ; 21 ; 314 ; 0 ; [0.085052483071335852, 0.13751299105873233, 0.98485094709495224] ; [0.22957386449914027, 0.14295751034547624, 0.45006471125465325]
840 ; 21 ; 314 ; 1 ; [0.16265939793897563] ; [0.12770956429859767]
840 ; 21 ; 315 ; 0 ; [-0.0044101665260779859, -0.015576616771138196, -0.0071929168882828879, -0.013301357701446992] ; [0.13669607646409529, 0.1462434695662172, 0.1614979219298821, 0.21167256232617798]
840 ; 21 ; 316 ; 0 ; [0.18824890175752876, 0.16184795104992886, 0.013683511145508078, 0.2386941358795813, 0.075275552873118753] ; [0.19866984821697453, 0.4028290574151786, 0.20024503153943779, 0.34589129112390032, 0.37605671217550252]
840 ; 21 ; 317 ; 1 ; [0.33411469856540471] ; [0.31547907040310114]
840 ; 21 ; 318 ; 0 ; [1.4290478646309372] ; [0.75072755753935572]
840 ; 21 ; 318 ; 1 ; [2.7661637856508019] ; [0.8535498212488265]
840 ; 21 ; 318 ; 2 ; [0.73800839733985935] ; [0.56357415148177858]
840 ; 21 ; 318 ; 5 ; [0.69348039894940861] ; [0.01653273301114809]
840 ; 21 ; 318 ; 6 ; [0.85509644471420698] ; [0.50949060245299882]
840 ; 21 ; 318 ; 10 ; [0.0048343362787810311] ; [2.1033123304441954]
840 ; 21 ; 319 ; 1 ; [0.18746677342286727] ; [0.51242807876644414]
840 ; 21 ; 319 ; 2 ; [0.32085405792375193] ; [0.24670086634741067]
840 ; 21 ; 320 ; 0 ; [0.71396212192449315] ; [1.081881404831011]
840 ; 21 ; 321 ; 0 ; [0.38007294117202467, 0.4488347750827637] ; [0.13933722454768432, 0.25025936258706671]
840 ; 21 ; 321 ; 1 ; [0.82566921256553139] ; [0.5912941993506059]
840 ; 21 ; 321 ; 2 ; [0.22283961399242139] ; [1.4212497202400585]
840 ; 21 ; 321 ; 3 ; [1.3307189493460074] ; [4.018899287667363]
840 ; 21 ; 321 ; 11 ; [0.62729628212634247] ; [1.5610728945864241]
840 ; 21 ; 321 ; 21 ; [0.23091623487308216] ; [0.64077841849190997]
840 ; 21 ; 322 ; 0 ; [0.35573588089920194] ; [0.028851394622294899]
840 ; 21 ; 323 ; 0 ; [0.32761728659745643] ; [0.1451753150922194]
840 ; 21 ; 323 ; 1 ; [0.603747345429963] ; [0.27952524225969083]
840 ; 21 ; 323 ; 2 ; [1.3747064262419475] ; [0.10098368504871656]
840 ; 21 ; 323 ; 3 ; [0.46352120523844403] ; [0.050586508480762446]
840 ; 21 ; 323 ; 7 ; [1.3525981433085421] ; [0.87853456238768146]
840 ; 21 ; 324 ; 0 ; [0.040989403680471478, 0.19115705377431474, 0.46193551365112695] ; [0.21659597024791186, 0.23204853056633395, 0.5498880144773316]
840 ; 21 ; 324 ; 1 ; [0.32952119929929363] ; [0.39986781787981396]
840 ; 21 ; 324 ; 2 ; [0.47686737699488513] ; [0.14329782897510526]
840 ; 21 ; 325 ; 0 ; [0.55822732822144627] ; [0.26452028310578873]
840 ; 21 ; 325 ; 1 ; [0.38060323678735575] ; [0.35830167962042403]
840 ; 21 ; 325 ; 2 ; [1.0026921990383577] ; [0.087507920335357939]
840 ; 21 ; 325 ; 3 ; [1.6368252583159653] ; [0.088887498733182455]
840 ; 21 ; 326 ; 0 ; [0.77980209783212928] ; [1.1171714710517748]
840 ; 21 ; 326 ; 1 ; [1.7158746845094301] ; [1.1209361492502516]
840 ; 21 ; 326 ; 3 ; [1.6534387403798552] ; [2.6308376510318241]
840 ; 21 ; 326 ; 14 ; [2.0183002668912904] ; [1.233903278595224]
840 ; 21 ; 327 ; 0 ; [0.34263589146572671] ; [0.44055392234880875]
840 ; 21 ; 327 ; 1 ; [0.43335868403502209] ; [0.62492535636886926]
840 ; 21 ; 327 ; 3 ; [0.52846818033944032] ; [0.49128455805144783]
840 ; 21 ; 327 ; 5 ; [0.14071229636793017] ; [0.37237841233344404]
840 ; 21 ; 327 ; 6 ; [0.94646357248321666] ; [0.6009241539758492]
840 ; 21 ; 327 ; 7 ; [1.0294011375711438] ; [0.72861497186897128]
840 ; 21 ; 327 ; 13 ; [1.1916176641366698] ; [0.31197526825421384]
840 ; 21 ; 327 ; 14 ; [1.5874670537598361] ; [0.65212777080698303]
840 ; 21 ; 327 ; 23 ; [0.77466396033472884] ; [0.98735893886087578]
840 ; 21 ; 328 ; 0 ; [0.56043495518206998] ; [0.02915935753964969]
840 ; 21 ; 328 ; 1 ; [-0.016697793048635418] ; [1.2405638863829946]
840 ; 21 ; 328 ; 4 ; [0.6697249667059012] ; [-0.047107619972971825]
840 ; 21 ; 328 ; 7 ; [2.8464085314757166] ; [2.73305894284259]
840 ; 21 ; 330 ; 0 ; [-0.00017006305148873824, 0.0011132260156820277, 0.041312227656985966] ; [0.17791409525327317, 0.15204186280727025, 0.23422833065861903]
840 ; 21 ; 330 ; 1 ; [0.045206718083524569] ; [0.10096156283426105]
840 ; 21 ; 331 ; 0 ; [0.40091856227719441, 0.028139699101574399, 0.011771538774528243] ; [0.45090954269117739, 0.28408473119199867, 0.1710346191272451]
840 ; 21 ; 331 ; 1 ; [0.51354675021644625] ; [0.25872576286519106]
840 ; 21 ; 331 ; 2 ; [0.012164252137517281] ; [0.06995458071341118]
840 ; 21 ; 332 ; 0 ; [0.72931854930946216] ; [0.85328641819545514]
840 ; 21 ; 332 ; 1 ; [0.028552873013700915] ; [-0.11689163716769474]
840 ; 21 ; 332 ; 2 ; [0.42549227115391552] ; [0.59613315007594936]
840 ; 21 ; 333 ; 0 ; [0.49610230780258213] ; [1.4469484592989501]
840 ; 21 ; 334 ; 2 ; [0.013846613631610929] ; [0.09179105029150042]