# Run ; Subrun ; Event ; Track ; Charge Ratios View 0 ; Charge Ratios View 1 #
840 ; 58 ; 0 ; 0 ; [0.28603417752145244] ; [0.42052554117871788]
840 ; 58 ; 0 ; 2 ; [0.21041004506161357] ; [0.72359461244793433]
840 ; 58 ; 0 ; 3 ; [5.0311489597959476] ; [0.012644545964210612]
840 ; 58 ; 0 ; 4 ; [0.2384423242092136] ; [0.33371828752516902]
840 ; 58 ; 1 ; 0 ; [0.21244663007285033, 0.24079833939195475, 0.22941479250976343, 0.085245002096515962] ; [0.1783649623773951, 0.20280920053613075, 0.22298499187853385, 0.13558005580522273]
840 ; 58 ; 2 ; 0 ; [0.015429881585201102, 0.12616947780808446, 0.045184457493904671] ; [0.24141136010549119, 0.32338261215243325, 0.13726843445756465]
840 ; 58 ; 2 ; 1 ; [0.16286339014911128] ; [0.039988663034563048]
840 ; 58 ; 3 ; 0 ; [1.0029318738702429] ; [0.41565562000537543]
840 ; 58 ; 3 ; 1 ; [0.068031993021628115] ; [0.10661262427615881]
840 ; 58 ; 3 ; 2 ; [0.035899378412282558] ; [0.53679533469168683]
840 ; 58 ; 3 ; 4 ; [0.16529799160098402] ; [1.3366943507008613]
840 ; 58 ; 3 ; 5 ; [0.87699985599017438] ; [1.2476404366572813]
840 ; 58 ; 3 ; 6 ; [0.063537031374693326] ; [1.2508895724752596]
840 ; 58 ; 4 ; 1 ; [0.32055223288430346, 0.31680396183382076] ; [0.17476021143336334, 0.18298125909007934]
840 ; 58 ; 4 ; 2 ; [0.82557468212024521, 0.25034021622102537] ; [0.15569507389553033, 0.10919138979649458]
840 ; 58 ; 4 ; 3 ; [0.2885837971869345] ; [0.11266259760414174]
840 ; 58 ; 4 ; 4 ; [0.29173876846641039, 0.36907704817033432] ; [0.095921849226913186, 0.14042355104414461]
840 ; 58 ; 4 ; 5 ; [0.60161052607646581] ; [0.46710504385103901]
840 ; 58 ; 5 ; 0 ; [0.15846656730258968] ; [0.2607096911280673]
840 ; 58 ; 6 ; 0 ; [0.90699870779389669] ; [0.24004580359378039]
840 ; 58 ; 6 ; 4 ; [-0.030293026423048319] ; [0.073336524634371153]
840 ; 58 ; 6 ; 5 ; [0.31606191802849565] ; [2.2197801019071539]
840 ; 58 ; 6 ; 8 ; [3.8359182159825691] ; [2.0036969548826775]
840 ; 58 ; 8 ; 0 ; [0.069186769192075809] ; [0.019896416421912644]
840 ; 58 ; 8 ; 2 ; [0.1618260183446607, -0.0018753805171804873, 0.059816947630645691] ; [0.29018892503148136, 0.18334087408743677, 0.044808269349772605]
840 ; 58 ; 9 ; 0 ; [1.422871909635522] ; [0.053680463511058235]
840 ; 58 ; 9 ; 1 ; [2.1383721841814416] ; [1.8834446885863061]
840 ; 58 ; 9 ; 4 ; [0.31173590400181539] ; [2.0629744860887058]
840 ; 58 ; 9 ; 5 ; [1.7457635753637759] ; [1.2678526098200911]
840 ; 58 ; 9 ; 6 ; [0.17723802324849502] ; [1.5634333645804266]
840 ; 58 ; 9 ; 8 ; [1.137109077385881] ; [1.2998799799085206]
840 ; 58 ; 9 ; 17 ; [0.511776707872868] ; [2.4792080321900345]
840 ; 58 ; 9 ; 18 ; [0.45811059653524561] ; [2.0589320244577602]
840 ; 58 ; 10 ; 0 ; [0.37200043576659791, 0.27752395400985724, 0.22997214306604047, 0.18980286984706035] ; [0.23388165472922379, 0.22548121258156803, 0.32118527831997989, 0.2170438323611342]
840 ; 58 ; 10 ; 1 ; [0.64776789994940764] ; [0.22492315728268744]
840 ; 58 ; 10 ; 2 ; [0.30397939284533515] ; [0.11097648595362117]
840 ; 58 ; 11 ; 1 ; [0.10497858798293978] ; [1.0833703852004866]
840 ; 58 ; 11 ; 2 ; [0.51880431279632222] ; [1.5345601101924682]
840 ; 58 ; 11 ; 3 ; [1.2559598141791515] ; [1.8668515274852275]
840 ; 58 ; 11 ; 6 ; [1.2572401286959416] ; [0.60868951403964355]
840 ; 58 ; 11 ; 9 ; [2.0241967847890576] ; [0.64697693066497552]
840 ; 58 ; 11 ; 11 ; [0.033060818638691994] ; [1.2403087269830975]
840 ; 58 ; 12 ; 1 ; [-0.023724304083497225] ; [0.027753025701754818]
840 ; 58 ; 13 ; 0 ; [0.92926723760560281] ; [0.15937577099816877]
840 ; 58 ; 13 ; 1 ; [1.7120641208769076] ; [1.4993485575367738]
840 ; 58 ; 13 ; 2 ; [0.86323995303007628] ; [2.1569897813661298]
840 ; 58 ; 13 ; 8 ; [2.0915667432896541] ; [1.1853959434748009]
840 ; 58 ; 13 ; 9 ; [0.98914095440926042] ; [2.0628965819246408]
840 ; 58 ; 13 ; 10 ; [2.0379381643283749] ; [1.0606432561881807]
840 ; 58 ; 13 ; 12 ; [2.0047449311290872] ; [2.0457785249873242]
840 ; 58 ; 13 ; 13 ; [1.7646867565605926] ; [1.9568152633094051]
840 ; 58 ; 13 ; 17 ; [1.7368172029533102] ; [1.7212663277099181]
840 ; 58 ; 13 ; 21 ; [1.7807717368610099] ; [2.1755357188710587]
840 ; 58 ; 13 ; 22 ; [2.0377904230881159] ; [1.6080834764359218]
840 ; 58 ; 13 ; 23 ; [1.564497539106404] ; [1.2037699693239972]
840 ; 58 ; 13 ; 24 ; [3.7068317756990057] ; [1.8837228743483492]
840 ; 58 ; 13 ; 25 ; [2.0885321238270311] ; [1.9785091512795767]
840 ; 58 ; 13 ; 26 ; [2.0205011849201089] ; [1.3707816262096075]
840 ; 58 ; 13 ; 27 ; [2.0640899445998588] ; [2.246196602758523]
840 ; 58 ; 13 ; 29 ; [1.6129189317822363] ; [2.8479875795365386]
840 ; 58 ; 13 ; 30 ; [1.8304380693114946] ; [2.9501080385807126]
840 ; 58 ; 13 ; 32 ; [1.7318728070929335] ; [1.9042993834049089]
840 ; 58 ; 13 ; 33 ; [3.860167416196183] ; [1.3874023079957112]
840 ; 58 ; 13 ; 35 ; [2.5730888294134608] ; [2.1609568930856273]
840 ; 58 ; 13 ; 36 ; [1.0644445399904772] ; [1.0297980174814356]
840 ; 58 ; 13 ; 37 ; [1.6767746894982494] ; [1.7138952056706298]
840 ; 58 ; 13 ; 46 ; [1.9798087513051266] ; [2.1291168137727521]
840 ; 58 ; 14 ; 0 ; [0.64582591146880264] ; [0.38742081946104773]
840 ; 58 ; 14 ; 1 ; [0.034456461123180522] ; [0.54496832240331805]
840 ; 58 ; 14 ; 2 ; [0.86143693911837538, 0.37803687471794373, 0.39884156134749521, 0.26992607679091529, 0.19541195362818262, 0.30046658153647704] ; [0.1063871412920189, 0.39201564978056591, 0.41118306517200526, 0.34115422823365937, 0.23797383305892722, 0.60999402589669471]
840 ; 58 ; 15 ; 2 ; [0.21920358538356527] ; [1.5648690341011131]
840 ; 58 ; 15 ; 5 ; [1.3153736608980138] ; [1.8811169323657237]
840 ; 58 ; 15 ; 6 ; [3.0089445747330577] ; [1.7248321764711567]
840 ; 58 ; 15 ; 8 ; [0.35919554910480117] ; [1.9389441860855692]
840 ; 58 ; 15 ; 10 ; [0.26029985291825114] ; [2.751527295308926]
840 ; 58 ; 15 ; 11 ; [0.17034615828274557] ; [1.045146433798998]
840 ; 58 ; 15 ; 16 ; [0.80788746779710086] ; [1.8119102464568162]
840 ; 58 ; 15 ; 22 ; [0.18152192534964498] ; [2.4070810535593794]
840 ; 58 ; 15 ; 24 ; [2.4357280351021635] ; [1.7330674649874653]
840 ; 58 ; 15 ; 25 ; [2.8362632622758985] ; [1.9314837293614886]
840 ; 58 ; 16 ; 0 ; [1.7340525924258801] ; [3.9240978111509746]
840 ; 58 ; 16 ; 2 ; [1.8585894060069781] ; [1.2931779085363895]
840 ; 58 ; 16 ; 3 ; [1.7295224950293751] ; [2.0505658432779743]
840 ; 58 ; 16 ; 4 ; [1.3186551466999668] ; [1.968222969245917]
840 ; 58 ; 16 ; 6 ; [1.8226496569505977] ; [1.4944078267904382]
840 ; 58 ; 16 ; 7 ; [1.6569058658784301] ; [1.913774653810026]
840 ; 58 ; 16 ; 8 ; [1.0390534040158452] ; [0.20396163643437201]
840 ; 58 ; 16 ; 9 ; [1.9781710239555523] ; [1.4836352813662848]
840 ; 58 ; 16 ; 10 ; [1.8307880569723707] ; [2.3582522556209664]
840 ; 58 ; 16 ; 11 ; [1.100080270724946] ; [1.7409417917372116]
840 ; 58 ; 16 ; 12 ; [1.7466143196839645] ; [9.5972549262678921]
840 ; 58 ; 16 ; 15 ; [1.8382602378056638] ; [2.9581814732320297]
840 ; 58 ; 17 ; 0 ; [0.027475683800762773, 0.36933418573590221] ; [0.33748677541330085, 0.053177507053069124]
840 ; 58 ; 18 ; 0 ; [0.58264750701909174, 2.8548183571975163] ; [0.5380713631101246, 0.27505241499833477]
840 ; 58 ; 19 ; 0 ; [0.57035889428761566] ; [1.4895617969164334]
840 ; 58 ; 19 ; 1 ; [0.29485620256239709] ; [0.028109220661463694]
840 ; 58 ; 19 ; 2 ; [1.7138588943593136] ; [2.9750224402140795]
840 ; 58 ; 19 ; 3 ; [0.900429169043787] ; [2.2068123277961393]
840 ; 58 ; 19 ; 4 ; [2.2489214513913902] ; [1.720004017852339]
840 ; 58 ; 20 ; 0 ; [0.11242034199391701, 0.20169291484985338, 0.174284645964147, 0.2483366934361968, 0.20450131553794995] ; [0.10776012013543206, 0.12844048004870159, 0.29602073266450768, 0.18885563128572075, 0.11686555797874087]
840 ; 58 ; 20 ; 1 ; [0.31925825498215593] ; [0.055395112410330717]
840 ; 58 ; 21 ; 0 ; [0.41406178709068803] ; [0.52925886863177773]
840 ; 58 ; 21 ; 1 ; [0.29368999285226927] ; [0.67725288311527876]
840 ; 58 ; 21 ; 2 ; [-0.018947439887033669] ; [0.067192716968758601]
840 ; 58 ; 21 ; 3 ; [1.074817071001404] ; [1.2558886985182984]
840 ; 58 ; 21 ; 5 ; [2.9840289881490034] ; [2.8229083593680864]
840 ; 58 ; 21 ; 6 ; [1.5628980993078636] ; [2.4461925365797161]
840 ; 58 ; 22 ; 0 ; [0.45244129547206502] ; [0.56586551646919014]
840 ; 58 ; 22 ; 1 ; [0.40306438872567529] ; [0.43792784180534605]
840 ; 58 ; 22 ; 12 ; [0.54855165132105521] ; [1.5741913653788822]
840 ; 58 ; 22 ; 13 ; [0.028637852047887699] ; [1.3302797118205716]
840 ; 58 ; 22 ; 15 ; [0.62039296055466098] ; [1.758443289009556]
840 ; 58 ; 22 ; 16 ; [2.9627735199609466] ; [2.4921129052873607]
840 ; 58 ; 22 ; 20 ; [0.76476911259784208] ; [0.50041931137423379]
840 ; 58 ; 23 ; 0 ; [0.50669108559939047, 0.17022671650068652, 0.21239951249104291] ; [0.2490733479083739, 0.28203514127910817, 0.16339792226264621]
840 ; 58 ; 23 ; 1 ; [0.32184461529942321, -0.0032395757850010578] ; [0.12875523786970419, -0.0088953271107845861]
840 ; 58 ; 24 ; 0 ; [0.18047828409174851, 0.16834239411039345, 0.28470711313992414, 0.10383041487756024] ; [0.1763307628697881, 0.17784442784858229, 0.30368011867207351, 0.19899898101362301]
840 ; 58 ; 24 ; 1 ; [0.92234995181036883] ; [0.027661215521587609]
840 ; 58 ; 25 ; 0 ; [0.09326323024973357] ; [0.2253384854705516]
840 ; 58 ; 25 ; 2 ; [0.20051549849882747] ; [0.54817415598192709]
840 ; 58 ; 25 ; 3 ; [0.077833789337346942] ; [0.33811655508501876]
840 ; 58 ; 26 ; 0 ; [0.36526984018104897, 0.32187676526740333, 0.29293294393042357, 0.54784592318662229] ; [0.19955818832034172, 0.24150176435019766, 0.1477054080399971, 0.13603055026164404]
840 ; 58 ; 27 ; 0 ; [1.0898680332786981] ; [1.2893219841833625]
840 ; 58 ; 27 ; 2 ; [0.041877666215054413] ; [1.8371096348498235]
840 ; 58 ; 27 ; 3 ; [1.2781214984037592] ; [0.79944841790721388]
840 ; 58 ; 27 ; 4 ; [1.3745693829907439] ; [0.95812770164941263]
840 ; 58 ; 27 ; 9 ; [2.442931340333633] ; [2.6769841793492613]
840 ; 58 ; 27 ; 13 ; [1.908739382899326] ; [1.7034608036844681]
840 ; 58 ; 27 ; 22 ; [1.4832994616979325] ; [0.7786667128874396]
840 ; 58 ; 28 ; 0 ; [0.14764606161425295, 0.1393806867044497, 0.33440183720257322, 0.38997464823780098] ; [0.1264878008742846, 0.42285948667268675, 0.28137859775765717, 0.35987481153162648]
840 ; 58 ; 28 ; 1 ; [0.0044041176672354769] ; [0.094566479319080493]
840 ; 58 ; 29 ; 1 ; [0.089610405959604705] ; [-0.028272995798737349]
840 ; 58 ; 29 ; 2 ; [0.57269665945146508] ; [-0.074835870684375638]
840 ; 58 ; 30 ; 0 ; [1.8556611043468347, 1.5807961121159468] ; [0.11324033650271148, 0.11041792058999982]
840 ; 58 ; 30 ; 1 ; [1.2373706311875481] ; [0.32923985606232686]
840 ; 58 ; 30 ; 2 ; [0.19485515060620798] ; [0.14163805157612291]
840 ; 58 ; 30 ; 4 ; [-0.14070212411123093] ; [0.64660923338090548]
840 ; 58 ; 30 ; 5 ; [1.7620770179556307] ; [2.1247515529968211]
840 ; 58 ; 30 ; 7 ; [-0.00866954148196015] ; [0.61675743826349538]
840 ; 58 ; 30 ; 10 ; [0.80904912693337072] ; [2.6716843513034099]
840 ; 58 ; 30 ; 15 ; [2.3795467204074785] ; [0.46518336534032728]
840 ; 58 ; 30 ; 16 ; [0.25792742962949] ; [0.40722321801417444]
840 ; 58 ; 31 ; 0 ; [0.47159055999395699] ; [0.59370058868987752]
840 ; 58 ; 31 ; 1 ; [1.0077746985200913] ; [0.21734284112546351]
840 ; 58 ; 31 ; 2 ; [0.94585945241852221] ; [0.4563051676858762]
840 ; 58 ; 31 ; 4 ; [1.536932520071068] ; [0.0023764259216924538]
840 ; 58 ; 31 ; 8 ; [-0.09779081762038272] ; [1.6663091285355041]
840 ; 58 ; 32 ; 0 ; [1.0763788498218574] ; [1.7241553510944849]
840 ; 58 ; 32 ; 1 ; [0.067137063759624596] ; [0.71152141904907795]
840 ; 58 ; 32 ; 2 ; [0.58817918240272726] ; [0.7264018732818065]
840 ; 58 ; 32 ; 3 ; [0.67084461157782616] ; [0.33215891139973625]
840 ; 58 ; 33 ; 0 ; [0.053615363067843445, 0.082550868945036548, 0.17091239468879121, 0.10104850400456515] ; [0.19409927586094991, 0.22489219858669474, 0.3830307856644663, 0.15403741333949805]
840 ; 58 ; 33 ; 1 ; [6.9908603124378459] ; [0.11963126622217833]
840 ; 58 ; 33 ; 2 ; [0.062557969955221421] ; [0.48040199326916827]
840 ; 58 ; 34 ; 0 ; [0.27412770912068124, 0.29752151412152733, 0.54512803352740613, 0.98653060187367136] ; [0.64324025204407753, 1.1870449825490665, 0.7292940952586241, 0.42348219441500751]
840 ; 58 ; 34 ; 4 ; [0.17832599415869485] ; [1.4479964850127869]
840 ; 58 ; 34 ; 8 ; [0.20795235425589637] ; [1.6367017608914043]
840 ; 58 ; 34 ; 9 ; [0.29039983931474594] ; [1.4117956869888626]
840 ; 58 ; 35 ; 0 ; [0.52700129565272913] ; [0.0086065821293128224]
840 ; 58 ; 36 ; 0 ; [0.046176977190823421, 0.14644176637271922, 0.26360104065901763, 0.14336292134098791, 0.13623604764525049] ; [0.062241737629459289, 0.27573884543443961, 0.23295692272503271, 0.31392362376628979, 0.27838416744750966]
840 ; 58 ; 37 ; 1 ; [0.39069275911590884, 0.37592223366785782, 0.43188918426946143, 0.53757356069284723, 0.91497918065891704] ; [0.22538641633947729, 0.18075007101708923, 0.23829501555454968, 0.42497222957802627, 0.090645174783217194]
840 ; 58 ; 38 ; 0 ; [0.22667895866899271, 0.099916092834180223] ; [0.87340554556788375, 0.58970185879450809]
840 ; 58 ; 38 ; 1 ; [0.11604622327021945] ; [0.050007458954125367]
840 ; 58 ; 39 ; 7 ; [1.0958674498760894] ; [1.5023132771056906]
840 ; 58 ; 39 ; 8 ; [2.7926278328077636] ; [1.1562101616897]
840 ; 58 ; 41 ; 0 ; [1.6143087311083151] ; [0.46674014524115232]
840 ; 58 ; 42 ; 0 ; [-0.087388013915443929] ; [0.27994536082598587]
840 ; 58 ; 42 ; 1 ; [0.55349358028369589] ; [0.26897680396733609]
840 ; 58 ; 42 ; 4 ; [0.38735534960821083] ; [0.63957042165780631]
840 ; 58 ; 43 ; 0 ; [0.58384648937240857] ; [0.43994507000353877]
840 ; 58 ; 44 ; 0 ; [0.97325330505920438] ; [0.51356982856650912]
840 ; 58 ; 44 ; 1 ; [0.16682585931566971] ; [0.45903169615111089]
840 ; 58 ; 44 ; 3 ; [1.139206453516759] ; [1.2259074235047374]
840 ; 58 ; 45 ; 0 ; [0.41525820939765762] ; [0.28425724836008948]
840 ; 58 ; 45 ; 1 ; [0.23260661049930584] ; [0.25803860683989505]
840 ; 58 ; 45 ; 2 ; [0.49832185239027182] ; [0.54501680895004745]
840 ; 58 ; 45 ; 4 ; [0.046601632671536775] ; [0.63009966247425742]
840 ; 58 ; 45 ; 5 ; [0.35243899599823558] ; [0.99838407071444601]
840 ; 58 ; 45 ; 6 ; [1.6615420389886906] ; [2.1106561641391264]
840 ; 58 ; 45 ; 7 ; [0.053295853034472394] ; [0.77529874984151126]
840 ; 58 ; 45 ; 9 ; [0.35061985912015214] ; [0.68599513112610067]
840 ; 58 ; 45 ; 10 ; [0.79698027241303404] ; [1.0728059287341296]
840 ; 58 ; 45 ; 11 ; [0.60216035823785563] ; [0.81187858975732408]
840 ; 58 ; 45 ; 12 ; [0.84565138100957304] ; [0.49244146587644971]
840 ; 58 ; 46 ; 0 ; [0.086492481448327344, -0.0022551836698983039] ; [0.60910562005851787, 0.375813974302452]
840 ; 58 ; 46 ; 1 ; [0.45347122534285006] ; [0.26215894092883357]
840 ; 58 ; 46 ; 2 ; [0.042751750354671783] ; [-0.016589937911017975]
840 ; 58 ; 46 ; 8 ; [0.19379515792334712] ; [0.25418092139154314]
840 ; 58 ; 47 ; 1 ; [0.323240799709134] ; [0.35583005933197809]
840 ; 58 ; 47 ; 3 ; [0.87289400748309698] ; [1.4070508746647741]
840 ; 58 ; 47 ; 8 ; [0.97680657102614388] ; [0.53398024480349804]
840 ; 58 ; 47 ; 10 ; [1.8980664148437532] ; [2.1808099345133924]
840 ; 58 ; 47 ; 13 ; [5.2615876041328695] ; [0.92908021967730303]
840 ; 58 ; 47 ; 15 ; [1.0126319719668559] ; [1.5069091769559493]
840 ; 58 ; 47 ; 17 ; [0.35752999556606518] ; [1.0938264861492071]
840 ; 58 ; 47 ; 18 ; [0.17888672211625897] ; [1.0703016619517289]
840 ; 58 ; 47 ; 20 ; [0.35398138237676979] ; [2.1386663697539121]
840 ; 58 ; 47 ; 22 ; [1.0881249552381123] ; [2.5294189321024789]
840 ; 58 ; 47 ; 31 ; [0.090999797300127389] ; [0.63987408358905018]
840 ; 58 ; 47 ; 32 ; [0.031670274967112055] ; [1.9332957615602278]
840 ; 58 ; 48 ; 1 ; [0.23896075368697556] ; [0.37900677101185726]
840 ; 58 ; 48 ; 2 ; [0.69307168672043973] ; [1.0903138593647728]
840 ; 58 ; 48 ; 3 ; [4.0418298736938043] ; [0.54221919605922508]
840 ; 58 ; 49 ; 9 ; [0.085127057212739304] ; [0.066126046858060505]
840 ; 58 ; 49 ; 10 ; [0.18038850664218198] ; [-0.095368561753351552]
840 ; 58 ; 50 ; 3 ; [0.20845868043701382] ; [2.3446605978004564]
840 ; 58 ; 50 ; 7 ; [0.5188074772030048] ; [2.5740389317325931]
840 ; 58 ; 50 ; 13 ; [16.37108445192225] ; [-0.18791430454773517]
840 ; 58 ; 51 ; 0 ; [0.77354832782647254] ; [0.14920904501635912]
840 ; 58 ; 51 ; 1 ; [0.54504115075865744] ; [0.11793659955891515]
840 ; 58 ; 51 ; 2 ; [0.85305981224930305] ; [0.31368337711697575]
840 ; 58 ; 51 ; 4 ; [-0.012655520168681494] ; [0.25004621913094416]
840 ; 58 ; 52 ; 6 ; [0.14336005154691792] ; [1.8182782401463529]
840 ; 58 ; 53 ; 0 ; [1.9562058996622871, 2.404272694836874, 0.98239079934495022] ; [1.1832383136596965, 0.38636571835067063, 0.28159543130452325]
840 ; 58 ; 53 ; 1 ; [1.5626896200734774] ; [0.95509640239021021]
840 ; 58 ; 53 ; 3 ; [1.3568992935490969] ; [1.5738723944089399]
840 ; 58 ; 53 ; 4 ; [1.3140128972071361] ; [1.5431447330826076]
840 ; 58 ; 53 ; 6 ; [2.2450492536093201] ; [2.2344927143483382]
840 ; 58 ; 53 ; 7 ; [0.063045326727808992] ; [2.1011057080618309]
840 ; 58 ; 53 ; 8 ; [1.3731786538790036] ; [1.5015254137713843]
840 ; 58 ; 53 ; 9 ; [1.2844097081135326] ; [1.5552086880920999]
840 ; 58 ; 53 ; 11 ; [0.015497846760994673] ; [1.7732291874968653]
840 ; 58 ; 53 ; 12 ; [0.17435068862099179] ; [0.71062506597182651]
840 ; 58 ; 53 ; 13 ; [1.4833375647533014] ; [1.5973101811751993]
840 ; 58 ; 53 ; 14 ; [1.2742972824786811] ; [1.5857656665969326]
840 ; 58 ; 54 ; 0 ; [0.0068623406741784281, 0.014268682115926976, 0.010230864523405615] ; [0.18221120438384147, 0.14537288225257208, 0.072406614147804207]
840 ; 58 ; 54 ; 1 ; [-0.27191228941129875] ; [0.30746876768135445]
840 ; 58 ; 55 ; 0 ; [0.97726926623825361] ; [0.4202915094492175]
840 ; 58 ; 55 ; 4 ; [0.27795818400520744] ; [0.44985180072980036]
840 ; 58 ; 56 ; 3 ; [0.40163062882855122, 0.2116506831654984, 0.33077624149000312, 0.15724121284110601, 0.0074244362070853892] ; [0.14457669643726889, 0.22648405851796627, 0.70656853199227698, 0.51242976063848145, 0.12937395386159967]
840 ; 58 ; 59 ; 0 ; [0.11911209751521223, 0.090415168963351056, 0.044152914546768847] ; [0.5472097659017312, 0.20855074602237264, 0.22091366704471169]
840 ; 58 ; 59 ; 2 ; [0.0093467677296351723] ; [0.80952078295668395]
840 ; 58 ; 60 ; 0 ; [0.093830359968263041, 0.036113285685230839, 0.011055531078376007] ; [0.17202483689559286, 0.38022849084779503, 0.21044195212908082]
840 ; 58 ; 61 ; 0 ; [0.41088766472977739] ; [0.028663603621530878]
840 ; 58 ; 62 ; 0 ; [1.2651385358975993] ; [0.66306538789812408]
840 ; 58 ; 62 ; 2 ; [1.4916745705654832] ; [0.55870488608865243]
840 ; 58 ; 62 ; 3 ; [1.2354206176233438] ; [0.22031449308440063]
840 ; 58 ; 62 ; 5 ; [0.72683374060331241] ; [0.44983068741987065]
840 ; 58 ; 62 ; 6 ; [-0.32332462503014514] ; [0.6707694584899383]
840 ; 58 ; 62 ; 10 ; [0.74009506389171775] ; [0.26824032842324375]
840 ; 58 ; 62 ; 11 ; [0.88329026887193196] ; [0.87060992149017435]
840 ; 58 ; 63 ; 0 ; [0.31169479937598121, 0.18354860743719559] ; [0.3794715732318385, 0.5397898728810584]
840 ; 58 ; 63 ; 1 ; [0.54766966118095262] ; [0.12015537560284577]
840 ; 58 ; 63 ; 2 ; [0.55271703116108328] ; [0.12520541935628235]
840 ; 58 ; 63 ; 3 ; [0.23191012032052122] ; [0.2735214876639403]
840 ; 58 ; 63 ; 4 ; [1.4622716199299828] ; [-0.011633450036369524]
840 ; 58 ; 63 ; 5 ; [0.34130225749283716] ; [0.2893579900493109]
840 ; 58 ; 63 ; 6 ; [0.34203493025212617] ; [0.19110260742357782]
840 ; 58 ; 64 ; 0 ; [0.13456180868102219, 0.066010872778703572] ; [0.35259015743636102, 0.1345080557981411]
840 ; 58 ; 64 ; 1 ; [0.26417588828112998] ; [0.14176007301084748]
840 ; 58 ; 65 ; 0 ; [0.531923659755977, 1.1555320251623487] ; [0.41012136518782732, 0.65891786464900226]
840 ; 58 ; 65 ; 1 ; [2.2456284236187352] ; [0.53424509661952924]
840 ; 58 ; 65 ; 2 ; [1.2189439624585932] ; [0.45112160667218715]
840 ; 58 ; 65 ; 6 ; [2.6382872572393845] ; [1.78958570004413]
840 ; 58 ; 66 ; 0 ; [0.14299968471630928] ; [0.6605076056921666]
840 ; 58 ; 66 ; 1 ; [14.520812684229705] ; [1.4052578498040169]
840 ; 58 ; 66 ; 3 ; [2.0274766511679547] ; [4.1695072677718148]
840 ; 58 ; 66 ; 4 ; [28.031713316116527] ; [2.9616003119421843]
840 ; 58 ; 66 ; 5 ; [3.9625777393260662] ; [4.0961088047633138]
840 ; 58 ; 66 ; 6 ; [0.1619864852063175] ; [8.4175971128509719]
840 ; 58 ; 66 ; 7 ; [1.5989253338047071] ; [0.66016652898987449]
840 ; 58 ; 66 ; 8 ; [0.34189957473908705] ; [7.5902226030663984]
840 ; 58 ; 66 ; 14 ; [0.12134963077943273] ; [0.10077649104492563]
840 ; 58 ; 66 ; 15 ; [0.37266696754253859] ; [0.066564636173815916]
840 ; 58 ; 66 ; 16 ; [2.8888435344531409] ; [0.90818424049289459]
840 ; 58 ; 66 ; 17 ; [1.62710512966318] ; [0.5291750474711191]
840 ; 58 ; 67 ; 0 ; [0.16726056682724202, 0.29457563617208177, 0.2082203662640644, 0.29077823152525223] ; [0.21653473388968597, 0.33954601165846809, 0.21142279880181369, 0.36826816109857607]
840 ; 58 ; 68 ; 0 ; [0.054896273450089357] ; [0.046285531491822567]
840 ; 58 ; 68 ; 1 ; [0.53656719387107432] ; [0.97273757589645216]
840 ; 58 ; 68 ; 3 ; [1.2125470486900669] ; [1.5864904841103662]
840 ; 58 ; 68 ; 5 ; [0.15115194749635763] ; [1.3237611021835249]
840 ; 58 ; 69 ; 0 ; [-0.093046349086779279] ; [0.23232467018042907]
840 ; 58 ; 69 ; 1 ; [1.0684689380820496] ; [2.4120726223788935]
840 ; 58 ; 70 ; 5 ; [1.2337079768104298] ; [1.6098984430391072]
840 ; 58 ; 70 ; 10 ; [0.37796394973521619] ; [1.7984318192622804]
840 ; 58 ; 70 ; 20 ; [-0.068412748352757013] ; [0.067949324122832666]
840 ; 58 ; 71 ; 0 ; [0.22745512064548365] ; [0.062097042780708746]
840 ; 58 ; 71 ; 3 ; [0.017372260847417241] ; [0.19535769210150747]
840 ; 58 ; 71 ; 4 ; [0.19757115195485411, 0.40889101679981243, 0.42225367889355608, 0.14721427300387149, 0.070282343774989237] ; [0.041893242280022773, 0.33547838166411781, 0.5161729289569158, 0.22839615418830439, 0.22676762393272204]
840 ; 58 ; 72 ; 0 ; [0.23462418153104339] ; [0.49355101191852974]
840 ; 58 ; 73 ; 0 ; [0.49659085305322709, 0.16398596040183491, 0.23119853600732679, 0.41193627271503208, 0.22302080442225142, 0.13917410339636538] ; [0.13187666220600008, 0.12784906224188727, 0.21621916608249594, 0.25767530794531918, 0.32311794760191775, 0.14179015179830154]
840 ; 58 ; 73 ; 1 ; [0.47749876610770348] ; [0.12010028316577483]
840 ; 58 ; 74 ; 0 ; [0.019480261638043443, 0.0027932158275112296, -0.0046072210358698261] ; [0.29944828092410714, 0.17798351119106173, 0.1613980235511307]
840 ; 58 ; 74 ; 1 ; [1.4309369198921831, 0.19983183609695634] ; [0.20705909861655927, 0.13797061210456832]
840 ; 58 ; 74 ; 2 ; [0.19607089267670258] ; [0.094165083036566385]
840 ; 58 ; 74 ; 3 ; [0.80186250360127453] ; [0.017776872284816263]
840 ; 58 ; 75 ; 0 ; [0.1877114397639936] ; [0.080200971650507866]
840 ; 58 ; 75 ; 1 ; [0.72023342216513575] ; [0.014972550411048242]
840 ; 58 ; 76 ; 0 ; [0.071480989511424342, 0.033132043285534561] ; [0.22635282624564987, 0.045065691912422511]
840 ; 58 ; 78 ; 0 ; [1.0750404089514276] ; [0.48494916402947458]
840 ; 58 ; 79 ; 2 ; [0.28247547517182003] ; [0.87529708440791221]
840 ; 58 ; 79 ; 4 ; [0.024225232423068736] ; [0.41924540330963694]
840 ; 58 ; 80 ; 2 ; [0.12340852837020715] ; [0.65370436577634583]
840 ; 58 ; 81 ; 0 ; [0.45932248775968737, 0.24892458482450658, 0.34071241085150433, 0.27562042402993331] ; [0.11406428005891053, 0.20632156423395659, 0.30957445309970699, 0.17805059734016565]
840 ; 58 ; 82 ; 0 ; [0.12701910851354059, 0.65238581636932658, 0.19247478588969849] ; [0.32393014197582093, 1.0250199551399317, 0.17872819738801113]
840 ; 58 ; 82 ; 1 ; [0.014453769525729477] ; [0.31601621034580096]
840 ; 58 ; 83 ; 0 ; [0.36934500137557752] ; [0.068951337120160924]
840 ; 58 ; 84 ; 0 ; [0.33795810579002405, 0.22968092498149895, 0.30649906195855553, 0.21933587518739542, 0.179356570306311] ; [0.15459894245701739, 0.16589050089961421, 0.18225862882787244, 0.21939600298766709, 0.18936260575882063]
840 ; 58 ; 84 ; 1 ; [0.27241704221822027, 2.8036486417497799] ; [0.15005332970667271, 0.28872183851553485]
840 ; 58 ; 85 ; 0 ; [0.30443130155405324] ; [0.77030274354712147]
840 ; 58 ; 85 ; 1 ; [0.70315394157565492] ; [0.94749577187615019]
840 ; 58 ; 85 ; 2 ; [0.61439793374883156] ; [2.2381023429973541]
840 ; 58 ; 85 ; 3 ; [0.040897272449668398] ; [0.048776919914103947]
840 ; 58 ; 85 ; 8 ; [0.66332864253849799] ; [0.50290475609534158]
840 ; 58 ; 85 ; 9 ; [3.209097333975341] ; [0.75581839413587182]
840 ; 58 ; 85 ; 10 ; [0.98506896619133122] ; [1.443803913300991]
840 ; 58 ; 85 ; 15 ; [6.0024870538103254] ; [3.5309592070176423]
840 ; 58 ; 85 ; 16 ; [1.6359969943718127] ; [1.5920963435074524]
840 ; 58 ; 85 ; 19 ; [8.8199355636216321] ; [0.93940474578586364]
840 ; 58 ; 85 ; 23 ; [1.3915857844896151] ; [0.10710696459708126]
840 ; 58 ; 85 ; 24 ; [1.8936779264945593] ; [4.142673514892409]
840 ; 58 ; 85 ; 26 ; [2.1781102491440887] ; [4.1387920729865204]
840 ; 58 ; 85 ; 27 ; [0.7984677896274035] ; [3.2498019437778973]
840 ; 58 ; 85 ; 28 ; [1.0565967897543969] ; [1.0637742144586664]
840 ; 58 ; 85 ; 30 ; [3.1938866728339397] ; [2.0042361986620931]
840 ; 58 ; 86 ; 0 ; [0.24584044928619686] ; [0.11696252826496362]
840 ; 58 ; 86 ; 1 ; [0.24670640490474752] ; [0.93064898283912334]
840 ; 58 ; 86 ; 2 ; [-0.037708095024674114] ; [-0.146009325379165]
840 ; 58 ; 86 ; 4 ; [0.63725851573894676] ; [0.33774554194058504]
840 ; 58 ; 87 ; 0 ; [0.027766955213821443] ; [0.45724089619906905]
840 ; 58 ; 87 ; 1 ; [4.3757676025897227] ; [0.94325601733289455]
840 ; 58 ; 88 ; 0 ; [1.257297722341556] ; [3.0562982268412173]
840 ; 58 ; 88 ; 5 ; [0.8034599503758868, 0.17855077019637042] ; [1.0572043963885167, 1.6761597653195501]
840 ; 58 ; 88 ; 6 ; [4.0391359813782026] ; [0.84903200651382893]
840 ; 58 ; 88 ; 8 ; [1.5053403443024644] ; [3.6229382036931312]
840 ; 58 ; 88 ; 9 ; [0.47082615568779168] ; [2.0101329514825532]
840 ; 58 ; 88 ; 10 ; [0.39860903852212032] ; [1.5830603471636466]
840 ; 58 ; 88 ; 11 ; [1.3636482252321553] ; [1.4343584580220188]
840 ; 58 ; 88 ; 13 ; [1.9313655715697151] ; [1.0332160898471165]
840 ; 58 ; 88 ; 16 ; [0.82806902071148147] ; [0.62598120631874088]
840 ; 58 ; 88 ; 17 ; [3.2427423774558792] ; [5.3102342219031096]
840 ; 58 ; 88 ; 18 ; [3.8484160816045168] ; [4.4164895460265692]
840 ; 58 ; 88 ; 21 ; [9.242311889575479] ; [0.59143979788872791]
840 ; 58 ; 88 ; 22 ; [0.17549634864465016] ; [0.64503048567811161]
840 ; 58 ; 88 ; 23 ; [0.1821831890818999] ; [2.1108290322011669]
840 ; 58 ; 88 ; 24 ; [0.23430312083293878] ; [3.1998404918783891]
840 ; 58 ; 88 ; 26 ; [1.1789782488212717] ; [7.3739664718528157]
840 ; 58 ; 88 ; 29 ; [1.6058911812096663] ; [6.4729755665307467]
840 ; 58 ; 88 ; 30 ; [2.2234459150813692] ; [3.7355853495643325]
840 ; 58 ; 88 ; 31 ; [3.062473609332518] ; [4.5796704324310609]
840 ; 58 ; 88 ; 34 ; [7.3434453668282451] ; [3.0609364559645673]
840 ; 58 ; 88 ; 35 ; [1.2361830750128977] ; [2.0247841895602043]
840 ; 58 ; 88 ; 36 ; [2.9683572116696042] ; [4.8119808997715472]
840 ; 58 ; 88 ; 38 ; [2.8868826015041975] ; [0.83023235083170355]
840 ; 58 ; 88 ; 41 ; [2.701204161502925] ; [1.0664804397592702]
840 ; 58 ; 88 ; 45 ; [2.0416588283063715] ; [0.21193790631003695]
840 ; 58 ; 88 ; 47 ; [0.70495706457498397] ; [1.0238113109600055]
840 ; 58 ; 88 ; 51 ; [1.9215256100812694] ; [2.2240126098741797]
840 ; 58 ; 88 ; 54 ; [1.3622604448307574] ; [1.551053657972544]
840 ; 58 ; 88 ; 55 ; [1.6222495937250081] ; [0.6525433831464893]
840 ; 58 ; 88 ; 56 ; [1.8357646829854013] ; [3.0578614421331003]
840 ; 58 ; 88 ; 58 ; [0.60865014668309303] ; [15.785046978034144]
840 ; 58 ; 88 ; 59 ; [1.9731235517799386] ; [0.68899433149716638]
840 ; 58 ; 88 ; 60 ; [0.99222575825364179] ; [2.5790486133065307]
840 ; 58 ; 90 ; 0 ; [0.21070996116684063, 0.16348154103733006, 0.53461134331422311, 0.95513561951785997] ; [0.10915993743123333, 0.22877549163165722, 1.0579745027301684, 0.88364853804377463]
840 ; 58 ; 90 ; 1 ; [0.33399208141690684] ; [0.11545720187636428]
840 ; 58 ; 91 ; 0 ; [1.1928039714166374] ; [0.059157770261531011]
840 ; 58 ; 91 ; 1 ; [0.018442070824568019] ; [0.47557001793421605]
840 ; 58 ; 93 ; 3 ; [0.32345402449836136] ; [0.28694191451022949]
840 ; 58 ; 94 ; 0 ; [0.44153598374832181] ; [-0.031848687714945624]
840 ; 58 ; 94 ; 1 ; [0.31137778102720254] ; [-0.0071640545794685543]
840 ; 58 ; 94 ; 5 ; [0.36414686765142501, 0.30539275608080196] ; [0.28169655037538793, 0.2765827995286998]
840 ; 58 ; 95 ; 0 ; [0.16213868731454817] ; [0.1310593869164918]
840 ; 58 ; 95 ; 5 ; [0.057400553345552087] ; [0.74466448791658202]
840 ; 58 ; 96 ; 0 ; [0.19588029480575969, 0.039941588589230144] ; [0.44649158138301859, 0.35249320051432137]
840 ; 58 ; 97 ; 0 ; [0.085202036221360966, 0.39655865705379151] ; [0.017998180478316608, 0.0023117423160800708]
840 ; 58 ; 97 ; 1 ; [0.40382622267645824] ; [0.053399622994637796]
840 ; 58 ; 97 ; 2 ; [0.63173039972792866] ; [0.058802756319126119]
840 ; 58 ; 97 ; 3 ; [0.10753373184136064] ; [0.057874661783225756]
840 ; 58 ; 97 ; 4 ; [0.079104675981292477] ; [0.15245672825837503]
840 ; 58 ; 97 ; 5 ; [0.18673387967525773] ; [0.09127012571443853]
840 ; 58 ; 98 ; 1 ; [0.076520254269599838, 0.098508112154969879, 0.37488506410064271, 0.30022601137820365] ; [0.28136224405861854, 0.24457416588659833, 0.46470467942652943, 0.1381042403670768]
840 ; 58 ; 99 ; 0 ; [0.12081146881892361, 0.37859883022713892, 0.051154531168717328, 0.046101404086591496] ; [0.39402026535075985, 0.25583989152869385, 0.14528553226022567, 0.096415740535782182]
840 ; 58 ; 99 ; 1 ; [0.23864885963252644] ; [0.21690301506117121]
840 ; 58 ; 100 ; 4 ; [3.4688850680589898] ; [0.88807476014393316]
840 ; 58 ; 101 ; 0 ; [0.24183120248268122, 0.31477794665881165, 0.12046077374013511] ; [0.25191986725788423, 0.41894133716969417, 0.10571776539977801]
840 ; 58 ; 102 ; 0 ; [1.0577428346474287] ; [0.060069497158256185]
840 ; 58 ; 102 ; 2 ; [1.0569812249988486] ; [0.78597612678724227]
840 ; 58 ; 103 ; 0 ; [0.75098610177972513] ; [0.49317958943083018]
840 ; 58 ; 103 ; 1 ; [2.2132690013173115] ; [0.086426845659824558]
840 ; 58 ; 103 ; 5 ; [1.436472161439871] ; [0.43946390783880274]
840 ; 58 ; 104 ; 0 ; [0.34105336949430698] ; [0.15896133655130185]
840 ; 58 ; 104 ; 1 ; [0.20386818745500868] ; [-0.01887759010392916]
840 ; 58 ; 104 ; 2 ; [0.12831668928514042] ; [0.19427285406188044]
840 ; 58 ; 104 ; 3 ; [0.15303387075784444] ; [0.024450574458279559]
840 ; 58 ; 105 ; 0 ; [0.023819499132818198] ; [0.24055441929507707]
840 ; 58 ; 105 ; 2 ; [0.25002073285477122] ; [0.17862177564572027]
840 ; 58 ; 105 ; 3 ; [0.029608886206934332] ; [0.028846618684254994]
840 ; 58 ; 106 ; 0 ; [0.28110263346237252, 0.15477803643012811, 0.30562161651918873, 0.10242315576682604] ; [0.16221156455988134, 0.21465308220049628, 0.32578391264993811, 0.11385971795815954]
840 ; 58 ; 106 ; 1 ; [0.3251600094880428] ; [0.19683207953185991]
840 ; 58 ; 106 ; 3 ; [0.22868825101417406] ; [0.06906107307227069]
840 ; 58 ; 107 ; 0 ; [0.72174143783089673] ; [1.4937593760356638]
840 ; 58 ; 107 ; 1 ; [0.76247130151064713] ; [0.65230978097731696]
840 ; 58 ; 107 ; 2 ; [0.81301797355999017] ; [1.5047319214810475]
840 ; 58 ; 107 ; 8 ; [0.21996047717961303] ; [1.6423062598344209]
840 ; 58 ; 108 ; 0 ; [0.15697897555347004, 0.095855901539378341, 0.92299284941648529] ; [0.19661526194157061, 0.21228532122311275, 0.15857886831513898]
840 ; 58 ; 109 ; 0 ; [0.33686277415196025] ; [2.1186038748857006]
840 ; 58 ; 109 ; 1 ; [0.36077346026372925] ; [0.97839071891662643]
840 ; 58 ; 110 ; 0 ; [0.72650581638898948, 1.2157602746048062] ; [1.1790209318267804, 2.3905217863869419]
840 ; 58 ; 110 ; 4 ; [1.8809685976319794] ; [2.0885902016181039]
840 ; 58 ; 110 ; 7 ; [1.3729419630179038] ; [0.32425798522554561]
840 ; 58 ; 110 ; 8 ; [-0.0040807138444881224] ; [1.6147806334176029]
840 ; 58 ; 111 ; 2 ; [1.6745830952612113, 0.20522684188291346] ; [1.1605631828150915, 1.4861486066450813]
840 ; 58 ; 111 ; 4 ; [0.0069335594569421366] ; [1.9171374704372619]
840 ; 58 ; 111 ; 6 ; [-0.0019935715864496054] ; [1.1256090125286906]
840 ; 58 ; 111 ; 7 ; [0.034052970311870351] ; [2.5933629326445273]
840 ; 58 ; 111 ; 8 ; [3.1285596914333853] ; [0.90453386819176762]
840 ; 58 ; 111 ; 9 ; [0.10293752765238133] ; [2.0276554378920912]
840 ; 58 ; 111 ; 11 ; [0.9467133722299873] ; [5.1333879665583977]
840 ; 58 ; 111 ; 12 ; [0.3223300141654194] ; [8.0492300814733095]
840 ; 58 ; 111 ; 14 ; [1.8081992960141642] ; [1.5074226398223891]
840 ; 58 ; 111 ; 15 ; [1.4531592724174631] ; [0.57353882017858704]
840 ; 58 ; 111 ; 16 ; [1.4874045254387047] ; [3.8176274630596447]
840 ; 58 ; 111 ; 18 ; [2.3303432953949348] ; [2.4297615844109308]
840 ; 58 ; 112 ; 0 ; [1.2279331745997459] ; [0.94297158393886182]
840 ; 58 ; 112 ; 1 ; [1.2828550166174024] ; [0.74208156540585368]
840 ; 58 ; 112 ; 10 ; [1.0622006361521608] ; [1.6556249495530617]
840 ; 58 ; 112 ; 17 ; [1.2464045199629223] ; [1.2146994666648967]
840 ; 58 ; 112 ; 18 ; [1.2637984522607411] ; [1.2085911262950562]
840 ; 58 ; 113 ; 0 ; [0.075770866419032079, 0.044463083653294759] ; [0.12264148091564681, 0.1257133119919]
840 ; 58 ; 114 ; 0 ; [0.1461792961952175, 0.029435486482425815, 0.16754813786468339] ; [0.18965259325383665, 0.14074569835383272, 0.13720508707082787]
840 ; 58 ; 114 ; 1 ; [0.0040055143640836044] ; [0.047058066480890802]
840 ; 58 ; 115 ; 0 ; [0.20501055935270548, 1.3876268071024753] ; [0.16610805544147758, 0.22346175400965565]
840 ; 58 ; 115 ; 1 ; [0.50173009982872385] ; [1.0983576782023561]
840 ; 58 ; 115 ; 2 ; [1.8806386004797733] ; [0.12154810200359736]
840 ; 58 ; 115 ; 3 ; [0.63857469645060694] ; [1.8581183215768324]
840 ; 58 ; 115 ; 5 ; [0.54549327724897168] ; [0.71560265804938994]
840 ; 58 ; 115 ; 6 ; [1.4511886633243756] ; [0.65778817588148164]
840 ; 58 ; 116 ; 0 ; [3.4349837411547095] ; [0.36213194254801756]
840 ; 58 ; 116 ; 3 ; [1.2888185028998449] ; [0.19627446487426845]
840 ; 58 ; 117 ; 0 ; [-0.0070659491679269685, 0.30374857016179957] ; [0.28177579748440806, 0.95671146965620213]
840 ; 58 ; 117 ; 1 ; [0.01570441661273185] ; [0.24719954756239393]
840 ; 58 ; 117 ; 2 ; [0.2391702685839362] ; [0.042120012601164297]
840 ; 58 ; 117 ; 8 ; [-0.034899864898671057] ; [0.0076682384339618551]
840 ; 58 ; 118 ; 0 ; [0.01076873831956242] ; [0.14972897855183087]
840 ; 58 ; 118 ; 1 ; [5.4105062575068326] ; [1.6934705491046003]
840 ; 58 ; 119 ; 0 ; [0.5657311172203775] ; [0.05704029002409635]
840 ; 58 ; 119 ; 1 ; [0.90425147805714989] ; [0.35682584105040971]
840 ; 58 ; 119 ; 2 ; [0.90484162430830462] ; [0.77529988830906704]
840 ; 58 ; 119 ; 3 ; [0.11684032424154354] ; [0.34222995132408268]
840 ; 58 ; 119 ; 4 ; [0.86691669012013783, 1.3861482954031112] ; [0.04434327904052672, 0.027938733975537602]
840 ; 58 ; 119 ; 5 ; [0.16726555779376714] ; [0.61714852566722112]
840 ; 58 ; 119 ; 6 ; [0.58541790050423181] ; [0.20595209928318514]
840 ; 58 ; 119 ; 7 ; [1.143174542199096] ; [0.32878763638459485]
840 ; 58 ; 119 ; 10 ; [0.19412670573717206] ; [1.1530514190859635]
840 ; 58 ; 119 ; 11 ; [0.53345108929242857] ; [1.7038353735640648]
840 ; 58 ; 119 ; 12 ; [0.24588572280969975] ; [0.86932129860507712]
840 ; 58 ; 120 ; 0 ; [2.7504175007133793] ; [0.35806927518001058]
840 ; 58 ; 121 ; 0 ; [-0.0095723846712534137] ; [0.084227266420754482]
840 ; 58 ; 121 ; 1 ; [0.028815271537187392] ; [0.13437754640598043]
840 ; 58 ; 122 ; 0 ; [1.3994724651622097] ; [0.0025450525333468232]
840 ; 58 ; 122 ; 1 ; [1.6547877572652501] ; [2.7143733326760167]
840 ; 58 ; 122 ; 2 ; [0.72121990425340488] ; [1.7628446993495095]
840 ; 58 ; 122 ; 3 ; [1.5257791592536218] ; [2.2108892649024221]
840 ; 58 ; 122 ; 5 ; [1.4145694497636536] ; [1.0068684592505264]
840 ; 58 ; 122 ; 6 ; [1.8932582841932062] ; [0.03072188330499059]
840 ; 58 ; 123 ; 0 ; [0.047287839288079905, 0.081966667235449514, 0.31174836451581989] ; [0.18794249048303202, 0.19958643953609143, 0.16721438835448071]
840 ; 58 ; 123 ; 1 ; [0.020540440246519253] ; [-0.012765362562708046]
840 ; 58 ; 124 ; 0 ; [0.23867795357597066] ; [0.98569430071891662]
840 ; 58 ; 124 ; 1 ; [0.5117595940357702] ; [0.068149409455579804]
840 ; 58 ; 124 ; 4 ; [0.18704394677945921] ; [0.4444936630713483]
840 ; 58 ; 124 ; 7 ; [0.26970062938261213] ; [1.4253923685238623]
840 ; 58 ; 125 ; 3 ; [0.2332226438139102] ; [0.48675704081511079]
840 ; 58 ; 126 ; 0 ; [-0.017854653913611157, 0.12765059950621738, 1.1118278931717926, 0.23168392335175503] ; [0.11507970994130391, 0.18591978735556006, 0.48978659288971871, 0.61643545636335351]
840 ; 58 ; 127 ; 0 ; [0.25761637510400998, 0.33500634474999896, 0.098283780199188681] ; [0.1322444529566342, 0.21695140578620031, 0.11052071655325915]
840 ; 58 ; 128 ; 2 ; [4.5667552530861153] ; [3.0733282183914299]
840 ; 58 ; 128 ; 4 ; [1.9961447008205953] ; [5.7893406358136579]
840 ; 58 ; 128 ; 5 ; [2.138123154844612] ; [1.2590591068729153]
840 ; 58 ; 128 ; 8 ; [1.5200696263860038] ; [0.89680443648762409]
840 ; 58 ; 128 ; 11 ; [0.036031154940621819] ; [11.860848213702791]
840 ; 58 ; 129 ; 0 ; [0.26420812537274402, -0.00089675977897025029, 0.025409914091374629] ; [0.85918812803217204, 0.16474005697022007, 0.075628300936188317]
840 ; 58 ; 129 ; 1 ; [9.1326597453923135] ; [0.46485858759586468]
840 ; 58 ; 130 ; 0 ; [0.36147822674073515, 0.083740191111951551, 0.081635871104907429] ; [0.44374373285878277, 0.11434299939545844, 0.072005041140284512]
840 ; 58 ; 130 ; 1 ; [0.10543760883937604] ; [0.21572883595096537]
840 ; 58 ; 130 ; 2 ; [0.15256044422083972] ; [0.1007318193491286]
840 ; 58 ; 130 ; 3 ; [0.29866675741254739] ; [-0.010607345248082038]
840 ; 58 ; 131 ; 3 ; [0.37259653919672286] ; [0.6271180872809532]
840 ; 58 ; 131 ; 4 ; [0.39880393189640934] ; [2.2554627465375106]
840 ; 58 ; 132 ; 0 ; [0.6351823178015894, 1.6808051807391013] ; [0.52409158561613334, 1.9526010216281851]
840 ; 58 ; 133 ; 0 ; [0.28179400319644893, 0.0044981827006426991, -0.0043093790781204219] ; [0.32226391838175728, 0.1811910644301109, 0.13278458868542811]
840 ; 58 ; 134 ; 0 ; [2.3080227651036052] ; [0.3869294991621432]
840 ; 58 ; 134 ; 1 ; [0.77887333261265868] ; [0.98765465485157944]
840 ; 58 ; 134 ; 2 ; [0.012069082836142692] ; [0.036396179745515657]
840 ; 58 ; 135 ; 0 ; [0.015345124350464451, 0.089792885738024908] ; [0.23066474469770831, 0.13878202657065405]
840 ; 58 ; 136 ; 0 ; [0.24986142611841411] ; [0.035516954625034534]
840 ; 58 ; 136 ; 1 ; [2.3727992972706504] ; [3.3711531413518379]
840 ; 58 ; 136 ; 2 ; [1.1572592677112972] ; [0.47360739108846023]
840 ; 58 ; 136 ; 3 ; [1.0140113717385471] ; [0.55747240416671606]
840 ; 58 ; 136 ; 7 ; [0.39793506801322548] ; [2.598619373063034]
840 ; 58 ; 136 ; 10 ; [1.8710526283610502] ; [1.624907253715157]
840 ; 58 ; 136 ; 11 ; [0.083098638037609487] ; [2.4194142182627365]
840 ; 58 ; 137 ; 0 ; [0.81653128372161987, 0.53932218459915526, 0.18353035563005241] ; [0.74966357708542042, 0.28319060336639384, 0.43256024000729143]
840 ; 58 ; 138 ; 0 ; [1.203748255232199] ; [0.48794876232546747]
840 ; 58 ; 138 ; 4 ; [0.11623914921957004] ; [0.22238544163970522]
840 ; 58 ; 139 ; 0 ; [0.38973244843830074, 0.2638445805073118, 0.10740783676383378] ; [0.29902652408511238, 0.19809379066884714, 0.11147083028816157]
840 ; 58 ; 140 ; 0 ; [0.4991233365556299] ; [0.29607241835111398]
840 ; 58 ; 141 ; 1 ; [2.9963709501201445] ; [1.8008018487672033]
840 ; 58 ; 141 ; 2 ; [1.6742356809029522] ; [2.2912478434287]
840 ; 58 ; 141 ; 5 ; [3.5150075859772301] ; [1.5803315338205686]
840 ; 58 ; 141 ; 6 ; [1.6257205158208055] ; [1.6902997525114709]
840 ; 58 ; 141 ; 7 ; [0.10646519053656335] ; [2.2151864127547336]
840 ; 58 ; 141 ; 10 ; [1.0524830295510146] ; [1.8131832936536956]
840 ; 58 ; 141 ; 13 ; [1.5870970630863737] ; [1.0755434894030929]
840 ; 58 ; 141 ; 14 ; [0.20093743684816531] ; [2.052820150342566]
840 ; 58 ; 141 ; 18 ; [0.41907056784905294] ; [2.9876719163149787]
840 ; 58 ; 142 ; 0 ; [0.10226955645678948, 0.05344154132557434] ; [0.44514545146392215, 0.16383936292407145]
840 ; 58 ; 142 ; 1 ; [-0.046860841869409711] ; [0.41011941750710634]
840 ; 58 ; 143 ; 0 ; [0.13428269024250677, 0.15916645771838128, 0.029772445200418943] ; [0.22415685152969944, 0.24515714032455957, 0.13937387299262097]
840 ; 58 ; 144 ; 0 ; [1.4878618124888727] ; [2.1150277417709833]
840 ; 58 ; 144 ; 1 ; [0.19799124962440984] ; [0.72279447854741519]
840 ; 58 ; 144 ; 2 ; [0.68893707501962265] ; [0.31651748482776515]
840 ; 58 ; 144 ; 5 ; [0.15249343880371219] ; [2.0360312200820281]
840 ; 58 ; 144 ; 6 ; [0.052087061418110661] ; [1.5902804172688945]
840 ; 58 ; 144 ; 7 ; [0.17699642363303861] ; [1.0044187362264108]
840 ; 58 ; 145 ; 0 ; [1.0479987269729596] ; [0.380302386336073]
840 ; 58 ; 145 ; 1 ; [0.84714847031930296] ; [0.21122744398588225]
840 ; 58 ; 145 ; 3 ; [8.5421325568729589] ; [3.182641996184203]
840 ; 58 ; 145 ; 4 ; [3.0163419768177917] ; [1.1391158713232414]
840 ; 58 ; 145 ; 5 ; [0.036382587789927576] ; [0.17122743662339615]
840 ; 58 ; 148 ; 0 ; [0.23162028756184794, 0.27096425619832304, 0.32294252119805988, 0.036458008060149399] ; [0.30101380086447693, 0.20004148573203301, 0.2890578066932592, 0.064280189639291496]
840 ; 58 ; 149 ; 0 ; [1.2273915880264268, 0.39816049278375371, 0.78077990640034789] ; [0.32383164278943938, 0.33217592849331262, 0.11729259365790252]
840 ; 58 ; 151 ; 0 ; [0.10901423808000572] ; [0.15854456018024105]
840 ; 58 ; 151 ; 1 ; [0.0026105632770212568] ; [0.012871503066817122]
840 ; 58 ; 152 ; 0 ; [0.12105006786386317, 0.0050504650722921051] ; [0.2236932157004316, 0.27047390803886501]
840 ; 58 ; 152 ; 1 ; [0.28266504828129696, 0.05244566550485439] ; [0.18803993629823576, 0.16356235157997215]
840 ; 58 ; 154 ; 0 ; [1.9613197413993755] ; [0.61137624673164503]
840 ; 58 ; 154 ; 1 ; [1.4851184256327312] ; [0.15373689775355548]
840 ; 58 ; 154 ; 2 ; [-0.020590260573655966] ; [0.062371623077391747]
840 ; 58 ; 154 ; 3 ; [1.9488420106729172] ; [0.72600316283413613]
840 ; 58 ; 154 ; 4 ; [2.0483837849613491] ; [0.84064523807978164]
840 ; 58 ; 154 ; 5 ; [0.55395044964258722] ; [0.68965982417503413]
840 ; 58 ; 154 ; 7 ; [0.28037969673598268] ; [2.4267942675682908]
840 ; 58 ; 154 ; 9 ; [2.7306832100717622] ; [0.6646417752891659]
840 ; 58 ; 154 ; 10 ; [1.1989910818739342] ; [2.3615822015776029]
840 ; 58 ; 154 ; 23 ; [1.7790848159279906] ; [0.31510139540806997]
840 ; 58 ; 155 ; 0 ; [0.169992930063811, 0.14861381071095844, 0.44870877153588162] ; [0.20361495634378382, 0.1881014805619271, 0.074494210087319976]
840 ; 58 ; 155 ; 2 ; [0.66123941220124072, 0.2640272442313702] ; [0.22372860317798138, 0.42226473361318911]
840 ; 58 ; 156 ; 0 ; [1.2696235377903287] ; [0.99644052929172522]
840 ; 58 ; 156 ; 1 ; [1.665053023067411] ; [0.69555296002616096]
840 ; 58 ; 156 ; 3 ; [0.21702291459311568] ; [0.12281456824356027]
840 ; 58 ; 156 ; 4 ; [0.19804532257021623] ; [0.94941559545507415]
840 ; 58 ; 156 ; 5 ; [1.7950827455034957] ; [0.85212268657619394]
840 ; 58 ; 156 ; 7 ; [-0.017911986851899066] ; [-0.00055367101915806309]
840 ; 58 ; 156 ; 12 ; [1.4107167286394906] ; [1.8649443148897429]
840 ; 58 ; 156 ; 13 ; [2.1365485098283279] ; [4.1218460943154485]
840 ; 58 ; 156 ; 14 ; [0.41308351781973024] ; [1.3176490498309712]
840 ; 58 ; 156 ; 17 ; [1.0137531583469817] ; [1.0176541643453856]
840 ; 58 ; 157 ; 0 ; [0.25410881119719253, -0.0123669004415727] ; [0.37093294336076055, 0.048795987632510945]
840 ; 58 ; 158 ; 0 ; [-0.00068778029980414975, -0.0034508561263021592, 0.0056199982981502564] ; [0.15839753576508461, 0.19954516050068719, 0.055355219335500264]
840 ; 58 ; 159 ; 0 ; [0.26951795486374625, 0.13574508624799, -0.010773397581143358] ; [0.18171443797568024, 0.42367166532696143, 0.029456374332088267]
840 ; 58 ; 159 ; 1 ; [0.032632537118845437] ; [0.18390318338113099]
840 ; 58 ; 159 ; 2 ; [0.50218375221378331] ; [-0.0041580033246769793]
840 ; 58 ; 160 ; 1 ; [0.17819969383934894] ; [-0.0038268405136342586]
840 ; 58 ; 161 ; 0 ; [0.31850695047746086, 0.37356581478607287, 0.51607781370939199, 0.26914154349500158] ; [0.2400959552994128, 0.24257658241216801, 0.60622599874367811, 0.24175769842067807]
840 ; 58 ; 162 ; 0 ; [0.47538104482535787] ; [0.4893698860773652]
840 ; 58 ; 163 ; 0 ; [0.36973464074346318] ; [0.00053410790986112169]
840 ; 58 ; 164 ; 0 ; [0.091197451766076978, 0.05264125917323783, 0.17311679668872287] ; [0.1447038091290706, 0.15025520178166013, 0.23583081411876444]
840 ; 58 ; 165 ; 0 ; [0.4201393038350093, 0.0091908192278625823] ; [0.84165189083627046, 0.14175187413491988]
840 ; 58 ; 166 ; 0 ; [0.37494083222935443] ; [0.23601123642247385]
840 ; 58 ; 166 ; 1 ; [0.0070309323765750786] ; [3.7569596910892389]
840 ; 58 ; 167 ; 0 ; [0.24784780497553788, 0.027008528087798092] ; [0.15537025384464753, 0.10159021955583789]
840 ; 58 ; 168 ; 1 ; [0.037130245169968865] ; [0.077561719415077612]
840 ; 58 ; 168 ; 3 ; [2.3945780531813012] ; [0.37352035690181828]
840 ; 58 ; 168 ; 21 ; [0.74064796480626582] ; [0.082229103397083503]
840 ; 58 ; 168 ; 24 ; [0.55996013737237971] ; [0.14758625007137061]
840 ; 58 ; 169 ; 0 ; [1.0253090977362393] ; [0.010396793228462832]
840 ; 58 ; 169 ; 1 ; [2.1146911769071868] ; [3.5623249436325559]
840 ; 58 ; 169 ; 2 ; [2.289475484688166] ; [1.262005911760592]
840 ; 58 ; 169 ; 3 ; [2.7837772284627031] ; [2.1042229142140103]
840 ; 58 ; 169 ; 4 ; [0.79407078518821428] ; [1.9271103615375407]
840 ; 58 ; 169 ; 9 ; [1.3592787526975223] ; [1.9059719835891842]
840 ; 58 ; 169 ; 10 ; [0.19326435718669324] ; [0.89938244317536209]
840 ; 58 ; 169 ; 11 ; [0.20933264560225037] ; [1.5845358753788519]
840 ; 58 ; 169 ; 12 ; [1.8882467163387362] ; [1.4497187794662227]
840 ; 58 ; 169 ; 13 ; [1.7262293798706865] ; [1.1046143125407233]
840 ; 58 ; 169 ; 14 ; [1.623198368927786] ; [2.0689700911154141]
840 ; 58 ; 169 ; 18 ; [1.3873579541140881] ; [0.91192462714617917]
840 ; 58 ; 170 ; 0 ; [0.10456726745175882, 0.46461446953441859] ; [0.045173252721573555, 0.07809904625039274]
840 ; 58 ; 170 ; 1 ; [0.22380162238560941] ; [0.72190208743926709]
840 ; 58 ; 170 ; 3 ; [0.059195132426658498] ; [1.6633443748067327]
840 ; 58 ; 171 ; 0 ; [0.10366018443444749, 0.12835206803266103, 0.076694701310480382] ; [0.072448007817688773, 0.43965650470964007, 0.35426612572104177]
840 ; 58 ; 171 ; 1 ; [-0.00020010433793421606, 0.0023536206267652611] ; [0.16908017359241337, 0.26954532025505296]
840 ; 58 ; 172 ; 3 ; [0.19478219540974723, 0.16288572290051759, 0.14757961673352912] ; [0.25810007554410602, 0.240495131829398, 0.28884086036303197]
840 ; 58 ; 173 ; 0 ; [0.2676535883893239, 0.13569404887969488] ; [0.46162140872365193, 0.17693701057699496]
840 ; 58 ; 174 ; 0 ; [0.57170527076086608] ; [0.17373087690082925]
840 ; 58 ; 174 ; 2 ; [0.5109681176582247] ; [2.8586242510189965]
840 ; 58 ; 175 ; 0 ; [0.27616680575284386] ; [0.49983974263036568]
840 ; 58 ; 177 ; 0 ; [0.14639482025129599, 0.054742989545502586, 0.030915138552340283, 0.061404339740094252] ; [0.14424287186656187, 0.21678160492188051, 0.18063809164444017, 0.0054940895697991061]
840 ; 58 ; 178 ; 0 ; [0.13871883163905083, 0.027765838055757389] ; [0.199758838617523, 0.088383130398958606]
840 ; 58 ; 179 ; 0 ; [0.27012105733965402] ; [0.02606346484447954]
840 ; 58 ; 179 ; 6 ; [0.38484226754737111] ; [1.4570573598199272]
840 ; 58 ; 179 ; 7 ; [0.72196629158777381] ; [1.2599804457013588]
840 ; 58 ; 179 ; 12 ; [4.2971668106026799] ; [-0.064746926022027626]
840 ; 58 ; 179 ; 14 ; [2.1737745229561281] ; [1.9489911896694914]
840 ; 58 ; 180 ; 0 ; [0.14540016220579591] ; [0.4929268164017393]
840 ; 58 ; 180 ; 1 ; [2.9404418033500552] ; [0.88494619592135182]
840 ; 58 ; 181 ; 10 ; [2.1119327878467602] ; [2.0861822766715639]
840 ; 58 ; 181 ; 12 ; [2.5141820260587218] ; [1.686378563030994]
840 ; 58 ; 182 ; 0 ; [0.11225425635461102, 0.15102700539320779, 0.10466945099784788, 0.10890717864285183] ; [0.1436605148998934, 0.15722961830606433, 0.14238939628098218, 0.11792548745594875]
840 ; 58 ; 182 ; 1 ; [-0.0061936550526643175] ; [0.08902873940049072]
840 ; 58 ; 183 ; 0 ; [0.033110704528097133, 0.12867139840858613] ; [0.22018473043785577, 0.18607924463876846]
840 ; 58 ; 184 ; 0 ; [0.0026066401487378453, 0.0085457648439317257, 0.24772101734011409, 0.37220304080061911] ; [0.19821082485282904, 0.2405889752235727, 0.59323956553025914, 0.13511928338580026]
840 ; 58 ; 184 ; 1 ; [0.11220032596408504] ; [0.022429025171119801]
840 ; 58 ; 184 ; 3 ; [0.23091356211459424] ; [0.12094460223769249]
840 ; 58 ; 184 ; 5 ; [0.21538869429715479] ; [0.11572364709489996]
840 ; 58 ; 185 ; 0 ; [0.11404011663108878, 0.12235412944940095, 0.18445604956978523, 0.10877789069168728, 0.1221880553857197] ; [0.20636804258540892, 0.24001861020827248, 0.32117463390066786, 0.1752527128530032, 0.1164926894641922]
840 ; 58 ; 186 ; 0 ; [0.5166920556156871] ; [0.059926234576698025]
840 ; 58 ; 186 ; 1 ; [0.64373195269409311] ; [2.5574686470778554]
840 ; 58 ; 186 ; 4 ; [0.21412552709875216] ; [1.5878358378526172]
840 ; 58 ; 186 ; 11 ; [1.3148149737471146] ; [0.98948541913582999]
840 ; 58 ; 187 ; 0 ; [0.90860312877284133, 2.8921181604485433] ; [0.77591600223457136, 0.33276639870505598]
840 ; 58 ; 187 ; 2 ; [5.2685531233184824] ; [1.3668511715105165]
840 ; 58 ; 188 ; 0 ; [0.064236839277018676] ; [0.31342925709680347]
840 ; 58 ; 188 ; 1 ; [0.11521946514793449] ; [0.070462843885327253]
840 ; 58 ; 188 ; 2 ; [0.10323898312424315] ; [1.8535361715781968]
840 ; 58 ; 189 ; 0 ; [0.44034448157191775] ; [0.33877509683143808]
840 ; 58 ; 189 ; 1 ; [1.6432928385696526] ; [2.0701272640999115]
840 ; 58 ; 189 ; 3 ; [1.6412701736371378] ; [2.0888481234727654]
840 ; 58 ; 189 ; 4 ; [0.37309305267949527] ; [-0.0051498592286306826]
840 ; 58 ; 189 ; 6 ; [1.5779836155430822] ; [0.74764237194505323]
840 ; 58 ; 189 ; 7 ; [0.75811851015883469] ; [1.6082301714864333]
840 ; 58 ; 189 ; 11 ; [2.2830797247500647] ; [1.9441299093414488]
840 ; 58 ; 189 ; 12 ; [1.9205774769295485] ; [1.691707968941534]
840 ; 58 ; 189 ; 14 ; [0.84772863056501702] ; [1.4452818478820046]
840 ; 58 ; 189 ; 16 ; [2.0812458115747874] ; [1.9743107690073585]
840 ; 58 ; 189 ; 17 ; [2.3149915769251272] ; [0.19908551494799503]
840 ; 58 ; 190 ; 0 ; [0.22600331590129363] ; [0.87241543760008577]
840 ; 58 ; 190 ; 2 ; [0.89778121013534051] ; [0.24697656533880102]
840 ; 58 ; 191 ; 0 ; [0.82209091641658194] ; [0.10845075786600186]
840 ; 58 ; 191 ; 1 ; [0.65562918963126837] ; [0.24028183326317623]
840 ; 58 ; 191 ; 10 ; [0.18004241912569915] ; [0.21863545058020592]
840 ; 58 ; 192 ; 0 ; [0.2989471877302235] ; [0.2255948692477259]
840 ; 58 ; 193 ; 0 ; [0.2095844455247724] ; [0.4172467613288115]
840 ; 58 ; 193 ; 1 ; [3.1483476179512495] ; [1.9114784628111861]
840 ; 58 ; 193 ; 8 ; [2.5258121076401601] ; [1.6108018488351026]
840 ; 58 ; 193 ; 12 ; [1.2359892326526216] ; [1.8017676459807306]
840 ; 58 ; 193 ; 24 ; [2.2690406863448316] ; [0.079529308749159866]
840 ; 58 ; 193 ; 25 ; [0.09420195826781598] ; [-0.0395404727463095]
840 ; 58 ; 193 ; 26 ; [1.8776559941171651] ; [2.0359415864881956]
840 ; 58 ; 194 ; 2 ; [0.077202324488404195] ; [0.13498751693531058]
840 ; 58 ; 194 ; 7 ; [0.19693039073504928] ; [0.0027676030239818811]
840 ; 58 ; 194 ; 8 ; [0.45338439505968114] ; [0.52203061227751191]
840 ; 58 ; 195 ; 0 ; [1.1807318622001366] ; [1.1072453104710613]
840 ; 58 ; 195 ; 7 ; [0.26682210270717605] ; [0.36267397610005159]
840 ; 58 ; 196 ; 0 ; [1.0405116308477749, -0.010755923631099732, 0.039229429204908989, 0.055585401130253502, 0.040398687700505434] ; [0.27459264379007131, 0.15263126498057886, 0.15817294612861243, 0.16235545745611388, 0.012236388297949846]
840 ; 58 ; 197 ; 0 ; [0.098738405485804287] ; [0.014821680698468691]
840 ; 58 ; 198 ; 0 ; [0.075190136591046203, 0.22794513508267131, 0.038504313268665935, 0.021764774225492545] ; [0.54231805151775847, 0.41864768439334155, 0.24034515559900282, 0.18019302765770717]
840 ; 58 ; 198 ; 1 ; [0.23725004071756176] ; [0.18086519568035628]
840 ; 58 ; 199 ; 0 ; [0.14168484210484039] ; [-0.0014577070006859809]
840 ; 58 ; 199 ; 1 ; [0.27598997594733671] ; [1.2539293505248827]
840 ; 58 ; 199 ; 3 ; [-0.10096638232760587] ; [1.128340768296513]
840 ; 58 ; 200 ; 0 ; [0.16768641622753502, 0.035259850470531699] ; [0.29509526018852505, 0.062453913593770422]
840 ; 58 ; 201 ; 0 ; [0.090662451070461253, 0.47922586463053785] ; [0.13570355085482239, 0.06788532332396828]
840 ; 58 ; 203 ; 0 ; [0.0044178617757487841, -0.00023205116232737948, 0.0057057985814231412, 0.031706301094431365] ; [0.23040820430665399, 0.22273410794059156, 0.20668686513414039, 0.29802316991558025]
840 ; 58 ; 205 ; 0 ; [0.018617855727666246, 0.2998900048447134, 0.17483243324925493] ; [0.10385199669746245, 0.44708684478329341, 0.35048647216323003]
840 ; 58 ; 205 ; 1 ; [0.068246647652120809] ; [0.44864729662283037]
840 ; 58 ; 205 ; 2 ; [0.001125001788763795] ; [0.16011166455917572]
840 ; 58 ; 207 ; 0 ; [0.079972348845485333, 0.14668321336453341, 0.13506945944533721] ; [0.17895217239102335, 0.22880773992692297, 0.31489882253706086]
840 ; 58 ; 208 ; 0 ; [0.51041618532541222] ; [0.20366598230550745]
840 ; 58 ; 208 ; 1 ; [0.84528578486642714] ; [0.23315257656451299]
840 ; 58 ; 208 ; 2 ; [0.83665605677317645] ; [0.45444816924500425]
840 ; 58 ; 208 ; 6 ; [1.1885434922860763] ; [0.27086945904354298]
840 ; 58 ; 208 ; 28 ; [0.8759300334922735] ; [1.1591451164808095]
840 ; 58 ; 208 ; 36 ; [0.52955641451713908, 0.75263766638426144] ; [0.24380990941754391, 0.3441202486407175]
840 ; 58 ; 210 ; 0 ; [0.32622981874937129, 0.3232259583223544, 0.22724672404174423, 0.66878492875447215] ; [0.35604461746206983, 0.23056437546471903, 0.15713397685635455, 0.035530356244332623]
840 ; 58 ; 211 ; 0 ; [0.13598526913088921, 0.1657925482146391, 0.11164447763435349, 0.070707732656426214] ; [0.16645167341826955, 0.23172588085482643, 0.32636418979027254, 0.070656540888829278]
840 ; 58 ; 211 ; 1 ; [0.28560850534890253] ; [0.078155885174572087]
840 ; 58 ; 211 ; 2 ; [0.10568989145352152] ; [0.07455494041173967]
840 ; 58 ; 213 ; 0 ; [0.38786891979523935, 0.31661758846793392] ; [0.45466746901010552, 0.95391993196271629]
840 ; 58 ; 213 ; 1 ; [0.94216236206477511] ; [0.21905950920985418]
840 ; 58 ; 213 ; 23 ; [0.49923567892809534] ; [0.74176406959521235]
840 ; 58 ; 213 ; 39 ; [0.53736692231016925] ; [1.6360660675772587]
840 ; 58 ; 213 ; 40 ; [1.7484300169566229] ; [2.6514197582797805]
840 ; 58 ; 215 ; 0 ; [0.53369346351725511] ; [0.28347769486328317]
840 ; 58 ; 215 ; 2 ; [0.10525187860280166] ; [0.4336859710360394]
840 ; 58 ; 215 ; 8 ; [1.9580572913330263] ; [0.8346109885290155]
840 ; 58 ; 215 ; 15 ; [0.59237380902578562] ; [0.93578508567691576]
840 ; 58 ; 216 ; 0 ; [1.9969630200048996, 0.84860894791893926, 1.3597389817964884] ; [0.78149173108727166, 0.5932868969049655, 0.45543189722916771]
840 ; 58 ; 216 ; 1 ; [0.6142132028475531] ; [1.9869290822116494]
840 ; 58 ; 216 ; 2 ; [1.3035021736727805] ; [1.6927918170045217]
840 ; 58 ; 216 ; 4 ; [0.53226515903003702] ; [1.381278945801631]
840 ; 58 ; 217 ; 1 ; [0.07530939163162842] ; [0.025664249122760482]
840 ; 58 ; 218 ; 0 ; [0.24939750665303745] ; [2.8335692145695934]
840 ; 58 ; 219 ; 0 ; [0.61572673015505819] ; [0.57416421754203628]
840 ; 58 ; 219 ; 3 ; [0.049330060105787277] ; [0.0095621288927834735]
840 ; 58 ; 220 ; 0 ; [0.40896090137837598, 0.57742625461925168] ; [0.32869619330376493, 0.51315165840697796]
840 ; 58 ; 222 ; 0 ; [0.060687778167449961, 0.12243571472926872, 0.12336927573825811] ; [0.13635231578074875, 0.2765719662271926, 0.26724173045667599]
840 ; 58 ; 222 ; 1 ; [0.19491764051426017] ; [0.13233878867036217]
840 ; 58 ; 222 ; 2 ; [0.052717496321350893] ; [-0.0052052837427061993]
840 ; 58 ; 222 ; 5 ; [0.008203738876071353] ; [0.068727069393749993]
840 ; 58 ; 223 ; 0 ; [0.36512647123828113] ; [2.9940116124545528]
840 ; 58 ; 223 ; 1 ; [0.4449035833279556] ; [-0.00098509771009306192]
840 ; 58 ; 223 ; 3 ; [0.59268770631609213] ; [1.0525140533354]
840 ; 58 ; 223 ; 4 ; [0.025029920263941768] ; [0.033953901146857382]
840 ; 58 ; 223 ; 7 ; [0.083843192638880584] ; [0.067282909604382019]
840 ; 58 ; 226 ; 0 ; [0.1661114973839205, 0.27076772467908145] ; [0.44166976873381519, 0.12245923128779201]
840 ; 58 ; 226 ; 1 ; [0.62440291564386918] ; [0.12478233118738769]
840 ; 58 ; 226 ; 2 ; [1.7539028169043611] ; [0.10522463392201346]
840 ; 58 ; 226 ; 3 ; [0.087057785476656963] ; [1.7812439632531021]
840 ; 58 ; 226 ; 4 ; [1.3445847623577174] ; [-0.0082178750263754499]
840 ; 58 ; 226 ; 6 ; [0.55865513146573142] ; [2.5270157555600146]
840 ; 58 ; 226 ; 7 ; [0.98618584973610468] ; [0.86078674042264103]
840 ; 58 ; 226 ; 10 ; [1.8474117110800858] ; [0.15274263575612737]
840 ; 58 ; 226 ; 11 ; [2.2319093565099144] ; [2.0397746954070159]
840 ; 58 ; 226 ; 17 ; [0.39638584906658997] ; [2.4258115328913283]
840 ; 58 ; 228 ; 0 ; [0.49413021504949972, 0.38572621660139639] ; [0.70121164719070528, 0.29945811509683623]
840 ; 58 ; 228 ; 1 ; [0.54513487176551456] ; [0.46221586127537651]
840 ; 58 ; 229 ; 0 ; [0.78274924264102752] ; [1.8782647823387588]
840 ; 58 ; 229 ; 1 ; [1.90885674500362] ; [1.2576133118818686]
840 ; 58 ; 229 ; 4 ; [1.0511919331675259] ; [1.9924023988083008]
840 ; 58 ; 229 ; 5 ; [1.7528532997115049] ; [0.18162215035583754]
840 ; 58 ; 229 ; 7 ; [1.8896413848526912] ; [2.8160381967596524]
840 ; 58 ; 229 ; 12 ; [1.885043335715028] ; [2.6641818886136122]
840 ; 58 ; 229 ; 13 ; [3.2785347589871443] ; [2.4044072174201019]
840 ; 58 ; 230 ; 0 ; [0.28299229702535322, 0.42990011205583206, 0.35090730479893395] ; [0.30314174592572329, 0.84668744214076708, 0.33667191577773026]
840 ; 58 ; 230 ; 1 ; [0.33994607185599668] ; [0.039328414475993938]
840 ; 58 ; 230 ; 2 ; [0.98020368305245054] ; [0.25846891391974908]
840 ; 58 ; 230 ; 3 ; [1.0741444463626264] ; [0.02978395418971717]
840 ; 58 ; 230 ; 4 ; [0.17406180653050365] ; [0.19090375260305398]
840 ; 58 ; 230 ; 7 ; [1.7044851134345107] ; [0.644082496841346]
840 ; 58 ; 230 ; 9 ; [1.1900197559319048] ; [0.0077627624944800093]
840 ; 58 ; 231 ; 0 ; [0.95297213810483894, 2.8427660166422428] ; [1.9631876144952858, 2.2933742961895716]
840 ; 58 ; 231 ; 1 ; [4.555770718258902] ; [1.9859344743016729]
840 ; 58 ; 231 ; 2 ; [1.4055651758604744] ; [2.0549336228627593]
840 ; 58 ; 231 ; 3 ; [3.7916617695759878] ; [1.7820519694130759]
840 ; 58 ; 231 ; 4 ; [1.8691539174373126] ; [2.4709339519905797]
840 ; 58 ; 231 ; 5 ; [4.9402910229343941] ; [1.8205856924975996]
840 ; 58 ; 231 ; 7 ; [1.7131377498199518] ; [1.6557406618871233]
840 ; 58 ; 231 ; 11 ; [3.9350052546785879] ; [1.3400819024929225]
840 ; 58 ; 231 ; 13 ; [2.2939089989180075] ; [1.79341542618908]
840 ; 58 ; 231 ; 14 ; [3.6776839968049764] ; [1.6974564065181579]
840 ; 58 ; 231 ; 16 ; [2.370764274129765] ; [1.7168761737411125]
840 ; 58 ; 231 ; 17 ; [0.47785944011629511] ; [11.639833130471489]
840 ; 58 ; 231 ; 22 ; [2.4066906847809411] ; [2.2684290830551173]
840 ; 58 ; 231 ; 23 ; [2.5740012333221465] ; [2.7448215351903729]
840 ; 58 ; 232 ; 1 ; [0.10427092400431343, 0.10224529635999351] ; [0.17728438094609436, 0.25848756165770437]
840 ; 58 ; 234 ; 0 ; [0.061018741605920628] ; [0.037890161004724233]
840 ; 58 ; 234 ; 1 ; [0.052069543900242592] ; [0.2654227184897206]
840 ; 58 ; 234 ; 2 ; [0.070827097951156978] ; [0.35056637135224483]
840 ; 58 ; 234 ; 4 ; [0.17027693419104273] ; [0.31761934030203981]
840 ; 58 ; 234 ; 5 ; [1.248406472047106] ; [0.57637231457170879]
840 ; 58 ; 235 ; 0 ; [0.52596234007874687] ; [0.37185793857487526]
840 ; 58 ; 235 ; 2 ; [3.0691185594053887] ; [0.309883678587145]
840 ; 58 ; 235 ; 4 ; [2.6604701475276893] ; [3.4876816128610568]
840 ; 58 ; 235 ; 5 ; [0.46146930183528762] ; [1.9219466026206609]
840 ; 58 ; 236 ; 0 ; [0.36691701085797868, 0.22809437750233197, 0.21974958630794508, 0.22879895200253572] ; [0.26884479040006354, 0.11854916526981604, 0.28796989566977799, 0.17986414648775376]
840 ; 58 ; 236 ; 2 ; [0.25309815826422283] ; [0.16377014574556498]
840 ; 58 ; 237 ; 0 ; [-0.017544201752404922] ; [0.0019363310419970602]
840 ; 58 ; 238 ; 0 ; [0.42257805971314044] ; [0.059886881466927763]
840 ; 58 ; 238 ; 2 ; [1.2051806387179165] ; [9.4563915923512223]
840 ; 58 ; 238 ; 4 ; [0.12483551688090817] ; [1.3846459301432243]
840 ; 58 ; 238 ; 5 ; [0.053829556312011799] ; [8.4012580280278133]
840 ; 58 ; 238 ; 6 ; [3.3390392115220289] ; [0.62562059039965368]
840 ; 58 ; 238 ; 9 ; [1.2032275526205589] ; [4.0676296478583041]
840 ; 58 ; 238 ; 10 ; [0.2265938676656418] ; [0.26642032730560422]
840 ; 58 ; 239 ; 0 ; [0.19117301658980776] ; [0.17207325118928518]
840 ; 58 ; 240 ; 0 ; [1.6315951910904947] ; [0.5228756195162495]
840 ; 58 ; 240 ; 4 ; [12.802728047075425] ; [1.3680953093765558]
840 ; 58 ; 240 ; 6 ; [4.6086516595551181] ; [0.060206825405734826]
840 ; 58 ; 241 ; 0 ; [0.70359182039916568, 1.4542218012713326] ; [0.26557794783407895, 0.60251193260968794]
840 ; 58 ; 241 ; 1 ; [0.69271192459742381, 0.098326042287050622] ; [0.47342017694314731, 0.30379127230579128]
840 ; 58 ; 241 ; 2 ; [0.94837701079310865] ; [0.45864497197782228]
840 ; 58 ; 241 ; 3 ; [0.63689895140224617] ; [0.90346245289306104]
840 ; 58 ; 242 ; 0 ; [0.19374914785951444, 0.055115352293483293] ; [0.053044039675428381, 0.0064806772821027082]
840 ; 58 ; 242 ; 1 ; [0.45456150221497116] ; [0.50324918869609914]
840 ; 58 ; 242 ; 2 ; [0.021341193853152949] ; [0.041794213409782892]
840 ; 58 ; 243 ; 0 ; [0.10309528824822438, 0.080301669195204345, 0.1290846425605138, 0.4179413219726415] ; [0.17722709124881206, 0.21395095155584429, 0.2412811133616149, 0.28238527231461408]
840 ; 58 ; 244 ; 0 ; [0.042265024331629986] ; [0.12573018256601468]
840 ; 58 ; 244 ; 1 ; [0.10209267738793913, 0.22877634862344207] ; [0.18585485954480674, 0.50307137426862236]
840 ; 58 ; 244 ; 2 ; [0.35779272711246624, 0.29763621812455887] ; [0.079998813960669185, 0.27292992147243944]
840 ; 58 ; 244 ; 3 ; [0.32467354305842683] ; [0.092521627923003363]
840 ; 58 ; 245 ; 0 ; [0.10514973238234707, 0.29367053387774056] ; [0.16195484145553252, 0.084842021699626166]
840 ; 58 ; 245 ; 1 ; [0.26721485084076679] ; [0.028332408282519421]
840 ; 58 ; 246 ; 0 ; [0.49888745360635017] ; [0.65964963142058353]
840 ; 58 ; 246 ; 1 ; [0.52599789055333468] ; [0.60275210283570535]
840 ; 58 ; 246 ; 3 ; [0.058087813511972987] ; [0.13983077923667311]
840 ; 58 ; 246 ; 5 ; [0.49996329747274243] ; [1.0185690423380138]
840 ; 58 ; 246 ; 6 ; [0.42146020864853562] ; [0.18483795339324594]
840 ; 58 ; 246 ; 9 ; [0.28377445803185647] ; [0.11444020763840487]
840 ; 58 ; 246 ; 16 ; [0.18566904862426625] ; [1.3555882238950241]
840 ; 58 ; 247 ; 0 ; [0.1481911672472313, 0.0060832462458118852, 0.010316662390080578, 0.0087653546425059056, -0.020898039421590263] ; [0.95531745536771651, 0.25227284793243132, 0.16604787930086179, 0.15270415170306864, 0.18948201226304187]
840 ; 58 ; 247 ; 1 ; [-0.088611410471584121] ; [0.41936459275963545]
840 ; 58 ; 248 ; 0 ; [0.11480472742107417, 0.12279949823471088, 0.11147387436074725, 0.13387548007412139] ; [0.12691941166209267, 0.16772329800921681, 0.18402711028638549, 0.28357679888166948]
840 ; 58 ; 248 ; 1 ; [0.053948367167537099] ; [0.091130152874096787]
840 ; 58 ; 249 ; 0 ; [0.32808432521573699] ; [0.098665955507001982]
840 ; 58 ; 249 ; 1 ; [0.064081431149720952] ; [0.095906473760810643]
840 ; 58 ; 250 ; 0 ; [0.13880129719250062, 0.055793063151731478, 0.0054454884220484249] ; [0.27203145620045183, 0.26233785280773497, 0.04879312354571845]
840 ; 58 ; 251 ; 0 ; [0.45887479482881038] ; [0.40048759640103698]
840 ; 58 ; 251 ; 4 ; [0.14838017746630672] ; [1.2278078179818277]
840 ; 58 ; 252 ; 0 ; [0.38214305346150135] ; [0.47626456538804401]
840 ; 58 ; 252 ; 1 ; [0.66515015169671021] ; [2.5510244142960863]
840 ; 58 ; 252 ; 2 ; [2.8194506103354091] ; [2.1553766611628284]
840 ; 58 ; 252 ; 3 ; [1.8594981946937681] ; [1.7819022093454369]
840 ; 58 ; 252 ; 4 ; [6.1820878727495137] ; [0.61810471630272867]
840 ; 58 ; 252 ; 7 ; [2.5094182281114414] ; [4.4159536077642372]
840 ; 58 ; 252 ; 8 ; [4.0816180837201097] ; [0.1626458642569214]
840 ; 58 ; 252 ; 9 ; [6.6926578355023407] ; [0.62322640179917532]
840 ; 58 ; 252 ; 10 ; [2.6066000140368883] ; [1.3043299685278902]
840 ; 58 ; 252 ; 12 ; [3.1066021267932409] ; [2.0849814989671236]
840 ; 58 ; 252 ; 13 ; [1.1778731461324903] ; [5.3911361922335761]
840 ; 58 ; 252 ; 14 ; [3.0187076755277844] ; [2.7256681622357495]
840 ; 58 ; 252 ; 17 ; [8.3397805449601936] ; [1.2980109834802454]
840 ; 58 ; 252 ; 18 ; [3.2378475200096846] ; [1.4146351255275051]
840 ; 58 ; 252 ; 19 ; [4.5552897464415274] ; [1.7724170546434421]
840 ; 58 ; 252 ; 21 ; [1.0079930299827711] ; [3.4032346156505358]
840 ; 58 ; 252 ; 23 ; [1.0084821312875818] ; [1.5853593823530008]
840 ; 58 ; 252 ; 24 ; [6.2204166081902432] ; [1.2154269721491828]
840 ; 58 ; 252 ; 26 ; [0.18037078019162975] ; [0.7453397317810585]
840 ; 58 ; 252 ; 28 ; [1.1319402767187006] ; [1.8221276907437043]
840 ; 58 ; 252 ; 31 ; [0.515735575129177] ; [3.6668521438350652]
840 ; 58 ; 252 ; 32 ; [3.8954369990638438] ; [1.7847091488357112]
840 ; 58 ; 252 ; 33 ; [1.8008002466413568] ; [2.8724733091784591]
840 ; 58 ; 252 ; 34 ; [4.0092842226866159] ; [-0.017420541816827805]
840 ; 58 ; 252 ; 35 ; [0.68506228965734317] ; [1.330994459554856]
840 ; 58 ; 252 ; 37 ; [1.9806104086563865] ; [1.7106723931632273]
840 ; 58 ; 252 ; 39 ; [4.4273488667079288] ; [3.8003023808227341]
840 ; 58 ; 252 ; 42 ; [0.54635436148328276] ; [0.71195230580848801]
840 ; 58 ; 252 ; 43 ; [1.0110650269679708] ; [2.2999119043851]
840 ; 58 ; 252 ; 44 ; [1.4215385404808214] ; [0.58282191161072705]
840 ; 58 ; 252 ; 45 ; [1.6758501040799521] ; [1.7279499234402973]
840 ; 58 ; 252 ; 47 ; [1.4402266087961992] ; [2.8753958252540346]
840 ; 58 ; 252 ; 48 ; [0.38831671584325012] ; [3.1286294869466484]
840 ; 58 ; 252 ; 56 ; [0.67432410516881558] ; [2.0782650510015475]
840 ; 58 ; 252 ; 58 ; [2.509268412537073] ; [4.4535031117239132]
840 ; 58 ; 252 ; 59 ; [1.8463089993276793] ; [2.7874879786786457]
840 ; 58 ; 253 ; 0 ; [0.14072995405555075] ; [0.64505793180164073]
840 ; 58 ; 253 ; 3 ; [0.021273309695180181] ; [1.2107107895790932]
840 ; 58 ; 253 ; 5 ; [0.41750980136310978] ; [0.24406919034678937]
840 ; 58 ; 253 ; 6 ; [0.084767695906570961] ; [1.6216052870382134]
840 ; 58 ; 253 ; 8 ; [0.11212036430102881] ; [0.45276772440896013]
840 ; 58 ; 253 ; 9 ; [0.025446328004500491] ; [1.4337782184371011]
840 ; 58 ; 253 ; 10 ; [-0.011821403017748035] ; [0.010649191402419846]
840 ; 58 ; 254 ; 0 ; [0.49377524874425704] ; [0.26953967910328691]
840 ; 58 ; 254 ; 1 ; [3.8102014904266093] ; [0.76023543776076441]
840 ; 58 ; 254 ; 3 ; [1.5708665926196703] ; [1.9096362945322951]
840 ; 58 ; 254 ; 5 ; [1.9759161004797154] ; [1.6196590404242284]
840 ; 58 ; 254 ; 6 ; [0.52930836922393087] ; [0.30586731905076858]
840 ; 58 ; 254 ; 8 ; [0.27049454051818178] ; [1.6569362125809151]
840 ; 58 ; 254 ; 11 ; [1.5529465821198878] ; [1.0369306100445916]
840 ; 58 ; 254 ; 17 ; [0.19372358549042665] ; [1.9186393651065636]
840 ; 58 ; 254 ; 19 ; [1.4565892785236341] ; [0.17680180250356359]
840 ; 58 ; 255 ; 0 ; [1.393399645162791, 0.27512060640576497] ; [0.40200142276207557, 0.39090387567014667]
840 ; 58 ; 255 ; 1 ; [0.47328318592473356, 0.27770575041809026] ; [-0.016063330019020189, 0.11399131893904499]
840 ; 58 ; 256 ; 0 ; [0.14269874268171756] ; [0.25551867820583912]
840 ; 58 ; 256 ; 1 ; [0.024038032287826493] ; [1.0592653415261235]
840 ; 58 ; 256 ; 2 ; [0.17134246644939308] ; [0.3862203492463499]
840 ; 58 ; 257 ; 0 ; [0.44207009065394753, 0.84092591046829923] ; [0.19992661386148278, 0.22154407524904068]
840 ; 58 ; 257 ; 1 ; [1.5307452624596005] ; [3.0644372399997581]
840 ; 58 ; 257 ; 2 ; [0.83611635060270773] ; [0.72609887458250377]
840 ; 58 ; 257 ; 3 ; [0.76170408879797324] ; [2.0007775821303211]
840 ; 58 ; 257 ; 4 ; [0.97252230693855646] ; [-0.022021181833094199]
840 ; 58 ; 257 ; 6 ; [2.183818758953104] ; [0.11661107628989013]
840 ; 58 ; 257 ; 10 ; [1.2952803831003017] ; [1.3899333272295573]
840 ; 58 ; 257 ; 17 ; [2.1626119889223849] ; [0.12255148856073755]
840 ; 58 ; 257 ; 22 ; [0.53114987764971044] ; [1.0031127496501921]
840 ; 58 ; 258 ; 1 ; [0.52371814080849421] ; [0.4409413868675256]
840 ; 58 ; 258 ; 2 ; [1.2853506886375867] ; [0.88199006188117146]
840 ; 58 ; 258 ; 4 ; [0.96948978943318653] ; [0.95181394226272331]
840 ; 58 ; 258 ; 8 ; [1.0008995471080595] ; [1.1474815702693661]
840 ; 58 ; 258 ; 10 ; [0.80408605086671803] ; [-0.005464691535829575]
840 ; 58 ; 258 ; 12 ; [0.66204094825204018] ; [1.4394956266444074]
840 ; 58 ; 258 ; 14 ; [0.18368509838521258] ; [0.82404123913477345]
840 ; 58 ; 258 ; 15 ; [0.70969730928859187] ; [1.2926699673254811]
840 ; 58 ; 258 ; 17 ; [1.2852800157846163] ; [2.1314932883501974]
840 ; 58 ; 259 ; 0 ; [0.1555490681292431, 0.15296705626393048, 0.12288842252181986, 0.083573938036706416] ; [0.26914032883381539, 0.18363297095608555, 0.19748555838850376, 0.12258922840023496]
840 ; 58 ; 260 ; 0 ; [0.001403032148653367, 0.07136882343534863, 0.044636223825843493, 0.15195646936854304] ; [0.17712853989153129, 0.14850476356647155, 0.19624253009281986, 0.23784585152187376]
840 ; 58 ; 261 ; 0 ; [-0.016804962128479255, 1.3638001175344585] ; [0.1995125515843284, 0.45047035827008475]
840 ; 58 ; 262 ; 0 ; [0.6251089395159618, 0.11519703668940076] ; [0.64397248903616722, 0.25405083759313407]
840 ; 58 ; 262 ; 2 ; [0.69892981253881947] ; [-0.0064238073454011019]
840 ; 58 ; 262 ; 4 ; [0.79152680891873672] ; [0.41218835701925538]
840 ; 58 ; 263 ; 0 ; [0.093386532832978014, 0.51028031290972165] ; [0.20634669156798335, 0.38037004545997427]
840 ; 58 ; 263 ; 1 ; [0.34623401818276611] ; [0.43565134260233029]
840 ; 58 ; 263 ; 2 ; [0.14881878815750305] ; [0.72977367324543263]
840 ; 58 ; 263 ; 4 ; [0.95741933375455723] ; [-0.0035880082160842383]
840 ; 58 ; 263 ; 13 ; [0.30780920253664734] ; [0.80863002859978694]
840 ; 58 ; 263 ; 21 ; [0.43708490841830799] ; [0.038727943445643072]
840 ; 58 ; 263 ; 26 ; [0.19611685761719611] ; [0.10991312740980065]
840 ; 58 ; 264 ; 0 ; [0.12353231879536478, 0.1627009448286067, 0.078148830272173231] ; [0.2997081056075348, 0.22961781270215717, 0.052075256021410006]
840 ; 58 ; 264 ; 1 ; [0.16525438277640972] ; [0.30840327802141632]
840 ; 58 ; 265 ; 0 ; [0.8640475009211851, 0.47928931636561239] ; [0.86572081263737921, 0.45689711514328973]
840 ; 58 ; 265 ; 3 ; [1.5748893562753221] ; [1.5169103220401994]
840 ; 58 ; 266 ; 0 ; [0.25154209889011053] ; [0.14926552135385177]
840 ; 58 ; 266 ; 1 ; [0.23394081645063602] ; [0.38200421739047885]
840 ; 58 ; 266 ; 2 ; [0.71663516427934271] ; [0.68315726520280706]
840 ; 58 ; 266 ; 3 ; [2.0091738097520806] ; [0.75570365242577231]
840 ; 58 ; 266 ; 9 ; [1.7125669010807627] ; [2.4527692748449339]
840 ; 58 ; 266 ; 10 ; [0.087589657079154018] ; [1.6637964809511543]
840 ; 58 ; 266 ; 12 ; [1.198711030161447] ; [3.5240348492951301]
840 ; 58 ; 267 ; 0 ; [0.10684348971927017, 0.016890097639788295] ; [0.33345517495152027, 0.069372769256890662]
840 ; 58 ; 267 ; 1 ; [0.89102435657597678] ; [0.25649016180102263]
840 ; 58 ; 267 ; 2 ; [3.5505275359314084] ; [-0.0044907118044334188]
840 ; 58 ; 268 ; 0 ; [0.008614854507835187, -0.0076760833475633863, 0.038335937732088994] ; [0.17237882363690332, 0.21934040982868289, 0.14407214866394141]
840 ; 58 ; 270 ; 0 ; [0.4148681957188724] ; [4.717999292061041]
840 ; 58 ; 270 ; 1 ; [1.1179167185461261] ; [1.1726161927024783]
840 ; 58 ; 270 ; 3 ; [0.72605729992402068] ; [1.4999916828026043]
840 ; 58 ; 271 ; 1 ; [0.22825616098341345, 0.24967165772908864] ; [0.44210758253021254, 0.12402693539694988]
840 ; 58 ; 271 ; 2 ; [0.33264636012015003] ; [0.0019892620098104249]
840 ; 58 ; 272 ; 2 ; [3.269709473737993] ; [2.833468886836652]
840 ; 58 ; 272 ; 4 ; [0.045889522874921533] ; [1.1928241598927789]
840 ; 58 ; 272 ; 6 ; [0.0053499722032760381] ; [0.10324632339344322]
840 ; 58 ; 272 ; 7 ; [0.055107482145946352] ; [1.5808632058123007]
840 ; 58 ; 273 ; 0 ; [0.092839174226130236] ; [0.20005117782658524]
840 ; 58 ; 273 ; 2 ; [0.19705230779113159, 0.19239432946544532] ; [0.20850597424859771, 0.11701795918952856]
840 ; 58 ; 274 ; 0 ; [0.65769156514279004] ; [0.26152423867102043]
840 ; 58 ; 274 ; 2 ; [0.33754961430874819] ; [0.12042937463948558]
840 ; 58 ; 274 ; 9 ; [0.93055766260957906] ; [0.53408450277267427]
840 ; 58 ; 275 ; 0 ; [0.16311833505449944] ; [0.19416946908790128]
840 ; 58 ; 275 ; 1 ; [0.95963027008711144] ; [0.71162027704345476]
840 ; 58 ; 275 ; 2 ; [0.084144053343783165] ; [1.7659867014606714]
840 ; 58 ; 275 ; 3 ; [0.078475064017203611] ; [1.5356034669043048]
840 ; 58 ; 275 ; 10 ; [1.7888762039958972] ; [1.5963357556582256]
840 ; 58 ; 275 ; 14 ; [0.017334293250735537] ; [0.43625515185884867]
840 ; 58 ; 276 ; 0 ; [0.10354078172159166] ; [0.57732695197998818]
840 ; 58 ; 276 ; 2 ; [0.16704634704872273] ; [1.0688627524494145]
840 ; 58 ; 277 ; 0 ; [0.41651076226994838] ; [0.524161620323912]
840 ; 58 ; 277 ; 4 ; [0.51101981027338095] ; [0.33774347741189292]
840 ; 58 ; 279 ; 0 ; [0.087608374674447903] ; [0.19064073570704215]
840 ; 58 ; 279 ; 1 ; [0.75208500671830048] ; [0.40638151168149134]
840 ; 58 ; 279 ; 2 ; [0.16121326611261258] ; [0.60390428463533574]
840 ; 58 ; 280 ; 5 ; [1.4092943884909148] ; [2.4337303311565441]
840 ; 58 ; 282 ; 0 ; [3.1933098983272523] ; [0.45648084068026346]
840 ; 58 ; 282 ; 1 ; [0.0056528093826609931] ; [0.10665341256495203]
840 ; 58 ; 283 ; 1 ; [0.40269176023362185] ; [-0.0022846778457287146]
840 ; 58 ; 283 ; 4 ; [0.03816019920747038, 0.042655148761090347] ; [0.17601241785630906, 0.24694074909986347]
840 ; 58 ; 284 ; 0 ; [0.26578477748782303] ; [0.1220326410332126]
840 ; 58 ; 284 ; 2 ; [0.38080841373664165] ; [0.089886672486413383]
840 ; 58 ; 284 ; 4 ; [0.57327040063225454] ; [0.010353774652201525]
840 ; 58 ; 285 ; 0 ; [0.93824205750141709] ; [0.60908867637727349]
840 ; 58 ; 285 ; 1 ; [1.8585494708396164] ; [0.26240697972153304]
840 ; 58 ; 285 ; 3 ; [0.85444289488983527] ; [1.0292361762247597]
840 ; 58 ; 285 ; 4 ; [0.81451604450626347] ; [1.2628197219697417]
840 ; 58 ; 285 ; 5 ; [0.94899815927485787] ; [6.173574865179881]
840 ; 58 ; 285 ; 7 ; [1.4602406966705499] ; [1.522437266357811]
840 ; 58 ; 285 ; 8 ; [3.5144185540738175] ; [0.93972562962875583]
840 ; 58 ; 285 ; 10 ; [0.055917006628844523] ; [0.97213380325932108]
840 ; 58 ; 285 ; 13 ; [0.079308923300520931] ; [6.925777465363181]
840 ; 58 ; 285 ; 14 ; [4.5658983615688928] ; [4.2435716122398865]
840 ; 58 ; 286 ; 0 ; [0.27348136359295916, 0.35122882063551986, 0.87487827530830331] ; [0.2928323167304141, 0.24674781898469064, 0.086634623076583483]
840 ; 58 ; 286 ; 1 ; [0.30002703189568158] ; [-0.00024338039682123813]
840 ; 58 ; 287 ; 0 ; [0.58269065911864171] ; [0.67979346349076553]
840 ; 58 ; 287 ; 1 ; [0.089973931896417503, 0.77839925460216564] ; [2.0811025072791716, 1.3559932384778453]
840 ; 58 ; 287 ; 2 ; [0.68209174365095759] ; [1.6303368276262888]
840 ; 58 ; 287 ; 4 ; [2.6662882903809426] ; [4.9656863983296606]
840 ; 58 ; 287 ; 6 ; [1.6169134540689878] ; [1.4877632149359197]
840 ; 58 ; 287 ; 7 ; [1.2417388345896656] ; [1.5985281649768108]
840 ; 58 ; 287 ; 8 ; [4.3345268618304136] ; [1.1109263120554682]
840 ; 58 ; 287 ; 10 ; [0.75815204493850996] ; [1.9615698423529522]
840 ; 58 ; 287 ; 11 ; [1.0680462683110448] ; [1.5694632858643469]
840 ; 58 ; 287 ; 13 ; [1.414033930675535] ; [5.6231204055128865]
840 ; 58 ; 287 ; 14 ; [3.6743112955098693] ; [2.2075291349393158]
840 ; 58 ; 287 ; 15 ; [1.2519103263845086] ; [1.3652454876554219]
840 ; 58 ; 287 ; 17 ; [0.79860205735638834] ; [1.8882519186072886]
840 ; 58 ; 287 ; 18 ; [1.4083774890633993] ; [2.6816088658213819]
840 ; 58 ; 287 ; 19 ; [0.96169497911135438] ; [0.76117234369851494]
840 ; 58 ; 287 ; 20 ; [4.5418106928194852, 3.333246874846858] ; [3.5131239888879642, 0.63705696791889288]
840 ; 58 ; 287 ; 21 ; [0.43430765842732688] ; [2.8511040938691794]
840 ; 58 ; 287 ; 23 ; [5.2104560219638696] ; [1.0590996307942069]
840 ; 58 ; 287 ; 24 ; [0.44735177521125286] ; [4.8206605842744992]
840 ; 58 ; 287 ; 25 ; [5.2495881452897857] ; [0.92107337954753499]
840 ; 58 ; 287 ; 27 ; [0.70068983947576402] ; [1.9552167590076837]
840 ; 58 ; 287 ; 28 ; [2.9858226027515347] ; [6.9852982373933541]
840 ; 58 ; 287 ; 29 ; [1.5615086690209325] ; [4.4462713505506199]
840 ; 58 ; 287 ; 32 ; [2.3588836583000172] ; [3.6298437988530061]
840 ; 58 ; 287 ; 33 ; [0.35529801465691208] ; [0.36667259704856747]
840 ; 58 ; 287 ; 38 ; [0.53494055615606007] ; [1.879582948211342]
840 ; 58 ; 288 ; 4 ; [1.547254957687999] ; [0.37228032624151514]
840 ; 58 ; 289 ; 0 ; [1.294342207120414] ; [1.4062098439135748]
840 ; 58 ; 289 ; 2 ; [0.280692440929183] ; [0.1373549278744324]
840 ; 58 ; 289 ; 4 ; [3.0371941040058879] ; [1.4817097670282788]
840 ; 58 ; 289 ; 8 ; [4.0098568604589913] ; [2.1022141983414797]
840 ; 58 ; 289 ; 11 ; [0.55424600261268997] ; [1.496650800653708]
840 ; 58 ; 290 ; 0 ; [0.039978969772078231, 0.12269689583302841, 0.039022399727420332, 0.095997381885676983] ; [0.22133539226742516, 0.31705862863004519, 0.2049336386252095, 0.11886049878924269]
840 ; 58 ; 291 ; 0 ; [0.12724342386188869, 0.030694063320640494, 0.080206371296176499, 0.46602665130670096] ; [0.21852906818706336, 0.13859854192268573, 0.15993150303779108, 0.10434756424984765]
840 ; 58 ; 292 ; 0 ; [0.019908801309344505] ; [0.14033796947803112]
840 ; 58 ; 292 ; 1 ; [0.12541646741874757, -0.018500025394552123] ; [1.4058812930640798, 0.062721262237939682]
840 ; 58 ; 293 ; 5 ; [0.70925999728313904, 1.2476370646907502] ; [0.67868144824690602, 0.9800057838888695]
840 ; 58 ; 294 ; 0 ; [0.25933353915145035, 0.29665043201507407, 0.22389813117647048, 0.15726013271290221] ; [0.45830947721000365, 0.12408213472460125, 0.16872786468527032, 0.18607597926880598]
840 ; 58 ; 295 ; 0 ; [0.15379613822744589] ; [0.09664845987817039]
840 ; 58 ; 295 ; 1 ; [0.23084860158315454] ; [0.093965590336250987]
840 ; 58 ; 296 ; 0 ; [0.27889635993665612, 0.19133502619118442, 0.43699420471463191] ; [0.18187103303223895, 0.2675821666768175, 0.56828212369848952]
840 ; 58 ; 296 ; 1 ; [1.1658751176696032] ; [0.10572160978492347]
840 ; 58 ; 297 ; 0 ; [0.36609336160710176, 0.42243837911561161, 0.21577703633999495, 0.19211040524348308] ; [0.18189923669971569, 0.66148069057162595, 0.33139059814674354, -0.0013342868347326969]
840 ; 58 ; 297 ; 1 ; [0.27539937677381804] ; [0.40553745360295201]
840 ; 58 ; 297 ; 2 ; [0.19171897609223726] ; [0.0097645058580051076]
840 ; 58 ; 297 ; 3 ; [0.53524175394839935] ; [0.1678681314200311]
840 ; 58 ; 298 ; 0 ; [0.71928124941890459] ; [0.38778800188850665]
840 ; 58 ; 298 ; 4 ; [0.053928564060520212] ; [0.5985814796480412]
840 ; 58 ; 298 ; 5 ; [3.6596935254294918] ; [1.17788312745098]
840 ; 58 ; 298 ; 11 ; [2.0033331851341534] ; [0.34319206189409274]
840 ; 58 ; 298 ; 12 ; [0.85203073565273513] ; [0.28083466128392648]
840 ; 58 ; 298 ; 13 ; [0.91706114883637002] ; [0.93839152414756488]
840 ; 58 ; 298 ; 14 ; [1.5040842972792761] ; [3.7094784678931672]
840 ; 58 ; 300 ; 0 ; [0.33011106054118156, 0.57783140116462128, 0.27991251236639419] ; [0.35862179362957308, 0.68080925650694257, 0.45594565372000162]
840 ; 58 ; 301 ; 0 ; [0.084510103961049951, 0.17565717276982518, 0.10535788455705249] ; [0.2290506435048503, 0.19023157431953908, 0.63636543020153657]
840 ; 58 ; 302 ; 0 ; [0.14427884716178488, 0.3261781859369966, 0.55322785349157677] ; [0.18049368669332944, 0.24012017836097971, 0.16843117749040223]
840 ; 58 ; 303 ; 0 ; [0.15941160909523094, 0.19714658341530988, 0.12583951679346911, 0.14575338102715696] ; [0.22993325653266983, 0.27039633036322624, 0.18742021197353145, 0.27600504030324136]
840 ; 58 ; 303 ; 1 ; [0.066524605532829018] ; [0.36222277812094716]
840 ; 58 ; 304 ; 0 ; [1.3693413743288638] ; [0.076685161902393509]
840 ; 58 ; 304 ; 1 ; [0.40712092329583577] ; [0.39305640355392862]
840 ; 58 ; 304 ; 5 ; [0.21554047645660013] ; [0.047797811191749515]
840 ; 58 ; 304 ; 6 ; [0.30691773327285976] ; [0.91324229391022027]
840 ; 58 ; 305 ; 0 ; [1.5941088651380473] ; [0.65912587821616186]
840 ; 58 ; 305 ; 1 ; [0.060325531401682703] ; [-0.010228618349128424]
840 ; 58 ; 306 ; 0 ; [0.11363490509121633, 0.1079603658502354, 0.038955487953259316] ; [0.20863541598982757, 0.15460021386338063, 0.1378460590590759]
840 ; 58 ; 307 ; 0 ; [1.50669438436503] ; [3.0473844028326877]
840 ; 58 ; 307 ; 1 ; [1.8985553979653469] ; [1.5507037322902155]
840 ; 58 ; 307 ; 2 ; [0.13771947734781972] ; [1.4532300969913676]
840 ; 58 ; 307 ; 3 ; [0.047282886480528703] ; [2.9942758648285768]
840 ; 58 ; 307 ; 4 ; [1.6129884839144653] ; [3.2587695178080107]
840 ; 58 ; 307 ; 5 ; [1.9257129465229834] ; [1.6628303089356102]
840 ; 58 ; 307 ; 7 ; [2.4685051114836098] ; [4.8826299735909382]
840 ; 58 ; 307 ; 9 ; [1.8126901093321506] ; [2.1142906222780264]
840 ; 58 ; 307 ; 11 ; [1.5160199275594579] ; [2.1388774892342308]
840 ; 58 ; 307 ; 12 ; [0.79618468489346295] ; [2.2264275595508911]
840 ; 58 ; 307 ; 14 ; [0.11860959094588058] ; [1.9655935193941607]
840 ; 58 ; 307 ; 15 ; [1.4480131948363271] ; [2.2144041593556372]
840 ; 58 ; 307 ; 16 ; [0.059463549474580157] ; [1.8776354882870601]
840 ; 58 ; 307 ; 22 ; [0.45188736044634059] ; [0.95078130249679149]
840 ; 58 ; 307 ; 23 ; [1.4439882749686028] ; [3.0703653006775102]
840 ; 58 ; 307 ; 24 ; [1.4121775784067558] ; [2.8904153167250062]
840 ; 58 ; 307 ; 25 ; [1.6547321669539683] ; [1.9440481468259443]
840 ; 58 ; 307 ; 26 ; [1.4042303021512061] ; [1.4463729344438212]
840 ; 58 ; 308 ; 0 ; [-0.0070875518320323997] ; [0.044586948085335559]
840 ; 58 ; 308 ; 1 ; [3.6688195091466782] ; [1.3191981147625786]
840 ; 58 ; 308 ; 2 ; [1.7596296801303029] ; [0.01661083631313913]
840 ; 58 ; 309 ; 0 ; [0.042594691745773031, 0.57750129071798839] ; [0.25138420997869765, 0.06707967001340745]
840 ; 58 ; 309 ; 1 ; [0.90556342273143486] ; [0.063176625033602885]
840 ; 58 ; 309 ; 2 ; [0.78511704705539409] ; [0.28399648636546254]
840 ; 58 ; 309 ; 3 ; [0.18499035622550872] ; [-0.0037816663599457442]
840 ; 58 ; 309 ; 6 ; [0.5811852395280187] ; [4.9972866388884425]
840 ; 58 ; 310 ; 0 ; [0.25348766064176925, 0.047344462756519941, -0.0064683368178976072] ; [0.19661867343907544, 0.2667714264913072, 0.22484500210848651]
840 ; 58 ; 311 ; 1 ; [0.34795070131530959] ; [0.15936538255242327]
840 ; 58 ; 311 ; 2 ; [0.10065089407614837, 0.073235038922215973, 0.20488510565811432] ; [0.26473669971523273, 0.1449335400700843, 0.15705213733485074]
840 ; 58 ; 312 ; 0 ; [0.2474290963915958, 0.11636886730277859, 0.09711431327577047] ; [0.30611081613877927, 0.20381657932092717, 0.095866052143508712]
840 ; 58 ; 313 ; 0 ; [0.13825256068408187, 0.14491454309632029, 0.51742523596255108] ; [0.26669356659040361, 0.19857024620521926, 0.26901261491520695]
840 ; 58 ; 313 ; 1 ; [0.10031005382710738] ; [0.079183688470284674]
840 ; 58 ; 314 ; 0 ; [0.54140349628500373] ; [0.26666347689321718]
840 ; 58 ; 314 ; 1 ; [0.83569994029912842] ; [0.67380442690720588]
840 ; 58 ; 314 ; 2 ; [0.62566266906827672] ; [0.81211854291692909]
840 ; 58 ; 314 ; 7 ; [1.0359072835098841] ; [0.48111474641876761]
840 ; 58 ; 315 ; 0 ; [1.1210083941737001] ; [0.7695513669950732]
840 ; 58 ; 315 ; 1 ; [1.0521549793502663] ; [0.76900059175424096]
840 ; 58 ; 315 ; 2 ; [2.7861365931433046] ; [1.2745987062606918]
840 ; 58 ; 315 ; 3 ; [1.1510484157286052] ; [0.9132215102776674]
840 ; 58 ; 315 ; 4 ; [1.8693338723677835] ; [0.62795860724180952]
840 ; 58 ; 315 ; 16 ; [0.94943595812867854] ; [0.29004635902247417]
840 ; 58 ; 315 ; 17 ; [0.70892798661411527] ; [0.52561268775919234]
840 ; 58 ; 315 ; 18 ; [0.94831875241283781] ; [0.82725501158384807]
840 ; 58 ; 315 ; 19 ; [1.5506081536414671] ; [1.304173022986248]
840 ; 58 ; 315 ; 20 ; [1.2509440690574782] ; [1.3799993307178642]
840 ; 58 ; 315 ; 21 ; [0.653027646771417, 0.90507098187418389] ; [0.47962001469611631, 0.84049761385759192]
840 ; 58 ; 316 ; 0 ; [0.13611674845802144] ; [0.14941650409470802]
840 ; 58 ; 316 ; 1 ; [0.55378235357001326] ; [0.028652666848743878]
840 ; 58 ; 316 ; 2 ; [0.60173512407883112] ; [0.31451416458216708]
840 ; 58 ; 317 ; 0 ; [0.61168018379556377] ; [0.88725485888175104]
840 ; 58 ; 317 ; 3 ; [0.87549151424190241] ; [2.8458458308542682]
840 ; 58 ; 318 ; 0 ; [0.23725322340047905, 0.13638320849795413, 0.1176686340851046, 0.14226947331636725] ; [0.32189810699837373, 0.1606499985435704, 0.15790892486218017, 0.093768481546690582]
840 ; 58 ; 319 ; 1 ; [0.11139168146110272, 0.11529024631005266] ; [0.17029533879579148, 0.18814450461309318]
840 ; 58 ; 320 ; 1 ; [0.56184073834427706] ; [0.36328631551012686]
840 ; 58 ; 320 ; 2 ; [1.2207456084135051] ; [0.20218830524127626]
840 ; 58 ; 320 ; 3 ; [0.017130132754413985] ; [0.36107748136854573]
840 ; 58 ; 320 ; 4 ; [-0.0015946449054875739] ; [0.06673796947939771]
840 ; 58 ; 321 ; 0 ; [0.53684628674052481, 1.1959815363808854] ; [0.4151936674466733, -0.045733242700770345]
840 ; 58 ; 321 ; 1 ; [1.6601447080496057] ; [0.11982271588657495]
840 ; 58 ; 321 ; 2 ; [1.8231698306591706, 0.65025818034151917] ; [5.6961040450625537, 3.4335879857900635]
840 ; 58 ; 321 ; 6 ; [1.5324905422267516] ; [1.8734410772415895]
840 ; 58 ; 321 ; 8 ; [1.4338545185954721] ; [1.4653995869286582]
840 ; 58 ; 321 ; 9 ; [2.4035891938639922] ; [0.71487388381506733]
840 ; 58 ; 321 ; 10 ; [1.1028695338127608] ; [1.4192787661392656]
840 ; 58 ; 321 ; 12 ; [1.1762603241256149] ; [5.0799848515784989]
840 ; 58 ; 321 ; 13 ; [0.75300995022933304] ; [1.0086942057748036]
840 ; 58 ; 321 ; 14 ; [0.91505305603615161] ; [2.1644456170548927]
840 ; 58 ; 321 ; 15 ; [0.95595229134192272] ; [6.5391986038722019]
840 ; 58 ; 322 ; 0 ; [0.12234835542999375] ; [0.046214297655217514]
840 ; 58 ; 323 ; 0 ; [0.5281438991296048, 1.5527357098989063] ; [0.23917962159493192, 0.20885103855234252]
840 ; 58 ; 323 ; 1 ; [1.1970843651233409] ; [0.28320680360593681]
840 ; 58 ; 323 ; 2 ; [2.020524138290051] ; [0.61726484332137377]
840 ; 58 ; 323 ; 3 ; [1.8362347312762821] ; [0.24982058141402327]
840 ; 58 ; 323 ; 4 ; [0.011187577627527492] ; [0.43218141176746694]
840 ; 58 ; 323 ; 13 ; [0.50920193633303301] ; [0.55236807525948817]
840 ; 58 ; 325 ; 1 ; [1.8742771487318486] ; [0.29670014080821772]
840 ; 58 ; 325 ; 3 ; [0.075997257558993586] ; [0.16726620782109489]
840 ; 58 ; 326 ; 0 ; [0.28697280568916816, 0.40105694793664404] ; [0.54833638039046884, 0.66363755630449295]
840 ; 58 ; 328 ; 0 ; [0.12070029884556818, 0.13083283490453937, 0.16433638106119594, 0.27053015313260897] ; [0.18650750775397187, 0.14137067067957784, 0.19768486345316816, 0.25438688704938084]
840 ; 58 ; 329 ; 0 ; [0.043096842217536242, 0.12274653212664437, 0.038488864834483369, 0.062926021765227352] ; [0.14463940064951256, 0.19242078864827997, 0.17495744261642052, 0.26321404312913244]
840 ; 58 ; 329 ; 1 ; [0.27761891909617503] ; [0.00016101808549522659]
840 ; 58 ; 329 ; 2 ; [-0.021375855854343425] ; [0.016419293076801542]
840 ; 58 ; 330 ; 0 ; [0.027166517966548683, 0.066421422446229408, -0.00025879894309151696] ; [0.23001630854981231, 0.28190524787449633, 0.17627645781875426]
840 ; 58 ; 331 ; 0 ; [0.6848497564424918] ; [0.026291725183282214]
840 ; 58 ; 331 ; 2 ; [0.13225318725872789, 0.21175376075977109, 0.20646525156520859, 0.24653334614018785, 0.12989643319857888] ; [0.13823633933828169, 0.17358532681583763, 0.23917902190763651, 0.19269340366805002, 0.18293416742701044]
840 ; 58 ; 332 ; 1 ; [1.121219815858332] ; [0.4242732342276625]
840 ; 58 ; 332 ; 2 ; [0.45291086249075252] ; [0.39442870594963164]
840 ; 58 ; 332 ; 5 ; [0.4744215596121546] ; [1.6612735909995071]
840 ; 58 ; 332 ; 6 ; [1.4258384757846834] ; [0.52262443792533031]
840 ; 58 ; 332 ; 8 ; [0.47308516422449542] ; [0.69108699714565613]
840 ; 58 ; 332 ; 9 ; [2.4957528860650942] ; [0.84162814962550003]
840 ; 58 ; 333 ; 0 ; [1.4627047930138464] ; [2.5089427810547065]
840 ; 58 ; 333 ; 6 ; [1.7760225947835382] ; [1.5403932697042522]
840 ; 58 ; 333 ; 8 ; [1.917265785617257] ; [2.3126189142765345]
840 ; 58 ; 333 ; 9 ; [2.00718304019628] ; [2.5092011454349188]
840 ; 58 ; 333 ; 10 ; [1.906422149549021] ; [1.4778170294438475]
840 ; 58 ; 333 ; 11 ; [1.8248734438599665] ; [2.7673778131612567]
840 ; 58 ; 333 ; 12 ; [2.1945705955403723] ; [2.7086813877785971]
840 ; 58 ; 333 ; 14 ; [1.9959813511386848] ; [1.5641531503221848]
840 ; 58 ; 333 ; 15 ; [1.7561603017876719] ; [2.6021756873572848]
840 ; 58 ; 333 ; 16 ; [1.8096073758698845] ; [1.7505749721820083]
840 ; 58 ; 333 ; 17 ; [1.4111649587030788] ; [1.3844271116221147]
840 ; 58 ; 333 ; 18 ; [1.8356882541487038] ; [0.79897792688390257]
840 ; 58 ; 333 ; 19 ; [1.8730193041131096] ; [2.3121707100054119]
840 ; 58 ; 333 ; 20 ; [0.98457429620060466] ; [1.8212320717725583]
840 ; 58 ; 333 ; 21 ; [2.6579546697708758] ; [1.2786402178202199]
840 ; 58 ; 333 ; 24 ; [1.6502060338656748] ; [3.063283081350145]
840 ; 58 ; 333 ; 25 ; [2.0202370014667328] ; [0.66607778236674209]
840 ; 58 ; 333 ; 30 ; [0.79579868076587623] ; [1.2978471213136753]
840 ; 58 ; 333 ; 31 ; [1.1095868737966319] ; [1.4756635379350849]
840 ; 58 ; 333 ; 32 ; [0.58755377906239226] ; [4.9004035426934189]
840 ; 58 ; 333 ; 39 ; [0.78973715465588457] ; [2.9067733420053687]
840 ; 58 ; 333 ; 41 ; [1.7714410039122956] ; [0.84800075981866174]
840 ; 58 ; 333 ; 44 ; [1.8017247504226557, 1.9935042113030168] ; [2.2475215601147212, 1.9265752319706324]
840 ; 58 ; 333 ; 45 ; [1.9274932803800076] ; [1.9942799481785183]
840 ; 58 ; 333 ; 46 ; [2.1203236458207257] ; [1.6277305007003671]
840 ; 58 ; 333 ; 47 ; [1.8591825949026621] ; [2.3445428505021799]
840 ; 58 ; 333 ; 48 ; [1.765218699134343] ; [2.32060355025635]
840 ; 58 ; 333 ; 49 ; [1.3952946814298033] ; [2.7270996689549496]
840 ; 58 ; 333 ; 50 ; [1.909841184257935] ; [2.1450940924793365]
840 ; 58 ; 334 ; 0 ; [0.27663201709545265, 0.3792356601967084, 0.18868671918530863, 0.089303154721077735] ; [0.15169748732156887, 0.46589792956516957, 0.16507684364052957, 0.045002582862420329]