# Run ; Subrun ; Event ; Track ; Charge Ratios View 0 ; Charge Ratios View 1 #
840 ; 37 ; 0 ; 0 ; [0.33399761922610827, 0.63645056815870027, 0.35004665831588672] ; [0.12905865922154197, 0.63594811603518486, 0.36539105500142793]
840 ; 37 ; 0 ; 1 ; [0.26905157879956343] ; [0.10390960688300518]
840 ; 37 ; 1 ; 0 ; [3.1757949920368191, 1.8316979330170879] ; [0.0023316239608488429, 0.0082885415726958265]
840 ; 37 ; 1 ; 1 ; [0.36902135131972003] ; [3.5320948690483678]
840 ; 37 ; 1 ; 2 ; [0.061981048232992386] ; [0.26698185099512362]
840 ; 37 ; 1 ; 3 ; [2.222005056272442] ; [2.6070882842588254]
840 ; 37 ; 1 ; 4 ; [0.86806735567607107] ; [0.93650398573510651]
840 ; 37 ; 1 ; 7 ; [0.79780088315546416] ; [1.8837295476574207]
840 ; 37 ; 1 ; 8 ; [2.1671389040630813] ; [2.8297396399225012]
840 ; 37 ; 1 ; 11 ; [2.0645080219817613] ; [1.4620662808053639]
840 ; 37 ; 1 ; 12 ; [3.5407301477990529] ; [3.0314859675526229]
840 ; 37 ; 1 ; 15 ; [1.8602888091893064] ; [1.0731767518823039]
840 ; 37 ; 1 ; 16 ; [0.37938487050225317] ; [4.8356755209881301]
840 ; 37 ; 1 ; 17 ; [1.2429427958074999] ; [0.55432814848062684]
840 ; 37 ; 1 ; 18 ; [3.3294081338218113] ; [3.5317623464956975]
840 ; 37 ; 1 ; 20 ; [2.185377319643107] ; [2.2826823581619298]
840 ; 37 ; 1 ; 23 ; [0.55739346244719856] ; [3.4086639876494362]
840 ; 37 ; 1 ; 24 ; [1.7590424509198508] ; [1.9896620958853826]
840 ; 37 ; 1 ; 27 ; [2.4706421506645873] ; [1.3071569250817263]
840 ; 37 ; 1 ; 29 ; [1.6779208331312863] ; [2.4736086112404676]
840 ; 37 ; 1 ; 34 ; [3.7599789709027478] ; [3.1938428073004874]
840 ; 37 ; 1 ; 35 ; [1.4598734469644912] ; [3.6820216255696838]
840 ; 37 ; 1 ; 36 ; [2.1367472581678899] ; [2.1836399035855614]
840 ; 37 ; 1 ; 37 ; [1.4483472795156578] ; [1.7323611334847053]
840 ; 37 ; 1 ; 38 ; [3.2008729684521304] ; [3.1940370900715553]
840 ; 37 ; 1 ; 39 ; [2.1406271772011425] ; [2.576836084091211]
840 ; 37 ; 1 ; 40 ; [2.0250554113091668] ; [2.9055705616136982]
840 ; 37 ; 1 ; 41 ; [2.3548070732080566] ; [2.7097364342307575]
840 ; 37 ; 2 ; 0 ; [0.18385425180429943, 0.17034901674544731, 0.012641284593232893] ; [0.33128802500107113, 0.22642020342586688, 0.041841302667862831]
840 ; 37 ; 3 ; 0 ; [0.13073405569620838, 0.18954694702790661, 0.077140566047422199, 0.023971747628002915] ; [0.19977880448184437, 0.23652182653547676, 0.17012538848712191, 0.12479267299137159]
840 ; 37 ; 3 ; 1 ; [0.22210296926563303] ; [0.029670540440979679]
840 ; 37 ; 4 ; 0 ; [1.1230574221405885, 0.10160605930327127] ; [0.037799650225753781, 0.10919298848396557]
840 ; 37 ; 4 ; 2 ; [-0.0094440754848473807] ; [-0.0075555298699162814]
840 ; 37 ; 4 ; 3 ; [0.6952128781111796] ; [0.64792208089960346]
840 ; 37 ; 5 ; 0 ; [0.91090554366238008] ; [0.32899299348990746]
840 ; 37 ; 5 ; 1 ; [1.8014271036836751] ; [0.77230559605173488]
840 ; 37 ; 6 ; 0 ; [0.1588359345351219, 0.18170391198234639, 0.3026675918273834, 0.7455999069414484] ; [0.14170749276757302, 0.14256519986598151, 0.27055000188439909, 0.14449012528172886]
840 ; 37 ; 7 ; 0 ; [0.22693661328167819, 0.078183806742405493, 0.69039075625079727] ; [0.67363628447838675, 0.31891138895928622, 0.13679476440266342]
840 ; 37 ; 7 ; 1 ; [-0.028825053721033934, 0.14540998051262097] ; [0.67943102336003736, 0.11876999701492827]
840 ; 37 ; 7 ; 2 ; [0.24967655567668037] ; [0.12468713069801532]
840 ; 37 ; 8 ; 0 ; [0.23343442966347625, 0.14065201013616063, 0.26017490013745237] ; [0.26682259644123052, 0.24925395536683476, 0.21767376654303944]
840 ; 37 ; 8 ; 1 ; [0.41070661640076406] ; [0.21142906240179757]
840 ; 37 ; 9 ; 12 ; [0.18361811289936503] ; [1.8297343343835442]
840 ; 37 ; 9 ; 13 ; [1.9248427154737331] ; [1.5611614115253958]
840 ; 37 ; 9 ; 14 ; [1.4043105037628023] ; [1.7626376045952494]
840 ; 37 ; 9 ; 15 ; [0.2084811923889717] ; [1.3731931093455811]
840 ; 37 ; 9 ; 16 ; [1.5153778235546191] ; [1.9070608726161538]
840 ; 37 ; 9 ; 18 ; [2.2935563398182173] ; [1.4582499006074408]
840 ; 37 ; 9 ; 19 ; [1.7570720200457255] ; [1.4332650068880457]
840 ; 37 ; 9 ; 24 ; [0.70769912471280194, 1.8054794514532837, 1.375078291603093] ; [0.32544803781390508, 0.91816742773756421, 1.2051527743731225]
840 ; 37 ; 9 ; 27 ; [1.6484688848213578] ; [1.8273123521613075]
840 ; 37 ; 9 ; 29 ; [1.7765248514717902] ; [2.2843851261910224]
840 ; 37 ; 10 ; 0 ; [0.65828676385174756] ; [0.7426349272458892]
840 ; 37 ; 10 ; 1 ; [0.1784673358828994, 1.6014883115926573] ; [0.14511591384611058, 0.029427501548424922]
840 ; 37 ; 10 ; 2 ; [0.62374934225393874] ; [0.17252734979311932]
840 ; 37 ; 10 ; 6 ; [1.5346121981926688] ; [-0.00033776489734705788]
840 ; 37 ; 10 ; 12 ; [0.81329211662263412] ; [1.435572997905503]
840 ; 37 ; 10 ; 13 ; [0.88562346384259072] ; [0.17333625382027201]
840 ; 37 ; 12 ; 0 ; [4.6500133011839457] ; [0.3838677132116049]
840 ; 37 ; 12 ; 3 ; [3.6861214865104679] ; [-0.22144696544254822]
840 ; 37 ; 12 ; 4 ; [-0.010688744156569115] ; [0.17883215417207479]
840 ; 37 ; 13 ; 0 ; [0.23044162541503546, 0.23334330922065974, 0.13567132472008847] ; [0.28711449210176815, 0.37113642790068951, 0.11251621962323345]
840 ; 37 ; 13 ; 1 ; [0.52919925516546373] ; [0.00010912491269993171]
840 ; 37 ; 14 ; 0 ; [0.0039311794396434362, -0.0021328968858445015, 0.012582743056556333, 0.058856320095227961] ; [0.15458391539995189, 0.20291668901654811, 0.5262116527870293, 0.23529273736370809]
840 ; 37 ; 15 ; 0 ; [0.064383919529896083] ; [0.35263141175253626]
840 ; 37 ; 16 ; 0 ; [0.11072671566001112] ; [0.47185290126363372]
840 ; 37 ; 16 ; 1 ; [0.81092690803551504] ; [0.075279711700002847]
840 ; 37 ; 16 ; 2 ; [0.23591809602759484] ; [0.12075667002995606]
840 ; 37 ; 16 ; 7 ; [0.36087658019185642] ; [0.020761146017148024]
840 ; 37 ; 17 ; 4 ; [2.2836126864466051] ; [0.83799304923345985]
840 ; 37 ; 17 ; 5 ; [0.33925038411250175] ; [1.8137195523213749]
840 ; 37 ; 17 ; 6 ; [0.099834901078893173] ; [2.2007598942006101]
840 ; 37 ; 17 ; 7 ; [0.038833219181412769] ; [1.0011227676646377]
840 ; 37 ; 17 ; 14 ; [0.11831643042510898] ; [0.91975254579264054]
840 ; 37 ; 17 ; 15 ; [0.031417860244580986] ; [1.3333422071291998]
840 ; 37 ; 17 ; 16 ; [0.0055301255112285919] ; [1.5532464626122269]
840 ; 37 ; 18 ; 4 ; [0.051245702598274046, 0.76688597074304121] ; [0.37508258280816448, 0.36129056656434122]
840 ; 37 ; 19 ; 0 ; [0.90925678916870312] ; [1.0772256625687753]
840 ; 37 ; 19 ; 2 ; [2.572265636105084] ; [0.40083934729597476]
840 ; 37 ; 19 ; 3 ; [0.97627779619619992] ; [0.25281604583153439]
840 ; 37 ; 19 ; 4 ; [1.4562734574918961] ; [5.7645096385389563]
840 ; 37 ; 19 ; 5 ; [3.2970394269986465, 2.3368409838322233] ; [0.49420234979443872, 0.28539432154203453]
840 ; 37 ; 19 ; 6 ; [3.0316123525719973] ; [0.68922103127956547]
840 ; 37 ; 20 ; 3 ; [0.052072134902543317, 0.23031661225306496, 0.10981373513625946] ; [0.10290847132741042, 0.20781986951572079, 0.21997667004777638]
840 ; 37 ; 21 ; 0 ; [0.63617445342328527] ; [0.60888368735223242]
840 ; 37 ; 21 ; 3 ; [0.26185115046439977] ; [0.77080085212418092]
840 ; 37 ; 22 ; 0 ; [1.2105891424552342] ; [0.020799511874247265]
840 ; 37 ; 22 ; 9 ; [1.7339901349856435] ; [2.5136943839044017]
840 ; 37 ; 22 ; 10 ; [2.8292694854013147] ; [1.7176242279367817]
840 ; 37 ; 22 ; 12 ; [0.059551579255912916] ; [1.0746752970509568]
840 ; 37 ; 22 ; 14 ; [1.7966746530098108] ; [1.7475576960239616]
840 ; 37 ; 22 ; 15 ; [3.1054513450365961] ; [3.1292819553418902]
840 ; 37 ; 23 ; 0 ; [0.10737716151612021] ; [0.035472033700241476]
840 ; 37 ; 23 ; 2 ; [0.95906407690039841] ; [1.2159934343174366]
840 ; 37 ; 23 ; 3 ; [1.6441791623522619] ; [-0.0071477440606653947]
840 ; 37 ; 24 ; 5 ; [1.9872898775464971] ; [1.8031412193124594]
840 ; 37 ; 24 ; 7 ; [1.8554487371728274] ; [0.96107938957760175]
840 ; 37 ; 24 ; 11 ; [1.5709280829258419] ; [0.81986121961868674]
840 ; 37 ; 25 ; 0 ; [0.97282927885021275] ; [0.024297433747763487]
840 ; 37 ; 25 ; 5 ; [0.48758321565114893, 0.46635247204355568, 1.0129397917840428] ; [0.40945968298719088, 0.68749459017823, 1.078069642844826]
840 ; 37 ; 26 ; 0 ; [0.88008742166662035, 0.56499217887053543] ; [0.34237323873540737, 0.10231047723211359]
840 ; 37 ; 26 ; 1 ; [0.26603989230294878] ; [0.19409746715247175]
840 ; 37 ; 26 ; 2 ; [0.38970928590411785] ; [0.19723295053032455]
840 ; 37 ; 26 ; 11 ; [0.7614794554068558] ; [1.0283614756161199]
840 ; 37 ; 27 ; 0 ; [0.068638080504712082, 0.051186680675259201, 0.014057467304656249] ; [0.26961556308513995, 0.16662144866993953, 0.077537187929508283]
840 ; 37 ; 27 ; 1 ; [-0.0018137264535196512] ; [0.11290368829714124]
840 ; 37 ; 28 ; 0 ; [0.54700335735596983, 0.34610808291021894] ; [0.40881383718567926, 0.3683359065786313]
840 ; 37 ; 28 ; 1 ; [0.319069562251241] ; [0.18399665863936129]
840 ; 37 ; 28 ; 2 ; [0.017357349919978692] ; [0.13733871705111142]
840 ; 37 ; 29 ; 0 ; [1.2601399413936867] ; [1.3746186257935096]
840 ; 37 ; 29 ; 1 ; [-0.032520125049023761] ; [0.02430145684658017]
840 ; 37 ; 29 ; 2 ; [0.67348298855045818] ; [0.2519244398950149]
840 ; 37 ; 29 ; 3 ; [1.3583041194528991] ; [0.10075440955052122]
840 ; 37 ; 29 ; 5 ; [0.51545685374449524] ; [2.2171975012105789]
840 ; 37 ; 30 ; 0 ; [0.59926064294611969] ; [-0.025910403888459044]
840 ; 37 ; 31 ; 0 ; [0.56350055534908416] ; [0.63625500575922411]
840 ; 37 ; 31 ; 3 ; [0.22182889468463904] ; [0.2223014639858229]
840 ; 37 ; 31 ; 4 ; [0.90447937505087739] ; [0.47073045223453558]
840 ; 37 ; 31 ; 11 ; [1.5514318669174418] ; [0.32456583693082036]
840 ; 37 ; 33 ; 0 ; [0.29832951257886425] ; [0.59959420615212167]
840 ; 37 ; 33 ; 1 ; [0.96554131752006067] ; [0.50252806947185558]
840 ; 37 ; 33 ; 2 ; [0.96535180636860585] ; [0.74317822979224379]
840 ; 37 ; 33 ; 3 ; [1.6078435231596624] ; [0.30127718356438765]
840 ; 37 ; 33 ; 5 ; [0.45003037345370728] ; [2.4757433880706188]
840 ; 37 ; 33 ; 9 ; [1.2833975359788121] ; [0.010012205784036523]
840 ; 37 ; 33 ; 11 ; [0.1218280985285423] ; [0.67283384521612377]
840 ; 37 ; 33 ; 18 ; [2.100129204736616] ; [1.827653136664098]
840 ; 37 ; 34 ; 0 ; [0.30093500842713561, 0.68469253434343436] ; [0.20414178028810329, 0.69646496221417753]
840 ; 37 ; 34 ; 2 ; [0.46691321044043244] ; [0.13868709100961302]
840 ; 37 ; 34 ; 5 ; [0.5356465783562312, 1.530195298485846, 0.25994377189056361, 0.2593531262178666] ; [0.68007149588645921, 0.72166512038762176, 0.27712047345357965, 0.18523798886586598]
840 ; 37 ; 35 ; 0 ; [0.08171533233826353] ; [0.20426603986081873]
840 ; 37 ; 35 ; 5 ; [1.4106111168488911] ; [0.14744087512779347]
840 ; 37 ; 35 ; 8 ; [1.4815759193967799] ; [0.18267349253273441]
840 ; 37 ; 36 ; 2 ; [0.18330605529743704] ; [0.16064400573607823]
840 ; 37 ; 37 ; 0 ; [0.16057273549757622, 0.14852183694158713] ; [0.061258246974521674, 0.00013150795602521876]
840 ; 37 ; 37 ; 1 ; [0.1792399328801389, 0.19440988738696188] ; [0.34887709296405717, 0.0082675607781637819]
840 ; 37 ; 38 ; 0 ; [0.16953759703391902, 0.17430349822400557, 0.19755785701110942, 0.071248213719836501, 0.011005671407483068] ; [0.032245499204550963, 0.17637883715028962, 0.19744406316147439, 0.30186732608301686, 0.28287421224852949]
840 ; 37 ; 39 ; 0 ; [0.056888250398502149, 0.00095968817875084723, 0.022951450863875671, 0.0070950620315149053] ; [0.15125307255678311, 0.17238171276892011, 0.1341377817982925, 0.20750274764939278]
840 ; 37 ; 39 ; 1 ; [1.1105651289906653] ; [0.0096568051050763201]
840 ; 37 ; 40 ; 0 ; [0.23367517349447492, 0.28691291763032106, 0.61532247229229786] ; [0.17251252590992064, 0.25086597129567645, 0.74563611967267351]
840 ; 37 ; 40 ; 1 ; [0.10070892196700071] ; [0.10107062405285311]
840 ; 37 ; 41 ; 0 ; [0.11399788389550557, 0.38616612455439131] ; [0.084384692019430177, 0.069719537653812419]
840 ; 37 ; 41 ; 1 ; [2.1460497136375372] ; [0.43564122349960094]
840 ; 37 ; 41 ; 2 ; [0.24736674423526245] ; [0.3339772809463602]
840 ; 37 ; 41 ; 3 ; [0.93494877858589021] ; [0.59907401970845375]
840 ; 37 ; 41 ; 6 ; [0.91968600994970762] ; [0.90012714308849973]
840 ; 37 ; 41 ; 11 ; [0.24109953775125909] ; [0.34684683044058356]
840 ; 37 ; 41 ; 12 ; [1.9553539574250849] ; [0.51552100441015736]
840 ; 37 ; 41 ; 13 ; [1.6739787204590619] ; [1.2376855954176289]
840 ; 37 ; 41 ; 14 ; [1.2039439119677078] ; [1.0639501071831119]
840 ; 37 ; 41 ; 25 ; [3.6783361453949754] ; [7.5749127057599299]
840 ; 37 ; 42 ; 0 ; [0.13545955476370269] ; [0.086649108031188124]
840 ; 37 ; 42 ; 2 ; [1.5723714779518403] ; [2.4687559119116198]
840 ; 37 ; 42 ; 8 ; [2.8085032811257649] ; [1.2104251841317752]
840 ; 37 ; 42 ; 10 ; [2.2328109441805486] ; [0.26441686230663297]
840 ; 37 ; 43 ; 0 ; [-0.0062401735007278124, -0.006613223963023428, 0.032781935573041696] ; [0.21684816241931179, 0.31034255482290668, 0.052322594040217676]
840 ; 37 ; 44 ; 1 ; [0.2470671237588983, 0.21410991579398686, 0.27523343436336645] ; [0.12336829393357433, 0.14692842977794696, 0.16787321302555269]
840 ; 37 ; 44 ; 2 ; [0.3666656719265074] ; [0.11486179340335741]
840 ; 37 ; 45 ; 0 ; [1.9450905560972342] ; [0.16761905310515554]
840 ; 37 ; 45 ; 1 ; [0.4799499165900129] ; [1.3431209632929852]
840 ; 37 ; 45 ; 2 ; [0.73088357909187096] ; [0.25931191436989787]
840 ; 37 ; 45 ; 3 ; [0.045934112265075308] ; [0.93371324589023275]
840 ; 37 ; 45 ; 6 ; [0.14774722539000806] ; [1.2097691035400719]
840 ; 37 ; 46 ; 0 ; [0.0012389429792145341] ; [0.23544561127058555]
840 ; 37 ; 46 ; 11 ; [-0.80321161996842483] ; [0.78220334332328856]
840 ; 37 ; 46 ; 14 ; [0.27431846228048556] ; [0.33543116856655825]
840 ; 37 ; 47 ; 0 ; [0.35033891725451816] ; [0.07602474397679812]
840 ; 37 ; 47 ; 2 ; [0.90523919525413055] ; [0.69857430720305824]
840 ; 37 ; 48 ; 0 ; [5.1437009025511964] ; [1.156245280334274]
840 ; 37 ; 48 ; 5 ; [0.65160435873657474] ; [2.160584224833888]
840 ; 37 ; 48 ; 6 ; [0.63904436550282828] ; [1.9679800521292903]
840 ; 37 ; 49 ; 0 ; [0.089697629371788004, 0.022467059220016967, 0.021904671848271107, -0.010427139244536978] ; [0.31419541037266269, 0.2871620552095368, 0.17619838512899641, 0.045673888456094991]
840 ; 37 ; 50 ; 0 ; [0.41532552293505726] ; [0.3708559916812173]
840 ; 37 ; 50 ; 1 ; [0.56084486298108083] ; [0.79631924251743824]
840 ; 37 ; 50 ; 3 ; [0.031282449092207586] ; [0.41861477521505919]
840 ; 37 ; 50 ; 5 ; [0.94738584292874417] ; [0.77887554735990217]
840 ; 37 ; 51 ; 0 ; [0.12121912684003396, 0.17957235381587763, 0.098513109622606912, 0.043565958773816138] ; [0.13446310009398382, 0.20666091042153883, 0.23786629994247038, 0.31687770559407769]
840 ; 37 ; 51 ; 1 ; [0.12060928147790682] ; [0.061183410995561162]
840 ; 37 ; 51 ; 2 ; [2.3118018421358717] ; [-0.010592085888689755]
840 ; 37 ; 52 ; 0 ; [0.47298133044857221] ; [0.4598213639643598]
840 ; 37 ; 52 ; 1 ; [0.63795113442635609] ; [0.21887031202987708]
840 ; 37 ; 53 ; 0 ; [0.031556558959958243, 0.066648411092104398, 0.042611720658722721, 0.035575495091669705] ; [0.16808555388224056, 0.15948831615656436, 0.1672092732887337, 0.08316380612144196]
840 ; 37 ; 54 ; 0 ; [0.21750453758298294, 0.17932444999066396, 0.16712280984597339, 0.27874019996227817, 0.059473746224380418] ; [0.10188704567903463, 0.18413125396758659, 0.27754321703022755, 0.22449048892805806, 0.067237694327181255]
840 ; 37 ; 55 ; 0 ; [0.48711001046458807] ; [0.3275711470507115]
840 ; 37 ; 57 ; 0 ; [0.55567558422463592] ; [0.01866872157476962]
840 ; 37 ; 57 ; 2 ; [3.0999262347600682] ; [6.6944681628263636]
840 ; 37 ; 57 ; 5 ; [2.790879198121087] ; [0.38814998548310303]
840 ; 37 ; 57 ; 6 ; [3.0971004403710154] ; [1.6279289772286885]
840 ; 37 ; 57 ; 8 ; [2.1688773815026523] ; [0.20212464734060848]
840 ; 37 ; 57 ; 12 ; [0.77674225799547014] ; [1.4322905812663074]
840 ; 37 ; 57 ; 14 ; [4.3225461467690227] ; [0.44335382043681237]
840 ; 37 ; 57 ; 15 ; [2.3881492756527822] ; [0.76646356046516617]
840 ; 37 ; 57 ; 16 ; [0.095967195408461159] ; [1.9411750074575183]
840 ; 37 ; 57 ; 17 ; [0.16663455062021348] ; [3.5999438671646233]
840 ; 37 ; 58 ; 0 ; [0.2351900133036525, 0.47591972136180916] ; [0.1710576701022459, 0.1659186759038935]
840 ; 37 ; 59 ; 0 ; [0.0038634838055228399, 0.0044283731217629203, 0.13905233680217444] ; [0.23431557469353215, 0.2200344290105623, 0.047860551065447031]
840 ; 37 ; 60 ; 0 ; [0.038858477500523333, 0.00086078781663534757, -0.0073402252333379806] ; [0.083576796102547202, 0.15254142105334575, 0.34646773832094258]
840 ; 37 ; 60 ; 1 ; [0.43901081312839257] ; [0.92431538158285487]
840 ; 37 ; 60 ; 3 ; [0.011740086498404918] ; [5.3910889646013942]
840 ; 37 ; 60 ; 4 ; [0.0050697606878136389] ; [0.19494934565490288]
840 ; 37 ; 61 ; 1 ; [2.6595475214543991] ; [1.7450514618053359]
840 ; 37 ; 61 ; 3 ; [1.3635037681052526] ; [1.1755536487259162]
840 ; 37 ; 61 ; 4 ; [1.7875972538328364] ; [0.071759494587764164]
840 ; 37 ; 61 ; 5 ; [0.46261979565505129] ; [1.4255924291346784]
840 ; 37 ; 61 ; 6 ; [0.16757335547732205] ; [1.6646414904274256]
840 ; 37 ; 61 ; 7 ; [1.9041867779361195] ; [2.2710193471992333]
840 ; 37 ; 61 ; 11 ; [1.6614348717033769] ; [0.25257190328852508]
840 ; 37 ; 61 ; 12 ; [2.1983192460170091] ; [0.12008689929962012]
840 ; 37 ; 61 ; 13 ; [0.24962154679449877] ; [0.30980436434270747]
840 ; 37 ; 61 ; 14 ; [0.73778272688902513] ; [0.055639806185816987]
840 ; 37 ; 61 ; 16 ; [1.7078324647549654] ; [1.1559267531243853]
840 ; 37 ; 62 ; 1 ; [0.036677299875994614] ; [0.22157536381978457]
840 ; 37 ; 62 ; 6 ; [0.22314756939783678, 0.23958692014995064] ; [0.26875210901486657, 0.24823239825114474]
840 ; 37 ; 63 ; 0 ; [1.4033239425038311] ; [0.31056878309397379]
840 ; 37 ; 63 ; 1 ; [0.061506261994543274] ; [0.022802853935576545]
840 ; 37 ; 63 ; 2 ; [0.053558661325660596] ; [0.89077804189028409]
840 ; 37 ; 63 ; 3 ; [0.62121558644679631] ; [0.5702070626619461]
840 ; 37 ; 63 ; 5 ; [1.1096900426489205] ; [0.88391933525358168]
840 ; 37 ; 64 ; 0 ; [0.27534781525319679, 0.065453433020753654, -0.010768265248450148] ; [0.54859751940904022, 0.23543990466561063, 0.085849654283806753]
840 ; 37 ; 66 ; 0 ; [0.031570953734596445, 0.15031950850449463] ; [0.15570416802092565, 0.40581262776646082]
840 ; 37 ; 66 ; 1 ; [0.58300396827663548] ; [0.22863243110682069]
840 ; 37 ; 67 ; 0 ; [0.66097996454576602] ; [0.19682278830580338]
840 ; 37 ; 67 ; 1 ; [0.2489490904534272] ; [0.091946251535147974]
840 ; 37 ; 68 ; 0 ; [0.1105484255303474, 0.061104020231795356, 0.089802520257260848, 0.04690938186327244] ; [0.20975112461041281, 0.16082691490786499, 0.15938429106904334, 0.17462411176966158]
840 ; 37 ; 69 ; 0 ; [0.65323391213459248] ; [0.32966202140528239]
840 ; 37 ; 69 ; 5 ; [1.6152651496830321] ; [7.443657599601142]
840 ; 37 ; 70 ; 6 ; [1.6331343304012236] ; [1.0878257989189015]
840 ; 37 ; 71 ; 2 ; [1.9954481093277694] ; [1.4877868993180143]
840 ; 37 ; 71 ; 6 ; [0.30837023114898288] ; [0.68613467042233578]
840 ; 37 ; 71 ; 10 ; [1.5046570005870248] ; [0.45503379071441769]
840 ; 37 ; 72 ; 0 ; [1.1078808267421898] ; [0.72901991860035231]
840 ; 37 ; 72 ; 1 ; [0.94645868999878024] ; [0.99370623916584166]
840 ; 37 ; 72 ; 3 ; [0.46907899142662351] ; [2.2536435955546597]
840 ; 37 ; 72 ; 4 ; [0.049246033694169765] ; [2.663258687526219]
840 ; 37 ; 73 ; 0 ; [0.1266055872881573, 0.08241560154510276] ; [0.12826428818156502, 0.17941467663297958]
840 ; 37 ; 73 ; 1 ; [1.4794448896754815] ; [0.60111968187071019]
840 ; 37 ; 73 ; 2 ; [0.57233788792065576] ; [1.2742151614633026]
840 ; 37 ; 73 ; 3 ; [0.72625893847276735] ; [0.40192713347994841]
840 ; 37 ; 73 ; 4 ; [0.73877951353127824] ; [0.91527337939711817]
840 ; 37 ; 73 ; 5 ; [0.010728635584114292] ; [0.6540775857281147]
840 ; 37 ; 73 ; 7 ; [0.34347951752417316] ; [-0.051342338958232078]
840 ; 37 ; 74 ; 0 ; [5.852639166724602] ; [0.82556665452190292]
840 ; 37 ; 74 ; 1 ; [0.51923937993781444] ; [3.6497008494268854]
840 ; 37 ; 74 ; 2 ; [0.96998143943356674] ; [0.5949838656171913]
840 ; 37 ; 74 ; 3 ; [0.26970457952745375] ; [0.22452709018359601]
840 ; 37 ; 75 ; 0 ; [0.01249552845473257, 0.051444498234169335] ; [0.33596285475659604, 0.32964514034830467]
840 ; 37 ; 75 ; 1 ; [0.057598567153772554] ; [0.13922323003022308]
840 ; 37 ; 76 ; 10 ; [0.057629816683952187, 0.092192675355297279, 0.038079518953395029, 0.35330696957009516] ; [0.15268114176225553, 0.27755947955172899, 0.26369117946949555, 0.16907078263347267]
840 ; 37 ; 77 ; 0 ; [0.283524314635486] ; [2.513725010499313]
840 ; 37 ; 77 ; 1 ; [1.1649354485905214] ; [1.2693109616833211]
840 ; 37 ; 77 ; 6 ; [1.2083664992215737] ; [0.58529788217718959]
840 ; 37 ; 77 ; 7 ; [1.3723703165311572] ; [0.027672604794715165]
840 ; 37 ; 78 ; 7 ; [0.17629624451792278] ; [1.5478491220423221]
840 ; 37 ; 78 ; 10 ; [2.2105622524157598] ; [2.0138534901291822]
840 ; 37 ; 78 ; 12 ; [0.64444793502729147] ; [0.11511384150360246]
840 ; 37 ; 79 ; 3 ; [0.11562204894121086, 0.30055199095847002, 0.4051863638836824, 0.5573356721338264, 0.43830982814814845] ; [0.08954754583606464, 0.14527075459826297, 0.3408368278005845, 0.25268686463402534, 0.41528685546836974]
840 ; 37 ; 80 ; 0 ; [0.45892227058220864] ; [0.34529644199153925]
840 ; 37 ; 80 ; 5 ; [0.3834181738327454] ; [-0.0081292974428453704]
840 ; 37 ; 81 ; 0 ; [0.11535048480061101, 0.21585332231323939] ; [0.36431026680866391, 0.20685540507369229]
840 ; 37 ; 81 ; 1 ; [0.19621904102087864] ; [0.15101790191947834]
840 ; 37 ; 82 ; 2 ; [0.012825411117340341] ; [1.2516451869311489]
840 ; 37 ; 83 ; 0 ; [0.50785370829820387] ; [0.49987693367067121]
840 ; 37 ; 83 ; 4 ; [0.6506690268758667] ; [0.5384272362654583]
840 ; 37 ; 84 ; 0 ; [0.18456342613142132] ; [0.1595682927406418]
840 ; 37 ; 84 ; 4 ; [1.5244794729977735] ; [0.5766727087669149]
840 ; 37 ; 85 ; 0 ; [0.41117403661737156] ; [1.0878923958064697]
840 ; 37 ; 85 ; 2 ; [0.29204774270853584] ; [1.762451974432474]
840 ; 37 ; 85 ; 7 ; [0.14436201829333775, 0.61108639180843549] ; [0.17462914868975393, 0.56598990026734597]
840 ; 37 ; 86 ; 0 ; [0.22439415433802221, 0.67497856677746171, 0.058887455539750555] ; [0.47292241143933661, 0.72557524688496122, 0.26663088439544347]
840 ; 37 ; 87 ; 0 ; [0.23297767329236488] ; [0.16791825617831921]
840 ; 37 ; 87 ; 2 ; [1.5420926974322371] ; [1.0863884060965485]
840 ; 37 ; 88 ; 0 ; [0.8961602609231919] ; [2.2748018159537833]
840 ; 37 ; 89 ; 0 ; [1.1940829877814774] ; [0.36783453865345161]
840 ; 37 ; 89 ; 1 ; [2.624236376848482] ; [0.29251600129761224]
840 ; 37 ; 89 ; 2 ; [2.1712270763163315] ; [0.54266110194255934]
840 ; 37 ; 89 ; 4 ; [0.40116989483954513] ; [0.029265397710609781]
840 ; 37 ; 90 ; 0 ; [0.31754386967634773] ; [0.28981413098805453]
840 ; 37 ; 90 ; 8 ; [2.4186580615676618] ; [0.17714531788080326]
840 ; 37 ; 91 ; 1 ; [0.20317231754223775, 0.24606957944721983, 0.34123669066666601, 0.31816016500791156, 0.12584354693103419] ; [0.088998471293475379, 0.17473788332452989, 0.15816440368852919, 0.26084551337224388, 0.15356395896772448]
840 ; 37 ; 92 ; 2 ; [0.031959777985180883] ; [0.43419026023201529]
840 ; 37 ; 93 ; 0 ; [0.087332919775096413, 0.044748696255429689, 0.068678619307640618, -0.020274671404268033] ; [0.32775107489035238, 0.19986756999041669, 0.22250142375656526, 0.19949543572053988]
840 ; 37 ; 94 ; 0 ; [0.16682979250538044, 0.12997630764583051, 0.077950630439722043] ; [0.35214877671826789, 0.21672553365539657, 0.2286027883734941]
840 ; 37 ; 94 ; 1 ; [0.098879283084322908] ; [0.028735982937748296]
840 ; 37 ; 94 ; 3 ; [0.12875716228340547] ; [0.24391883381742466]
840 ; 37 ; 95 ; 0 ; [-0.011106567063365495, -0.0085217585168949929, -0.010498274478527223, 0.1176971763336679] ; [0.17097441319045512, 0.1909526234787472, 0.32150187877537284, 0.13494549670931014]
840 ; 37 ; 95 ; 1 ; [0.68468932066898802] ; [-0.024945559451098116]
840 ; 37 ; 96 ; 1 ; [0.86748021461799296] ; [0.081267922719714419]
840 ; 37 ; 96 ; 2 ; [0.38489030769912608, 0.16302474596298361] ; [0.32279415702216113, 0.24104684605013299]
840 ; 37 ; 97 ; 1 ; [0.10014033140328431, 0.011189960115484322] ; [0.23814970399669219, 0.11833337107969395]
840 ; 37 ; 98 ; 0 ; [0.092251485178898196, 0.13620286613123087, 0.11203265567272878, 0.00066625029050847097] ; [0.20793094072998883, 0.25668369851649692, 0.18363615694419042, 0.1373050398481388]
840 ; 37 ; 100 ; 2 ; [2.0175060546420256] ; [0.45956691930111143]
840 ; 37 ; 101 ; 0 ; [0.19489912113945518, 0.40261930769976473] ; [0.35900781983821367, 0.62796558296397231]
840 ; 37 ; 101 ; 1 ; [0.37903163335334383] ; [0.25117519184843989]
840 ; 37 ; 101 ; 2 ; [0.86958586103477709] ; [0.0698376557443426]
840 ; 37 ; 101 ; 6 ; [0.36130221392786732] ; [0.2917673089812608]
840 ; 37 ; 103 ; 0 ; [0.024077278851816972, 0.037426573961661345, -0.0026367561329785102] ; [0.22033492556136083, 0.22001274468525908, 0.10526090055902325]
840 ; 37 ; 103 ; 1 ; [0.068696531899443011] ; [-0.00064405125775242008]
840 ; 37 ; 104 ; 0 ; [0.0052968892263320867] ; [0.11782815597778207]
840 ; 37 ; 105 ; 0 ; [0.30536577677776333] ; [0.20902895445804964]
840 ; 37 ; 105 ; 1 ; [0.053468545026204219, 0.060098761375053183] ; [0.0011263313681310518, 0.024020939799011834]
840 ; 37 ; 106 ; 0 ; [0.16619059734841857, 0.032079001242615875, -0.0098138293624802832] ; [0.6905180874179897, 0.23375285021397108, 0.0039008510485909103]
840 ; 37 ; 107 ; 0 ; [0.45743754168519607] ; [0.65828857845860134]
840 ; 37 ; 109 ; 0 ; [0.021826204897903986, 0.058306263200745917, 0.07522901154967028, 0.037716412178666607] ; [0.1534151513018055, 0.12287018562709791, 0.2533219124814628, 0.045280541603196778]
840 ; 37 ; 109 ; 2 ; [0.65806917237274987] ; [0.03852819428474305]
840 ; 37 ; 110 ; 0 ; [0.396049025295172] ; [0.15857730144765175]
840 ; 37 ; 110 ; 1 ; [0.61437074839334216] ; [0.77207661321407206]
840 ; 37 ; 111 ; 6 ; [1.81714254366991] ; [1.6833948742728426]
840 ; 37 ; 111 ; 10 ; [1.4849896402223679] ; [2.081505584789078]
840 ; 37 ; 111 ; 13 ; [1.7572785660277521] ; [1.1368745996799301]
840 ; 37 ; 111 ; 15 ; [1.9337540515308715] ; [3.6790538081660737]
840 ; 37 ; 111 ; 17 ; [2.0966791010668424] ; [3.04185682818787]
840 ; 37 ; 111 ; 18 ; [1.3543819334762119] ; [3.6715815120268083]
840 ; 37 ; 111 ; 19 ; [1.8569018847215684] ; [1.489615402234693]
840 ; 37 ; 111 ; 20 ; [2.0649811922832479] ; [1.7107015696081325]
840 ; 37 ; 111 ; 23 ; [7.5250896189150192] ; [3.0757502273646922]
840 ; 37 ; 111 ; 27 ; [1.6994629387908611] ; [2.454018175389197]
840 ; 37 ; 111 ; 28 ; [0.40533482802555054] ; [1.2355090935495967]
840 ; 37 ; 111 ; 30 ; [1.2482610017291871] ; [1.1384758848716268]
840 ; 37 ; 111 ; 33 ; [1.4664957118066906] ; [1.8388668056318622]
840 ; 37 ; 111 ; 34 ; [1.7025012320262816] ; [1.1864358921501077]
840 ; 37 ; 111 ; 37 ; [3.1806419532292978] ; [1.6157513202768568]
840 ; 37 ; 111 ; 38 ; [1.7768037032865611] ; [1.6507790358704388]
840 ; 37 ; 111 ; 39 ; [1.857467769002664] ; [1.6216762065004366]
840 ; 37 ; 112 ; 0 ; [0.42065428062053095] ; [-0.016864077107476394]
840 ; 37 ; 113 ; 0 ; [0.03122736971882906, 0.056071644078229628, 0.023854560356749051] ; [0.21552057108134673, 0.14393953710864499, 0.13991971088383051]
840 ; 37 ; 114 ; 0 ; [0.6053804590104378] ; [1.0166409920798243]
840 ; 37 ; 114 ; 7 ; [2.3372144059504629] ; [0.44189638449297264]
840 ; 37 ; 115 ; 0 ; [0.0004509571212469292, -0.016171146183557049, 0.004098258178031903] ; [0.16234150266241282, 0.16731228239139967, 0.14150527622893969]
840 ; 37 ; 116 ; 4 ; [1.9195819514059387] ; [1.3768939691058601]
840 ; 37 ; 116 ; 5 ; [0.083977633225651188] ; [3.1620899890132361]
840 ; 37 ; 117 ; 0 ; [0.0031055706448148172, 0.047118624345999609, 0.01877777774455534, 0.00062341679416982486] ; [0.16134195675306426, 0.14687252387416214, 0.13597075547154072, 0.11504162612180961]
840 ; 37 ; 119 ; 3 ; [0.52621721589066661] ; [1.0376836249537773]
840 ; 37 ; 119 ; 8 ; [0.043534333485995537] ; [1.3979747572245884]
840 ; 37 ; 120 ; 0 ; [0.02230917227461093, 0.073981372494415623, 0.051027513059746607, 0.098332123337217581] ; [0.31142590393692193, 0.22044381624396753, 0.2493554509526355, 0.071137587835769595]
840 ; 37 ; 121 ; 0 ; [0.55655100954968362] ; [0.14459383597775033]
840 ; 37 ; 122 ; 0 ; [0.29095537382997705, 0.32155626460586084] ; [0.36608001602598988, 0.36031464819377695]
840 ; 37 ; 123 ; 0 ; [0.19654679139868481, 0.69055831507785859, 0.39158953485295422, 0.13548477257590191, 0.12256578257018021] ; [0.21420901955987193, 0.6234075418312226, 0.53549821075739101, 0.18318574237187166, 0.14075056506957873]
840 ; 37 ; 125 ; 0 ; [0.66657659979763983] ; [1.1492773041465296]
840 ; 37 ; 125 ; 3 ; [1.5506360099223786] ; [1.7402074498776741]
840 ; 37 ; 125 ; 5 ; [6.1839036482123362] ; [1.4586974994116459]
840 ; 37 ; 125 ; 14 ; [0.38380129229023235] ; [0.38020714560870827]
840 ; 37 ; 125 ; 20 ; [1.1207611285963528] ; [1.5424575859013734]
840 ; 37 ; 125 ; 21 ; [0.77950489640705756] ; [1.5280876047422518]
840 ; 37 ; 125 ; 26 ; [0.46590693840332592] ; [0.51160442454291533]
840 ; 37 ; 125 ; 28 ; [0.66835682853035017] ; [2.0296187845235854]
840 ; 37 ; 125 ; 31 ; [0.43932080185086875] ; [2.0790418521149325]
840 ; 37 ; 125 ; 37 ; [2.2852609376384501] ; [1.35448563451257]
840 ; 37 ; 126 ; 0 ; [0.53237465520603677, 0.37127249251101468] ; [1.0623013859952655, 0.37315544875721218]
840 ; 37 ; 127 ; 0 ; [0.13359790257770898] ; [0.60286955520206253]
840 ; 37 ; 127 ; 5 ; [0.2226797109149623, 0.096090568312247188] ; [0.33275601695966234, 0.5606106330649927]
840 ; 37 ; 127 ; 6 ; [0.13680857229047746] ; [1.187245999509426]
840 ; 37 ; 128 ; 0 ; [0.48344335413649531] ; [1.4535713740382867]
840 ; 37 ; 128 ; 1 ; [0.17292824523426181] ; [0.030904714191867317]
840 ; 37 ; 128 ; 2 ; [0.21297296545051805] ; [2.1649891511690744]
840 ; 37 ; 128 ; 3 ; [0.20434219495342237] ; [1.0316480386128835]
840 ; 37 ; 128 ; 4 ; [0.27642426596139863] ; [0.54834431190292232]
840 ; 37 ; 128 ; 5 ; [4.6034101804416512] ; [0.012733851167200166]
840 ; 37 ; 128 ; 6 ; [1.5678745989250151] ; [5.4097479838170912]
840 ; 37 ; 128 ; 9 ; [4.2642896996968505] ; [4.3609681694021623]
840 ; 37 ; 128 ; 10 ; [6.764175079003409] ; [0.015833516273879075]
840 ; 37 ; 129 ; 0 ; [0.55231394639138365, 0.012601341392053666] ; [0.59476443901816745, 0.31508279627932984]
840 ; 37 ; 129 ; 1 ; [0.73298466955066277] ; [0.020405889955775986]
840 ; 37 ; 130 ; 0 ; [0.20290209161958389, 0.2394441103856971, 0.3784650701140716, 0.32466285504923753, 0.74510119874279612] ; [0.11099911813392419, 0.14470249370941826, 0.19128939318943083, 0.19503321387205808, 0.17223609692876557]
840 ; 37 ; 130 ; 1 ; [0.2645093614401528] ; [0.11388552380748253]
840 ; 37 ; 131 ; 0 ; [-0.0014973811449453458] ; [0.029661525674226003]
840 ; 37 ; 131 ; 1 ; [0.52692516316190641] ; [0.022098112811454122]
840 ; 37 ; 131 ; 5 ; [0.48475619624842842] ; [2.3054782902310329]
840 ; 37 ; 132 ; 0 ; [0.4068517925436661] ; [1.1921850550596353]
840 ; 37 ; 132 ; 3 ; [3.1075638221435811] ; [1.9488335643679962]
840 ; 37 ; 132 ; 4 ; [2.8097342142440533] ; [0.68420239821217887]
840 ; 37 ; 132 ; 6 ; [0.51644325794050716] ; [0.71475898399938431]
840 ; 37 ; 134 ; 5 ; [0.82343787245597178] ; [0.71335182218984294]
840 ; 37 ; 134 ; 6 ; [0.37615117018540506] ; [1.0742679749410045]
840 ; 37 ; 134 ; 7 ; [0.40660764883901579] ; [1.5997838000740392]
840 ; 37 ; 135 ; 0 ; [0.60343677008784358] ; [0.24640336695642753]
840 ; 37 ; 135 ; 1 ; [-0.030114175624024984] ; [0.10117277880098478]
840 ; 37 ; 135 ; 2 ; [0.79725209680285569] ; [0.8973408080858799]
840 ; 37 ; 135 ; 3 ; [2.2281586087026763] ; [1.0310685472158463]
840 ; 37 ; 136 ; 1 ; [0.78046018124408145] ; [0.13597543124146702]
840 ; 37 ; 136 ; 2 ; [0.40711934206896827] ; [0.48737944187704596]
840 ; 37 ; 137 ; 0 ; [0.25354783182900842] ; [0.22972097558439628]
840 ; 37 ; 137 ; 2 ; [1.6549408024532526] ; [1.85824039623923]
840 ; 37 ; 137 ; 3 ; [2.1527444130240325] ; [1.998403733898318]
840 ; 37 ; 137 ; 5 ; [1.2203077737371308] ; [1.3317067837771221]
840 ; 37 ; 137 ; 6 ; [1.2067226532590567] ; [1.0417945633469003]
840 ; 37 ; 137 ; 7 ; [1.9233778141584879] ; [1.6738481163892396]
840 ; 37 ; 137 ; 9 ; [3.9547012543400384] ; [2.0459284599393048]
840 ; 37 ; 138 ; 0 ; [-0.0097764420748844821] ; [0.15387483962543]
840 ; 37 ; 138 ; 1 ; [0.0048071982479372284] ; [-0.012309810835699863]
840 ; 37 ; 138 ; 2 ; [0.1758468584594311] ; [0.43625085086744009]
840 ; 37 ; 138 ; 3 ; [0.66525326521691797] ; [0.21152948631250887]
840 ; 37 ; 139 ; 0 ; [-0.0061731797552873214, -0.0010379371557502689, -0.0001614820105294234, -0.0032804721887597964] ; [0.17999775685238062, 0.23755320267159968, 0.20747570924434527, 0.15446455231658174]
840 ; 37 ; 140 ; 0 ; [0.18572456349716479, 0.25606322644208962, 0.022823028153612996] ; [0.15284626026057585, 0.35137824577188886, 0.051071923660620161]
840 ; 37 ; 141 ; 0 ; [0.67252382666371446] ; [0.056362183124761087]
840 ; 37 ; 142 ; 0 ; [0.055644572713122169, 0.79370070473385546] ; [0.16376689913155096, 0.84833772355621673]
840 ; 37 ; 142 ; 2 ; [0.38205344694057658] ; [0.32746893734068072]
840 ; 37 ; 142 ; 5 ; [0.75319945178683889] ; [0.8905694893135474]
840 ; 37 ; 143 ; 0 ; [0.14646531354751277, 0.15174906872660054, 0.13700187619524493] ; [0.15101269703009701, 0.21523698838637026, 0.15175491166027327]
840 ; 37 ; 144 ; 0 ; [0.020432796746574684] ; [0.065922327866974495]
840 ; 37 ; 144 ; 1 ; [0.055822291065253736] ; [0.1076409086385019]
840 ; 37 ; 145 ; 0 ; [0.22933313341589232, 0.055488138530352893, 0.061789292424242005] ; [0.17699608247019721, 0.17685649301344192, 0.14876170598550567]
840 ; 37 ; 146 ; 0 ; [1.263893523587756] ; [0.31569851715940295]
840 ; 37 ; 146 ; 1 ; [0.35207841016953356] ; [0.36912092125872964]
840 ; 37 ; 146 ; 3 ; [2.4987345607996136] ; [2.0615573523989474]
840 ; 37 ; 148 ; 1 ; [0.17709448352748558] ; [0.022349486388243009]
840 ; 37 ; 149 ; 0 ; [0.027644075983553281] ; [0.21025957855275337]
840 ; 37 ; 149 ; 8 ; [0.77951839582283211] ; [1.1286492939486756]
840 ; 37 ; 149 ; 9 ; [3.7772790671517935] ; [0.35037972240079857]
840 ; 37 ; 150 ; 0 ; [0.7226438412805396] ; [0.77705305136458036]
840 ; 37 ; 150 ; 1 ; [1.7536147195040295] ; [0.15141040783426288]
840 ; 37 ; 150 ; 2 ; [1.7684862489696866] ; [4.3622872068147407]
840 ; 37 ; 150 ; 3 ; [0.36814832267155345] ; [0.85938559378530666]
840 ; 37 ; 150 ; 6 ; [0.15962787103419859] ; [0.24883826608059448]
840 ; 37 ; 151 ; 0 ; [0.31938535037471172] ; [0.17784415909522011]
840 ; 37 ; 151 ; 3 ; [0.46547275344488553] ; [0.34289849830755359]
840 ; 37 ; 151 ; 5 ; [0.61268813296523628] ; [0.49912525377028499]
840 ; 37 ; 151 ; 7 ; [0.69472104818678693] ; [0.71343316020682401]
840 ; 37 ; 152 ; 0 ; [1.5235736465154739] ; [0.707806215088433]
840 ; 37 ; 152 ; 1 ; [1.9663329482905683] ; [0.13245853913447905]
840 ; 37 ; 152 ; 2 ; [1.067292389837577] ; [0.60463958085692504]
840 ; 37 ; 152 ; 3 ; [0.47669644362826197] ; [1.0895366120485552]
840 ; 37 ; 152 ; 4 ; [0.86973956832907007] ; [0.293440638410497]
840 ; 37 ; 152 ; 5 ; [0.41443016725470294] ; [0.3940082371713528]
840 ; 37 ; 152 ; 7 ; [0.33342251679213764] ; [0.65555316961876686]
840 ; 37 ; 153 ; 0 ; [0.084736321951273993, 0.058252439167027277, 0.11711677230836924] ; [0.13372743791474329, 0.23934904993812159, 0.14329855692599164]
840 ; 37 ; 154 ; 0 ; [0.50703901339744217, 0.85277296299052074] ; [0.28539664343827259, 0.65830418924534384]
840 ; 37 ; 155 ; 0 ; [0.051079881468461104, 0.0069582735306079448, -0.0076699155530803335, 0.0031579844110459624] ; [0.20320502345219851, 0.33001588896793671, 0.14590285795774172, 0.16186485928609481]
840 ; 37 ; 156 ; 0 ; [1.1790954672986884] ; [0.01081840052270281]
840 ; 37 ; 156 ; 5 ; [0.63652924977501069] ; [1.0379116121249707]
840 ; 37 ; 156 ; 6 ; [1.5027179843743996] ; [1.5135327362134052]
840 ; 37 ; 157 ; 0 ; [0.13318555832728221, 0.16997964642288843, 0.16353244863046681] ; [0.21067061600359779, 0.33728919204172242, 0.23954426643239007]
840 ; 37 ; 158 ; 0 ; [1.7590611733648924] ; [4.5865776803837344]
840 ; 37 ; 158 ; 3 ; [1.1516444119917584] ; [0.76338502277012632]
840 ; 37 ; 158 ; 4 ; [1.3792277107821509] ; [2.9053413454350654]
840 ; 37 ; 158 ; 10 ; [1.0961118292641614] ; [2.4838007458104769]
840 ; 37 ; 159 ; 1 ; [0.67100829622935942] ; [0.91724493894670156]
840 ; 37 ; 159 ; 2 ; [0.6482997766731281] ; [0.25140782604894352]
840 ; 37 ; 159 ; 8 ; [0.96962400855465058] ; [1.0991802140006164]
840 ; 37 ; 160 ; 0 ; [1.8449986884616065] ; [1.1917588637858421]
840 ; 37 ; 161 ; 0 ; [0.13721922724302429] ; [-0.00059427431640605988]
840 ; 37 ; 161 ; 4 ; [1.048396041350891] ; [0.047724050841522425]
840 ; 37 ; 162 ; 0 ; [0.86663614097314645] ; [0.097353857943398681]
840 ; 37 ; 162 ; 1 ; [0.10934657619535543] ; [0.036022022004272958]
840 ; 37 ; 162 ; 6 ; [0.98662293192463923] ; [0.87663235652046323]
840 ; 37 ; 163 ; 0 ; [0.53323932837406263, 0.87041849324912812] ; [0.75539363288819861, 0.33292298717194596]
840 ; 37 ; 163 ; 1 ; [0.44350918686475649, 1.5897832430552576] ; [0.076234310416620862, -0.016552712648923145]
840 ; 37 ; 164 ; 0 ; [0.24391105971431129] ; [0.4921935755160512]
840 ; 37 ; 164 ; 1 ; [0.6411444451160967] ; [0.18659077606080579]
840 ; 37 ; 164 ; 4 ; [0.70199149835851349] ; [0.53824542117486207]
840 ; 37 ; 164 ; 5 ; [0.91286306569381059] ; [0.059720148226365455]
840 ; 37 ; 165 ; 0 ; [0.11481734540665282] ; [0.17153341735496833]
840 ; 37 ; 165 ; 1 ; [0.015371066560412192] ; [0.24340118804968788]
840 ; 37 ; 165 ; 2 ; [0.011283521775311332] ; [0.034543539949692136]
840 ; 37 ; 165 ; 3 ; [0.0027986890495387971, 0.004490770525935303] ; [-0.01384611758248476, 0.076092723130012613]
840 ; 37 ; 165 ; 4 ; [0.092081525884812429] ; [0.062685448138972186]
840 ; 37 ; 165 ; 5 ; [0.034474087145351738] ; [0.011373569877295334]
840 ; 37 ; 166 ; 1 ; [0.11957077687233361] ; [0.20331770403176688]
840 ; 37 ; 166 ; 4 ; [0.72686386310747031] ; [0.57938973610429789]
840 ; 37 ; 166 ; 7 ; [0.47963710922658542] ; [0.4621452979545756]
840 ; 37 ; 167 ; 0 ; [0.45688227736076692] ; [0.12928352573717822]
840 ; 37 ; 168 ; 0 ; [0.073022382955430454, 0.22082419711134513, 0.033898651119597223] ; [0.14700778636097211, 0.21691402727163442, 0.041425672543548224]
840 ; 37 ; 169 ; 0 ; [0.10422172478822186, 0.14328183360709024, 0.098431919822463951, 0.049157443659759881] ; [0.13889578900775509, 0.2023600516538637, 0.15336968720501104, 0.080139758547238829]
840 ; 37 ; 170 ; 0 ; [0.70960328503709758] ; [1.55522688205437]
840 ; 37 ; 170 ; 1 ; [-0.048080787960771157] ; [0.3680756574868308]
840 ; 37 ; 172 ; 5 ; [1.4854809115025658] ; [2.3361746747143881]
840 ; 37 ; 173 ; 1 ; [0.54276563846689363] ; [1.269870704747015]
840 ; 37 ; 175 ; 0 ; [0.28596955520282302] ; [0.19265885510889399]
840 ; 37 ; 176 ; 0 ; [0.34218633318059777, 0.1746476245012846] ; [0.1939527547843802, 0.18070371862046947]
840 ; 37 ; 177 ; 0 ; [-0.004662699173470417, -0.013052866396398187] ; [0.17630600201537341, 0.099648335552455961]
840 ; 37 ; 178 ; 0 ; [0.36026680664948224, 0.33981363837328066] ; [0.75088497299730417, 0.36201574134436537]
840 ; 37 ; 179 ; 0 ; [0.39077824302312575, 0.037139081335494907] ; [0.39575723673676572, 0.11546718806219863]
840 ; 37 ; 179 ; 1 ; [-0.0021079048821348568] ; [0.072229213510287132]
840 ; 37 ; 179 ; 2 ; [0.48126299169273384] ; [0.23364327231100013]
840 ; 37 ; 180 ; 0 ; [0.062589512249191279] ; [0.083835598200399583]
840 ; 37 ; 180 ; 1 ; [2.3363671589180193] ; [0.74819642048186019]
840 ; 37 ; 180 ; 2 ; [1.4680600808411339] ; [1.6118526541119931]
840 ; 37 ; 180 ; 3 ; [2.0517163737580502] ; [0.87893520230557787]
840 ; 37 ; 180 ; 5 ; [0.33680763685469417] ; [1.0364043179414955]
840 ; 37 ; 180 ; 9 ; [0.87652744179306252] ; [0.76021732371276918]
840 ; 37 ; 180 ; 10 ; [0.12493179846238013] ; [1.1557837719581627]
840 ; 37 ; 180 ; 12 ; [0.90973776544524465] ; [1.8776067036356798]
840 ; 37 ; 180 ; 13 ; [0.12750213360329182] ; [0.90772077636559168]
840 ; 37 ; 180 ; 14 ; [1.8037751443023944] ; [2.6020726051227809]
840 ; 37 ; 180 ; 17 ; [1.701094855873895] ; [2.5194466662180139]
840 ; 37 ; 180 ; 21 ; [0.61804076474439795] ; [1.738137735642425]
840 ; 37 ; 180 ; 22 ; [0.79418814904034163] ; [0.76730784435891719]
840 ; 37 ; 180 ; 23 ; [1.2650731072003707] ; [0.7394067525042114]
840 ; 37 ; 182 ; 0 ; [0.72415081011898863] ; [0.62486964072890128]
840 ; 37 ; 182 ; 1 ; [2.706230442231214] ; [0.52673540916171002]
840 ; 37 ; 182 ; 2 ; [2.7748270846229399] ; [0.88012241193555418]
840 ; 37 ; 182 ; 3 ; [9.1745965152117837] ; [0.66276013740281414]
840 ; 37 ; 182 ; 5 ; [2.0300927700083227] ; [1.6244913918931305]
840 ; 37 ; 182 ; 9 ; [1.5593869777057088] ; [1.1828030144640629]
840 ; 37 ; 182 ; 13 ; [0.90507047522131379] ; [0.76938814967404778]
840 ; 37 ; 183 ; 0 ; [0.81293606496420745] ; [2.3079789943153401]
840 ; 37 ; 183 ; 1 ; [0.90337440446251205] ; [1.754106923001296]
840 ; 37 ; 183 ; 2 ; [1.0407144048334926] ; [0.043789332103142176]
840 ; 37 ; 183 ; 3 ; [-0.0025709967913496276] ; [0.52206365535155186]
840 ; 37 ; 184 ; 0 ; [0.10282436334186484, 0.18646825986984678, -0.012166986951269228] ; [0.2520395269284742, 0.20904648473426019, 0.068874444801292192]
840 ; 37 ; 184 ; 1 ; [0.021752088727045798] ; [0.13381189907027907]
840 ; 37 ; 185 ; 0 ; [0.23963722588255701] ; [0.051761295443607809]
840 ; 37 ; 185 ; 1 ; [0.11471920558688166] ; [0.37143521493110548]
840 ; 37 ; 186 ; 0 ; [0.81517929587338001] ; [0.42582547264282183]
840 ; 37 ; 187 ; 0 ; [0.15227368530792951, 0.13497660034249737] ; [0.33657682796293853, 0.440851479280856]
840 ; 37 ; 188 ; 0 ; [0.13823363780693665] ; [0.072115512875448554]
840 ; 37 ; 188 ; 1 ; [0.45725694804667288] ; [0.21610781727693257]
840 ; 37 ; 188 ; 2 ; [1.1854320481573493, 0.24072151834556826] ; [0.18225331894356919, 0.25129118906107134]
840 ; 37 ; 188 ; 7 ; [0.21612131526664052] ; [16.631683941089761]
840 ; 37 ; 189 ; 0 ; [0.40854478596550331] ; [0.25441562021644903]
840 ; 37 ; 189 ; 4 ; [2.4910514862790794] ; [1.8005562156119983]
840 ; 37 ; 189 ; 5 ; [0.12292985754436561, 0.66917111278851216, 0.74995693203269076] ; [0.19479300551276094, 0.39254972261031429, 0.7518710429699389]
840 ; 37 ; 190 ; 0 ; [0.078272241879637314, 0.10760967025728073, 0.096156572879307192] ; [0.15389336206447152, 0.20073317525874762, 0.39272396733631176]
840 ; 37 ; 191 ; 0 ; [0.23368245379803868, 0.22277917549738518, 0.82698400494535251] ; [0.19635351242527591, 0.27951605567002019, 0.71548831964938042]
840 ; 37 ; 192 ; 0 ; [0.11122657094558611, 0.12341002704653597, 0.10408756657154832] ; [0.21758015439907899, 0.22188096181692141, 0.083085145034675623]
840 ; 37 ; 193 ; 0 ; [0.18157385188274566, 0.16529061010560317, 0.22205420671152915, 0.30060321133753337] ; [0.33026630861679962, 0.22199580265344618, 0.34054483769654775, 0.27231408037391758]
840 ; 37 ; 193 ; 1 ; [0.035648771847042147] ; [0.047375439611678283]
840 ; 37 ; 193 ; 3 ; [0.25937395527540907] ; [0.13973924829130074]
840 ; 37 ; 194 ; 0 ; [0.48839123288416791] ; [0.1050567001246633]
840 ; 37 ; 194 ; 1 ; [0.918510818577984] ; [0.47409826642250696]
840 ; 37 ; 194 ; 5 ; [0.41159243934456141] ; [0.44346102203009641]
840 ; 37 ; 194 ; 16 ; [2.2818902478257432] ; [2.4560740095506692]
840 ; 37 ; 195 ; 5 ; [2.3190076712545942] ; [0.6040747679541778]
840 ; 37 ; 196 ; 0 ; [0.0136837186961826] ; [0.0048306811930632076]
840 ; 37 ; 196 ; 1 ; [0.12486245780053445] ; [0.36739114024052133]
840 ; 37 ; 196 ; 3 ; [0.70302366622263945] ; [0.67882475175020096]
840 ; 37 ; 197 ; 0 ; [0.0051734562182853723] ; [0.35313217953311815]
840 ; 37 ; 197 ; 1 ; [0.30707296268114392] ; [1.7801630645610098]
840 ; 37 ; 197 ; 2 ; [0.91280788710502414] ; [1.2044455102356428]
840 ; 37 ; 197 ; 3 ; [0.68390801993443728] ; [0.32980117256654295]
840 ; 37 ; 197 ; 5 ; [0.0047561211092194923] ; [4.841079457477365]
840 ; 37 ; 198 ; 0 ; [0.33293276869037752] ; [0.12601266934683319]
840 ; 37 ; 198 ; 1 ; [0.22414130445865801, 0.61913868146211581] ; [0.028522794365482568, 0.10574727055102383]
840 ; 37 ; 198 ; 4 ; [0.64188611965710574] ; [0.72252984516613283]
840 ; 37 ; 198 ; 9 ; [0.41626996761735091] ; [0.015308526712020076]
840 ; 37 ; 198 ; 14 ; [0.53223664442314089] ; [1.0330885773870395]
840 ; 37 ; 199 ; 0 ; [1.8027597827488524] ; [0.30687260920361892]
840 ; 37 ; 199 ; 1 ; [0.27827696111344602] ; [0.54475081489642563]
840 ; 37 ; 199 ; 4 ; [1.2768816000511785] ; [0.30530644853142552]
840 ; 37 ; 199 ; 5 ; [3.1310933523931399] ; [1.1290704412233574]
840 ; 37 ; 199 ; 9 ; [0.11123587834291959] ; [0.63232603394763609]
840 ; 37 ; 199 ; 13 ; [1.0132067325124283] ; [0.22941568021956688]
840 ; 37 ; 200 ; 0 ; [0.17357032308797657, 0.088750934424396619, 0.059002194111026231, 0.012022527570103509] ; [0.30015357149844757, 0.24933774683066925, 0.18632781820329697, 0.17282008528053311]
840 ; 37 ; 201 ; 0 ; [0.015771422264241233] ; [0.22872203796324778]
840 ; 37 ; 201 ; 1 ; [0.072695105315446124, 0.0032604085974840599] ; [0.1598749304412429, 0.32295706710930011]
840 ; 37 ; 202 ; 2 ; [0.14865498839769151] ; [0.010865763234041315]
840 ; 37 ; 203 ; 1 ; [0.11841142196562895, 0.066763897427784644, 0.54266512011294454, 0.67904505218680167] ; [0.21779961253976493, 0.30803874112884599, 0.92440357949056817, 0.78698249478969162]
840 ; 37 ; 204 ; 0 ; [0.42628678394402303, 0.24446289009829503] ; [0.24755365263442916, 0.013799920033910739]
840 ; 37 ; 204 ; 2 ; [1.111341540641045] ; [0.32474535128662696]
840 ; 37 ; 204 ; 5 ; [0.1212254188888736] ; [0.035799958992729961]
840 ; 37 ; 204 ; 6 ; [0.23953196987217945] ; [0.44602280834842517]
840 ; 37 ; 205 ; 0 ; [2.4517848294973716, 2.0399440762923624, 0.067644269211694044] ; [0.41144237433881153, 0.31757261891927763, 0.1434448567295464]
840 ; 37 ; 205 ; 1 ; [0.14972636086333524, 0.096588984170162956] ; [0.7652270866949703, 0.094829727581567255]
840 ; 37 ; 206 ; 0 ; [0.004198783387512511, 0.13980770230436132, 0.13193734878078101, 0.085282897964323326] ; [0.23042688307964948, 0.18496508584248975, 0.33896551631686739, 0.14640449762571556]
840 ; 37 ; 207 ; 1 ; [1.2607777851064812] ; [0.46156010158432376]
840 ; 37 ; 207 ; 2 ; [1.0856504928368602] ; [0.38471931275722226]
840 ; 37 ; 207 ; 3 ; [1.1353405730238866] ; [0.76595908702306981]
840 ; 37 ; 207 ; 7 ; [0.38941236071765167] ; [0.42408675893946363]
840 ; 37 ; 207 ; 8 ; [0.95741496968616024] ; [0.51366123452962198]
840 ; 37 ; 207 ; 10 ; [1.5179624830405243] ; [0.82505789558079978]
840 ; 37 ; 207 ; 11 ; [1.7614107053651455] ; [0.34633846838774834]
840 ; 37 ; 207 ; 13 ; [0.90793589780535211] ; [1.500173383911519]
840 ; 37 ; 207 ; 15 ; [1.7267741898028088] ; [0.46526898990948923]
840 ; 37 ; 207 ; 17 ; [1.3600561558176154] ; [0.11782404398785927]
840 ; 37 ; 207 ; 19 ; [5.3479748550272594] ; [0.18791152336805944]
840 ; 37 ; 207 ; 26 ; [1.6114857610289433] ; [1.984269667349605]
840 ; 37 ; 207 ; 30 ; [2.2060189542310469] ; [0.41372151502369336]
840 ; 37 ; 207 ; 31 ; [0.75857571820939784] ; [0.70446463419986483]
840 ; 37 ; 207 ; 39 ; [3.269523934264011] ; [0.4362992146123249]
840 ; 37 ; 207 ; 40 ; [1.4000005082598428] ; [0.87580731085253782]
840 ; 37 ; 207 ; 47 ; [2.361336252724632] ; [2.5804772161351779]
840 ; 37 ; 207 ; 48 ; [2.5987015985443356] ; [0.10855642523715658]
840 ; 37 ; 207 ; 50 ; [1.0531840103812364] ; [4.7484279654433061]
840 ; 37 ; 207 ; 52 ; [1.4527827012415091] ; [1.4674127970263424]
840 ; 37 ; 207 ; 54 ; [2.8695476096689698] ; [0.79007499815173821]
840 ; 37 ; 207 ; 63 ; [2.2024863540193755] ; [0.035404151666338785]
840 ; 37 ; 207 ; 65 ; [1.4085936724625272, 1.5435356305388475] ; [0.35434193650933676, 0.40372868188305705]
840 ; 37 ; 208 ; 9 ; [1.8582817397092311] ; [1.6588889062568708]
840 ; 37 ; 209 ; 0 ; [2.6662687579340001] ; [2.1387687120286247]
840 ; 37 ; 209 ; 2 ; [0.26100129101209102] ; [0.60073103373366477]
840 ; 37 ; 209 ; 3 ; [0.67276941816667934] ; [2.5141677075400755]
840 ; 37 ; 211 ; 0 ; [0.34318845245083307] ; [0.37974685340244857]
840 ; 37 ; 211 ; 1 ; [0.042039795851840013] ; [0.19344889081605304]
840 ; 37 ; 211 ; 2 ; [0.93646819284393945] ; [1.0990362518522265]
840 ; 37 ; 211 ; 3 ; [0.11255745357550914] ; [0.71630878295774636]
840 ; 37 ; 211 ; 4 ; [0.013686292982196804] ; [1.5760183189150094]
840 ; 37 ; 211 ; 5 ; [0.033734929081508505] ; [0.98103226135614485]
840 ; 37 ; 212 ; 0 ; [-0.020514722566908238] ; [0.070621111358021543]
840 ; 37 ; 213 ; 2 ; [0.68036029193886816, 0.12538568259803301] ; [0.81305554192531038, 0.39559431581987575]
840 ; 37 ; 213 ; 3 ; [0.57251343662962939] ; [0.37396582895301023]
840 ; 37 ; 214 ; 6 ; [1.5466628516166163] ; [1.1958554761900553]
840 ; 37 ; 214 ; 9 ; [0.44789906287918757] ; [2.0360440666118658]
840 ; 37 ; 214 ; 10 ; [0.68129434650965437] ; [1.1360142259325114]
840 ; 37 ; 215 ; 1 ; [1.3074274223945057] ; [1.9797520801905903]
840 ; 37 ; 215 ; 2 ; [2.2749135262135667] ; [0.91414719381254339]
840 ; 37 ; 215 ; 3 ; [2.3889228900673238] ; [1.8471812930671208]
840 ; 37 ; 215 ; 5 ; [1.7442721780064672] ; [0.38033277415211231]
840 ; 37 ; 215 ; 6 ; [2.4510556277056983] ; [2.1596734418891925]
840 ; 37 ; 215 ; 7 ; [1.8479516898288906] ; [1.5560958219306265]
840 ; 37 ; 215 ; 9 ; [2.0098730140053189] ; [1.7738218160761563]
840 ; 37 ; 215 ; 10 ; [1.2165196139045742] ; [1.5689922271662013]
840 ; 37 ; 215 ; 12 ; [2.1536038668947128] ; [1.2707369449725636]
840 ; 37 ; 215 ; 13 ; [2.4246846064298695] ; [1.65221440301714]
840 ; 37 ; 215 ; 14 ; [1.9189044305351954] ; [1.8237010665247744]
840 ; 37 ; 215 ; 15 ; [2.4963431194411521] ; [1.6421831360909143]
840 ; 37 ; 215 ; 19 ; [1.2411492599190173] ; [1.6017199960298996]
840 ; 37 ; 215 ; 20 ; [0.30089019492538444] ; [0.01659599127717799]
840 ; 37 ; 215 ; 21 ; [2.7673979073857105] ; [1.8278028405811553]
840 ; 37 ; 216 ; 0 ; [0.19239540008353304, 0.0896659920273193, 0.03221185416944513] ; [0.2095621950013635, 0.18720383387654069, 0.029766301202577724]
840 ; 37 ; 216 ; 1 ; [0.19405633949691928] ; [0.0013904051813308559]
840 ; 37 ; 217 ; 0 ; [0.54191910188205306] ; [0.45563811299330048]
840 ; 37 ; 217 ; 1 ; [1.8034921160363824] ; [1.220245522350317]
840 ; 37 ; 218 ; 0 ; [0.32103122942103446, 0.0627484971256351, 0.055867481481856954] ; [0.81851898646172294, 0.46770297869748267, 0.38244601854160254]
840 ; 37 ; 218 ; 1 ; [0.28492035335928256, 0.43267047441545203] ; [0.36034334368759557, 0.11629038139865633]
840 ; 37 ; 218 ; 3 ; [0.12603347419855432] ; [0.57658919628406335]
840 ; 37 ; 219 ; 0 ; [0.046480008853099504] ; [0.15487294121367454]
840 ; 37 ; 219 ; 2 ; [0.031008240476027335, 1.4776809192486813] ; [0.067191970140691434, 0.061647404100621049]
840 ; 37 ; 219 ; 3 ; [0.33322670575076085] ; [0.093492056973660767]
840 ; 37 ; 219 ; 4 ; [0.086928042359625549] ; [0.22400578084196784]
840 ; 37 ; 219 ; 6 ; [0.076666144691577578] ; [0.048843330206512721]
840 ; 37 ; 219 ; 9 ; [0.13617209552995629] ; [0.094724802803878072]
840 ; 37 ; 220 ; 0 ; [0.058792402091389015, 0.038010422083251512] ; [0.31794075701756114, 0.056626463562674742]
840 ; 37 ; 220 ; 1 ; [0.040914810727005882] ; [-0.0073182723286589766]
840 ; 37 ; 221 ; 0 ; [0.11364282598931875, 0.079608539543835136, 0.028642626490067699] ; [0.19666584655688063, 0.21110234062354213, 0.13495553985455913]
840 ; 37 ; 222 ; 0 ; [0.28914557483707443, 0.016623353923477985, 0.018167954908039501] ; [0.39853621681817553, 0.20825605305707762, 0.051535917955227648]
840 ; 37 ; 223 ; 0 ; [0.21722834125830495, 0.91198160724527977] ; [0.20537426981830356, 0.22358844296508684]
840 ; 37 ; 223 ; 4 ; [3.8573983335243214] ; [1.8936147387798103]
840 ; 37 ; 223 ; 5 ; [3.423260219031055] ; [2.0901143979596828]
840 ; 37 ; 223 ; 6 ; [0.84034229417304396] ; [2.9855969818410686]
840 ; 37 ; 223 ; 7 ; [1.8109068139132325] ; [0.92051134769766763]
840 ; 37 ; 223 ; 8 ; [1.243492646343008] ; [-0.012787455340960636]
840 ; 37 ; 223 ; 10 ; [0.14715770387907848] ; [1.7174550909492734]
840 ; 37 ; 223 ; 11 ; [0.84023243322349184] ; [0.069825772217517346]
840 ; 37 ; 223 ; 13 ; [0.99361274687129331] ; [1.5668763001619885]
840 ; 37 ; 223 ; 14 ; [1.502367235079884] ; [1.5127063152293718]
840 ; 37 ; 223 ; 18 ; [0.092318275460538377] ; [1.5986999936566091]
840 ; 37 ; 223 ; 22 ; [1.037179691517897] ; [1.9560705299627219]
840 ; 37 ; 223 ; 23 ; [3.5039010668590764] ; [2.7164696305668619]
840 ; 37 ; 224 ; 1 ; [0.23845992420509876] ; [1.2055643019699289]
840 ; 37 ; 224 ; 7 ; [0.46505682412296045] ; [0.89113086468244218]
840 ; 37 ; 224 ; 10 ; [0.98266129134590663] ; [1.4477500961923444]
840 ; 37 ; 225 ; 0 ; [1.3113754747456312] ; [0.61836042167570626]
840 ; 37 ; 225 ; 1 ; [0.51084588241009998] ; [0.33621653253009204]
840 ; 37 ; 225 ; 3 ; [1.1825986864958677] ; [1.1340189331389054]
840 ; 37 ; 225 ; 5 ; [0.78807795137871572] ; [1.0360891917313324]
840 ; 37 ; 225 ; 13 ; [1.1663441436792445] ; [0.63926504827625774]
840 ; 37 ; 225 ; 16 ; [1.3907350269656018] ; [1.1902997540949545]
840 ; 37 ; 226 ; 0 ; [1.9793211816268006] ; [1.0993654256242706]
840 ; 37 ; 226 ; 4 ; [1.2941998041499501] ; [1.7414655467105811]
840 ; 37 ; 226 ; 6 ; [1.6396257439595623] ; [2.1578441120511145]
840 ; 37 ; 226 ; 7 ; [1.8883096256267728] ; [2.5559991866120142]
840 ; 37 ; 227 ; 0 ; [5.373023469115414] ; [0.65712050121178855]
840 ; 37 ; 227 ; 1 ; [3.5877671914889455] ; [1.5758166401538249]
840 ; 37 ; 227 ; 2 ; [2.4098273787078788] ; [1.0163638527888612]
840 ; 37 ; 227 ; 5 ; [2.3430482041663834] ; [1.9166099051280525]
840 ; 37 ; 227 ; 9 ; [0.9461304687763763] ; [0.67712066420164096]
840 ; 37 ; 227 ; 11 ; [2.9220466664662612] ; [1.9823416276806214]
840 ; 37 ; 227 ; 12 ; [1.1116945459681342] ; [1.0029550679529693]
840 ; 37 ; 227 ; 13 ; [3.9027082786348659] ; [1.5479317155886509]
840 ; 37 ; 227 ; 14 ; [3.8683788685960798] ; [2.1483688564828998]
840 ; 37 ; 227 ; 15 ; [1.8062135828017605] ; [2.0159120702161819]
840 ; 37 ; 227 ; 18 ; [5.2524161675312202] ; [1.8882103703427224]
840 ; 37 ; 227 ; 21 ; [4.4478668497779257] ; [1.8796656432096657]
840 ; 37 ; 227 ; 22 ; [1.7153443990862673] ; [1.5989701272869212]
840 ; 37 ; 227 ; 24 ; [1.3478434512026316] ; [2.1741208961603018]
840 ; 37 ; 227 ; 25 ; [0.98007982315952513] ; [1.0991765713906378]
840 ; 37 ; 227 ; 27 ; [2.0794039025693856] ; [1.8177790639701039]
840 ; 37 ; 227 ; 30 ; [0.4832670696801995] ; [1.352238760055638]
840 ; 37 ; 227 ; 32 ; [2.0459234643598019] ; [0.96750611726820546]
840 ; 37 ; 227 ; 33 ; [0.84084618561019309] ; [1.1223492746573043]
840 ; 37 ; 227 ; 34 ; [0.71457150450356854] ; [1.0313421225704664]
840 ; 37 ; 227 ; 35 ; [2.8226149394965057] ; [1.5698755999682124]
840 ; 37 ; 227 ; 36 ; [2.2415731314772898] ; [1.4300177812379267]
840 ; 37 ; 228 ; 0 ; [2.0709982400937483] ; [0.632106222792994]
840 ; 37 ; 228 ; 1 ; [0.30348634874608027] ; [1.8508962560029043]
840 ; 37 ; 228 ; 2 ; [2.0698430905749601] ; [3.2306027794354808]
840 ; 37 ; 228 ; 4 ; [1.5244707691618955] ; [2.057590508263385]
840 ; 37 ; 228 ; 5 ; [6.4058150092968962] ; [1.9417666997203729]
840 ; 37 ; 228 ; 7 ; [0.050448343662892359] ; [1.1709036745273187]
840 ; 37 ; 228 ; 8 ; [1.540432463089876] ; [2.7099597851977979]
840 ; 37 ; 228 ; 15 ; [0.79077762156676867] ; [1.1131550645604813]
840 ; 37 ; 228 ; 17 ; [2.3302219909825053] ; [2.1044598497417506]
840 ; 37 ; 228 ; 19 ; [2.5188946939736994] ; [1.6632358958320523]
840 ; 37 ; 228 ; 22 ; [2.5040058683963617] ; [1.221473395190408]
840 ; 37 ; 229 ; 0 ; [0.15465678725838103, 0.076246602432763877, 0.061911746117369416, 0.054842302203950644, 0.0028296958353458074] ; [0.098677463460265943, 0.34051953323209211, 0.24135022575341389, 0.18283417960263096, 0.22948508876998153]
840 ; 37 ; 230 ; 0 ; [-0.0042091430291087764, 0.0021050873706082354, -0.010688293217824796] ; [0.18560180191898984, 0.16143004508887313, 0.12140617167102585]
840 ; 37 ; 231 ; 0 ; [0.6065792878220525] ; [1.2514793921866152]
840 ; 37 ; 231 ; 2 ; [1.3409420467302009] ; [0.90608165281368203]
840 ; 37 ; 231 ; 4 ; [2.8342486269184839] ; [0.016099836899918559]
840 ; 37 ; 231 ; 6 ; [3.1594881537990611] ; [2.1441293941889166]
840 ; 37 ; 232 ; 1 ; [1.3044224229794232] ; [0.78776811547659742]
840 ; 37 ; 232 ; 2 ; [0.5372893020284647] ; [2.7167223247386465]
840 ; 37 ; 232 ; 4 ; [1.6583621607008425] ; [1.0829865558516953]
840 ; 37 ; 232 ; 5 ; [1.12021721598377] ; [2.1057390075365801]
840 ; 37 ; 233 ; 0 ; [0.64936393958438188] ; [0.45501021756355503]
840 ; 37 ; 233 ; 1 ; [2.0517776441365316] ; [1.0454637049944944]
840 ; 37 ; 233 ; 2 ; [0.90545471723630222] ; [0.27167794921452909]
840 ; 37 ; 233 ; 3 ; [1.9717009376637429] ; [0.36993656193201491]
840 ; 37 ; 233 ; 5 ; [3.6765921751919146] ; [1.4588858634641604]
840 ; 37 ; 233 ; 6 ; [3.7108426746573167] ; [1.1450389360980979]
840 ; 37 ; 233 ; 9 ; [0.3106785750378] ; [1.0362798845489878]
840 ; 37 ; 233 ; 15 ; [1.0446663784675518] ; [1.2626836762181668]
840 ; 37 ; 233 ; 16 ; [1.4891852162778194] ; [0.80257448049999713]
840 ; 37 ; 233 ; 19 ; [2.0566533505813447] ; [1.4225756429253429]
840 ; 37 ; 233 ; 20 ; [1.4030037444692898] ; [1.5425927592732784]
840 ; 37 ; 233 ; 22 ; [4.9741213955041337] ; [1.6969099645539689]
840 ; 37 ; 233 ; 26 ; [2.0026481165004824] ; [3.1778361211886792]
840 ; 37 ; 233 ; 31 ; [2.9749734769015643] ; [3.2394208584049595]
840 ; 37 ; 233 ; 32 ; [2.2141642257711336] ; [1.7740791719229556]
840 ; 37 ; 233 ; 34 ; [3.3700953215159761] ; [3.9760601842851058]
840 ; 37 ; 233 ; 40 ; [3.6899178762448477] ; [2.3386772465604957]
840 ; 37 ; 233 ; 45 ; [1.1541768321666013] ; [2.636806392820878]
840 ; 37 ; 233 ; 48 ; [1.6876022185069732] ; [0.9227031306486565]
840 ; 37 ; 233 ; 55 ; [2.0709949507444869] ; [1.9760935471934025]
840 ; 37 ; 233 ; 56 ; [1.6812281993484735] ; [1.3722445029174133]
840 ; 37 ; 234 ; 0 ; [0.25891864972450945, 0.4000093680289491, 0.21267055898932444, 0.55870974442624588] ; [0.27505773587985843, 0.31625779383677616, 0.19758293859205026, 0.042011875567963902]
840 ; 37 ; 235 ; 1 ; [5.2134807880279173] ; [0.10795959663055806]
840 ; 37 ; 235 ; 8 ; [0.78011141172420417] ; [0.4713346330274657]
840 ; 37 ; 235 ; 19 ; [0.87874703896202178] ; [0.41089369791810348]
840 ; 37 ; 235 ; 20 ; [0.92621939651726715] ; [0.36141857755042861]
840 ; 37 ; 237 ; 0 ; [0.017546803010319814] ; [0.2115344676117136]
840 ; 37 ; 237 ; 1 ; [0.012831893922368413] ; [1.5885383743407198]
840 ; 37 ; 237 ; 5 ; [-0.0017281228952543957] ; [0.21028651230624376]
840 ; 37 ; 238 ; 0 ; [0.0041965375110733652, -0.00048379100131402871, 0.071266589250754048] ; [0.12708467437658935, 0.20253380617968617, 0.10666852638864589]
840 ; 37 ; 239 ; 0 ; [0.97151727808002941] ; [2.0335050246258537]
840 ; 37 ; 239 ; 1 ; [2.2061809746971117] ; [0.0073049929818647802]
840 ; 37 ; 239 ; 6 ; [1.3847764769136155] ; [1.4331198293373202]
840 ; 37 ; 239 ; 7 ; [1.9918380449615407] ; [1.7530037510869432]
840 ; 37 ; 239 ; 10 ; [2.5884440989247097] ; [1.7693106252732651]
840 ; 37 ; 239 ; 11 ; [2.2089887502287038] ; [3.6594235297469644]
840 ; 37 ; 239 ; 12 ; [1.0634062469131971] ; [1.6254373810579164]
840 ; 37 ; 239 ; 14 ; [2.3638024684281] ; [1.9396053480577409]
840 ; 37 ; 239 ; 20 ; [2.2380886987215884] ; [4.9799550960689656]
840 ; 37 ; 239 ; 24 ; [1.7880326795159804] ; [2.3967193768252733]
840 ; 37 ; 239 ; 25 ; [1.1553484668230152] ; [2.8836790262969747]
840 ; 37 ; 240 ; 0 ; [0.22070664178570235] ; [0.24916287882830288]
840 ; 37 ; 241 ; 0 ; [0.70118332156275642] ; [0.72454742902012337]
840 ; 37 ; 241 ; 1 ; [0.26669374438208121] ; [0.11297224639789261]
840 ; 37 ; 241 ; 2 ; [0.57934286325653628] ; [0.15114933215595608]
840 ; 37 ; 241 ; 5 ; [2.2672846936021833] ; [2.5459691917416429]
840 ; 37 ; 242 ; 0 ; [0.20282239695622667] ; [0.21069728767103749]
840 ; 37 ; 242 ; 1 ; [0.21979283614660494] ; [0.095601903071510189]
840 ; 37 ; 242 ; 6 ; [0.58597064875920712] ; [-0.0247336888066651]
840 ; 37 ; 243 ; 0 ; [0.8733211622385022] ; [0.36460438539451306]
840 ; 37 ; 243 ; 7 ; [0.1438317514883902] ; [-0.0062256279369614182]
840 ; 37 ; 243 ; 8 ; [0.36457650811011016] ; [0.2287181654605934]
840 ; 37 ; 244 ; 0 ; [0.030527563931792588] ; [0.04238638567836929]
840 ; 37 ; 245 ; 0 ; [0.39164462602369293] ; [0.36116423301978628]
840 ; 37 ; 246 ; 0 ; [0.11174353950032219] ; [0.16421276453090647]
840 ; 37 ; 246 ; 3 ; [0.70273023567321335, 0.2140901030506028, 0.36298792409397296, 0.17024743546948437] ; [0.59724263412786993, 0.20651896452480045, 0.21138112712023724, 0.20129827630448185]
840 ; 37 ; 247 ; 0 ; [0.061466180682447066, 0.098918026828285946, 0.051170381214029045] ; [0.17986679728767285, 0.25884761215668078, 0.18412705218362918]
840 ; 37 ; 247 ; 1 ; [0.0090696947406184118] ; [-0.003994020280211885]
840 ; 37 ; 248 ; 0 ; [0.25720830366502467] ; [0.26327828833411676]
840 ; 37 ; 248 ; 1 ; [1.048451203268562] ; [0.28868296877389388]
840 ; 37 ; 249 ; 0 ; [0.32261180362015701] ; [0.23894742193708771]
840 ; 37 ; 250 ; 0 ; [0.52862940698496563] ; [0.095496330796619761]
840 ; 37 ; 250 ; 1 ; [0.86771737817285044] ; [0.86031041609720094]
840 ; 37 ; 250 ; 3 ; [1.6569454094056886] ; [1.936672515238383]
840 ; 37 ; 250 ; 6 ; [1.5805371398029515] ; [2.1601598007878078]
840 ; 37 ; 250 ; 7 ; [0.432346869636415] ; [1.6471910423234621]
840 ; 37 ; 250 ; 8 ; [0.81754079801612822] ; [1.8686156060003749]
840 ; 37 ; 250 ; 9 ; [1.4079537394994013] ; [1.9080452428678074]
840 ; 37 ; 250 ; 14 ; [1.8067110720868091] ; [1.7384592474618787]
840 ; 37 ; 250 ; 15 ; [1.4905832080651527] ; [0.41755872445681907]
840 ; 37 ; 250 ; 17 ; [0.48769958449339829] ; [2.4514773797589267]
840 ; 37 ; 250 ; 22 ; [0.64767586963441237] ; [4.1800983745901288]
840 ; 37 ; 250 ; 25 ; [1.7229225265541863] ; [1.9360878625832401]
840 ; 37 ; 250 ; 36 ; [0.70514601195921289] ; [2.5398927955053745]
840 ; 37 ; 251 ; 0 ; [0.055386703546981601, 0.055006108387400297, 0.2588278812911925] ; [0.2204152531190133, 0.22452915021485242, 0.054924755118495788]
840 ; 37 ; 251 ; 1 ; [0.39167525836689931] ; [0.032186795938237027]
840 ; 37 ; 252 ; 0 ; [0.0081300297154200847, 0.15649822662248342] ; [0.88968448580454207, 0.40842879955025019]
840 ; 37 ; 252 ; 1 ; [0.20642037566029253] ; [0.1320762660280613]
840 ; 37 ; 252 ; 2 ; [0.9081635111667643] ; [0.035209059141083417]
840 ; 37 ; 252 ; 3 ; [1.0382941587137617] ; [0.48329783023083717]
840 ; 37 ; 252 ; 8 ; [0.88241828955585588] ; [0.039505849307868268]
840 ; 37 ; 253 ; 0 ; [0.016248658906771209, -0.0048257830484314274, 0.0019074747538109778, -0.0091615697413843684] ; [0.18317647888236205, 0.15395294297926768, 0.19622358867873135, 0.15212482989658543]
840 ; 37 ; 253 ; 1 ; [0.86387767053621345] ; [0.056930758417251127]
840 ; 37 ; 254 ; 0 ; [0.075219784237270187, 0.076366481369480516] ; [0.15438457372375952, 0.023036572690228067]
840 ; 37 ; 255 ; 3 ; [4.6691968189988353] ; [3.2438352203339891]
840 ; 37 ; 255 ; 5 ; [0.23146216289289134] ; [3.5646962630343797]
840 ; 37 ; 255 ; 6 ; [3.3288796596133814] ; [3.5599528885599838]
840 ; 37 ; 256 ; 0 ; [0.22646407375343652, -0.016694428937019379, 0.0063437824561569361, 0.029709878416794608] ; [0.68983070220755993, 0.18077821065776684, 0.18513089424626328, 0.16687174189935686]
840 ; 37 ; 257 ; 0 ; [0.11131613641081241] ; [0.078195324850105302]
840 ; 37 ; 257 ; 7 ; [0.66849496785831086] ; [0.39689112409526339]
840 ; 37 ; 257 ; 9 ; [0.13218594600126504] ; [0.2168799182190195]
840 ; 37 ; 258 ; 0 ; [3.5663543865459437] ; [0.56578281471024361]
840 ; 37 ; 258 ; 1 ; [3.3030880731850449] ; [0.11147403460397741]
840 ; 37 ; 258 ; 4 ; [1.5550986513697482] ; [1.142772628429165]
840 ; 37 ; 259 ; 0 ; [0.054297838793896283, 0.062652357608451364] ; [0.036871046542741523, 0.003577248393271581]
840 ; 37 ; 260 ; 0 ; [0.81658446213992442] ; [1.1620471631739651]
840 ; 37 ; 260 ; 1 ; [1.7153157973716096] ; [1.606252048333241]
840 ; 37 ; 260 ; 7 ; [2.0367847460244271] ; [1.6756613329501504]
840 ; 37 ; 260 ; 10 ; [0.91987180039306227] ; [0.73553759934937402]
840 ; 37 ; 261 ; 0 ; [0.30850256980916962] ; [1.4861416633737961]
840 ; 37 ; 261 ; 1 ; [0.70202506383694963] ; [0.49913756243819291]
840 ; 37 ; 261 ; 2 ; [0.56730891680079176] ; [0.89032523943011521]
840 ; 37 ; 261 ; 3 ; [0.63845130187110022] ; [4.4293637549434921]
840 ; 37 ; 261 ; 5 ; [0.90727815995889805] ; [0.38927639984586032]
840 ; 37 ; 261 ; 8 ; [0.30035086775001646] ; [0.23458552842099584]
840 ; 37 ; 262 ; 0 ; [0.13973783811387414, 0.49825658094491915] ; [0.17996585137228321, 0.20339971472178281]
840 ; 37 ; 263 ; 5 ; [4.9054054538843328] ; [2.4300177890389842]
840 ; 37 ; 263 ; 10 ; [0.42748532800926126] ; [1.1291830161567524]
840 ; 37 ; 264 ; 0 ; [0.93270440178078351, 0.89298574116486085] ; [1.1179445960042418, 0.64426923862655494]
840 ; 37 ; 264 ; 1 ; [0.6048779908903964] ; [1.3279226938347855]
840 ; 37 ; 264 ; 3 ; [0.0071697717476857364] ; [0.099118171784844264]
840 ; 37 ; 265 ; 0 ; [-0.0010605958761082377] ; [0.28005840869540194]
840 ; 37 ; 265 ; 1 ; [0.035541330810325462] ; [0.046253691636515167]
840 ; 37 ; 265 ; 2 ; [0.0039427323262002968] ; [0.10328280739092462]
840 ; 37 ; 266 ; 0 ; [0.19728374846868862, 0.10023353809692652, 0.45350639242737406] ; [0.22504052347012546, 0.20295429456247405, 0.14151560399903085]
840 ; 37 ; 267 ; 0 ; [0.19417622067262102, 0.33645762600408657, 0.18831931669541724, 0.53204706286500669] ; [0.20689587059743939, 0.17291083547179037, 0.14548980910681894, 0.099800835229787652]
840 ; 37 ; 268 ; 0 ; [0.18802886435661972] ; [0.39909836703475593]
840 ; 37 ; 268 ; 1 ; [1.2993656745029218] ; [0.057345353401978459]
840 ; 37 ; 268 ; 2 ; [0.23779892691282314] ; [1.4903801746779923]
840 ; 37 ; 268 ; 3 ; [1.4707126262228511] ; [1.1258447269506684]
840 ; 37 ; 268 ; 4 ; [2.1137666111302371] ; [0.90099778722711754]
840 ; 37 ; 268 ; 6 ; [1.444653861229225] ; [0.34648286679022738]
840 ; 37 ; 268 ; 8 ; [2.4081437626360676] ; [4.2548878489408821]
840 ; 37 ; 269 ; 0 ; [0.27808359410323219, -0.00029839674820481769] ; [0.50344301100934163, 0.180073480813639]
840 ; 37 ; 269 ; 1 ; [1.7834407593740991] ; [0.23040955310608852]
840 ; 37 ; 269 ; 2 ; [0.092576308003039606] ; [0.32873129306302645]
840 ; 37 ; 270 ; 0 ; [0.13128457284828329, 0.035655775118526481, 0.051485405347110665, 0.017768318556717538, 0.016758016038079616] ; [0.16145041174010569, 0.12985269222800563, 0.2265236351487013, 0.16430293147008099, 0.024630524173645196]
840 ; 37 ; 271 ; 0 ; [0.57983483290068027] ; [0.31281266901092042]
840 ; 37 ; 272 ; 0 ; [3.2016026523278551] ; [0.081709103190187704]
840 ; 37 ; 272 ; 1 ; [2.4919486999328799] ; [0.5777896988426181]
840 ; 37 ; 272 ; 3 ; [1.6569374209362253] ; [1.7978118291563829]
840 ; 37 ; 272 ; 4 ; [1.9328583403976096] ; [2.7154648401106658]
840 ; 37 ; 272 ; 8 ; [2.1028077158841896] ; [2.8357854717971804]
840 ; 37 ; 272 ; 11 ; [0.73352855270086914] ; [1.6351462954135167]
840 ; 37 ; 272 ; 12 ; [2.1536743894312322] ; [3.6814249325762995]
840 ; 37 ; 272 ; 16 ; [4.070557088795594] ; [1.8995875380351481]
840 ; 37 ; 272 ; 17 ; [2.2394958700525538] ; [0.93536697254353296]
840 ; 37 ; 272 ; 18 ; [3.6342519969153644] ; [1.4324942567275085]
840 ; 37 ; 272 ; 19 ; [1.904537816274019] ; [2.677336990675895]
840 ; 37 ; 272 ; 20 ; [1.9710574983550386] ; [4.2383675510350276]
840 ; 37 ; 272 ; 24 ; [2.6949656161223738] ; [1.6673602237785048]
840 ; 37 ; 272 ; 25 ; [1.7551400440840217] ; [1.8376456473803442]
840 ; 37 ; 272 ; 27 ; [1.4166922692839561] ; [1.5925292243978399]
840 ; 37 ; 272 ; 28 ; [2.6630751925885066] ; [1.6248343589862386]
840 ; 37 ; 272 ; 30 ; [1.8003796440180249] ; [0.9642847331404627]
840 ; 37 ; 272 ; 34 ; [1.1624258024968166] ; [4.0348602594933771]
840 ; 37 ; 272 ; 35 ; [1.7027904758887622] ; [2.1077190654313842]
840 ; 37 ; 272 ; 38 ; [1.7470373918229247] ; [2.4326077468992215]
840 ; 37 ; 272 ; 39 ; [2.4511769000901085] ; [2.158744544041733]
840 ; 37 ; 273 ; 0 ; [0.63797921441297289] ; [0.35512324975187448]
840 ; 37 ; 274 ; 0 ; [0.12488087121018329, 0.17057179034023062, 0.27939630120185793, 0.23053559495682185, 0.47180804587910302] ; [0.18550358084497393, 0.32448384504373784, 0.18710591103161905, 0.1712537105339284, 0.12787771604499512]
840 ; 37 ; 274 ; 1 ; [0.35108916021749303] ; [0.12739081682681466]
840 ; 37 ; 274 ; 2 ; [0.50429378357499566] ; [0.25088549562255935]
840 ; 37 ; 276 ; 2 ; [0.070302596530901623] ; [0.14469620784823109]
840 ; 37 ; 276 ; 3 ; [0.21960566787065053] ; [0.03906351850260581]
840 ; 37 ; 277 ; 0 ; [0.067668946899252264, 0.13059681364466733, 0.06005552472347437, 0.098972923057975892] ; [0.16180754481578985, 0.15442783237833521, 0.17364059238846566, 0.11371900692378793]
840 ; 37 ; 278 ; 2 ; [0.054738674892577735] ; [1.6012054419524617]
840 ; 37 ; 278 ; 5 ; [1.4449943654714055] ; [1.6911644154981134]
840 ; 37 ; 278 ; 6 ; [0.24496539991573343] ; [1.0840249462306049]
840 ; 37 ; 279 ; 0 ; [0.15477352256743113, -0.008950357582895278, -0.064895702410584816] ; [0.71239943281479279, 0.77225200009620376, 0.10662908065003308]
840 ; 37 ; 279 ; 2 ; [1.0797086646122838] ; [0.7891979799636456]
840 ; 37 ; 280 ; 0 ; [0.091958561744303516, 0.11335645776743389, 0.1124666814575076, 0.051325717497442226] ; [0.15939597144917753, 0.19167464826126868, 0.21046981988579683, 0.10355900512098502]
840 ; 37 ; 281 ; 0 ; [0.19731680229680726, 0.13143714470711007, 0.13797275784518645] ; [0.22133971827472348, 0.13728694997574881, 0.14347661728221081]
840 ; 37 ; 282 ; 0 ; [0.041681968113600761, 0.087133731150905391] ; [0.70044500328870052, 0.29970433226542526]
840 ; 37 ; 283 ; 0 ; [0.26939763790169663] ; [0.084102193582279647]
840 ; 37 ; 283 ; 1 ; [0.47364532999413655] ; [0.22916696632442496]
840 ; 37 ; 283 ; 2 ; [0.40685638201701979] ; [0.83809086342799888]
840 ; 37 ; 283 ; 6 ; [1.5023331250675105] ; [0.27870788936354629]
840 ; 37 ; 283 ; 7 ; [0.78337840498855738] ; [0.35393908983613476]
840 ; 37 ; 283 ; 10 ; [0.6347135412433349] ; [0.071541492619460995]
840 ; 37 ; 283 ; 37 ; [0.59642219649413108] ; [0.69714998453682342]
840 ; 37 ; 283 ; 53 ; [0.94088791776093528] ; [0.85646362079507066]
840 ; 37 ; 284 ; 6 ; [2.2950898644501971] ; [0.98780559369541265]
840 ; 37 ; 284 ; 7 ; [0.73804691248159027] ; [0.77169232419111766]
840 ; 37 ; 285 ; 0 ; [0.46214972312399721] ; [0.63490409508155277]
840 ; 37 ; 285 ; 1 ; [0.18028571571479646] ; [0.84343286226196268]
840 ; 37 ; 285 ; 2 ; [0.23657501117748747] ; [0.59184514503739816]
840 ; 37 ; 285 ; 3 ; [0.77850002054038014] ; [0.55276926822770611]
840 ; 37 ; 285 ; 6 ; [0.17275366228422701] ; [-0.038239899235373187]
840 ; 37 ; 285 ; 8 ; [0.76898567011952534] ; [0.48125989995234203]
840 ; 37 ; 285 ; 14 ; [1.1493052186305222] ; [1.836688792177297]
840 ; 37 ; 286 ; 0 ; [0.82843569113136706, 0.33712246351803371] ; [0.5742461026291682, 0.35256164518827837]
840 ; 37 ; 286 ; 1 ; [0.17096618843250153] ; [0.027642724451505056]
840 ; 37 ; 286 ; 2 ; [0.0868521183176761] ; [0.89753858799092534]
840 ; 37 ; 286 ; 3 ; [5.5166168979559931] ; [2.3476748374492762]
840 ; 37 ; 287 ; 0 ; [0.0073877659508223229] ; [0.36769178924765505]
840 ; 37 ; 287 ; 1 ; [2.6256152190902009] ; [1.87097678347383]
840 ; 37 ; 287 ; 2 ; [-0.0024114736022328911] ; [1.2648173951105022]
840 ; 37 ; 287 ; 3 ; [0.0091076398445615707] ; [1.5232097265365685]
840 ; 37 ; 288 ; 0 ; [0.02207367567294841] ; [0.36808133316033964]
840 ; 37 ; 288 ; 1 ; [0.42881060874915078] ; [1.0400064574086707]
840 ; 37 ; 289 ; 0 ; [0.024115188942774847, -0.0061462608851702493, -0.0067674712166537155, 0.05324873114747633] ; [0.20784986970462752, 0.18484217388813751, 0.17989138388127968, 0.18897648137127737]
840 ; 37 ; 290 ; 0 ; [0.29553015176510683] ; [0.65896514377924853]
840 ; 37 ; 290 ; 1 ; [0.47541352164122891] ; [0.67751143168005623]
840 ; 37 ; 290 ; 8 ; [0.50209229244673226] ; [0.32687140538541781]
840 ; 37 ; 290 ; 12 ; [0.088118528260280299] ; [1.0716241046253829]
840 ; 37 ; 291 ; 0 ; [0.0080051260472513569, 0.13097959282302879, 0.018063902233151852, 0.0068703587167886042] ; [0.21971376744775456, 0.28552334112768107, 0.19725837306835139, 0.21977376117226061]
840 ; 37 ; 291 ; 1 ; [0.12588618362473081] ; [0.18292487463784712]
840 ; 37 ; 291 ; 2 ; [0.96158885769902658] ; [0.0091594320755564746]
840 ; 37 ; 292 ; 9 ; [0.57883292774888429] ; [1.2356051128124699]
840 ; 37 ; 292 ; 11 ; [2.743349488527425] ; [1.3483032487856323]
840 ; 37 ; 292 ; 14 ; [3.6303240038454345] ; [0.63265051155216956]
840 ; 37 ; 292 ; 16 ; [0.89076954636653227] ; [1.5058174817962875]
840 ; 37 ; 292 ; 20 ; [4.3677124815528892] ; [0.94058501095063674]
840 ; 37 ; 292 ; 31 ; [0.096309029762207954] ; [1.1163774523785546]
840 ; 37 ; 294 ; 0 ; [0.20610908012463372, 0.1959270443416514, 0.23161281700703634] ; [0.32001843890157955, 0.12554441140334663, 0.189194075136353]
840 ; 37 ; 294 ; 1 ; [0.1658215757663698, 0.3279411767809029] ; [0.20647808835125114, 0.43379763272585559]
840 ; 37 ; 294 ; 2 ; [0.51697275617177307] ; [1.1836518162756822]
840 ; 37 ; 294 ; 3 ; [0.40152761654973562] ; [0.089952897145929606]
840 ; 37 ; 294 ; 5 ; [0.52502281696454001] ; [0.23852120224870471]
840 ; 37 ; 295 ; 0 ; [0.04489822606398295, 0.03280032494313375] ; [0.17324482279853626, 0.089831646728512016]
840 ; 37 ; 296 ; 0 ; [0.23013766632711036] ; [0.0013198932585176948]
840 ; 37 ; 296 ; 1 ; [2.5978943982090259] ; [1.7669584480935487]
840 ; 37 ; 296 ; 2 ; [0.73153721919708203] ; [0.84110742510280223]
840 ; 37 ; 296 ; 3 ; [0.90803822725167127] ; [0.89516799017840465]
840 ; 37 ; 296 ; 5 ; [0.45302808624823343] ; [0.08027678573192662]
840 ; 37 ; 296 ; 6 ; [1.0899940251438593] ; [1.431117186668774]
840 ; 37 ; 296 ; 8 ; [0.50604320231745847] ; [0.65935302920749916]
840 ; 37 ; 296 ; 10 ; [1.6562703179690277] ; [0.99546767849818707]
840 ; 37 ; 296 ; 12 ; [0.81665382731440561] ; [0.82579773861371741]
840 ; 37 ; 296 ; 15 ; [0.034406405351831718] ; [1.9189054460869928]
840 ; 37 ; 296 ; 16 ; [0.74128654505440794] ; [-0.033900691784402422]
840 ; 37 ; 297 ; 0 ; [0.079907051582265298, 0.078470733819703681, 0.51935338837921352] ; [0.14155524712422093, 0.13784168413822162, 0.12801550415362767]
840 ; 37 ; 297 ; 1 ; [0.32938047360759637, 0.18018173334649296] ; [0.25044474471484313, 0.17937891075372162]
840 ; 37 ; 298 ; 0 ; [0.21625650726864659] ; [0.25407319760740743]
840 ; 37 ; 299 ; 0 ; [0.23219967814517653, 0.033294903160899447] ; [0.28105112257335735, 0.17802201206928547]
840 ; 37 ; 299 ; 1 ; [0.75241908210436603] ; [0.6572045066617036]
840 ; 37 ; 299 ; 12 ; [0.70236233649041124] ; [0.84458442302289638]
840 ; 37 ; 300 ; 0 ; [0.10148305010381048, 0.04406283904228276, 0.16449100164291588, 0.25217615938557203, 0.054664018922844518] ; [0.13264805382635519, 0.16007511891946172, 0.16232232357890805, 0.29767696798624815, 0.36263021035392312]
840 ; 37 ; 300 ; 1 ; [0.092407253902213618] ; [0.091881112646760008]
840 ; 37 ; 301 ; 0 ; [0.17648146330180106] ; [-0.028169380508997748]
840 ; 37 ; 302 ; 0 ; [2.7682224288251871] ; [0.87773979518248535]
840 ; 37 ; 302 ; 3 ; [2.0567300893972957] ; [1.2321525506450182]
840 ; 37 ; 302 ; 6 ; [2.2647473362882606] ; [3.3281313441448308]
840 ; 37 ; 303 ; 0 ; [1.2808641024305798] ; [0.99453515426761774]
840 ; 37 ; 303 ; 2 ; [1.0232563354506801] ; [1.7516078624650884]
840 ; 37 ; 303 ; 3 ; [1.8917513870901292] ; [1.9230209070114996]
840 ; 37 ; 303 ; 13 ; [1.8765544478627925] ; [2.0315146696450799]
840 ; 37 ; 303 ; 14 ; [0.40671365905729334] ; [1.3577298606335702]
840 ; 37 ; 303 ; 16 ; [3.0883881174710157] ; [1.8620214523235057]
840 ; 37 ; 304 ; 0 ; [0.62675668840957377] ; [0.71805712985687142]
840 ; 37 ; 304 ; 1 ; [1.8769842607111125] ; [0.48378235746428511]
840 ; 37 ; 304 ; 7 ; [1.1962251137567772] ; [0.86440251207272023]
840 ; 37 ; 305 ; 0 ; [0.86419964354113388] ; [1.6286622832252315]
840 ; 37 ; 305 ; 3 ; [2.1680585890023907] ; [0.70971716781716254]
840 ; 37 ; 305 ; 4 ; [0.26682984757801775] ; [1.2509253496297748]
840 ; 37 ; 305 ; 8 ; [0.54078858822380405] ; [0.44161524676185576]
840 ; 37 ; 307 ; 0 ; [0.022895925053239372, 0.042425459137530284, 0.10565510191374465, 0.075866632678317225, 0.023586940494255488] ; [0.24551438504155798, 0.17525330833159811, 0.26042110261409557, 0.18534735479428266, 0.22368580208644892]
840 ; 37 ; 309 ; 0 ; [0.03183632269184726, 0.064026193730639377] ; [0.67103011120277245, 0.39409844924120513]
840 ; 37 ; 309 ; 2 ; [0.94660264582504816] ; [1.880449970336264]
840 ; 37 ; 310 ; 0 ; [0.050146893104598009] ; [0.132817377927099]
840 ; 37 ; 310 ; 1 ; [0.059564039354249997] ; [0.087615735925323512]
840 ; 37 ; 311 ; 0 ; [0.046011940675116783, 0.081541931558733335, 0.058465771779496689, -0.012371506359474678] ; [0.12834006522087668, 0.26457874459420516, 0.20101978115428215, 0.041245455725899126]
840 ; 37 ; 311 ; 1 ; [0.017897356758438614] ; [0.14013372240133373]
840 ; 37 ; 312 ; 0 ; [0.36375042555102199] ; [0.28142973710024555]
840 ; 37 ; 312 ; 1 ; [0.41515400441008515] ; [0.61403970537587804]
840 ; 37 ; 312 ; 3 ; [0.18122716706138828] ; [0.26419765537758105]
840 ; 37 ; 313 ; 0 ; [0.014708855950327218, 0.042999172338347172, 0.16246666720679603, 0.18282247131310828, 0.14681184433158495] ; [0.16782098249829219, 0.15848174030532605, 0.29989460597608453, 0.23640625152412206, 0.078643102122405148]
840 ; 37 ; 314 ; 0 ; [-0.010921711586990245] ; [0.15500584620334723]
840 ; 37 ; 315 ; 1 ; [0.14346026100009052] ; [-0.016423847673669615]
840 ; 37 ; 315 ; 3 ; [0.99716182825267474] ; [-0.021267717933688271]
840 ; 37 ; 315 ; 4 ; [0.094674487517681941] ; [0.27709439571949934]
840 ; 37 ; 315 ; 6 ; [0.33359777922173539, 0.41928804221073401] ; [0.36297385565234264, 0.2055523644211027]
840 ; 37 ; 316 ; 0 ; [1.7378569530159433] ; [0.35797658726676806]
840 ; 37 ; 317 ; 0 ; [0.16669322936966718, 0.0015946147677936143] ; [0.61036699883812051, 0.1298132035716332]
840 ; 37 ; 318 ; 0 ; [0.27619470203513002, 0.18304093496607132, 0.1652713500595126, 0.23981015773214207, 0.20245176832577053] ; [0.2563129887902364, 0.17581442241520265, 0.11859945966852552, 0.23350367641631681, 0.36982128119092245]
840 ; 37 ; 319 ; 1 ; [0.33613914103544257] ; [0.034167628256371783]
840 ; 37 ; 319 ; 2 ; [0.44381087522612789] ; [0.012712781656338256]
840 ; 37 ; 319 ; 10 ; [0.24682816545623418] ; [1.0330142113803871]
840 ; 37 ; 320 ; 0 ; [0.31296828950368638, 0.014740821463224437, 0.095351139938580368] ; [0.41120378740832758, 0.21207172454442966, 0.038027919368369786]
840 ; 37 ; 320 ; 1 ; [0.17581304255867899, -0.0084675971032744466, -0.026409446576498529] ; [0.24063818395389852, 1.2296422039210517, 0.49407065380380283]
840 ; 37 ; 320 ; 2 ; [0.33794610400534181] ; [0.15716255613188174]
840 ; 37 ; 320 ; 3 ; [0.0047530655525742978] ; [0.064152210048283254]
840 ; 37 ; 321 ; 0 ; [0.28851727160222834] ; [0.19495579062263696]
840 ; 37 ; 321 ; 2 ; [1.0093956019322001] ; [0.20285810772120816]
840 ; 37 ; 322 ; 0 ; [1.0968806501087727] ; [0.57094884105196764]
840 ; 37 ; 322 ; 2 ; [1.4437212293209183] ; [2.3752742191476979]
840 ; 37 ; 322 ; 3 ; [1.1679196729665304] ; [1.3746508138162883]
840 ; 37 ; 323 ; 1 ; [-0.0090141523928438765] ; [0.54026663436373457]
840 ; 37 ; 323 ; 2 ; [0.31435218534570658] ; [0.97190002458320068]
840 ; 37 ; 323 ; 9 ; [1.4280485853795439] ; [0.57393751620644951]
840 ; 37 ; 324 ; 0 ; [0.25689039397169128] ; [1.3477939907722689]
840 ; 37 ; 324 ; 5 ; [0.48388790367589407] ; [0.10478001524158574]
840 ; 37 ; 324 ; 8 ; [0.41134265695743333] ; [1.3714190137581816]
840 ; 37 ; 324 ; 11 ; [0.96184167086793027] ; [0.5971460557664553]
840 ; 37 ; 325 ; 0 ; [0.24604248960499273, 0.24334039906708793, 0.42792349715397648] ; [0.16969545188284438, 0.22480014401421608, 0.15825687639491795]
840 ; 37 ; 326 ; 0 ; [0.098878889726494223, 0.16346612277862207, 0.027952244196219701] ; [0.075649306695284663, 0.2388930700548702, 0.140086458675516]
840 ; 37 ; 327 ; 0 ; [1.3672916839676141] ; [0.74958425743673385]
840 ; 37 ; 327 ; 1 ; [0.43247503683574801] ; [0.98116277765268167]
840 ; 37 ; 327 ; 20 ; [0.46272458726255733] ; [0.51901000681742981]
840 ; 37 ; 328 ; 5 ; [0.58754512585855523] ; [1.7732715080917576]
840 ; 37 ; 328 ; 7 ; [1.9405898122853613] ; [2.1682544160207531]
840 ; 37 ; 328 ; 9 ; [1.3502871990803849] ; [1.1549118057144214]
840 ; 37 ; 329 ; 0 ; [0.11677760286134976, 0.20633350952222698] ; [0.10411635784527076, 0.082940082023690881]
840 ; 37 ; 330 ; 0 ; [0.10846757096561095, 0.11965577103345373, 0.094301487417297727] ; [0.28662033723527652, 0.15319943508054545, 0.10858495841343661]
840 ; 37 ; 331 ; 0 ; [0.88358593993636869] ; [0.421288273025134]
840 ; 37 ; 331 ; 1 ; [1.7892937411633563] ; [0.067611580771152605]
840 ; 37 ; 331 ; 2 ; [4.256799610470746] ; [0.61420537316077006]
840 ; 37 ; 331 ; 3 ; [0.59271976483361666] ; [0.13018027699938484]
840 ; 37 ; 331 ; 7 ; [2.3552259587047737] ; [1.2729338303533271]
840 ; 37 ; 331 ; 8 ; [0.46104126701813919] ; [0.11809514971876238]
840 ; 37 ; 331 ; 12 ; [1.2092763981759602] ; [4.9882119120285768]
840 ; 37 ; 331 ; 13 ; [1.5199845976242017] ; [5.9077013305411441]
840 ; 37 ; 331 ; 20 ; [0.42743018950402517] ; [0.42295814956534833]
840 ; 37 ; 331 ; 21 ; [0.75372953293487654] ; [0.99230005093397922]
840 ; 37 ; 332 ; 0 ; [-0.0015645713311711036, 0.48079897035736652] ; [0.21530385840142022, 0.21756034363443272]
840 ; 37 ; 333 ; 0 ; [0.62827067702991757, 0.28575404799292503] ; [0.73865412283309906, 0.47442600114663291]
840 ; 37 ; 334 ; 0 ; [0.0057482898961177383] ; [0.3209546224158269]