# Run ; Subrun ; Event ; Track ; Charge Ratios View 0 ; Charge Ratios View 1 #
840 ; 28 ; 0 ; 0 ; [0.083294809674562639] ; [0.07737934250681465]
840 ; 28 ; 1 ; 0 ; [0.099953262538224064] ; [-0.0035723675975437908]
840 ; 28 ; 2 ; 0 ; [0.78231869790818631] ; [0.78692506490440162]
840 ; 28 ; 3 ; 1 ; [0.868140574273503] ; [0.74565715309628156]
840 ; 28 ; 3 ; 13 ; [0.0049289769943490032] ; [0.31623398927442992]
840 ; 28 ; 4 ; 0 ; [0.043105568822908155] ; [0.10515686112881942]
840 ; 28 ; 4 ; 1 ; [0.021475142743564914] ; [-0.087517375619770826]
840 ; 28 ; 4 ; 2 ; [1.3981214918513474] ; [0.89522896381575101]
840 ; 28 ; 4 ; 3 ; [1.9313840060675931] ; [0.61504996594408679]
840 ; 28 ; 4 ; 8 ; [1.1547421484488194] ; [-0.074579361176466671]
840 ; 28 ; 4 ; 9 ; [2.16040119881953] ; [4.5697866297883847]
840 ; 28 ; 5 ; 0 ; [0.28613409408295387, 0.23729853618744426, 0.27438683787949841, 0.38983062459555806] ; [0.21038148721479399, 0.15872028120422674, 0.10751806448697911, 0.40933371003098468]
840 ; 28 ; 5 ; 1 ; [1.1460973845186233] ; [0.98981307769447102]
840 ; 28 ; 6 ; 0 ; [0.89376109939496395] ; [0.81459051895618084]
840 ; 28 ; 6 ; 9 ; [1.8333798320974182] ; [1.1425134934945407]
840 ; 28 ; 8 ; 0 ; [0.014280703216312212, 0.0070023115201433561, -0.011533972575317139, 0.017357882954301674] ; [0.18640700138140229, 0.15615124585308174, 0.16370033566566039, 0.11198484425248868]
840 ; 28 ; 9 ; 0 ; [0.33852382947654086, 0.12165591960469592] ; [0.17742969939378941, 0.329992764684722]
840 ; 28 ; 9 ; 1 ; [0.057374643241084246] ; [0.3414900558958579]
840 ; 28 ; 9 ; 2 ; [0.079296780628691513, 0.35500527538177234] ; [0.68478610924223127, 0.1257228162897463]
840 ; 28 ; 10 ; 0 ; [0.054599122079882552, 0.10497914149613161] ; [0.12877884430946027, 0.13971274094959285]
840 ; 28 ; 10 ; 1 ; [0.021186858756868487] ; [0.045319864942970058]
840 ; 28 ; 11 ; 0 ; [0.0090160374612819495, 0.00072038035809524103, 0.022137061279798042] ; [0.20274650383901041, 0.16503903029300643, 0.14757373405762783]
840 ; 28 ; 11 ; 1 ; [0.31232143192074935] ; [0.051582317922327793]
840 ; 28 ; 11 ; 2 ; [0.074187993328361901] ; [0.20922536520004356]
840 ; 28 ; 12 ; 0 ; [0.0078761355035479857] ; [0.10854503826235179]
840 ; 28 ; 13 ; 0 ; [0.78863791542870598, 0.30193408128209021] ; [0.13583424826387558, 0.047699381372508766]
840 ; 28 ; 13 ; 1 ; [0.67441135978742905] ; [0.19680708006653699]
840 ; 28 ; 13 ; 2 ; [0.35352644907681346, 0.14101574370104142] ; [0.84787183160352786, 0.04448682644098495]
840 ; 28 ; 14 ; 0 ; [1.0551702773730018] ; [0.44373983975869918]
840 ; 28 ; 14 ; 5 ; [3.3535060752625352] ; [0.57682740001947752]
840 ; 28 ; 14 ; 7 ; [3.232401203174283] ; [1.6868835223270384]
840 ; 28 ; 15 ; 2 ; [0.0069833438130306328] ; [0.41290693802878464]
840 ; 28 ; 15 ; 11 ; [0.0022684840891622209] ; [0.98391537347945568]
840 ; 28 ; 16 ; 0 ; [0.21446752236323363, 0.19122598737126309] ; [0.0020045679941672859, -0.006926784368980682]
840 ; 28 ; 17 ; 1 ; [0.38220330534990715] ; [0.32033032118938859]
840 ; 28 ; 18 ; 0 ; [0.29406616906744226, 0.18505095073941466, 0.060664848381266803, 0.015621965276985674, -0.017763868583269775] ; [0.17378191189902481, 0.3244887932247551, 0.18111260042794305, 0.27831961386894888, 0.18489847714170657]
840 ; 28 ; 19 ; 0 ; [0.072120834554053909, 0.094519255424490842, 0.10015180862783248, 0.05866689725082707] ; [0.22459280633246442, 0.16856435135019945, 0.21496910371441588, 0.08218121818424011]
840 ; 28 ; 22 ; 0 ; [0.053328819541173848] ; [0.0086826197167308924]
840 ; 28 ; 22 ; 1 ; [1.5564342512759841] ; [0.99085191939261896]
840 ; 28 ; 22 ; 2 ; [1.1794193860954412] ; [2.1193763692884251]
840 ; 28 ; 23 ; 0 ; [0.2623480145875024, 0.43026923012642881] ; [0.040659695520746296, 0.10797329983394739]
840 ; 28 ; 23 ; 1 ; [0.20494004079562106] ; [0.058911174088660354]
840 ; 28 ; 24 ; 0 ; [1.4717971454052645] ; [0.23663822605674351]
840 ; 28 ; 24 ; 8 ; [0.36050197268730511] ; [2.7275794324916895]
840 ; 28 ; 24 ; 9 ; [0.064835479737934618] ; [1.8613537569309793]
840 ; 28 ; 25 ; 0 ; [0.43781303111532682, 0.59040763774067706] ; [1.2579053870219143, 0.25808712158955105]
840 ; 28 ; 25 ; 2 ; [0.56674598727991343] ; [0.95544281691965272]
840 ; 28 ; 25 ; 3 ; [0.17050116648321154] ; [0.071085981504004331]
840 ; 28 ; 25 ; 11 ; [0.71412702503874992] ; [0.058530485961356626]
840 ; 28 ; 25 ; 15 ; [1.0609990384090391] ; [1.5090903521992682]
840 ; 28 ; 25 ; 16 ; [0.2729762503803666] ; [1.2162969921564692]
840 ; 28 ; 26 ; 0 ; [0.33520460454128981] ; [0.58131909454995778]
840 ; 28 ; 26 ; 1 ; [0.19951547553579607] ; [1.664536686750467]
840 ; 28 ; 26 ; 2 ; [0.064950212701159984] ; [0.14750627015881967]
840 ; 28 ; 26 ; 5 ; [0.74880474195903035] ; [0.33138060907744882]
840 ; 28 ; 27 ; 0 ; [1.2723426034763876] ; [2.5476450886933835]
840 ; 28 ; 27 ; 1 ; [1.0893189308611495] ; [1.4697389563846994]
840 ; 28 ; 27 ; 7 ; [1.7485949956271216] ; [1.9358672763933757]
840 ; 28 ; 27 ; 12 ; [0.25805372596981602] ; [0.74501698699543206]
840 ; 28 ; 27 ; 13 ; [0.60127131269592393] ; [1.3877164504733739]
840 ; 28 ; 27 ; 14 ; [0.57755677425716334] ; [1.8287095290308915]
840 ; 28 ; 28 ; 0 ; [-0.0040172426843291375, 0.012217327589537898, 0.1540057666490566, 0.2144692749033377] ; [0.35165691223434581, 0.16853068554937378, 0.52349833847509053, 0.25847308287074189]
840 ; 28 ; 29 ; 0 ; [0.24013548466271961, 0.025342775264348374, 0.10594969358566089] ; [0.70195109729253402, 0.23273635826660855, 0.22764739455299071]
840 ; 28 ; 29 ; 6 ; [0.14656714612309804] ; [0.48428216159400789]
840 ; 28 ; 30 ; 1 ; [1.3033111403611601] ; [0.44365339408877957]
840 ; 28 ; 30 ; 6 ; [1.8368166345918455] ; [0.43109008334289473]
840 ; 28 ; 30 ; 9 ; [1.0532366143115903] ; [0.49402555389136793]
840 ; 28 ; 31 ; 0 ; [0.025618478125351313, 0.028324204144868137, 0.023892272084838961] ; [0.35468886472846012, 0.13012662793381877, 0.066831412235971263]
840 ; 28 ; 31 ; 1 ; [0.14637036233807918] ; [0.21426738877187609]
840 ; 28 ; 32 ; 0 ; [0.35631542621919915] ; [0.40875951180635889]
840 ; 28 ; 32 ; 1 ; [0.38926950039195118] ; [0.12810721439683895]
840 ; 28 ; 32 ; 5 ; [0.067539507995626968] ; [0.43756805860367615]
840 ; 28 ; 32 ; 11 ; [1.3148846743322256] ; [0.42775843243562839]
840 ; 28 ; 32 ; 12 ; [1.3368257886370507] ; [0.64885746782267695]
840 ; 28 ; 34 ; 0 ; [0.55024062026520137] ; [1.7084701854218991]
840 ; 28 ; 34 ; 2 ; [0.12327646722766215] ; [0.98469570702510167]
840 ; 28 ; 34 ; 3 ; [2.3994298605431621] ; [0.40410313293509609]
840 ; 28 ; 34 ; 4 ; [1.7807590940253313] ; [1.2442406139749671]
840 ; 28 ; 34 ; 8 ; [0.93372066802193832] ; [2.4922035978483956]
840 ; 28 ; 34 ; 12 ; [1.2962505394194197] ; [1.4722505010511338]
840 ; 28 ; 34 ; 15 ; [2.6022304356140444] ; [1.2493990872025893]
840 ; 28 ; 35 ; 0 ; [0.97447073700477105] ; [0.39145432846369732]
840 ; 28 ; 35 ; 1 ; [0.84180583837544598] ; [-0.014890440286124915]
840 ; 28 ; 35 ; 5 ; [0.23853218780483001] ; [0.0029011945650625598]
840 ; 28 ; 35 ; 18 ; [0.66858103759557175] ; [0.14972765994821857]
840 ; 28 ; 36 ; 0 ; [0.35107058694453569, 0.20778861480348162, 0.38123506016074277, 0.40447450691316394, 0.089441231521861522] ; [0.26095283896803612, 0.18583223806211355, 0.4948825162566724, 0.38829787115681513, 0.06791758597799033]
840 ; 28 ; 37 ; 0 ; [0.24907441554152532] ; [0.16221170072329325]
840 ; 28 ; 38 ; 0 ; [0.14776372649772129, -0.0061549333458651764] ; [0.38207891440417968, 0.13367098315474996]
840 ; 28 ; 39 ; 0 ; [0.21941087432850395, 0.82926268132755421] ; [0.17751247269375325, 0.19324936192808045]
840 ; 28 ; 40 ; 0 ; [0.28194643640102074, 0.21618579515447686, 0.37279766443873336, 0.21722025143247603, 0.16668334637751686] ; [0.13219010068214443, 0.14339477918941052, 0.4244225529045651, 0.2515163733904851, 0.22769562813472397]
840 ; 28 ; 41 ; 0 ; [0.10663705317172002] ; [0.24719965884805245]
840 ; 28 ; 42 ; 0 ; [0.21594228930639195, 0.14918983104016173, 0.19574159453259141, 0.069362508464875378] ; [0.25729434838486731, 0.17060834754709803, 0.39344431719847583, 0.097368289361142585]
840 ; 28 ; 42 ; 2 ; [-0.15291882725188219] ; [-0.25329445285275926]
840 ; 28 ; 43 ; 0 ; [0.62280153912209579] ; [0.47379110906922595]
840 ; 28 ; 43 ; 1 ; [0.5870708657929361] ; [0.52091326095124579]
840 ; 28 ; 43 ; 2 ; [0.038573513777912384] ; [1.3499938924687647]
840 ; 28 ; 43 ; 3 ; [0.43399199649675224] ; [1.142309821916939]
840 ; 28 ; 44 ; 0 ; [0.56820893439605757] ; [0.028254019086803382]
840 ; 28 ; 44 ; 5 ; [0.3540575232876258] ; [-0.11073363672931553]
840 ; 28 ; 44 ; 6 ; [-0.10856594020317233] ; [0.064376292429727575]
840 ; 28 ; 44 ; 7 ; [0.013311375603604177] ; [0.087008572943435031]
840 ; 28 ; 45 ; 0 ; [0.87051940965155228, 0.34280833624500495] ; [0.28749122837735641, 0.159384675349803]
840 ; 28 ; 45 ; 1 ; [0.49840371868745187] ; [1.4120760362923077]
840 ; 28 ; 45 ; 3 ; [0.56687513747096552] ; [0.33428683625519467]
840 ; 28 ; 45 ; 4 ; [0.113757184237661] ; [1.0649214979887585]
840 ; 28 ; 45 ; 6 ; [0.87331631509090513] ; [0.079559876453447143]
840 ; 28 ; 45 ; 10 ; [1.2082081969430281] ; [0.5154977593384803]
840 ; 28 ; 46 ; 0 ; [0.62364576307095343] ; [2.0475449532287291]
840 ; 28 ; 46 ; 1 ; [0.80592161958351038] ; [2.6717378200207293]
840 ; 28 ; 46 ; 3 ; [1.1612342522170545] ; [1.0098445972221799]
840 ; 28 ; 46 ; 5 ; [3.352422756902965] ; [2.2182232156048616]
840 ; 28 ; 47 ; 0 ; [0.50850785615884631] ; [0.69567778358194232]
840 ; 28 ; 47 ; 3 ; [0.90577454948490754] ; [1.0502526915831194]
840 ; 28 ; 48 ; 1 ; [1.1098226839964898] ; [5.2535699529315085]
840 ; 28 ; 48 ; 2 ; [0.98453618542283783] ; [0.053007855660682106]
840 ; 28 ; 48 ; 3 ; [-0.012180967307785043] ; [0.88856204936970551]
840 ; 28 ; 49 ; 0 ; [0.2103637673784331, 0.19285877061474382, 0.1840358699916895, 0.15642907184970883, 0.17497103077573525] ; [0.20029113491276809, 0.22718597157500309, 0.15142422669112487, 0.14880196669965373, 0.23691212101845463]
840 ; 28 ; 50 ; 0 ; [0.47450424294784299] ; [0.14298647643771673]
840 ; 28 ; 51 ; 0 ; [4.9887427338110601] ; [0.19864924496444847]
840 ; 28 ; 51 ; 2 ; [0.35575297784749133] ; [0.16592819150689725]
840 ; 28 ; 52 ; 0 ; [0.70762828946944434] ; [0.77602439388890865]
840 ; 28 ; 52 ; 1 ; [0.04039992332500715] ; [1.737449145358277]
840 ; 28 ; 52 ; 2 ; [0.36816059573091509] ; [0.074736500161071334]
840 ; 28 ; 52 ; 4 ; [0.82840818154733364] ; [1.5611836580218916]
840 ; 28 ; 53 ; 0 ; [0.4150800961332568] ; [0.41231226969775459]
840 ; 28 ; 53 ; 1 ; [0.14786420853199297] ; [0.80715592072360831]
840 ; 28 ; 53 ; 2 ; [0.49929739049372213] ; [0.10890917625208794]
840 ; 28 ; 53 ; 4 ; [0.36917511994785751] ; [0.71488878374307363]
840 ; 28 ; 54 ; 0 ; [0.36195611350856688, 0.53165403720801119, 0.054429249367488046] ; [1.1838932970711571, 0.24926240999599575, 0.12704069423347086]
840 ; 28 ; 54 ; 3 ; [1.507032922580148] ; [1.1172497326514552]
840 ; 28 ; 54 ; 7 ; [1.1966166738365365] ; [1.8213775314665435]
840 ; 28 ; 55 ; 0 ; [0.2580301326185917] ; [0.05704722586827448]
840 ; 28 ; 55 ; 4 ; [0.46133242635515537, 0.40436777608510494] ; [0.61295167887634394, 0.18298105765868453]
840 ; 28 ; 56 ; 5 ; [0.42289064391933912] ; [0.04309704335684876]
840 ; 28 ; 57 ; 0 ; [0.1448291825063184] ; [0.54123150578455281]
840 ; 28 ; 57 ; 1 ; [0.28652962317497649] ; [-0.014351527017637918]
840 ; 28 ; 57 ; 2 ; [0.12325602232440586] ; [0.21239696145981568]
840 ; 28 ; 57 ; 3 ; [0.093439626565200079] ; [0.10329579840801786]
840 ; 28 ; 57 ; 4 ; [1.1405720327149622] ; [0.61600365194432682]
840 ; 28 ; 57 ; 5 ; [0.077640768990709874] ; [0.14940127270695305]
840 ; 28 ; 57 ; 6 ; [2.052158900826591] ; [0.79810222732378]
840 ; 28 ; 57 ; 8 ; [0.19988979556626812] ; [3.7488490389347442]
840 ; 28 ; 58 ; 0 ; [0.034903883322074704, 0.12981743854625707, 0.069744961606492503] ; [0.20473490991949808, 0.1732406782849536, 0.17287548546997916]
840 ; 28 ; 58 ; 1 ; [1.111414060626573] ; [0.20464178395800856]
840 ; 28 ; 59 ; 0 ; [0.42489835934084341, 0.20638874440602625, 0.19997682060093713, 0.10640626593794261] ; [0.41629776490991538, 0.37905347286057123, 0.2029641280062999, 0.11933405247386487]
840 ; 28 ; 59 ; 1 ; [0.067001514261337894] ; [0.016206522605691366]
840 ; 28 ; 60 ; 2 ; [0.44685950378243378] ; [0.37509933192840322]
840 ; 28 ; 60 ; 3 ; [0.35175883403689345] ; [0.21330096031657758]
840 ; 28 ; 60 ; 4 ; [1.3665623245842151] ; [1.4919933115220534]
840 ; 28 ; 60 ; 5 ; [1.0835267193352194] ; [0.72090811560362933]
840 ; 28 ; 60 ; 8 ; [1.3937961507573715] ; [2.036806780703833]
840 ; 28 ; 60 ; 10 ; [1.2321280176738447] ; [0.39161654935410189]
840 ; 28 ; 60 ; 11 ; [0.92365081585270792] ; [0.54136595953934419]
840 ; 28 ; 60 ; 13 ; [0.77202483892823426] ; [1.0444968859479411]
840 ; 28 ; 60 ; 16 ; [0.99354405805531598] ; [1.7850239443605049]
840 ; 28 ; 60 ; 17 ; [2.1672794856049324] ; [2.8998761558451589]
840 ; 28 ; 60 ; 19 ; [0.23721725271076322] ; [1.7468999489687893]
840 ; 28 ; 60 ; 20 ; [1.3665135582718244] ; [0.87969070331776089]
840 ; 28 ; 60 ; 22 ; [1.6994706748006136] ; [3.8765149527780371]
840 ; 28 ; 60 ; 23 ; [1.1224287580103096] ; [3.5783361793283941]
840 ; 28 ; 60 ; 26 ; [1.4095443515628208] ; [0.80858384177577158]
840 ; 28 ; 60 ; 27 ; [1.9057314895952764] ; [1.093532113375959]
840 ; 28 ; 60 ; 28 ; [2.3633371803691792] ; [0.45337681782479772]
840 ; 28 ; 61 ; 0 ; [0.17901337946748069, 0.19982104752795632, 0.16806703880743237] ; [0.16791507243562367, 0.25601439286310224, 0.13217132249291066]
840 ; 28 ; 61 ; 1 ; [0.53563576393989609] ; [0.41290112864821482]
840 ; 28 ; 62 ; 0 ; [0.04353008859916413, 0.01114912025134613, 0.028877586125327419, -0.0094392273567961114] ; [0.22980869329751002, 0.33617166533159215, 0.66894795896991521, 0.24967190881685528]
840 ; 28 ; 62 ; 1 ; [0.29859502238528624, 0.21875112014009601] ; [0.50161695531960315, 0.16495069821560135]
840 ; 28 ; 63 ; 0 ; [1.6724476721395187] ; [1.1906666251139069]
840 ; 28 ; 63 ; 3 ; [0.47514091632873895] ; [0.91348953930534704]
840 ; 28 ; 64 ; 1 ; [1.8160696431665289] ; [1.4520899330371999]
840 ; 28 ; 64 ; 2 ; [1.2836817065081725] ; [0.51324181871045937]
840 ; 28 ; 64 ; 3 ; [1.7022448439874989] ; [0.6490115039063159]
840 ; 28 ; 64 ; 4 ; [0.75821208811259844] ; [0.96690599339630734]
840 ; 28 ; 64 ; 5 ; [1.6456420423551446] ; [0.017323742379361205]
840 ; 28 ; 65 ; 0 ; [0.21269859775117397, 0.0927736539206033] ; [0.29225555529949504, 0.30933388197154477]
840 ; 28 ; 67 ; 0 ; [0.39631780067286271] ; [0.24172310434685529]
840 ; 28 ; 68 ; 0 ; [0.17031586345864816] ; [0.90909453508053228]
840 ; 28 ; 69 ; 0 ; [1.6700594376505595] ; [0.41999853274012333]
840 ; 28 ; 69 ; 1 ; [2.0956001004302762, 0.37217715923313932] ; [0.16484676951241192, 0.05896750275998263]
840 ; 28 ; 69 ; 3 ; [0.15737751944140865] ; [0.67574874888266823]
840 ; 28 ; 69 ; 7 ; [1.7758405684477825] ; [0.40674742220121413]
840 ; 28 ; 69 ; 8 ; [1.090010321571069] ; [0.86572278768441835]
840 ; 28 ; 69 ; 9 ; [1.3163941499684928] ; [1.1029876611657958]
840 ; 28 ; 69 ; 10 ; [0.9927412279833524] ; [0.69015541717971085]
840 ; 28 ; 69 ; 11 ; [1.4381015714136873] ; [1.5347819396392517]
840 ; 28 ; 69 ; 16 ; [2.0605086420846077] ; [0.91454633669982344]
840 ; 28 ; 69 ; 17 ; [2.1853869345935166] ; [4.3548982097197655]
840 ; 28 ; 69 ; 18 ; [1.8452742441204215] ; [1.8526868668608796]
840 ; 28 ; 69 ; 20 ; [0.52823670240858522] ; [1.1174780384689627]
840 ; 28 ; 69 ; 21 ; [2.8931503870833515] ; [1.2535074284256102]
840 ; 28 ; 70 ; 0 ; [0.10488014670702608, 0.046736805711617001, 0.53278451482483746] ; [0.19452905429799378, 0.23628541355044241, 0.20078129010417428]
840 ; 28 ; 70 ; 1 ; [0.56995837607045274] ; [0.10072072281415213]
840 ; 28 ; 70 ; 2 ; [0.21943461260941041] ; [0.021922013544815759]
840 ; 28 ; 70 ; 3 ; [0.47581280119800518] ; [0.095095919466862883]
840 ; 28 ; 72 ; 0 ; [0.40508903076920261] ; [0.71043558616785651]
840 ; 28 ; 72 ; 1 ; [0.039751433354006105] ; [1.1148076825397801]
840 ; 28 ; 72 ; 2 ; [0.20779534749376125] ; [2.3301316547929183]
840 ; 28 ; 72 ; 3 ; [0.095517813866219353] ; [-0.0067840657622038666]
840 ; 28 ; 72 ; 6 ; [0.74954054643823542] ; [0.97769037865653219]
840 ; 28 ; 73 ; 1 ; [0.62965818307226085] ; [0.41027149611809544]
840 ; 28 ; 73 ; 2 ; [0.18398270574364806] ; [0.35811165673148554]
840 ; 28 ; 73 ; 3 ; [0.54062700662371488] ; [0.72963516402344464]
840 ; 28 ; 74 ; 0 ; [0.019519263284316957, 0.10088758278043926] ; [0.18502096489982703, 0.17814966099714588]
840 ; 28 ; 75 ; 0 ; [0.16356154211651061, 0.090970475322177294, 0.072654163165841348] ; [0.16943930313880601, 0.20673495166275918, 0.18744081594837558]
840 ; 28 ; 75 ; 1 ; [0.25211989611349234] ; [0.0018749784232947059]
840 ; 28 ; 75 ; 2 ; [0.15545436257429779] ; [0.210825927921932]
840 ; 28 ; 76 ; 0 ; [-0.0042381959872266782, 0.029592739868236465, 0.046355451499685847] ; [0.22433127616044374, 0.19010406813453484, 0.038644413767207231]
840 ; 28 ; 77 ; 0 ; [0.025114969677109189, 0.037651100522380354, 0.15515053341411164, 0.0061535615016870774] ; [0.46695193968025245, 0.23797362263809388, 0.2315427231866406, 0.32483458475581217]
840 ; 28 ; 77 ; 1 ; [0.59598646351530471, 0.39274067618799358] ; [0.15603745069829739, 0.2691210589169396]
840 ; 28 ; 77 ; 2 ; [0.10331793480701645, 0.19647245040198938] ; [0.16628727041818464, 0.22617025959690462]
840 ; 28 ; 77 ; 4 ; [0.10506498326636073] ; [0.10894006509796735]
840 ; 28 ; 78 ; 0 ; [0.15447203568518933, 0.04201986236421134, 0.72851118152809125] ; [0.42667544862433804, 0.18225033710089994, 0.21043149500302144]
840 ; 28 ; 79 ; 11 ; [0.7469987547693] ; [0.46131506956430923]
840 ; 28 ; 80 ; 0 ; [0.50492748888566741, 1.0120455079578436] ; [0.20994490960435455, 0.4541579317394831]
840 ; 28 ; 80 ; 1 ; [0.46926589770555999] ; [0.6684639545777713]
840 ; 28 ; 80 ; 2 ; [0.63454320629338512] ; [0.48839744088972287]
840 ; 28 ; 80 ; 3 ; [0.23925565599972531] ; [0.06938490722672995]
840 ; 28 ; 80 ; 4 ; [0.96898811478950542] ; [0.63757277576138494]
840 ; 28 ; 80 ; 6 ; [0.72856402462943715] ; [1.3333746412483629]
840 ; 28 ; 80 ; 7 ; [8.8868681669444776] ; [2.0780209102946023]
840 ; 28 ; 81 ; 0 ; [0.76930994533850749, 0.3514053131231395] ; [-0.021910106154909691, 0.066776994548354465]
840 ; 28 ; 81 ; 1 ; [0.26155206377138129] ; [0.01891688179154544]
840 ; 28 ; 81 ; 2 ; [0.54701387075568031] ; [5.4323359908266147]
840 ; 28 ; 81 ; 3 ; [0.63712311262912891] ; [1.4657866437196254]
840 ; 28 ; 81 ; 7 ; [0.89416347601319501] ; [1.0351265362205893]
840 ; 28 ; 81 ; 8 ; [0.16476727986106804] ; [0.81430397476340521]
840 ; 28 ; 81 ; 9 ; [2.4088167425074736] ; [1.194599232126162]
840 ; 28 ; 82 ; 0 ; [0.61057036650085184] ; [0.57183037013500171]
840 ; 28 ; 82 ; 3 ; [0.90272730460850503] ; [0.12589392503182728]
840 ; 28 ; 82 ; 4 ; [0.64884318281256081] ; [0.65601147710341556]
840 ; 28 ; 82 ; 12 ; [1.4443310241883556] ; [0.093382287139685896]
840 ; 28 ; 83 ; 0 ; [0.28919911171186469, 0.37784952025528518] ; [0.26287192057168629, 0.34066049703260237]
840 ; 28 ; 85 ; 0 ; [5.2949803211263964] ; [0.39185169008772941]
840 ; 28 ; 85 ; 2 ; [0.032832124935752528] ; [1.7622215932655956]
840 ; 28 ; 86 ; 0 ; [0.021611979519729135] ; [0.37845906778444077]
840 ; 28 ; 86 ; 4 ; [0.022915719519920833] ; [-0.62072920143911636]
840 ; 28 ; 87 ; 0 ; [1.6256389202796533] ; [0.33364687254405034]
840 ; 28 ; 87 ; 8 ; [0.51780476553284682] ; [1.4652649090774998]
840 ; 28 ; 87 ; 14 ; [1.5406150151832945] ; [0.46828556760329137]
840 ; 28 ; 88 ; 0 ; [0.18984595208966223, 0.082799962361306045] ; [0.20848593207092805, 0.1319295680550219]
840 ; 28 ; 88 ; 1 ; [0.36531680525115795] ; [-0.15734943827525458]
840 ; 28 ; 89 ; 0 ; [0.30116913354620206] ; [0.41546085743491584]
840 ; 28 ; 89 ; 2 ; [0.24414117280989628] ; [0.049677333351123253]
840 ; 28 ; 90 ; 0 ; [0.39335208591682913] ; [0.2823636193615699]
840 ; 28 ; 90 ; 1 ; [1.1118334563699912] ; [2.9777654338733877]
840 ; 28 ; 90 ; 2 ; [0.54397884886621928] ; [1.2851567752413284]
840 ; 28 ; 90 ; 6 ; [0.49719521490459923] ; [0.26254861630500492]
840 ; 28 ; 90 ; 11 ; [3.5614548146998626] ; [1.7865157270252505]
840 ; 28 ; 90 ; 13 ; [0.35507262739610751] ; [0.6612088406436617]
840 ; 28 ; 90 ; 17 ; [2.2155669700768534] ; [1.1047137325639382]
840 ; 28 ; 92 ; 0 ; [1.8150455169516098] ; [0.57715204028080003]
840 ; 28 ; 92 ; 1 ; [0.34783048972448849] ; [0.20203718557624406]
840 ; 28 ; 92 ; 2 ; [1.1669590092805908] ; [0.35212655280124905]
840 ; 28 ; 92 ; 3 ; [0.77712971780979512] ; [0.15793037334672985]
840 ; 28 ; 92 ; 4 ; [1.8246474205782597] ; [0.30122325672544814]
840 ; 28 ; 92 ; 5 ; [1.6983107770525649] ; [0.31005128350811195]
840 ; 28 ; 92 ; 13 ; [0.090128944231002248] ; [2.0462556886331269]
840 ; 28 ; 92 ; 14 ; [0.73180755194456826] ; [4.6477431904968896]
840 ; 28 ; 92 ; 15 ; [2.4352120422039354] ; [0.14590660054673341]
840 ; 28 ; 92 ; 17 ; [1.249974285607147] ; [1.2379918861848012]
840 ; 28 ; 92 ; 18 ; [0.73531466831268655] ; [1.1040997761823377]
840 ; 28 ; 92 ; 19 ; [0.27277887732853212] ; [1.1225371171720093]
840 ; 28 ; 92 ; 21 ; [0.4769218724575176] ; [0.90301668227462839]
840 ; 28 ; 92 ; 22 ; [0.51050371673871042] ; [1.8340710422316877]
840 ; 28 ; 93 ; 0 ; [0.84260945501921547] ; [0.85373724881997748]
840 ; 28 ; 93 ; 1 ; [0.69322679557168221] ; [0.32170590025758894]
840 ; 28 ; 93 ; 2 ; [0.026644506571447957] ; [0.23291789506132193]
840 ; 28 ; 93 ; 5 ; [2.2825325627778388] ; [1.0389473783763368]
840 ; 28 ; 94 ; 0 ; [0.062861872874441949] ; [1.2258646143962162]
840 ; 28 ; 94 ; 1 ; [0.34750889367853305] ; [0.26726592219394446]
840 ; 28 ; 94 ; 5 ; [1.2596726732619472] ; [1.1769508205748769]
840 ; 28 ; 95 ; 0 ; [0.11151088699557572] ; [0.16347870622897034]
840 ; 28 ; 95 ; 1 ; [0.24144540713018012, 0.36603447669463923, 0.18373008607534819] ; [0.23761882608163862, 0.20976687472070177, 0.24604107485732965]
840 ; 28 ; 97 ; 0 ; [1.9192991544713494] ; [0.12440049103615546]
840 ; 28 ; 97 ; 1 ; [0.069883014495075182] ; [0.19274396114772432]
840 ; 28 ; 97 ; 2 ; [0.026406441467122659] ; [0.10076529856811364]
840 ; 28 ; 97 ; 3 ; [0.7605135462135475] ; [0.51973553274975426]
840 ; 28 ; 97 ; 4 ; [1.0573155968888266] ; [0.087384398064429464]
840 ; 28 ; 97 ; 7 ; [0.87258661746375676] ; [0.12046458482721562]
840 ; 28 ; 97 ; 8 ; [1.5964468591239556] ; [0.062439090166462138]
840 ; 28 ; 98 ; 0 ; [0.38749614003363991] ; [0.21724224957628907]
840 ; 28 ; 98 ; 1 ; [0.24698528852027105] ; [0.29060000406255765]
840 ; 28 ; 98 ; 2 ; [2.250804139869063] ; [-0.034114064837601862]
840 ; 28 ; 98 ; 3 ; [0.203867670048933] ; [0.48237599835207357]
840 ; 28 ; 99 ; 0 ; [0.012968693756020359] ; [0.06060704037121982]
840 ; 28 ; 100 ; 0 ; [1.9472339462971404] ; [0.0397455221732178]
840 ; 28 ; 100 ; 1 ; [1.6081454899146017, 1.9187882332395332] ; [0.84389705299286843, 0.25176546269277289]
840 ; 28 ; 100 ; 2 ; [2.488887866185689] ; [0.33405110164981672]
840 ; 28 ; 100 ; 5 ; [1.2003270011145888] ; [5.0440332751251598]
840 ; 28 ; 100 ; 6 ; [1.9344000941646746] ; [2.355845920155907]
840 ; 28 ; 100 ; 7 ; [1.3465026274311327] ; [4.3049023131593698]
840 ; 28 ; 100 ; 9 ; [0.75383079206070758] ; [2.7099616955588623]
840 ; 28 ; 100 ; 11 ; [6.8858966645990076] ; [1.4910393614925632]
840 ; 28 ; 100 ; 13 ; [1.3076637276333343] ; [0.57453246886390585]
840 ; 28 ; 100 ; 14 ; [7.366719129449522] ; [3.7369378932082711]
840 ; 28 ; 101 ; 0 ; [0.14592723643320968] ; [0.22378704193335702]
840 ; 28 ; 101 ; 2 ; [0.43255903603685247] ; [2.1263225160352448]
840 ; 28 ; 101 ; 3 ; [0.049735476417787576] ; [0.011906276083393763]
840 ; 28 ; 101 ; 4 ; [0.13120910504867897] ; [0.017046672197412134]
840 ; 28 ; 102 ; 0 ; [0.35428879102524591] ; [0.16571295191372165]
840 ; 28 ; 103 ; 0 ; [0.86187063584776336] ; [0.20372480142716901]
840 ; 28 ; 103 ; 1 ; [0.18557560606234089] ; [0.17760774729160175]
840 ; 28 ; 103 ; 2 ; [0.2485216829140795] ; [0.37601133526218355]
840 ; 28 ; 103 ; 4 ; [2.3568421900430465] ; [0.35273422646015967]
840 ; 28 ; 103 ; 5 ; [1.920940970449869] ; [2.129578274830799]
840 ; 28 ; 103 ; 13 ; [2.7115307125308821] ; [-0.043948530363017907]
840 ; 28 ; 103 ; 14 ; [6.6629375355733318] ; [2.5119316807281669]
840 ; 28 ; 103 ; 15 ; [1.216016643163585] ; [1.063103557376569]
840 ; 28 ; 103 ; 16 ; [2.0098614826136463] ; [2.5765903431673376]
840 ; 28 ; 103 ; 17 ; [0.27285876394285669] ; [1.9920118956571855]
840 ; 28 ; 103 ; 20 ; [0.3221882360459406] ; [-0.10554151920133639]
840 ; 28 ; 103 ; 21 ; [1.7312685683926068] ; [1.4144052086181418]
840 ; 28 ; 103 ; 26 ; [2.2081208581186327] ; [1.4855940340015419]
840 ; 28 ; 105 ; 0 ; [0.10847484028196393, 0.15012673756205955, 0.119166810815805, 0.063523148528849938, 0.093816823766299365] ; [0.16222681647729628, 0.29433716585152947, 0.15302477972154821, 0.17304697263344795, 0.057080411428424356]
840 ; 28 ; 106 ; 0 ; [0.19359330859966714, 0.16067581143700921, 0.13456426550857964, 0.254112330316836] ; [0.17003941039146489, 0.18833049284159348, 0.15145896124584032, 0.13193306711187391]
840 ; 28 ; 107 ; 0 ; [0.20563387455454388] ; [2.4030541638762313]
840 ; 28 ; 107 ; 1 ; [0.51932227554112464] ; [2.6996773755054568]
840 ; 28 ; 107 ; 2 ; [2.4566020060726634] ; [1.6738929671767848]
840 ; 28 ; 107 ; 4 ; [2.7136588671878892] ; [0.47999496399401204]
840 ; 28 ; 108 ; 0 ; [0.18908449700295021] ; [0.83236492568784926]
840 ; 28 ; 108 ; 1 ; [0.089760034644173037] ; [0.23762402265003035]
840 ; 28 ; 108 ; 3 ; [0.52881297653805215] ; [0.053729800626684955]
840 ; 28 ; 108 ; 4 ; [0.9032341349278693] ; [1.6971637876430317]
840 ; 28 ; 109 ; 2 ; [1.1262748363102351] ; [0.29151848446957179]
840 ; 28 ; 109 ; 3 ; [2.240598273353565] ; [1.2883156255629895]
840 ; 28 ; 109 ; 19 ; [1.0667027493235841] ; [-0.038184424257230891]
840 ; 28 ; 109 ; 20 ; [1.2592175495795226] ; [1.8510833962447653]
840 ; 28 ; 109 ; 26 ; [1.9701574069393823] ; [1.1966018118075761]
840 ; 28 ; 109 ; 30 ; [2.1296876302625862] ; [2.7964983897956128]
840 ; 28 ; 109 ; 38 ; [3.3672220930301511] ; [0.96520797394095303]
840 ; 28 ; 109 ; 42 ; [1.4265238776568936] ; [2.1377074982813395]
840 ; 28 ; 109 ; 43 ; [2.9499606798001476] ; [2.4480231544447495]
840 ; 28 ; 109 ; 45 ; [1.9730161185014947] ; [0.23568992657217785]
840 ; 28 ; 109 ; 54 ; [0.6999156161094835] ; [0.19367298232206545]
840 ; 28 ; 110 ; 0 ; [1.2642800890227439] ; [0.21094662409487286]
840 ; 28 ; 110 ; 3 ; [1.6974548721974561] ; [0.08104762100345772]
840 ; 28 ; 110 ; 4 ; [0.52604359025088054] ; [1.3733089646956627]
840 ; 28 ; 110 ; 6 ; [2.2669834076714945] ; [1.1332699368697681]
840 ; 28 ; 110 ; 10 ; [0.015844845575744587] ; [1.26382722028233]
840 ; 28 ; 110 ; 13 ; [2.4145428207402264] ; [3.9957372113942973]
840 ; 28 ; 110 ; 16 ; [1.9525353369342233] ; [1.5153029753108842]
840 ; 28 ; 110 ; 19 ; [0.0086387319768424387] ; [3.746350272949591]
840 ; 28 ; 111 ; 0 ; [0.007961041315316459, 0.010541824511569327, 0.083771106503305978] ; [0.25022274554534935, 0.24228564336569378, 0.016720668605642398]
840 ; 28 ; 112 ; 0 ; [0.23185870184783919, 0.069158544793227028, 0.11676619814247938, 0.051204635471352011] ; [0.46024410058376136, 0.25876917949877437, 0.35065486768717435, 0.29791477285361745]
840 ; 28 ; 113 ; 0 ; [0.25202024660611932] ; [0.069344475807176106]
840 ; 28 ; 113 ; 1 ; [0.11439969688709858] ; [0.056958303555889975]
840 ; 28 ; 113 ; 2 ; [0.51307051883216304] ; [0.37601435491071328]
840 ; 28 ; 114 ; 0 ; [0.99875250746236] ; [0.16696785843623466]
840 ; 28 ; 114 ; 2 ; [0.76048231829184254] ; [0.12563740555774677]
840 ; 28 ; 114 ; 4 ; [0.94097539164626309] ; [0.057440678065580106]
840 ; 28 ; 114 ; 7 ; [0.56777971155282903] ; [0.53924307317919651]
840 ; 28 ; 115 ; 0 ; [0.037824809797732978, 0.026639046788048376, 0.073817087698673262] ; [0.21823192326175073, 0.21389296794887802, 0.052759613265615159]
840 ; 28 ; 116 ; 1 ; [1.2714925380248046] ; [0.20971984916799455]
840 ; 28 ; 116 ; 2 ; [3.1288732956935155] ; [4.0426364688172649]
840 ; 28 ; 116 ; 4 ; [0.87185590766606269] ; [0.12870563947615138]
840 ; 28 ; 116 ; 6 ; [0.50011180871857397] ; [5.4984430218452447]
840 ; 28 ; 116 ; 7 ; [1.5137918969130437] ; [0.73717747781339027]
840 ; 28 ; 116 ; 8 ; [0.59987740325721073] ; [0.7822494306971719]
840 ; 28 ; 116 ; 10 ; [2.0412577904870068] ; [4.6722976172192627]
840 ; 28 ; 116 ; 12 ; [1.6527946838490783] ; [0.87447133745620387]
840 ; 28 ; 116 ; 13 ; [0.91183233738008129] ; [1.23423872617894]
840 ; 28 ; 116 ; 14 ; [1.3604672879976827] ; [0.65182118627108743]
840 ; 28 ; 116 ; 16 ; [3.8609381204060274] ; [1.5714788056390372]
840 ; 28 ; 116 ; 17 ; [1.6378444907314531] ; [4.8702467306954409]
840 ; 28 ; 116 ; 20 ; [2.358381272536636] ; [2.5401543099922406]
840 ; 28 ; 116 ; 22 ; [1.8087100491915502] ; [1.2416998660519372]
840 ; 28 ; 116 ; 25 ; [5.5928042279920405] ; [0.88290960829591647]
840 ; 28 ; 116 ; 26 ; [1.3294156838289743] ; [0.80159394894460245]
840 ; 28 ; 116 ; 27 ; [3.4394344218387123] ; [1.9824773467432906]
840 ; 28 ; 116 ; 31 ; [2.2997927585786742] ; [2.5401435026141859]
840 ; 28 ; 116 ; 36 ; [3.8231069708599663] ; [2.9480088860753928]
840 ; 28 ; 116 ; 37 ; [2.2384218967172336] ; [7.4822085630476103]
840 ; 28 ; 116 ; 38 ; [1.8621592488096417] ; [2.6708697540265587]
840 ; 28 ; 116 ; 39 ; [1.9873533702474162] ; [6.5860137054373808]
840 ; 28 ; 116 ; 40 ; [1.9044360874502551] ; [2.6126532033575516]
840 ; 28 ; 116 ; 41 ; [0.82494675206101742] ; [0.26981022082546308]
840 ; 28 ; 116 ; 43 ; [4.0394450712260976] ; [1.1130787336833983]
840 ; 28 ; 116 ; 46 ; [0.93157148542501167] ; [0.012203141119615193]
840 ; 28 ; 116 ; 50 ; [1.7643268871364115] ; [0.10281218268933738]
840 ; 28 ; 116 ; 53 ; [0.65706883372887781] ; [0.8084476870489361]
840 ; 28 ; 116 ; 56 ; [1.5459785381394373] ; [0.63406172939228533]
840 ; 28 ; 116 ; 59 ; [2.7969082854211931] ; [4.12480850901962]
840 ; 28 ; 116 ; 60 ; [1.8597870096116289] ; [2.3457817938992087]
840 ; 28 ; 117 ; 0 ; [0.19452321995316571] ; [0.19969350044375209]
840 ; 28 ; 117 ; 6 ; [2.1877007339044816] ; [3.7315141307400355]
840 ; 28 ; 118 ; 1 ; [0.58814324380252681] ; [0.15705896687932022]
840 ; 28 ; 118 ; 2 ; [0.45632340239440067] ; [0.25602395216722734]
840 ; 28 ; 118 ; 7 ; [0.028412945242963412] ; [0.23796813834675282]
840 ; 28 ; 119 ; 0 ; [0.71358145585343136] ; [0.24080492476106685]
840 ; 28 ; 119 ; 10 ; [0.71271354577236579] ; [1.4535115393034692]
840 ; 28 ; 120 ; 0 ; [0.56862676339993967] ; [0.73092660622177885]
840 ; 28 ; 120 ; 1 ; [1.1780232396591781] ; [0.37490580992639494]
840 ; 28 ; 120 ; 3 ; [0.5146524984383456] ; [0.43197716096375449]
840 ; 28 ; 120 ; 4 ; [0.20038597054279053] ; [0.21161254086702777]
840 ; 28 ; 120 ; 17 ; [1.7730029501115068] ; [0.48171513407415711]
840 ; 28 ; 120 ; 18 ; [1.552726017547762] ; [0.49161641482549479]
840 ; 28 ; 120 ; 24 ; [1.5486145547408574] ; [1.4267523522565266]
840 ; 28 ; 120 ; 40 ; [5.9356933798170388] ; [0.9455468351748999]
840 ; 28 ; 120 ; 48 ; [0.88533844721865729] ; [0.65485526973052188]
840 ; 28 ; 121 ; 0 ; [0.17795743002231745, 0.16507389460423644] ; [0.35381780538363927, 1.0341702857184738]
840 ; 28 ; 121 ; 2 ; [-0.56960833694011359] ; [0.23175762286981624]
840 ; 28 ; 121 ; 4 ; [0.035479519905649584] ; [0.084708055980395117]
840 ; 28 ; 122 ; 1 ; [0.72416805793023964] ; [0.1434783851999149]
840 ; 28 ; 123 ; 0 ; [0.23315522042736656, 0.74162211414774681] ; [0.22601324155036145, 0.12713513646647021]
840 ; 28 ; 124 ; 0 ; [0.25646771663120549] ; [0.1616355799224245]
840 ; 28 ; 124 ; 2 ; [1.8700829204653897] ; [0.15208234258741984]
840 ; 28 ; 126 ; 0 ; [0.23780089188217166, 0.1907898751555285, 0.64298953626472499, 0.34285884865630023] ; [0.12270835180063416, 0.24493880912787216, 0.4863969908291198, 0.38181470281238183]
840 ; 28 ; 126 ; 1 ; [0.24937737101276275] ; [5.0140356688268525e-05]
840 ; 28 ; 127 ; 1 ; [1.7362166369448961] ; [0.80980247145027995]
840 ; 28 ; 127 ; 3 ; [0.24381545228849286] ; [1.1870757753008991]
840 ; 28 ; 127 ; 6 ; [1.7097173292086507] ; [1.1698232113074674]
840 ; 28 ; 127 ; 7 ; [1.5419942504825359] ; [0.85899858043650301]
840 ; 28 ; 127 ; 8 ; [0.97381509485128626] ; [0.48967396439875366]
840 ; 28 ; 127 ; 10 ; [1.6004648403190858] ; [0.99733670068806179]
840 ; 28 ; 127 ; 11 ; [0.52972485422822357] ; [1.209061349421608]
840 ; 28 ; 128 ; 0 ; [0.98862351774324408] ; [0.59640182806531161]
840 ; 28 ; 128 ; 1 ; [1.7976070398145505] ; [2.5996169228781039]
840 ; 28 ; 128 ; 4 ; [1.9746293996684499] ; [1.1575799008748537]
840 ; 28 ; 128 ; 6 ; [0.32826538781940046] ; [0.4625784637241408]
840 ; 28 ; 128 ; 7 ; [0.33465136979036203] ; [1.127801749655887]
840 ; 28 ; 128 ; 9 ; [0.47612742203774211] ; [0.85148429298956185]
840 ; 28 ; 128 ; 11 ; [0.81432729868503084] ; [0.9228533183665707]
840 ; 28 ; 128 ; 12 ; [1.8434278676325846] ; [0.97830904932421447]
840 ; 28 ; 128 ; 13 ; [4.7549188150326112] ; [1.344965971353238]
840 ; 28 ; 128 ; 14 ; [0.82389432210363833] ; [2.2261316364830841]
840 ; 28 ; 128 ; 16 ; [1.0149356016220759] ; [1.1095553347640921]
840 ; 28 ; 128 ; 17 ; [2.0270642754708401] ; [1.1901154101030467]
840 ; 28 ; 128 ; 18 ; [1.8444303214947277] ; [1.6746715528887073]
840 ; 28 ; 128 ; 19 ; [1.5721295676917189] ; [0.88890948523555857]
840 ; 28 ; 128 ; 21 ; [2.0343507975502311, 1.6514609911421132] ; [1.3772885799508796, 1.9543005341013635]
840 ; 28 ; 129 ; 3 ; [0.11426757262139244, 0.075168646181629092, 0.084566369840677627] ; [0.14772396968876922, 0.18839385345899895, 0.15075825754848768]
840 ; 28 ; 130 ; 0 ; [1.1835565029555579] ; [1.5453770491872767]
840 ; 28 ; 131 ; 0 ; [1.9332390779348845] ; [0.50726581431234563]
840 ; 28 ; 131 ; 1 ; [0.35312970984421427] ; [0.21993859957485234]
840 ; 28 ; 131 ; 2 ; [0.25142561040420081] ; [0.63432951519638026]
840 ; 28 ; 132 ; 0 ; [0.30978328027547147] ; [0.42845537264948802]
840 ; 28 ; 132 ; 1 ; [0.25382337409557537] ; [1.5211572547296199]
840 ; 28 ; 132 ; 2 ; [5.8832635307830516] ; [1.0857591930746875]
840 ; 28 ; 133 ; 0 ; [0.24351738594791769] ; [-0.31742973711555506]
840 ; 28 ; 134 ; 0 ; [1.7749775204562444] ; [0.30383404083891236]
840 ; 28 ; 134 ; 1 ; [0.58216176441025513] ; [0.081792688859532697]
840 ; 28 ; 134 ; 3 ; [4.1709609476654723] ; [1.0782701387147944]
840 ; 28 ; 134 ; 6 ; [1.4237543793104999] ; [1.1369198271456034]
840 ; 28 ; 134 ; 9 ; [1.0007198535029778] ; [0.097071663664425351]
840 ; 28 ; 136 ; 0 ; [0.086971507891508273, 0.13381830921403473, 0.10762709245328327] ; [0.17863474924107858, 0.54397546336064306, 1.2497651292105414]
840 ; 28 ; 136 ; 1 ; [0.29452106481408979] ; [0.12725914543646619]
840 ; 28 ; 137 ; 1 ; [0.30600219550805607] ; [0.15437094485174693]
840 ; 28 ; 137 ; 2 ; [0.26407647827417496] ; [0.054607688413134382]
840 ; 28 ; 137 ; 3 ; [0.16711970919184602] ; [0.10247044282300376]
840 ; 28 ; 137 ; 4 ; [0.34740730049202989] ; [0.47532592315104699]
840 ; 28 ; 138 ; 0 ; [0.90946521265466529, 1.6298047133895135] ; [0.51748146276063833, 0.24765546699625474]
840 ; 28 ; 139 ; 0 ; [0.096966030980342663, 0.092854545385009618] ; [0.38255396886761023, 0.32884063631216925]
840 ; 28 ; 141 ; 0 ; [0.57785684397609627] ; [0.1961191211777803]
840 ; 28 ; 141 ; 1 ; [0.37754235079460424] ; [0.22715255693208528]
840 ; 28 ; 142 ; 0 ; [0.1965598047540561] ; [0.16263407697997614]
840 ; 28 ; 142 ; 3 ; [0.3950772844118039] ; [0.48314051445391232]
840 ; 28 ; 142 ; 4 ; [0.073175401002056994] ; [1.6347304111809773]
840 ; 28 ; 143 ; 0 ; [-0.012130962203845876, 0.015302772288795235, 0.12653295418171889] ; [0.22762827772919353, 0.26694372464250177, 0.25152654679670855]
840 ; 28 ; 143 ; 1 ; [0.038624624528093968] ; [-0.39630605010029357]
840 ; 28 ; 144 ; 0 ; [0.50314369197199182] ; [0.18241971399615844]
840 ; 28 ; 144 ; 3 ; [0.31964729943259035, 0.33418019872133792, 0.33030459563983566, 0.31471985397405416] ; [0.14193600218452959, 0.33124155140964295, 0.28882257803812361, 0.24580569513409295]
840 ; 28 ; 145 ; 0 ; [0.71953635757442003] ; [0.74899030678042677]
840 ; 28 ; 145 ; 1 ; [0.38273486313794103] ; [1.316734882067699]
840 ; 28 ; 145 ; 2 ; [0.47308618504961558] ; [0.71472535901043011]
840 ; 28 ; 145 ; 3 ; [0.83411599285980509] ; [0.28627921262736811]
840 ; 28 ; 145 ; 4 ; [0.78121222011357883] ; [0.36243744967200525]
840 ; 28 ; 145 ; 13 ; [0.91084984322164009] ; [1.3068989773296829]
840 ; 28 ; 145 ; 16 ; [0.076843102180957579] ; [0.51227425295716922]
840 ; 28 ; 145 ; 22 ; [0.008488431876940759] ; [1.1757643168174503]
840 ; 28 ; 145 ; 23 ; [0.86451691767838057] ; [0.27153743010249126]
840 ; 28 ; 146 ; 0 ; [0.21198972377126624, 0.34202188930194005, 0.8699659971784216] ; [0.17568438798093647, 0.51310358635008513, 1.3734920955384629]
840 ; 28 ; 146 ; 2 ; [0.25992256048932372, 0.14399789065480104] ; [2.3392696542276439, 0.96057525171633018]
840 ; 28 ; 146 ; 5 ; [1.2905826145924739] ; [-0.0085835106050862076]
840 ; 28 ; 146 ; 12 ; [1.4808537723375244] ; [1.5230078372260545]
840 ; 28 ; 146 ; 13 ; [1.9903554525028966] ; [1.3309002838908828]
840 ; 28 ; 146 ; 18 ; [2.8917300249147835] ; [1.6036238676226218]
840 ; 28 ; 146 ; 19 ; [0.44439748074741831] ; [1.7176482372675299]
840 ; 28 ; 147 ; 0 ; [0.1306996679009067, -0.033641222894542723] ; [0.34249235787260929, 0.28367004054673745]
840 ; 28 ; 147 ; 2 ; [-0.12308308374936509] ; [-0.22397948838741394]
840 ; 28 ; 148 ; 0 ; [1.1377330771394978] ; [0.57962558309329471]
840 ; 28 ; 148 ; 1 ; [1.0984061981160684] ; [2.1837259061164631]
840 ; 28 ; 148 ; 7 ; [1.3593988410162008] ; [1.0290963339486345]
840 ; 28 ; 149 ; 1 ; [0.091190164413908148] ; [0.14503779035984762]
840 ; 28 ; 149 ; 2 ; [0.033120586466795485] ; [0.1133086421500612]
840 ; 28 ; 149 ; 10 ; [-0.22155981297929619] ; [0.062569207945912073]
840 ; 28 ; 150 ; 0 ; [0.16196039479801158, 0.21152890325574789, 0.17655661919512008] ; [0.17299017215744053, 0.23404705952939292, 0.061385979710866088]
840 ; 28 ; 151 ; 0 ; [0.22685536090445951, 0.088992484449105763] ; [0.24647032992820314, 0.14810317056290373]
840 ; 28 ; 151 ; 3 ; [-0.028667839001140713] ; [1.1096615650775901]
840 ; 28 ; 152 ; 0 ; [0.83064061300066594] ; [-0.01818719099169885]
840 ; 28 ; 152 ; 2 ; [1.1501439067013777] ; [-0.0019787339320949488]
840 ; 28 ; 152 ; 3 ; [0.057106372047956447, 0.16741283245961194, 0.43793210488953804] ; [0.14635212724975905, 0.20926815233980281, 0.86651658520864561]
840 ; 28 ; 153 ; 0 ; [0.048755638451862288, 0.11888332093752722, 0.054374956777172967] ; [0.79328874956749995, 0.62899329765827772, 0.58001188611655297]
840 ; 28 ; 153 ; 1 ; [1.4525462733273757] ; [0.04160240463161434]
840 ; 28 ; 153 ; 3 ; [-0.42728997032023619] ; [1.1263392905128613]
840 ; 28 ; 153 ; 6 ; [1.271990404425926] ; [1.1182213192751167]
840 ; 28 ; 153 ; 9 ; [0.059198030701206363] ; [0.042903010964734527]
840 ; 28 ; 153 ; 13 ; [0.28144965290663193] ; [0.81040049588779317]
840 ; 28 ; 154 ; 0 ; [0.69774034048995037] ; [1.7093419147038529]
840 ; 28 ; 154 ; 1 ; [0.69540625456818583] ; [1.2287457458064623]
840 ; 28 ; 154 ; 3 ; [0.10593235871867297] ; [0.029996104368333786]
840 ; 28 ; 155 ; 0 ; [3.7765676216396424] ; [0.19835764798394581]
840 ; 28 ; 155 ; 3 ; [1.6445547603083055] ; [1.0099966342805071]
840 ; 28 ; 155 ; 7 ; [5.0723509769697657] ; [0.55709616804808748]
840 ; 28 ; 156 ; 0 ; [0.20878258323148824] ; [2.1769934256895009]
840 ; 28 ; 156 ; 2 ; [-0.056626691348168272] ; [1.0754697936781068]
840 ; 28 ; 156 ; 3 ; [1.889002311426492] ; [1.8847988614530744]
840 ; 28 ; 156 ; 4 ; [0.058038970471671482] ; [2.3309342603664533]
840 ; 28 ; 156 ; 6 ; [-0.09885473236190026] ; [1.1120980076832616]
840 ; 28 ; 156 ; 10 ; [-0.517029206782606] ; [2.2639823976335745]
840 ; 28 ; 156 ; 13 ; [1.4535312074501734] ; [1.2381601009117931]
840 ; 28 ; 157 ; 0 ; [0.30506000790831816] ; [0.30429438830010369]
840 ; 28 ; 157 ; 1 ; [0.48226643778020556] ; [0.12494107857287066]
840 ; 28 ; 157 ; 3 ; [0.79715677949898067, 0.15087564032737266, 0.15499780964444326] ; [0.52569880401914804, 0.22762235471189346, 0.83759664823560642]
840 ; 28 ; 157 ; 4 ; [0.12281474351442519] ; [0.10762383071332074]
840 ; 28 ; 158 ; 0 ; [0.34368177363032065, 0.18834486723158086] ; [0.26275239363160685, 0.20900687402276191]
840 ; 28 ; 159 ; 0 ; [2.1172354786554135, 2.3270835331385982] ; [0.38557710061085454, 0.23569420138633379]
840 ; 28 ; 159 ; 1 ; [0.21838721329360972] ; [2.0093973072086211]
840 ; 28 ; 159 ; 2 ; [1.5122219677712123] ; [0.49252307508883175]
840 ; 28 ; 159 ; 4 ; [1.5339945827957262] ; [1.5038713860207231]
840 ; 28 ; 159 ; 5 ; [1.9952057683172073] ; [1.4898031791383028]
840 ; 28 ; 159 ; 6 ; [3.0150608601486559] ; [0.81887930216198135]
840 ; 28 ; 159 ; 7 ; [3.1260120091497634] ; [0.96281191975436109]
840 ; 28 ; 159 ; 8 ; [1.7582797070724483] ; [2.064328245945743]
840 ; 28 ; 159 ; 9 ; [1.4979762499613161] ; [1.0024296530337935]
840 ; 28 ; 159 ; 11 ; [3.1036323144589142] ; [2.6766705059646347]
840 ; 28 ; 159 ; 12 ; [4.1045300737387693] ; [1.0610470945875408]
840 ; 28 ; 159 ; 15 ; [1.5681859221914338] ; [7.0407444935449304]
840 ; 28 ; 159 ; 16 ; [1.4250195345192858] ; [1.0984249380384954]
840 ; 28 ; 159 ; 17 ; [1.1522100679151748] ; [1.9456685827098164]
840 ; 28 ; 159 ; 19 ; [2.1826577918586518] ; [0.20036191439848719]
840 ; 28 ; 159 ; 25 ; [0.49081060192094517] ; [1.558463911426238]
840 ; 28 ; 159 ; 26 ; [1.5291599865085528] ; [1.8214946919475623]
840 ; 28 ; 159 ; 27 ; [1.3837452150687912] ; [1.8989106470946717]
840 ; 28 ; 159 ; 28 ; [1.4042602374633639] ; [1.7506001761603021]
840 ; 28 ; 159 ; 29 ; [1.3649459255431111] ; [1.9176117596936364]
840 ; 28 ; 160 ; 0 ; [0.61602139503191577] ; [1.1776555084673175]
840 ; 28 ; 160 ; 3 ; [0.97744725858267745] ; [1.0164267937003453]
840 ; 28 ; 161 ; 1 ; [0.85479611612224626] ; [0.22576410863992341]
840 ; 28 ; 162 ; 0 ; [0.17110672219300327] ; [1.0130921328799294]
840 ; 28 ; 163 ; 0 ; [0.063914738310701727] ; [0.040895961575320654]
840 ; 28 ; 163 ; 2 ; [0.32094287323205301] ; [-0.020394869817818774]
840 ; 28 ; 163 ; 3 ; [0.092026322755725337, 0.0213947756985528] ; [0.24113312658288572, 0.17337544879571193]
840 ; 28 ; 164 ; 0 ; [0.054187376256467405, 0.10782585282063281, -0.0086951852947058962] ; [0.18305934131357851, 0.249680775995166, 0.16228162663377654]
840 ; 28 ; 165 ; 0 ; [0.15239223660072099, -0.0025932567540343766] ; [0.20780464320074674, 0.1280971156188902]
840 ; 28 ; 166 ; 0 ; [2.3119821839000001] ; [0.016977559321973392]
840 ; 28 ; 166 ; 1 ; [0.63317004307325531] ; [0.72651140339273701]
840 ; 28 ; 166 ; 2 ; [0.60522805701616156] ; [0.11571721268250833]
840 ; 28 ; 166 ; 5 ; [0.61164989302291484] ; [0.17552482299060873]
840 ; 28 ; 166 ; 7 ; [1.1744320570174716] ; [2.1097222320213946]
840 ; 28 ; 166 ; 8 ; [2.032832492881063] ; [0.44310237373128314]
840 ; 28 ; 166 ; 9 ; [0.098256168699938778] ; [1.212205646680121]
840 ; 28 ; 166 ; 20 ; [0.48268197717710642] ; [1.8853305224177697]
840 ; 28 ; 166 ; 21 ; [2.4847046881903228] ; [1.3116920336361924]
840 ; 28 ; 168 ; 0 ; [0.1789585528157055] ; [0.079964588011508408]
840 ; 28 ; 168 ; 1 ; [0.2301091947152861] ; [0.13749898077656439]
840 ; 28 ; 169 ; 0 ; [3.0124392193470233] ; [0.37153662008901417]
840 ; 28 ; 169 ; 1 ; [1.9041866390798086] ; [1.8381901672720407]
840 ; 28 ; 169 ; 2 ; [0.09605947185778968] ; [0.15910027860982739]
840 ; 28 ; 170 ; 0 ; [0.1138573038132274] ; [0.021562147218270534]
840 ; 28 ; 171 ; 0 ; [0.55184214704705448, 0.34734665308083579] ; [0.31766994236181373, 0.075020888873375408]
840 ; 28 ; 171 ; 1 ; [0.018527013497892993] ; [1.9429705927815659]
840 ; 28 ; 172 ; 0 ; [0.016893334518167907, 0.010577652235189935, 0.0053015503974411342] ; [0.18329153998398101, 0.28555082926524877, 0.21961132185535695]
840 ; 28 ; 173 ; 0 ; [0.22852343577310924] ; [0.055362915234527625]
840 ; 28 ; 173 ; 10 ; [0.052146573623262159] ; [-0.16801487528567738]
840 ; 28 ; 174 ; 0 ; [0.21677236706533745] ; [0.17958228718515185]
840 ; 28 ; 175 ; 0 ; [1.8419888505204873] ; [1.2484566406771502]
840 ; 28 ; 175 ; 6 ; [0.080550500751725762] ; [0.50893487167770934]
840 ; 28 ; 176 ; 0 ; [1.3820195103014283] ; [0.063780990282564731]
840 ; 28 ; 176 ; 1 ; [1.058585440655516] ; [1.2912968191497702]
840 ; 28 ; 176 ; 3 ; [4.701164838435953] ; [1.2377134372054812]
840 ; 28 ; 176 ; 6 ; [0.64995932031279824] ; [1.886044188036041]
840 ; 28 ; 176 ; 12 ; [0.13750461260703389] ; [2.613103385431208]
840 ; 28 ; 177 ; 0 ; [0.089473514966221857, 0.31411475648252685] ; [0.22082121621190262, 0.09764342175577076]
840 ; 28 ; 178 ; 0 ; [0.81001251507023708] ; [1.6153751493285382]
840 ; 28 ; 178 ; 1 ; [1.0305268840055004] ; [0.9338964289002587]
840 ; 28 ; 178 ; 6 ; [0.11965070435196914] ; [0.98001805004465659]
840 ; 28 ; 178 ; 13 ; [0.27487593680042788] ; [2.6857183179665736]
840 ; 28 ; 178 ; 15 ; [0.45009159803874582] ; [1.6528427737997644]
840 ; 28 ; 179 ; 0 ; [0.63929017645160857] ; [1.7458535953988903]
840 ; 28 ; 179 ; 1 ; [0.32516139294673313] ; [1.9480288664482948]
840 ; 28 ; 179 ; 2 ; [1.1744423910128503] ; [1.9777840068177619]
840 ; 28 ; 179 ; 8 ; [0.17096292379328878] ; [0.23302798540466574]
840 ; 28 ; 179 ; 16 ; [0.93465781032939454] ; [1.5691077776114806]
840 ; 28 ; 180 ; 0 ; [0.61875978920049357] ; [1.4240002598662798]
840 ; 28 ; 180 ; 1 ; [-0.28413645199193627] ; [0.2560221989806209]
840 ; 28 ; 180 ; 3 ; [1.3198421655614672] ; [1.6387106804630618]
840 ; 28 ; 180 ; 4 ; [1.7223015408901758] ; [1.8311392143087981]
840 ; 28 ; 181 ; 1 ; [0.13450853031100296] ; [0.07406131429936022]
840 ; 28 ; 181 ; 2 ; [0.37177932595709401] ; [0.13579233749141714]
840 ; 28 ; 182 ; 0 ; [0.32363884424132061] ; [-0.37079821201909469]
840 ; 28 ; 182 ; 1 ; [0.24054081006055175, 0.33448166834674281, 0.25653192513635587, 0.52012868144768676] ; [0.053276703680894447, 0.1446826188793513, 0.42491556138349473, 0.42445669491645599]
840 ; 28 ; 183 ; 0 ; [-0.40183771233792154, -1.3085575148323838] ; [0.30132328927945617, 0.24062885580247642]
840 ; 28 ; 184 ; 0 ; [1.7359280792986567] ; [5.7232519838252722]
840 ; 28 ; 184 ; 1 ; [4.3496546119969723] ; [2.8809409206756671]
840 ; 28 ; 185 ; 1 ; [0.53093596791605124] ; [0.25691884428603617]
840 ; 28 ; 185 ; 2 ; [0.71694204606552403] ; [0.66674021631167024]
840 ; 28 ; 185 ; 3 ; [0.97858934328725367] ; [-0.067754337796163286]
840 ; 28 ; 185 ; 6 ; [1.519934587506429] ; [0.17651123910623592]
840 ; 28 ; 185 ; 10 ; [3.2822223317616559] ; [0.77350435923111449]
840 ; 28 ; 186 ; 0 ; [0.040928715906633141, 0.058736016861097091, 0.54350345983490589] ; [0.20787653632642789, 0.23397825896872021, 0.17666123157842104]
840 ; 28 ; 187 ; 0 ; [0.16303574417283412] ; [0.36907944677115712]
840 ; 28 ; 187 ; 1 ; [0.46420945708087941] ; [0.12501424046603232]
840 ; 28 ; 188 ; 0 ; [0.41140575255394407] ; [0.56708703541677585]
840 ; 28 ; 188 ; 2 ; [0.40263783004000669] ; [1.3711194321280982]
840 ; 28 ; 188 ; 3 ; [0.74143591082300164] ; [0.29406208811191936]
840 ; 28 ; 189 ; 5 ; [0.56666880914489404] ; [0.53921505979346473]
840 ; 28 ; 189 ; 6 ; [0.98540992761843604] ; [0.36791097175407106]
840 ; 28 ; 190 ; 0 ; [0.58931409324891104] ; [0.038413425777085029]
840 ; 28 ; 190 ; 1 ; [0.67640970323651384] ; [0.33418371420385212]
840 ; 28 ; 190 ; 9 ; [1.2634708398926928] ; [1.2408304592238677]
840 ; 28 ; 190 ; 13 ; [0.26962277352792063] ; [0.73703739840550531]
840 ; 28 ; 191 ; 0 ; [0.05953682487288018, 0.10846119719844811, 0.052772673805497501, 0.42812972380824921] ; [0.37448896716740521, 0.18529688082682044, 0.3166735681935462, 0.11806317432650688]
840 ; 28 ; 191 ; 1 ; [0.1723899434715101, 0.15414897937192851] ; [0.25536386246352705, 0.2066058233529435]
840 ; 28 ; 192 ; 0 ; [0.20595755611237321, 0.15954399803878633, 0.18188094899493373, 0.15962295656954109, 0.08632002029619823] ; [0.17189282050821308, 0.198434560131421, 0.24175999108112303, 0.16335756557779701, 0.13658574644662203]
840 ; 28 ; 193 ; 0 ; [0.35097105291660852] ; [0.83975506594363658]
840 ; 28 ; 193 ; 3 ; [-0.13557787285466547] ; [0.33710504346883963]
840 ; 28 ; 194 ; 1 ; [1.3034449242386967] ; [1.8842344002069278]
840 ; 28 ; 194 ; 4 ; [0.97955753736501761] ; [2.0040177662038183]
840 ; 28 ; 194 ; 8 ; [1.7002977895250082] ; [2.1889530368361516]
840 ; 28 ; 194 ; 9 ; [3.1046617683305437] ; [2.247096340820284]
840 ; 28 ; 195 ; 0 ; [0.2547647681111217, 0.0044561196459384569] ; [0.34010471267023779, 0.22043866503014775]
840 ; 28 ; 196 ; 0 ; [0.17820190563975163, 0.22878115710851832, 0.12313612009379873] ; [0.26503919327918285, 0.17238640387413065, 0.0075457159982297833]
840 ; 28 ; 197 ; 0 ; [1.5494449096392415, 0.053689811900629977, -0.10897909103199011] ; [0.56185296823614383, 0.3896701604692967, 0.15541492908591278]
840 ; 28 ; 197 ; 2 ; [0.12118787125414862] ; [0.024021522747461943]
840 ; 28 ; 197 ; 3 ; [0.1038811699910509] ; [0.14845809039473884]
840 ; 28 ; 198 ; 0 ; [0.10682909415033343] ; [0.15044719205954921]
840 ; 28 ; 198 ; 1 ; [0.26381498971672929] ; [0.5483770823520403]
840 ; 28 ; 199 ; 0 ; [-0.013830737186504179, -0.00052097642448078996, 0.018844071351893418] ; [0.18787926449504141, 0.173503380603098, 0.064921629500463693]
840 ; 28 ; 200 ; 0 ; [0.057720729755241382, 0.094333880404479681, 0.097411879952435415, 0.048780528010607213] ; [0.15884660276044071, 0.20477300668007078, 0.1993812875279152, 0.19443633910505836]
840 ; 28 ; 201 ; 0 ; [0.05540132651832351] ; [-0.0010721409636817712]
840 ; 28 ; 201 ; 1 ; [0.43928701996379454] ; [0.02254176485245037]
840 ; 28 ; 202 ; 0 ; [0.73233985749402331] ; [0.14440705834124518]
840 ; 28 ; 202 ; 1 ; [0.47090512902801529] ; [0.31755226431346201]
840 ; 28 ; 203 ; 0 ; [0.26664367028149166, 0.19797178177901309] ; [0.18062735243429101, 0.14171476808397043]
840 ; 28 ; 203 ; 1 ; [0.47430476531959131] ; [-0.0068964297477199224]
840 ; 28 ; 204 ; 0 ; [0.2313187361839763, 0.1949470902051155, 0.48839746836205628] ; [0.19622778923043896, 0.2400303744709206, 0.21122021794429]
840 ; 28 ; 205 ; 0 ; [0.17043406397480029, 0.11883326486920233, 0.12245289136389184] ; [0.25001040729324026, 0.18107434901792946, 0.19956912931034709]
840 ; 28 ; 207 ; 0 ; [0.069018648289097831, 0.059090932170621682, 0.17666430753513421, 0.065917505183285888] ; [0.15782874028958346, 0.15898346920584777, 0.32674848798718964, 0.044452284789208332]
840 ; 28 ; 208 ; 0 ; [0.33465830844543498, 0.05033107235589411] ; [0.28668963694191557, 0.035952625368484169]
840 ; 28 ; 209 ; 0 ; [0.377677351954399] ; [0.20833996925182283]
840 ; 28 ; 209 ; 1 ; [0.23283605065384905] ; [0.14190983126439882]
840 ; 28 ; 209 ; 2 ; [0.24269972509358481] ; [0.24960979939196459]
840 ; 28 ; 210 ; 0 ; [-0.012345387168930041] ; [0.43092394341999624]
840 ; 28 ; 210 ; 2 ; [0.36562431713631721] ; [0.14763743633273946]
840 ; 28 ; 211 ; 0 ; [0.37353370303897004] ; [0.26881177340315415]
840 ; 28 ; 211 ; 1 ; [0.85769483185074635, 0.1216255705598608] ; [0.020047557919279948, -0.016123930815729944]
840 ; 28 ; 212 ; 0 ; [0.7434962400485684] ; [0.83183048934619563]
840 ; 28 ; 212 ; 1 ; [0.086296900038941887] ; [-0.011611254495188241]
840 ; 28 ; 212 ; 9 ; [1.5033678681222016] ; [2.6052910599397121]
840 ; 28 ; 212 ; 12 ; [0.2483583531318572] ; [1.6750934000606585]
840 ; 28 ; 213 ; 0 ; [-0.001537723914006943] ; [0.032010015362935448]
840 ; 28 ; 213 ; 1 ; [1.7339174907237276] ; [0.5420655996544379]
840 ; 28 ; 214 ; 0 ; [2.4936125941370033] ; [0.64802818466280265]
840 ; 28 ; 214 ; 1 ; [0.14257760495040561] ; [-0.0073255818271457367]
840 ; 28 ; 214 ; 9 ; [1.5707343347729803] ; [1.3252327798655446]
840 ; 28 ; 214 ; 10 ; [1.7110354740715135] ; [2.2267833720798733]
840 ; 28 ; 215 ; 0 ; [0.077732281564354383] ; [0.060030732476727244]
840 ; 28 ; 215 ; 1 ; [0.021767541855458386, 0.021098383570964222] ; [0.032564155884803075, -0.014798554215175659]
840 ; 28 ; 215 ; 2 ; [0.22504247338822819] ; [0.16469501805550074]
840 ; 28 ; 216 ; 0 ; [2.3939754515600113] ; [0.40274287506633383]
840 ; 28 ; 216 ; 1 ; [0.51036679280565445] ; [2.1385539900040635]
840 ; 28 ; 216 ; 2 ; [0.85082700632199559] ; [1.0271056075032678]
840 ; 28 ; 216 ; 7 ; [0.17554965113432747] ; [1.0865545325871386]
840 ; 28 ; 216 ; 9 ; [0.2632037872685008] ; [1.1127725931698951]
840 ; 28 ; 216 ; 11 ; [0.047553673788644973] ; [0.99101208149067455]
840 ; 28 ; 217 ; 0 ; [-0.36976586725491933] ; [0.81698478029950716]
840 ; 28 ; 217 ; 1 ; [0.54879466417634015] ; [0.83228525251945651]
840 ; 28 ; 219 ; 0 ; [0.28131800569132692, 0.60588045048442452] ; [0.45873791435119632, 0.1568607465378693]
840 ; 28 ; 219 ; 1 ; [1.2797690736409058] ; [1.1836418011987289]
840 ; 28 ; 220 ; 0 ; [0.84569945834972682] ; [3.1962899782278291]
840 ; 28 ; 220 ; 3 ; [1.3864259795301408] ; [0.88441241782464142]
840 ; 28 ; 220 ; 7 ; [1.8253656402716341] ; [1.6998856290518853]
840 ; 28 ; 220 ; 10 ; [2.1005131578267666] ; [1.7664188711513003]
840 ; 28 ; 221 ; 0 ; [0.49888307947718546] ; [0.13759833367336238]
840 ; 28 ; 221 ; 1 ; [0.36739172399323] ; [0.03605636663263001]
840 ; 28 ; 221 ; 2 ; [0.3214900953518543] ; [0.84062274739731968]
840 ; 28 ; 222 ; 0 ; [0.01679011444905619] ; [0.1215377302986919]
840 ; 28 ; 223 ; 0 ; [0.71736604198891696] ; [0.0098986311751621606]
840 ; 28 ; 223 ; 1 ; [0.065019583125993791] ; [0.063422588797166848]
840 ; 28 ; 223 ; 4 ; [0.13984305156236895] ; [0.018100643136069103]
840 ; 28 ; 224 ; 0 ; [0.098642409728496583] ; [0.04576958477234979]
840 ; 28 ; 224 ; 1 ; [-0.048467233834297394] ; [-0.0097917489036346821]
840 ; 28 ; 224 ; 8 ; [1.041584844904869] ; [-0.1090983283036653]
840 ; 28 ; 225 ; 1 ; [3.5739038324015437] ; [1.2998213996828836]
840 ; 28 ; 225 ; 3 ; [1.3658616478432573] ; [1.4249157857550994]
840 ; 28 ; 225 ; 4 ; [3.3393127505210698] ; [0.52539860125463633]
840 ; 28 ; 225 ; 5 ; [5.580660217712639] ; [0.041783311145579483]
840 ; 28 ; 225 ; 6 ; [-0.0047087333855001402] ; [1.3381041633304134]
840 ; 28 ; 225 ; 7 ; [2.1187948405957] ; [1.535417386062363]
840 ; 28 ; 225 ; 9 ; [2.1891754522340907] ; [2.7699865070815868]
840 ; 28 ; 225 ; 12 ; [4.6013277779563779] ; [2.1351478908818535]
840 ; 28 ; 226 ; 0 ; [1.310951900137818] ; [0.62532337843729746]
840 ; 28 ; 226 ; 3 ; [-0.00094974506218069234] ; [0.76807221521173952]
840 ; 28 ; 226 ; 5 ; [9.4248322979448781e-07] ; [2.6197193500040483]
840 ; 28 ; 227 ; 1 ; [0.82808101333113526] ; [0.53161245667648338]
840 ; 28 ; 227 ; 4 ; [2.2382821666156225] ; [0.63632521074296278]
840 ; 28 ; 228 ; 0 ; [0.384211330782254] ; [0.65819877318648357]
840 ; 28 ; 228 ; 1 ; [1.020289671377379] ; [0.76806747610376813]
840 ; 28 ; 228 ; 8 ; [1.1459061499626353] ; [0.86851258042004775]
840 ; 28 ; 228 ; 9 ; [0.94904175416429193] ; [3.0571879640563866]
840 ; 28 ; 229 ; 0 ; [0.42001922378658713] ; [0.13605262116477587]
840 ; 28 ; 230 ; 0 ; [0.1703793594916356, 0.19792865443284932, 0.43447123352104577, 0.14562141163546549, 0.070774800329008292] ; [0.18946767210163934, 0.13352411526978683, 0.55846575302135248, 0.14778569888425871, 0.072302375258219767]
840 ; 28 ; 231 ; 0 ; [0.29439545643315851, 0.14884640465621271] ; [0.29711835297713979, 0.40705581946933628]
840 ; 28 ; 231 ; 1 ; [0.0052624109684099845] ; [0.060966776227324868]
840 ; 28 ; 232 ; 0 ; [0.30958509321299976, 0.99490838114175428] ; [0.41822768118581799, 0.74343620954691403]
840 ; 28 ; 232 ; 6 ; [0.291100477494939, 0.26347388613784067] ; [0.32541733574157267, 0.11594344020309631]
840 ; 28 ; 233 ; 0 ; [0.24128482448666302, 0.10199726582554275, 0.021814630733473058] ; [0.62687933899143011, 0.28591562663105807, 0.08229029738237098]
840 ; 28 ; 233 ; 1 ; [0.023434329054713734] ; [0.037248443043677845]
840 ; 28 ; 234 ; 0 ; [0.19539275636657732, 0.0089412322969644586, 0.019887406953190676, 0.022487143766487794] ; [0.30734911035082635, 0.16383614410409861, 0.17609528371170705, 0.11845129901587972]
840 ; 28 ; 235 ; 0 ; [1.7220886457252165, 0.21683091554835113] ; [0.47803539329844064, 0.28951382446506646]
840 ; 28 ; 235 ; 1 ; [0.22376587311007651] ; [0.64541136203484217]
840 ; 28 ; 235 ; 4 ; [3.0066799053239479] ; [1.5297687800036093]
840 ; 28 ; 236 ; 0 ; [0.28343604036115655, 0.1712798506748483] ; [0.21108883472998172, 0.14396186427729621]
840 ; 28 ; 236 ; 1 ; [0.22437452608543862] ; [0.1495277041908763]
840 ; 28 ; 237 ; 0 ; [0.072333285860292695, 0.075088795195652411, 0.042380604929031916, 0.044459631270140812] ; [0.12980668239727439, 0.26325467600930136, 0.20214833888391359, 0.085356042558042994]
840 ; 28 ; 238 ; 0 ; [0.13168652490023369] ; [0.10489247663019433]
840 ; 28 ; 238 ; 1 ; [0.63447936211744371] ; [0.086606560952042388]
840 ; 28 ; 239 ; 5 ; [1.8481098146030708] ; [4.4074240618700982]
840 ; 28 ; 240 ; 1 ; [0.31417898291393437] ; [0.23784260847129349]
840 ; 28 ; 240 ; 4 ; [0.069159310293413462] ; [2.046545177243702]
840 ; 28 ; 240 ; 5 ; [-0.021158733304232211] ; [3.2460184503978891]
840 ; 28 ; 240 ; 6 ; [0.021570078833528371] ; [2.2527552018423118]
840 ; 28 ; 242 ; 0 ; [1.7427986343454966] ; [2.0791695009026729]
840 ; 28 ; 242 ; 1 ; [0.30295475061756277, 0.080225032059123264, 0.037247048708301735] ; [0.71106475299802518, 0.29173713484468045, 0.12459146763685446]
840 ; 28 ; 242 ; 4 ; [0.45051071976010254] ; [0.57141191354342258]
840 ; 28 ; 243 ; 0 ; [0.51988556112882645] ; [0.31519396343145595]
840 ; 28 ; 243 ; 1 ; [0.37697065983989991] ; [0.36900691983856543]
840 ; 28 ; 243 ; 2 ; [0.34026313486386894] ; [0.20992900349573776]
840 ; 28 ; 244 ; 3 ; [2.8755421921892066] ; [0.49048290842249964]
840 ; 28 ; 245 ; 0 ; [0.0081239766331400367, 0.012147797771106772, 0.011355929703822426] ; [0.25999426012582116, 0.13876186419303502, -0.0022482917707397462]
840 ; 28 ; 246 ; 0 ; [0.12624941987047253] ; [0.38259407404243734]
840 ; 28 ; 246 ; 1 ; [0.097177450143058869] ; [0.37901238692842526]
840 ; 28 ; 246 ; 2 ; [0.1377585470393303, 0.087465366342580245, 0.19941338699251293, 0.0063312681212486163] ; [0.51257020826875854, 0.32596145980575697, 0.25945882008332211, 0.38811757002161706]
840 ; 28 ; 247 ; 0 ; [0.42686934934720022, 0.094848359193355852] ; [0.25464029903280416, 0.068581442665445913]
840 ; 28 ; 248 ; 0 ; [0.16637598640847279, 0.17995339380149497, 0.12154684811797101] ; [0.29945848994184038, 0.17699632148733355, 0.14274858286257344]
840 ; 28 ; 249 ; 0 ; [1.3678660233251625] ; [0.71063467796716639]
840 ; 28 ; 249 ; 2 ; [2.0527920948809624] ; [0.71228831480123889]
840 ; 28 ; 249 ; 3 ; [2.2295861476370704] ; [0.7752195558349011]
840 ; 28 ; 249 ; 6 ; [1.4813015880857856] ; [2.4043183650516489]
840 ; 28 ; 249 ; 15 ; [1.9831417450402811] ; [2.072923515869499]
840 ; 28 ; 250 ; 0 ; [0.89702631758658957] ; [1.7521080231563477]
840 ; 28 ; 250 ; 2 ; [6.6017032211645983] ; [0.33282524913865691]
840 ; 28 ; 250 ; 3 ; [2.3296915235725071] ; [1.4542190533730279]
840 ; 28 ; 250 ; 4 ; [0.70406302889623584] ; [1.5037686369828076]
840 ; 28 ; 250 ; 5 ; [1.0825975284965532] ; [0.44628346324528029]
840 ; 28 ; 250 ; 7 ; [1.4601338263111956] ; [1.3102205047181064]
840 ; 28 ; 250 ; 8 ; [1.063455539837928] ; [1.8539767374418643]
840 ; 28 ; 250 ; 9 ; [1.1132622594629964] ; [0.72421695093397775]
840 ; 28 ; 250 ; 13 ; [1.0019563177188155] ; [1.443505874072446]
840 ; 28 ; 250 ; 15 ; [0.43372641249843674] ; [1.480258622197945]
840 ; 28 ; 250 ; 19 ; [1.7787612579843544] ; [3.0358413436526916]
840 ; 28 ; 250 ; 22 ; [1.2848595516400312] ; [0.52992499162830109]
840 ; 28 ; 251 ; 0 ; [0.38684397277019622] ; [0.20816612374785709]
840 ; 28 ; 251 ; 1 ; [0.28496529361766632] ; [0.12992651553420484]
840 ; 28 ; 252 ; 0 ; [3.76284125271494, 0.17236138736592141] ; [0.70468345111571273, 0.24172055199906728]
840 ; 28 ; 252 ; 9 ; [0.40037554280604692] ; [1.955493804741022]
840 ; 28 ; 253 ; 1 ; [0.075928922679433825] ; [0.13800153959193323]
840 ; 28 ; 254 ; 0 ; [0.22031258881412866] ; [0.68300997719162537]
840 ; 28 ; 254 ; 2 ; [0.053261057857770154] ; [0.15889019266556964]
840 ; 28 ; 254 ; 3 ; [0.51594508250668125] ; [0.1376579031949117]
840 ; 28 ; 254 ; 5 ; [0.068508529537027088] ; [0.40593228362207517]
840 ; 28 ; 256 ; 0 ; [0.044770350465484519, 0.071209362983033112, -0.0050784169044535751] ; [0.12920677933316063, 0.14198292041906582, 0.16128841223202481]
840 ; 28 ; 256 ; 1 ; [-0.00082063633446217423, 0.020569136668158051] ; [0.17363255560661831, 0.016340863724806549]
840 ; 28 ; 257 ; 0 ; [2.79250904661115] ; [1.0751272667684777]
840 ; 28 ; 257 ; 1 ; [0.5482460046858002] ; [0.20120809595238975]
840 ; 28 ; 257 ; 3 ; [0.66080485300634428] ; [0.026892092182284243]
840 ; 28 ; 257 ; 12 ; [1.4693843362455952] ; [1.2626533709304939]
840 ; 28 ; 257 ; 22 ; [0.79651563395745273] ; [1.8536425975295321]
840 ; 28 ; 257 ; 24 ; [0.99190300654195085] ; [1.4571525546143882]
840 ; 28 ; 258 ; 0 ; [1.0750610839348242] ; [1.0901189290395579]
840 ; 28 ; 258 ; 1 ; [0.71419589374170478] ; [1.5773424504320932]
840 ; 28 ; 258 ; 4 ; [1.7101243405838524] ; [0.81946054018376624]
840 ; 28 ; 258 ; 6 ; [1.5220612970256171] ; [1.6232652407879213]
840 ; 28 ; 258 ; 9 ; [1.1418038682968337] ; [0.75932734011443437]
840 ; 28 ; 258 ; 14 ; [1.7266544896388971, 0.67667229564549825] ; [0.56691419665761145, 0.66697525755475628]
840 ; 28 ; 259 ; 0 ; [0.46449426988442194, 0.33711986736181959, 0.22282403013795307, 0.041213603206643502] ; [0.3227170586952276, 0.16666825333105795, 0.14537966897314311, 0.42053953703340269]
840 ; 28 ; 259 ; 1 ; [0.14152677574833672] ; [0.035549125636072716]
840 ; 28 ; 260 ; 0 ; [-0.007524434925382322] ; [0.12557275272225665]
840 ; 28 ; 261 ; 3 ; [0.093521703292690786] ; [1.6310141764689521]
840 ; 28 ; 261 ; 11 ; [0.6406745506469832] ; [0.67848774048288929]
840 ; 28 ; 262 ; 0 ; [2.0685663070946201] ; [1.0095960660902894]
840 ; 28 ; 262 ; 3 ; [4.9187134270431487] ; [1.8519034819379281]
840 ; 28 ; 262 ; 5 ; [0.33476948032730341] ; [1.4596514958738513]
840 ; 28 ; 262 ; 8 ; [1.0443015050315831] ; [0.81104687210183735]
840 ; 28 ; 262 ; 12 ; [1.574434957078414] ; [2.0573855708730457]
840 ; 28 ; 263 ; 0 ; [0.097995632053463635] ; [0.29214077137065747]
840 ; 28 ; 263 ; 1 ; [0.51988734787630453, 0.32885374771775455, 0.50494176209908315, 0.21539985009627202] ; [0.13124753219142371, 0.32386035319497691, 0.50179903418778471, 0.34859953343093897]
840 ; 28 ; 264 ; 1 ; [2.8846833237340928] ; [1.5889038017587065]
840 ; 28 ; 264 ; 10 ; [1.4041472673717277] ; [2.9334998415516096]
840 ; 28 ; 264 ; 11 ; [1.4412390748643775] ; [1.1927077899464948]
840 ; 28 ; 265 ; 0 ; [0.63886089853821471] ; [0.55461279701348531]
840 ; 28 ; 265 ; 2 ; [1.5441743612284167] ; [0.9944543925350926]
840 ; 28 ; 265 ; 9 ; [1.3338247251611359] ; [0.33233756210484305]
840 ; 28 ; 266 ; 0 ; [0.1817075311242565, 0.0902443213050627, 0.010910800632208813] ; [0.38843299297689388, 0.32493994289994965, 0.033925633613706943]
840 ; 28 ; 267 ; 0 ; [1.4994724212803938] ; [0.92304502234681518]
840 ; 28 ; 267 ; 1 ; [0.39927631229108584] ; [0.56495485908834298]
840 ; 28 ; 267 ; 3 ; [0.55644829861881251] ; [0.75147623080776915]
840 ; 28 ; 267 ; 4 ; [0.72053833998373829] ; [0.15751131040483157]
840 ; 28 ; 267 ; 5 ; [1.4938791767259061] ; [2.3731232704521852]
840 ; 28 ; 267 ; 7 ; [0.76739311344929639] ; [0.37436825815779251]
840 ; 28 ; 267 ; 11 ; [0.30877217922528521] ; [0.72648133296814954]
840 ; 28 ; 267 ; 16 ; [0.99604628371172266] ; [2.1608377781903965]
840 ; 28 ; 267 ; 19 ; [1.2443100371414699] ; [0.85595627338116609]
840 ; 28 ; 267 ; 22 ; [2.317777733921198] ; [1.118010331351279]
840 ; 28 ; 267 ; 24 ; [4.1593608823603976] ; [1.3663933146096274]
840 ; 28 ; 267 ; 25 ; [1.8043507350041719] ; [0.85302062235617537]
840 ; 28 ; 267 ; 28 ; [1.1741296336022253] ; [2.7805772896958141]
840 ; 28 ; 267 ; 29 ; [0.55296000394600886] ; [1.7071302172099985]
840 ; 28 ; 268 ; 0 ; [1.0503988709735868, 0.93978776766077077] ; [0.41565299982016429, -0.018838597601763526]
840 ; 28 ; 268 ; 1 ; [0.37401697810167123] ; [0.30791044240369952]
840 ; 28 ; 268 ; 4 ; [0.45980073831812751] ; [-0.019551356226567389]
840 ; 28 ; 269 ; 0 ; [0.067597431479611836] ; [0.21950255460439075]
840 ; 28 ; 269 ; 1 ; [1.7501131301632225] ; [0.64131785481233183]
840 ; 28 ; 269 ; 2 ; [0.21026401213006568] ; [1.4505317091300221]
840 ; 28 ; 269 ; 3 ; [0.13938707314978496] ; [0.070876242687269206]
840 ; 28 ; 269 ; 10 ; [0.35833905983875719] ; [-0.0085250244883825297]
840 ; 28 ; 270 ; 1 ; [0.7839832374285669] ; [-0.009879083363514618]
840 ; 28 ; 271 ; 0 ; [0.35789084297844675, 0.24851794364381954, 0.19637553581241923, 0.28964547854262745] ; [0.18006051966597575, 0.30956202864356192, 0.15564369234447395, 0.085598961705140059]
840 ; 28 ; 271 ; 1 ; [0.18856538011443666] ; [0.017166073971426936]
840 ; 28 ; 272 ; 0 ; [0.016507757358969474] ; [-0.0032063048977675718]
840 ; 28 ; 273 ; 1 ; [1.7117888501254008] ; [1.8505504249151841]
840 ; 28 ; 273 ; 9 ; [1.442937043129868] ; [1.3241922852757315]
840 ; 28 ; 274 ; 0 ; [0.094083595330768988, 0.22280693494109211, 0.62716966468257029] ; [0.50414930111944189, 0.23352802470018383, 0.17839216698316357]
840 ; 28 ; 275 ; 0 ; [0.13429373197564198, 0.060596897769811121, 0.015147543282550475] ; [0.16384271066553996, 0.18491148050679224, 0.067713866877913864]
840 ; 28 ; 275 ; 1 ; [0.093398126441865931] ; [0.012104205596256553]
840 ; 28 ; 276 ; 0 ; [0.29505597210733314] ; [1.0966780276844743]
840 ; 28 ; 276 ; 3 ; [1.5396164210226992] ; [1.1242242164604181]
840 ; 28 ; 276 ; 4 ; [7.7063390058176111] ; [0.55307890177593355]
840 ; 28 ; 276 ; 5 ; [2.5598024806347355] ; [1.4900374106698662]
840 ; 28 ; 276 ; 7 ; [0.077503580549850987] ; [1.8394025919715631]
840 ; 28 ; 276 ; 8 ; [0.46098263181657995] ; [5.967464412556863]
840 ; 28 ; 276 ; 9 ; [0.43989616316146579] ; [1.8764384932267189]
840 ; 28 ; 276 ; 10 ; [0.43247716245934259] ; [1.2900106663762549]
840 ; 28 ; 276 ; 11 ; [0.43015656231271054] ; [2.9749171188936465]
840 ; 28 ; 276 ; 14 ; [4.2806299449649297] ; [2.2383344369128606]
840 ; 28 ; 277 ; 0 ; [0.30779014534107274, 0.4450869477114251] ; [0.17999521927585985, 0.1657447449456777]
840 ; 28 ; 278 ; 0 ; [0.184753933392487, 0.3096253146756483, 0.27967443165543243] ; [0.084416690852037665, 0.17082163230405784, 0.2946244598553972]
840 ; 28 ; 279 ; 0 ; [0.18148057770834861, 0.23584655574679467, 0.2362101240907338, 0.10423751089302709] ; [0.15175795808574888, 0.1685773790084229, 0.27225245193928005, 0.013675419643746934]
840 ; 28 ; 281 ; 0 ; [0.030101357792760481, 0.034905154304998035, 0.071860121872456717, 0.082775950168557752] ; [0.40897100191847668, 0.22818852995152122, 0.32399525685795433, 0.26407428712715297]
840 ; 28 ; 281 ; 1 ; [0.014743551296308556, 0.014520096665408178] ; [0.33548741040460023, 0.19204451698678807]
840 ; 28 ; 282 ; 0 ; [-0.0054560168208362221, 0.0063301991882381992] ; [0.34120990695047032, 0.16934085519541528]
840 ; 28 ; 283 ; 0 ; [0.10667558899528302, 0.044422621533412879] ; [0.14919776722638811, 0.038075823290405653]
840 ; 28 ; 283 ; 1 ; [0.046020572529332691] ; [0.11800439326398947]
840 ; 28 ; 284 ; 0 ; [0.47979770246989151, 0.32454002009205096] ; [5.2413684363167459, 4.9214654984014654]
840 ; 28 ; 284 ; 3 ; [-0.14488060094390726] ; [0.38196013655667693]
840 ; 28 ; 284 ; 8 ; [1.1345036102709227] ; [0.60943610959827665]
840 ; 28 ; 284 ; 13 ; [1.6921911171526973] ; [0.23202221969141198]
840 ; 28 ; 284 ; 14 ; [0.031502084800047889] ; [2.1976584456806871]
840 ; 28 ; 285 ; 0 ; [0.13109459787368469] ; [0.019398182482126859]
840 ; 28 ; 285 ; 1 ; [0.034467281077589493] ; [0.076452687187772123]
840 ; 28 ; 285 ; 2 ; [0.65835115935747646] ; [-0.087664587316844927]
840 ; 28 ; 286 ; 0 ; [0.71719919050087544] ; [0.19007080568730125]
840 ; 28 ; 286 ; 1 ; [0.31487637997880535] ; [0.48319398403538671]
840 ; 28 ; 286 ; 2 ; [2.0808332916549444] ; [0.28457842594939481]
840 ; 28 ; 286 ; 3 ; [1.1660364360964528] ; [0.37495860517361385]
840 ; 28 ; 286 ; 10 ; [0.049347564183472824] ; [0.28975129070291838]
840 ; 28 ; 286 ; 12 ; [4.26578239327094] ; [3.5597699663178477]
840 ; 28 ; 286 ; 14 ; [0.21819373991957228] ; [1.8976114331100082]
840 ; 28 ; 286 ; 19 ; [0.065070854037169459] ; [1.622019023597278]
840 ; 28 ; 286 ; 20 ; [0.052095473768618734] ; [1.7930823262393865]
840 ; 28 ; 286 ; 22 ; [1.2550283946701248] ; [1.5122927998079241]
840 ; 28 ; 286 ; 26 ; [0.96157778046721376] ; [0.55080127659728517]
840 ; 28 ; 286 ; 28 ; [3.0610731677235763] ; [0.77258919011430738]
840 ; 28 ; 287 ; 0 ; [0.33347066346141108, 0.18236863763926325, 0.19288550236451488] ; [0.30821461089026314, 0.23597018789393537, 0.47568949976521796]
840 ; 28 ; 287 ; 1 ; [-0.044538587560484851] ; [0.050681482008491027]
840 ; 28 ; 287 ; 3 ; [0.93242841310064906] ; [0.023975720433518977]
840 ; 28 ; 288 ; 0 ; [1.5341766398780665] ; [0.19493069962617662]
840 ; 28 ; 288 ; 1 ; [0.49638719131126491] ; [0.51925217744243224]
840 ; 28 ; 288 ; 2 ; [0.1997206054584614] ; [0.41936663635410337]
840 ; 28 ; 288 ; 3 ; [0.13353490569851581] ; [1.1966748637221227]
840 ; 28 ; 288 ; 5 ; [1.1522502702490318] ; [0.6914586777273477]
840 ; 28 ; 288 ; 19 ; [0.57713214565350668] ; [0.025982946781474784]
840 ; 28 ; 290 ; 0 ; [0.16116761186917267] ; [0.027121944657147484]
840 ; 28 ; 290 ; 7 ; [1.7398293653584185] ; [1.2557325612614008]
840 ; 28 ; 291 ; 0 ; [0.33363379555955802, 0.29620979602294722] ; [0.15850707440221368, 0.25142003219995734]
840 ; 28 ; 292 ; 0 ; [1.0741390302245293] ; [1.0158207954852518]
840 ; 28 ; 292 ; 1 ; [1.0166741848819438] ; [0.82691064318258101]
840 ; 28 ; 292 ; 2 ; [0.98433505673553878] ; [0.8690198082317051]
840 ; 28 ; 292 ; 8 ; [3.0819275990871025] ; [1.0134605710974747]
840 ; 28 ; 293 ; 0 ; [0.54467600738413224] ; [0.75835975864859073]
840 ; 28 ; 293 ; 8 ; [1.5437992025562188] ; [0.63574235731894047]
840 ; 28 ; 293 ; 12 ; [-0.50275443067928838] ; [1.206390580870808]
840 ; 28 ; 295 ; 0 ; [0.13212221712326386] ; [0.19208435848423391]
840 ; 28 ; 296 ; 0 ; [0.16921912422445007] ; [0.59352679847698964]
840 ; 28 ; 296 ; 3 ; [1.1294816860239878] ; [0.263444693373313]
840 ; 28 ; 297 ; 0 ; [0.20126460764616108] ; [0.15801943064075874]
840 ; 28 ; 297 ; 1 ; [3.0774101895964625] ; [0.15093968321809817]
840 ; 28 ; 297 ; 4 ; [0.78072201367633465] ; [1.1177408711162204]
840 ; 28 ; 297 ; 7 ; [0.47192927864856393] ; [1.0595766904844479]
840 ; 28 ; 297 ; 10 ; [0.82634654622773074] ; [3.9113656521997466]
840 ; 28 ; 298 ; 0 ; [0.28917861770936276, 0.41008597195067825] ; [0.45428007055758157, 0.15990336298765329]
840 ; 28 ; 298 ; 1 ; [0.14814409292629527] ; [0.094189795782705546]
840 ; 28 ; 298 ; 2 ; [0.12881543715705776] ; [0.74647531929824584]
840 ; 28 ; 298 ; 3 ; [0.030536244851141491] ; [1.2391640406533344]
840 ; 28 ; 298 ; 4 ; [-0.11730030893801556] ; [0.5959744627675807]
840 ; 28 ; 299 ; 0 ; [0.20832433784971471, 0.062031202495550178] ; [0.098426856940577095, 0.003566259765351334]
840 ; 28 ; 299 ; 1 ; [0.51863619245977466] ; [-0.004241401801224955]
840 ; 28 ; 300 ; 1 ; [0.60668132700851751] ; [2.0745420847490941]
840 ; 28 ; 300 ; 3 ; [0.31835659690938384] ; [1.4607035290543202]
840 ; 28 ; 300 ; 4 ; [2.3786442230820874] ; [2.6406867176602353]
840 ; 28 ; 300 ; 7 ; [0.39207527992946095] ; [1.3708664160986912]
840 ; 28 ; 301 ; 0 ; [0.27492988117857209] ; [0.17891189837556548]
840 ; 28 ; 301 ; 1 ; [0.037600867374617722] ; [0.34995534456253896]
840 ; 28 ; 301 ; 4 ; [0.35083287069926161] ; [0.32963205302446147]
840 ; 28 ; 301 ; 7 ; [0.9514417932865149] ; [1.1335972795704587]
840 ; 28 ; 302 ; 0 ; [0.14077391282682161, 0.2504474794499586, 0.099016780313054428, 0.23915829117625753] ; [0.25821224217928052, 0.15384752663503312, 0.12113706959269775, 0.088884292398336812]
840 ; 28 ; 304 ; 0 ; [0.28346356249626303, -0.0092960640203542701] ; [0.37761083806820528, 0.14209651012701002]
840 ; 28 ; 306 ; 0 ; [0.7761498778525604] ; [1.3611576842656941]
840 ; 28 ; 306 ; 5 ; [0.26261469669377774] ; [0.17199350844804911]
840 ; 28 ; 308 ; 0 ; [0.12080616750946026, 0.44077761868014365, 2.2523911137821044] ; [0.32044667629162987, 0.60380088330676707, 0.45521445166243507]
840 ; 28 ; 308 ; 1 ; [0.7936600747643886] ; [0.16518693149231889]
840 ; 28 ; 310 ; 1 ; [0.62786598774465852] ; [0.03478233388003564]
840 ; 28 ; 310 ; 2 ; [0.03868370218078418] ; [0.21666082961406119]
840 ; 28 ; 310 ; 3 ; [3.6191820203158791] ; [1.4329148444347788]
840 ; 28 ; 310 ; 6 ; [2.9280217210188781] ; [1.4150499038056588]
840 ; 28 ; 310 ; 9 ; [2.7505123939522158] ; [2.0008630943346559]
840 ; 28 ; 311 ; 0 ; [0.0235659712345214, 0.055877716611404345, 0.013541286516498075, 0.02477630295622878, -0.025931957016874708] ; [0.26979822486287452, 0.16886808609885753, 0.25351586514936963, 0.1558311127171173, 0.13383209353827877]
840 ; 28 ; 311 ; 1 ; [0.024369854572238267] ; [0.20123322664917734]
840 ; 28 ; 312 ; 0 ; [0.79416302768511782, 0.5123527293850777, 0.44501826886145135] ; [0.62943887820135391, 0.44776736726291066, 0.1893969425943608]
840 ; 28 ; 312 ; 1 ; [1.7284207914444361] ; [0.065859584280584679]
840 ; 28 ; 313 ; 0 ; [0.87514608840036889] ; [0.46464186600597568]
840 ; 28 ; 313 ; 1 ; [0.52145186790493958] ; [0.002300851151075296]
840 ; 28 ; 313 ; 2 ; [0.56086400376540591] ; [0.20712173880321239]
840 ; 28 ; 313 ; 3 ; [0.52073802241884815] ; [0.24713447933551072]
840 ; 28 ; 313 ; 15 ; [0.010026143880487632] ; [0.35486288829558738]
840 ; 28 ; 313 ; 19 ; [1.5023710453088739] ; [0.88139314074015696]
840 ; 28 ; 314 ; 0 ; [0.57422225862738252] ; [0.13034293012757628]
840 ; 28 ; 314 ; 1 ; [-0.0065467270099448709] ; [0.013280396810970981]
840 ; 28 ; 314 ; 3 ; [2.0280204037216309] ; [3.5754340222691043]
840 ; 28 ; 314 ; 5 ; [0.01336609814551879] ; [5.7663163182203032]
840 ; 28 ; 315 ; 0 ; [3.2423873912940535] ; [0.7445935214675673]
840 ; 28 ; 315 ; 5 ; [1.0799651046211673] ; [0.99985966937210546]
840 ; 28 ; 316 ; 0 ; [0.17006642488983564, 0.06607203309108263, 0.10151981748910376] ; [0.1547300541628977, 0.20675579582179371, 0.16485022813736569]
840 ; 28 ; 316 ; 3 ; [0.16833595831636269] ; [0.24555988121842556]
840 ; 28 ; 317 ; 0 ; [0.51898154473440283] ; [0.26266360490895374]
840 ; 28 ; 319 ; 0 ; [0.30677278498266297, 0.063087606823303471] ; [0.68278426940784565, 0.085323760240847743]
840 ; 28 ; 319 ; 1 ; [0.70514794199245534] ; [0.037543551603070449]
840 ; 28 ; 320 ; 0 ; [0.40256060387893378, -0.0056829702662974484] ; [0.19352997921559228, 0.11404804576944068]
840 ; 28 ; 320 ; 1 ; [0.51208150894506299] ; [-0.0073514609052086465]
840 ; 28 ; 321 ; 0 ; [0.010371591592371847] ; [0.19391934100233554]
840 ; 28 ; 321 ; 1 ; [2.3446281410824672] ; [0.6319883940733465]
840 ; 28 ; 321 ; 2 ; [0.28651896992683606] ; [1.1008553197784796]
840 ; 28 ; 321 ; 3 ; [0.98949054802183278] ; [0.32034220240506917]
840 ; 28 ; 322 ; 0 ; [0.36769670991616721] ; [0.28544237257276472]
840 ; 28 ; 324 ; 1 ; [1.8320057211983247] ; [0.13213781186955909]
840 ; 28 ; 324 ; 3 ; [1.1920528809541202] ; [1.1673419203456465]
840 ; 28 ; 324 ; 7 ; [0.83111780433026239] ; [0.52145134981118324]
840 ; 28 ; 324 ; 8 ; [0.83575893290806236] ; [1.4776951269599747]
840 ; 28 ; 324 ; 9 ; [0.7319889608328074] ; [1.9740426502983965]
840 ; 28 ; 324 ; 10 ; [0.73727456515413015] ; [0.75599038596498747]
840 ; 28 ; 325 ; 0 ; [0.0041420935101666168, 0.062154795723868575] ; [0.031486973718400806, 0.13359066329691446]
840 ; 28 ; 326 ; 0 ; [0.36263648262378179] ; [1.8231835064840327]
840 ; 28 ; 326 ; 1 ; [3.2550834677446985] ; [0.48268467249907787]
840 ; 28 ; 326 ; 2 ; [1.4643425722084484] ; [1.4372261703631271]
840 ; 28 ; 326 ; 3 ; [0.7204394899199863] ; [1.8239421382587202]
840 ; 28 ; 326 ; 5 ; [1.1830080557979028] ; [5.6899582546461565]
840 ; 28 ; 326 ; 6 ; [2.0601554828052731] ; [1.1539240885791067]
840 ; 28 ; 326 ; 7 ; [4.0805096600734796] ; [1.1506174184615328]
840 ; 28 ; 327 ; 0 ; [0.27500008310941815, 0.41328185831756309, 0.31356715423186943] ; [0.49450944689749243, 0.42260749839999695, 0.13581858199623112]
840 ; 28 ; 327 ; 1 ; [0.095945542458906949] ; [0.12197239894667124]
840 ; 28 ; 327 ; 2 ; [0.64758023608936144] ; [0.19371328561689813]
840 ; 28 ; 327 ; 3 ; [0.4308692919785983] ; [0.33477595120540499]
840 ; 28 ; 328 ; 0 ; [0.34973739931409314] ; [0.30802000721995132]
840 ; 28 ; 329 ; 0 ; [0.90104092476209974] ; [0.012720255540028464]
840 ; 28 ; 329 ; 2 ; [5.5109568820731818] ; [1.6317971918337455]
840 ; 28 ; 329 ; 6 ; [1.8152385016397532] ; [0.62407244327947842]
840 ; 28 ; 329 ; 9 ; [2.1162870757708272] ; [0.60376482028903444]
840 ; 28 ; 329 ; 11 ; [0.77418801148385086] ; [1.4444344732797911]
840 ; 28 ; 329 ; 19 ; [0.32609690142100772] ; [1.0968840780116114]
840 ; 28 ; 329 ; 20 ; [0.6373964743394176] ; [0.97468080059766493]
840 ; 28 ; 330 ; 0 ; [0.090304489636000726] ; [0.096364405587086616]
840 ; 28 ; 330 ; 1 ; [-0.038816769964192678] ; [0.063808400752676089]
840 ; 28 ; 330 ; 2 ; [0.0081304592673922312] ; [0.082114983056855467]
840 ; 28 ; 331 ; 0 ; [0.17401168464690783] ; [0.37304734950984342]
840 ; 28 ; 331 ; 1 ; [1.307207547211493] ; [0.7187046368327944]
840 ; 28 ; 331 ; 2 ; [0.80299134243538495] ; [0.73269427095249462]
840 ; 28 ; 331 ; 3 ; [1.8527656593735999] ; [0.24182266774504496]
840 ; 28 ; 331 ; 7 ; [0.024171909490805513] ; [0.5442241942721967]
840 ; 28 ; 331 ; 9 ; [0.74541380103325006] ; [0.38405194914794089]
840 ; 28 ; 332 ; 0 ; [0.1234541807200326, 0.07781859476466492, 0.064527825159747074] ; [0.25395397820446652, 0.22542436157558451, 0.388318617380838]
840 ; 28 ; 332 ; 1 ; [0.21056088751595481] ; [0.083250867166505454]
840 ; 28 ; 333 ; 0 ; [0.58788357966855209, 0.3839267529774863, 0.27396360269950992, 0.55133805800389191] ; [0.47187211742978763, 0.2125975622059503, 0.21021501469120588, 0.18906312254249028]
840 ; 28 ; 333 ; 1 ; [0.061539851820654586] ; [0.119564646373996]
840 ; 28 ; 334 ; 0 ; [0.15655907532367139, 0.28888699016463931] ; [0.13987743013523757, 0.45137407971942695]