# Run ; Subrun ; Event ; Track ; Charge Ratios View 0 ; Charge Ratios View 1 #
840 ; 80 ; 0 ; 0 ; [0.013392968008457833] ; [0.37716209606864542]
840 ; 80 ; 1 ; 0 ; [0.3316966276948714] ; [0.12731865481821697]
840 ; 80 ; 1 ; 1 ; [0.26663533774505543] ; [0.45046123986555731]
840 ; 80 ; 1 ; 2 ; [0.1733593175604688] ; [0.10789426324466359]
840 ; 80 ; 2 ; 0 ; [0.32654005662220342] ; [0.058852018213917737]
840 ; 80 ; 2 ; 1 ; [0.92399318709547085] ; [1.0821411034080655]
840 ; 80 ; 2 ; 2 ; [1.5063445811682008] ; [0.70413473997951792]
840 ; 80 ; 2 ; 3 ; [0.29834845656871672] ; [0.0038568466264659643]
840 ; 80 ; 2 ; 4 ; [0.043472368154597728] ; [0.87126730815983877]
840 ; 80 ; 2 ; 5 ; [0.56067607342718517] ; [0.21778576968584476]
840 ; 80 ; 2 ; 6 ; [1.7058964058971975] ; [0.017302634549301407]
840 ; 80 ; 3 ; 0 ; [0.67263499621085965] ; [0.10399094105128176]
840 ; 80 ; 3 ; 1 ; [1.7044646927733742] ; [1.6939781076903424]
840 ; 80 ; 4 ; 0 ; [0.58343956458585777] ; [1.7447699664941376]
840 ; 80 ; 4 ; 3 ; [1.9086434424012533] ; [1.4994317449540684]
840 ; 80 ; 4 ; 4 ; [1.5830925642449045] ; [0.99527303631822162]
840 ; 80 ; 4 ; 7 ; [0.071113922195675444] ; [5.2217588228277618]
840 ; 80 ; 4 ; 10 ; [0.027051539509679975] ; [3.9562244514873837]
840 ; 80 ; 4 ; 19 ; [1.5547599412809445] ; [1.1099909939835544]
840 ; 80 ; 4 ; 20 ; [1.0968189386859077] ; [6.4894820396875357]
840 ; 80 ; 5 ; 0 ; [0.25031119575071392, 0.94025643459086938] ; [0.17780505213054393, 0.1312543730085228]
840 ; 80 ; 6 ; 0 ; [0.13261112962744281, 0.0022895316789266242] ; [0.23101012847591787, 0.31796513855896957]
840 ; 80 ; 7 ; 0 ; [0.45100853037429178] ; [0.75454939975046631]
840 ; 80 ; 7 ; 1 ; [1.8436085550958667] ; [0.76585133300582398]
840 ; 80 ; 7 ; 2 ; [1.7883324553896982] ; [0.5152749889194469]
840 ; 80 ; 7 ; 4 ; [0.3961939664632857] ; [0.68417773414759242]
840 ; 80 ; 8 ; 0 ; [2.4533090009947607, 1.9132401890665245] ; [0.51838243497658687, 0.76522593365645142]
840 ; 80 ; 8 ; 3 ; [1.9729188991887214] ; [1.7492309732162592]
840 ; 80 ; 8 ; 5 ; [1.134800758391731] ; [1.2947973490545892]
840 ; 80 ; 8 ; 6 ; [1.996479821204552] ; [0.041249873998112023]
840 ; 80 ; 8 ; 8 ; [1.4552110058455487] ; [0.89130680220277281]
840 ; 80 ; 8 ; 25 ; [0.42920216389161436] ; [0.79443104223036942]
840 ; 80 ; 8 ; 28 ; [1.0513861845987298] ; [2.6364153211639914]
840 ; 80 ; 9 ; 0 ; [0.98865771062203234] ; [0.65745468682688246]
840 ; 80 ; 9 ; 2 ; [0.050560406118502613] ; [0.13043831138815046]
840 ; 80 ; 10 ; 0 ; [0.44796891479052109, 0.1730365165092953] ; [-0.011460572080752475, 0.042184958924644016]
840 ; 80 ; 10 ; 1 ; [-1.7751959488901359] ; [0.098977473198554211]
840 ; 80 ; 10 ; 8 ; [0.18154532582147034] ; [0.073662057784502952]
840 ; 80 ; 11 ; 0 ; [0.05088171710876993, 0.070770563884425999, 0.046348187275336121, 0.097594595114712079, 0.21117334242797836] ; [0.18126064590192867, 0.33748872061151364, 0.15007027643695717, 0.28712000288977718, 0.19743720333161996]
840 ; 80 ; 12 ; 0 ; [0.13392466173418599, 0.1138413606287095] ; [0.82437847534335917, 0.43650200082116758]
840 ; 80 ; 12 ; 9 ; [0.32666714746975434, 0.29286723427755446] ; [1.2993143067904727, 1.1842035391352983]
840 ; 80 ; 12 ; 10 ; [2.5511496219294472] ; [1.3982708402937929]
840 ; 80 ; 13 ; 3 ; [0.1401044159447376, 0.15561546055725514, 0.094981136902882721, 0.55872690005644876] ; [0.15339835721946504, 0.25915039215305596, 0.14816752944436237, 0.1722690523215501]
840 ; 80 ; 14 ; 1 ; [0.9075987856038632] ; [0.95313013406932801]
840 ; 80 ; 14 ; 2 ; [1.9528689132255588] ; [0.96223775830526281]
840 ; 80 ; 14 ; 3 ; [1.9467818541569573] ; [0.49490454845894016]
840 ; 80 ; 14 ; 14 ; [1.2616580026263049] ; [0.18579089763984305]
840 ; 80 ; 15 ; 0 ; [0.42946407974370815] ; [0.56743678673375064]
840 ; 80 ; 15 ; 2 ; [0.1547419737366881] ; [0.30920054901682764]
840 ; 80 ; 15 ; 3 ; [0.1570611837919603] ; [0.79506109393406477]
840 ; 80 ; 16 ; 0 ; [0.26802414286265891] ; [0.19010303662141323]
840 ; 80 ; 16 ; 1 ; [0.20359253171126218, 0.096222781228526399] ; [0.22457995268552194, 0.053306842953841686]
840 ; 80 ; 16 ; 2 ; [0.8956550338728666] ; [0.15868709856707691]
840 ; 80 ; 17 ; 1 ; [0.46947010794909333] ; [0.35147919611147621]
840 ; 80 ; 18 ; 0 ; [0.312749415538149] ; [0.060159724011946747]
840 ; 80 ; 19 ; 0 ; [0.1233099422048889, 0.24224206652235669] ; [0.19300878727233592, 0.26557999236881602]
840 ; 80 ; 19 ; 1 ; [0.26525723004355645] ; [0.27792287207870064]
840 ; 80 ; 20 ; 0 ; [0.1975206542951615] ; [-0.022127276284377127]
840 ; 80 ; 21 ; 1 ; [0.10036891445626238] ; [0.12596952304169987]
840 ; 80 ; 22 ; 0 ; [0.23605661596508495, 0.015171808789686764] ; [0.24826788123054722, 0.005613068371349653]
840 ; 80 ; 22 ; 1 ; [0.57272210972865656] ; [0.15255345044781105]
840 ; 80 ; 23 ; 0 ; [0.5701701634152283] ; [1.8875908948404014]
840 ; 80 ; 23 ; 2 ; [2.5088952242205003] ; [2.401701934496197]
840 ; 80 ; 23 ; 11 ; [2.9852677389769005] ; [1.4103188038963979]
840 ; 80 ; 23 ; 12 ; [3.09757835203586] ; [1.1601624682852396]
840 ; 80 ; 24 ; 0 ; [0.27422092634475054] ; [0.14911665357670642]
840 ; 80 ; 24 ; 1 ; [0.17480284498659121] ; [0.056646410975530762]
840 ; 80 ; 24 ; 2 ; [0.2450440524930099, 0.4069436953058731] ; [0.27389274750581299, 0.39300000504757321]
840 ; 80 ; 24 ; 4 ; [0.22495233053685657] ; [0.22224325497259576]
840 ; 80 ; 25 ; 0 ; [0.52210706038026311] ; [0.49645610113964589]
840 ; 80 ; 25 ; 1 ; [0.16823543000871602, 0.86218097342521771] ; [0.051021856951364901, 0.11003286755074072]
840 ; 80 ; 25 ; 2 ; [1.2235736499791725] ; [1.016610538559366]
840 ; 80 ; 25 ; 5 ; [0.87720689843533206] ; [0.62456057920632357]
840 ; 80 ; 26 ; 0 ; [0.34499364555983542] ; [0.33599466504448267]
840 ; 80 ; 26 ; 1 ; [1.2483537901426973] ; [0.026728209603763705]
840 ; 80 ; 26 ; 3 ; [0.13686813074406978] ; [0.089302914641786274]
840 ; 80 ; 28 ; 1 ; [0.023609549319813957] ; [0.14913933515988337]
840 ; 80 ; 28 ; 3 ; [2.1289394540147244] ; [0.93573629237922451]
840 ; 80 ; 28 ; 5 ; [1.230746307328844] ; [1.8027623266453321]
840 ; 80 ; 29 ; 5 ; [0.16216156221921194] ; [0.015064283017701251]
840 ; 80 ; 30 ; 0 ; [0.039058576256548017, 0.14826342794831684, 0.16713235535055909, 0.11236188223371124] ; [0.30055050302148595, 0.31212816522514886, 0.25837396380466998, 0.13130428300709954]
840 ; 80 ; 30 ; 1 ; [-0.0052424409336186252] ; [0.052838677113873266]
840 ; 80 ; 32 ; 0 ; [0.12146645710338332] ; [0.0039134169047013801]
840 ; 80 ; 32 ; 1 ; [0.15044187081653668] ; [0.30802064549826796]
840 ; 80 ; 33 ; 3 ; [0.43853429625706147, 0.18359965780481047] ; [0.55746869523974674, 0.34081727876355639]
840 ; 80 ; 33 ; 4 ; [0.51488698006963673] ; [0.74117762690566102]
840 ; 80 ; 34 ; 3 ; [0.1657960977775286] ; [0.13879135522892094]
840 ; 80 ; 34 ; 6 ; [0.4475265193281745, 0.44003395483273344] ; [0.67816867288576066, 0.57142463295474399]
840 ; 80 ; 35 ; 0 ; [0.61631005676811279] ; [0.18245092295757798]
840 ; 80 ; 36 ; 0 ; [1.2999968241130646] ; [1.8685924573563097]
840 ; 80 ; 36 ; 3 ; [2.853688832526819] ; [2.0512859001180646]
840 ; 80 ; 36 ; 4 ; [1.7558102707393037] ; [1.3549472014552946]
840 ; 80 ; 36 ; 7 ; [0.072688133382357786] ; [4.4664317218143248]
840 ; 80 ; 36 ; 8 ; [1.8221302278416367] ; [1.9466746573066211]
840 ; 80 ; 36 ; 9 ; [1.4744017791053099] ; [0.79088558858416791]
840 ; 80 ; 36 ; 12 ; [1.684091976467043] ; [1.4994334777730269]
840 ; 80 ; 36 ; 13 ; [2.059651196446679] ; [1.3123329774637589]
840 ; 80 ; 36 ; 14 ; [2.4816442629606685] ; [4.5266285435824916]
840 ; 80 ; 36 ; 17 ; [3.0570941909288347] ; [1.6399948885556195]
840 ; 80 ; 36 ; 19 ; [2.2958508938489364] ; [1.4576109886337478]
840 ; 80 ; 36 ; 20 ; [1.2846444254418814] ; [1.9006986740895295]
840 ; 80 ; 36 ; 22 ; [2.1811178719757591] ; [2.4949735644275388]
840 ; 80 ; 36 ; 24 ; [1.8290411825989534] ; [1.8885978509881651]
840 ; 80 ; 36 ; 26 ; [1.8955297130776358] ; [1.7379442552449433]
840 ; 80 ; 36 ; 27 ; [1.7072700591171488] ; [3.0383876302782373]
840 ; 80 ; 36 ; 28 ; [1.9054004659760606] ; [3.9095393840518402]
840 ; 80 ; 36 ; 29 ; [1.7883180971759429] ; [2.4859830663802045]
840 ; 80 ; 37 ; 1 ; [0.029301607960527026] ; [0.25400857414637068]
840 ; 80 ; 38 ; 0 ; [0.21027803458781855, 0.12439243093334007, 0.13293186275491534] ; [0.16167445702538599, 0.13813131686434652, 0.12722423826853377]
840 ; 80 ; 38 ; 1 ; [5.5926908917556908] ; [0.02067521024938352]
840 ; 80 ; 39 ; 0 ; [0.27606620922752406, 0.26457062420694766, 0.47770283335504676] ; [0.23477111491455044, 0.34476883189234669, 0.23967303287083597]
840 ; 80 ; 40 ; 0 ; [0.031790564240821703] ; [2.2528202639623638]
840 ; 80 ; 41 ; 0 ; [4.703102129476922] ; [0.37028262574275067]
840 ; 80 ; 41 ; 1 ; [0.67745611218067414] ; [0.74220452234350309]
840 ; 80 ; 41 ; 2 ; [2.1622820681363821] ; [1.1773195658928242]
840 ; 80 ; 41 ; 3 ; [1.9597039456423671, 2.2324539854219037] ; [0.59881045715359671, 0.74373553265057424]
840 ; 80 ; 41 ; 6 ; [1.2363493059496442] ; [1.1136054584321315]
840 ; 80 ; 41 ; 7 ; [0.14595002926877021] ; [0.014591656904316328]
840 ; 80 ; 41 ; 10 ; [0.45007354086840257] ; [1.9201258213214045]
840 ; 80 ; 41 ; 12 ; [0.60178849149376956] ; [1.941863435422023]
840 ; 80 ; 41 ; 14 ; [2.5788508646892625] ; [5.9540734952641809]
840 ; 80 ; 41 ; 22 ; [2.8364375128609414] ; [2.2578543812614731]
840 ; 80 ; 41 ; 23 ; [1.2119207279760327] ; [0.18589764891891719]
840 ; 80 ; 41 ; 24 ; [1.1347619027218325] ; [0.40800135177035363]
840 ; 80 ; 41 ; 28 ; [0.19941147197420456] ; [0.72641461860674617]
840 ; 80 ; 41 ; 29 ; [0.21756877919004261] ; [0.75400153089369082]
840 ; 80 ; 42 ; 0 ; [0.32441306508558987, 0.1949815870055509, 0.15825519945816713, 0.16361764389990516, 0.15006900294966041] ; [0.11821473320647176, 0.24147810477521692, 0.10935260585679339, 0.18029203054740559, 0.21818940433006292]
840 ; 80 ; 43 ; 0 ; [0.0016393938010323525, 0.22715694148827958] ; [0.24190333812760512, 0.11706848700552776]
840 ; 80 ; 44 ; 0 ; [0.91215418931058001] ; [0.20688214361150745]
840 ; 80 ; 44 ; 1 ; [0.26113076074115232, 0.38170205945082419] ; [0.38625539109206164, 0.025783455111706797]
840 ; 80 ; 44 ; 2 ; [0.11470363618761603] ; [-0.0035419136244003286]
840 ; 80 ; 45 ; 0 ; [0.10249533425655281, 0.10440410038877032] ; [0.16632866489452103, 0.17087156157608929]
840 ; 80 ; 45 ; 1 ; [0.44463449198920385] ; [0.26985996866660622]
840 ; 80 ; 46 ; 0 ; [0.48839021991702436] ; [0.91874797984667078]
840 ; 80 ; 46 ; 1 ; [0.12369281092455631] ; [0.11939911558270341]
840 ; 80 ; 47 ; 1 ; [0.16368137918795889] ; [0.027804944346534157]
840 ; 80 ; 47 ; 9 ; [0.85328501494013853] ; [1.2701781476819087]
840 ; 80 ; 47 ; 12 ; [0.42947257005685635] ; [0.39643562130556548]
840 ; 80 ; 48 ; 1 ; [0.29220361811706774] ; [0.43139297893465001]
840 ; 80 ; 48 ; 2 ; [1.3074107140869866] ; [0.19425319915427311]
840 ; 80 ; 49 ; 0 ; [2.7879236578686601] ; [1.0497599369340256]
840 ; 80 ; 49 ; 1 ; [1.2109249794918142] ; [0.067496509764537777]
840 ; 80 ; 49 ; 3 ; [0.87063144758997235] ; [2.1393389708035548]
840 ; 80 ; 49 ; 7 ; [0.53188439022687184] ; [1.4301138736414798]
840 ; 80 ; 49 ; 8 ; [1.2461978816729025] ; [1.4316733685548642]
840 ; 80 ; 49 ; 9 ; [0.97009286490740632] ; [2.2017330758995151]
840 ; 80 ; 51 ; 0 ; [2.3986150009632792] ; [0.35067926895563584]
840 ; 80 ; 51 ; 2 ; [2.1831268736084892] ; [1.0300518539420849]
840 ; 80 ; 51 ; 5 ; [1.4959561232937051] ; [4.5819269006573853]
840 ; 80 ; 51 ; 6 ; [0.35438081122253084] ; [0.32720216640279293]
840 ; 80 ; 51 ; 7 ; [0.28243393517294646] ; [0.66594705960396183]
840 ; 80 ; 51 ; 8 ; [0.93154505803979681] ; [0.47784130691735605]
840 ; 80 ; 51 ; 9 ; [0.27128909509879073] ; [0.17458329845877327]
840 ; 80 ; 51 ; 10 ; [0.80934910597245613] ; [1.412064998577149]
840 ; 80 ; 51 ; 12 ; [2.022268779684294] ; [0.55023066976290136]
840 ; 80 ; 51 ; 14 ; [0.67199757023125761] ; [0.22488455093271348]
840 ; 80 ; 52 ; 0 ; [0.79165983099258685] ; [0.14655261998498295]
840 ; 80 ; 52 ; 7 ; [2.2414630634557331] ; [1.643840083668201]
840 ; 80 ; 53 ; 0 ; [0.4435351223968555, 0.53256487764588467, 0.7568946911408615, 0.15651269694520856] ; [0.11503806227286062, 0.18694288173547205, 0.54304193781343846, 0.42310833277306509]
840 ; 80 ; 54 ; 0 ; [0.5053733877858706, 0.007542960266467928] ; [0.26241910079254682, 0.14079630908495774]
840 ; 80 ; 55 ; 0 ; [0.10981554583737738, 0.003730378941339694] ; [0.23552514718971293, 0.20702496202939064]
840 ; 80 ; 56 ; 0 ; [0.89148585520147694] ; [0.27283541717527993]
840 ; 80 ; 56 ; 1 ; [2.1505197599536143] ; [0.26851205135389167]
840 ; 80 ; 56 ; 2 ; [1.4586650759128688] ; [0.49826529269991293]
840 ; 80 ; 56 ; 3 ; [1.2569238871645569] ; [0.61645852387802025]
840 ; 80 ; 56 ; 4 ; [1.1571384207524422] ; [1.4663686465465957]
840 ; 80 ; 56 ; 5 ; [2.5895251481206465] ; [0.85890046318543611]
840 ; 80 ; 56 ; 6 ; [2.1983332078467477] ; [1.0171401722865414]
840 ; 80 ; 56 ; 9 ; [0.64610551228156277] ; [1.7926831370782803]
840 ; 80 ; 56 ; 10 ; [1.715686701077352] ; [0.4393736325918165]
840 ; 80 ; 56 ; 11 ; [3.6419500103624545] ; [2.2709165059116287]
840 ; 80 ; 56 ; 12 ; [1.5798155704287753] ; [0.44330321944068801]
840 ; 80 ; 56 ; 13 ; [2.2004928291640407] ; [0.72228317444343482]
840 ; 80 ; 56 ; 14 ; [0.91874949559710972] ; [1.8656073290764827]
840 ; 80 ; 56 ; 16 ; [2.5652047160327394] ; [3.2009813023568947]
840 ; 80 ; 56 ; 17 ; [1.5954877876448472] ; [1.7350451394262509]
840 ; 80 ; 56 ; 19 ; [2.8127294953531714] ; [1.5261008220532615]
840 ; 80 ; 56 ; 20 ; [1.9129929108909973] ; [2.7831534745750939]
840 ; 80 ; 56 ; 21 ; [1.838241716777131] ; [1.3541249293911592]
840 ; 80 ; 56 ; 22 ; [1.910871449292862] ; [1.6486645390311849]
840 ; 80 ; 56 ; 28 ; [1.4389700637595102, 1.9652798116795773] ; [1.0835389373646014, 2.6265934028534299]
840 ; 80 ; 56 ; 29 ; [1.8459631978220858] ; [2.9593295042385876]
840 ; 80 ; 56 ; 30 ; [1.037935303529306] ; [1.4813518542311535]
840 ; 80 ; 56 ; 31 ; [3.437953710805759] ; [1.1439965889001917]
840 ; 80 ; 56 ; 32 ; [1.863589364524421] ; [1.8945576678765936]
840 ; 80 ; 56 ; 33 ; [1.3019448610715736] ; [0.95696525878855565]
840 ; 80 ; 56 ; 34 ; [1.3460233116799656] ; [2.9906161808163656]
840 ; 80 ; 56 ; 36 ; [1.3622432631043115] ; [2.2877027501115026]
840 ; 80 ; 56 ; 37 ; [2.4421987765020829] ; [1.2297886663809259]
840 ; 80 ; 56 ; 38 ; [1.4186215699510756] ; [1.8196992053700867]
840 ; 80 ; 56 ; 39 ; [1.0164005494497392] ; [0.22371087683957214]
840 ; 80 ; 56 ; 40 ; [2.4249043356559401] ; [2.5184518799451889]
840 ; 80 ; 57 ; 0 ; [-0.0026375466273100205, 0.021863564697119378, 0.028211620430113719, -0.010716900718618191] ; [0.14889056085814872, 0.14866481244067481, 0.25129194258888427, 0.14822607368000754]
840 ; 80 ; 58 ; 0 ; [0.21063976466492645, 0.25506687583561011, 0.22821512771682051, 0.16053092982339109] ; [0.23811803730786649, 0.20697828102109225, 0.65710949116424588, 0.18534647656874001]
840 ; 80 ; 58 ; 1 ; [0.11653255233508716] ; [0.37631680592524708]
840 ; 80 ; 58 ; 2 ; [0.23250941327009558] ; [0.16744524612744055]
840 ; 80 ; 59 ; 0 ; [0.77121963616510447, 0.050309419550273238] ; [0.33347070167034398, 0.26255244954153889]
840 ; 80 ; 59 ; 1 ; [2.1555803518733145] ; [0.65645064108827267]
840 ; 80 ; 59 ; 2 ; [0.57335963967758818] ; [0.49381377145600525]
840 ; 80 ; 60 ; 0 ; [0.015238740216286933, 0.8007659135905365] ; [0.3544143485553502, 0.39382852974650934]
840 ; 80 ; 60 ; 1 ; [0.15971815312256255] ; [0.27288138831808062]
840 ; 80 ; 60 ; 2 ; [0.52418938615672606] ; [0.65820371255587795]
840 ; 80 ; 60 ; 3 ; [0.10416057011391253] ; [0.71363375974134735]
840 ; 80 ; 60 ; 4 ; [0.10090027759161793] ; [1.5108945516200938]
840 ; 80 ; 60 ; 5 ; [1.5373925969037547] ; [0.6162825646778568]
840 ; 80 ; 60 ; 8 ; [0.19611864405003746] ; [0.41423045299483641]
840 ; 80 ; 61 ; 0 ; [0.11685730395322702] ; [-0.028492539063412398]
840 ; 80 ; 61 ; 3 ; [0.0046555249808293928] ; [3.8807189930385491]
840 ; 80 ; 62 ; 0 ; [0.099882797002569759, 0.092951910161374232, 0.15072482936624296, 0.12152275724403228, 0.41485454338729894] ; [0.11831213170666965, 0.19458943401631387, 0.1740660046603183, 0.28656827087525005, 0.18343002439690201]
840 ; 80 ; 62 ; 1 ; [0.6727765056507955] ; [0.11209337783662711]
840 ; 80 ; 63 ; 0 ; [0.75801124179986978] ; [0.093971630829331146]
840 ; 80 ; 63 ; 3 ; [1.7931290465612739] ; [0.55247430703578515]
840 ; 80 ; 65 ; 0 ; [0.35536801698249576] ; [0.46250633149249948]
840 ; 80 ; 66 ; 1 ; [1.2920376320500608] ; [0.19251602473477103]
840 ; 80 ; 67 ; 0 ; [0.43938509516504465] ; [0.16154804893619071]
840 ; 80 ; 67 ; 2 ; [2.4692761072197076] ; [1.2804080355525136]
840 ; 80 ; 67 ; 3 ; [2.0352368088380413] ; [1.7286989082933362]
840 ; 80 ; 68 ; 0 ; [2.8582000162384693] ; [0.70117770950859137]
840 ; 80 ; 68 ; 1 ; [0.16281902455792918] ; [0.030236051147235422]
840 ; 80 ; 68 ; 2 ; [0.031606947379568394] ; [1.2390640155788788]
840 ; 80 ; 69 ; 0 ; [0.17723236475534906, 0.058663704053433664, 0.095739679778671483] ; [0.26733281183767454, 0.17353629075126761, 0.18834768835707061]
840 ; 80 ; 69 ; 1 ; [0.064089225168584868] ; [0.039796549952805356]
840 ; 80 ; 70 ; 0 ; [0.024054450798716182, -0.013926042540396515, -0.0038180246251617316] ; [0.22267765089398228, 0.19046063439246319, 0.036871017000044894]
840 ; 80 ; 72 ; 0 ; [0.41837081580058916, 0.21997138300073729, 0.28074783765178707, 0.24604401879028312, 0.11862940129908359, 0.13672571320144691] ; [0.076201405532726765, 0.22863981457006394, 0.26443643315930482, 0.21170341788281405, 0.23502311530090425, 0.029818261222710397]
840 ; 80 ; 73 ; 0 ; [0.25805876649205683, 0.22503922400526002, 0.22100714772509372, 0.17594304369155339] ; [0.23570475407723593, 0.24829212031031281, 0.22222369458267294, 0.46067247672503198]
840 ; 80 ; 74 ; 0 ; [0.1383474350676793, 0.092316996557597716, 0.097750650059361635, 0.063377360275499811] ; [0.16946000435072697, 0.33286300922457274, 0.23924538173544294, 0.068110503180889667]
840 ; 80 ; 75 ; 0 ; [0.079124195785949092, 0.10037651460237222, 0.090124179853432226] ; [0.21096759157250114, 0.18411947023035066, 0.11759375803694241]
840 ; 80 ; 77 ; 2 ; [0.16742291966383432, 0.20406383833612413] ; [0.56766613243916941, 0.15281563601510342]
840 ; 80 ; 78 ; 0 ; [0.22681962125080668] ; [0.5953899503391612]
840 ; 80 ; 78 ; 1 ; [1.2006386838449803] ; [1.0407698342743068]
840 ; 80 ; 78 ; 3 ; [0.20177316453139732] ; [1.3504250740822967]
840 ; 80 ; 78 ; 5 ; [-0.08643489233556359] ; [0.74057444774974812]
840 ; 80 ; 79 ; 0 ; [0.15507335868166053, 0.2920768703129033, 0.2027883063072955] ; [0.18290964384015521, 0.28218521259761936, 0.19013928483625844]
840 ; 80 ; 79 ; 3 ; [0.16160014184029622] ; [0.27334125296161838]
840 ; 80 ; 79 ; 5 ; [0.17342132816194936] ; [0.4309254790000705]
840 ; 80 ; 81 ; 0 ; [1.3309977815086733] ; [1.575987494885388]
840 ; 80 ; 81 ; 1 ; [1.7590117486508292] ; [0.63730793814449116]
840 ; 80 ; 81 ; 2 ; [0.4098514798738625] ; [0.25161583338830468]
840 ; 80 ; 81 ; 3 ; [0.62071650999183781] ; [0.8467624612477378]
840 ; 80 ; 82 ; 0 ; [0.19450842559058057, 0.15842052508594789, 0.13303644409976187, 0.20338964388749722, 0.11801104002288323, 0.091272617644448772] ; [-0.026677953260926396, 0.1901289814941507, 0.27482035226502272, 0.26275414185464541, 0.20433044450419238, -0.0038434855761541316]
840 ; 80 ; 83 ; 0 ; [1.0907655412823707] ; [1.1225476256077833]
840 ; 80 ; 83 ; 4 ; [0.60011959046760754] ; [0.49287932501115994]
840 ; 80 ; 83 ; 9 ; [1.1053166778641283] ; [2.2037592985650836]
840 ; 80 ; 83 ; 13 ; [0.64918471245542841] ; [2.0388575647621852]
840 ; 80 ; 84 ; 0 ; [0.56742512824769753] ; [0.084478189777412824]
840 ; 80 ; 84 ; 10 ; [0.71169914815387969] ; [0.96293485597156248]
840 ; 80 ; 84 ; 14 ; [0.36668432948981861] ; [0.4580486265322074]
840 ; 80 ; 84 ; 21 ; [1.1852272608983032] ; [0.65319190106366787]
840 ; 80 ; 85 ; 0 ; [0.20344953397557358, 0.14186987346531194, 0.078243466686276422] ; [0.16984191905172752, 0.21912918513622745, 0.23983191228622916]
840 ; 80 ; 86 ; 0 ; [0.51799317488385177, -0.0031020829841328693, 0.00052151884572774674] ; [0.37959128275242943, 0.52455306206370489, 0.16875639398722139]
840 ; 80 ; 86 ; 1 ; [-0.0071169502708662126] ; [0.011490548606633781]
840 ; 80 ; 87 ; 0 ; [0.51914688202760007] ; [0.3111447512098216]
840 ; 80 ; 87 ; 4 ; [0.0074077533960952109] ; [-0.02875298168529174]
840 ; 80 ; 87 ; 15 ; [0.78225207412358988] ; [0.482737191785789]
840 ; 80 ; 89 ; 0 ; [0.60589544176854404] ; [0.48881718545187969]
840 ; 80 ; 89 ; 1 ; [0.077499926969726782] ; [0.1927836474656377]
840 ; 80 ; 89 ; 2 ; [0.41374757666003797] ; [0.62417935903119304]
840 ; 80 ; 89 ; 5 ; [0.070811644205050706] ; [-0.023963930153542611]
840 ; 80 ; 91 ; 0 ; [0.80750865955017737] ; [0.3342755289679718]
840 ; 80 ; 92 ; 0 ; [0.58993809039555567, 0.52216952297198227] ; [0.51944728214744162, 0.2090948105959245]
840 ; 80 ; 92 ; 1 ; [1.1943535665752847] ; [0.88179499738444655]
840 ; 80 ; 92 ; 2 ; [0.3518982596609837] ; [0.29603002093246417]
840 ; 80 ; 92 ; 3 ; [2.4248796454039598] ; [0.94825178365346874]
840 ; 80 ; 92 ; 4 ; [0.313523549914137] ; [0.6752511002493693]
840 ; 80 ; 93 ; 0 ; [0.25412784116596177, 0.78943682208128663] ; [0.51414504865612209, 0.30840180647269666]
840 ; 80 ; 93 ; 1 ; [0.52289131745545103] ; [0.3510561162082857]
840 ; 80 ; 93 ; 14 ; [0.19119204997434808, 0.23585097326798068] ; [0.13574149336759711, 0.096762889781985981]
840 ; 80 ; 94 ; 0 ; [0.80238282077400314] ; [0.22830467378672198]
840 ; 80 ; 94 ; 2 ; [0.060702136372292374] ; [0.26139970706977972]
840 ; 80 ; 95 ; 0 ; [0.39774832763280804] ; [0.66978395292552051]
840 ; 80 ; 96 ; 0 ; [0.21303507241514427, 1.5757724497966019] ; [0.2991095102172715, 0.42539883404388312]
840 ; 80 ; 96 ; 1 ; [0.064862081500358604] ; [2.0101534035698458]
840 ; 80 ; 97 ; 0 ; [0.052339748780214676] ; [0.184021917573199]
840 ; 80 ; 97 ; 1 ; [0.69006122989292829] ; [0.30152989479048004]
840 ; 80 ; 98 ; 0 ; [20.455357092541927, 28.400299499127151, 2.4399598670614404] ; [0.41811173092204951, 0.20032608437430444, 0.21084226438679482]
840 ; 80 ; 98 ; 1 ; [0.18306565443642908] ; [0.13154052378668654]
840 ; 80 ; 98 ; 2 ; [2.0321853284821429] ; [0.055887550496021128]
840 ; 80 ; 99 ; 0 ; [0.49657161290030988] ; [0.217388037513391]
840 ; 80 ; 99 ; 2 ; [0.051674814002422076] ; [2.1828469658828951]
840 ; 80 ; 99 ; 5 ; [0.046275313120358028] ; [3.0699808035934577]
840 ; 80 ; 100 ; 0 ; [0.14302587775987513, 0.16423840734221054, 0.10591302888522258, 0.42493141634374187] ; [0.20987538508076067, 0.24491917482301881, 0.20344429755272692, 0.083401730270643293]
840 ; 80 ; 100 ; 1 ; [0.26525939652366015] ; [0.01339266153100753]
840 ; 80 ; 101 ; 0 ; [0.26395075952478514] ; [0.48411234884647553]
840 ; 80 ; 101 ; 1 ; [0.1948562368071213, 0.085775445402942505] ; [0.22042968890903433, 0.15178383215225735]
840 ; 80 ; 102 ; 0 ; [0.69684311653098063] ; [1.2668790068725784]
840 ; 80 ; 102 ; 1 ; [0.18804278499746091] ; [0.24306673175396962]
840 ; 80 ; 102 ; 10 ; [1.5415365899787135] ; [0.87952769871593706]
840 ; 80 ; 102 ; 11 ; [1.8465133925765549] ; [1.9710462593284459]
840 ; 80 ; 102 ; 12 ; [0.7362002455099721] ; [1.051531429312714]
840 ; 80 ; 102 ; 14 ; [0.087468713865515788] ; [0.5273140530433823]
840 ; 80 ; 102 ; 17 ; [1.4176572899827604] ; [1.1111947491757959]
840 ; 80 ; 104 ; 2 ; [1.5397238878794623] ; [1.7011259226007673]
840 ; 80 ; 104 ; 3 ; [1.9475179884050724] ; [1.6556382918024557]
840 ; 80 ; 105 ; 0 ; [0.0412533776978131] ; [0.018365957473798343]
840 ; 80 ; 105 ; 1 ; [0.089517931803117248] ; [0.11240967680022765]
840 ; 80 ; 106 ; 0 ; [0.90294161816576268, 1.7607689324773173, 1.6313756095393275, 0.2932859098936344, 0.33106000025891319] ; [0.25238771286370526, 1.1226368612141751, 0.73193384367867464, 0.1958654058348383, 0.14251501818385223]
840 ; 80 ; 107 ; 2 ; [0.49046885982726252] ; [0.62328640237607769]
840 ; 80 ; 107 ; 3 ; [0.38556229906469325, 0.19868160782061881] ; [0.58711684695025323, 0.22226637014993778]
840 ; 80 ; 109 ; 0 ; [0.029589901547946142, 0.063836588787179335, 0.28252513772542381] ; [0.21191338586404668, 0.22609113481134288, 0.11659169713957818]
840 ; 80 ; 110 ; 0 ; [0.33658572409951376] ; [1.3267849222495962]
840 ; 80 ; 110 ; 1 ; [0.042412208367924871] ; [0.071013240680310633]
840 ; 80 ; 110 ; 3 ; [1.8786226572740923] ; [0.22411699779232161]
840 ; 80 ; 110 ; 4 ; [2.0303743895310125] ; [1.2323494923999363]
840 ; 80 ; 111 ; 0 ; [0.27797795738766534, 0.18211821879388893, 0.73231822766460031] ; [0.28005838325233406, 0.21685914022757, 0.27188755646400031]
840 ; 80 ; 112 ; 0 ; [0.18033252495796814, 0.16556213758841465, 0.45259322454883116] ; [0.28701820181765852, 0.19171404290503449, 0.11700388277091156]
840 ; 80 ; 113 ; 0 ; [0.23680907847093166, 0.019470711621343773, -0.035662160813649917, 0.051406965058761127] ; [0.23096414092780718, 0.4185637339021086, 0.1911776190955484, 0.19063547479121104]
840 ; 80 ; 113 ; 1 ; [0.25126469015797404] ; [0.14883487430377271]
840 ; 80 ; 113 ; 2 ; [0.59761923314504806] ; [0.027737614716591724]
840 ; 80 ; 114 ; 2 ; [0.84133053185570039] ; [0.5675424271376851]
840 ; 80 ; 114 ; 3 ; [1.5865367993219861] ; [1.8773581391133547]
840 ; 80 ; 114 ; 12 ; [0.73439518577474538] ; [1.2094005453554633]
840 ; 80 ; 114 ; 17 ; [0.58377507075713997] ; [1.4068073948760169]
840 ; 80 ; 114 ; 20 ; [0.61839560366529533] ; [1.4439066086312176]
840 ; 80 ; 116 ; 0 ; [0.67102638237626866] ; [0.072910439259194243]
840 ; 80 ; 117 ; 0 ; [0.42914692744922556] ; [0.50096134107608137]
840 ; 80 ; 117 ; 1 ; [0.36752525485548526] ; [0.38492372551888371]
840 ; 80 ; 118 ; 0 ; [0.061243128658646888, 0.019114335918454971, 0.25348807806074636] ; [0.19053604924906678, 0.12898740931126682, 0.11537750870630362]
840 ; 80 ; 118 ; 1 ; [0.54952839023418165] ; [0.017038595503707048]
840 ; 80 ; 118 ; 2 ; [0.45467939308206617] ; [0.089334693640902241]
840 ; 80 ; 119 ; 0 ; [0.3016226930793891, 0.23749173957738842, 0.29903935695856754, 0.092042646864693434] ; [0.25780979761145617, 0.22432635753062111, 0.21640963476805694, 0.12278733582408623]
840 ; 80 ; 119 ; 1 ; [0.89042757481021018] ; [-0.032927138431594359]
840 ; 80 ; 120 ; 0 ; [0.55120947839698387] ; [0.48668703839372845]
840 ; 80 ; 120 ; 3 ; [0.71746488999990843] ; [0.37937574936364726]
840 ; 80 ; 121 ; 0 ; [-0.00082938803341702633] ; [-0.016914067447628623]
840 ; 80 ; 121 ; 1 ; [1.8336722010151425] ; [3.3326542417861869]
840 ; 80 ; 122 ; 0 ; [0.79619828816872906] ; [0.68870198879022171]
840 ; 80 ; 122 ; 1 ; [1.5487050794380468] ; [2.3121946410993988]
840 ; 80 ; 122 ; 7 ; [1.4511945446928323] ; [1.6657575563543296]
840 ; 80 ; 122 ; 10 ; [0.37165609323734] ; [2.7336728516431568]
840 ; 80 ; 123 ; 0 ; [0.43819186436503349, 0.35541312733149244] ; [0.86473366868326695, 0.294955731076394]
840 ; 80 ; 123 ; 4 ; [1.5844200852436938] ; [10.030393099408354]
840 ; 80 ; 123 ; 6 ; [1.6800175140753333] ; [1.1911792105410033]
840 ; 80 ; 125 ; 0 ; [0.99194568938252803, 0.70174280746133633] ; [0.091512353311080111, 0.13031993825518515]
840 ; 80 ; 125 ; 1 ; [0.10960541881338416] ; [0.069321336742442244]
840 ; 80 ; 125 ; 12 ; [0.92718988027844673] ; [1.1448673479464906]
840 ; 80 ; 125 ; 13 ; [0.83666372739573625] ; [1.3795075770806502]
840 ; 80 ; 126 ; 0 ; [0.30737316119353963] ; [2.1971173748890775]
840 ; 80 ; 126 ; 1 ; [0.71246315734971088] ; [0.82567555313276153]
840 ; 80 ; 126 ; 3 ; [4.6062901481118539] ; [0.83476104856519795]
840 ; 80 ; 126 ; 5 ; [1.8922210386392311] ; [1.1651589464134318]
840 ; 80 ; 127 ; 0 ; [0.15030860534164125] ; [0.21258493390642461]
840 ; 80 ; 127 ; 2 ; [0.42267109549493603] ; [1.1810537972129476]
840 ; 80 ; 127 ; 3 ; [2.2218427407715997] ; [1.8765921141493358]
840 ; 80 ; 127 ; 6 ; [1.3355070994328597] ; [1.2710290923738863]
840 ; 80 ; 127 ; 9 ; [3.7244799027671291] ; [2.4730510606814038]
840 ; 80 ; 127 ; 10 ; [0.54757949622761171] ; [4.4480901270278608]
840 ; 80 ; 127 ; 11 ; [1.1748351835605324] ; [1.0101796217206138]
840 ; 80 ; 127 ; 12 ; [1.5788868767710884] ; [1.4647568733844156]
840 ; 80 ; 127 ; 15 ; [1.240994433766675] ; [1.3130601768296857]
840 ; 80 ; 127 ; 18 ; [2.0939635741437579] ; [1.706159307200003]
840 ; 80 ; 129 ; 0 ; [0.31209190345589688] ; [0.073381689779932133]
840 ; 80 ; 129 ; 2 ; [0.3206574324171696] ; [0.92500979721819365]
840 ; 80 ; 129 ; 5 ; [0.58577207562779288] ; [1.2104389700629643]
840 ; 80 ; 129 ; 8 ; [1.4275354230574036] ; [1.8413711322827175]
840 ; 80 ; 130 ; 0 ; [1.8025341031017557] ; [1.8335970378021218]
840 ; 80 ; 130 ; 5 ; [1.8704196578414887] ; [1.6938457516421008]
840 ; 80 ; 130 ; 7 ; [1.3498368142471326] ; [1.7050922053431434]
840 ; 80 ; 130 ; 8 ; [1.7665644221054242] ; [1.8603635841962374]
840 ; 80 ; 130 ; 9 ; [1.6015335792842345] ; [1.6007060715688768]
840 ; 80 ; 130 ; 10 ; [1.0234109103435913] ; [1.6513206422396496]
840 ; 80 ; 130 ; 11 ; [1.7461883782215302] ; [1.2235507715445983]
840 ; 80 ; 130 ; 13 ; [2.0732661230306166] ; [1.8135320104254395]
840 ; 80 ; 130 ; 14 ; [1.7789884439250343] ; [0.80907051774617988]
840 ; 80 ; 130 ; 15 ; [1.2633502888974206] ; [1.6658732408433241]
840 ; 80 ; 130 ; 16 ; [2.2254791551276951] ; [2.9856043687881271]
840 ; 80 ; 130 ; 17 ; [1.6830581667386153] ; [0.8780062477418088]
840 ; 80 ; 130 ; 18 ; [1.8828781034760718] ; [1.1891859296209175]
840 ; 80 ; 130 ; 20 ; [2.0853990471740254] ; [1.00625723892134]
840 ; 80 ; 130 ; 21 ; [2.0572814096752232] ; [2.5336949921170007]
840 ; 80 ; 130 ; 22 ; [1.7134049127385269] ; [1.2900349278254373]
840 ; 80 ; 130 ; 23 ; [0.5979843308274192] ; [1.5208034800922694]
840 ; 80 ; 130 ; 24 ; [1.9231880896918665] ; [1.9622420286735303]
840 ; 80 ; 130 ; 25 ; [0.31587710887442788] ; [0.76246577383279024]
840 ; 80 ; 130 ; 26 ; [1.8783160138837462] ; [2.7857263936358012]
840 ; 80 ; 130 ; 34 ; [1.6771624672247876] ; [1.3386279599624391]
840 ; 80 ; 131 ; 0 ; [1.4502883787638694] ; [0.030909053644763554]
840 ; 80 ; 131 ; 1 ; [0.92175383258700916] ; [0.18026019049088199]
840 ; 80 ; 131 ; 8 ; [0.42733987998958478] ; [0.91625784474077421]
840 ; 80 ; 131 ; 14 ; [1.6731139976772942] ; [0.99077400212433919]
840 ; 80 ; 131 ; 16 ; [1.9144786446011621] ; [1.4184018421525173]
840 ; 80 ; 131 ; 19 ; [1.9164117490265435] ; [2.5319184980339982]
840 ; 80 ; 131 ; 21 ; [1.7788298413185686] ; [1.697689696182006]
840 ; 80 ; 132 ; 0 ; [0.33725460524351236] ; [0.021112747598358524]
840 ; 80 ; 132 ; 1 ; [1.3446700113229673] ; [1.1475393039411719]
840 ; 80 ; 132 ; 2 ; [0.40247234519357206] ; [1.5286545471026114]
840 ; 80 ; 132 ; 3 ; [3.3312033810061408] ; [2.5733339087737779]
840 ; 80 ; 132 ; 4 ; [0.59252202973605206] ; [1.7945675616477392]
840 ; 80 ; 132 ; 10 ; [2.1114515194099277] ; [1.2687523956731956]
840 ; 80 ; 132 ; 13 ; [2.5872386885852174] ; [0.27603967589897016]
840 ; 80 ; 132 ; 14 ; [1.5579586056515271] ; [1.6721767291087528]
840 ; 80 ; 132 ; 15 ; [1.1830421344191966] ; [2.5301673728415284]
840 ; 80 ; 133 ; 0 ; [0.87270035694781434] ; [0.12764261488652426]
840 ; 80 ; 133 ; 1 ; [0.53914628573240408] ; [0.41067143021775365]
840 ; 80 ; 133 ; 2 ; [0.88208766553442619] ; [0.15122121830424604]
840 ; 80 ; 133 ; 7 ; [0.0093963230525496086] ; [0.092409842163583555]
840 ; 80 ; 134 ; 0 ; [0.098975930501133166, 0.088494083919323563, 0.08211709331053596, 0.052634067126813365] ; [0.14893382731411786, 0.21358129077417234, 0.22335142129181576, 0.19128847794252785]
840 ; 80 ; 135 ; 0 ; [0.71356575964573699, 1.221243043907994] ; [0.56835948569902228, 0.64924864504204927]
840 ; 80 ; 135 ; 1 ; [1.7541422029955545] ; [0.88803985433036992]
840 ; 80 ; 135 ; 2 ; [1.0624863225393373] ; [0.33241290304110682]
840 ; 80 ; 135 ; 3 ; [1.1409099405349779] ; [0.36865867531395896]
840 ; 80 ; 135 ; 4 ; [1.3350131256948004] ; [0.57102159309790501]
840 ; 80 ; 135 ; 5 ; [0.5817319281268386] ; [0.16890051853745081]
840 ; 80 ; 135 ; 6 ; [1.1834093054692487] ; [2.2426561043024167]
840 ; 80 ; 135 ; 7 ; [1.1029061293627973] ; [0.59643247422467027]
840 ; 80 ; 135 ; 8 ; [2.1825241186075255] ; [0.57086674909352841]
840 ; 80 ; 135 ; 11 ; [1.5203932687612818] ; [1.5728757235964754]
840 ; 80 ; 135 ; 12 ; [1.4242969622308232] ; [0.97215072650810419]
840 ; 80 ; 135 ; 13 ; [1.562548056855978] ; [0.25734958835835797]
840 ; 80 ; 135 ; 14 ; [1.5300094118431926] ; [1.4136920529859944]
840 ; 80 ; 135 ; 16 ; [1.1254600273934554] ; [1.0603036270019062]
840 ; 80 ; 135 ; 18 ; [1.9355654748771567] ; [2.0234596893242647]
840 ; 80 ; 135 ; 19 ; [1.6379270017440286] ; [1.3013137867091984]
840 ; 80 ; 135 ; 21 ; [2.7102846072171904] ; [0.24037596638047579]
840 ; 80 ; 135 ; 22 ; [1.1206623105924802] ; [0.67852471537456893]
840 ; 80 ; 135 ; 28 ; [1.7646144682429532] ; [2.0769744073234442]
840 ; 80 ; 135 ; 29 ; [1.4207126946297437] ; [0.67032912422203983]
840 ; 80 ; 135 ; 35 ; [1.4218051909740625] ; [1.4587348300926835]
840 ; 80 ; 135 ; 37 ; [1.6446016972104343] ; [0.30686320883676838]
840 ; 80 ; 135 ; 38 ; [2.0568608991296138] ; [0.85642078205373662]
840 ; 80 ; 135 ; 48 ; [1.5982919689637922] ; [0.86190870367330752]
840 ; 80 ; 135 ; 49 ; [4.0785163221897944] ; [1.0291559873577736]
840 ; 80 ; 135 ; 53 ; [2.511221460359121] ; [0.50210819196990031]
840 ; 80 ; 135 ; 57 ; [2.5291326481198344] ; [0.097114619067448227]
840 ; 80 ; 135 ; 61 ; [1.3383596425275517] ; [1.7858689036756159]
840 ; 80 ; 135 ; 65 ; [1.4832830089243147] ; [0.83524480940897183]
840 ; 80 ; 135 ; 66 ; [1.6950439258237868] ; [1.262444271761838]
840 ; 80 ; 135 ; 76 ; [3.130030252885176] ; [1.3390411110500158]
840 ; 80 ; 136 ; 0 ; [0.13310842842084145, 0.2290295885590547, 0.1664120001982683] ; [0.1317141214035199, 0.22489343007486273, 0.15546248132206714]
840 ; 80 ; 136 ; 1 ; [-0.077827719728811223] ; [-0.11128982974879344]
840 ; 80 ; 137 ; 0 ; [0.11919804679367529, 0.45011846428767038, 0.49249175417423602, 0.9019277829111555] ; [0.28135893813553309, 0.15412301407169474, 0.91816513110605114, 1.482733781117507]
840 ; 80 ; 137 ; 4 ; [0.096705742824465396] ; [1.1348839964042552]
840 ; 80 ; 138 ; 0 ; [0.18361104504564696, 0.17188612324898017, 0.12820303551010123, 0.16543018501143611] ; [0.27269285107642965, 0.27910644527910189, 0.23397038813460741, 0.10668486339527196]
840 ; 80 ; 139 ; 0 ; [1.2561161902999431] ; [0.99082006998831973]
840 ; 80 ; 139 ; 1 ; [0.46229648057880118] ; [0.32855694866837359]
840 ; 80 ; 140 ; 0 ; [0.50105952413352439, 0.20539861435423559, 0.1179618144280553] ; [0.41894810130656079, 0.23737220594687367, 0.141929631568607]
840 ; 80 ; 141 ; 0 ; [0.10102184891303206] ; [-0.0066674813014806281]
840 ; 80 ; 141 ; 1 ; [2.0686312293327807] ; [1.0765768667693481]
840 ; 80 ; 141 ; 3 ; [1.0299149364706432] ; [1.5238346921567072]
840 ; 80 ; 141 ; 5 ; [0.43659733750194535] ; [2.3631733235008223]
840 ; 80 ; 141 ; 8 ; [2.9955272690039436] ; [0.1073290095431151]
840 ; 80 ; 141 ; 10 ; [1.2502842795662348] ; [2.5575476133080834]
840 ; 80 ; 141 ; 11 ; [1.7551248639851018] ; [0.96640899137453273]
840 ; 80 ; 141 ; 12 ; [1.7307289604715534] ; [0.81022506492184954]
840 ; 80 ; 141 ; 13 ; [3.1846306529817969] ; [2.2640621190606232]
840 ; 80 ; 142 ; 0 ; [0.63635811391033048] ; [0.46410031271975144]
840 ; 80 ; 142 ; 2 ; [0.80981133049400778] ; [2.8020928350811993]
840 ; 80 ; 143 ; 0 ; [0.3136701414445644] ; [0.16805189069639817]
840 ; 80 ; 144 ; 0 ; [0.020118634934679372, 0.011924086770391166, 0.070715559545873066, 0.040541858130647604, 0.010656500750962493] ; [0.18436851612503105, 0.21339947873037754, 0.18206593745077082, 0.23061437852468267, 0.14882276566340261]
840 ; 80 ; 145 ; 0 ; [0.68711968144658808] ; [0.2916169792205151]
840 ; 80 ; 145 ; 1 ; [0.086868295722415195] ; [0.23276515812635451]
840 ; 80 ; 145 ; 3 ; [0.22332043534253729] ; [2.4698354105872831]
840 ; 80 ; 145 ; 4 ; [1.4733453390611986] ; [2.9021052925270006]
840 ; 80 ; 145 ; 7 ; [0.63536544773289805] ; [1.0784594332096826]
840 ; 80 ; 145 ; 10 ; [1.4451412246774653] ; [0.98563415947090594]
840 ; 80 ; 145 ; 11 ; [1.2488108753402536] ; [1.2385586697502255]
840 ; 80 ; 146 ; 0 ; [0.074304648109157559, 0.024875847237990668, 0.24270838884736437] ; [0.25069389587511093, 0.23230163635905937, 0.22465623750906652]
840 ; 80 ; 147 ; 0 ; [0.28852156826191377] ; [0.17209241368701597]
840 ; 80 ; 148 ; 0 ; [0.15688910645857179] ; [0.072876981246750738]
840 ; 80 ; 148 ; 1 ; [0.25451242556236514] ; [0.091003718320418162]
840 ; 80 ; 149 ; 2 ; [0.36928071133319634] ; [0.45359525955952273]
840 ; 80 ; 149 ; 3 ; [0.70695594384312566] ; [0.4093125739380255]
840 ; 80 ; 150 ; 0 ; [0.10998225820342347] ; [0.14079558880474161]
840 ; 80 ; 150 ; 1 ; [2.4419347748992966] ; [0.047185187592938299]
840 ; 80 ; 151 ; 1 ; [0.14887069338686512] ; [0.13007396399612919]
840 ; 80 ; 151 ; 2 ; [-0.013922064262349449] ; [0.22861896750553146]
840 ; 80 ; 152 ; 0 ; [-0.0015998858011117096, 0.053762310714480462, 0.0013183622953899894, -0.0036287434851512254, 0.052753326346995921] ; [0.14926067720868746, 0.19493231689048929, 0.23558255083496768, 0.15288833617689498, 0.21900025718946611]
840 ; 80 ; 153 ; 0 ; [0.26653422043209091] ; [0.42820079370128966]
840 ; 80 ; 153 ; 1 ; [0.22540684123951352, 0.16524289087225147] ; [0.15118637863729512, 0.50849572579789659]
840 ; 80 ; 153 ; 2 ; [0.58756258127860972] ; [0.029085375918239585]
840 ; 80 ; 153 ; 3 ; [2.036592160324] ; [0.17162903585977973]
840 ; 80 ; 153 ; 4 ; [0.79653728006412972] ; [0.24839259114432341]
840 ; 80 ; 153 ; 5 ; [0.54062819641449522] ; [0.18265621328482132]
840 ; 80 ; 153 ; 6 ; [0.43915805843810379] ; [0.30067021196135574]
840 ; 80 ; 154 ; 0 ; [0.34623511676944918] ; [0.34417008480660977]
840 ; 80 ; 154 ; 6 ; [0.53649965319811443] ; [0.41435142796604757]
840 ; 80 ; 155 ; 1 ; [2.0407215886496473] ; [0.0068924854871202567]
840 ; 80 ; 155 ; 2 ; [3.9097630404292794] ; [0.98394694342874145]
840 ; 80 ; 155 ; 3 ; [2.5235424542973588] ; [3.2033249954255205]
840 ; 80 ; 156 ; 0 ; [0.3671281609812812, 0.57633718476796891] ; [0.14590694297694351, 1.0476588137901865]
840 ; 80 ; 156 ; 1 ; [0.58309715500248138] ; [0.21762799665255048]
840 ; 80 ; 156 ; 2 ; [0.23561881388581091] ; [-0.0069764632888625428]
840 ; 80 ; 156 ; 3 ; [0.055039156775535801] ; [0.71271637586849823]
840 ; 80 ; 158 ; 0 ; [0.47636448462172859] ; [0.80590855398136618]
840 ; 80 ; 158 ; 1 ; [0.20099353618883831] ; [0.027930846937051852]
840 ; 80 ; 158 ; 4 ; [0.025627940490677771, 1.0100482115629228, 1.0289130609763752] ; [0.21785632278615091, 0.41496182472801152, 0.77026898103868302]
840 ; 80 ; 158 ; 7 ; [0.21755229652751215] ; [0.23725541046072651]
840 ; 80 ; 159 ; 0 ; [0.017595462854078175] ; [0.60449726198423892]
840 ; 80 ; 159 ; 1 ; [2.658821986083296] ; [1.7174924778027638]
840 ; 80 ; 159 ; 3 ; [1.4548764574353499] ; [2.4265297481059798]
840 ; 80 ; 159 ; 5 ; [2.5165620774819031] ; [0.90591422252538323]
840 ; 80 ; 159 ; 9 ; [0.024133230119252832] ; [0.12937197100224948]
840 ; 80 ; 160 ; 0 ; [0.45298482430025305] ; [1.1765433873148157]
840 ; 80 ; 160 ; 4 ; [0.0043370235612159372] ; [0.65363587701543691]
840 ; 80 ; 161 ; 0 ; [0.10350104281907253, 0.25404513967470149, 0.14971485079777819, 0.14892858899397585] ; [0.15412357141541452, 0.11778446445627458, 0.28196368218610252, 0.29238429410253164]
840 ; 80 ; 161 ; 1 ; [0.76979433353844773] ; [0.017067744123468048]
840 ; 80 ; 162 ; 0 ; [0.060628900205428778] ; [-0.011077722431605576]
840 ; 80 ; 162 ; 3 ; [0.098310290006844075] ; [0.3338272167067064]
840 ; 80 ; 162 ; 4 ; [0.3543970485276644] ; [1.3942429085331007]
840 ; 80 ; 163 ; 0 ; [0.012251981323781507, 0.0079969834290618928] ; [0.33241800228297397, 0.14140148718331866]
840 ; 80 ; 163 ; 1 ; [0.090545557273436786] ; [0.21464366187916542]
840 ; 80 ; 163 ; 3 ; [0.15625140158551087] ; [0.002289311591091788]
840 ; 80 ; 164 ; 0 ; [0.085515723481399478, 0.058200442546241661] ; [0.38681698300532669, 0.33533144434239531]
840 ; 80 ; 166 ; 0 ; [0.15115829698954888] ; [0.0075224726017991779]
840 ; 80 ; 167 ; 1 ; [0.58581110968705052] ; [0.15349154793318315]
840 ; 80 ; 167 ; 5 ; [0.7513880834339558] ; [0.23103855737378781]
840 ; 80 ; 167 ; 7 ; [0.30716968138847739] ; [0.74500820564371317]
840 ; 80 ; 168 ; 0 ; [1.0986624286569335] ; [0.32750911529555465]
840 ; 80 ; 169 ; 0 ; [0.88441343345017553] ; [0.40696512427587533]
840 ; 80 ; 169 ; 1 ; [2.4197421050378525] ; [0.62000900951488913]
840 ; 80 ; 169 ; 2 ; [3.6780823458969598] ; [0.86254916449095109]
840 ; 80 ; 169 ; 7 ; [0.37391006657474452] ; [0.16984190983621938]
840 ; 80 ; 169 ; 8 ; [1.7902758059355051] ; [0.5303404535813151]
840 ; 80 ; 169 ; 9 ; [2.1404459543851133] ; [1.1190599345276049]
840 ; 80 ; 169 ; 10 ; [2.3407002369804162] ; [0.7000385630503172]
840 ; 80 ; 169 ; 15 ; [1.3737792718007433] ; [1.1378847204264919]
840 ; 80 ; 169 ; 17 ; [2.395742576722343] ; [0.57716181251835663]
840 ; 80 ; 169 ; 27 ; [3.4187799880162064] ; [1.6296957570336708]
840 ; 80 ; 169 ; 28 ; [2.0355453823110277] ; [0.80811699555580463]
840 ; 80 ; 169 ; 30 ; [0.93340394423000961] ; [0.501482567115064]
840 ; 80 ; 169 ; 34 ; [2.043824187079931] ; [0.21221991628968828]
840 ; 80 ; 169 ; 35 ; [1.6547830758648887] ; [0.39801788768436797]
840 ; 80 ; 169 ; 36 ; [1.1176696530409485] ; [0.37721819481905372]
840 ; 80 ; 169 ; 37 ; [1.0995808625065517] ; [1.8846287576723608]
840 ; 80 ; 169 ; 39 ; [3.0154402419940203] ; [0.8101317836662687]
840 ; 80 ; 169 ; 44 ; [1.3833852786040617] ; [0.5915229914333886]
840 ; 80 ; 169 ; 45 ; [4.4237901608466235] ; [1.108490159902636]
840 ; 80 ; 169 ; 61 ; [1.2297153115531472] ; [2.2580487302786847]
840 ; 80 ; 169 ; 62 ; [2.8432945524932074] ; [1.8463699746996531]
840 ; 80 ; 171 ; 0 ; [0.081321426544354689] ; [-0.0057265190707169933]
840 ; 80 ; 172 ; 5 ; [0.53576780980531491, 0.51582012039147185] ; [0.19038099097931341, 0.30821006032850939]
840 ; 80 ; 172 ; 8 ; [2.0411504439501469] ; [-0.017506493071796109]
840 ; 80 ; 173 ; 1 ; [0.32801798244870234] ; [0.048489417739269264]
840 ; 80 ; 173 ; 3 ; [0.27375533560431453] ; [0.024210864422249848]
840 ; 80 ; 174 ; 0 ; [-0.010428680760428497] ; [0.61082648764740544]
840 ; 80 ; 174 ; 1 ; [0.48308488641489011] ; [0.17985527614789215]
840 ; 80 ; 174 ; 2 ; [0.66947147854429345] ; [0.2110455429951387]
840 ; 80 ; 174 ; 3 ; [0.53907079820263826, 0.18317029111109279] ; [0.55340426027129763, 0.1015803211561452]
840 ; 80 ; 175 ; 2 ; [1.5760367536485174] ; [1.1294117862494057]
840 ; 80 ; 175 ; 3 ; [0.7248252993599904] ; [1.3296083471668863]
840 ; 80 ; 175 ; 4 ; [0.81902671053376841] ; [0.85402766480265568]
840 ; 80 ; 175 ; 20 ; [0.040904216988328516] ; [0.14983165515340738]
840 ; 80 ; 176 ; 2 ; [0.52379586374223475, 0.18037363651595792, 0.20463207258694327, 0.18290037320760216, 0.33809701919972984] ; [0.61760420032960539, 0.16635440187768596, 0.14148475146647993, 0.20341810177719935, 0.3913277615830385]
840 ; 80 ; 177 ; 0 ; [0.89422478430744312] ; [0.41292034802757077]
840 ; 80 ; 179 ; 0 ; [0.16040892046436167, 0.12740533330623272, 0.1348618085333409, 0.13421991393001625, 0.10743521386952661] ; [0.065696962852321003, 0.15237156645072514, 0.18832930890148483, 0.1929533479481256, 0.15733745941255384]
840 ; 80 ; 180 ; 0 ; [0.2802630503167472] ; [0.40935041786427018]
840 ; 80 ; 181 ; 0 ; [0.33804473059148693, 0.31156945514329587, 0.25445590553978464, 0.13359751266472764] ; [0.36277894708017222, 0.23348920297498899, 0.17947499427382579, 0.067040838545387518]
840 ; 80 ; 182 ; 0 ; [0.16064149689492871] ; [0.085607886671526454]
840 ; 80 ; 182 ; 1 ; [0.029039707799450868] ; [0.35003337277858737]
840 ; 80 ; 182 ; 4 ; [0.15842440174222394] ; [0.0015033345812100482]
840 ; 80 ; 183 ; 0 ; [0.77793102442949114] ; [1.8359606974607532]
840 ; 80 ; 183 ; 3 ; [0.8946275807220353] ; [1.5086423173415746]
840 ; 80 ; 184 ; 0 ; [0.059652343941811903, 0.077718621362036999, 0.057594029944407897, -0.00022573480367263081] ; [0.15728708409357819, 0.14727034106275, 0.15556106148931487, 0.015103368192567296]
840 ; 80 ; 185 ; 0 ; [-0.024826148340163421] ; [0.053365533068357542]
840 ; 80 ; 186 ; 0 ; [0.010873103135630301, 0.13207962728474668, 0.00046572996929864646, 0.015948949258912142] ; [0.36513517865548373, 0.26552733279022578, 0.18498744375171564, 0.027993477446955975]
840 ; 80 ; 187 ; 0 ; [0.098127755739137457, 0.095756756829222897, 0.044958615977461154] ; [0.19990321510491407, 0.20048418604748408, 0.14560505160200773]
840 ; 80 ; 188 ; 0 ; [0.083005586656871702] ; [0.058719569107957878]
840 ; 80 ; 188 ; 2 ; [2.5609848682851561] ; [0.4512621556420654]
840 ; 80 ; 188 ; 5 ; [0.4030916362312279] ; [0.15733345608979948]
840 ; 80 ; 188 ; 6 ; [-0.0055913132871207825, 0.004530728639703753] ; [0.52281387033649618, 0.95008303863874155]
840 ; 80 ; 189 ; 1 ; [0.35359563049116755] ; [0.43224796580894265]
840 ; 80 ; 189 ; 19 ; [0.86835684373491817] ; [1.090935018651868]
840 ; 80 ; 189 ; 22 ; [0.42159473454764179] ; [0.067256897249640624]
840 ; 80 ; 190 ; 0 ; [0.44841126921825347] ; [1.6016979533370388]
840 ; 80 ; 190 ; 1 ; [1.3916390806230334] ; [0.13505884624656195]
840 ; 80 ; 190 ; 3 ; [1.6419497009113804] ; [1.5391248855848279]
840 ; 80 ; 190 ; 4 ; [1.9263909226047411] ; [1.5700756929631601]
840 ; 80 ; 190 ; 5 ; [1.896314445058217] ; [1.3603464445128259]
840 ; 80 ; 190 ; 8 ; [0.1655928884555721] ; [2.1397820695480609]
840 ; 80 ; 190 ; 9 ; [1.7205404299983715] ; [1.8439316796991976]
840 ; 80 ; 190 ; 15 ; [2.185399247993673] ; [1.1888610781764042]
840 ; 80 ; 190 ; 16 ; [0.38026890097545701] ; [1.3376815602785865]
840 ; 80 ; 190 ; 17 ; [1.3384737905574213] ; [1.352143446641386]
840 ; 80 ; 191 ; 0 ; [-0.019789807920851017, 0.012215077443562426, 0.10857333237800754] ; [0.17021770072237755, 0.20502352661467368, 0.12658872211238578]
840 ; 80 ; 192 ; 0 ; [0.014118880273372774] ; [0.1481932659359822]
840 ; 80 ; 193 ; 0 ; [1.7776528271945828, 0.034763478329440732, 0.31931189766000745] ; [0.30488922174441069, 0.29669442601783291, 0.53244502601545407]
840 ; 80 ; 194 ; 1 ; [0.054481836250483084] ; [0.73503271641643286]
840 ; 80 ; 194 ; 2 ; [1.9301977839750306] ; [0.88973134579097179]
840 ; 80 ; 195 ; 0 ; [0.0061493584336933197, 0.01565446194292016, 0.0099708510728287059, 0.011384402010050344, 0.018964619244525652] ; [0.15051632459499639, 0.21971376103726081, 0.18441433280436978, 0.18895961602917521, 0.19623026025832147]
840 ; 80 ; 196 ; 0 ; [0.13038446198807255] ; [0.34346493256369731]
840 ; 80 ; 197 ; 0 ; [0.24840975934146084, 0.30126786701775382, 0.19544769992602784] ; [0.20674819099751371, 0.31190594773845165, 0.092591707457155809]
840 ; 80 ; 198 ; 0 ; [0.26779009765327783, 0.62214570190983465] ; [0.33083288630104501, 1.1498301238411455]
840 ; 80 ; 198 ; 1 ; [0.26765976902691491] ; [0.10125165038195925]
840 ; 80 ; 198 ; 4 ; [0.16620796395895548] ; [0.43639672776795441]
840 ; 80 ; 198 ; 7 ; [-0.065084961336679223] ; [-0.0022900887444952706]
840 ; 80 ; 199 ; 0 ; [1.0064879504070616] ; [0.33651388677031036]
840 ; 80 ; 200 ; 0 ; [0.21797602674343067, 0.11577366996847765, 0.12517116846875012, 0.11982313322329323, 0.10514850748435865] ; [0.11700147604946659, 0.19331628853859145, 0.21660390956172385, 0.15006538695562011, 0.086160096602565239]
840 ; 80 ; 200 ; 1 ; [0.14009583094130001] ; [0.047061265059137637]
840 ; 80 ; 201 ; 0 ; [0.12397088465412809] ; [-0.0036120742270064764]
840 ; 80 ; 201 ; 1 ; [0.39474367900151436] ; [0.013451487139334101]
840 ; 80 ; 201 ; 2 ; [0.59140647377358602] ; [2.4446347865128346]
840 ; 80 ; 201 ; 6 ; [2.9525619457379157] ; [0.43536813780032779]
840 ; 80 ; 203 ; 1 ; [0.37849521279798809] ; [0.12740005043803548]
840 ; 80 ; 203 ; 11 ; [1.2172601480456933] ; [1.9968934019297722]
840 ; 80 ; 203 ; 14 ; [0.43768685983679118] ; [1.2468101498012012]
840 ; 80 ; 203 ; 16 ; [0.56092869252961475] ; [0.49650984257034114]
840 ; 80 ; 204 ; 0 ; [0.20670818237383207, 0.1723093321440341, 0.82648287035257773] ; [0.16713212349403139, 0.17034680862452803, 0.069312545435116488]
840 ; 80 ; 205 ; 2 ; [0.00099086921809745428] ; [0.075512329289613808]
840 ; 80 ; 205 ; 3 ; [0.0036042655615820419] ; [-0.0060147589497880731]
840 ; 80 ; 205 ; 4 ; [0.0058102770482242943] ; [-0.013402682806252774]
840 ; 80 ; 206 ; 0 ; [0.42132279667743877] ; [0.091368337103971034]
840 ; 80 ; 206 ; 1 ; [0.32546058463061167] ; [0.49513167089786758]
840 ; 80 ; 206 ; 2 ; [0.033272934783288542] ; [-0.010020153850817953]
840 ; 80 ; 206 ; 3 ; [0.5290338305162926] ; [0.78705326294124756]
840 ; 80 ; 206 ; 4 ; [0.88472445274110445] ; [1.9543758615011577]
840 ; 80 ; 207 ; 0 ; [-0.0014413969520125428, 0.015580535594458189] ; [0.16885101701016589, 0.19896448108006656]
840 ; 80 ; 208 ; 0 ; [0.13853250179597426, 0.14298771517568565, 0.14092010596505164, 0.092517317433587071] ; [0.40071257904567897, 0.22853802102481227, 0.15938108439930757, 0.15753540077788436]
840 ; 80 ; 209 ; 0 ; [0.55185967420216064, 0.15349569060162596, 0.2053106774055927, 0.14069266462068489] ; [0.46343048947779864, 0.48054292799138393, 0.21756444787898752, 0.12740802564816717]
840 ; 80 ; 209 ; 1 ; [0.85178875488676731] ; [0.28431564137584797]
840 ; 80 ; 209 ; 2 ; [0.74820740242324058] ; [0.764643290635865]
840 ; 80 ; 209 ; 3 ; [3.6745990853273702] ; [0.96709996179959079]
840 ; 80 ; 210 ; 0 ; [0.16600987196753411] ; [0.15967228221576976]
840 ; 80 ; 210 ; 3 ; [1.1044632861032349] ; [4.0950432688225984]
840 ; 80 ; 210 ; 4 ; [0.38804911461101604] ; [1.4226625086188605]
840 ; 80 ; 210 ; 6 ; [1.9993120468005703] ; [5.8534040651605102]
840 ; 80 ; 210 ; 7 ; [2.00836530285217] ; [6.076955477780003]
840 ; 80 ; 210 ; 12 ; [1.7397317494879925] ; [0.88484555401011622]
840 ; 80 ; 210 ; 13 ; [1.4357647120468007] ; [5.6381256261320738]
840 ; 80 ; 210 ; 14 ; [1.2020543126960308] ; [9.4991357527908047]
840 ; 80 ; 210 ; 16 ; [1.60210325410225] ; [1.6602013425721422]
840 ; 80 ; 210 ; 21 ; [1.1108705428680141] ; [0.72873675276212568]
840 ; 80 ; 211 ; 0 ; [0.33751453852944802, 0.27949290355548395] ; [0.45500978156770966, 0.2968342217448553]
840 ; 80 ; 211 ; 1 ; [0.10274989988695836] ; [0.30237874629674322]
840 ; 80 ; 211 ; 2 ; [0.18166115656775675] ; [0.49158772072147189]
840 ; 80 ; 212 ; 0 ; [0.00016884215320466265, 0.00020554587359787493] ; [0.19044294217958685, 0.1898668246992197]
840 ; 80 ; 213 ; 0 ; [0.0017106149362808183, 0.0061580491806995747] ; [0.18940919873148279, 0.26993266811656846]
840 ; 80 ; 214 ; 0 ; [0.14725901241304329, 0.12320026802604714, 1.4909846983516895] ; [0.22598502905072526, 0.17551621789815533, 0.013157463926924129]
840 ; 80 ; 215 ; 0 ; [0.34889522377644117] ; [3.135692753020245]
840 ; 80 ; 215 ; 1 ; [0.49154073181237784] ; [0.49172264689049167]
840 ; 80 ; 215 ; 2 ; [1.4114786998063196] ; [0.22912395996176321]
840 ; 80 ; 216 ; 0 ; [0.018617378079955095, 0.0075907726287616148] ; [0.59561534392230364, 0.29705357281946521]
840 ; 80 ; 216 ; 1 ; [0.05706081424885022, 1.9305108908622097] ; [0.65516458895456653, 0.13920992686867878]
840 ; 80 ; 217 ; 0 ; [0.45452151808604563] ; [1.1591797128069865]
840 ; 80 ; 217 ; 1 ; [2.12899090576613] ; [0.040961764804600537]
840 ; 80 ; 217 ; 3 ; [0.25888965128693975] ; [0.19936788424564936]
840 ; 80 ; 217 ; 4 ; [1.0852615850490752] ; [0.69168113921832441]
840 ; 80 ; 217 ; 6 ; [0.76909261164864773] ; [0.31327832287484386]
840 ; 80 ; 217 ; 7 ; [1.6713603922066629] ; [-0.049893065929950839]
840 ; 80 ; 218 ; 0 ; [0.33904548237543586] ; [0.30072142111025019]
840 ; 80 ; 218 ; 2 ; [0.3137206242420062] ; [0.35164364308167079]
840 ; 80 ; 219 ; 0 ; [0.091061164570396869] ; [0.10404325294860985]
840 ; 80 ; 219 ; 1 ; [0.1795475551544648, 0.060621393554151956] ; [0.13075007739842501, 0.13277566246630074]
840 ; 80 ; 219 ; 4 ; [0.32030764485852925, 0.3574609266996312, 0.3574791653188355, 0.38260665864913918, 0.22043658750345141, 0.45006379422015463] ; [0.14021111999710431, 0.31373214611241723, 0.35028609783683784, 0.20330895399090715, 0.14936766686283889, 0.4103287420348562]
840 ; 80 ; 220 ; 0 ; [0.28480720528773978] ; [-0.0029048458059057164]
840 ; 80 ; 220 ; 2 ; [1.6145795426921681] ; [0.58993281839605571]
840 ; 80 ; 220 ; 3 ; [0.32769167494737278] ; [0.43174845694075792]
840 ; 80 ; 220 ; 4 ; [1.0939233218235269] ; [0.43328559042929832]
840 ; 80 ; 220 ; 6 ; [1.7274971946408779] ; [0.99446478230854973]
840 ; 80 ; 220 ; 8 ; [1.5170724363063628] ; [0.3970051975180105]
840 ; 80 ; 220 ; 10 ; [0.36335399782346978] ; [2.1741250914339152]
840 ; 80 ; 220 ; 16 ; [2.4415557574419897] ; [1.8045784689579012]
840 ; 80 ; 220 ; 17 ; [1.8443653752418807] ; [0.72190985557136556]
840 ; 80 ; 220 ; 20 ; [1.2074080468450414] ; [0.055788564678231158]
840 ; 80 ; 220 ; 23 ; [0.93308683996852204] ; [0.77049751554462786]
840 ; 80 ; 220 ; 24 ; [1.9770139137872593] ; [0.93682497634573669]
840 ; 80 ; 220 ; 28 ; [0.70277888606349437] ; [1.1937328927895645]
840 ; 80 ; 221 ; 0 ; [0.4545382703836508, 0.41289709455147888, 0.29419708421288127] ; [0.77550207322493847, 0.4636130107386594, 0.41942837594799565]
840 ; 80 ; 221 ; 1 ; [0.17733658602318281] ; [1.4500946548129967]
840 ; 80 ; 224 ; 0 ; [0.069740178972490907, 0.01963501386710171, 0.45105953766710205] ; [0.24824097868095849, 0.31220689100812243, 0.20808301945138089]
840 ; 80 ; 224 ; 1 ; [0.33048789196375733] ; [0.23495302644557878]
840 ; 80 ; 225 ; 0 ; [0.30063868010397105] ; [0.41376835618468139]
840 ; 80 ; 226 ; 0 ; [0.35347291934097963, 0.91942362807591305] ; [0.37006275707634761, 0.39137646388878777]
840 ; 80 ; 226 ; 1 ; [1.4577921385062651] ; [0.56993817643294531]
840 ; 80 ; 226 ; 11 ; [0.71725849216193538] ; [1.1901714582049987]
840 ; 80 ; 226 ; 15 ; [1.584275556131469] ; [1.6830989235794307]
840 ; 80 ; 226 ; 18 ; [1.3526285408933196] ; [1.732083700172022]
840 ; 80 ; 226 ; 22 ; [2.6395654474662718] ; [2.6558490735509421]
840 ; 80 ; 226 ; 23 ; [1.3738972865446761] ; [1.3023732562681689]
840 ; 80 ; 226 ; 24 ; [0.57234274730811197] ; [2.5572243579926024]
840 ; 80 ; 227 ; 0 ; [-0.0029955354246863838, 0.0053019499899112418, 0.043182145855626748] ; [0.21614285568368299, 0.16624303717877828, 0.12173868497198141]
840 ; 80 ; 228 ; 0 ; [0.084790807937365625, 0.068344409416697866, 0.011854454145109041] ; [0.15419064780800473, 0.22057315286984944, 0.046687247400304714]
840 ; 80 ; 229 ; 0 ; [0.44436689636255905] ; [0.016058868322163817]
840 ; 80 ; 229 ; 1 ; [0.42433375985789384] ; [0.75618907811565328]
840 ; 80 ; 229 ; 2 ; [0.2830096431664017] ; [0.1479807067205037]
840 ; 80 ; 229 ; 3 ; [1.9636924886744223] ; [0.30205400572100771]
840 ; 80 ; 229 ; 4 ; [0.19072203499424692] ; [0.3131408544097205]
840 ; 80 ; 229 ; 11 ; [0.47881359997228801] ; [0.78769100988083107]
840 ; 80 ; 230 ; 0 ; [0.47973096409936405] ; [0.86389532739421204]
840 ; 80 ; 230 ; 1 ; [1.0475202619246469] ; [1.7032380300136658]
840 ; 80 ; 230 ; 4 ; [2.9424470599232144] ; [2.0120110170591774]
840 ; 80 ; 231 ; 0 ; [1.5396713165597153] ; [2.7484287679211921]
840 ; 80 ; 231 ; 1 ; [1.0132541388052287, 1.9709166544086751] ; [0.10385308579545559, 0.0024670010182500307]
840 ; 80 ; 231 ; 2 ; [0.97062705932120308] ; [3.0582252158989642]
840 ; 80 ; 231 ; 4 ; [2.3607101441552372] ; [2.059695291530756]
840 ; 80 ; 231 ; 5 ; [1.2997031353394002] ; [0.16071255813475716]
840 ; 80 ; 231 ; 6 ; [1.676226484980835] ; [4.3958916115645463]
840 ; 80 ; 231 ; 7 ; [1.4655683578487233] ; [3.1036994685266763]
840 ; 80 ; 232 ; 0 ; [-0.0023084478131906905, -0.0046972439763016379, 0.010662727246843667] ; [0.27726455184431104, 0.16576558473387573, 0.04075345595239057]
840 ; 80 ; 233 ; 0 ; [0.86068210531537392] ; [0.56795585688683359]
840 ; 80 ; 233 ; 1 ; [1.7427536594589172] ; [0.085409544281362659]
840 ; 80 ; 233 ; 4 ; [1.4076231875184029] ; [1.621682639383391]
840 ; 80 ; 233 ; 9 ; [2.2779167454891289] ; [1.3803903103483568]
840 ; 80 ; 233 ; 14 ; [0.080656369684674573] ; [1.2103923103058798]
840 ; 80 ; 233 ; 15 ; [0.86239817007082131] ; [0.51442789365102559]
840 ; 80 ; 233 ; 16 ; [1.3966335539228489] ; [0.97374802235914348]
840 ; 80 ; 235 ; 0 ; [0.15390378756984377, 0.25013006006249994, 0.16875033447184681, 0.086235991558233277] ; [0.22213480092957347, 0.43371296771086054, 0.32028921923567688, 0.020693236309284619]
840 ; 80 ; 236 ; 0 ; [0.26161731474764116, 0.1562620480771163] ; [0.20071194433486517, 0.14894419465288719]
840 ; 80 ; 237 ; 0 ; [0.64353382009373949] ; [0.1319666628394183]
840 ; 80 ; 237 ; 1 ; [1.1295462485430634] ; [0.37383637035826178]
840 ; 80 ; 237 ; 2 ; [0.2823473221635297] ; [0.21244067879987966]
840 ; 80 ; 237 ; 3 ; [0.69957267408065271] ; [0.69565448196391966]
840 ; 80 ; 238 ; 0 ; [0.24592587766295923, 0.98449476432918026] ; [0.04160596537777906, 0.10323255726955588]
840 ; 80 ; 238 ; 1 ; [0.12522285344114864] ; [-0.0072760169649527858]
840 ; 80 ; 238 ; 4 ; [0.44815413506380064] ; [0.028441307494988952]
840 ; 80 ; 238 ; 5 ; [1.5975254130721035] ; [1.6450116378639563]
840 ; 80 ; 239 ; 0 ; [0.51705442933879109] ; [0.3773128871136181]
840 ; 80 ; 239 ; 4 ; [2.8684246296071541] ; [3.0380315291810653]
840 ; 80 ; 239 ; 7 ; [0.94297506701766309] ; [1.5152733895395039]
840 ; 80 ; 239 ; 8 ; [1.7979719750259602] ; [1.8709393467572166]
840 ; 80 ; 240 ; 0 ; [0.16235658225895103] ; [0.089852915063962091]
840 ; 80 ; 241 ; 0 ; [0.36364829454024089] ; [2.8344471350463589]
840 ; 80 ; 241 ; 1 ; [4.3193438815660379] ; [3.730283345159525]
840 ; 80 ; 241 ; 2 ; [0.67556484728371635] ; [2.2117124473317067]
840 ; 80 ; 241 ; 3 ; [2.7860888792283758] ; [1.5950334866073947]
840 ; 80 ; 241 ; 5 ; [3.188435057747713] ; [2.2776901488044015]
840 ; 80 ; 241 ; 6 ; [0.15904526503572736] ; [0.028735725776429102]
840 ; 80 ; 241 ; 7 ; [1.5502910877450153] ; [0.9125614320197708]
840 ; 80 ; 241 ; 8 ; [1.7301447975817126] ; [8.8649687859204391]
840 ; 80 ; 241 ; 9 ; [0.65359946727138019] ; [1.0532643504105252]
840 ; 80 ; 241 ; 14 ; [0.088328206839752593] ; [0.37810615681016518]
840 ; 80 ; 241 ; 15 ; [1.9251336378492803] ; [6.3941708728824489]
840 ; 80 ; 241 ; 17 ; [2.5067805911970233] ; [6.5101651811753873]
840 ; 80 ; 241 ; 18 ; [1.5172917530870833] ; [11.034868418353392]
840 ; 80 ; 241 ; 27 ; [2.1779914626440617] ; [2.4877530972412401]
840 ; 80 ; 241 ; 28 ; [3.1542326284463726] ; [5.1604473736936489]
840 ; 80 ; 242 ; 0 ; [0.050817057830482751] ; [0.22922280255581881]
840 ; 80 ; 244 ; 0 ; [0.044314043102980212, 0.36085083222419539, 0.32470106228916629] ; [0.19068987155204764, 0.28092520861335701, 0.13381205076782998]
840 ; 80 ; 245 ; 0 ; [0.11648047687794655] ; [0.14017826226444327]
840 ; 80 ; 245 ; 1 ; [0.71834550823712828] ; [0.54267935511681986]
840 ; 80 ; 245 ; 3 ; [0.30956750738127775] ; [0.095942432797740881]
840 ; 80 ; 245 ; 4 ; [2.3550908851352621] ; [0.031030851465088379]
840 ; 80 ; 246 ; 0 ; [0.10337812870532445, 0.14647852608594547, 0.15793391606221854, 0.31915881376724164] ; [0.16610440354194961, 0.20888820280313336, 0.15520376982277184, 0.47624596016136206]
840 ; 80 ; 247 ; 0 ; [0.34651657833552751] ; [0.16195298045116946]
840 ; 80 ; 247 ; 1 ; [0.046225267300692534] ; [-0.0025600543942218374]
840 ; 80 ; 247 ; 2 ; [-0.00093711503681774598] ; [0.25946087161869658]
840 ; 80 ; 248 ; 0 ; [0.058690139052955975] ; [0.43532551676694825]
840 ; 80 ; 248 ; 3 ; [0.46205404573375325] ; [0.21658461369341475]
840 ; 80 ; 249 ; 0 ; [1.8910249379029334, 1.4742068025527111] ; [0.63441554693799163, 0.69254382077721932]
840 ; 80 ; 249 ; 5 ; [1.840309069653973] ; [1.2208391368068798]
840 ; 80 ; 249 ; 6 ; [2.0424392329145067] ; [1.7078088623183885]
840 ; 80 ; 249 ; 7 ; [2.6961657998350992] ; [0.99725680061052191]
840 ; 80 ; 249 ; 9 ; [0.4561792905281965] ; [0.12378928063989775]
840 ; 80 ; 249 ; 10 ; [1.2373149040135862] ; [1.5529316397212791]
840 ; 80 ; 249 ; 12 ; [1.3110541770135686] ; [1.7974503056176758]
840 ; 80 ; 249 ; 13 ; [1.7359558078282231] ; [1.0426558792456386]
840 ; 80 ; 249 ; 15 ; [1.320660101457531] ; [0.25990467578391818]
840 ; 80 ; 250 ; 0 ; [0.0052377788366367965, 0.16441607425368768, -0.007205241916044167] ; [0.20796906511966667, 0.34621817360537055, 0.17982088622924133]
840 ; 80 ; 251 ; 0 ; [0.067950191584610381, 0.14676513766364033, 0.040809311846445394] ; [0.18535860556326589, 0.31390482439169759, 0.22868409618098323]
840 ; 80 ; 251 ; 1 ; [0.1233111007523252] ; [0.078280996962821411]
840 ; 80 ; 251 ; 3 ; [0.25778404156821022] ; [0.22409723456348474]
840 ; 80 ; 252 ; 0 ; [0.27203973518411756, 0.10362055301795975, 0.054047530654261225] ; [0.20738295388191252, 0.26977314835917393, 0.20066744288887617]
840 ; 80 ; 253 ; 0 ; [0.24656279527412994, 0.60542232734403456] ; [0.13679561809981483, 0.1947399318506132]
840 ; 80 ; 253 ; 4 ; [0.05281660426456191] ; [0.11123910563062954]
840 ; 80 ; 253 ; 6 ; [0.031216273884593398] ; [0.28307069392294526]
840 ; 80 ; 254 ; 0 ; [-0.0053955388118623864, 0.0073571424360882815, -0.0008488031424182859] ; [0.15107745956266871, 0.28261424790314427, 0.12038511355130703]
840 ; 80 ; 255 ; 0 ; [0.13539575286429043, 0.12013455946373738, 0.044610937508849167] ; [0.15433779220158375, 0.19129673283685306, 0.10752271975537583]
840 ; 80 ; 256 ; 0 ; [0.27490299016751368, 0.43728398486537889, 0.33895889730307388] ; [0.22679925396257206, 0.15991658076899257, 0.15768922329426743]
840 ; 80 ; 256 ; 1 ; [0.12508280961422252] ; [-0.028634223397910833]
840 ; 80 ; 256 ; 2 ; [1.8952872810500518] ; [0.026412782986292679]
840 ; 80 ; 256 ; 3 ; [0.23123984110482185] ; [0.021382200180480523]
840 ; 80 ; 257 ; 0 ; [0.096418832281808628, 0.13582899699864417, 0.16903924631126913, 0.21464187499613052, 0.10362308198020181] ; [0.23989380714872235, 0.17949484432885673, 0.21090388819629496, 0.27745062790407193, 0.14062803994252188]
840 ; 80 ; 258 ; 0 ; [0.48504176611498978, 0.52457643302248269, 0.31730132974724068] ; [0.82741103048972842, 0.2084574770251037, 0.15465750575400614]
840 ; 80 ; 259 ; 0 ; [0.0074840370270048478, -0.011984883984719787] ; [0.19523942203304329, 0.14854470473262613]
840 ; 80 ; 259 ; 1 ; [0.0060391984863497946, 0.21000884898023273] ; [0.2020673515298248, 0.34407229423101787]
840 ; 80 ; 260 ; 0 ; [0.13434271429756961, 0.16822412561139935, 0.074631038343513895] ; [0.60140717305838465, 0.37020312990022991, 0.27457189026230577]
840 ; 80 ; 260 ; 1 ; [0.0071301433645381039] ; [0.59839481161446095]
840 ; 80 ; 261 ; 0 ; [0.1104685157247365] ; [-0.00192821898764315]
840 ; 80 ; 261 ; 1 ; [2.2523532405220719] ; [1.5525634247471989]
840 ; 80 ; 261 ; 2 ; [1.5418608950145083] ; [1.7561230202389488]
840 ; 80 ; 261 ; 3 ; [4.2116813520152085] ; [1.3423801317128297]
840 ; 80 ; 261 ; 6 ; [1.7572562236925133] ; [1.6593788757790353]
840 ; 80 ; 261 ; 8 ; [1.8973852072077968] ; [1.8088986687357764]
840 ; 80 ; 261 ; 16 ; [0.54482981956888765] ; [1.0959887604340945]
840 ; 80 ; 261 ; 19 ; [1.6951438823405056] ; [0.96968492720674759]
840 ; 80 ; 261 ; 23 ; [1.1485138795615308] ; [1.1246503848554175]
840 ; 80 ; 261 ; 26 ; [0.5965077289289703] ; [1.1648376952503776]
840 ; 80 ; 262 ; 0 ; [0.31889208453043266] ; [0.53242980665999085]
840 ; 80 ; 262 ; 10 ; [0.71810327227933368] ; [0.96470034535016602]
840 ; 80 ; 263 ; 8 ; [0.37001944711484158] ; [0.39632500550830807]
840 ; 80 ; 264 ; 9 ; [0.37054708909139661] ; [3.0600498858897192]
840 ; 80 ; 265 ; 0 ; [0.087574931539430967] ; [0.01077563690288679]
840 ; 80 ; 266 ; 0 ; [0.024173601816208964, 0.073666720630997565, 0.003307326129048284, -0.0098361662747606538] ; [0.19478936559212687, 0.23161631620606929, 0.19180703268183971, 0.043985996771805314]
840 ; 80 ; 267 ; 0 ; [0.23210835847068664, 0.23506873888003715] ; [0.29515224501082044, 0.22984491180874256]
840 ; 80 ; 267 ; 1 ; [0.48946430358610055] ; [0.21254862587623455]
840 ; 80 ; 267 ; 2 ; [-0.028677356854325695, 0.090488417642610036] ; [0.044509134694092692, 0.25166651881853774]
840 ; 80 ; 268 ; 0 ; [0.074108256919921039, 0.0036807879842873691] ; [0.35248452827737248, 0.045110617627419081]
840 ; 80 ; 269 ; 0 ; [0.16526933958673473, 0.092883872374002072, 0.044446653949543564] ; [0.15889367028927043, 0.19551928174333152, 0.010583441785884454]
840 ; 80 ; 269 ; 1 ; [0.69415236084136756] ; [0.070431825782255958]
840 ; 80 ; 270 ; 0 ; [0.00080266369271332822, 0.88173336264088342] ; [0.26747343462464968, 0.14780637338659988]
840 ; 80 ; 272 ; 0 ; [0.041087717781064445, 0.077025701780494962, 0.011646140557569414] ; [0.17578608647994315, 0.22696383955821695, 0.087274465060238671]
840 ; 80 ; 272 ; 1 ; [0.08733044226650595] ; [0.061900040847457469]
840 ; 80 ; 273 ; 0 ; [0.014296322127096805] ; [0.39730935335488315]
840 ; 80 ; 273 ; 1 ; [70.729042538905261] ; [0.30456943049097673]
840 ; 80 ; 274 ; 3 ; [0.15866308417942129, 0.071190767084795659, 0.086652657417858769, 0.10701863619645835] ; [0.33004308253562598, 0.12989254449284718, 0.15440460009123058, 0.294725337240475]
840 ; 80 ; 276 ; 0 ; [1.1985603686797013] ; [0.43297382243737603]
840 ; 80 ; 276 ; 3 ; [0.68673679586319147] ; [1.3126683738018385]
840 ; 80 ; 276 ; 9 ; [1.3729580333773097] ; [0.42475250147723009]
840 ; 80 ; 276 ; 16 ; [1.520402041564535] ; [0.22511063793971711]
840 ; 80 ; 276 ; 17 ; [0.85255395959633296] ; [1.1389397736339204]
840 ; 80 ; 277 ; 0 ; [0.21694069755496445, 0.16715668800058567, 0.17935550160097749, 0.12972304953210081] ; [0.20642968446839427, 0.13144012921107787, 0.26577977581591261, 0.11806604916256326]
840 ; 80 ; 279 ; 0 ; [0.4551717948777243, 3.5611985640542621, 3.3126218258435993] ; [0.41285410351362928, 0.89350920924959965, 1.998467723772295]
840 ; 80 ; 279 ; 1 ; [0.27960134628530076] ; [0.46532080499436163]
840 ; 80 ; 280 ; 0 ; [0.00045309167100570746, -0.009555743849823245, 0.005845919783942187, -0.017445361894412714] ; [0.14917460697222087, 0.16555223922606865, 0.17951105634355843, 0.17052374806351189]
840 ; 80 ; 283 ; 0 ; [0.11594928695656367, 0.065781476160015187, 0.34887402422322916, 0.045977865130995922, -0.0075559421056218858] ; [0.27675352345734783, 0.17248336559018837, 0.58087688827227968, 0.53213168465687632, 0.26876998746657393]
840 ; 80 ; 283 ; 1 ; [0.12305275265566773] ; [0.27699746901205563]
840 ; 80 ; 284 ; 0 ; [0.41287794714834536] ; [0.23077391890232368]
840 ; 80 ; 284 ; 1 ; [0.13720959323736606] ; [0.59452712438785627]
840 ; 80 ; 285 ; 0 ; [0.10431418201262344, 0.021125115031433623, 0.03223338399667218, 0.052517353448325289, 0.03774638994660371] ; [0.18622183794653066, 0.25948593704133377, 0.12163038182565387, 0.26010440540620461, 0.16919755048042812]
840 ; 80 ; 285 ; 1 ; [0.13734426556336921] ; [-0.042433211045234509]
840 ; 80 ; 286 ; 0 ; [0.88044729972262414, 0.80627097368201206] ; [0.28004894961105281, 0.47302829877813474]
840 ; 80 ; 286 ; 1 ; [1.0865453560301344] ; [0.27812462511632874]
840 ; 80 ; 286 ; 2 ; [0.035790707560103802] ; [0.47028308130993185]
840 ; 80 ; 287 ; 0 ; [0.33181855271964378] ; [0.66493306411704212]
840 ; 80 ; 287 ; 1 ; [0.55286644997993573] ; [0.38755305120407435]
840 ; 80 ; 287 ; 2 ; [0.015641010320109592] ; [0.40593317688411534]
840 ; 80 ; 288 ; 0 ; [0.41162097301300143] ; [0.33606604231725712]
840 ; 80 ; 289 ; 0 ; [0.9398118697795288] ; [0.23543108937169036]
840 ; 80 ; 289 ; 1 ; [0.23855909085208751] ; [0.53307939540990879]
840 ; 80 ; 290 ; 0 ; [0.00095186701993694176, 0.00065831647896134003, -0.0087324627872795279] ; [0.19283793425005566, 0.15463854632526167, 0.1995320984851813]
840 ; 80 ; 291 ; 0 ; [0.016237324730804772, 0.020735362398616165, 0.033495467455877788, 0.046314344383691038, 0.059385083834942592] ; [0.068418249673967008, 0.18936352787681893, 0.14587462940004062, 0.28553396214340115, 0.23062538686312897]
840 ; 80 ; 292 ; 0 ; [0.69012694263462393, 2.7662959639535361] ; [0.27057944909277848, 0.29483493216962603]
840 ; 80 ; 292 ; 1 ; [0.85858481862909908] ; [1.3928246531543278]
840 ; 80 ; 292 ; 3 ; [1.8716309911162878, 0.36693754275924434] ; [1.3679968365727266, 1.4253066622042354]
840 ; 80 ; 292 ; 4 ; [4.0044383351470643] ; [0.76216111598427694]
840 ; 80 ; 292 ; 5 ; [7.0956746178925894] ; [3.2274435667697783]
840 ; 80 ; 292 ; 7 ; [1.661444756065924] ; [1.5407164984033896]
840 ; 80 ; 292 ; 8 ; [2.6419258067338935] ; [2.8082511235114711]
840 ; 80 ; 292 ; 9 ; [0.58354249384222767] ; [1.4995380770633617]
840 ; 80 ; 292 ; 13 ; [1.3046594019314512] ; [0.3840870391542327]
840 ; 80 ; 292 ; 15 ; [1.2604339136843346] ; [1.4103914984594661]
840 ; 80 ; 292 ; 16 ; [3.6484209117933459] ; [1.1703934084937646]
840 ; 80 ; 292 ; 17 ; [1.5231190035315567] ; [3.074324790474777]
840 ; 80 ; 292 ; 18 ; [0.19925198327468244] ; [0.39236621191913734]
840 ; 80 ; 292 ; 19 ; [5.0977408274337428] ; [1.3380198305197704]
840 ; 80 ; 292 ; 20 ; [5.1377139660324227] ; [2.7974972951812784]
840 ; 80 ; 292 ; 21 ; [2.2201561279400455] ; [1.983915683485874]
840 ; 80 ; 292 ; 22 ; [4.1398955296222848] ; [0.56921492576042387]
840 ; 80 ; 292 ; 23 ; [0.99593116442737106] ; [1.1709779825905833]
840 ; 80 ; 292 ; 24 ; [1.0851199748063898] ; [5.6279553262237778]
840 ; 80 ; 292 ; 25 ; [0.28288856449146788] ; [5.0714816501607389]
840 ; 80 ; 292 ; 27 ; [1.8403596912903126] ; [0.68013222745528168]
840 ; 80 ; 292 ; 28 ; [6.0495745576580982] ; [1.7675002208896409]
840 ; 80 ; 292 ; 29 ; [1.6265998769677581] ; [0.35856043758021472]
840 ; 80 ; 292 ; 30 ; [2.5726823888421548] ; [0.37922207923244033]
840 ; 80 ; 292 ; 36 ; [1.1201323126099823] ; [2.1495529960171424]
840 ; 80 ; 292 ; 38 ; [1.2745750431203537] ; [1.62399008256864]
840 ; 80 ; 292 ; 43 ; [1.671402238422306] ; [1.6727836244785237]
840 ; 80 ; 293 ; 0 ; [0.14595599869270279, 0.021331350197510413, 0.078407203674265263] ; [0.19144133442775252, 0.19329003995369484, 0.21329544902870315]
840 ; 80 ; 293 ; 1 ; [0.80151770698379698] ; [-0.011364325333502437]
840 ; 80 ; 294 ; 0 ; [0.092760944220289021, 0.0079598839584950065, 0.026019756613517322, 0.18308361981554339] ; [0.35896292789604722, 0.16644760832299116, 0.33938801044117928, 0.17721561438645708]
840 ; 80 ; 295 ; 0 ; [-0.010490241966011232] ; [-0.030541777191043434]
840 ; 80 ; 296 ; 0 ; [1.1241411080077528] ; [0.53924138399791954]
840 ; 80 ; 297 ; 0 ; [2.5140207894860778] ; [0.84832509236881815]
840 ; 80 ; 297 ; 1 ; [0.032783290393829545] ; [0.65663549841770941]
840 ; 80 ; 297 ; 11 ; [2.9174396451420388] ; [2.4779511993850405]
840 ; 80 ; 297 ; 12 ; [2.0845663742288756] ; [1.2504404827728997]
840 ; 80 ; 297 ; 13 ; [0.58446127674193871] ; [1.5082335585009252]
840 ; 80 ; 298 ; 0 ; [0.003280004100677279, -0.0013308504926497905, 0.060266949089101712] ; [0.1414845989763254, 0.23525670593081796, 0.23389453028822457]
840 ; 80 ; 299 ; 0 ; [-0.0065619799757687418, 0.0030770305391162119, 0.00089405342061459362, 0.032732874069579393] ; [0.22139242129812098, 0.1442629482922233, 0.28461097436286475, 0.2503425228927561]
840 ; 80 ; 301 ; 0 ; [0.037046626854637818, 0.0013656196429783557, 0.025910440501498603, -0.0092883628111349627, 0.045582030635442666] ; [0.30419116684822595, 0.14874213102686273, 0.25701848531276367, 0.15300694363240053, 0.16208500898293338]
840 ; 80 ; 302 ; 0 ; [0.2227721596305085, 0.28101536370517127, 0.12600677335801599] ; [0.25374968481780841, 0.31500849984940782, 0.23864785968939889]
840 ; 80 ; 303 ; 0 ; [0.14968905537154351, 0.36955751912236867] ; [0.100620612010646, 0.21684042240537277]
840 ; 80 ; 303 ; 1 ; [0.51910247859519365] ; [0.10337302239454733]
840 ; 80 ; 303 ; 3 ; [0.43474344135948012] ; [0.018918732795472303]
840 ; 80 ; 304 ; 2 ; [-0.010055194070971623] ; [-0.021153698978350066]
840 ; 80 ; 304 ; 5 ; [0.21026084691178715] ; [0.1210654447810135]
840 ; 80 ; 305 ; 1 ; [0.27074858725864764] ; [2.4931314014754591]
840 ; 80 ; 305 ; 5 ; [1.6657189809698609] ; [1.869312601785861]
840 ; 80 ; 305 ; 16 ; [0.57434446700698338] ; [0.90221543422238093]
840 ; 80 ; 305 ; 17 ; [1.0550957654215147] ; [-0.010549342109172343]
840 ; 80 ; 305 ; 18 ; [1.3336336072603092] ; [0.98144274921281094]
840 ; 80 ; 305 ; 19 ; [2.9751723586369181] ; [1.0224663533811835]
840 ; 80 ; 305 ; 20 ; [0.66334799977952819] ; [1.0387273343843388]
840 ; 80 ; 305 ; 21 ; [0.41278756470459493] ; [2.3400012947459579]
840 ; 80 ; 305 ; 22 ; [0.98929170084192841] ; [0.46139398747393567]
840 ; 80 ; 305 ; 23 ; [0.80263530316833365] ; [0.49323094262071604]
840 ; 80 ; 305 ; 24 ; [0.67044040604814448] ; [1.1338129427983359]
840 ; 80 ; 305 ; 27 ; [1.7516586788432904] ; [113.33686893014448]
840 ; 80 ; 305 ; 28 ; [1.4285910646584088] ; [2.0238503358145064]
840 ; 80 ; 305 ; 29 ; [1.5906003393290982] ; [2.257350998561261]
840 ; 80 ; 305 ; 30 ; [1.4075940704683567] ; [2.0346670517983383]
840 ; 80 ; 306 ; 0 ; [0.2628505241691147] ; [0.12322029015978141]
840 ; 80 ; 306 ; 1 ; [0.45786084547186828] ; [1.1468138646343626]
840 ; 80 ; 306 ; 11 ; [1.3113016166022784] ; [3.1515180985160818]
840 ; 80 ; 307 ; 0 ; [0.039350724007058913, 0.19685496620227008, 0.18495081206557631, 0.029107655903417774] ; [0.34165358483838515, 0.32197500777479893, 0.49770759143742627, 0.32476135259304384]
840 ; 80 ; 307 ; 6 ; [0.68616503124319661] ; [0.17793893514398523]
840 ; 80 ; 308 ; 0 ; [0.012434184348433528, 0.053307090513223666, 0.16801086348218289] ; [0.29824535523185275, 0.32236742862945861, 0.38753081175398363]
840 ; 80 ; 308 ; 2 ; [0.010353199885831272] ; [0.026080099636200459]
840 ; 80 ; 309 ; 0 ; [0.82923909856806144] ; [0.57041892026122154]
840 ; 80 ; 310 ; 0 ; [0.53783132570218128] ; [0.37749788187138716]
840 ; 80 ; 310 ; 1 ; [0.35651107401028836] ; [0.5056165560913416]
840 ; 80 ; 311 ; 0 ; [0.49768457148075268] ; [0.20875635770944478]
840 ; 80 ; 311 ; 1 ; [0.53753420502126248] ; [0.20188738645737414]
840 ; 80 ; 312 ; 0 ; [0.018927075580248118, 0.0075913578870074362, 0.0012989735319628257] ; [0.34700718882111226, 0.18737701648458899, 0.10183289226716358]
840 ; 80 ; 312 ; 1 ; [0.075084640005512709] ; [0.2572412602244567]
840 ; 80 ; 313 ; 0 ; [0.23373798910599747, 0.012293114014053898, 0.20506845891746536] ; [0.31761655334348066, 0.40542353056118902, 0.73039514059993549]
840 ; 80 ; 314 ; 0 ; [0.098708595704169969, 0.37817382144824802] ; [0.4482181285607521, 0.38751923393657917]
840 ; 80 ; 314 ; 1 ; [0.13220581319783586] ; [0.17615017584411732]
840 ; 80 ; 314 ; 2 ; [-0.0036786017025680815, 0.19224745334753732] ; [-0.013357058203038105, 0.36617362038677692]
840 ; 80 ; 316 ; 0 ; [0.079656379398279381] ; [0.13591305895135306]
840 ; 80 ; 316 ; 1 ; [-0.26519984908943434] ; [6.2465871187471773]
840 ; 80 ; 316 ; 2 ; [0.12348251435345602] ; [0.22286937282243885]
840 ; 80 ; 316 ; 3 ; [1.3344654360257566] ; [6.3361689957114189]
840 ; 80 ; 317 ; 0 ; [0.23409033805529872, 0.3402099421355394, 0.26555375381218937, 0.25008393908486748, 0.23778159972968752] ; [0.21635653103633662, 0.17767592585834413, 0.17329458288510191, 0.28572616923376953, 0.22296548825122034]
840 ; 80 ; 318 ; 0 ; [0.310278646399334, 0.79729886050904364] ; [0.20044661431312374, 0.21733739729649737]
840 ; 80 ; 319 ; 0 ; [0.95363394341895114] ; [0.10724792664586665]
840 ; 80 ; 319 ; 2 ; [1.6337201817278648] ; [1.1964881984608833]
840 ; 80 ; 319 ; 4 ; [1.9221081736662107] ; [1.8659554741183402]
840 ; 80 ; 319 ; 5 ; [1.1492456844658274] ; [1.1787359520874274]
840 ; 80 ; 319 ; 6 ; [2.5238379765128038] ; [1.2446282690564192]
840 ; 80 ; 319 ; 7 ; [1.5184320139816447] ; [1.6820200274473887]
840 ; 80 ; 319 ; 11 ; [1.1345236009876887] ; [1.783149668136546]
840 ; 80 ; 319 ; 15 ; [1.4991877602286581] ; [4.8047447762714821]
840 ; 80 ; 319 ; 17 ; [1.6459003969131492] ; [0.92653759978726269]
840 ; 80 ; 320 ; 0 ; [0.19949311184056617, 0.20694166779330442, 0.21894527295088059, 0.23536839655604061, 0.16101754393975379] ; [0.086178756663903858, 0.13118009741971959, 0.17002578965063, 0.1834858398476098, 0.20201138636720167]
840 ; 80 ; 321 ; 0 ; [0.15634958445409794] ; [-0.0033815387195570007]
840 ; 80 ; 322 ; 0 ; [0.01394971130075451, 0.011704327308553633, 0.099325241226546762, 0.12369238156354248] ; [0.20422965414482799, 0.16547364679959498, 0.24286815407943688, 0.12042531197090431]
840 ; 80 ; 323 ; 0 ; [0.39208837121411533] ; [0.17099027916892576]
840 ; 80 ; 323 ; 2 ; [0.14725542011498055] ; [0.14240730915310529]
840 ; 80 ; 323 ; 4 ; [0.61622788700662989] ; [0.67595700674385883]
840 ; 80 ; 325 ; 0 ; [0.2083706519010497] ; [0.066662033547058713]
840 ; 80 ; 326 ; 0 ; [0.27462996392158812, 0.1906468941993025] ; [0.18507534939150105, 0.17336030743577974]
840 ; 80 ; 326 ; 4 ; [0.11362977874613558] ; [0.12211424347565604]
840 ; 80 ; 327 ; 0 ; [0.21414577615463604, 1.2452556407036999] ; [-0.0010349312881836933, 0.073876383490121503]
840 ; 80 ; 327 ; 3 ; [0.43184024458439679] ; [0.47073982375682488]
840 ; 80 ; 327 ; 5 ; [0.20204530939636414] ; [0.71023270964745477]
840 ; 80 ; 328 ; 0 ; [-0.0011083460000132707, 0.0016786241645178315] ; [0.096483910600172376, 0.064059803363596124]
840 ; 80 ; 328 ; 1 ; [0.17721559542286455] ; [0.15069268633540076]
840 ; 80 ; 328 ; 2 ; [0.08328218421158981] ; [0.10083979266065976]
840 ; 80 ; 328 ; 3 ; [0.034007489122159791] ; [0.090299128736380158]
840 ; 80 ; 329 ; 0 ; [0.41677445780512246] ; [0.13593824178793801]
840 ; 80 ; 329 ; 1 ; [0.030199498464018863, 1.3661630143301222] ; [0.13569408009690945, 0.010124351956352194]
840 ; 80 ; 329 ; 2 ; [0.74334980278282203] ; [0.19931909011107871]
840 ; 80 ; 330 ; 0 ; [0.10670120549257278, 0.069468140350611843, 0.1470169573938474, 0.093068291325601848, 0.047017633052760972] ; [0.22148991529721121, 0.10295883338412698, 0.33092960478177641, 0.28246426448595774, 0.024172905729715498]
840 ; 80 ; 331 ; 0 ; [0.24657356104824241] ; [1.3081811488028794]
840 ; 80 ; 331 ; 1 ; [0.69171958334112149] ; [0.30886011114437573]
840 ; 80 ; 331 ; 2 ; [1.936810000294408] ; [0.68769952763714559]
840 ; 80 ; 332 ; 0 ; [0.29873387154481784, 0.23417057346133871, 0.11440622460970591] ; [0.16419635039829372, 0.2654461979338536, -0.023460678988806705]
840 ; 80 ; 332 ; 1 ; [0.084215663209895375] ; [0.1388037145989682]
840 ; 80 ; 333 ; 0 ; [0.1883667669661046] ; [0.10880271279946525]
840 ; 80 ; 333 ; 1 ; [0.74592174330281158] ; [1.6655992236234303]
840 ; 80 ; 333 ; 7 ; [0.7233833410067384] ; [0.97853290905005352]
840 ; 80 ; 334 ; 2 ; [2.0952205951447826] ; [1.6582587332553567]
840 ; 80 ; 334 ; 3 ; [1.870891464392421] ; [0.091915572040761423]
840 ; 80 ; 334 ; 4 ; [1.6726380851013545] ; [1.7185028887910954]
840 ; 80 ; 334 ; 5 ; [1.9530176610137924] ; [2.4022671234405943]
840 ; 80 ; 334 ; 6 ; [1.8841575516594791] ; [3.2033959962721767]
840 ; 80 ; 334 ; 7 ; [1.5923746293918855] ; [2.2829485135850627]
840 ; 80 ; 334 ; 8 ; [1.265032504658238] ; [2.1005885955093282]
840 ; 80 ; 334 ; 9 ; [2.7623473996759063] ; [2.7229068227685813]
840 ; 80 ; 334 ; 10 ; [1.7470981622869033] ; [1.6801584174820712]
840 ; 80 ; 334 ; 11 ; [1.3783520723407503] ; [0.27773041330263742]
840 ; 80 ; 334 ; 13 ; [1.8401041236821738] ; [1.8175947049839933]
840 ; 80 ; 334 ; 14 ; [2.0569999441970968] ; [1.594595533149902]
840 ; 80 ; 334 ; 15 ; [1.9704164350952236] ; [1.5741733849439099]
840 ; 80 ; 334 ; 16 ; [1.4465124543762506] ; [2.2372880494938787]
840 ; 80 ; 334 ; 17 ; [1.665324539631126] ; [1.5243550708612483]
840 ; 80 ; 334 ; 18 ; [1.6684762005411906] ; [1.8297408194880138]
840 ; 80 ; 334 ; 21 ; [1.6072415663134736] ; [1.2656118241854553]