# Run ; Subrun ; Event ; Track ; Charge Ratios View 0 ; Charge Ratios View 1 #
840 ; 90 ; 0 ; 0 ; [1.366680185602515] ; [4.5870295917176103]
840 ; 90 ; 0 ; 1 ; [1.1097031865110243] ; [2.753301171865485]
840 ; 90 ; 0 ; 2 ; [2.1415182693148043] ; [0.42819490266469956]
840 ; 90 ; 0 ; 4 ; [1.3724791078529095] ; [1.3933225900054784]
840 ; 90 ; 0 ; 5 ; [1.4312822503443066] ; [0.76860668596017412]
840 ; 90 ; 0 ; 6 ; [0.40638923608331007] ; [2.3949291118504794]
840 ; 90 ; 0 ; 8 ; [0.98418590801107153] ; [3.1954351996640122]
840 ; 90 ; 0 ; 9 ; [0.96278188397510467] ; [2.3157392939511494]
840 ; 90 ; 0 ; 18 ; [1.3093525776308412] ; [1.9059387814559521]
840 ; 90 ; 0 ; 19 ; [2.2264257881721958] ; [1.5304037717976278]
840 ; 90 ; 0 ; 20 ; [1.2835839418824297] ; [1.4436560607132705]
840 ; 90 ; 0 ; 21 ; [1.524235576891656] ; [1.3357734029658326]
840 ; 90 ; 0 ; 22 ; [1.2754661961319136] ; [1.0553392613156674]
840 ; 90 ; 0 ; 23 ; [1.6245755652485285] ; [1.0397835213186493]
840 ; 90 ; 1 ; 0 ; [0.13218358900896926, 0.51008807614570539] ; [0.28610820328326547, 0.116739689572747]
840 ; 90 ; 2 ; 0 ; [0.39174503702767699, 0.96665027439650741] ; [0.27040877228315102, 0.54329266869172843]
840 ; 90 ; 3 ; 16 ; [1.8209452729359628] ; [0.30345692545571989]
840 ; 90 ; 3 ; 19 ; [2.2371730092332904] ; [2.8169128449600467]
840 ; 90 ; 3 ; 21 ; [1.3427746484826082] ; [0.90686262599300471]
840 ; 90 ; 3 ; 24 ; [1.8172953746824816] ; [1.9557792713698428]
840 ; 90 ; 3 ; 27 ; [1.5533462042757202] ; [2.6515829409053304]
840 ; 90 ; 4 ; 0 ; [0.11344341427745039] ; [-0.0065751961989783574]
840 ; 90 ; 5 ; 0 ; [0.075353776692916083, 0.070830328441143467, 0.043041583283321617, -0.015445603953524014] ; [0.20555728688650848, 0.21273751264191096, 0.23599624285783866, 0.045322615335793105]
840 ; 90 ; 7 ; 0 ; [0.28515330526853783] ; [0.4056215770938254]
840 ; 90 ; 7 ; 1 ; [0.47456435850669076] ; [0.016030180944333113]
840 ; 90 ; 7 ; 2 ; [1.8062842873948406] ; [1.4427078355095455]
840 ; 90 ; 7 ; 3 ; [0.72937692802996823] ; [1.2198865808130601]
840 ; 90 ; 8 ; 0 ; [0.13014344171727701, 0.15651564674889598, 0.22915433259435777, 0.1339693476467263, 0.017292266820430259] ; [0.08693015461822888, 0.26218946411085792, 0.31326202726292446, 0.21043559610795184, 0.13411381683588267]
840 ; 90 ; 8 ; 1 ; [0.026705452002423087] ; [0.26837326891208263]
840 ; 90 ; 9 ; 1 ; [1.4060523181697666] ; [1.0585587114475346]
840 ; 90 ; 9 ; 3 ; [1.3719997559553141] ; [2.6348346434483672]
840 ; 90 ; 9 ; 4 ; [1.0306621952826165] ; [6.6491078581914334]
840 ; 90 ; 9 ; 7 ; [1.8169807637038273] ; [1.3889237979037921]
840 ; 90 ; 11 ; 0 ; [0.14238215009586846, 0.10417017400589081, 0.016119624505659975] ; [0.18927109839406914, 0.31122742448112917, 0.049156424588189203]
840 ; 90 ; 12 ; 1 ; [0.21729591522832531] ; [0.20607915190623]
840 ; 90 ; 12 ; 5 ; [0.34657155787524285, 0.28408803478169026] ; [0.20873604154419317, 0.23134705647300013]
840 ; 90 ; 14 ; 0 ; [0.12387518868851372] ; [0.16075972140274267]
840 ; 90 ; 15 ; 0 ; [0.43572836417990074, 0.3943892569296813, 0.3845635543952246] ; [0.20811909408217358, 0.15670835140694972, 0.22096703830317224]
840 ; 90 ; 17 ; 3 ; [2.5622439373393435] ; [1.0052656117455843]
840 ; 90 ; 17 ; 5 ; [2.4099940568124461] ; [4.1782568914713956]
840 ; 90 ; 17 ; 6 ; [2.4461967533498337] ; [4.6305834029924551]
840 ; 90 ; 17 ; 7 ; [1.3298728229406209] ; [2.7353302944536031]
840 ; 90 ; 17 ; 8 ; [2.5475941410758147] ; [2.6434837215988098]
840 ; 90 ; 17 ; 9 ; [2.5767182682729723] ; [3.0880463003666372]
840 ; 90 ; 17 ; 10 ; [1.0070288629116027] ; [2.3877734688953067]
840 ; 90 ; 17 ; 11 ; [1.6657305240246947] ; [5.4931023399035475]
840 ; 90 ; 17 ; 15 ; [0.37703311694251451] ; [1.7027692067648623]
840 ; 90 ; 18 ; 0 ; [0.77881495235826004, 0.28663326954488694, 0.041441935703489967] ; [0.24236291031024232, 0.73026849726995124, 0.21278424186651962]
840 ; 90 ; 19 ; 0 ; [0.063982930749616973] ; [0.27966327159699911]
840 ; 90 ; 19 ; 1 ; [1.1677515371923251] ; [0.66797054728875793]
840 ; 90 ; 19 ; 2 ; [0.2660118603283646] ; [0.064421919097316274]
840 ; 90 ; 20 ; 0 ; [0.19264672044361508] ; [0.26899502652828094]
840 ; 90 ; 20 ; 1 ; [0.23729834390164276] ; [0.2334676289050005]
840 ; 90 ; 20 ; 2 ; [1.1523850206579476] ; [1.0361076270692642]
840 ; 90 ; 21 ; 4 ; [0.1374260896347837, 0.47015307613444396, 0.40621113933235342] ; [0.23664808369566767, 0.21618689628199989, 0.59051507894921795]
840 ; 90 ; 21 ; 5 ; [0.31474574612604] ; [0.19493762046163579]
840 ; 90 ; 22 ; 0 ; [0.089028232624050435, 0.11645292071070883, 0.10062147925158182, 0.03118666100788443, 1.1300448233348976] ; [0.28650492030117863, 0.1986185453750739, 0.23930819639690246, 0.11893673367711818, 0.052625746920058808]
840 ; 90 ; 23 ; 2 ; [0.16851055563534778, 0.096068785297382095, 0.045889745788470812] ; [0.35248895994637996, 0.2498606492685021, 0.041194853577596786]
840 ; 90 ; 24 ; 0 ; [0.17056533769441787] ; [0.1431116912078905]
840 ; 90 ; 24 ; 1 ; [1.0063085071273097] ; [0.33613031384775938]
840 ; 90 ; 24 ; 6 ; [0.10175402998962163] ; [1.4674876347353931]
840 ; 90 ; 24 ; 8 ; [0.58835349769402501] ; [0.8894014206867833]
840 ; 90 ; 24 ; 11 ; [1.9033750353190311] ; [1.2300797258372447]
840 ; 90 ; 25 ; 0 ; [1.3067077703121441] ; [0.31462273774946675]
840 ; 90 ; 25 ; 4 ; [0.79471194714020554] ; [0.57662387943391336]
840 ; 90 ; 26 ; 0 ; [-0.0034132991683584221, 0.0090734180261933164] ; [0.02622594362073662, 0.031303848675675192]
840 ; 90 ; 27 ; 2 ; [2.1850586017423912] ; [1.6958309658924535]
840 ; 90 ; 27 ; 3 ; [1.276269669879956] ; [1.6173717321967362]
840 ; 90 ; 27 ; 4 ; [1.2658233948528064] ; [1.8010929733975396]
840 ; 90 ; 27 ; 5 ; [1.0282320201139761] ; [2.2760770865293671]
840 ; 90 ; 27 ; 6 ; [0.38776016260109358] ; [2.6150077419715192]
840 ; 90 ; 27 ; 9 ; [1.1637346367819372] ; [2.3361666420395921]
840 ; 90 ; 27 ; 11 ; [0.4324079839544453] ; [2.1403500388738408]
840 ; 90 ; 27 ; 12 ; [1.5982230553222461] ; [2.6089069391071562]
840 ; 90 ; 27 ; 14 ; [1.8146823371839276] ; [2.2508639686057998]
840 ; 90 ; 27 ; 15 ; [0.034709122484190981] ; [2.087367774163515]
840 ; 90 ; 27 ; 17 ; [1.974738456641266] ; [2.5820333121068155]
840 ; 90 ; 27 ; 18 ; [1.2113744877935673] ; [2.7998448708694519]
840 ; 90 ; 27 ; 19 ; [0.54136353451012253] ; [0.93297208484997041]
840 ; 90 ; 27 ; 21 ; [0.052736610291681245] ; [2.2675469281247911]
840 ; 90 ; 27 ; 22 ; [0.25803852401382099] ; [2.6078494863219737]
840 ; 90 ; 28 ; 0 ; [0.05578662576729454, 0.040320863451687478, 0.058429065968293482] ; [0.22913005531054159, 0.13067442859784914, 0.16732844452099649]
840 ; 90 ; 29 ; 0 ; [0.48842305801156705, 0.29685559883421003, 0.28728386825734087, 0.25698702234665816] ; [0.11160325999917198, 0.21364414304657206, 0.22895339331087849, 0.35483448813219104]
840 ; 90 ; 30 ; 0 ; [1.9315290517027262] ; [2.1066894531232148]
840 ; 90 ; 30 ; 1 ; [2.252056947451079] ; [0.56641479572288589]
840 ; 90 ; 30 ; 2 ; [1.455869604725379] ; [0.55528414671527127]
840 ; 90 ; 30 ; 3 ; [0.79994662382603676] ; [0.31048424313327116]
840 ; 90 ; 31 ; 0 ; [5.3479841594963702] ; [1.273820422823579]
840 ; 90 ; 31 ; 2 ; [0.45284806423001228] ; [1.9371801378552036]
840 ; 90 ; 31 ; 3 ; [1.4709431584927608] ; [2.6520450470803532]
840 ; 90 ; 31 ; 6 ; [0.70678308488093] ; [1.1910809848628994]
840 ; 90 ; 31 ; 9 ; [6.0645150778887382] ; [3.5227855811008064]
840 ; 90 ; 32 ; 0 ; [0.2636784499709095] ; [0.095127673233351209]
840 ; 90 ; 32 ; 1 ; [1.4410839352745062] ; [0.62777145026582404]
840 ; 90 ; 33 ; 0 ; [0.58727100460607884, 0.26406345464991177, 0.20016385185987756] ; [0.57998218019942838, 0.28795155814282664, 0.15568755607928172]
840 ; 90 ; 33 ; 1 ; [0.64029688035281451] ; [0.21574683423349447]
840 ; 90 ; 34 ; 0 ; [0.50803910725743973, 0.32794303169406275, 0.69719380702805567, -0.35504787212189454] ; [0.48491373332353943, 0.25290145178006646, 0.58302836808844571, 0.23379774180051832]
840 ; 90 ; 35 ; 1 ; [0.14416882284404803] ; [0.1972171247392929]
840 ; 90 ; 36 ; 0 ; [0.39954274043555482] ; [0.25352394429515984]
840 ; 90 ; 36 ; 1 ; [0.6641613637679592] ; [0.21473537885601143]
840 ; 90 ; 36 ; 4 ; [1.5679671873988585] ; [1.0290654148260343]
840 ; 90 ; 37 ; 0 ; [0.31666560638693214, 0.33050859281882855, 0.49989470965252458, 0.60615769304534206] ; [0.1752305682133061, 0.20361723173302138, 0.59882692020657979, 0.25444943202766113]
840 ; 90 ; 40 ; 0 ; [0.002488323315317975, 0.087097091497578841] ; [0.28711707390170554, 0.19867885767590845]
840 ; 90 ; 41 ; 0 ; [0.056294939561931712] ; [0.14306367366690123]
840 ; 90 ; 41 ; 2 ; [0.31261836717573172] ; [0.17302038782697998]
840 ; 90 ; 41 ; 3 ; [0.20121285276284448] ; [-0.021235755424731724]
840 ; 90 ; 41 ; 5 ; [0.58106033432653781] ; [0.14475592022503259]
840 ; 90 ; 42 ; 0 ; [0.38844692335211811] ; [0.41720789412364689]
840 ; 90 ; 42 ; 11 ; [2.1544306118534529, 0.36975627871502365] ; [0.73241014248644831, 1.8281782426417066]
840 ; 90 ; 43 ; 0 ; [0.021755457209937396, 0.098332389231472375] ; [1.3688117230409693, 0.33497843921504727]
840 ; 90 ; 43 ; 2 ; [0.35069302656499157] ; [0.57181493241071879]
840 ; 90 ; 43 ; 4 ; [1.0804000505462636] ; [1.7543488369290692]
840 ; 90 ; 44 ; 0 ; [0.22446144410260013] ; [0.46575812262328375]
840 ; 90 ; 45 ; 1 ; [1.1181217888043069] ; [0.19247254446704004]
840 ; 90 ; 45 ; 3 ; [1.3014339289332761] ; [0.107099551364455]
840 ; 90 ; 45 ; 4 ; [0.98998878249173439] ; [1.4653242932068116]
840 ; 90 ; 45 ; 6 ; [0.24384871234278055] ; [0.85048160763980007]
840 ; 90 ; 45 ; 8 ; [1.1080272150803807] ; [0.3454806717768964]
840 ; 90 ; 45 ; 9 ; [0.25052860646400188] ; [0.41370482327178398]
840 ; 90 ; 45 ; 10 ; [1.1447780395315064] ; [0.020322340481589766]
840 ; 90 ; 46 ; 0 ; [0.24308390191157014] ; [0.60463830740440572]
840 ; 90 ; 46 ; 1 ; [0.042198216552929359] ; [-0.022518713411150158]
840 ; 90 ; 46 ; 5 ; [0.51557502983164938] ; [1.1062959716622089]
840 ; 90 ; 46 ; 10 ; [0.77247864911737918] ; [0.85716874071941918]
840 ; 90 ; 46 ; 11 ; [0.55131169334098507] ; [1.3467204137110751]
840 ; 90 ; 47 ; 0 ; [0.040464924980943298, 0.019665308615223875, 0.0078474454452788656] ; [0.25516846705868557, 0.17131296565635587, 0.11100942051582342]
840 ; 90 ; 48 ; 0 ; [0.82458576670600658] ; [0.075559356895131338]
840 ; 90 ; 48 ; 2 ; [1.4493506997215664] ; [4.7715486434968373]
840 ; 90 ; 48 ; 3 ; [1.7769791398402945] ; [1.3978205392849186]
840 ; 90 ; 48 ; 4 ; [1.624604117952853] ; [1.1128983933890313]
840 ; 90 ; 48 ; 6 ; [2.1809762524020058] ; [1.874219481761515]
840 ; 90 ; 48 ; 7 ; [1.1268330127504196] ; [1.531426945171972]
840 ; 90 ; 48 ; 8 ; [0.97406145957487178] ; [1.482823030015993]
840 ; 90 ; 48 ; 10 ; [1.8309371982442935] ; [0.82984698413902025]
840 ; 90 ; 48 ; 11 ; [0.68732811776497815] ; [1.3985387306705936]
840 ; 90 ; 48 ; 12 ; [0.85915613785051737] ; [1.4984908091705738]
840 ; 90 ; 48 ; 13 ; [1.53585065469856] ; [1.0457566859063325]
840 ; 90 ; 48 ; 14 ; [2.3593286869982757] ; [2.0866790628218892]
840 ; 90 ; 48 ; 18 ; [1.1404135277446834] ; [2.6183653486906078]
840 ; 90 ; 48 ; 19 ; [1.6093144880902721] ; [1.6193008228218413]
840 ; 90 ; 48 ; 20 ; [4.0556172901559879] ; [2.899226786484113]
840 ; 90 ; 48 ; 21 ; [2.6241554612093703] ; [0.50765881291460191]
840 ; 90 ; 48 ; 25 ; [1.8229983091797934] ; [1.3422887947243813]
840 ; 90 ; 48 ; 26 ; [2.7380428918800996] ; [0.30419337034637428]
840 ; 90 ; 48 ; 27 ; [1.8058510330885005] ; [1.1968235844895452]
840 ; 90 ; 48 ; 28 ; [2.0778161686266126] ; [1.1682553178580402]
840 ; 90 ; 48 ; 29 ; [1.3383725655059409] ; [1.8154140125247815]
840 ; 90 ; 48 ; 30 ; [0.31576264072214266] ; [3.1312092436418841]
840 ; 90 ; 48 ; 35 ; [4.7340316061010137] ; [0.97142893184238277]
840 ; 90 ; 48 ; 40 ; [1.5238604860264326] ; [1.8117606690303376]
840 ; 90 ; 48 ; 44 ; [0.25029018580505213] ; [0.94423371779350895]
840 ; 90 ; 48 ; 46 ; [4.3543855839084777] ; [1.6076281135584964]
840 ; 90 ; 48 ; 49 ; [4.5214537297844952] ; [1.1253962770455905]
840 ; 90 ; 48 ; 61 ; [2.142742769618653] ; [1.9346885391336848]
840 ; 90 ; 48 ; 62 ; [1.1475585081223416] ; [1.2077070383224484]
840 ; 90 ; 49 ; 0 ; [0.28887293268910619, 0.13323991607378646] ; [0.4006135687248662, 0.10977113289128755]
840 ; 90 ; 51 ; 0 ; [0.17741581962980849, 0.22511345693654777, 0.067260393473150243] ; [0.40005284291465826, 0.48255649768304298, 0.27867861382967662]
840 ; 90 ; 52 ; 0 ; [0.082815045056669534] ; [0.13221375354072151]
840 ; 90 ; 52 ; 1 ; [0.16724872704291843] ; [-0.0018595724350091883]
840 ; 90 ; 53 ; 0 ; [0.085042930683701626, 0.13325155258321694, 0.091651697975869903, 0.73273796094940224] ; [0.17754357859311914, 0.14657626578049587, 0.20344100539007842, 0.12598888713806725]
840 ; 90 ; 54 ; 3 ; [0.013900958067793717] ; [0.18889371571945096]
840 ; 90 ; 55 ; 4 ; [0.046129645977729131] ; [2.1812869064926423]
840 ; 90 ; 55 ; 13 ; [3.1590513609404556] ; [2.0639423381627315]
840 ; 90 ; 56 ; 0 ; [0.91892620148307436] ; [0.094873416701448027]
840 ; 90 ; 57 ; 0 ; [0.16861448553708899, 0.10436074488710163, 0.65027403492176827] ; [0.20955214303348249, 0.13810437882150675, 0.13964498247647661]
840 ; 90 ; 58 ; 0 ; [0.67292074498216137, 1.5358480962974166] ; [0.2422297209692722, 0.80309318312871536]
840 ; 90 ; 59 ; 0 ; [0.47562188646002912, 0.15679417170120516] ; [1.085522539425434, 0.24075718517327033]
840 ; 90 ; 59 ; 1 ; [0.49829145997871305] ; [1.9050547940954348]
840 ; 90 ; 59 ; 2 ; [1.831588461689635] ; [1.3157284673133818]
840 ; 90 ; 59 ; 3 ; [0.15796004090482274] ; [1.0099564379075616]
840 ; 90 ; 59 ; 5 ; [2.9269593629702384] ; [3.0770636355155156]
840 ; 90 ; 59 ; 6 ; [0.98449101337900091] ; [3.23220192407905]
840 ; 90 ; 59 ; 7 ; [-0.040305875896312231] ; [2.0746231450513744]
840 ; 90 ; 59 ; 8 ; [1.694275223904415] ; [0.43723552738148025]
840 ; 90 ; 59 ; 10 ; [3.6900922652021153] ; [1.6502557217230229]
840 ; 90 ; 59 ; 12 ; [6.1286478243915363] ; [0.4966101459432643]
840 ; 90 ; 59 ; 17 ; [0.6077292745072419] ; [3.2617576273143003]
840 ; 90 ; 59 ; 18 ; [4.600869651620318] ; [0.63423050673719372]
840 ; 90 ; 59 ; 19 ; [0.61556559720158766] ; [1.0174294681973313]
840 ; 90 ; 59 ; 22 ; [1.0831926122097972] ; [4.6444262482028229]
840 ; 90 ; 59 ; 23 ; [0.43204273865537368] ; [0.85405938789391811]
840 ; 90 ; 59 ; 28 ; [0.88083158438889186] ; [0.54216422103566264]
840 ; 90 ; 59 ; 29 ; [0.64431142385825968] ; [1.5670545148998372]
840 ; 90 ; 60 ; 0 ; [0.11615847532525056, 0.1443071252313618, 0.094095293031694713, -0.0074317978891025463] ; [0.23463070145171483, 0.19117316378556287, 0.1327557088901361, 0.081467374921238914]
840 ; 90 ; 62 ; 0 ; [0.59615328477367679, 0.0092406670341537607, 0.17618617200118358] ; [0.26210765560253652, 0.22465231017267115, 0.36304891664759742]
840 ; 90 ; 63 ; 0 ; [0.027737645221965614, 0.01977407317943362, 0.024706655534776436, -0.016913857197933969] ; [0.17517176596224796, 0.21658468692473976, 0.10184059079239774, 0.076825505420408072]
840 ; 90 ; 63 ; 1 ; [0.044735919851065453] ; [0.077945475642672887]
840 ; 90 ; 64 ; 0 ; [0.12531011026502448, 0.085231276864411287] ; [0.086787373694308417, 0.027711847483077041]
840 ; 90 ; 64 ; 1 ; [0.29442952516106752] ; [0.19923512281442263]
840 ; 90 ; 64 ; 2 ; [0.18084165960801135] ; [0.40059927082403518]
840 ; 90 ; 64 ; 4 ; [0.087944083926294672] ; [0.061503048685274522]
840 ; 90 ; 65 ; 0 ; [0.6226018361754555, 0.062133314494346822] ; [1.0158009831025319, 0.76543553804976572]
840 ; 90 ; 65 ; 1 ; [0.70417621086605675] ; [0.32218907226922444]
840 ; 90 ; 65 ; 2 ; [0.384960992378996] ; [1.884024901055916]
840 ; 90 ; 65 ; 3 ; [0.61059296571486021] ; [0.68547846848205918]
840 ; 90 ; 65 ; 4 ; [0.27714984900075545] ; [1.7177721466588094]
840 ; 90 ; 65 ; 5 ; [0.13244579163368753] ; [0.045819949909697823]
840 ; 90 ; 65 ; 9 ; [0.3259738832073697] ; [0.32067931834362773]
840 ; 90 ; 65 ; 15 ; [0.50515337896588741] ; [1.2225905544582332]
840 ; 90 ; 65 ; 17 ; [0.97426771898524034] ; [1.9915363384820517]
840 ; 90 ; 67 ; 0 ; [0.77398015617733973] ; [0.73001354779365579]
840 ; 90 ; 67 ; 1 ; [0.34122260255885767] ; [2.4599186942119116]
840 ; 90 ; 68 ; 0 ; [0.13827482234498761] ; [0.6567387723703092]
840 ; 90 ; 68 ; 1 ; [0.29475615006888123] ; [-0.061919272945935619]
840 ; 90 ; 68 ; 2 ; [0.60305945269088934] ; [0.81257572611278894]
840 ; 90 ; 69 ; 0 ; [0.0086527377866391971] ; [0.34097891951284315]
840 ; 90 ; 70 ; 0 ; [0.092249576036386116, 0.021037262449697881, 0.13640483778686513, -0.0042804982314553625] ; [0.21665622480081215, 0.16860205813339066, 0.26006807056907483, 0.16854428856157111]
840 ; 90 ; 71 ; 0 ; [0.16701573439217177, 0.20958772213355675, 0.22494595087722832, 0.2169285920477779, 0.31668615714555653] ; [0.059309001308849203, 0.21677156918334473, 0.22817500231299029, 0.10146355503285286, 0.43472642245224047]
840 ; 90 ; 72 ; 0 ; [0.74775879333400996] ; [0.14874124010163434]
840 ; 90 ; 72 ; 1 ; [0.099928375639910985] ; [0.69909140641433465]
840 ; 90 ; 72 ; 3 ; [0.44993729388923692] ; [2.0391992803929471]
840 ; 90 ; 72 ; 4 ; [3.1049055720977026] ; [1.1703119467901573]
840 ; 90 ; 73 ; 0 ; [-0.024688517084677467] ; [0.018968284214006547]
840 ; 90 ; 73 ; 2 ; [0.043488320857728135, 0.50118803528474376] ; [0.67452453301419268, 0.42280284930357015]
840 ; 90 ; 73 ; 4 ; [0.59216559803856861] ; [0.79218267258209685]
840 ; 90 ; 74 ; 0 ; [-0.0015092887513347259, 0.0035433762569509883, -0.0086253726814426983] ; [0.19273425428324911, 0.22499777263608275, 0.062809616914653379]
840 ; 90 ; 75 ; 0 ; [1.0017386790042999, 0.72148722447224323, 0.37355342171761963, 0.22748541811640055] ; [0.11534585747891261, 0.43530987798181925, 0.28261085185213397, 0.13497129421254475]
840 ; 90 ; 75 ; 1 ; [1.0226032263055553] ; [0.10923777608023671]
840 ; 90 ; 76 ; 0 ; [0.29855066900817168, 0.16635769219626922, 0.069103221535729842, 0.16140796919813941] ; [0.30906768364057069, 0.18642133394221067, 0.16183082464546117, 0.14850411197188593]
840 ; 90 ; 76 ; 1 ; [0.31947901118860889] ; [0.083371289847374394]
840 ; 90 ; 77 ; 0 ; [0.1905235197994716, 1.1703149861131761] ; [0.18393383359180138, 0.050468699574015501]
840 ; 90 ; 77 ; 1 ; [0.48863915653750939, 0.31248267169653643] ; [0.13991015451241295, 0.17070927096588526]
840 ; 90 ; 77 ; 3 ; [0.22210029773570431] ; [0.2720306251791681]
840 ; 90 ; 77 ; 4 ; [0.46112883443699099] ; [0.38754567571189857]
840 ; 90 ; 77 ; 6 ; [0.47721463866318869] ; [0.58648558617403734]
840 ; 90 ; 77 ; 8 ; [0.54966434882006487] ; [0.17551044530644469]
840 ; 90 ; 77 ; 9 ; [0.14112723148881362] ; [0.81207367100813976]
840 ; 90 ; 77 ; 10 ; [0.89429478234338] ; [-0.01354627854963421]
840 ; 90 ; 78 ; 2 ; [1.6896919040786849] ; [3.2385175215703472]
840 ; 90 ; 78 ; 13 ; [3.5102378081996588] ; [1.7732390782711758]
840 ; 90 ; 78 ; 15 ; [1.9478226411590913] ; [3.9806140109305277]
840 ; 90 ; 78 ; 21 ; [1.2563131307036597] ; [2.7163109624301622]
840 ; 90 ; 78 ; 24 ; [1.8433534211469573] ; [0.98957251988494477]
840 ; 90 ; 78 ; 25 ; [0.062046868192849387] ; [0.2745914449352021]
840 ; 90 ; 78 ; 26 ; [0.016776980801294736] ; [0.62202416214266232]
840 ; 90 ; 79 ; 4 ; [0.13107589232798264] ; [0.15341240510699256]
840 ; 90 ; 80 ; 0 ; [0.30902045769995129, 0.24735337374503358, 0.71684769463722142] ; [0.3958160456492722, 0.30342177127158698, 0.13642490760780551]
840 ; 90 ; 80 ; 1 ; [0.8469172814750382] ; [0.12060860357763563]
840 ; 90 ; 82 ; 0 ; [0.53150788499224533] ; [0.26108486829092165]
840 ; 90 ; 83 ; 0 ; [2.0952268090380683] ; [0.53033098421489888]
840 ; 90 ; 83 ; 1 ; [2.1401889629519242] ; [0.48996580189868238]
840 ; 90 ; 83 ; 6 ; [0.24431592823885442, 1.1540008266803536] ; [0.10718508301126928, 0.30572777795668593]
840 ; 90 ; 84 ; 0 ; [0.78522765237512493] ; [0.14864576635882487]
840 ; 90 ; 84 ; 1 ; [0.24439643632420829] ; [0.43253761645426719]
840 ; 90 ; 85 ; 0 ; [0.36813782999643352] ; [0.69263108456783218]
840 ; 90 ; 85 ; 1 ; [0.3139025043104447] ; [0.36107400501827414]
840 ; 90 ; 85 ; 2 ; [0.31703801903043294] ; [1.7107759015307755]
840 ; 90 ; 85 ; 5 ; [0.71651141084326064] ; [1.0263836479576958]
840 ; 90 ; 85 ; 6 ; [5.0085557678012975] ; [0.84795810975051056]
840 ; 90 ; 85 ; 9 ; [0.57819809834081803] ; [0.28462785351189668]
840 ; 90 ; 85 ; 10 ; [6.2348547451288763] ; [0.76163535544049721]
840 ; 90 ; 85 ; 11 ; [0.70798293643290189] ; [1.4310116930376477]
840 ; 90 ; 85 ; 13 ; [1.3907314145361998] ; [1.029202240813976]
840 ; 90 ; 85 ; 15 ; [0.14928138439842356] ; [0.12784201154826638]
840 ; 90 ; 85 ; 19 ; [1.0549609552905281] ; [0.88225426122900374]
840 ; 90 ; 85 ; 20 ; [0.3343143517002673] ; [1.4106321430501121]
840 ; 90 ; 85 ; 35 ; [0.51977254189396804] ; [0.83789887000543606]
840 ; 90 ; 86 ; 0 ; [0.028209047413381774, 0.012048195757968611] ; [0.12751044645105022, 0.20042468535583213]
840 ; 90 ; 86 ; 1 ; [0.614982616183262] ; [0.13675910695893914]
840 ; 90 ; 87 ; 0 ; [0.15614378790625577, 0.24306815658109748, 0.10874688908410966] ; [0.1342741690706484, 0.20296396570036673, 0.35082727340456282]
840 ; 90 ; 88 ; 0 ; [0.55649654259510073, 0.20221858984284521, 0.34167137367842887] ; [0.76280657346468228, 0.40702005076161796, 0.14445197442931701]
840 ; 90 ; 88 ; 1 ; [0.0066893212614519302] ; [0.85022020643222695]
840 ; 90 ; 89 ; 0 ; [0.14173056082353366, 1.1316949206106526] ; [0.21037060163469706, 0.22138820675130091]
840 ; 90 ; 89 ; 1 ; [0.58629773203222002] ; [0.68932594082092979]
840 ; 90 ; 89 ; 2 ; [0.46410510333737331] ; [1.5353746958979364]
840 ; 90 ; 89 ; 3 ; [0.070258095607707599] ; [-0.018463357129745925]
840 ; 90 ; 89 ; 5 ; [1.9925673590750925] ; [0.14442465505806898]
840 ; 90 ; 90 ; 0 ; [0.12637732048925912] ; [0.16167779929425999]
840 ; 90 ; 90 ; 12 ; [0.31596210571730393] ; [0.83656113958327405]
840 ; 90 ; 91 ; 0 ; [-0.0039472601882617354, 0.037141578594886912, 0.00089938789663756213] ; [0.16342735202223166, 0.22243297900004053, 0.11142192615832025]
840 ; 90 ; 92 ; 0 ; [0.25450301550922366, 0.23898561122341791, 0.42238038395142957, 0.51469799854657983] ; [0.31745174892760142, 0.32334799976244388, 0.3529919604330326, 0.29310073395872482]
840 ; 90 ; 92 ; 1 ; [0.069258417992392241] ; [0.21846661407230475]
840 ; 90 ; 92 ; 3 ; [2.9851459787244594] ; [0.49712577897157978]
840 ; 90 ; 93 ; 0 ; [0.2269875012189714] ; [0.10739289024521355]
840 ; 90 ; 93 ; 1 ; [0.55335792980420095] ; [0.5709651907394957]
840 ; 90 ; 93 ; 3 ; [0.48440842630153758] ; [0.43290429334874225]
840 ; 90 ; 93 ; 5 ; [0.8833716730070359] ; [0.45557629376374864]
840 ; 90 ; 93 ; 6 ; [1.2955437297695764] ; [0.66902021098119935]
840 ; 90 ; 93 ; 7 ; [0.040331256027909997] ; [0.02750370209303506]
840 ; 90 ; 93 ; 11 ; [2.2991688919123257] ; [2.1188479395393163]
840 ; 90 ; 93 ; 15 ; [0.8883861774046774] ; [-0.023343395827316666]
840 ; 90 ; 93 ; 22 ; [1.4892701994130788] ; [1.0737807708142297]
840 ; 90 ; 93 ; 25 ; [0.29006477720338353] ; [0.49690090656789815]
840 ; 90 ; 93 ; 26 ; [0.1501535626679866] ; [0.58930093340536727]
840 ; 90 ; 94 ; 0 ; [0.022788564219821283] ; [0.96863687640877405]
840 ; 90 ; 95 ; 0 ; [0.022661640207825361] ; [0.12760848994700774]
840 ; 90 ; 95 ; 1 ; [0.11790311245621446, 0.25347773644059063] ; [0.14780466271681431, 0.16391511217365826]
840 ; 90 ; 95 ; 2 ; [0.17833328950700572] ; [0.09729661133725892]
840 ; 90 ; 95 ; 3 ; [0.053593418147370508] ; [-0.0022236627512411586]
840 ; 90 ; 96 ; 0 ; [1.0860247949835242] ; [0.028258286961809868]
840 ; 90 ; 96 ; 2 ; [1.6818894961894646] ; [0.96064624933502485]
840 ; 90 ; 96 ; 4 ; [0.083045804417071864] ; [1.4730129513863968]
840 ; 90 ; 96 ; 5 ; [0.16995539765001305] ; [0.73717560820393602]
840 ; 90 ; 97 ; 5 ; [0.69006307275227607] ; [1.4862643763381791]
840 ; 90 ; 97 ; 6 ; [0.008346192748468555] ; [0.27450981632769311]
840 ; 90 ; 98 ; 0 ; [0.33737149892349511, 0.60720259742368299, 0.39609198008639823, 0.73569893886061677] ; [0.28908587884744391, 0.33186951646105439, 0.26922031638216948, 0.21640049334073005]
840 ; 90 ; 99 ; 0 ; [0.85135059405539992, 0.68649488592527452, 0.33187285636143365] ; [0.89476709375525421, 1.3242463223050822, 0.39492376070546947]
840 ; 90 ; 100 ; 0 ; [0.13722079847794941, 0.12321226819327194, 0.060393054739446547] ; [0.22665610751717621, 0.18997933671818892, 0.12544971842163849]
840 ; 90 ; 102 ; 0 ; [1.8750804860763111] ; [0.50134109595319554]
840 ; 90 ; 103 ; 2 ; [0.75597451007865379] ; [0.32586459961100533]
840 ; 90 ; 103 ; 3 ; [0.29984754190620511, 0.096830285313144138] ; [0.36275371757985503, 0.24141224590837512]
840 ; 90 ; 104 ; 6 ; [1.1680793237442697] ; [1.1767294631312344]
840 ; 90 ; 105 ; 0 ; [0.81198257946659114, 0.31131790765126349] ; [0.50143154788021205, 0.12995209590539494]
840 ; 90 ; 105 ; 1 ; [0.064557801979312018] ; [0.43091272183872487]
840 ; 90 ; 106 ; 1 ; [0.16240790464039026, 0.066233181688595072, 0.19958987636727937, 0.19140880668864541, 1.2069812191245806] ; [0.060655773093000007, 0.090807217952627223, 0.24601863639452903, 1.1077574904353138, 0.42351064999405941]
840 ; 90 ; 107 ; 0 ; [1.4759544803527009] ; [0.53199208864950676]
840 ; 90 ; 107 ; 3 ; [3.1768949658793053] ; [0.35022876962751354]
840 ; 90 ; 107 ; 4 ; [0.33087344565378396] ; [0.4835141297839779]
840 ; 90 ; 107 ; 5 ; [0.53483092203311944] ; [1.4320016462364655]
840 ; 90 ; 107 ; 6 ; [0.97095660553116814] ; [1.949923007637854]
840 ; 90 ; 107 ; 9 ; [0.54278471014535778] ; [1.4710015025323699]
840 ; 90 ; 108 ; 2 ; [0.23362757813008567] ; [0.47449010360706995]
840 ; 90 ; 108 ; 3 ; [0.034867150932360924] ; [0.53548032320950023]
840 ; 90 ; 108 ; 8 ; [0.0016309170934015629] ; [0.06739283748555773]
840 ; 90 ; 108 ; 9 ; [0.0017430667902373028] ; [1.0864974170900419]
840 ; 90 ; 108 ; 10 ; [0.5860421911350947] ; [0.1669284862726787]
840 ; 90 ; 108 ; 11 ; [0.57748471897344134] ; [0.19134283197145227]
840 ; 90 ; 109 ; 0 ; [0.26442943433293947, 0.73523597341424018] ; [0.25495947827661614, 0.27293209444239408]
840 ; 90 ; 109 ; 6 ; [0.87086266316106942] ; [0.83833451032558615]
840 ; 90 ; 110 ; 0 ; [0.12955820684893996, 0.15059392755180875, 0.099752134760422051, 0.10013251089823232] ; [0.25782742366592454, 0.16411816252058606, 0.17338000997599884, 0.09320881589320161]
840 ; 90 ; 111 ; 0 ; [1.582843907245167] ; [0.45837964633746692]
840 ; 90 ; 111 ; 1 ; [10.500955338719283] ; [0.071712433996387881]
840 ; 90 ; 111 ; 7 ; [0.062170262927173897] ; [1.361420613452309]
840 ; 90 ; 114 ; 0 ; [0.041165734357624113, 0.0740807882121787, 0.04357956609082797, 0.016474660773305918] ; [0.18039388272225498, 0.40593666590616501, 0.14235966615937701, 0.043323051897548891]
840 ; 90 ; 114 ; 1 ; [0.0056504172376520599] ; [0.074937464547274971]
840 ; 90 ; 115 ; 0 ; [0.10875428013675921, 0.10938902358738761, 0.23382428211379261] ; [0.1643218351337879, 0.18526203902784602, 0.11696309882852245]
840 ; 90 ; 115 ; 1 ; [0.056952160584618508, -0.018529539279385904] ; [-0.0094644124729746735, 0.02807864804438007]
840 ; 90 ; 117 ; 0 ; [-0.0015041648876254765, 0.0054720065028867589, 0.025387002877543405] ; [0.19699685159718844, 0.16184873384176957, 0.13931600646166201]
840 ; 90 ; 119 ; 0 ; [0.25123335223787319] ; [0.26303142196653645]
840 ; 90 ; 120 ; 0 ; [0.57271765459516688] ; [0.31515838371808497]
840 ; 90 ; 120 ; 2 ; [0.49121366471048195] ; [0.26909568470920486]
840 ; 90 ; 120 ; 3 ; [0.33993994358102381] ; [0.045501170472351068]
840 ; 90 ; 120 ; 6 ; [0.99112196924253892] ; [0.17612120037257778]
840 ; 90 ; 121 ; 3 ; [3.0289199229083454] ; [1.7247810553602392]
840 ; 90 ; 121 ; 5 ; [1.403870633142259] ; [2.5126725763228404]
840 ; 90 ; 121 ; 6 ; [1.7539685766689657] ; [1.2397925582529767]
840 ; 90 ; 121 ; 8 ; [0.91128816384072397] ; [0.70850882128413861]
840 ; 90 ; 121 ; 12 ; [1.3114518762936256] ; [0.85265098185224497]
840 ; 90 ; 121 ; 13 ; [0.095231750412312147] ; [0.88998103021899266]
840 ; 90 ; 121 ; 15 ; [0.49040495944228596] ; [1.7627450346308706]
840 ; 90 ; 121 ; 17 ; [0.46268689888934794] ; [1.6273434528580608]
840 ; 90 ; 121 ; 18 ; [0.25511870211403254] ; [2.2969663216015843]
840 ; 90 ; 121 ; 21 ; [0.8969986024907699] ; [0.78833906909962903]
840 ; 90 ; 121 ; 22 ; [4.3920799277835041] ; [2.1089504718683996]
840 ; 90 ; 121 ; 23 ; [1.0503323219709115] ; [14.046106564342717]
840 ; 90 ; 121 ; 26 ; [1.6435279012794386] ; [1.7484324572469494]
840 ; 90 ; 121 ; 28 ; [0.16788090893009264] ; [1.1310562244768572]
840 ; 90 ; 122 ; 12 ; [1.1895237915353669] ; [0.78217687687874116]
840 ; 90 ; 123 ; 0 ; [0.18690213913647152, 0.20189169923633368] ; [0.56626577889373353, 0.10740963393963654]
840 ; 90 ; 123 ; 1 ; [0.12535857636656622] ; [0.24536302602090221]
840 ; 90 ; 123 ; 2 ; [0.20602103036039274] ; [-0.024664907432122709]
840 ; 90 ; 123 ; 4 ; [0.1906058554558277] ; [0.48679162403620491]
840 ; 90 ; 124 ; 0 ; [0.11180596598282386, 1.410701946067386] ; [0.59734814790650193, 0.26151551443302323]
840 ; 90 ; 124 ; 2 ; [0.24861914543714611] ; [0.40820737673573482]
840 ; 90 ; 124 ; 3 ; [0.48898579719049767] ; [0.91340040934175526]
840 ; 90 ; 124 ; 5 ; [0.13031351336998559] ; [2.3362898445414979]
840 ; 90 ; 124 ; 6 ; [1.5551600358812911] ; [1.6620108455621203]
840 ; 90 ; 124 ; 7 ; [0.13141907760891317] ; [0.56916662933857254]
840 ; 90 ; 124 ; 8 ; [1.8813670832197125] ; [0.72234706640965396]
840 ; 90 ; 124 ; 10 ; [1.4591023865302055] ; [0.54058870398013126]
840 ; 90 ; 124 ; 16 ; [0.061540632361772186] ; [2.058900775928143]
840 ; 90 ; 125 ; 0 ; [0.020953512644815247, 0.028736857832432773, 0.03707485814958314] ; [0.1975267969635901, 0.20558909115155488, 0.0072411068696935322]
840 ; 90 ; 126 ; 0 ; [-0.0064011100287213333] ; [0.21864937363320991]
840 ; 90 ; 126 ; 1 ; [0.11808557630727359] ; [0.1874588253659446]
840 ; 90 ; 126 ; 2 ; [0.0063051813710565674] ; [0.024301614689433104]
840 ; 90 ; 127 ; 0 ; [0.22672473474324314] ; [0.25682986461428481]
840 ; 90 ; 127 ; 1 ; [0.87897766668517296] ; [0.38862780536083363]
840 ; 90 ; 128 ; 0 ; [0.83541123655631566] ; [0.94446230934918762]
840 ; 90 ; 128 ; 1 ; [0.98012770127814364] ; [0.72844746494600765]
840 ; 90 ; 128 ; 2 ; [1.4237530690404419] ; [0.27165729105458919]
840 ; 90 ; 128 ; 5 ; [1.6379692512860269] ; [1.4884679886713039]
840 ; 90 ; 128 ; 6 ; [0.35289986313505539] ; [0.83554644442386206]
840 ; 90 ; 128 ; 8 ; [1.4908579995053644] ; [1.6754876163686725]
840 ; 90 ; 128 ; 9 ; [1.3423563178227784] ; [2.4282808626037999]
840 ; 90 ; 128 ; 13 ; [1.3369087898669101] ; [2.1473200980195513]
840 ; 90 ; 128 ; 18 ; [1.2226708871315881] ; [1.8046058955463735]
840 ; 90 ; 128 ; 21 ; [2.3901721610484721] ; [2.1427128671842341]
840 ; 90 ; 128 ; 31 ; [1.3030084485078701] ; [1.3122489781093645]
840 ; 90 ; 129 ; 0 ; [0.13487359321888603] ; [1.3656153038927479]
840 ; 90 ; 129 ; 1 ; [0.037964593132767038] ; [-0.027371764620974532]
840 ; 90 ; 129 ; 5 ; [0.4127406187086744] ; [1.3789531116235421]
840 ; 90 ; 129 ; 7 ; [2.3371955018137247] ; [0.6948380137542951]
840 ; 90 ; 129 ; 9 ; [0.15941996817034598] ; [1.9127449686091331]
840 ; 90 ; 130 ; 0 ; [0.017414943119741816] ; [0.026479319689921101]
840 ; 90 ; 131 ; 0 ; [0.3322891065758713] ; [0.064736381806257112]
840 ; 90 ; 131 ; 2 ; [1.0275097445632364] ; [0.21664862375665861]
840 ; 90 ; 131 ; 4 ; [0.29086134794605217] ; [0.056192310940698133]
840 ; 90 ; 132 ; 1 ; [0.50992323180983046] ; [0.68861864445122278]
840 ; 90 ; 132 ; 2 ; [0.019112612086983064] ; [0.29208363479077121]
840 ; 90 ; 132 ; 5 ; [0.22040212255039496] ; [0.7590765657902625]
840 ; 90 ; 132 ; 11 ; [0.53198361008097261] ; [0.62414554853378879]
840 ; 90 ; 133 ; 0 ; [0.26521942577090146, 0.043851428866904893] ; [0.096033460818609001, 0.011155164498593299]
840 ; 90 ; 133 ; 1 ; [0.43882467790377661] ; [0.19275731203047916]
840 ; 90 ; 133 ; 2 ; [1.3635517375975195] ; [5.1098373648544593]
840 ; 90 ; 134 ; 0 ; [0.20385623237299663, 0.67783445734962378] ; [0.25680453827201838, 0.74669342823409002]
840 ; 90 ; 134 ; 1 ; [0.59063689142395304] ; [0.014417917683823498]
840 ; 90 ; 134 ; 5 ; [0.46564579459957639] ; [0.47402505823459884]
840 ; 90 ; 135 ; 0 ; [0.061016195435950916, 0.031382569455932187, -0.0019295800938891724] ; [0.36907041036569288, 0.30251216371206607, 0.074427955408503901]
840 ; 90 ; 136 ; 0 ; [0.470643324696843, 0.26138335964984027, 0.28784152611759678, 0.11953728424951339] ; [0.25302871026068563, 0.21530256658470151, 0.17591554919141264, 0.14561956614208341]
840 ; 90 ; 137 ; 0 ; [0.25546068109312564, 0.40284150269794861] ; [0.40384571239720279, 0.17509381626140622]
840 ; 90 ; 138 ; 0 ; [0.36948256432497473] ; [0.15554043496256759]
840 ; 90 ; 138 ; 1 ; [0.113751362860938, 0.065852559357098286, 0.040343265489039846, 0.26120536096825275] ; [0.14043335949990038, 0.24447464670891988, 0.26908342345935149, 0.15990640940714856]
840 ; 90 ; 139 ; 0 ; [0.11596156983593056, 0.037586413128081649, 0.05199969388186599, 0.01238965755411145] ; [0.21880505637005973, 0.12685981645730249, 0.23836128054145855, 0.093234494528381076]
840 ; 90 ; 140 ; 0 ; [0.95061211479002905, 0.11785329791390368] ; [0.20323819621228759, 0.14291190075303448]
840 ; 90 ; 140 ; 1 ; [-0.013223904959783829, 0.20270512697739573] ; [0.02634137570697449, 0.11561505152023635]
840 ; 90 ; 140 ; 2 ; [0.35470872905044032] ; [0.15447573951849491]
840 ; 90 ; 140 ; 4 ; [0.55855379316247256, 3.8193823076639726] ; [0.47039068596161326, 0.49842083267275833]
840 ; 90 ; 140 ; 5 ; [1.9242605185238264, 0.53901495291621404] ; [0.53784707813578747, 0.21654722396172019]
840 ; 90 ; 141 ; 0 ; [0.61486288280224588, 0.16955493170244224] ; [0.85524209301241905, 0.21230379796791451]
840 ; 90 ; 141 ; 5 ; [1.941876884187451] ; [1.0078264647651547]
840 ; 90 ; 142 ; 0 ; [0.67629715326242623, 0.20572075965635889, 0.13846733437552988] ; [0.73030357308745752, 0.78010498270236694, 0.098240705788756794]
840 ; 90 ; 142 ; 4 ; [0.13089040844293498] ; [0.1372101486169981]
840 ; 90 ; 143 ; 0 ; [0.52095332415838458] ; [0.15358040458007366]
840 ; 90 ; 143 ; 1 ; [0.18156607634271432] ; [0.012810954843257437]
840 ; 90 ; 143 ; 3 ; [0.21975269986976839, 0.068876166104505407] ; [0.39247721207921327, 0.67788774449738487]
840 ; 90 ; 144 ; 0 ; [0.088409595960890319, 0.032216662777742405, 0.070032366869969817, 0.26574356349508743] ; [0.19604411080711528, 0.24522717280355838, 0.161871863052647, 0.29270194252589776]
840 ; 90 ; 144 ; 1 ; [0.041212095868386693] ; [0.17208195472694454]
840 ; 90 ; 145 ; 1 ; [0.2551224347860177] ; [1.5145995610540415]
840 ; 90 ; 145 ; 4 ; [-0.04614601276662543] ; [1.2076517257425305]
840 ; 90 ; 145 ; 7 ; [1.9769991300725489] ; [2.3393581966841084]
840 ; 90 ; 145 ; 8 ; [0.66969307094474551] ; [0.41408928823230801]
840 ; 90 ; 146 ; 0 ; [0.017975018968034485, -0.0082860254983129558] ; [0.025625680224477556, 0.021453701060108511]
840 ; 90 ; 146 ; 2 ; [1.5275777682990996] ; [4.2325280878725184]
840 ; 90 ; 146 ; 5 ; [0.2500257284667356] ; [0.97794917746453214]
840 ; 90 ; 147 ; 1 ; [0.64645543477933975] ; [0.5064801547554918]
840 ; 90 ; 148 ; 0 ; [1.9877422485438099, 0.084831369452698716, -0.20447069589810188] ; [0.45244678068923344, 0.35874523555692611, 0.12198253395235913]
840 ; 90 ; 149 ; 0 ; [0.209023579210386] ; [0.46012989247911318]
840 ; 90 ; 149 ; 2 ; [0.9064207744998708] ; [0.26234499700015457]
840 ; 90 ; 150 ; 0 ; [0.27549433129494583, 0.48425462863943042] ; [0.13012759666645651, 0.041796422287352648]
840 ; 90 ; 150 ; 4 ; [1.0062062469086301] ; [0.13678118532632552]
840 ; 90 ; 150 ; 7 ; [2.1119247154392626] ; [0.76214936807364009]
840 ; 90 ; 151 ; 0 ; [0.2805677815220487, 0.39215365701684873, 0.60648672390936997, 0.35166793665178514, 0.31834465153410613] ; [0.099967071007304717, 0.13211139922261078, 0.55056915739888468, 0.33625464630760221, 0.34692502847917023]
840 ; 90 ; 152 ; 0 ; [0.25277701108918427] ; [0.013620549081362671]
840 ; 90 ; 152 ; 1 ; [0.0026061471602264242] ; [0.05131691327426869]
840 ; 90 ; 153 ; 0 ; [0.55560633895385914] ; [0.57657918926406115]
840 ; 90 ; 153 ; 1 ; [0.78496340371388218] ; [0.38729429466096227]
840 ; 90 ; 153 ; 2 ; [2.4008918687953029] ; [0.62311186700628396]
840 ; 90 ; 154 ; 0 ; [0.8742941829169022] ; [0.20251307944727909]
840 ; 90 ; 154 ; 1 ; [0.089163568786672517] ; [0.23286126250413305]
840 ; 90 ; 154 ; 3 ; [0.33842337181667231] ; [0.07682098956712316]
840 ; 90 ; 154 ; 9 ; [-0.1739676699075724] ; [0.63510559648401865]
840 ; 90 ; 155 ; 0 ; [-0.014018832207454698] ; [0.1234422725584306]
840 ; 90 ; 155 ; 1 ; [0.19260847115973959, 0.29809744187574777] ; [0.40748158300541937, 0.26383628736532871]
840 ; 90 ; 156 ; 1 ; [0.42674654149382124] ; [0.9178076477995738]
840 ; 90 ; 156 ; 5 ; [1.1086248443196234] ; [0.53965998933649506]
840 ; 90 ; 156 ; 6 ; [1.3948779450303741] ; [0.65169673536799533]
840 ; 90 ; 156 ; 18 ; [0.6215686018449571] ; [1.6465111980556146]
840 ; 90 ; 157 ; 0 ; [-0.00037956309438574458, 0.017554644922407402, -0.017305709983660142, -0.00072847963800745641] ; [0.20709688021501768, 0.17534449439236896, 0.15590058512895114, 0.30176857319341432]
840 ; 90 ; 157 ; 1 ; [0.21247942221276966] ; [0.23278106427645742]
840 ; 90 ; 158 ; 2 ; [1.6860656190604799] ; [0.29096394205514292]
840 ; 90 ; 159 ; 0 ; [0.0013416612815530912, 0.015116775297904558, 0.17393283245827823, 0.39368509541375346, 0.062430061992768397] ; [0.22743950704359286, 0.1480482320399707, 0.24937963240323946, 0.37050269604273517, 0.21165156669471805]
840 ; 90 ; 160 ; 0 ; [0.83811037181282122] ; [0.7922793347446051]
840 ; 90 ; 160 ; 1 ; [0.034900865388940876] ; [0.45064081033767028]
840 ; 90 ; 160 ; 2 ; [0.10150979490275952] ; [0.082779499636618362]
840 ; 90 ; 160 ; 3 ; [0.080586138533657523] ; [0.29770295626601745]
840 ; 90 ; 161 ; 0 ; [-0.0073165918982127228, -0.0063461856435063193, -0.0012578964064493196] ; [0.19821999079792016, 0.25483965796882002, 0.153401732448574]
840 ; 90 ; 162 ; 0 ; [0.06658727935280255, 0.0091460899180701334, 0.15913970067019234, 0.034572987038715482] ; [0.33088170749270213, 0.17348768272519982, 0.4174058575308352, 0.1966568040911445]
840 ; 90 ; 163 ; 0 ; [0.21422456228935483, 0.1514264298189478, 0.43594205978268974] ; [0.28195466195840446, 0.18774393184768848, 0.062291968353409215]
840 ; 90 ; 164 ; 0 ; [0.20315922986000193, 0.018795896408190047] ; [0.43248045310746752, 0.075319754801132219]
840 ; 90 ; 165 ; 0 ; [-0.0013637093394153982, -0.0014922666257921398, -0.0042924950540449199] ; [0.18047392249843372, 0.48797818396801007, 0.14696166668810176]
840 ; 90 ; 165 ; 1 ; [0.49543331549140257] ; [0.26978282244601109]
840 ; 90 ; 166 ; 0 ; [0.077048123551466202] ; [1.3154427141544669]
840 ; 90 ; 166 ; 1 ; [2.7161709678520221] ; [0.80974295625676274]
840 ; 90 ; 166 ; 2 ; [0.44911404316528997] ; [1.137358305070078]
840 ; 90 ; 166 ; 3 ; [2.5735334503224965] ; [3.0794029840130341]
840 ; 90 ; 166 ; 4 ; [1.8123057582003923] ; [0.010364473425803305]
840 ; 90 ; 166 ; 7 ; [0.028878328929281775] ; [0.49890726783380457]
840 ; 90 ; 166 ; 8 ; [2.1974885294001112] ; [0.65084904196281079]
840 ; 90 ; 166 ; 10 ; [0.033319738710084645] ; [1.9501418738121381]
840 ; 90 ; 166 ; 15 ; [0.66792715146744863] ; [1.3516574500464906]
840 ; 90 ; 167 ; 0 ; [0.012898833566046597, 0.063820205695170815] ; [0.23689304234221348, 0.12302077933499374]
840 ; 90 ; 168 ; 0 ; [0.057726097489531926, 0.097170189918102015, 0.052402976365747547, 0.15979525001029943] ; [0.16321205511468131, 0.078822865218006993, 0.14987053730048502, 0.11177489658223468]
840 ; 90 ; 168 ; 1 ; [0.12179328452692811] ; [0.017832253391003035]
840 ; 90 ; 169 ; 0 ; [0.14184844765203111, 0.081371982767996093] ; [0.45325190112406633, 0.52245021480141596]
840 ; 90 ; 169 ; 1 ; [0.16062826159183174] ; [0.097458134013691605]
840 ; 90 ; 170 ; 0 ; [1.4184340391403243] ; [7.2726749364465411]
840 ; 90 ; 170 ; 1 ; [1.0640766211152211] ; [1.0599059691197588]
840 ; 90 ; 170 ; 4 ; [0.37272837203046694] ; [0.55051634806288796]
840 ; 90 ; 170 ; 5 ; [1.9343671283296955] ; [0.89892744511954914]
840 ; 90 ; 171 ; 0 ; [0.70750152934748689] ; [0.77481049807511737]
840 ; 90 ; 171 ; 1 ; [1.7420274835756795] ; [1.0946665662061066]
840 ; 90 ; 171 ; 3 ; [0.98278073394942356] ; [0.82245499171550773]
840 ; 90 ; 171 ; 4 ; [0.93319493940581255] ; [2.0994454665774778]
840 ; 90 ; 174 ; 0 ; [0.055536097383068118] ; [0.069297614286545503]
840 ; 90 ; 174 ; 1 ; [0.4144110309954408] ; [0.4744026631007548]
840 ; 90 ; 174 ; 2 ; [1.0286890854220325] ; [1.5639682424049333]
840 ; 90 ; 174 ; 3 ; [0.61075795662600807] ; [1.8704132462743022]
840 ; 90 ; 175 ; 0 ; [0.061617494904144685, 0.13748116262234333, 0.48939772236524282, 0.10253778603405338, 0.36861125398576866, 0.0025405576917550922] ; [0.3366942941086935, 0.16779931182320471, 0.48903713203033583, 0.26639806889419032, 0.31911555157367866, 0.25245011739764694]
840 ; 90 ; 175 ; 1 ; [0.28358057893918853] ; [0.10944763586191721]
840 ; 90 ; 175 ; 5 ; [0.18622799664001566] ; [-0.018914011113834717]
840 ; 90 ; 177 ; 0 ; [0.16745865571494825, 0.20060005329513561, 0.14091132429912051, 0.27075423162707951] ; [0.16816092723877687, 0.30750116534197502, 0.17083615443555911, 0.18637927183681297]
840 ; 90 ; 177 ; 1 ; [0.10559450137642903] ; [0.10405523175379645]
840 ; 90 ; 178 ; 1 ; [0.079949319199261931] ; [0.1854035018305028]
840 ; 90 ; 178 ; 3 ; [0.31484467321076476] ; [0.47234743023540737]
840 ; 90 ; 179 ; 0 ; [0.26267481651590308, 0.070204768370800349, 0.034841556949200284] ; [0.34691326737545836, 0.27554202046135789, 0.17229653042741272]
840 ; 90 ; 180 ; 0 ; [0.004476679407597369] ; [0.072413063570080691]
840 ; 90 ; 181 ; 0 ; [0.54123957265157097] ; [0.066488103193618836]
840 ; 90 ; 181 ; 1 ; [0.57792548999055737] ; [0.35367558802183058]
840 ; 90 ; 181 ; 3 ; [2.7215128102645134] ; [0.59462001653111618]
840 ; 90 ; 181 ; 4 ; [0.20074408558699] ; [4.7388532691795087]
840 ; 90 ; 182 ; 2 ; [0.99741121388145848] ; [0.50186977174181246]
840 ; 90 ; 182 ; 5 ; [1.0790498342330579] ; [0.26075531814660768]
840 ; 90 ; 182 ; 10 ; [1.8146213763729073] ; [0.90603394673039284]
840 ; 90 ; 182 ; 13 ; [1.7357248443155098] ; [2.5010023727643738]
840 ; 90 ; 182 ; 15 ; [1.3410434880242397] ; [1.8480936065261651]
840 ; 90 ; 182 ; 19 ; [2.409441314966712] ; [1.4434795045144933]
840 ; 90 ; 182 ; 20 ; [1.1736262355976685] ; [1.6898432628672424]
840 ; 90 ; 182 ; 24 ; [2.3899259189539892] ; [2.9264898354139044]
840 ; 90 ; 182 ; 26 ; [0.92852952860771898] ; [2.0488314963629271]
840 ; 90 ; 182 ; 27 ; [1.509695299827281] ; [1.5913063754725389]
840 ; 90 ; 183 ; 0 ; [0.86647587107150004] ; [0.088134266877490708]
840 ; 90 ; 183 ; 1 ; [0.63930206219556107] ; [0.044091031745785991]
840 ; 90 ; 183 ; 5 ; [0.64905993542135054] ; [0.069176507603115195]
840 ; 90 ; 184 ; 10 ; [0.72038199129617153] ; [2.2286389004969971]
840 ; 90 ; 184 ; 14 ; [0.21572697673083333] ; [0.7719291817180236]
840 ; 90 ; 184 ; 15 ; [1.0512718108401096] ; [2.5728780141430421]
840 ; 90 ; 184 ; 18 ; [2.1558011259152958] ; [1.999290473566385]
840 ; 90 ; 185 ; 0 ; [0.57642895033062524] ; [0.13467687932987329]
840 ; 90 ; 185 ; 1 ; [0.0089226746748231577, 0.19524048572844058] ; [0.19337960004028526, 0.17175176732752809]
840 ; 90 ; 185 ; 2 ; [0.2518762793560595, 0.41779081787693118] ; [0.35463208729985607, 0.20131436771452502]
840 ; 90 ; 186 ; 0 ; [0.014215111183079776, 0.00020282291210730818] ; [0.2123940079759663, 0.093267536904115336]
840 ; 90 ; 187 ; 0 ; [0.38210766240702299, 0.16682884041382134] ; [0.71890419523690186, 0.20697355392857594]
840 ; 90 ; 188 ; 0 ; [0.22679154711023589, 0.16417120062499713] ; [9.282780143327067e-05, 0.087875504284419231]
840 ; 90 ; 189 ; 1 ; [0.65485536978986325] ; [0.40349146522713114]
840 ; 90 ; 189 ; 4 ; [0.96139249301173235] ; [1.1372672147842136]
840 ; 90 ; 189 ; 5 ; [0.43895886981805871] ; [0.6795126008307919]
840 ; 90 ; 190 ; 0 ; [1.047029016996506, 0.72783853824032063] ; [0.65800915796566317, 0.28430103777460541]
840 ; 90 ; 190 ; 1 ; [1.7835062960201409] ; [0.6674459598602781]
840 ; 90 ; 190 ; 2 ; [0.82377003090531919] ; [0.52156424096788889]
840 ; 90 ; 190 ; 4 ; [1.5037768454795952] ; [0.20955877699260619]
840 ; 90 ; 190 ; 13 ; [5.9189712836956598] ; [3.0644025167257727]
840 ; 90 ; 190 ; 15 ; [0.58778938160265803] ; [1.8433871109856272]
840 ; 90 ; 191 ; 0 ; [2.3035488323409514] ; [0.15350856112797021]
840 ; 90 ; 191 ; 2 ; [0.5770849652909763] ; [0.57507390755487031]
840 ; 90 ; 191 ; 3 ; [2.559597038059763] ; [0.79624383780113217]
840 ; 90 ; 191 ; 4 ; [1.0097517515726004] ; [1.1096447572863566]
840 ; 90 ; 191 ; 5 ; [0.42101772619052807] ; [1.1248181144013338]
840 ; 90 ; 191 ; 12 ; [1.654588367403363] ; [1.4149387729771334]
840 ; 90 ; 191 ; 20 ; [1.8606128612324531] ; [0.0037213480629204919]
840 ; 90 ; 191 ; 25 ; [1.1376096640348106] ; [0.9252242947067264]
840 ; 90 ; 191 ; 27 ; [1.8657693347273565] ; [1.7291222957240344]
840 ; 90 ; 191 ; 29 ; [1.1371498876483443] ; [2.0820189302078091]
840 ; 90 ; 191 ; 31 ; [1.7699169841831894] ; [0.76407646418478603]
840 ; 90 ; 191 ; 36 ; [1.343793452650986] ; [2.296148784239683]
840 ; 90 ; 191 ; 38 ; [1.2724213365281685] ; [2.3383056099571955]
840 ; 90 ; 192 ; 1 ; [0.01287284271245594] ; [-0.0053229923022899825]
840 ; 90 ; 195 ; 0 ; [0.13500218058176838, 0.53414885875957141] ; [0.12415886276286391, 0.091589868316236611]
840 ; 90 ; 195 ; 1 ; [0.11130024451712391] ; [0.17800265221868522]
840 ; 90 ; 196 ; 0 ; [0.90810632446704498, 0.49575633340739117] ; [0.7801882119316722, 0.69051378091668059]
840 ; 90 ; 196 ; 1 ; [0.10731214017399125] ; [0.19299763867699368]
840 ; 90 ; 196 ; 2 ; [0.55976023570825462] ; [1.6059761499503569]
840 ; 90 ; 196 ; 3 ; [0.32500053552959668] ; [0.13320692166582457]
840 ; 90 ; 196 ; 5 ; [0.78335573181477713] ; [0.096577456897629768]
840 ; 90 ; 197 ; 0 ; [0.59364258192757624] ; [0.048453945101117425]
840 ; 90 ; 198 ; 0 ; [0.096332473849138775] ; [0.06785896416251963]
840 ; 90 ; 198 ; 1 ; [0.77044243521040645] ; [0.64202925555968093]
840 ; 90 ; 198 ; 2 ; [0.017900161651496022] ; [-0.0060354411458628998]
840 ; 90 ; 198 ; 5 ; [0.35009932404231625] ; [0.38110116402691252]
840 ; 90 ; 199 ; 0 ; [0.062239550375831273, 0.35671851977234398] ; [0.25233235513163682, 0.55682370890091581]
840 ; 90 ; 199 ; 8 ; [0.04075063466286126] ; [1.3968217666673526]
840 ; 90 ; 199 ; 10 ; [0.0076583989343369388] ; [1.4753319934448208]
840 ; 90 ; 200 ; 0 ; [0.49535818667767739] ; [0.40247821152343471]
840 ; 90 ; 200 ; 1 ; [0.50219434856861023] ; [0.45673440594347364]
840 ; 90 ; 200 ; 2 ; [0.73295990846577752] ; [0.59305554479176548]
840 ; 90 ; 201 ; 0 ; [0.57307954676411799, 0.40899880527531335, 0.82793101775819056, 0.25965897804583526, 0.19915966149261755] ; [0.19043072100950864, 0.20335158316431068, 0.18477790839380062, 0.36465014939531476, 0.50622509605371102]
840 ; 90 ; 201 ; 1 ; [0.0051544860953926519, 0.0061355982945021535] ; [0.73808018560437849, 0.14518948949945035]
840 ; 90 ; 202 ; 0 ; [0.11903068048773159] ; [0.25252907245586531]
840 ; 90 ; 203 ; 0 ; [0.32968563888439428] ; [0.51765935614360592]
840 ; 90 ; 203 ; 4 ; [0.99648954637984388] ; [0.88827701835992057]
840 ; 90 ; 203 ; 5 ; [0.62941266152798825] ; [2.4377090392157132]
840 ; 90 ; 204 ; 1 ; [0.66982715975131091] ; [0.65325541944979615]
840 ; 90 ; 204 ; 2 ; [0.32984272429475414] ; [2.7732054854407258]
840 ; 90 ; 204 ; 4 ; [1.5140368138875568] ; [3.6370600575913259]
840 ; 90 ; 204 ; 5 ; [13.222760770095718] ; [2.0520938202292061]
840 ; 90 ; 204 ; 7 ; [1.2767167515171181] ; [4.1813273595630278]
840 ; 90 ; 204 ; 8 ; [1.2326049725701393] ; [3.4193011587478832]
840 ; 90 ; 205 ; 0 ; [0.26861276812371482] ; [0.14716676758232045]
840 ; 90 ; 205 ; 6 ; [3.6384442959306167] ; [1.9168159969737595]
840 ; 90 ; 205 ; 7 ; [-0.00020462208867001836] ; [1.3375441375038295]
840 ; 90 ; 205 ; 8 ; [0.7284656821951635] ; [1.525576277954426]
840 ; 90 ; 205 ; 9 ; [1.5351820895243706] ; [0.72767894210589923]
840 ; 90 ; 206 ; 0 ; [0.38873325212620452, 0.38547391879675102] ; [0.45843512834113098, 0.22483410195128878]
840 ; 90 ; 206 ; 1 ; [1.7600428155166405] ; [-0.0061602308685316763]
840 ; 90 ; 207 ; 0 ; [0.012411094660373791, -0.041008389057852555, 0.042639677705809419, 0.067196886057327224] ; [0.2200473404046564, 0.16784173455550214, 0.32162704654581759, 0.10804118770218056]
840 ; 90 ; 208 ; 0 ; [0.063703257256176871, -0.00056084128193413648, 0.0040789716796878345, 0.029266867166484436, 0.0096474688050190837] ; [0.11709849908359862, 0.1945462624676991, 0.27076801087635011, 0.38257160002696872, 0.29958960509830085]
840 ; 90 ; 208 ; 1 ; [0.064156905719522955] ; [0.000713597324619046]
840 ; 90 ; 209 ; 0 ; [0.13697140101308347] ; [0.11014288832251805]
840 ; 90 ; 209 ; 5 ; [0.37196107873363776] ; [0.2717818881656951]
840 ; 90 ; 210 ; 0 ; [0.69770187994279498] ; [0.10327209152277882]
840 ; 90 ; 210 ; 1 ; [2.2058888219310031] ; [0.44590239660631759]
840 ; 90 ; 210 ; 3 ; [1.6582402230896187] ; [1.5298412265059662]
840 ; 90 ; 210 ; 4 ; [0.10654079610277148] ; [2.3725100863655313]
840 ; 90 ; 211 ; 0 ; [0.25586843856857611] ; [0.097277383768870448]
840 ; 90 ; 211 ; 1 ; [0.58469650135800666] ; [0.0839364636239643]
840 ; 90 ; 211 ; 5 ; [1.0609192763205615] ; [0.58628109348181767]
840 ; 90 ; 212 ; 0 ; [0.032503986427834607, 0.072211508578530051, 0.010242878385599584] ; [0.21027426354110793, 0.29534458266439451, 0.028822895619582446]
840 ; 90 ; 213 ; 0 ; [0.69884149059343004] ; [0.036949126149556297]
840 ; 90 ; 214 ; 0 ; [0.45704352777509344] ; [2.1903985290346966]
840 ; 90 ; 214 ; 1 ; [0.3700154519378715] ; [1.7907523383646347]
840 ; 90 ; 214 ; 6 ; [0.8713811228249968] ; [1.0787126977259263]
840 ; 90 ; 216 ; 0 ; [0.026133787417172389, 0.064972842684266827, 0.072428232477119256] ; [0.26711105702153842, 0.21244389002090647, 0.26591327617379723]
840 ; 90 ; 216 ; 1 ; [0.31030565494033152] ; [0.12239722615207417]
840 ; 90 ; 216 ; 2 ; [-0.0056468481864780659] ; [0.14316905798984664]
840 ; 90 ; 217 ; 0 ; [0.04011054826615728] ; [-0.034560354528477957]
840 ; 90 ; 217 ; 12 ; [0.59522834006842817] ; [0.35087592266486484]
840 ; 90 ; 218 ; 3 ; [0.21824266811053061] ; [0.34623713025071123]
840 ; 90 ; 219 ; 0 ; [1.0900039296566568] ; [0.045498422697996997]
840 ; 90 ; 219 ; 1 ; [1.5913761684702075] ; [0.3518101152864927]
840 ; 90 ; 220 ; 10 ; [0.61972502596421786] ; [0.066679664093486538]
840 ; 90 ; 220 ; 15 ; [1.7794808191882432] ; [1.7639703918593126]
840 ; 90 ; 220 ; 20 ; [0.75612580267184915] ; [1.9557268492867987]
840 ; 90 ; 220 ; 21 ; [1.8916646534067056] ; [1.6934643848190551]
840 ; 90 ; 220 ; 24 ; [2.7522141780221832] ; [1.6102864471083917]
840 ; 90 ; 220 ; 25 ; [2.0634836571456181] ; [1.1227569872130514]
840 ; 90 ; 220 ; 33 ; [2.2354550589375646, 1.1996565959001484] ; [0.81458911201947071, 0.61688578831332896]
840 ; 90 ; 220 ; 38 ; [1.928231140738039] ; [2.2329429723949565]
840 ; 90 ; 221 ; 0 ; [0.2182504570187784, 0.28791069026863764, 0.21401899179410411] ; [0.13156390802265458, 0.22529652120847188, 0.1956458369211326]
840 ; 90 ; 222 ; 0 ; [0.25553390800556203] ; [0.52767843041555929]
840 ; 90 ; 223 ; 0 ; [-0.0080216901057523961, -0.0028882124499928744, 0.21834180453122126, 0.1245856694849705] ; [0.21899992178518451, 0.19212952800249544, 0.4183046639393645, 0.081490070800965805]
840 ; 90 ; 224 ; 9 ; [2.9021710944771861] ; [1.3695005362255595]
840 ; 90 ; 224 ; 11 ; [0.65328069809063283] ; [1.2082205476140424]
840 ; 90 ; 225 ; 1 ; [0.46703384149118482] ; [1.0470399873569418]
840 ; 90 ; 225 ; 2 ; [4.2461341700972914] ; [1.0480203524719429]
840 ; 90 ; 225 ; 3 ; [2.1556232223190004] ; [0.10420090761056446]
840 ; 90 ; 225 ; 4 ; [0.27168536980400465] ; [1.171021901928524]
840 ; 90 ; 225 ; 6 ; [0.5198448256552195] ; [0.6633155575722558]
840 ; 90 ; 226 ; 0 ; [0.27510205029174917, 0.43360019360541757, 0.43771349820744593] ; [0.40370870624357108, 0.68386349888796405, 0.30564120138204937]
840 ; 90 ; 226 ; 1 ; [0.24844734586713546] ; [0.44615762499492911]
840 ; 90 ; 226 ; 2 ; [3.042136410165122] ; [0.32618218743965766]
840 ; 90 ; 227 ; 1 ; [0.68167627142732923] ; [0.91500878540524933]
840 ; 90 ; 228 ; 0 ; [0.69755773991898895] ; [0.38773027373798508]
840 ; 90 ; 228 ; 1 ; [0.39205400736157398] ; [0.56126816166560778]
840 ; 90 ; 228 ; 2 ; [0.50683828603116654] ; [0.87990235609354994]
840 ; 90 ; 228 ; 3 ; [-0.008515041720219935] ; [0.74062456902462515]
840 ; 90 ; 228 ; 4 ; [0.847505937859935] ; [0.10410226327110654]
840 ; 90 ; 228 ; 5 ; [2.180979402964506] ; [1.3731223627677811]
840 ; 90 ; 229 ; 0 ; [0.21991676970445342, 0.094176931601577543] ; [0.53958971395306843, 0.09559548757758296]
840 ; 90 ; 229 ; 1 ; [10.090344092187975] ; [0.50738975784855023]
840 ; 90 ; 230 ; 0 ; [0.33133328073447077] ; [0.22290510185286502]
840 ; 90 ; 230 ; 14 ; [0.55548745773821051] ; [0.46775549750750295]
840 ; 90 ; 231 ; 0 ; [0.11173202060493954, 0.028169972383609895, 0.38920622433944407] ; [0.42213586244806423, 0.19836705562304749, 0.22589460450067281]
840 ; 90 ; 231 ; 1 ; [0.22350442945734392] ; [0.29998817993050475]
840 ; 90 ; 231 ; 2 ; [0.093011909433825965] ; [0.030214563397702905]
840 ; 90 ; 231 ; 5 ; [-0.024578580763539561] ; [0.13764283541589409]
840 ; 90 ; 233 ; 0 ; [0.20347629777941961] ; [0.40491670808635888]
840 ; 90 ; 233 ; 1 ; [0.51568684886807692] ; [0.4807991198837327]
840 ; 90 ; 233 ; 2 ; [0.73749775012809693] ; [0.075168658535608765]
840 ; 90 ; 233 ; 4 ; [0.9027194655342895] ; [1.1464046375304722]
840 ; 90 ; 233 ; 6 ; [0.21131369013094944] ; [0.042925164878082421]
840 ; 90 ; 233 ; 9 ; [0.18220044452872997] ; [0.58503853666478045]
840 ; 90 ; 233 ; 12 ; [0.35774542408630916] ; [0.1044116510841131]
840 ; 90 ; 233 ; 13 ; [0.073003915529432209] ; [0.32264521151023384]
840 ; 90 ; 234 ; 0 ; [0.96299470793336917] ; [1.9039725217660302]
840 ; 90 ; 234 ; 1 ; [0.64306729213054259] ; [0.3873897533414089]
840 ; 90 ; 234 ; 2 ; [2.9517787865535996] ; [1.1301418812594941]
840 ; 90 ; 234 ; 7 ; [2.2317302333832836] ; [1.2488746228145469]
840 ; 90 ; 234 ; 9 ; [0.93993788657596844] ; [1.27411904323671]
840 ; 90 ; 234 ; 10 ; [0.63969798919201415] ; [4.008447365215063]
840 ; 90 ; 235 ; 1 ; [0.41736288767228663] ; [0.24817324411460698]
840 ; 90 ; 236 ; 0 ; [0.11133119561031316] ; [-0.021951521308924634]
840 ; 90 ; 239 ; 1 ; [0.21381326360202793] ; [0.29447306701035592]
840 ; 90 ; 239 ; 2 ; [0.1688275723909845, 0.23983701700844923] ; [0.13332745749629277, 0.35437736305567086]
840 ; 90 ; 239 ; 3 ; [0.078210943368384647] ; [0.060827575688411316]
840 ; 90 ; 240 ; 0 ; [0.34063212740134585] ; [0.35631375270113141]
840 ; 90 ; 241 ; 0 ; [0.1847236463942166, 0.19616339835631974, 0.24708247456882407, 0.14712668466967882, 0.059913601403665404] ; [0.13316166305655788, 0.13255434421564061, 0.22511659626846003, 0.22733587065829966, 0.099930191953820732]
840 ; 90 ; 242 ; 0 ; [0.5963509069178986] ; [0.4422096971752596]
840 ; 90 ; 243 ; 2 ; [0.30779858019812373] ; [2.9801424155976521]
840 ; 90 ; 244 ; 0 ; [0.75544913236012212] ; [0.82133203410985689]
840 ; 90 ; 244 ; 1 ; [0.26836416435882271] ; [0.090236808751631661]
840 ; 90 ; 244 ; 2 ; [1.3039630632601578] ; [0.47811876911158807]
840 ; 90 ; 244 ; 4 ; [0.22310248363514415] ; [1.522927836152475]
840 ; 90 ; 244 ; 5 ; [0.16435565793234155] ; [0.26249939576515585]
840 ; 90 ; 244 ; 6 ; [1.7756847826775526] ; [0.24728050414847913]
840 ; 90 ; 244 ; 12 ; [6.185633430293433] ; [0.1194630258471268]
840 ; 90 ; 245 ; 0 ; [0.74718972242577364] ; [0.67376382441725169]
840 ; 90 ; 246 ; 0 ; [0.12323921989999616, 0.051912638646797155] ; [0.073807553495164754, 0.21138233517047925]
840 ; 90 ; 246 ; 1 ; [0.67308359249679106] ; [0.93700235174301783]
840 ; 90 ; 246 ; 2 ; [0.0023470937381452482] ; [0.47556334511582771]
840 ; 90 ; 246 ; 3 ; [0.51098463565581842] ; [1.982472483923809]
840 ; 90 ; 246 ; 4 ; [0.34719602904801611] ; [1.6854846938124748]
840 ; 90 ; 246 ; 6 ; [1.4709380698781365] ; [2.966938219512893]
840 ; 90 ; 246 ; 15 ; [1.2502460492089276] ; [1.5124864522065569]
840 ; 90 ; 246 ; 18 ; [1.1454461864116889] ; [4.4684133155904568]
840 ; 90 ; 246 ; 19 ; [0.00029444315412144171] ; [-0.0060103287471946557]
840 ; 90 ; 246 ; 20 ; [0.053605272045160073] ; [3.9577290216278018]
840 ; 90 ; 246 ; 21 ; [1.4879918900823748] ; [1.3439913264296703]
840 ; 90 ; 246 ; 23 ; [1.0577763685046737] ; [0.4249192855732371]
840 ; 90 ; 246 ; 24 ; [1.4959368156789192] ; [1.2207916089544582]
840 ; 90 ; 247 ; 3 ; [0.53073028548808721] ; [0.76586992210106752]
840 ; 90 ; 247 ; 4 ; [0.83397339034285445] ; [1.0475217312529148]
840 ; 90 ; 247 ; 5 ; [2.9673336892391227] ; [0.079627960775083287]
840 ; 90 ; 247 ; 9 ; [0.99460401110645458] ; [0.10506886800439588]
840 ; 90 ; 247 ; 17 ; [1.7842712270619507] ; [0.125730258566641]
840 ; 90 ; 247 ; 19 ; [1.1820061469421699] ; [1.7692334268670338]
840 ; 90 ; 248 ; 0 ; [0.22132564503226751, 0.20650640359519659, 0.17883930421916897] ; [0.14802086170432985, 0.17589311818982054, 0.1797292289621559]
840 ; 90 ; 249 ; 0 ; [0.50937605809773712] ; [0.21971783422862767]
840 ; 90 ; 249 ; 5 ; [0.014752891947270357, 0.43303247722514732, 0.15973682918177864, 0.072115431845966693] ; [0.17954595084609715, 0.2001047473238223, 0.53183132318730364, 0.38308326020183181]
840 ; 90 ; 250 ; 0 ; [0.28395574154816355] ; [0.26516201886903906]
840 ; 90 ; 250 ; 3 ; [0.35310865508375627] ; [0.46821189352411807]
840 ; 90 ; 251 ; 0 ; [0.1226907713779106, 0.34574128646565966, 0.24008668809167488, 0.14874061166992869, 0.24177835563723682] ; [0.18844631882549279, 0.43573254924694405, 0.24862935827966498, 0.17674992738774134, 0.043411753496075095]
840 ; 90 ; 252 ; 13 ; [3.1458592793737039] ; [1.2770201623572939]
840 ; 90 ; 252 ; 14 ; [1.9693074160239572] ; [2.491358480760173]
840 ; 90 ; 253 ; 0 ; [0.80596041959275566] ; [0.24435045634115168]
840 ; 90 ; 253 ; 1 ; [0.38461861596303321] ; [0.099427997013403838]
840 ; 90 ; 254 ; 0 ; [1.460912712613059, 3.0205966850171979] ; [0.3374113645271023, 0.20870380044662537]
840 ; 90 ; 254 ; 1 ; [0.56110320551581316, 0.2176064750737855] ; [1.1367327598999468, 0.48080893708179262]
840 ; 90 ; 254 ; 3 ; [1.7196252268085901] ; [1.6075450560851934]
840 ; 90 ; 254 ; 5 ; [0.69366726615122465] ; [0.033611872825534621]
840 ; 90 ; 254 ; 8 ; [1.6438050187058868] ; [1.6875119973582517]
840 ; 90 ; 254 ; 10 ; [0.66785611363647235] ; [1.644818886601908]
840 ; 90 ; 254 ; 11 ; [0.046473594990439342] ; [1.8587104771042551]
840 ; 90 ; 254 ; 13 ; [1.2098263827311995] ; [3.4899179796203126]
840 ; 90 ; 254 ; 14 ; [0.90431092854721595] ; [1.022150247554664]
840 ; 90 ; 255 ; 0 ; [0.069096827095064067, 0.15911127165937011] ; [0.11346404307285494, 0.27448918467214417]
840 ; 90 ; 255 ; 3 ; [0.016034155348825196] ; [0.01178433277846235]
840 ; 90 ; 256 ; 0 ; [1.1685340467167116] ; [0.4390859258110712]
840 ; 90 ; 256 ; 1 ; [2.2137152809809906] ; [0.46701477673546393]
840 ; 90 ; 256 ; 2 ; [2.1702122121517102] ; [1.9131924843022243]
840 ; 90 ; 256 ; 4 ; [2.0246872101612441] ; [1.5964432393886216]
840 ; 90 ; 256 ; 7 ; [0.57977805582355757] ; [1.0499898493041275]
840 ; 90 ; 256 ; 9 ; [2.1687813551061477] ; [3.059278818356848]
840 ; 90 ; 256 ; 10 ; [0.58747528006346184] ; [0.58271750660092225]
840 ; 90 ; 257 ; 0 ; [1.9024255010995923] ; [2.3322998278297531]
840 ; 90 ; 257 ; 3 ; [1.8093992419160063] ; [2.5453277457758734]
840 ; 90 ; 258 ; 0 ; [0.42338485025874389] ; [0.021518855395130806]
840 ; 90 ; 259 ; 0 ; [0.93873949006406576] ; [0.10240790109520743]
840 ; 90 ; 259 ; 1 ; [0.80868363560213929] ; [-0.00738338590305065]
840 ; 90 ; 259 ; 2 ; [0.020646536173341782] ; [0.2285036603414293]
840 ; 90 ; 259 ; 3 ; [0.38020349886859689] ; [0.39387744258266227]
840 ; 90 ; 260 ; 0 ; [0.79663096763436914] ; [0.61384594886807864]
840 ; 90 ; 260 ; 2 ; [0.37687847511115408] ; [0.91349824652919087]
840 ; 90 ; 260 ; 3 ; [0.059184755975882637] ; [1.3029909820520926]
840 ; 90 ; 261 ; 0 ; [0.42727066173361927] ; [0.35167090175065796]
840 ; 90 ; 261 ; 2 ; [0.21796415322012769] ; [0.26034335868948921]
840 ; 90 ; 261 ; 3 ; [2.0550036558086453] ; [7.1202182204581863]
840 ; 90 ; 261 ; 5 ; [3.6802143579969435] ; [0.59558959794896416]
840 ; 90 ; 261 ; 6 ; [5.865282326141231] ; [0.71205779061453067]
840 ; 90 ; 262 ; 0 ; [1.1536750294988543] ; [0.23136094588288145]
840 ; 90 ; 262 ; 1 ; [1.9708979771072548] ; [14.894931053343203]
840 ; 90 ; 262 ; 2 ; [1.2922171754542384] ; [0.69406537938959556]
840 ; 90 ; 262 ; 3 ; [0.23152036435084347] ; [0.82855747356943044]
840 ; 90 ; 262 ; 4 ; [0.61158287003465983] ; [1.5647737925266165]
840 ; 90 ; 263 ; 0 ; [0.67885765435036638] ; [1.2984535052300472]
840 ; 90 ; 263 ; 4 ; [2.2176284193375353] ; [5.7172443167381273]
840 ; 90 ; 263 ; 5 ; [1.447393467497037] ; [0.33041139543135822]
840 ; 90 ; 263 ; 13 ; [0.11204242726115803] ; [2.068581837723948]
840 ; 90 ; 263 ; 14 ; [0.11565962353567204] ; [1.6975651357064949]
840 ; 90 ; 264 ; 0 ; [0.55479739209570345, 0.5013260929013359] ; [0.2114646541364183, 0.43639761358742107]
840 ; 90 ; 264 ; 1 ; [0.14613296095799738, 0.086667501586781465] ; [0.22250143289325849, 0.2787305468200989]
840 ; 90 ; 264 ; 2 ; [0.17915646036656852] ; [0.91583419268110411]
840 ; 90 ; 264 ; 3 ; [0.17175943623778836] ; [5.6757973937658956]
840 ; 90 ; 264 ; 5 ; [1.2786754255821751] ; [0.26170259736291607]
840 ; 90 ; 264 ; 6 ; [3.0892848217942417] ; [0.80899332121605283]
840 ; 90 ; 265 ; 0 ; [0.35419426415089827] ; [0.94773719528547207]
840 ; 90 ; 265 ; 6 ; [0.051163505528253952] ; [1.3575478737941649]
840 ; 90 ; 266 ; 0 ; [0.36094953497516297] ; [0.19084358882888303]
840 ; 90 ; 266 ; 1 ; [0.39809583811766358] ; [1.6385570498291275]
840 ; 90 ; 266 ; 2 ; [0.67183304800628285, 0.46440015849925709] ; [0.65239373564062153, 1.3979178391854736]
840 ; 90 ; 266 ; 4 ; [2.1692695966784226] ; [0.89401043110228706]
840 ; 90 ; 267 ; 0 ; [0.15506561969402285, 0.26857049848560982, 0.57447552717356909, 0.88509278338173525] ; [0.20519604531796728, 0.21521469848792027, 0.27655003319640981, 0.22111080311931525]
840 ; 90 ; 267 ; 1 ; [0.0016326166236177687] ; [0.04833252192485156]
840 ; 90 ; 267 ; 2 ; [0.83218116658323749] ; [7.0781826134502196e-05]
840 ; 90 ; 267 ; 4 ; [0.19193645648703059] ; [-0.04171079932761753]
840 ; 90 ; 268 ; 0 ; [0.15094030997622274, 0.308084224713431] ; [1.0022282705204344, 0.84735157196530908]
840 ; 90 ; 268 ; 4 ; [0.93733152252832719] ; [3.6022361273216519]
840 ; 90 ; 268 ; 6 ; [1.2199309028312451] ; [0.98997414416763796]
840 ; 90 ; 268 ; 9 ; [1.3853682235984499] ; [0.1016599740806793]
840 ; 90 ; 270 ; 0 ; [2.6408576489830295] ; [1.1978906448228472]
840 ; 90 ; 270 ; 2 ; [0.38763153911935494] ; [1.2832084608312162]
840 ; 90 ; 270 ; 6 ; [0.28082824554188029] ; [1.5097956173259719]
840 ; 90 ; 271 ; 0 ; [0.36324583682124539] ; [0.36059057158773933]
840 ; 90 ; 272 ; 0 ; [0.069165192747584231, 0.11980488315518416, 0.031859628697142185, 0.34060884675452419] ; [0.29831874185111168, 0.12861540142124897, 0.15980303786031286, 0.18554184648222138]
840 ; 90 ; 273 ; 0 ; [0.36421133762696589] ; [1.512529545370757]
840 ; 90 ; 273 ; 1 ; [0.89121994923706505] ; [0.48164159100923587]
840 ; 90 ; 273 ; 2 ; [0.51673955142668426] ; [0.20867524342675237]
840 ; 90 ; 273 ; 8 ; [0.56116116309078345] ; [0.9711835388938751]
840 ; 90 ; 273 ; 9 ; [1.5801302443251766] ; [1.1905387059161785]
840 ; 90 ; 275 ; 0 ; [0.20879515312992533] ; [0.16316760606830255]
840 ; 90 ; 275 ; 1 ; [0.37882195325387341] ; [1.8819471174459657]
840 ; 90 ; 277 ; 0 ; [0.67901822543602097] ; [0.19022510292697181]
840 ; 90 ; 277 ; 1 ; [4.182500595767384] ; [11.564166840808003]
840 ; 90 ; 277 ; 2 ; [1.5312095891237911] ; [1.6048886284013448]
840 ; 90 ; 277 ; 3 ; [1.8788790423070008] ; [1.0478635527328239]
840 ; 90 ; 277 ; 4 ; [3.8842455374469362] ; [1.4818897463915568]
840 ; 90 ; 277 ; 5 ; [0.16457911579800089] ; [0.74333335019575897]
840 ; 90 ; 277 ; 7 ; [0.79897580188969575] ; [4.7044764561499646]
840 ; 90 ; 277 ; 8 ; [1.0920265634742461] ; [2.4087804958364387]
840 ; 90 ; 278 ; 0 ; [0.24109295988951487, 0.010520278558413167] ; [0.23879744885253001, 0.14237938447969298]
840 ; 90 ; 278 ; 1 ; [0.94586274927665304, 1.1752787467481518] ; [0.75123143707183626, 0.71936415416648281]
840 ; 90 ; 278 ; 2 ; [0.61117609873332723] ; [2.7053735278535709]
840 ; 90 ; 278 ; 3 ; [0.40143479770066454] ; [1.2083823791947739]
840 ; 90 ; 278 ; 10 ; [1.5670891669627292] ; [1.3991370595146693]
840 ; 90 ; 279 ; 3 ; [0.39537078958012573] ; [1.1192983992468988]
840 ; 90 ; 279 ; 4 ; [1.9862535818023801] ; [1.9550071170929912]
840 ; 90 ; 279 ; 5 ; [1.4759300595953386] ; [1.8965750047086145]
840 ; 90 ; 279 ; 7 ; [1.4203886634421556] ; [1.8166621870613255]
840 ; 90 ; 279 ; 8 ; [1.7477601989991631] ; [1.6665765250151485]
840 ; 90 ; 279 ; 9 ; [1.4661911384768125] ; [1.8073113355562644]
840 ; 90 ; 279 ; 10 ; [2.2599515609311345] ; [1.8957494482349238]
840 ; 90 ; 279 ; 11 ; [1.9079568704085472] ; [1.7848055412250527]
840 ; 90 ; 279 ; 13 ; [1.200312025420728] ; [2.0395766496146388]
840 ; 90 ; 279 ; 14 ; [1.6942886307880103] ; [1.669840419366367]
840 ; 90 ; 279 ; 15 ; [2.2273396662551095] ; [1.8524605136154544]
840 ; 90 ; 279 ; 16 ; [2.0177952537729058] ; [1.3587675155817001]
840 ; 90 ; 279 ; 17 ; [1.5833774179336706] ; [1.7719782397575343]
840 ; 90 ; 280 ; 0 ; [2.0689869810048531] ; [1.6731043089955178]
840 ; 90 ; 280 ; 2 ; [1.242389822861071] ; [1.5613800254553982]
840 ; 90 ; 280 ; 3 ; [1.2350694643102356] ; [1.8544326513529517]
840 ; 90 ; 280 ; 4 ; [1.1773894186963068] ; [0.31114094275124299]
840 ; 90 ; 280 ; 7 ; [1.4384479250720783] ; [2.0295759631284738]
840 ; 90 ; 280 ; 8 ; [0.52299622171612659] ; [0.28905683273663602]
840 ; 90 ; 281 ; 0 ; [2.6340987295592364, 3.2666471760701978] ; [0.60034489603133645, 1.3081652431551223]
840 ; 90 ; 281 ; 1 ; [0.067679586599951269] ; [0.4613761063887114]
840 ; 90 ; 281 ; 6 ; [1.2999514941532408] ; [0.99276222358654498]
840 ; 90 ; 281 ; 9 ; [1.101358757338736] ; [1.3272330824013185]
840 ; 90 ; 281 ; 12 ; [0.51345401730801488] ; [1.2566573986600851]
840 ; 90 ; 282 ; 0 ; [0.04789599149469486] ; [0.12114787314757179]
840 ; 90 ; 282 ; 2 ; [0.43563360781436961] ; [0.098423172529488456]
840 ; 90 ; 282 ; 5 ; [0.1412556983790394] ; [0.90333826932106787]
840 ; 90 ; 282 ; 6 ; [0.087586616985402918] ; [1.2668250521464191]
840 ; 90 ; 283 ; 0 ; [0.27095037410420464, 0.07011317134646429, 0.26994830271145692, 0.46483174872608141] ; [0.63383546881386676, 0.18303016256667964, 0.34970128724125427, 0.39326684094781]
840 ; 90 ; 284 ; 2 ; [0.45330136347324379, 0.70713817483637698, 0.11655574959383944] ; [0.41909405627341173, 0.70141128418237098, 0.31109668306858629]
840 ; 90 ; 285 ; 0 ; [0.26542253409129596, 0.038754073363109195] ; [0.49225771681931241, 0.12793235329731836]
840 ; 90 ; 285 ; 1 ; [0.82795811735575597] ; [0.39437378586058286]
840 ; 90 ; 287 ; 0 ; [1.2873049834092878] ; [1.3890509165578973]
840 ; 90 ; 287 ; 2 ; [1.0265024333003439] ; [0.2253691026217961]
840 ; 90 ; 287 ; 7 ; [2.532766310025905] ; [0.30073036275559567]
840 ; 90 ; 287 ; 12 ; [0.76713671115852999] ; [0.56478335774644506]
840 ; 90 ; 287 ; 17 ; [1.7002211223608459] ; [0.78341427137374531]
840 ; 90 ; 287 ; 19 ; [1.4399286091355075] ; [1.2422730858520414]
840 ; 90 ; 288 ; 0 ; [0.50044821269452922, 0.75727872173838562, 6.2382643627237639] ; [0.3783077687874376, 0.25064158178627061, 0.39520085593996884]
840 ; 90 ; 288 ; 1 ; [1.179860457512881] ; [0.79439838398522933]
840 ; 90 ; 288 ; 6 ; [0.16734365336105494] ; [1.837861448004539]
840 ; 90 ; 289 ; 0 ; [-0.010407025325583279, 0.0026007154576151059, 0.0022333573860846309, 0.013369954955621296] ; [0.17260010011122967, 0.15928647238892379, 0.25667393516789905, 0.14442358886569159]
840 ; 90 ; 290 ; 0 ; [0.14005579200019666] ; [0.17717124845416815]
840 ; 90 ; 291 ; 1 ; [7.4179703652933382] ; [1.1661842421804454]
840 ; 90 ; 291 ; 2 ; [2.6906430687132787] ; [0.13623359506470106]
840 ; 90 ; 291 ; 3 ; [0.18707991211748684] ; [0.091503846765050731]
840 ; 90 ; 291 ; 4 ; [0.63416889587771708] ; [0.62538264222515905]
840 ; 90 ; 291 ; 5 ; [2.2337683177506271] ; [1.2838488309598874]
840 ; 90 ; 291 ; 6 ; [1.2878267512411963] ; [3.0636706114358958]
840 ; 90 ; 291 ; 7 ; [0.93792001911625711] ; [1.0083810220939331]
840 ; 90 ; 291 ; 9 ; [2.0075619894053474] ; [1.6597773529808784]
840 ; 90 ; 291 ; 10 ; [0.56471779379589038] ; [1.1463598646481588]
840 ; 90 ; 291 ; 11 ; [0.80504469435312498] ; [2.5894347208690904]
840 ; 90 ; 291 ; 13 ; [2.3807143308870931] ; [0.59757049787878147]
840 ; 90 ; 291 ; 15 ; [1.2997028549322769] ; [2.2620016172380595]
840 ; 90 ; 291 ; 18 ; [0.96783269376128422] ; [0.49577351312806683]
840 ; 90 ; 291 ; 22 ; [2.3371953313642413] ; [1.6356859237514243]
840 ; 90 ; 291 ; 26 ; [1.5824207330808422] ; [0.3063120964488471]
840 ; 90 ; 292 ; 0 ; [1.0662457882581395] ; [0.68201211927876693]
840 ; 90 ; 292 ; 1 ; [0.62170768203415494] ; [0.20359861813330277]
840 ; 90 ; 292 ; 2 ; [0.38581598769198505] ; [0.1122503107442208]
840 ; 90 ; 292 ; 6 ; [0.27608625150961841] ; [1.1789619726475939]
840 ; 90 ; 292 ; 9 ; [1.6999698139686543] ; [2.3779554747034584]
840 ; 90 ; 292 ; 10 ; [2.5980580653123968] ; [3.0283864478197509]
840 ; 90 ; 292 ; 13 ; [1.8430114837492773] ; [1.9588525529984671]
840 ; 90 ; 292 ; 15 ; [0.017003107311789153] ; [1.6464817596561583]
840 ; 90 ; 292 ; 16 ; [0.70609273348114976] ; [1.6243128571675793]
840 ; 90 ; 292 ; 17 ; [0.35890171816413408] ; [1.6471745973150209]
840 ; 90 ; 292 ; 25 ; [0.2956516293727352] ; [1.5208420355227581]
840 ; 90 ; 293 ; 0 ; [0.2553177779972704] ; [0.20115359651755282]
840 ; 90 ; 293 ; 1 ; [0.53635214992899871] ; [0.39506698042611743]
840 ; 90 ; 293 ; 4 ; [1.7908036812828769] ; [0.8011898599011148]
840 ; 90 ; 294 ; 0 ; [0.57572137445187188] ; [0.53241747852442434]
840 ; 90 ; 294 ; 2 ; [2.6667394959427537] ; [1.4528004131377974]
840 ; 90 ; 296 ; 0 ; [1.2910640649523455] ; [0.15868968951453871]
840 ; 90 ; 296 ; 1 ; [0.33214383019655674] ; [2.1748062906414294]
840 ; 90 ; 296 ; 2 ; [0.75209834560588218] ; [0.085420784457352253]
840 ; 90 ; 296 ; 7 ; [1.8535082893817227] ; [1.9052924790855232]
840 ; 90 ; 296 ; 8 ; [0.90356804357729503] ; [2.2362067921484194]
840 ; 90 ; 296 ; 9 ; [2.2165724080885512] ; [0.47662962387701585]
840 ; 90 ; 296 ; 10 ; [0.48952041339925956] ; [0.46982166899044447]
840 ; 90 ; 296 ; 12 ; [1.7788555437717273] ; [1.6641867990181591]
840 ; 90 ; 296 ; 13 ; [0.7447408726453113] ; [0.79766290562582165]
840 ; 90 ; 296 ; 14 ; [0.38754373067263514] ; [0.79941806894921008]
840 ; 90 ; 296 ; 15 ; [-0.1667091640864235] ; [1.8800836680397697]
840 ; 90 ; 296 ; 16 ; [0.57859303317682886] ; [1.0775056319007548]
840 ; 90 ; 296 ; 22 ; [0.5238995910196953] ; [1.5753128137784966]
840 ; 90 ; 296 ; 23 ; [1.9218958117989331] ; [3.3052255593313338]
840 ; 90 ; 296 ; 24 ; [1.7594742355827779] ; [0.81132823574190904]
840 ; 90 ; 297 ; 0 ; [0.097469581076185002, 0.019841471935311432, 0.012565483561881811] ; [0.19698737651719236, 0.22265911943376429, 0.087329657170021308]
840 ; 90 ; 299 ; 3 ; [2.0554192753739216] ; [10.439773892397971]
840 ; 90 ; 299 ; 4 ; [2.6208108796401879] ; [1.5830417560286689]
840 ; 90 ; 299 ; 8 ; [1.1623633448750677] ; [2.6073064777346553]
840 ; 90 ; 300 ; 0 ; [0.24500104293424438] ; [0.49903630368338714]
840 ; 90 ; 300 ; 3 ; [3.9348631523525803] ; [3.757414107263918]
840 ; 90 ; 301 ; 0 ; [0.63538589115534971] ; [0.76566462378287858]
840 ; 90 ; 301 ; 1 ; [0.62942597730840921] ; [0.25558891595294569]
840 ; 90 ; 301 ; 2 ; [0.48078740044314633] ; [0.14634778883962743]
840 ; 90 ; 301 ; 4 ; [0.54848262254489544] ; [0.69245747289410675]
840 ; 90 ; 301 ; 8 ; [1.5679196862337026] ; [0.23681133984951042]
840 ; 90 ; 301 ; 14 ; [0.99922920388388747] ; [0.93453485657237689]
840 ; 90 ; 301 ; 22 ; [0.10004348586223129] ; [1.5694007164243498]
840 ; 90 ; 301 ; 26 ; [1.4150442202987654] ; [0.43046562318916148]
840 ; 90 ; 302 ; 0 ; [0.019358163041335943, 0.010516122867007063, 0.0060279889092108747] ; [0.19382746575722462, 0.19556219163099783, 0.10400744450864462]
840 ; 90 ; 302 ; 1 ; [0.037528152195515578] ; [0.055692607056124589]
840 ; 90 ; 302 ; 3 ; [0.042252808056870733] ; [0.069766582016005954]
840 ; 90 ; 303 ; 0 ; [0.071640169103957457, 0.19927633060762451] ; [0.58155074713646915, 1.578180446519035]
840 ; 90 ; 303 ; 1 ; [0.53736819360497956] ; [0.44537496836223495]
840 ; 90 ; 305 ; 0 ; [0.053705071380071238, 0.13164593080883333, 0.38109167076993544, 0.70816614773180908, 0.26576351209432125] ; [0.084712743296398468, 0.20039354408004398, 0.19362783718312523, 0.30868334224440025, 1.7932876493634442]
840 ; 90 ; 305 ; 1 ; [1.5491885417553564, 0.14743350119992837] ; [0.62849855538200483, 0.27105390360313036]
840 ; 90 ; 305 ; 2 ; [2.4244877954284485] ; [0.045002791503775168]
840 ; 90 ; 305 ; 5 ; [0.19081999047154513] ; [0.14422135832039024]
840 ; 90 ; 306 ; 0 ; [1.0960873231698798] ; [1.8000304829925504]
840 ; 90 ; 306 ; 1 ; [0.87861633817743579] ; [0.046705851608357621]
840 ; 90 ; 306 ; 2 ; [1.2697511926029774] ; [1.3440083196982651]
840 ; 90 ; 306 ; 5 ; [6.5446592996368294] ; [1.3688022300693894]
840 ; 90 ; 306 ; 7 ; [1.1456074351165719] ; [2.3655254028732591]
840 ; 90 ; 306 ; 8 ; [2.7708010603817774] ; [1.9240371194785664]
840 ; 90 ; 306 ; 10 ; [1.5353053601773046] ; [1.7492254857622738]
840 ; 90 ; 306 ; 13 ; [2.0261619446248331] ; [1.1379143628803565]
840 ; 90 ; 306 ; 14 ; [0.20048194327757837] ; [1.3720550889338885]
840 ; 90 ; 306 ; 15 ; [2.0195130836846888] ; [2.1829413918923772]
840 ; 90 ; 306 ; 16 ; [3.0785894863480689] ; [1.5612940897431893]
840 ; 90 ; 307 ; 0 ; [0.12673938854327821] ; [1.798170572947595]
840 ; 90 ; 307 ; 1 ; [2.2466926391353512] ; [0.039158626737953277]
840 ; 90 ; 307 ; 2 ; [2.9064453754556778] ; [0.64611415799380334]
840 ; 90 ; 307 ; 3 ; [2.1018009564280988] ; [1.4612723452334684]
840 ; 90 ; 307 ; 5 ; [0.96782178603037283] ; [1.6506415833111132]
840 ; 90 ; 307 ; 6 ; [0.74975983682067493] ; [1.8054299602538209]
840 ; 90 ; 307 ; 10 ; [2.801836158120508] ; [1.4486090706781145]
840 ; 90 ; 307 ; 12 ; [1.0013094238739928] ; [2.0073910517944458]
840 ; 90 ; 307 ; 13 ; [0.66824168555985286] ; [1.6566042197582704]
840 ; 90 ; 307 ; 14 ; [0.74246947722130641] ; [1.5990367385772075]
840 ; 90 ; 307 ; 15 ; [1.1937987773318468] ; [3.2666189001672978]
840 ; 90 ; 307 ; 19 ; [0.84061852959122729] ; [1.1193898852870661]
840 ; 90 ; 308 ; 0 ; [0.19231812125921016, 0.27386730616398741, 0.11969224787317552] ; [0.19194552670497847, 0.2443436663425663, 0.17003092523803004]
840 ; 90 ; 309 ; 0 ; [0.90240645190682078] ; [0.3618508019564825]
840 ; 90 ; 309 ; 1 ; [0.42746456083637951] ; [0.82105592474819511]
840 ; 90 ; 310 ; 0 ; [1.0441414084507907] ; [0.15766005742279507]
840 ; 90 ; 310 ; 1 ; [0.63211304102842558] ; [0.064881917049608204]
840 ; 90 ; 310 ; 2 ; [0.84854976146276495] ; [0.46161257803520778]
840 ; 90 ; 310 ; 4 ; [1.144592261243935] ; [0.97299849611450639]
840 ; 90 ; 310 ; 20 ; [1.7527230451206111] ; [1.2479507393597218]
840 ; 90 ; 310 ; 26 ; [1.1751112632883731] ; [1.4421830123224961]
840 ; 90 ; 310 ; 29 ; [0.81126410416260597] ; [0.24157808844665404]
840 ; 90 ; 310 ; 38 ; [0.27795460425728236] ; [0.10680571586502965]
840 ; 90 ; 311 ; 0 ; [0.016176420318407575, 0.0575416392103342, -0.0050027715261332616, 0.0032066419418176483] ; [0.45539777129850589, 0.40401114588883491, 0.1923628401591535, 0.056772840572553628]
840 ; 90 ; 312 ; 0 ; [0.26237326393987231] ; [0.15307286846509705]
840 ; 90 ; 312 ; 1 ; [0.28019103724328875, 0.10805568625674597] ; [0.24072059022808182, 0.2478847073534379]
840 ; 90 ; 312 ; 3 ; [0.35527921836134801] ; [0.26709592407756549]
840 ; 90 ; 313 ; 0 ; [-0.0010650303897021987, 0.0051571794151424885, -0.018274676784277539] ; [0.17494278124110474, 0.21833703260581619, 0.088325682836672831]
840 ; 90 ; 314 ; 2 ; [1.4634487530474456] ; [0.50908427246068544]
840 ; 90 ; 314 ; 4 ; [0.45666595120956494] ; [-0.0039224446978037139]
840 ; 90 ; 314 ; 5 ; [0.057257909751827422] ; [0.71916917229894184]
840 ; 90 ; 314 ; 7 ; [0.30177438762850545] ; [1.7467401573273702]
840 ; 90 ; 314 ; 10 ; [0.037241942748675462] ; [0.10959882543014032]
840 ; 90 ; 315 ; 0 ; [0.18748928138216051] ; [-0.0035366949373861756]
840 ; 90 ; 316 ; 0 ; [0.1326547794343767, 0.56886443946646337] ; [0.095726972569695132, 0.18364427074926651]
840 ; 90 ; 316 ; 1 ; [0.14743420626057854] ; [0.20620964515921072]
840 ; 90 ; 317 ; 0 ; [0.25988976836068456, 0.18521066696536528, 0.89281447328670782] ; [0.16197639080751433, 0.15804845831925698, 0.24384730135842247]
840 ; 90 ; 317 ; 1 ; [0.036008899489316522] ; [-0.003571989013765662]
840 ; 90 ; 318 ; 0 ; [0.46607224150611054] ; [0.37965386102191268]
840 ; 90 ; 318 ; 1 ; [0.282880172567192] ; [0.14537776066330368]
840 ; 90 ; 318 ; 2 ; [0.15415497969655675] ; [1.6096734788909772]
840 ; 90 ; 319 ; 0 ; [9.4665010286525249, 5.5868224639364348] ; [0.75820193119166157, 0.35916388468095262]
840 ; 90 ; 319 ; 4 ; [0.70523227003560196] ; [2.1194712079166229]
840 ; 90 ; 320 ; 0 ; [0.053982303741125365, 0.029275756702209596] ; [0.19945440749192483, 0.22848173726453641]
840 ; 90 ; 320 ; 1 ; [0.11784934693590153] ; [0.14609986971743241]
840 ; 90 ; 321 ; 0 ; [1.0426304215154529, 0.086399017658931321] ; [0.63311200087976394, 0.72752036189026037]
840 ; 90 ; 322 ; 0 ; [0.23429710052198097, 0.22814695246960609] ; [0.19082132699531501, 0.45776456812751687]
840 ; 90 ; 322 ; 1 ; [0.56288821869550432] ; [0.20008865009816337]
840 ; 90 ; 323 ; 0 ; [0.020312675559023659, 0.015062040690071742, 0.0019377290175742188] ; [0.13109435009110279, 0.40095224826177855, 0.3495456423773538]
840 ; 90 ; 323 ; 1 ; [0.76752842917939534] ; [0.16929114647348523]
840 ; 90 ; 323 ; 2 ; [0.078818856905185142] ; [0.022092442504142669]
840 ; 90 ; 324 ; 0 ; [0.05265208787610956, 0.01155453215898692] ; [0.34107646896026889, 0.12494170727555765]
840 ; 90 ; 324 ; 1 ; [0.15539555789780107] ; [0.1227232695948863]
840 ; 90 ; 325 ; 0 ; [0.3109610203789025, 0.52698083963340803] ; [0.15300779558627492, 0.26997540217659116]
840 ; 90 ; 327 ; 0 ; [2.8452058004221534] ; [0.37732925137289131]
840 ; 90 ; 327 ; 2 ; [0.82891380302084094] ; [1.4237422299491678]
840 ; 90 ; 327 ; 3 ; [0.83557299709741528] ; [3.6478121260578664]
840 ; 90 ; 327 ; 4 ; [2.4521808373433589] ; [0.76202561629885945]
840 ; 90 ; 327 ; 5 ; [1.523854651611829] ; [2.9792712512586541]
840 ; 90 ; 327 ; 6 ; [2.1005743152292933] ; [1.8225736611471444]
840 ; 90 ; 327 ; 8 ; [1.958507310588171] ; [0.21316359376557509]
840 ; 90 ; 327 ; 9 ; [2.1043642311977271] ; [2.1662620252936855]
840 ; 90 ; 327 ; 10 ; [2.149546425076307] ; [3.3683498469198909]
840 ; 90 ; 328 ; 0 ; [0.00075911149561546883] ; [0.028869258309089908]
840 ; 90 ; 329 ; 0 ; [0.46085757543550643] ; [0.03748871426145374]
840 ; 90 ; 329 ; 2 ; [0.57090274072700398] ; [2.2634823422281189]
840 ; 90 ; 329 ; 3 ; [0.63175496038920664] ; [2.8240010757996687]
840 ; 90 ; 329 ; 5 ; [0.077172751138270337] ; [0.65596536604365052]
840 ; 90 ; 330 ; 3 ; [0.070909820702570153] ; [0.14690501654070937]
840 ; 90 ; 330 ; 7 ; [0.23721966288624935] ; [0.50930936982336994]
840 ; 90 ; 331 ; 0 ; [0.42201332571620415] ; [0.31579424796754413]
840 ; 90 ; 331 ; 2 ; [0.22533303628284185] ; [0.016187632413270502]
840 ; 90 ; 331 ; 4 ; [0.045245690064474257] ; [0.038577108435525059]
840 ; 90 ; 331 ; 5 ; [0.18963015086407417] ; [0.33510508667839289]
840 ; 90 ; 332 ; 0 ; [0.031293110085700154] ; [0.64802412411340904]
840 ; 90 ; 332 ; 1 ; [1.1433930467485516] ; [0.9684427119543092]
840 ; 90 ; 332 ; 2 ; [1.4227954761013202] ; [1.4529055781994262]
840 ; 90 ; 332 ; 13 ; [0.40225077258149106] ; [1.6886214964621975]
840 ; 90 ; 333 ; 0 ; [0.084194642726946975, 0.37834554926445485] ; [0.18465991164437559, 0.67053530212241808]
840 ; 90 ; 334 ; 0 ; [0.0092846746594476073, 0.0086116340240138048, 1.526173349829163] ; [0.15837686295151465, 0.12573197620388646, 0.17225953490739287]