# Run ; Subrun ; Event ; Track ; Charge Ratios View 0 ; Charge Ratios View 1 #
840 ; 81 ; 0 ; 0 ; [1.0709265575126532] ; [0.57590801486146215]
840 ; 81 ; 0 ; 1 ; [0.18756885315918154] ; [0.12443298396691826]
840 ; 81 ; 1 ; 0 ; [1.1423635957108014] ; [1.0217872148725389]
840 ; 81 ; 2 ; 1 ; [0.96259488101004897] ; [0.056511159841664188]
840 ; 81 ; 2 ; 4 ; [0.11683060905744939, 0.12303393733092927] ; [0.39187522397387659, 0.18281106657014637]
840 ; 81 ; 3 ; 0 ; [0.14428828975046762, 0.11605269284652357] ; [0.027459451638339974, 0.049447648816777684]
840 ; 81 ; 3 ; 2 ; [0.046163815454999889] ; [0.15309016710204093]
840 ; 81 ; 4 ; 0 ; [0.31328698530054999] ; [0.68239053204794786]
840 ; 81 ; 5 ; 0 ; [0.17028714826934158, 0.14081633843399277, 0.065778204381039665, -0.0072920386035398256] ; [0.34964813388037363, 0.26245381210488272, 0.16525915106917941, 0.003915641688338114]
840 ; 81 ; 5 ; 1 ; [0.081424136157831367] ; [-0.0087392139539122522]
840 ; 81 ; 7 ; 0 ; [0.63706483751545395] ; [0.45751064149138154]
840 ; 81 ; 7 ; 1 ; [0.30542699362040937] ; [0.331068785355152]
840 ; 81 ; 7 ; 2 ; [0.83831098514511682] ; [0.69390409459693803]
840 ; 81 ; 8 ; 1 ; [1.9060110694749157] ; [2.1463933805713546]
840 ; 81 ; 8 ; 2 ; [0.43757500241860858] ; [1.1714687571176758]
840 ; 81 ; 8 ; 3 ; [1.9072825691082553] ; [2.3548044087376505]
840 ; 81 ; 10 ; 0 ; [0.15781985785273572, 0.040876495634495809] ; [0.15273477286049297, 0.14252455967584926]
840 ; 81 ; 10 ; 1 ; [0.072663793175904656] ; [0.16161620195542437]
840 ; 81 ; 11 ; 0 ; [0.55103102191690545] ; [0.055715040858577924]
840 ; 81 ; 11 ; 1 ; [0.094069468892880745] ; [0.39995684475442367]
840 ; 81 ; 12 ; 0 ; [0.2303104419767279, 0.083674205239699373] ; [0.34356024911116922, 0.19322657550722824]
840 ; 81 ; 12 ; 2 ; [0.031181947575672039] ; [13.729794087906319]
840 ; 81 ; 13 ; 0 ; [1.308747985236332] ; [0.19425638522875813]
840 ; 81 ; 13 ; 1 ; [0.65127088230948105] ; [-0.021610692177924339]
840 ; 81 ; 13 ; 2 ; [0.52844060076941191] ; [0.39154820523666434]
840 ; 81 ; 13 ; 8 ; [0.7055220519116171] ; [0.26293685384899945]
840 ; 81 ; 13 ; 12 ; [0.80393797099182751] ; [0.14019877690305352]
840 ; 81 ; 13 ; 13 ; [6.6081840755991736] ; [0.48156113145496127]
840 ; 81 ; 13 ; 14 ; [0.18429640220785631] ; [1.6070222630564632]
840 ; 81 ; 14 ; 0 ; [0.10658990035818421, 0.17827221064240431, 0.31020131527024247, 0.10048067403093291] ; [0.24898532239680535, 0.33174515306618801, 0.40918758114757869, 0.16609122456671596]
840 ; 81 ; 14 ; 1 ; [0.41042026373782148] ; [0.28069065777474977]
840 ; 81 ; 15 ; 0 ; [0.70532262520195066] ; [1.1482311503763423]
840 ; 81 ; 15 ; 11 ; [0.81382428539499085] ; [1.9662823327324324]
840 ; 81 ; 15 ; 14 ; [0.1590974848684012] ; [2.2404590851742308]
840 ; 81 ; 15 ; 16 ; [2.5226077383285044] ; [1.4943524839420752]
840 ; 81 ; 15 ; 18 ; [0.14233466198323144] ; [-0.41276627822644729]
840 ; 81 ; 15 ; 19 ; [0.093672847380936161] ; [-0.0063900384718257944]
840 ; 81 ; 16 ; 0 ; [0.73079773326641273, 0.70004754095147603, 0.41434253423285833] ; [0.60270347156779835, 0.38977667640930697, 0.34388189262795388]
840 ; 81 ; 18 ; 0 ; [0.0011798325309448044, 0.035165651719782406, 0.091688671516767462] ; [0.15771561746544663, 0.14159879936711736, 0.10761845307084578]
840 ; 81 ; 18 ; 1 ; [-0.011442368040844846] ; [0.043512291874406188]
840 ; 81 ; 19 ; 0 ; [0.64790378369630053, 0.74000315787473792] ; [0.13232822985819326, 0.2243801573464354]
840 ; 81 ; 20 ; 0 ; [0.22343117213846642, 0.068033528537366092, 0.27854476611731943, 0.23104411555655321, 0.19538713906074479, 0.50283280740674297] ; [0.11765984150699778, 0.34582394692487201, 0.2405826862879363, 0.4364549747227377, 0.21201770918190327, 0.12039199893284153]
840 ; 81 ; 20 ; 1 ; [1.3390333650023074] ; [0.12041955257675574]
840 ; 81 ; 21 ; 1 ; [0.23906097299583784] ; [0.9038794128144062]
840 ; 81 ; 22 ; 0 ; [0.67145377507129367, 0.29483858384852707] ; [1.6641178517980841, 0.005328074155095802]
840 ; 81 ; 22 ; 1 ; [0.48848871939540883] ; [0.083553804810545557]
840 ; 81 ; 22 ; 2 ; [0.11705737453609141] ; [0.36988002258105923]
840 ; 81 ; 23 ; 0 ; [0.018245989853299421, 0.011576964025492922, 0.015996838955273651, 0.028918636268684367] ; [0.17859681377280437, 0.2223915798299845, 0.22528224728402563, 0.10607307329472135]
840 ; 81 ; 24 ; 0 ; [0.23263945597416466, 0.1948943787359062, 0.16044433135304637] ; [0.13606506372354921, 0.17844669477800226, 0.16684143071064519]
840 ; 81 ; 25 ; 0 ; [0.05510306302653023] ; [0.14549409902672233]
840 ; 81 ; 25 ; 1 ; [0.29894062554627604] ; [0.55841487546963642]
840 ; 81 ; 25 ; 2 ; [0.70217797480965927] ; [0.21945836079604006]
840 ; 81 ; 25 ; 3 ; [0.42229213939722654] ; [1.0590109627740036]
840 ; 81 ; 25 ; 6 ; [0.81380256338337453] ; [1.5576922072724253]
840 ; 81 ; 25 ; 7 ; [1.0394902866600135] ; [0.4353173154551202]
840 ; 81 ; 25 ; 10 ; [0.11695740865547721] ; [0.67124845177756365]
840 ; 81 ; 25 ; 13 ; [2.0520955788023247] ; [1.0810887108452929]
840 ; 81 ; 25 ; 17 ; [0.92866929838817625] ; [0.20607319497542873]
840 ; 81 ; 25 ; 19 ; [0.40794225017300473] ; [0.60803115224548243]
840 ; 81 ; 26 ; 0 ; [0.31668601539932484, 0.17497654839323168] ; [0.22460246819845361, 0.087926319945631784]
840 ; 81 ; 27 ; 0 ; [0.044285382424122166, 0.25866724239939765, 0.096826715399196378, 0.030128247230087567] ; [0.18369631449711957, 0.23593380854494395, 0.22847763858861445, 0.06970398608098155]
840 ; 81 ; 28 ; 0 ; [0.79805591506511997, 0.099348319384682082] ; [0.43719198270712389, 0.24366940695979594]
840 ; 81 ; 29 ; 0 ; [1.0027884412482235] ; [0.62621534570737136]
840 ; 81 ; 29 ; 1 ; [0.71990530114660178] ; [0.35926649776906261]
840 ; 81 ; 29 ; 4 ; [0.99810190063751725] ; [-0.00065928687975472895]
840 ; 81 ; 29 ; 5 ; [0.78947860631230449] ; [0.38793700410946941]
840 ; 81 ; 29 ; 11 ; [1.5272248943327507] ; [4.155414634499726]
840 ; 81 ; 29 ; 12 ; [0.44285931371322174] ; [0.60741635281722195]
840 ; 81 ; 30 ; 5 ; [1.9348385062840219] ; [1.2131088806076187]
840 ; 81 ; 30 ; 6 ; [1.2429075835001291] ; [1.5855071930481091]
840 ; 81 ; 30 ; 11 ; [0.079556981118749315] ; [1.2910526214766653]
840 ; 81 ; 30 ; 14 ; [1.8649609042997117] ; [1.4154505639674202]
840 ; 81 ; 30 ; 15 ; [5.3373422056730186] ; [1.1859673189370137]
840 ; 81 ; 30 ; 17 ; [1.8746499238093099] ; [1.6064917989583076]
840 ; 81 ; 30 ; 18 ; [0.20084111064376725] ; [1.2291287102118622]
840 ; 81 ; 30 ; 19 ; [0.13806987922369884] ; [2.212607469634746]
840 ; 81 ; 31 ; 0 ; [1.0368285519812934] ; [0.20698237154178395]
840 ; 81 ; 32 ; 0 ; [0.41155607798777449] ; [0.16613087899746459]
840 ; 81 ; 33 ; 0 ; [0.14158110734454263] ; [0.065017001645281305]
840 ; 81 ; 33 ; 3 ; [0.15997824998173665, 0.1880708408985256, 0.33113176976959108, 0.81320641718181619] ; [0.18556628474835665, 0.34698813456151201, 0.37383273079102214, 0.034437463445078149]
840 ; 81 ; 34 ; 0 ; [1.6339957849673372] ; [0.11559335934595838]
840 ; 81 ; 34 ; 3 ; [1.012738882462402] ; [0.58424292570072023]
840 ; 81 ; 34 ; 5 ; [0.68899033987951841] ; [1.3842372935031901]
840 ; 81 ; 34 ; 9 ; [0.68646799648114787] ; [1.7942230362134322]
840 ; 81 ; 35 ; 0 ; [0.55653833535957753, 0.35468504080696006, 0.16000388074189983] ; [0.70059912361305388, 0.28525431151013181, 0.17709834268949048]
840 ; 81 ; 35 ; 1 ; [0.018406690716503353] ; [-0.0065171585003959056]
840 ; 81 ; 36 ; 0 ; [0.75573934156469336] ; [0.43089946451085681]
840 ; 81 ; 36 ; 7 ; [0.19457498781829424] ; [0.35097954239158236]
840 ; 81 ; 36 ; 9 ; [0.17906190579687795] ; [0.30754894397364002]
840 ; 81 ; 36 ; 11 ; [4.0304986916510224] ; [1.8931524837988971]
840 ; 81 ; 37 ; 0 ; [0.11468124768372098] ; [0.1125522750603417]
840 ; 81 ; 38 ; 0 ; [0.40364722100035927, 0.14784791548452625, 0.10097339067908717] ; [0.36872010423456758, 0.23924742155234402, 0.122162877239896]
840 ; 81 ; 38 ; 1 ; [0.26194348586210525] ; [0.05949371614023375]
840 ; 81 ; 39 ; 1 ; [1.7012015507585705] ; [1.7693192773751407]
840 ; 81 ; 39 ; 2 ; [0.86478489811622017] ; [0.67652347329484019]
840 ; 81 ; 39 ; 12 ; [2.9937703798040429] ; [1.8288966447402315]
840 ; 81 ; 39 ; 19 ; [0.53590759013927125] ; [0.31551881663722703]
840 ; 81 ; 40 ; 0 ; [0.38295781365111559] ; [0.43816226432448463]
840 ; 81 ; 40 ; 1 ; [1.2782638878972923] ; [1.3155742682535541]
840 ; 81 ; 40 ; 2 ; [2.5065183210377637] ; [1.5680819870990714]
840 ; 81 ; 40 ; 4 ; [0.49351787810602737] ; [1.2625700997475549]
840 ; 81 ; 40 ; 8 ; [1.4698056298231528] ; [1.4008925834882147]
840 ; 81 ; 40 ; 9 ; [1.5447906747711933] ; [1.4875762570193245]
840 ; 81 ; 40 ; 11 ; [1.6130278161134013] ; [2.9542121875540217]
840 ; 81 ; 40 ; 13 ; [1.4372695746114845] ; [2.447631774155119]
840 ; 81 ; 40 ; 17 ; [1.2894411549357341] ; [3.8460309057021136]
840 ; 81 ; 40 ; 18 ; [1.331742170808895] ; [1.0310814369309236]
840 ; 81 ; 41 ; 0 ; [0.41121766618506289] ; [1.5349283813293095]
840 ; 81 ; 41 ; 1 ; [0.24465472612716752] ; [0.23657110446603744]
840 ; 81 ; 41 ; 3 ; [0.8607388013999695] ; [0.64802639318086375]
840 ; 81 ; 41 ; 5 ; [0.85366120849473581] ; [0.95240681731902976]
840 ; 81 ; 41 ; 11 ; [0.44096336341204911] ; [1.2841275012245166]
840 ; 81 ; 41 ; 16 ; [0.76630321501557774] ; [0.55643461506764624]
840 ; 81 ; 42 ; 0 ; [0.33553659384510248] ; [0.0061032403802020957]
840 ; 81 ; 42 ; 1 ; [0.59846046920574836] ; [1.9423591224430883]
840 ; 81 ; 42 ; 3 ; [1.898344040039383] ; [6.6032452471107232]
840 ; 81 ; 43 ; 0 ; [0.067105706619406624] ; [0.62241616288533785]
840 ; 81 ; 43 ; 2 ; [0.2089792641473889] ; [0.35421708132861379]
840 ; 81 ; 43 ; 3 ; [0.21505278338301459] ; [0.046684676537486328]
840 ; 81 ; 43 ; 4 ; [0.022913259159296366] ; [0.026756755602670448]
840 ; 81 ; 43 ; 7 ; [0.25437512039086718] ; [0.3655844344383038]
840 ; 81 ; 43 ; 9 ; [0.017984617962367166] ; [0.16456606862055698]
840 ; 81 ; 44 ; 0 ; [0.7659047548535356] ; [0.83633693153039956]
840 ; 81 ; 44 ; 1 ; [0.70761805741913797] ; [1.0941896990962452]
840 ; 81 ; 44 ; 2 ; [0.70728075237004095] ; [0.96965111385274738]
840 ; 81 ; 44 ; 3 ; [0.99715043475274812] ; [1.5072813036673649]
840 ; 81 ; 44 ; 6 ; [0.63896194594858213] ; [0.50666321324381303]
840 ; 81 ; 44 ; 12 ; [0.012698769854051257] ; [0.7683191726473223]
840 ; 81 ; 44 ; 16 ; [0.14882390673708248] ; [0.22336249091290347]
840 ; 81 ; 44 ; 18 ; [1.0456006980550765] ; [0.44771867435681317]
840 ; 81 ; 45 ; 0 ; [0.19367160025693203] ; [0.70695200817219106]
840 ; 81 ; 45 ; 1 ; [0.39726045435757873] ; [0.11332485109074969]
840 ; 81 ; 45 ; 2 ; [0.055045475825583737] ; [0.13043092563913902]
840 ; 81 ; 46 ; 1 ; [0.053973338648568403] ; [0.028653369007127588]
840 ; 81 ; 48 ; 1 ; [2.1927117178298876] ; [6.1938212811043156]
840 ; 81 ; 48 ; 5 ; [0.9821692194198417] ; [1.814325580654544]
840 ; 81 ; 49 ; 0 ; [0.028010531442179409] ; [0.49778480202285968]
840 ; 81 ; 49 ; 5 ; [0.091760147291500144] ; [0.41757667366451928]
840 ; 81 ; 50 ; 2 ; [4.6229473660717888] ; [0.21048046335507092]
840 ; 81 ; 51 ; 0 ; [0.059970312800944746] ; [0.018024250705007634]
840 ; 81 ; 51 ; 1 ; [-0.021858469286217343] ; [-0.005062074032807843]
840 ; 81 ; 52 ; 0 ; [0.41686446916865444] ; [1.8599833341517404]
840 ; 81 ; 52 ; 4 ; [1.6578727249345864] ; [2.4348341118938741]
840 ; 81 ; 52 ; 8 ; [2.2439924302700764] ; [0.96108826649164791]
840 ; 81 ; 52 ; 9 ; [2.7939614501327195] ; [2.426989587342399]
840 ; 81 ; 52 ; 10 ; [1.9530813028531253] ; [1.7909313149030905]
840 ; 81 ; 52 ; 18 ; [1.8262138247031949] ; [1.3980393841469168]
840 ; 81 ; 52 ; 19 ; [1.7404298213458058] ; [1.7171262554890652]
840 ; 81 ; 52 ; 20 ; [1.3369646646178266] ; [1.3955971675813976]
840 ; 81 ; 52 ; 22 ; [1.0190057823251741] ; [1.44081196907459]
840 ; 81 ; 52 ; 23 ; [2.3194459864147712] ; [0.93522502113721839]
840 ; 81 ; 52 ; 24 ; [1.2364713373613376] ; [1.7577110807234246]
840 ; 81 ; 52 ; 25 ; [2.4198420580995905] ; [1.2920697065398157]
840 ; 81 ; 52 ; 27 ; [0.97478986369216336] ; [0.95881967724019224]
840 ; 81 ; 52 ; 28 ; [1.6167035351292054] ; [1.0997973619985471]
840 ; 81 ; 52 ; 31 ; [1.8262885332072336] ; [4.1545348540750009]
840 ; 81 ; 52 ; 32 ; [1.2942898414020052] ; [0.24549383161001426]
840 ; 81 ; 52 ; 35 ; [2.7823567027254468] ; [0.96142246087840644]
840 ; 81 ; 52 ; 39 ; [2.0118283075273951] ; [1.4764047120897479]
840 ; 81 ; 52 ; 41 ; [1.6992256870826801] ; [1.6914008509289244]
840 ; 81 ; 54 ; 0 ; [0.19166714356372092, 0.2355476282220714, 0.31033276927809245, 0.36249840591867943, 0.6174806910385553] ; [0.095187638329897822, 0.17309257921635135, 0.22122185352449822, 0.17956647091914923, 0.38541107296256139]
840 ; 81 ; 55 ; 0 ; [0.011098046239772157, 0.0051604930738553935, 0.034496915457322364] ; [0.20027090503301354, 0.18369599489496213, 0.053502081687769223]
840 ; 81 ; 56 ; 0 ; [0.037769438901160995, 0.053731335916351465, 0.19739429495572594, 0.47053549975693265] ; [0.16121512818783557, 0.1945134806827799, 0.55684528354505214, 0.92541386008283111]
840 ; 81 ; 56 ; 1 ; [0.014091077534454217] ; [0.092649083751453407]
840 ; 81 ; 56 ; 2 ; [0.16636730473102385] ; [0.92397005510939301]
840 ; 81 ; 56 ; 8 ; [0.53781846260303556] ; [0.59954235372590059]
840 ; 81 ; 57 ; 0 ; [0.016394468417786127, 0.27432755871009246] ; [0.055896487033104472, 0.89118756271427491]
840 ; 81 ; 59 ; 5 ; [0.039825301055037746] ; [1.0855326460974521]
840 ; 81 ; 59 ; 6 ; [0.51037202640657897] ; [0.61010437749712632]
840 ; 81 ; 60 ; 0 ; [0.10779620538929198, 0.1121124289978767, 0.13811059512135798, 0.10052948353134938] ; [0.15902539319388048, 0.18806164353275848, 0.21511006733421253, 0.072457322411123695]
840 ; 81 ; 61 ; 0 ; [1.0427353049833927] ; [0.035889071151160946]
840 ; 81 ; 61 ; 1 ; [1.1264361442078041] ; [0.013160951518129869]
840 ; 81 ; 61 ; 2 ; [0.032560832145680833, 0.13065723451487615, 0.055873252193408759, 0.022570788193524583] ; [0.11993840852056475, 0.32890135949962845, 0.13512723659267933, 0.065329555291629454]
840 ; 81 ; 62 ; 0 ; [0.49579044169139952, 4.0589217810640346] ; [0.61896401982789695, 0.32989001504957671]
840 ; 81 ; 62 ; 1 ; [0.36338863016542794] ; [0.096776987602347264]
840 ; 81 ; 62 ; 2 ; [0.78612999248871296] ; [2.651972433499981]
840 ; 81 ; 62 ; 6 ; [3.0613348495947537] ; [1.8491649832490429]
840 ; 81 ; 62 ; 7 ; [3.2951105520229707] ; [1.2499515263395524]
840 ; 81 ; 63 ; 0 ; [-0.023529448913534878] ; [0.84432516098443311]
840 ; 81 ; 63 ; 2 ; [1.4674030906344642] ; [0.54503778028883376]
840 ; 81 ; 63 ; 3 ; [1.3867898620265453] ; [1.0323120410874167]
840 ; 81 ; 63 ; 6 ; [0.55524616510271196] ; [0.45055608751611859]
840 ; 81 ; 65 ; 0 ; [0.45179082161543194] ; [0.10541740302995471]
840 ; 81 ; 65 ; 2 ; [0.099752791960818488] ; [0.084177221959993165]
840 ; 81 ; 65 ; 3 ; [0.0074109973266945923] ; [0.12333535975151314]
840 ; 81 ; 66 ; 14 ; [0.34718756299288672] ; [0.5544163395456051]
840 ; 81 ; 67 ; 0 ; [0.59425186003097197] ; [1.1556174178308971]
840 ; 81 ; 67 ; 1 ; [1.6795394267801997] ; [1.7088566107118648]
840 ; 81 ; 67 ; 4 ; [2.1250126019044182] ; [1.8738547104526142]
840 ; 81 ; 67 ; 5 ; [2.1573707226365033] ; [1.2906000767909869]
840 ; 81 ; 67 ; 9 ; [1.8177989613300072] ; [1.5900550157640538]
840 ; 81 ; 67 ; 10 ; [0.27933934684911377] ; [1.7148676286547277]
840 ; 81 ; 67 ; 11 ; [2.2290241956783752] ; [1.6737393981301121]
840 ; 81 ; 67 ; 12 ; [1.7005600343754237] ; [2.3644068572636399]
840 ; 81 ; 67 ; 14 ; [1.7908752214039407] ; [1.7806251891401281]
840 ; 81 ; 67 ; 18 ; [2.1070128562263148] ; [0.86814984600477885]
840 ; 81 ; 67 ; 19 ; [2.5604604862495068] ; [1.837913388127451]
840 ; 81 ; 67 ; 20 ; [1.2618615058840172] ; [0.84653767055981488]
840 ; 81 ; 67 ; 21 ; [0.82525725871249145] ; [1.3954005448363158]
840 ; 81 ; 67 ; 26 ; [4.4317431845596387] ; [1.2290990539120115]
840 ; 81 ; 68 ; 0 ; [0.78968691540211344] ; [1.5346581104029964]
840 ; 81 ; 68 ; 1 ; [0.35354323875132981] ; [0.3433873434655117]
840 ; 81 ; 68 ; 3 ; [0.90458679386555629] ; [0.17763270808486081]
840 ; 81 ; 68 ; 6 ; [0.40459265415114593] ; [3.9829680272658075]
840 ; 81 ; 69 ; 1 ; [0.33513379667238402] ; [-0.0013129414954118593]
840 ; 81 ; 69 ; 3 ; [0.62992294124891601] ; [0.32747437655611578]
840 ; 81 ; 70 ; 0 ; [0.37716293254074923] ; [0.38007067978554437]
840 ; 81 ; 70 ; 1 ; [0.4833615957030018] ; [0.47366173027031006]
840 ; 81 ; 70 ; 2 ; [0.14447649764089418] ; [0.63362811857717438]
840 ; 81 ; 71 ; 0 ; [1.7195820476661003] ; [1.4441062750552276]
840 ; 81 ; 71 ; 1 ; [2.0995380580292133] ; [2.8812750755803846]
840 ; 81 ; 71 ; 3 ; [1.965004599028513] ; [4.950842069893965]
840 ; 81 ; 72 ; 0 ; [0.4913059102374624] ; [0.66241248319971568]
840 ; 81 ; 73 ; 2 ; [2.1840581442919111] ; [0.4372631223679862]
840 ; 81 ; 73 ; 3 ; [0.46235684647831327] ; [-0.012705379133679385]
840 ; 81 ; 73 ; 5 ; [1.5027728009105834] ; [0.95546854137357462]
840 ; 81 ; 73 ; 6 ; [1.4377676247601781] ; [0.37517413040562086]
840 ; 81 ; 73 ; 7 ; [1.5007913684632719] ; [0.93549553972427124]
840 ; 81 ; 73 ; 8 ; [1.8210747538339414] ; [1.0165673742155081]
840 ; 81 ; 73 ; 9 ; [2.07144243700029] ; [1.2648770828906659]
840 ; 81 ; 74 ; 0 ; [0.31590483849240164] ; [0.24229740243407571]
840 ; 81 ; 74 ; 3 ; [0.61366361011897264] ; [-0.0029741232879450285]
840 ; 81 ; 75 ; 0 ; [0.1093374306424607, 0.15618848646097136, 0.19699306131880079, 0.20485804880625741, 0.19803923117287037] ; [0.12779178426263166, 0.23563978316421907, 0.21988771522749503, 0.21578070328558627, 0.23562077151292468]
840 ; 81 ; 76 ; 0 ; [0.35933285916436269] ; [0.087467107499791683]
840 ; 81 ; 76 ; 1 ; [1.5099911408380586] ; [1.426524099125813]
840 ; 81 ; 77 ; 0 ; [0.029746924255671967] ; [0.069828298507602526]
840 ; 81 ; 77 ; 1 ; [0.69835854921639107] ; [0.42816635265702918]
840 ; 81 ; 77 ; 2 ; [0.92917998063072338] ; [0.87903928496438932]
840 ; 81 ; 77 ; 5 ; [0.48248560961659664] ; [0.95353633749148903]
840 ; 81 ; 77 ; 15 ; [1.0212326707005834] ; [1.046822121900524]
840 ; 81 ; 78 ; 0 ; [0.21053800272662143, 0.27309087073424287] ; [0.18805644461873869, 0.20744519024585592]
840 ; 81 ; 78 ; 1 ; [0.50189964591256686] ; [1.0759069757612372]
840 ; 81 ; 78 ; 8 ; [1.6566276166232297] ; [1.419907262741045]
840 ; 81 ; 78 ; 12 ; [1.2828105211209451] ; [0.51269961541638998]
840 ; 81 ; 79 ; 0 ; [0.8644862605593352, 0.43662650690051563, 0.10920585464443681, 0.032692733659600959] ; [0.75697999989518772, 0.63597476656643703, 0.44278165726382823, 0.26918033265142882]
840 ; 81 ; 79 ; 1 ; [1.7984362419932776] ; [0.74901183241013369]
840 ; 81 ; 80 ; 0 ; [1.3277471893713848] ; [1.3212075221807922]
840 ; 81 ; 80 ; 1 ; [2.7841083053234472] ; [1.1406579702425463]
840 ; 81 ; 80 ; 4 ; [0.39274764996393563] ; [0.82469191484768511]
840 ; 81 ; 80 ; 10 ; [1.8787127647782496] ; [1.7680338724852254]
840 ; 81 ; 81 ; 3 ; [1.0227806999211064] ; [1.2484817447485386]
840 ; 81 ; 81 ; 4 ; [8.9670648085711235] ; [2.6708364946149179]
840 ; 81 ; 82 ; 5 ; [0.53681471868586716, 0.01963397945265127] ; [0.49779213347770657, 0.082036270298673955]
840 ; 81 ; 83 ; 0 ; [0.0083501156892982105] ; [0.043980118193782856]
840 ; 81 ; 84 ; 0 ; [0.12682577240577261, 0.16022062508728066] ; [0.2187241226443884, 0.26397779625861245]
840 ; 81 ; 84 ; 1 ; [0.064918151286315423] ; [0.20020855971149512]
840 ; 81 ; 85 ; 0 ; [0.26864496593208792, 0.32293226057686975] ; [0.34149562221534979, 0.3288044572314478]
840 ; 81 ; 85 ; 4 ; [5.623502626643397] ; [2.882079867558144]
840 ; 81 ; 86 ; 0 ; [1.2753974604240459] ; [0.20944653182717346]
840 ; 81 ; 86 ; 1 ; [0.68608420085259436] ; [0.28982207301610818]
840 ; 81 ; 86 ; 2 ; [0.50573797377176788] ; [0.31251955006401128]
840 ; 81 ; 86 ; 3 ; [2.6524586936355998] ; [0.20929666527605145]
840 ; 81 ; 86 ; 4 ; [2.2385586401262807] ; [0.061536444926775326]
840 ; 81 ; 86 ; 12 ; [0.57436488389821938] ; [1.1453474981243219]
840 ; 81 ; 86 ; 15 ; [1.6806100163717861] ; [1.5409859975499436]
840 ; 81 ; 86 ; 31 ; [1.4476145114164756] ; [1.6689728294891513]
840 ; 81 ; 86 ; 32 ; [3.305911372484466] ; [1.5617783987081308]
840 ; 81 ; 87 ; 1 ; [0.18603874113140112] ; [0.25851203744293655]
840 ; 81 ; 88 ; 0 ; [0.28073862377427489] ; [0.27448906431793224]
840 ; 81 ; 88 ; 1 ; [0.077304635554495335] ; [0.44863417938889888]
840 ; 81 ; 89 ; 0 ; [1.3464712134505177, 0.1250155315448809] ; [0.11640374125218243, 0.069257524206270363]
840 ; 81 ; 89 ; 1 ; [0.075138459384652412] ; [2.2183274252483902]
840 ; 81 ; 89 ; 4 ; [1.8189736764814652] ; [2.7693900962124625]
840 ; 81 ; 89 ; 5 ; [0.088805860209558177] ; [0.51193753307578582]
840 ; 81 ; 89 ; 7 ; [2.0038351391575082] ; [1.7349057010398203]
840 ; 81 ; 89 ; 9 ; [0.089349028515252171] ; [3.1185156826571458]
840 ; 81 ; 89 ; 10 ; [0.035070769984371586] ; [4.2171567882787553]
840 ; 81 ; 89 ; 11 ; [0.027920768955212876] ; [2.3861896742720408]
840 ; 81 ; 90 ; 4 ; [0.76201768049920504, 0.20143396085714946, 0.24733384939178865] ; [0.4647746838252188, 0.22861596198533737, 0.21976007223834354]
840 ; 81 ; 90 ; 5 ; [0.43589409086158393] ; [1.2454922505818691]
840 ; 81 ; 91 ; 0 ; [0.51366292840638494] ; [0.43388838277256364]
840 ; 81 ; 91 ; 1 ; [0.14321960214895976, 0.73417655202852261] ; [0.079953867976642168, 0.34294325886927035]
840 ; 81 ; 91 ; 2 ; [0.83172330685189366] ; [0.28035647924593787]
840 ; 81 ; 92 ; 0 ; [0.14739982809313676, 0.20114734058871472, 0.072170760365690506] ; [0.19383335183010175, 0.23908067784571493, 0.057718053374901462]
840 ; 81 ; 93 ; 0 ; [0.15135060304880868, 0.043514193172365268] ; [0.23704315175201393, 0.021322136308738065]
840 ; 81 ; 94 ; 2 ; [0.0072736500600624181, 0.20442554414287406, -0.012226107923560199] ; [0.24489137078530382, 0.48954779926447872, 0.11406758986788057]
840 ; 81 ; 95 ; 0 ; [0.1044327728600196, 0.15250592439857696] ; [0.27082974587473235, 0.37971317736881532]
840 ; 81 ; 95 ; 2 ; [0.27976782391371502] ; [0.40716307387563128]
840 ; 81 ; 96 ; 0 ; [0.11220797141031069, 0.16059206473898968, 0.27634642280868377] ; [0.15815716316501346, 0.17034586782654906, 0.11951084398952912]
840 ; 81 ; 96 ; 1 ; [0.026416107410651975] ; [0.09771006655035426]
840 ; 81 ; 96 ; 2 ; [0.031358566716901036] ; [0.12870587874420905]
840 ; 81 ; 97 ; 0 ; [0.063580893704802868, 0.1713284996250844, 0.14969847220086227, 0.13521437066007139, 0.24729077384826212] ; [0.11197403856458978, 0.18328556620353084, 0.1607209486860092, 0.16006291091608174, 0.30490846148398143]
840 ; 81 ; 98 ; 0 ; [-0.0034883977342112155, 0.0091328519457439684] ; [0.27327240069585984, 0.083770640203542052]
840 ; 81 ; 98 ; 1 ; [0.13616560288287866] ; [-0.0096392847088330041]
840 ; 81 ; 98 ; 2 ; [0.11698006071222229] ; [0.061132880479566998]
840 ; 81 ; 99 ; 0 ; [1.5774774222894274] ; [1.1393407495684351]
840 ; 81 ; 99 ; 1 ; [0.39775114461917233] ; [0.58260677016869222]
840 ; 81 ; 99 ; 2 ; [1.1032816603672768] ; [0.52689106829783416]
840 ; 81 ; 99 ; 3 ; [1.725558664177572] ; [0.16082695487592824]
840 ; 81 ; 99 ; 6 ; [4.1963318169791526] ; [0.7904848563913488]
840 ; 81 ; 99 ; 7 ; [1.8599536251682387] ; [2.8009939892634743]
840 ; 81 ; 99 ; 10 ; [1.1096638297140218] ; [0.56388655435975144]
840 ; 81 ; 99 ; 14 ; [1.3591019093181158] ; [0.41047798144915143]
840 ; 81 ; 99 ; 15 ; [2.3771409239275845] ; [0.72769412117534238]
840 ; 81 ; 99 ; 16 ; [1.8382742800218523] ; [0.4277051351573653]
840 ; 81 ; 99 ; 17 ; [1.8006131083687633] ; [1.0907458824464626]
840 ; 81 ; 99 ; 18 ; [1.676589723464708] ; [1.726186028367463]
840 ; 81 ; 99 ; 19 ; [2.2979454953915157] ; [0.38376769073823003]
840 ; 81 ; 99 ; 21 ; [0.63553968732713828] ; [1.1279660802373073]
840 ; 81 ; 99 ; 22 ; [2.8812525528000532] ; [3.5367815707390036]
840 ; 81 ; 99 ; 28 ; [1.4351663696976393] ; [1.4954921119161746]
840 ; 81 ; 99 ; 29 ; [2.1689367758230516] ; [1.2361571803389511]
840 ; 81 ; 99 ; 34 ; [1.9209284868648593] ; [0.36528171740602428]
840 ; 81 ; 99 ; 36 ; [1.2449569401945919] ; [1.8829683909500912]
840 ; 81 ; 99 ; 38 ; [3.1514640495095421] ; [2.3193496717971209]
840 ; 81 ; 99 ; 39 ; [1.0002461887334] ; [1.1431229415738611]
840 ; 81 ; 99 ; 42 ; [1.1640774219037611] ; [1.4817140600468117]
840 ; 81 ; 99 ; 43 ; [1.507893538727979] ; [1.1276835348001961]
840 ; 81 ; 99 ; 47 ; [1.2198704043326485] ; [1.7914999249428303]
840 ; 81 ; 99 ; 49 ; [3.4693599533508857] ; [0.46076728962633728]
840 ; 81 ; 99 ; 52 ; [3.1253522841367025] ; [1.1394697201848452]
840 ; 81 ; 99 ; 53 ; [3.136064394446834] ; [2.0205831138505519]
840 ; 81 ; 99 ; 54 ; [2.8515113178953064] ; [1.344578482237988]
840 ; 81 ; 99 ; 55 ; [1.6839421879675567] ; [1.1186877816784224]
840 ; 81 ; 99 ; 56 ; [1.5298593005060079] ; [1.0047410325985278]
840 ; 81 ; 99 ; 57 ; [0.49099182386603962] ; [1.4600239712038676]
840 ; 81 ; 99 ; 61 ; [1.1208222702305859] ; [0.038413565620738124]
840 ; 81 ; 99 ; 67 ; [2.488908470456459] ; [1.8021528700509211]
840 ; 81 ; 99 ; 69 ; [0.84297190445302861] ; [1.4486387343998115]
840 ; 81 ; 99 ; 70 ; [1.2337062271562513] ; [0.50576117567229195]
840 ; 81 ; 99 ; 71 ; [1.4348097808458395] ; [0.96573581795786312]
840 ; 81 ; 99 ; 72 ; [1.0103790676724984] ; [1.7660334187454179]
840 ; 81 ; 100 ; 10 ; [-0.0005225334701736866] ; [-3.9377917303023722]
840 ; 81 ; 102 ; 0 ; [0.0162899100970701, -0.0030743519870790148, 0.021929234620753427] ; [0.22308394818295632, 0.25003184653526123, 0.061995668707230694]
840 ; 81 ; 103 ; 0 ; [-0.011718757139474591, 0.010172525568140061] ; [0.1987776337422201, 0.11624320124347073]
840 ; 81 ; 104 ; 0 ; [0.091654973463747499, 0.20617458065750036, 0.41562012223378353, 0.19669902208154072] ; [0.48707232398527311, 0.48482786905228697, 1.301336959350629, 0.24540041980628896]
840 ; 81 ; 104 ; 1 ; [4.4033140529845527] ; [0.63380022651447343]
840 ; 81 ; 104 ; 2 ; [0.072326355907713025] ; [0.018964717107548233]
840 ; 81 ; 105 ; 0 ; [0.064551987904853558, 0.015380810802304613, 0.013969304808855745] ; [0.40390483480937162, 0.21458140397503164, 0.051285390436610089]
840 ; 81 ; 107 ; 0 ; [0.029917858486311073, 0.121779356921452, 0.048781975737568886, 0.0025021914467590728] ; [0.62700368365911374, 0.74256747396381972, 0.13707662894861902, 0.11177890298017695]
840 ; 81 ; 107 ; 1 ; [0.13894332183573563] ; [0.19638369551779652]
840 ; 81 ; 107 ; 3 ; [0.2418439196048513] ; [0.036895569890446393]
840 ; 81 ; 108 ; 0 ; [0.32067336814154196, 0.21907128980646967] ; [0.20878676220031855, 0.18397849880275596]
840 ; 81 ; 108 ; 1 ; [0.40678704543439587] ; [0.16847921339965061]
840 ; 81 ; 109 ; 0 ; [0.43396376647084556] ; [2.1793314044110992]
840 ; 81 ; 109 ; 1 ; [1.8349296524185068] ; [0.42492006043167385]
840 ; 81 ; 109 ; 2 ; [0.19885717288350163] ; [0.4606249988449293]
840 ; 81 ; 109 ; 4 ; [0.65091200585997888] ; [1.6468518231535296]
840 ; 81 ; 109 ; 7 ; [1.4520026408559479] ; [1.7091346826468696]
840 ; 81 ; 109 ; 9 ; [1.2380908003546907] ; [1.9420465330809649]
840 ; 81 ; 109 ; 12 ; [2.0837384917048407] ; [1.7247469734241272]
840 ; 81 ; 109 ; 13 ; [1.7878704055466501] ; [1.5911431965375136]
840 ; 81 ; 109 ; 14 ; [1.5168015935353425] ; [2.5847725115154758]
840 ; 81 ; 109 ; 15 ; [2.0351610167346239] ; [2.5010380630096969]
840 ; 81 ; 109 ; 16 ; [0.58360059097375161] ; [0.092997181441597729]
840 ; 81 ; 110 ; 0 ; [0.47341885632389447, 0.12315696716837266] ; [0.90983851708229813, 0.11158323336266449]
840 ; 81 ; 111 ; 0 ; [0.46343127771696985, 0.76508395209855062, 0.1956407561556826] ; [0.49598078914154786, 0.84866232499701988, 0.19412368222426885]
840 ; 81 ; 112 ; 1 ; [1.6413149394501181] ; [1.8188629402300305]
840 ; 81 ; 112 ; 2 ; [1.7657497740664287] ; [1.8592816491188862]
840 ; 81 ; 112 ; 3 ; [2.2366282730862324] ; [1.8360539273318401]
840 ; 81 ; 112 ; 4 ; [1.7060258472993668] ; [1.6886755840698102]
840 ; 81 ; 112 ; 5 ; [0.85739203423516475] ; [3.0165982737204651]
840 ; 81 ; 112 ; 6 ; [1.2330798141892516] ; [3.6388581646314644]
840 ; 81 ; 112 ; 9 ; [2.3278156596106689] ; [1.3132766652929704]
840 ; 81 ; 112 ; 10 ; [1.7690814106406902] ; [1.5706391808439999]
840 ; 81 ; 112 ; 11 ; [1.4817530479909689] ; [3.2729128424300358]
840 ; 81 ; 112 ; 14 ; [2.2999310243671389] ; [0.42834480333624914]
840 ; 81 ; 112 ; 15 ; [1.5611263517810234] ; [1.7395539128167141]
840 ; 81 ; 112 ; 16 ; [2.9164707299421142] ; [1.7904424071270488]
840 ; 81 ; 112 ; 19 ; [1.564026927941917] ; [2.1347056004372722]
840 ; 81 ; 112 ; 20 ; [12.899543668089159] ; [4.4341179995172588]
840 ; 81 ; 113 ; 0 ; [0.012201340204801011, 0.0074428509883680549, -0.0033041713421943222] ; [0.48678836683685928, 0.18150609183888589, 0.037529459804662373]
840 ; 81 ; 114 ; 1 ; [2.26388431392557] ; [1.3043873419849505]
840 ; 81 ; 114 ; 2 ; [9.0994250889850967] ; [1.778005197850937]
840 ; 81 ; 114 ; 3 ; [1.4970146522737859] ; [1.7661306363468381]
840 ; 81 ; 114 ; 4 ; [2.435862041881157] ; [1.8847058853436935]
840 ; 81 ; 115 ; 0 ; [1.242254328890579] ; [0.58903995909630347]
840 ; 81 ; 115 ; 6 ; [0.14759927280807766] ; [0.19011494133494863]
840 ; 81 ; 116 ; 0 ; [0.0079975925475360161, 0.00079272141382102554, 0.020021530581686542] ; [0.13880574521577702, 0.15872219224263523, 0.17161648894568282]
840 ; 81 ; 117 ; 0 ; [0.042932913423862157, 0.052700444761763485, 0.0081705735912381821, 0.0039470559669922516] ; [0.17091934804918651, 0.18543075955578409, 0.17366160395331603, 0.20472227937113313]
840 ; 81 ; 117 ; 1 ; [0.017824210198975256] ; [0.073471039081592096]
840 ; 81 ; 118 ; 0 ; [0.17470911751126442, 0.39245203230042519, 0.31881843575485436, 0.1973262920593235] ; [0.22510668306512369, 0.17289789193425306, 0.15703782256704196, 0.22525650507173151]
840 ; 81 ; 118 ; 1 ; [0.44920424421763883] ; [0.0070655625128329689]
840 ; 81 ; 119 ; 0 ; [0.9518273178696719] ; [-0.0010175137409192308]
840 ; 81 ; 119 ; 5 ; [0.34094050931262049] ; [0.43879113674374193]
840 ; 81 ; 120 ; 0 ; [0.2291127963230917, 0.08235820698060356, 0.038109726005141446, 0.018878772159861223] ; [0.35678535341310152, 0.1708926365777424, 0.20260755216859971, 0.09717990130928017]
840 ; 81 ; 121 ; 0 ; [-0.0039267107536202816, 0.012458516785077383, -0.0063439110770610423, -0.029516535870620648] ; [0.13957573578260893, 0.13504450213727687, 0.19073316749750924, 0.11346949749350729]
840 ; 81 ; 122 ; 1 ; [2.8399463148731758] ; [4.0506183435489875]
840 ; 81 ; 122 ; 4 ; [1.2476629104038799] ; [1.858637899332944]
840 ; 81 ; 122 ; 5 ; [2.4978921871287847] ; [2.3279173099258395]
840 ; 81 ; 122 ; 6 ; [2.7573994064042244] ; [4.6798768281884691]
840 ; 81 ; 122 ; 11 ; [0.67950394170001416] ; [3.6782030808532022]
840 ; 81 ; 123 ; 0 ; [0.17886280635000337] ; [0.041615144965405686]
840 ; 81 ; 123 ; 4 ; [0.017488754046868941] ; [0.088399449952597034]
840 ; 81 ; 124 ; 0 ; [0.26736063022402679, 0.17528705104005149, 0.16045873189378221, 0.21936540801713403] ; [0.27951427206399071, 0.20340954664178398, 0.23991436388681756, 0.14860687551164681]
840 ; 81 ; 124 ; 1 ; [0.087549828423644588] ; [-0.026836470349275304]
840 ; 81 ; 125 ; 0 ; [0.11926191082212892, 0.10790555825616345, 0.06914788704087825, 0.024386986144247381] ; [0.22673620431436134, 0.21004638257319586, 0.1958977512439502, 0.074481048900833097]
840 ; 81 ; 125 ; 1 ; [0.027946774004604085] ; [0.016280421325850898]
840 ; 81 ; 126 ; 0 ; [0.3931718227295678, 0.49780189438591588, 0.25456268416201289, 0.088047836899011744] ; [0.25540169918701294, 0.34416654953005421, 0.38850559234584275, 0.12485423742016738]
840 ; 81 ; 127 ; 0 ; [0.40626223596593619, -0.0048781007768846823, 0.019332007870719505] ; [0.37943293287596219, 0.24174319928107293, 0.028319510609210223]
840 ; 81 ; 128 ; 0 ; [0.063478833388232528, 0.055225082695302179, 0.03117049723918636] ; [0.17679493090109916, 0.21378415437620704, 0.16855376506222761]
840 ; 81 ; 128 ; 1 ; [0.038569608240177827] ; [0.037830926516411817]
840 ; 81 ; 129 ; 0 ; [0.021148038458051004, 0.041590112736356918, 0.034587218886534474] ; [0.18753207136884845, 0.22663671446337288, 0.17434184027112193]
840 ; 81 ; 130 ; 0 ; [0.049323739029592847, 0.045424667840984291, 0.038116282413570492, -0.0052197802162857205] ; [0.22474859448763651, 0.15535463129807137, 0.3438662189743274, 0.097075277247398131]
840 ; 81 ; 130 ; 1 ; [0.033244805512635929] ; [0.13384018403167672]
840 ; 81 ; 130 ; 2 ; [-0.038129302581370594] ; [-0.0068639582399782273]
840 ; 81 ; 131 ; 1 ; [0.25094382769979257] ; [0.30840280429326583]
840 ; 81 ; 132 ; 0 ; [0.1804560498225293, 0.0013225719640895667, -0.016847538411427762] ; [0.3230527585558946, 0.31162972040236275, 0.029463036554888338]
840 ; 81 ; 133 ; 0 ; [0.47315055760055302] ; [0.084662736247270554]
840 ; 81 ; 133 ; 2 ; [0.43939230426820836] ; [0.13335240737763743]
840 ; 81 ; 134 ; 0 ; [1.6855853686936673] ; [0.74255481260156286]
840 ; 81 ; 134 ; 17 ; [0.39753793924804992] ; [0.31490483824460486]
840 ; 81 ; 134 ; 18 ; [0.255000815426423] ; [0.098258093787410544]
840 ; 81 ; 135 ; 0 ; [1.0453850583842446] ; [0.040938062959934296]
840 ; 81 ; 135 ; 8 ; [0.64626852812359947] ; [2.3322828686698331]
840 ; 81 ; 135 ; 9 ; [0.67867485376693326] ; [0.49616280594091916]
840 ; 81 ; 135 ; 10 ; [1.7503002574998945] ; [0.65203716522870525]
840 ; 81 ; 136 ; 0 ; [0.026178640168699599, -0.006111909986088431, 0.012218818392455075] ; [0.18025880051113646, 0.21169051898743685, 0.12374974966751698]
840 ; 81 ; 137 ; 0 ; [0.86025719397436573] ; [1.2898036979731284]
840 ; 81 ; 137 ; 1 ; [1.8085435854930645] ; [0.48412354316739653]
840 ; 81 ; 137 ; 2 ; [1.2579885530962502] ; [0.65160562948545764]
840 ; 81 ; 137 ; 10 ; [1.7593796667989894] ; [2.486143772172583]
840 ; 81 ; 138 ; 0 ; [0.013126446582993776, 0.13447484585602906] ; [0.37392593393501178, 0.082599110892146804]
840 ; 81 ; 139 ; 0 ; [0.28645932536897134, 0.35946188229519366] ; [0.21258172035379375, 0.21505038371715748]
840 ; 81 ; 140 ; 0 ; [0.20198288769888698] ; [0.02960407086974242]
840 ; 81 ; 140 ; 2 ; [0.099516114357434002, 0.14529391245275408, 0.034104796229272746, 0.024001770190837254] ; [0.19827635361463805, 0.36880187968343425, 0.19839460319721214, 0.16250838957707281]
840 ; 81 ; 140 ; 3 ; [0.30804793853156232] ; [-0.0028266055235436579]
840 ; 81 ; 141 ; 0 ; [0.010309773918166619, 0.0096468024822263486, 0.26056290072076921] ; [0.13595237687423781, 0.19197252476210708, 0.26434980207941161]
840 ; 81 ; 141 ; 2 ; [-0.004562536731335584] ; [0.4606521547503406]
840 ; 81 ; 142 ; 0 ; [0.29313680521151564] ; [-0.013258332721734867]
840 ; 81 ; 142 ; 1 ; [0.19915648857080304] ; [0.19732884534748774]
840 ; 81 ; 142 ; 4 ; [0.15743283645487999] ; [0.058813098001499677]
840 ; 81 ; 142 ; 5 ; [0.61201604533742815] ; [0.14840358302650078]
840 ; 81 ; 142 ; 13 ; [0.045814496531033519] ; [0.23803207782902103]
840 ; 81 ; 144 ; 12 ; [0.64572102390860908] ; [0.19598192734549374]
840 ; 81 ; 145 ; 0 ; [1.0974180278276995] ; [0.46091932752977455]
840 ; 81 ; 145 ; 2 ; [1.0815007937886643] ; [1.2517328986419081]
840 ; 81 ; 145 ; 3 ; [3.4986500054648144] ; [2.0606111869019741]
840 ; 81 ; 145 ; 4 ; [2.5423801787920901] ; [1.1111023459108753]
840 ; 81 ; 145 ; 5 ; [0.1277787387249921] ; [3.158577745975971]
840 ; 81 ; 145 ; 7 ; [0.050101228806958262] ; [4.1359832133361696]
840 ; 81 ; 145 ; 8 ; [3.6955612170447356] ; [2.5601160833627943]
840 ; 81 ; 145 ; 12 ; [2.3318490918926584] ; [2.2526224155109573]
840 ; 81 ; 145 ; 13 ; [2.2203504374049956] ; [1.2906946586263017]
840 ; 81 ; 146 ; 4 ; [0.22629011120291495] ; [0.32915445483789108]
840 ; 81 ; 147 ; 0 ; [0.24809634571133085, 0.18041349545508889, 0.19710979074314897] ; [0.2203275594720723, 0.20141026255889916, 0.21336774036427031]
840 ; 81 ; 148 ; 2 ; [0.2004183649399143] ; [0.39769859091026716]
840 ; 81 ; 148 ; 6 ; [0.50470477945073222] ; [0.16857022863447707]
840 ; 81 ; 149 ; 2 ; [0.77700268873475342] ; [0.19160532268573971]
840 ; 81 ; 149 ; 3 ; [0.99532762861919277] ; [0.26071281858824558]
840 ; 81 ; 150 ; 1 ; [0.36124704809486818, 1.4477902765302486] ; [1.095072373650616, 1.0526640528880802]
840 ; 81 ; 150 ; 3 ; [1.2505260591720333] ; [0.36656313468152313]
840 ; 81 ; 150 ; 5 ; [1.7570738114702504] ; [0.82790481497374047]
840 ; 81 ; 150 ; 7 ; [0.59832347215738579] ; [0.96096691738374451]
840 ; 81 ; 150 ; 13 ; [0.042406069071338252] ; [0.88224370822201514]
840 ; 81 ; 150 ; 14 ; [0.17034399092624825] ; [0.46453631732246475]
840 ; 81 ; 150 ; 15 ; [1.9578554309810392] ; [1.4529756847549067]
840 ; 81 ; 150 ; 16 ; [2.1094779654552238] ; [1.8728511285745875]
840 ; 81 ; 150 ; 18 ; [1.2897621723843256] ; [1.625426349432074]
840 ; 81 ; 150 ; 19 ; [5.1512212033702793] ; [2.1670214727768564]
840 ; 81 ; 150 ; 28 ; [7.7981093424037304] ; [0.50693388917336513]
840 ; 81 ; 150 ; 29 ; [1.7691308481376873] ; [1.0306485503110354]
840 ; 81 ; 150 ; 30 ; [1.4013846302621675] ; [1.6431091305171834]
840 ; 81 ; 151 ; 0 ; [1.0412954953888136] ; [1.5520114093440991]
840 ; 81 ; 151 ; 1 ; [7.3857940287806372] ; [0.88398714625317798]
840 ; 81 ; 151 ; 4 ; [0.50131760870208042] ; [1.8254372900656692]
840 ; 81 ; 151 ; 6 ; [2.5618303769269657] ; [1.0854332950741186]
840 ; 81 ; 151 ; 12 ; [2.2237904552190555] ; [1.4002525102756065]
840 ; 81 ; 152 ; 0 ; [0.0032639997399160252] ; [0.049405167445822067]
840 ; 81 ; 152 ; 1 ; [0.21314341113998758] ; [0.065387838949157409]
840 ; 81 ; 152 ; 2 ; [0.025705884657504854] ; [2.2087308079384269]
840 ; 81 ; 153 ; 0 ; [0.45309171076161742] ; [0.92899365671797673]
840 ; 81 ; 154 ; 0 ; [1.7620241594156205] ; [3.1600245210226667]
840 ; 81 ; 155 ; 0 ; [-0.0052423407055484338, 0.03498155087367337, 0.46696099590392864] ; [0.20971736921818634, 0.20474505754345901, 0.38939546520431423]
840 ; 81 ; 156 ; 1 ; [0.44078385918399882] ; [0.21680228006122981]
840 ; 81 ; 156 ; 6 ; [0.56430861914870822] ; [0.68986918017271259]
840 ; 81 ; 156 ; 8 ; [0.068317246864218098] ; [0.81789688633100077]
840 ; 81 ; 156 ; 10 ; [0.024400197615966995] ; [0.0054370596475183594]
840 ; 81 ; 156 ; 14 ; [0.26462005259593963] ; [0.98913448046035091]
840 ; 81 ; 156 ; 18 ; [0.076306738252479966] ; [1.6489453454591407]
840 ; 81 ; 157 ; 1 ; [1.542622102273649] ; [4.9823289502017012]
840 ; 81 ; 157 ; 5 ; [0.072263722862595373] ; [0.27045916824508859]
840 ; 81 ; 158 ; 0 ; [0.86062528794386173] ; [0.059353881475115174]
840 ; 81 ; 158 ; 1 ; [0.85348955535902649] ; [0.50284588120494433]
840 ; 81 ; 158 ; 3 ; [0.85128558436692048] ; [0.38131994555778742]
840 ; 81 ; 158 ; 9 ; [0.48127002528825119] ; [2.3311135012356652]
840 ; 81 ; 158 ; 16 ; [1.2413107085253776] ; [0.61325477852953092]
840 ; 81 ; 158 ; 26 ; [0.70298654673491923] ; [0.54400489152838538]
840 ; 81 ; 158 ; 27 ; [1.1361303013681729] ; [1.1382726210642631]
840 ; 81 ; 159 ; 14 ; [0.16773655477038762] ; [1.4036832736706277]
840 ; 81 ; 160 ; 0 ; [0.2592521353872867, 0.10976408534770343, 0.27569578353720048, 0.047263244910535331] ; [0.55817553290231603, 0.47617518600821651, 0.4107449136341188, 0.065647646759110917]
840 ; 81 ; 160 ; 1 ; [0.61420766518497383] ; [0.43186006471696659]
840 ; 81 ; 160 ; 2 ; [0.50580391553540971] ; [0.031143589240223479]
840 ; 81 ; 161 ; 0 ; [0.15502912883412315, 0.076893874980053567] ; [0.36827384200338997, 0.19371097994889774]
840 ; 81 ; 161 ; 1 ; [0.10139078560931372] ; [0.10679142399125902]
840 ; 81 ; 162 ; 0 ; [1.915633330861904, 6.0888091355118474] ; [0.32920976283175962, 0.36928175765209137]
840 ; 81 ; 162 ; 1 ; [3.08695547769354] ; [0.7092249248043313]
840 ; 81 ; 162 ; 3 ; [2.1806155552239095] ; [2.3881645516957759]
840 ; 81 ; 162 ; 5 ; [1.9585058909802315] ; [3.2100707968290467]
840 ; 81 ; 162 ; 6 ; [1.32859223451318] ; [1.0692018797695206]
840 ; 81 ; 162 ; 10 ; [1.2238554424916559] ; [0.1478816313774815]
840 ; 81 ; 162 ; 11 ; [0.84766198941657389] ; [1.8035666006567839]
840 ; 81 ; 162 ; 14 ; [1.2529362672123687] ; [0.82032574465868013]
840 ; 81 ; 162 ; 16 ; [0.42291011064416439] ; [2.1155932686133703]
840 ; 81 ; 162 ; 17 ; [1.2701084570721501] ; [2.1019844315553606]
840 ; 81 ; 162 ; 18 ; [3.6259684803525949] ; [1.0067194777627866]
840 ; 81 ; 162 ; 19 ; [1.0625720595031749] ; [1.5126006844157647]
840 ; 81 ; 162 ; 20 ; [6.3182854675232027] ; [1.1732833337980138]
840 ; 81 ; 162 ; 21 ; [1.6152560355971697] ; [1.0351669629360964]
840 ; 81 ; 162 ; 24 ; [0.5022299693037906] ; [2.0703976089416276]
840 ; 81 ; 162 ; 25 ; [2.3056313301141391] ; [1.7704339559806088]
840 ; 81 ; 162 ; 27 ; [2.0801144747780316] ; [1.1977869695214483]
840 ; 81 ; 162 ; 29 ; [1.3959833574558813] ; [1.0725934473753642]
840 ; 81 ; 162 ; 34 ; [2.269818076761271] ; [2.4835110696006604]
840 ; 81 ; 162 ; 35 ; [2.6493331862927247] ; [1.9909805317436371]
840 ; 81 ; 162 ; 36 ; [1.2558742172648933] ; [1.8432477383434795]
840 ; 81 ; 162 ; 37 ; [1.3843214692350061] ; [2.6741918490153744]
840 ; 81 ; 162 ; 39 ; [2.5880493833979332] ; [1.7862206756693209]
840 ; 81 ; 162 ; 41 ; [3.7626101100915745] ; [1.440058988994116]
840 ; 81 ; 162 ; 42 ; [1.55413032123797] ; [2.9126129258458864]
840 ; 81 ; 162 ; 43 ; [2.4280698873588742] ; [1.5615796033514353]
840 ; 81 ; 162 ; 44 ; [3.0455073236160488] ; [1.616450563140901]
840 ; 81 ; 162 ; 45 ; [2.5806588003141995] ; [3.1064203263382084]
840 ; 81 ; 162 ; 47 ; [2.5632124630090369] ; [2.0555396814761475]
840 ; 81 ; 162 ; 48 ; [3.0606007495282497] ; [1.7578698190580782]
840 ; 81 ; 162 ; 51 ; [1.2853809022995737] ; [2.5518910213946544]
840 ; 81 ; 162 ; 52 ; [1.8505226504029799] ; [1.6380853840533554]
840 ; 81 ; 162 ; 53 ; [9.4536047235580245] ; [0.86004063156011812]
840 ; 81 ; 162 ; 55 ; [2.4988245895019223] ; [2.0397043639965946]
840 ; 81 ; 162 ; 56 ; [1.3371201638654444] ; [1.8777353437545798]
840 ; 81 ; 162 ; 60 ; [4.6038220159612235] ; [2.0528042545792773]
840 ; 81 ; 162 ; 61 ; [3.0776943601509603] ; [1.6281687086510943]
840 ; 81 ; 162 ; 62 ; [5.9251614725501653] ; [1.9960592250062605]
840 ; 81 ; 162 ; 70 ; [0.96818162007333619] ; [1.4818584645290211]
840 ; 81 ; 162 ; 76 ; [2.1457534090791857] ; [0.79951068475573162]
840 ; 81 ; 163 ; 0 ; [-0.020629263715819128] ; [0.19261356219502987]
840 ; 81 ; 165 ; 0 ; [0.04309936159524419, 0.0056905043990885485, -0.014938147920201452] ; [0.23071202863703333, 0.23169939339440998, 0.080030908066669695]
840 ; 81 ; 166 ; 1 ; [0.12942091081325938, 0.070963715580085546] ; [0.17786529401839685, 0.096629348283670966]
840 ; 81 ; 167 ; 2 ; [2.6738277392944463] ; [1.4666756317536069]
840 ; 81 ; 167 ; 3 ; [1.1997791025818718] ; [1.2077093832029067]
840 ; 81 ; 167 ; 8 ; [1.6558488124039816] ; [2.5269534347611895]
840 ; 81 ; 168 ; 0 ; [0.44735308814818026, 0.17387712493756702] ; [0.22938169366738645, 0.12166566639358126]
840 ; 81 ; 169 ; 0 ; [0.86627723153913383] ; [0.21239414881933225]
840 ; 81 ; 169 ; 1 ; [0.53662843574795538] ; [0.23243936408219662]
840 ; 81 ; 169 ; 2 ; [2.3162702295733895] ; [0.98956282736827139]
840 ; 81 ; 169 ; 3 ; [2.7019620634601256] ; [1.2976849453825638]
840 ; 81 ; 169 ; 5 ; [1.5804227068785004] ; [0.85072930478891229]
840 ; 81 ; 169 ; 9 ; [1.9659212468598908] ; [1.8500364855718772]
840 ; 81 ; 169 ; 12 ; [1.3382530665042001] ; [1.5765134031349526]
840 ; 81 ; 169 ; 14 ; [2.6947416803745754] ; [3.1120166614236795]
840 ; 81 ; 169 ; 16 ; [0.2276597694249107] ; [1.6486318948363692]
840 ; 81 ; 169 ; 18 ; [2.2297590968564984] ; [2.1455259650685639]
840 ; 81 ; 169 ; 19 ; [1.1370544543595189] ; [2.0833037530287277]
840 ; 81 ; 169 ; 20 ; [3.304646334420958] ; [1.0246528119994653]
840 ; 81 ; 169 ; 25 ; [2.4940650110845337] ; [1.8707188717783805]
840 ; 81 ; 169 ; 26 ; [0.63956371760387376] ; [0.096519204728803029]
840 ; 81 ; 169 ; 28 ; [1.8793311340993524] ; [2.2576184506064503]
840 ; 81 ; 169 ; 30 ; [2.5194262771959877] ; [1.0007783600320788]
840 ; 81 ; 169 ; 31 ; [0.14721803493976762] ; [1.4594535151755206]
840 ; 81 ; 169 ; 35 ; [1.8890145582364779] ; [1.2332962213537175]
840 ; 81 ; 169 ; 38 ; [1.2074646617754585] ; [3.0012239125131357]
840 ; 81 ; 169 ; 40 ; [2.3828898368655587] ; [1.5085149770307078]
840 ; 81 ; 169 ; 41 ; [1.9490571537443209] ; [1.7987499548609212]
840 ; 81 ; 169 ; 49 ; [2.179546374102507] ; [0.58844973188476102]
840 ; 81 ; 169 ; 50 ; [1.5868088767506223] ; [0.66370767133635944]
840 ; 81 ; 170 ; 2 ; [0.18713623492812451, 0.32035992086451992, 0.29271532941362099, 0.0890376254205128] ; [0.61137554004941363, 0.36462429542001129, 0.67421036196422446, 0.16718085781488115]
840 ; 81 ; 171 ; 0 ; [-0.0065741467898948322] ; [0.23549483635576152]
840 ; 81 ; 172 ; 0 ; [0.30530571539061735] ; [0.43029156202538565]
840 ; 81 ; 172 ; 1 ; [0.10485383117789637] ; [0.43879515246756018]
840 ; 81 ; 172 ; 2 ; [0.39423441613906246] ; [0.72266472809100535]
840 ; 81 ; 172 ; 3 ; [0.37189828976829398, 0.18130155212686977] ; [0.094861482670185807, 1.0155785982527024]
840 ; 81 ; 172 ; 4 ; [0.17237082321616087] ; [9.9170861593796822]
840 ; 81 ; 172 ; 5 ; [1.8568777143290305] ; [0.42339204548709214]
840 ; 81 ; 172 ; 7 ; [2.2070351215921948] ; [-0.005994985838286975]
840 ; 81 ; 172 ; 12 ; [3.6321155191204886] ; [0.86352764041619323]
840 ; 81 ; 172 ; 17 ; [0.99703516467748909] ; [0.22001944954256722]
840 ; 81 ; 173 ; 1 ; [1.9142349793118043] ; [0.47381504373621935]
840 ; 81 ; 173 ; 2 ; [1.9281530927600092] ; [0.34062369137746323]
840 ; 81 ; 173 ; 3 ; [1.7953184834938816] ; [0.80896496159473275]
840 ; 81 ; 173 ; 7 ; [1.8332205599222358] ; [1.3244200857528852]
840 ; 81 ; 173 ; 10 ; [1.7212416061019877] ; [1.8645766940245718]
840 ; 81 ; 173 ; 11 ; [1.7091104074362318] ; [1.4916762490655147]
840 ; 81 ; 173 ; 12 ; [1.8987010530419342] ; [1.6028638184442656]
840 ; 81 ; 173 ; 14 ; [1.8350240084697724] ; [0.17654409286506317]
840 ; 81 ; 173 ; 17 ; [0.95322998240217061] ; [1.3639628393536654]
840 ; 81 ; 173 ; 18 ; [0.3689801116642234] ; [1.2390577204238822]
840 ; 81 ; 173 ; 19 ; [1.3393568470277015] ; [0.24279381791568463]
840 ; 81 ; 173 ; 20 ; [1.732622089263588] ; [0.3187266213616029]
840 ; 81 ; 173 ; 21 ; [0.32836578275150702] ; [0.913463723581869]
840 ; 81 ; 173 ; 23 ; [0.28218209276142497] ; [0.94854997210999104]
840 ; 81 ; 173 ; 29 ; [1.8427741530953217] ; [1.1451056161458144]
840 ; 81 ; 173 ; 30 ; [1.088026216341659] ; [1.0892117364022931]
840 ; 81 ; 173 ; 31 ; [3.8658276583618885] ; [1.2921728104732053]
840 ; 81 ; 173 ; 32 ; [1.076150116754748] ; [1.7270675795830726]
840 ; 81 ; 174 ; 0 ; [0.13392522659447445, 0.058261050435709803] ; [0.2186953245030013, 0.09463649688390717]
840 ; 81 ; 175 ; 0 ; [0.21447378446022311, 0.18303244535372554, 0.090790016364631063] ; [0.15594360883774463, 0.17263544936663008, 0.13365839118280096]
840 ; 81 ; 176 ; 0 ; [0.048021345807504313, 0.15849696656443313, 0.13704624054562609, 0.081485251681897838] ; [0.14254522692722166, 0.12948094120700762, 0.38996765031900948, 0.11018360047784698]
840 ; 81 ; 177 ; 0 ; [0.1784714806542903, 0.18624661396613681] ; [0.17913713306650053, 0.23070909121431554]
840 ; 81 ; 178 ; 6 ; [0.50579164684609978] ; [1.0423219152960712]
840 ; 81 ; 179 ; 0 ; [0.34088880594346932] ; [0.43481626904943588]
840 ; 81 ; 179 ; 3 ; [0.25030272063054948] ; [1.1141079929511704]
840 ; 81 ; 180 ; 0 ; [0.16913143279359918] ; [0.098133750219494068]
840 ; 81 ; 180 ; 3 ; [1.8009927871897669] ; [0.65264968881984198]
840 ; 81 ; 180 ; 5 ; [0.5268956118162571] ; [2.0528421953481231]
840 ; 81 ; 181 ; 1 ; [0.49623522165295531] ; [0.79695578298018976]
840 ; 81 ; 181 ; 2 ; [0.56297890669786543] ; [2.6034722580400858]
840 ; 81 ; 182 ; 0 ; [0.016734700226845776, 0.35337544412690347] ; [0.17001406332615929, 0.17963483894890894]
840 ; 81 ; 183 ; 0 ; [0.27510815668816702] ; [0.067368146371699897]
840 ; 81 ; 183 ; 2 ; [0.48452811704375759] ; [0.26719944605429152]
840 ; 81 ; 184 ; 1 ; [0.24656914937510466, 0.15789641766905393, 0.25984679938150546] ; [0.20082775417104345, 0.18180526182582515, 0.2056635481818746]
840 ; 81 ; 185 ; 0 ; [0.077135265097784025, 0.13522360585575108, 0.00017453027525430871] ; [0.26587301216056797, 0.24790499429252416, 0.01703587844448361]
840 ; 81 ; 185 ; 1 ; [-9.9303655594079086e-05] ; [0.21985080332373411]
840 ; 81 ; 186 ; 0 ; [0.49783087259029341] ; [0.44843373600574254]
840 ; 81 ; 186 ; 3 ; [0.30561049139794921] ; [0.023384571927016946]
840 ; 81 ; 186 ; 4 ; [0.10534381803552001] ; [0.056660198259825316]
840 ; 81 ; 187 ; 2 ; [0.21014616724140353] ; [0.78881856389984328]
840 ; 81 ; 188 ; 0 ; [0.16673485715080447, 0.17008399949383854, 0.10869465406486419, 0.084093816314164765] ; [0.1490354333217114, 0.21045042882300558, 0.20587755474388544, 0.11719673580193463]
840 ; 81 ; 189 ; 0 ; [4.0057657402424196] ; [0.71665996706035595]
840 ; 81 ; 189 ; 2 ; [0.093311452431512121] ; [2.5182251662814545]
840 ; 81 ; 190 ; 5 ; [0.40962037568809312, 0.58202626309871131] ; [0.060124615000438072, 0.3542726581606534]
840 ; 81 ; 191 ; 0 ; [0.77002610844598041, 0.85030164749953852] ; [0.027252316198586646, 0.0060933628341372911]
840 ; 81 ; 192 ; 0 ; [0.7513639377525525] ; [0.73809037236948483]
840 ; 81 ; 192 ; 1 ; [0.16943018173131874, 0.44451832459134499] ; [0.055912450251447761, -0.0062207363448786406]
840 ; 81 ; 192 ; 2 ; [0.096824639813972005] ; [0.1643664448768494]
840 ; 81 ; 192 ; 3 ; [1.3866750400537404] ; [2.0784669748731153]
840 ; 81 ; 192 ; 4 ; [1.1916690323631731] ; [0.40584398398222865]
840 ; 81 ; 194 ; 0 ; [0.41517176540793654] ; [0.031715406541213756]
840 ; 81 ; 195 ; 0 ; [0.25519436804071255, 0.31244162299977374] ; [0.16076048387377284, 0.35719410947474228]
840 ; 81 ; 195 ; 1 ; [0.029408586034237912, 0.12867983707944444] ; [0.28487894775718975, 0.13395792184283623]
840 ; 81 ; 195 ; 2 ; [1.4241988706687809] ; [0.16951319059196601]
840 ; 81 ; 195 ; 3 ; [0.42726302209217626] ; [0.70338217219020849]
840 ; 81 ; 196 ; 0 ; [-0.0056021687327077281, 0.098312665070759503, -0.00048884163830891815, 0.021290399453971886] ; [0.221716913350608, 0.21737578312370742, 0.34844068775166454, 0.12111774744344274]
840 ; 81 ; 197 ; 0 ; [0.32762452257161251, 0.39719659320103101, 0.53610932964719993, 0.21832629006098594, 0.17124542754598462] ; [0.18859690433521745, 0.20810502156248578, 0.66404247999129329, 0.31343719781274465, 0.18987875563514542]
840 ; 81 ; 198 ; 0 ; [0.54420892713219648] ; [-0.0023185328349686596]
840 ; 81 ; 198 ; 1 ; [-0.0053139643964219933] ; [0.12135577432808524]
840 ; 81 ; 199 ; 8 ; [0.72805141581427446] ; [1.3764209828245093]
840 ; 81 ; 200 ; 0 ; [0.093603826083373101] ; [-0.0029907733277222234]
840 ; 81 ; 200 ; 1 ; [0.3288727302876831] ; [-7.6744373938689443e-05]
840 ; 81 ; 201 ; 1 ; [0.32368749970468103] ; [0.17635412493951985]
840 ; 81 ; 201 ; 4 ; [0.28586185704379846] ; [0.17831518415677902]
840 ; 81 ; 202 ; 0 ; [0.75608568328054626, 0.20153307227919631] ; [0.10128037634355323, 0.12327933412243916]
840 ; 81 ; 202 ; 1 ; [0.44788172666015674] ; [0.1401587574234279]
840 ; 81 ; 202 ; 2 ; [0.069708787984065018] ; [0.0650430800299822]
840 ; 81 ; 203 ; 0 ; [0.59582936647385487, 0.49130084620263959] ; [0.67265504041990953, 0.42753206141395828]
840 ; 81 ; 203 ; 1 ; [0.10272367080264816] ; [-0.0048927582554008859]
840 ; 81 ; 204 ; 0 ; [1.1021900032172409, -0.023659587973357422] ; [0.34901952560878241, 0.13748415247234869]
840 ; 81 ; 204 ; 1 ; [0.15201057144158286] ; [0.067216790480583877]
840 ; 81 ; 204 ; 3 ; [0.07819270718911743] ; [0.19608193285517808]
840 ; 81 ; 205 ; 0 ; [0.15245259090217564, 0.039193421178036494, 0.040503327597119596, 0.016300325664113272] ; [0.49703251185514596, 0.46588811325347773, 0.17647129548099819, 0.099599627710949351]
840 ; 81 ; 206 ; 0 ; [0.14190259127473875, 0.12880342368953529, 0.033024022842784738] ; [0.26713063295566869, 0.18793556710119549, 0.10742952883558221]
840 ; 81 ; 207 ; 0 ; [0.022035806086928348, 0.047085782157281299, -0.030900695670564027] ; [0.28591833332268191, 0.21314627606874606, 0.20595277655278443]
840 ; 81 ; 207 ; 1 ; [0.16845670651614567] ; [0.073632382656125872]
840 ; 81 ; 208 ; 0 ; [0.48107132797506957] ; [0.27038092248078138]
840 ; 81 ; 208 ; 4 ; [2.171609786899658] ; [0.0040832670408239994]
840 ; 81 ; 209 ; 0 ; [1.123158664659333] ; [0.63954712436181393]
840 ; 81 ; 209 ; 1 ; [1.0613898973126874] ; [0.28347554180726126]
840 ; 81 ; 209 ; 2 ; [0.111706944258342] ; [1.1258892740919668]
840 ; 81 ; 209 ; 4 ; [0.79559243031225113] ; [0.11135582943295212]
840 ; 81 ; 209 ; 8 ; [0.78280466236119928] ; [0.27000107334927292]
840 ; 81 ; 209 ; 12 ; [0.69697199538725574] ; [0.28679168728925952]
840 ; 81 ; 209 ; 16 ; [0.1866856168791789] ; [0.32270815222238397]
840 ; 81 ; 209 ; 22 ; [0.57300691646985424] ; [0.0097946681248981451]
840 ; 81 ; 209 ; 23 ; [0.44253908876769982] ; [0.29424033035523689]
840 ; 81 ; 209 ; 25 ; [2.4650234459600755] ; [0.58660552951268907]
840 ; 81 ; 209 ; 41 ; [1.6868526204341099] ; [0.59314187459102596]
840 ; 81 ; 209 ; 42 ; [0.81647583763247467] ; [0.630417513323967]
840 ; 81 ; 210 ; 0 ; [-0.006944454499875477, -0.0052070931823110581, 0.011953851266539915, 0.0063146142900799953] ; [0.12321422019065574, 0.18036462858589042, 0.13210990753298615, 0.11325932108756777]
840 ; 81 ; 211 ; 0 ; [0.061132627589844384, 0.074503372287526126, 0.032868858582714176] ; [0.18421550434575279, 0.22006547498957374, 0.088876894485954663]
840 ; 81 ; 212 ; 0 ; [0.16185938148917095, 0.20712990545620533, 0.14901124021980611] ; [0.082418442455332572, 0.11911956064418291, 0.23963384159282566]
840 ; 81 ; 212 ; 4 ; [0.21475009163840053, 0.65730101130776608] ; [0.20443690586119473, 0.45456253921376211]
840 ; 81 ; 213 ; 0 ; [0.0019843293497187131] ; [0.41083920519811407]
840 ; 81 ; 214 ; 0 ; [-0.0096239398176188699] ; [0.10614475851349811]
840 ; 81 ; 214 ; 2 ; [0.63509756177152588] ; [0.48963255503515962]
840 ; 81 ; 215 ; 0 ; [0.21967149283283272, 0.14690571572064526, 0.039589344058569537, -0.0029473006038967598] ; [0.22669838559039857, 0.20862297669586113, 0.27007775819689622, 0.063145376546735993]
840 ; 81 ; 215 ; 1 ; [0.4559483905344936] ; [0.073163435729673751]
840 ; 81 ; 216 ; 0 ; [0.46686880244064005, 0.47982560438328753] ; [0.18700710130990769, 0.8964612203775485]
840 ; 81 ; 216 ; 1 ; [0.23690797797798449] ; [0.14822570319635808]
840 ; 81 ; 216 ; 2 ; [0.44038214050216007, 0.28458570844009273] ; [0.12645931710400601, 0.63859558497189861]
840 ; 81 ; 217 ; 0 ; [0.18881325809201147] ; [0.77876094110131577]
840 ; 81 ; 217 ; 2 ; [1.5162695033257427] ; [2.5372512481956213]
840 ; 81 ; 218 ; 0 ; [0.10194115486121146, 0.24769954894484666, 0.063409607765953335] ; [0.18510726575041267, 0.21361090765593155, 0.13281721833774462]
840 ; 81 ; 219 ; 0 ; [0.52617756201393617] ; [0.039903922537370545]
840 ; 81 ; 220 ; 0 ; [0.076183159942935536, 0.022886293099077817] ; [0.48825602703765009, 0.22728996415921768]
840 ; 81 ; 220 ; 1 ; [0.92523631085181712] ; [0.85509578153551513]
840 ; 81 ; 220 ; 3 ; [0.21347277157335004] ; [0.13110145719212071]
840 ; 81 ; 221 ; 0 ; [0.43911124969360804] ; [0.58223276683515657]
840 ; 81 ; 221 ; 1 ; [0.33411868680025691] ; [0.59133730234338222]
840 ; 81 ; 221 ; 2 ; [0.18908281830852228] ; [0.19795949390925233]
840 ; 81 ; 223 ; 1 ; [2.8546005834506576] ; [1.0370680707868478]
840 ; 81 ; 223 ; 10 ; [1.4988748472280047] ; [1.8090919484136401]
840 ; 81 ; 224 ; 0 ; [0.16681820370430545, 0.15603120993324482, 0.089594530780684911] ; [0.28713404938104969, 0.43889349068711453, 0.65501198161731322]
840 ; 81 ; 224 ; 1 ; [0.98996238850116913] ; [0.026984413299346949]
840 ; 81 ; 225 ; 0 ; [3.6277033601232604] ; [0.73835674115673466]
840 ; 81 ; 225 ; 1 ; [0.35359215338615951, 0.094586258402148793] ; [0.14102134774897332, 0.17075072543829473]
840 ; 81 ; 225 ; 2 ; [0.61224246175124131] ; [0.12839258926841493]
840 ; 81 ; 227 ; 0 ; [0.054717184363429608, 0.049921823409021834] ; [0.36974680962271522, 0.12646398025683853]
840 ; 81 ; 228 ; 2 ; [-0.00013989964054155957] ; [-0.0086125706926513286]
840 ; 81 ; 228 ; 3 ; [1.4836786468617957] ; [0.88466526037086846]
840 ; 81 ; 229 ; 0 ; [0.20071516221650293, 0.11449391482433968, 0.23136237339241794] ; [0.19086316964416511, 0.25677314354211417, 0.19534123583413188]
840 ; 81 ; 229 ; 1 ; [0.37142394053821243] ; [0.12526065997640409]
840 ; 81 ; 230 ; 0 ; [0.26169189101792217, 0.07730765951706943] ; [0.30509986993269878, 0.092009271719343658]
840 ; 81 ; 231 ; 0 ; [0.5431468109753167] ; [0.66058637547236931]
840 ; 81 ; 231 ; 3 ; [0.049585852344432628] ; [0.2148592364001331]
840 ; 81 ; 231 ; 6 ; [1.5178407906917732] ; [1.5631699686157807]
840 ; 81 ; 232 ; 0 ; [0.20728147079245648, 0.53991409564360315] ; [0.18505541850621621, 0.12590627996803166]
840 ; 81 ; 233 ; 0 ; [0.61860202121255004] ; [0.049451623541493309]
840 ; 81 ; 233 ; 1 ; [0.30406261901437087] ; [0.13406149138042556]
840 ; 81 ; 233 ; 2 ; [0.86105220750652633] ; [0.15030675499780055]
840 ; 81 ; 235 ; 6 ; [0.65958858508811047, 0.73968190201533457] ; [0.40893297593788958, 0.83141284643821733]
840 ; 81 ; 236 ; 1 ; [0.37281340856889944] ; [-0.044245504558365532]
840 ; 81 ; 237 ; 1 ; [1.2334202469899411] ; [2.485464329807344]
840 ; 81 ; 237 ; 3 ; [1.7624484380227181] ; [1.2785556391181558]
840 ; 81 ; 237 ; 5 ; [2.1669435531611057] ; [1.9423922513995016]
840 ; 81 ; 237 ; 13 ; [2.722685456716968] ; [1.6646898243534711]
840 ; 81 ; 237 ; 15 ; [1.8397427492901057] ; [2.2246773630509233]
840 ; 81 ; 237 ; 16 ; [3.5926328187890042] ; [1.2820856330759973]
840 ; 81 ; 237 ; 20 ; [2.1106491976530202] ; [1.2999012213880554]
840 ; 81 ; 238 ; 0 ; [0.22742430153877455, 0.29866090362047776, 0.25147280052314686, 0.426915882335966] ; [0.19904093726624358, 0.18275567403690943, 0.18969814327074386, 0.35838436498576248]
840 ; 81 ; 239 ; 0 ; [0.23166100596309783, 0.20857247412024638, 0.44368689517368937] ; [0.31233565827707144, 0.48400395953216596, 0.11847225799176318]
840 ; 81 ; 239 ; 1 ; [0.17191654573443232] ; [0.29048549339995633]
840 ; 81 ; 241 ; 1 ; [0.05900531404135767, 0.043736468928265902] ; [0.2189482820245664, 0.31713726930851172]
840 ; 81 ; 244 ; 1 ; [0.24509256929449919, 0.35001723341459201, 0.52782703394413311] ; [0.27096672691190876, 0.18770300848625532, 0.51728534013153926]
840 ; 81 ; 245 ; 0 ; [0.062126327312950508, 0.18052255868836278, 0.21441320430408795, -0.0045653478514909012] ; [0.1484734828076727, 0.70257233527457674, 0.11750230966939602, 0.21278302280100367]
840 ; 81 ; 245 ; 1 ; [0.028695231372815263] ; [0.1595998447714421]
840 ; 81 ; 246 ; 0 ; [0.52865676096869829] ; [0.27206742416113083]
840 ; 81 ; 246 ; 11 ; [2.4239477350221521] ; [1.4802146436251715]
840 ; 81 ; 246 ; 14 ; [3.0444459526131662] ; [0.50509046980658112]
840 ; 81 ; 247 ; 0 ; [0.028465385486709398, 0.022832175745296623] ; [0.2156396140058402, 0.20138770398090333]
840 ; 81 ; 248 ; 0 ; [0.16928847543339004, 0.13320220516801032, 0.18712075661961622, 0.079898193501493797, 0.045275629116806791] ; [0.22483160909275637, 0.14043032529405131, 0.1689809166957153, 0.11899750616189658, 0.029575535017036761]
840 ; 81 ; 249 ; 0 ; [0.017870104582002184, 0.024106954187407884, 0.051210213808576328] ; [0.18397274297750379, 0.21497816760691396, 0.13703497961170041]
840 ; 81 ; 250 ; 1 ; [-0.095268381997170151] ; [2.2347265586539735]
840 ; 81 ; 251 ; 0 ; [0.27258078332464525] ; [0.027218109848996266]
840 ; 81 ; 251 ; 4 ; [0.21312750948745418] ; [0.025107154225602914]
840 ; 81 ; 251 ; 6 ; [2.2221063286652005] ; [-0.037730848666728746]
840 ; 81 ; 252 ; 0 ; [0.19211864562625394] ; [0.5131523638911939]
840 ; 81 ; 252 ; 1 ; [0.34167021337071207] ; [0.12678481031265593]
840 ; 81 ; 253 ; 0 ; [0.63446625815999791] ; [0.77940599211126971]
840 ; 81 ; 253 ; 1 ; [0.34117943487588703] ; [0.44241688246123251]
840 ; 81 ; 253 ; 2 ; [0.76720042802158184] ; [0.54627281108314241]
840 ; 81 ; 253 ; 3 ; [1.3297145885997896] ; [0.67787700927599637]
840 ; 81 ; 253 ; 9 ; [0.63628857426075447] ; [0.30629921999921755]
840 ; 81 ; 255 ; 0 ; [0.20952214669021019, 0.215205709788618, 0.25772917259111355, 0.084103262218024583] ; [0.31886651058340232, 0.13317288615680312, 0.19005166701492024, 0.10306777021128949]
840 ; 81 ; 255 ; 1 ; [0.11228351693297611] ; [-0.0056915237283812394]
840 ; 81 ; 256 ; 0 ; [0.55904012582928309, 0.21413918086201406, 0.22768957348993249, 0.18676278120494241, 0.19334125251577344] ; [0.29024867878074567, 0.19064622661565189, 0.31555004067618492, 0.14331821290706298, 0.095853838145902037]
840 ; 81 ; 256 ; 1 ; [0.49499706826627798, 0.0015243028704541273] ; [0.19596522348007564, 0.13846426200030137]
840 ; 81 ; 257 ; 0 ; [0.91964183554499424, 0.16785332102642425, 0.1742468394414074, 0.26920057564549049] ; [0.021054457165863322, 0.16415325953034313, 0.12062181693916876, 0.30192982076220859]
840 ; 81 ; 257 ; 1 ; [0.32278052730591761, 0.14580172072832298] ; [0.13980463617961711, 0.38118298463582362]
840 ; 81 ; 257 ; 2 ; [0.32484443661012402] ; [0.17382333986915011]
840 ; 81 ; 257 ; 3 ; [0.089833194312837289] ; [0.20804317075423653]
840 ; 81 ; 257 ; 9 ; [1.1188774816179099] ; [0.31028944861009583]
840 ; 81 ; 258 ; 0 ; [0.88463151088579506] ; [1.4548104438219513]
840 ; 81 ; 258 ; 3 ; [2.4416957314147889] ; [2.1212114412190255]
840 ; 81 ; 258 ; 4 ; [1.164937792699746] ; [1.4152821352877458]
840 ; 81 ; 259 ; 0 ; [0.4315139462167728, 0.57648471475654117] ; [0.37832175732239914, 1.0474891402787836]
840 ; 81 ; 260 ; 0 ; [0.099003247262893099] ; [0.14087787310498945]
840 ; 81 ; 263 ; 0 ; [0.33442944769019145, 0.19138884391089112] ; [0.39287021328660204, 0.23703410249589879]
840 ; 81 ; 263 ; 1 ; [0.017686329926155316] ; [1.3217427310047232]
840 ; 81 ; 263 ; 2 ; [4.6793549283503051] ; [1.8147236674336249]
840 ; 81 ; 263 ; 3 ; [3.5473927969243775] ; [2.6102279951255403]
840 ; 81 ; 264 ; 2 ; [1.5274228562192096] ; [1.7800336866605724]
840 ; 81 ; 264 ; 3 ; [1.8329517815725473] ; [0.57221518470746646]
840 ; 81 ; 264 ; 4 ; [3.4886589138115176] ; [1.9000987397884064]
840 ; 81 ; 264 ; 5 ; [1.3490770810202879] ; [2.8864899652576828]
840 ; 81 ; 264 ; 7 ; [1.9714979325992543] ; [3.9645266714332932]
840 ; 81 ; 264 ; 8 ; [2.8938573535683458] ; [0.12941595730156927]
840 ; 81 ; 264 ; 11 ; [2.4036364071004126] ; [1.6439445952848744]
840 ; 81 ; 265 ; 0 ; [0.035414251754323535, 0.020368707823270233] ; [0.1114097953587659, 0.13340263367078453]
840 ; 81 ; 265 ; 1 ; [0.71008409511733428] ; [0.66595235615850368]
840 ; 81 ; 265 ; 2 ; [0.41313421663482874] ; [0.7471360353030726]
840 ; 81 ; 265 ; 3 ; [0.78937503584381719] ; [0.05364718426276846]
840 ; 81 ; 265 ; 8 ; [0.34689283333067739, 0.60315238463393872] ; [0.19630702369979078, -0.0059045154047814297]
840 ; 81 ; 266 ; 0 ; [0.53516050853595598] ; [0.34288534998853837]
840 ; 81 ; 266 ; 1 ; [4.2583776621425669] ; [1.2336854517909437]
840 ; 81 ; 266 ; 3 ; [2.0989424109082271] ; [0.77806059587236676]
840 ; 81 ; 266 ; 5 ; [0.0026956623414297076] ; [0.0414447375256169]
840 ; 81 ; 266 ; 6 ; [3.1932714027564355] ; [1.246116202158029]
840 ; 81 ; 266 ; 7 ; [1.1580008457801534] ; [0.61487822755239774]
840 ; 81 ; 267 ; 0 ; [0.30454484481073751, 0.25884820474414055, 0.10251032414996419] ; [0.26326246398011943, 0.18042378898006647, 0.099351158117830879]
840 ; 81 ; 267 ; 1 ; [0.13103500941548943] ; [0.069079516736296157]
840 ; 81 ; 268 ; 0 ; [-0.0029352548520450855, -0.005266843724059481, 0.062225260822774228, 0.35194466426460563, 0.22649512092641183] ; [0.032587867692183289, 0.2394712143238954, 0.22303031916572807, 0.43504553395458023, 0.74202058948179428]
840 ; 81 ; 269 ; 1 ; [3.2156779616910169] ; [1.545218614069277]
840 ; 81 ; 269 ; 8 ; [1.6159068100354337] ; [2.070180105709468]
840 ; 81 ; 269 ; 13 ; [1.1766140281888364] ; [1.7595027592049488]
840 ; 81 ; 269 ; 15 ; [2.2243990734253902] ; [1.6949711315611056]
840 ; 81 ; 270 ; 0 ; [0.56833274804389866] ; [0.16506123580027299]
840 ; 81 ; 270 ; 1 ; [0.44349393852787194] ; [-0.0075782067171501341]
840 ; 81 ; 271 ; 0 ; [0.2326637340175946] ; [0.15805720475127535]
840 ; 81 ; 271 ; 1 ; [0.49126369423011096] ; [0.45071321613770982]
840 ; 81 ; 271 ; 3 ; [0.53937054172106791] ; [0.32798950222304019]
840 ; 81 ; 272 ; 0 ; [0.024362447159050764] ; [0.0085046387546032429]
840 ; 81 ; 272 ; 4 ; [-0.0098795649354677592] ; [0.049379695953508343]
840 ; 81 ; 273 ; 12 ; [0.2685355381842584] ; [0.35045709052163426]
840 ; 81 ; 274 ; 0 ; [0.0066034800052457657, -0.0054527533348031993, 0.071930108844294863, 0.40004876623649788] ; [0.16007333798204992, 0.2033303104532739, 0.26890236945291524, 0.58915955454621882]
840 ; 81 ; 275 ; 0 ; [0.5390258168381058] ; [0.19220528637680495]
840 ; 81 ; 275 ; 3 ; [-0.0036655259558457131] ; [0.58224142259664902]
840 ; 81 ; 275 ; 5 ; [0.8139924548687989] ; [0.015652606151199396]
840 ; 81 ; 276 ; 0 ; [0.20814664468110849, 0.1526525096526935, 0.089353460864407944] ; [0.39550823450472922, 0.1997849279651982, 0.17353179212351169]
840 ; 81 ; 277 ; 1 ; [27.709839554125427] ; [0.017837123006773793]
840 ; 81 ; 277 ; 5 ; [0.023384732566064142] ; [-0.00915528030482975]
840 ; 81 ; 278 ; 0 ; [0.10134732575003641, 0.46310183039131325] ; [0.13884712021859238, 0.17757761619730233]
840 ; 81 ; 278 ; 1 ; [0.38713210143773097] ; [0.43023461674227048]
840 ; 81 ; 278 ; 2 ; [0.18179951582657053] ; [0.023424570317557437]
840 ; 81 ; 278 ; 3 ; [0.052276156137199561] ; [0.33585539029721684]
840 ; 81 ; 279 ; 0 ; [0.077328842332214584] ; [0.19866720791363909]
840 ; 81 ; 279 ; 4 ; [0.041547079120585757, 0.17753738167091451, 0.37890867125578204] ; [0.097761207156994295, 0.1504340518289933, 0.66027887821521514]
840 ; 81 ; 280 ; 1 ; [0.37273498644594782] ; [0.52677887525496836]
840 ; 81 ; 280 ; 3 ; [0.38734560822072239] ; [2.254260058039093]
840 ; 81 ; 280 ; 5 ; [0.8699069974513538] ; [-0.17152070260830204]
840 ; 81 ; 280 ; 6 ; [0.5409562222499128] ; [0.92644356218184565]
840 ; 81 ; 281 ; 0 ; [0.27287282687721726, 0.15748966547971696, 0.12441456118718634] ; [0.7262339737010689, 0.48856753450398416, 0.1907799960709676]
840 ; 81 ; 281 ; 1 ; [0.056594425092782827] ; [0.11981393688120612]
840 ; 81 ; 281 ; 2 ; [0.051247929785715289] ; [0.28323695339513405]
840 ; 81 ; 282 ; 0 ; [0.10871768032832752, 0.23427077501534818, 0.15827518464173462, 0.18535185378105817, 0.16860959327343636] ; [0.1339758808197995, 0.24379055766635033, 0.15951329877650627, 0.14677612159972889, 0.18251980650922672]
840 ; 81 ; 283 ; 0 ; [0.49665175258956212] ; [0.49442678261234241]
840 ; 81 ; 283 ; 2 ; [0.6218754935679377] ; [0.45187902421396775]
840 ; 81 ; 284 ; 0 ; [0.12786037558799351, 0.15319830360981271, 0.073474103339399882] ; [0.12954220845957026, 0.18805337040628084, 0.16996038316801951]
840 ; 81 ; 284 ; 1 ; [0.092026093266159209, 0.0064502714732858849] ; [0.19735844054978852, 0.14922858746647008]
840 ; 81 ; 285 ; 0 ; [1.4538083589847042] ; [0.19299365078883543]
840 ; 81 ; 285 ; 1 ; [2.6053903415987612] ; [0.17754216857528218]
840 ; 81 ; 285 ; 2 ; [1.2338728067316727] ; [0.27044141397298049]
840 ; 81 ; 285 ; 4 ; [0.12323897525743259] ; [0.33640832808657051]
840 ; 81 ; 287 ; 0 ; [0.059607723291291055, 0.015173177183139158, 0.2440860507110281] ; [0.2368575359262961, 0.22853105335406368, 0.12968168289253995]
840 ; 81 ; 287 ; 1 ; [0.068346997022152828] ; [0.04544035746208392]
840 ; 81 ; 288 ; 0 ; [0.10790126494800018, 0.013581593368364779] ; [0.34569932297563893, 0.11067016002755774]
840 ; 81 ; 288 ; 1 ; [0.099777629768690021] ; [0.23924290693732531]
840 ; 81 ; 289 ; 0 ; [0.39186780954128442] ; [0.58658058675606717]
840 ; 81 ; 290 ; 0 ; [0.11966140378004107, 0.14320195887170761, 0.070337169146704515] ; [0.42768248974889944, 0.32559943157102089, 0.14462464067505335]
840 ; 81 ; 291 ; 0 ; [0.41488767126633708, -0.023183295077571636, 0.0023328787815202197, 0.0123419879252785] ; [0.38221392369047597, 0.22942569176768565, 0.37220776113811388, 0.057908410217348827]
840 ; 81 ; 292 ; 0 ; [0.50048226776440319] ; [0.33336102301569648]
840 ; 81 ; 292 ; 1 ; [0.091909151663195521] ; [0.070673082581056076]
840 ; 81 ; 292 ; 9 ; [0.91397943108089941] ; [1.4145888501075361]
840 ; 81 ; 293 ; 0 ; [0.22601551919097954] ; [2.2388276240506282]
840 ; 81 ; 294 ; 1 ; [0.067495052369858102, 0.45588230876024782, 0.26819996354499342] ; [0.33378857301782189, 0.43499442154554324, 0.66992113079021309]
840 ; 81 ; 295 ; 0 ; [0.07880706792463324] ; [0.19866352752854174]
840 ; 81 ; 295 ; 2 ; [1.6384950715204329] ; [1.1472011672598776]
840 ; 81 ; 296 ; 0 ; [0.20284077100594008, 0.1079531268722279, 0.012524787414837186, -0.0020509616707403296] ; [0.58849273179585482, 1.430592473674664, 0.18507608229180394, 0.045920608370589651]
840 ; 81 ; 298 ; 0 ; [0.39612054900353438] ; [0.57938107627771984]
840 ; 81 ; 298 ; 1 ; [0.29414720142169454] ; [-0.026302624094503582]
840 ; 81 ; 298 ; 2 ; [1.7073754816998565] ; [0.1290858720157724]
840 ; 81 ; 298 ; 3 ; [0.40312042066904102] ; [1.4823615805172434]
840 ; 81 ; 298 ; 6 ; [2.9103271919097016] ; [1.164589416189528]
840 ; 81 ; 299 ; 0 ; [0.25647710899567666, 0.060606757134737378] ; [0.2034433653861859, 0.22672426766754453]
840 ; 81 ; 300 ; 0 ; [0.001461563565882546, -0.00060748715786172497, 0.064284324450647135, 0.023343761328914799] ; [0.17906667624277303, 0.25712609956333571, 0.17786197133559156, 0.096989182835737861]
840 ; 81 ; 301 ; 0 ; [0.37413643701094657] ; [0.7656587939790892]
840 ; 81 ; 301 ; 6 ; [0.39954295903605097] ; [2.56894795752094]
840 ; 81 ; 302 ; 1 ; [1.1089351926361988] ; [0.631019730745079]
840 ; 81 ; 302 ; 2 ; [0.41905705414844446] ; [0.64138719972515013]
840 ; 81 ; 302 ; 4 ; [0.33073488217249791] ; [0.068234517784839049]
840 ; 81 ; 302 ; 5 ; [0.19795751908275547] ; [0.57909724289101661]
840 ; 81 ; 302 ; 9 ; [0.80536448922316661] ; [0.50552166183914715]
840 ; 81 ; 304 ; 0 ; [0.00751152362828363] ; [0.12891587450599942]
840 ; 81 ; 305 ; 0 ; [0.080287806855989158, -0.0044617866421268939, -0.016468917503571687] ; [0.22577859554606039, 0.21464099848438298, 0.041370341146002562]
840 ; 81 ; 306 ; 0 ; [0.83082655741735567] ; [0.35506924980729032]
840 ; 81 ; 306 ; 2 ; [0.67224886355732749] ; [0.31521318685977867]
840 ; 81 ; 306 ; 3 ; [0.1088299026371093] ; [-0.00083389587124906711]
840 ; 81 ; 306 ; 4 ; [0.019189230294404599] ; [0.39886472583488586]
840 ; 81 ; 306 ; 6 ; [5.224637864176386] ; [0.093943949051864567]
840 ; 81 ; 306 ; 9 ; [0.36367078640030104] ; [0.16670650839094059]
840 ; 81 ; 306 ; 13 ; [1.5228679251507073] ; [0.30897571797367374]
840 ; 81 ; 306 ; 16 ; [0.79336621444831312] ; [0.28867779003524296]
840 ; 81 ; 306 ; 17 ; [0.37534937816326125] ; [0.25837154958222969]
840 ; 81 ; 308 ; 0 ; [0.02255877493713512, 0.0090378927971948349, 0.039703269322731202] ; [0.30081030577140266, 0.16410198853323932, 0.097990613184671005]
840 ; 81 ; 309 ; 0 ; [0.15063682827516001, 0.38103993224178861, 0.35599646841401528] ; [0.2558214907969743, 0.41427410707365858, 0.39214235808694503]
840 ; 81 ; 310 ; 0 ; [0.1374248860450176] ; [0.54085137717361309]
840 ; 81 ; 310 ; 3 ; [0.096160351711076605] ; [6.1657194345537052]
840 ; 81 ; 311 ; 0 ; [0.062432618744787761, 0.075956255861191341, 0.3518378805727439, 0.00046361735069819248] ; [0.2807707123373035, 0.52064124474915308, 0.40019458447914674, 0.1547162940078167]
840 ; 81 ; 312 ; 2 ; [1.0335350524154485] ; [0.62893942983282058]
840 ; 81 ; 312 ; 3 ; [0.76261991354145631] ; [0.74948082394328508]
840 ; 81 ; 313 ; 0 ; [0.50555508006224636, 0.4334226052727761, 0.96519492470552493, 0.19102770489022514] ; [0.85257110406389913, 0.47192955729748121, 0.37789136353097752, 0.34712972499596689]
840 ; 81 ; 313 ; 1 ; [5.5072623643998453] ; [0.76110934696487376]
840 ; 81 ; 313 ; 6 ; [0.6176459926990765] ; [1.9225542391711896]
840 ; 81 ; 314 ; 2 ; [1.4388660791287877] ; [0.95800821707526829]
840 ; 81 ; 314 ; 3 ; [0.25560467929924724] ; [0.11008849054675578]
840 ; 81 ; 314 ; 4 ; [0.40727270654423053] ; [0.45958656839596668]
840 ; 81 ; 314 ; 5 ; [0.46005072140491071] ; [0.45853402590495457]
840 ; 81 ; 315 ; 0 ; [0.072757785156992147] ; [0.22084626924864703]
840 ; 81 ; 315 ; 1 ; [0.16158829765650928, 0.19514594108585664] ; [0.19788674405917264, 0.19871988294743395]
840 ; 81 ; 316 ; 0 ; [0.14673470645855591, 0.13549069123432017, 0.10092505519729525, 0.16781288734132505] ; [0.17227740317922993, 0.2521908828413299, 0.18154074661053968, 0.10120914131920332]
840 ; 81 ; 317 ; 0 ; [0.20413384846904517, 0.10553276763864887, 0.078790123689774644] ; [0.48962771532644928, 0.15597902445310674, 0.030734548116792909]
840 ; 81 ; 318 ; 1 ; [0.089884306448198975] ; [0.072904586374991961]
840 ; 81 ; 318 ; 4 ; [2.2299286677224819] ; [1.1248008946240049]
840 ; 81 ; 318 ; 5 ; [1.1847221701844977] ; [0.89584874303279038]
840 ; 81 ; 318 ; 15 ; [1.0734905681707496] ; [1.0187158365585092]
840 ; 81 ; 318 ; 21 ; [0.32020595659696799] ; [1.7832384120157545]
840 ; 81 ; 318 ; 22 ; [1.1042956826109211] ; [3.3063555928949371]
840 ; 81 ; 319 ; 0 ; [0.099063651318228987] ; [0.17565855202926661]
840 ; 81 ; 320 ; 0 ; [0.035716674099794163] ; [0.16203747948563449]
840 ; 81 ; 321 ; 0 ; [-0.00095062456136539803, -0.0087950980219215491] ; [0.2188364478338452, 0.20618242418153906]
840 ; 81 ; 322 ; 0 ; [0.56347528107026068] ; [0.4717190318284753]
840 ; 81 ; 322 ; 1 ; [0.67901896679717355] ; [0.40852123497951975]
840 ; 81 ; 323 ; 0 ; [1.3453525517383695] ; [0.1081064792190978]
840 ; 81 ; 323 ; 11 ; [1.097643785390497] ; [2.0090602149231915]
840 ; 81 ; 324 ; 0 ; [0.60025442031130272] ; [0.022822964496712467]
840 ; 81 ; 325 ; 0 ; [0.35014273309367422] ; [0.0022454328802571618]
840 ; 81 ; 326 ; 0 ; [0.24132018024102328, 0.24853351990068154, 0.51853848427742666] ; [0.20415695368174969, 0.21496782176449339, 0.11776615176151405]
840 ; 81 ; 326 ; 1 ; [0.11516677877112003] ; [0.096680397095944962]
840 ; 81 ; 326 ; 2 ; [0.23289044077175866] ; [0.00086240494539339442]
840 ; 81 ; 327 ; 0 ; [0.12287157370515638, 0.43500790541808515] ; [0.20143991571994579, 0.18193800467581317]
840 ; 81 ; 328 ; 0 ; [1.1680486152622642] ; [0.54260560013557213]
840 ; 81 ; 328 ; 5 ; [0.011285055527260836] ; [1.1423042921651154]
840 ; 81 ; 330 ; 0 ; [0.00016386230780581594, 0.0032464356199953573] ; [0.29192985179262299, 0.2178818690824863]
840 ; 81 ; 330 ; 1 ; [0.02670460568595159] ; [0.047554962723475556]
840 ; 81 ; 331 ; 0 ; [0.2318059202248885, 0.13102296859817691, 0.10365643273216141, 0.15931183928671053] ; [0.47245522081937047, 0.24172412217011269, 0.1435847819630702, 0.17951645441648592]
840 ; 81 ; 332 ; 0 ; [0.11246913136693955] ; [0.2261096176628847]
840 ; 81 ; 332 ; 1 ; [0.69517373117047598] ; [1.1060175064700943]
840 ; 81 ; 333 ; 0 ; [0.041587175210057177] ; [0.23551487573379545]
840 ; 81 ; 334 ; 0 ; [0.30681233451329604, 0.33238620254946294, 0.44364167419263922] ; [0.28358818417924547, 0.20621069331534644, 0.53577183398117667]