# Run ; Subrun ; Event ; Track ; Charge Ratios View 0 ; Charge Ratios View 1 #
840 ; 91 ; 0 ; 0 ; [41.276414268403244, 7.4151522835651651, 4.0038420768825445] ; [0.27355006655656933, 0.16564700097535176, 0.15899519025975195]
840 ; 91 ; 0 ; 1 ; [0.2353500900480843, 0.37839603712383985] ; [0.33211420878577586, 0.22634915224671692]
840 ; 91 ; 1 ; 0 ; [0.0044699208011706668, 0.011353463404812586] ; [0.022614595493826096, 0.046080938084903267]
840 ; 91 ; 1 ; 1 ; [0.14494085914312735] ; [0.031829080096927628]
840 ; 91 ; 2 ; 1 ; [2.6405198402996715] ; [1.4597614647889252]
840 ; 91 ; 2 ; 3 ; [0.22748003758148705] ; [0.46684238413412793]
840 ; 91 ; 3 ; 0 ; [0.086564736033867482, 0.055506795327986275, 0.064052558477511873] ; [0.15605957176339019, 0.20803223501157259, 0.10656258320246037]
840 ; 91 ; 3 ; 1 ; [0.01031749569220896] ; [0.061542337883835424]
840 ; 91 ; 4 ; 0 ; [0.36639693433694737, 0.37753471356611751] ; [0.12727025934190844, 0.17810215125662374]
840 ; 91 ; 4 ; 1 ; [0.43797892755448142] ; [0.074665986845858442]
840 ; 91 ; 4 ; 2 ; [0.34784554416022517] ; [0.005249919888854036]
840 ; 91 ; 4 ; 3 ; [1.8339317913267039] ; [0.053620972664275748]
840 ; 91 ; 4 ; 4 ; [0.98574000449913668] ; [0.19780189132920833]
840 ; 91 ; 4 ; 5 ; [0.35981319262229017] ; [0.44597995662365647]
840 ; 91 ; 4 ; 7 ; [0.50734886333618523] ; [-0.0015612385701010056]
840 ; 91 ; 5 ; 0 ; [-52.603798959971833, 0.65934537267205062] ; [1.1458369351550832, 2.4160924737385368]
840 ; 91 ; 5 ; 3 ; [0.055411390555725762] ; [0.1334914545645049]
840 ; 91 ; 5 ; 7 ; [0.019261907728451481] ; [0.68834142072184079]
840 ; 91 ; 5 ; 8 ; [0.62564889819638647] ; [0.18143315095162724]
840 ; 91 ; 5 ; 10 ; [0.73125981132021578] ; [0.80960013381517615]
840 ; 91 ; 6 ; 3 ; [1.1419330603264632] ; [1.3575029391689963]
840 ; 91 ; 6 ; 5 ; [0.042951763264795384] ; [1.5444604794546597]
840 ; 91 ; 7 ; 0 ; [0.41568201917083841] ; [0.3819105623986721]
840 ; 91 ; 7 ; 1 ; [0.1448322275859544] ; [0.032057160864973983]
840 ; 91 ; 7 ; 3 ; [1.0529628429002149] ; [1.5010349866767492]
840 ; 91 ; 7 ; 9 ; [0.53872394756681385] ; [2.5243402163260149]
840 ; 91 ; 7 ; 10 ; [-0.093230064028600484] ; [1.6275669182767669]
840 ; 91 ; 7 ; 11 ; [-0.10166778820751338] ; [1.3265824366858514]
840 ; 91 ; 8 ; 0 ; [0.17242177833556963] ; [0.28355052882051845]
840 ; 91 ; 9 ; 0 ; [0.20978840121325854, 0.1703005208302236, 0.41655709669253616, 0.059939596105001429] ; [0.20890677395878446, 0.25090669340395499, 0.43228407854801321, 0.14187089813583131]
840 ; 91 ; 9 ; 1 ; [0.6440070855429566] ; [0.076939566670533435]
840 ; 91 ; 10 ; 0 ; [0.12828772584853793, 0.17373746927835476] ; [0.38059077884078468, 0.14273320489284713]
840 ; 91 ; 10 ; 1 ; [0.59541149924492354] ; [0.25649111797763668]
840 ; 91 ; 10 ; 2 ; [0.0067395430979519215] ; [0.0086570380388051558]
840 ; 91 ; 10 ; 5 ; [0.33447210888247991] ; [0.18163163733698023]
840 ; 91 ; 10 ; 6 ; [0.044177249551258478] ; [0.086176807183678761]
840 ; 91 ; 11 ; 0 ; [0.27219070411631935] ; [0.023467005026613294]
840 ; 91 ; 11 ; 1 ; [0.86450287891447719] ; [0.18702864567236957]
840 ; 91 ; 11 ; 2 ; [0.3892882430668187] ; [0.27706525712769442]
840 ; 91 ; 11 ; 3 ; [2.3294434533833455] ; [0.77601178678253391]
840 ; 91 ; 11 ; 7 ; [1.7291064564861562] ; [0.048710431468968925]
840 ; 91 ; 12 ; 0 ; [2.7023753916345163] ; [0.54473255028836975]
840 ; 91 ; 12 ; 2 ; [1.1355898864552039] ; [1.7966738006925285]
840 ; 91 ; 12 ; 5 ; [0.5595573323941827] ; [1.862861322936709]
840 ; 91 ; 12 ; 7 ; [1.1606057002195005] ; [1.8940840991486401]
840 ; 91 ; 12 ; 9 ; [1.6147549559306382] ; [0.88449501552488474]
840 ; 91 ; 12 ; 10 ; [1.8356083386316542] ; [2.8430600979582263]
840 ; 91 ; 12 ; 16 ; [1.5594193559783911] ; [1.2685016137020841]
840 ; 91 ; 12 ; 18 ; [5.275311253804615] ; [2.261504800516597]
840 ; 91 ; 12 ; 20 ; [0.29695238768465643] ; [1.6879032686059536]
840 ; 91 ; 12 ; 24 ; [2.5628085289159839] ; [0.75611825329094007]
840 ; 91 ; 12 ; 26 ; [5.268384529138805] ; [1.9620400597408048]
840 ; 91 ; 12 ; 29 ; [3.5437660356722529] ; [0.48563476581207998]
840 ; 91 ; 12 ; 30 ; [1.5309454315123963] ; [1.058833798461887]
840 ; 91 ; 12 ; 32 ; [1.2525900877849885] ; [1.831037090224628]
840 ; 91 ; 12 ; 34 ; [3.8086055280394233] ; [1.0114919217409697]
840 ; 91 ; 12 ; 35 ; [3.1323664972079732] ; [1.5820884714080672]
840 ; 91 ; 12 ; 36 ; [2.4317593531771493] ; [0.040819412854170387]
840 ; 91 ; 12 ; 39 ; [1.8148053109152529] ; [1.2526018997495358]
840 ; 91 ; 12 ; 40 ; [2.4582012062310388] ; [3.7157352296164659]
840 ; 91 ; 12 ; 42 ; [1.9925992807671193] ; [3.4092920876819903]
840 ; 91 ; 12 ; 43 ; [1.2935973549511111] ; [0.49948331014882619]
840 ; 91 ; 12 ; 44 ; [2.4377646772257404] ; [0.0057236177019004911]
840 ; 91 ; 12 ; 45 ; [1.9999639027950307] ; [3.4749919164699916]
840 ; 91 ; 12 ; 47 ; [2.2829328020136597] ; [1.5537707562079028]
840 ; 91 ; 12 ; 53 ; [1.677364643745419] ; [0.43538416729291274]
840 ; 91 ; 12 ; 54 ; [1.117031312602486] ; [1.6871104895535156]
840 ; 91 ; 13 ; 0 ; [0.11383817316461661, 0.11200179421243224, 0.1428722410076099] ; [0.11197232921596492, 0.13028156050216794, 0.048897045870292144]
840 ; 91 ; 14 ; 0 ; [0.95427186637306105] ; [0.73984244805028465]
840 ; 91 ; 15 ; 0 ; [0.72921379902942285] ; [0.58922991322118679]
840 ; 91 ; 15 ; 1 ; [0.79287983988783206] ; [0.15950739723899224]
840 ; 91 ; 15 ; 4 ; [-0.34688455002113361] ; [0.078356942208941127]
840 ; 91 ; 16 ; 0 ; [0.35504300791524546] ; [0.38913326726806935]
840 ; 91 ; 16 ; 1 ; [0.2225018343831992, 0.47058118821995459] ; [0.026558172696049952, 0.48977826209630471]
840 ; 91 ; 16 ; 3 ; [0.59775332114757584] ; [0.13596497388670001]
840 ; 91 ; 16 ; 4 ; [0.29887947598809866] ; [0.094535634087366885]
840 ; 91 ; 16 ; 5 ; [0.63998670151218284] ; [-1.1513157899091606]
840 ; 91 ; 16 ; 10 ; [0.18653523562874977] ; [0.09491490668834919]
840 ; 91 ; 16 ; 13 ; [0.85219681989554996] ; [-1.6338719222972535]
840 ; 91 ; 16 ; 14 ; [-0.82639182451627091] ; [0.27145674731446889]
840 ; 91 ; 16 ; 15 ; [0.50050076999068971] ; [19.854758875132973]
840 ; 91 ; 16 ; 16 ; [3.6758895456902727] ; [2.0465472008289849]
840 ; 91 ; 16 ; 19 ; [-54.340422491832896] ; [0.17787569000733375]
840 ; 91 ; 17 ; 0 ; [0.0034191591812205231] ; [0.033465038520313746]
840 ; 91 ; 17 ; 1 ; [0.084931762337205952] ; [1.8921777793062411]
840 ; 91 ; 17 ; 3 ; [-1.694778075805186] ; [0.64428208828697087]
840 ; 91 ; 18 ; 0 ; [0.34072190644105277] ; [0.29878691920703432]
840 ; 91 ; 18 ; 1 ; [0.15144564969177196] ; [0.47398668915993175]
840 ; 91 ; 18 ; 2 ; [1.5527044034050856] ; [2.6060382538498272]
840 ; 91 ; 18 ; 4 ; [1.3911898371785587] ; [2.1347820012219025]
840 ; 91 ; 19 ; 2 ; [1.3059634321865687] ; [0.072507142155481152]
840 ; 91 ; 20 ; 1 ; [1.5606140051033011] ; [3.1047776854866904]
840 ; 91 ; 20 ; 6 ; [1.9452723033496193] ; [3.0927366711871485]
840 ; 91 ; 20 ; 7 ; [3.393939545147981] ; [2.089649912671161]
840 ; 91 ; 20 ; 15 ; [1.7189365846818818] ; [2.6257996872867806]
840 ; 91 ; 20 ; 16 ; [2.0199964321917023] ; [2.7969127276353452]
840 ; 91 ; 21 ; 0 ; [0.22735361559059442, 0.039123091964736151, 0.40159394417467631] ; [0.21169260366133583, 0.24806565186560617, 0.16313431148351815]
840 ; 91 ; 21 ; 1 ; [0.1032993754337768] ; [0.0358408747194673]
840 ; 91 ; 22 ; 0 ; [0.10602101370212973, 0.0043673687480557223, 0.014813234977171829] ; [0.18088381614119345, 0.23602875378414995, 0.21932011725533787]
840 ; 91 ; 23 ; 0 ; [0.087961314417224226] ; [0.17245187242513838]
840 ; 91 ; 23 ; 1 ; [0.13586895880891836] ; [0.54646026744074339]
840 ; 91 ; 24 ; 1 ; [0.043284510326343444] ; [0.035936514683679983]
840 ; 91 ; 24 ; 6 ; [0.22052209265013942] ; [0.31939345381049788]
840 ; 91 ; 25 ; 0 ; [0.73757501836446981] ; [1.683940453987923]
840 ; 91 ; 25 ; 1 ; [0.72027732264508393] ; [0.2830453234112143]
840 ; 91 ; 25 ; 2 ; [0.78646720480442556] ; [1.7800277482522595]
840 ; 91 ; 25 ; 3 ; [4.3835303165779385] ; [2.4548359668843824]
840 ; 91 ; 25 ; 6 ; [1.793347814923659] ; [1.9510341499778299]
840 ; 91 ; 25 ; 7 ; [1.7954395781584767] ; [1.4384702328633061]
840 ; 91 ; 25 ; 8 ; [2.5482862675171494] ; [1.4518406118063689]
840 ; 91 ; 25 ; 9 ; [1.1311785051150263] ; [2.7949266282825298]
840 ; 91 ; 25 ; 10 ; [1.3738675924598573] ; [1.6438626496784587]
840 ; 91 ; 25 ; 11 ; [2.7313631092087078] ; [-0.24818320354954296]
840 ; 91 ; 25 ; 13 ; [1.9431368675868381] ; [2.1448673867171322]
840 ; 91 ; 25 ; 14 ; [1.2849993745465178] ; [2.2801766133019319]
840 ; 91 ; 25 ; 15 ; [0.75390987213494265] ; [-0.078882421641947364]
840 ; 91 ; 25 ; 21 ; [0.59234772603298658] ; [1.8415581436964705]
840 ; 91 ; 26 ; 0 ; [0.22965485444262701, 0.24682273969814164, 0.34700135376084829, 0.11587213655907783] ; [0.18060788857923649, 0.20181517898528731, 0.26168577761671558, 0.11958198568768102]
840 ; 91 ; 27 ; 0 ; [0.072918001465422211, 0.049059286628528834, 0.061884031113884769, 0.016313349974080266, 0.019985816218260968] ; [0.06672532013280727, 0.26058786434001108, 0.30325880170413549, 0.24104972430510813, 0.09223705668410874]
840 ; 91 ; 28 ; 0 ; [0.011051984069340576] ; [5.3916868930040946]
840 ; 91 ; 28 ; 1 ; [-0.062477628798542253] ; [6.9536922660079616]
840 ; 91 ; 29 ; 0 ; [0.016364913478082034, -0.028156576871430871, 0.053219461344788999, 0.0384167436308816] ; [0.23801000480464954, 0.14040367697545286, 0.37567065622073909, 0.098001271025021625]
840 ; 91 ; 29 ; 1 ; [-0.17002683658907863] ; [0.0057996784759885419]
840 ; 91 ; 30 ; 0 ; [0.56668559293430554] ; [1.8051343502413726]
840 ; 91 ; 30 ; 3 ; [0.66084151052874163] ; [0.69197091020145596]
840 ; 91 ; 30 ; 6 ; [0.95495900670548739] ; [1.529247451707942]
840 ; 91 ; 31 ; 1 ; [3.5810684422580654] ; [1.4811185443338135]
840 ; 91 ; 31 ; 3 ; [3.4493375332681557] ; [1.8510028197251682]
840 ; 91 ; 31 ; 7 ; [0.042460794397225825] ; [2.1476527221407173]
840 ; 91 ; 32 ; 0 ; [0.1575578247329458, 0.19355368305134538, 0.11974367217660303] ; [0.18641169105023134, 0.16312192259512423, 0.1781305150117844]
840 ; 91 ; 33 ; 1 ; [0.37409757540686223] ; [0.2253494976054492]
840 ; 91 ; 33 ; 2 ; [1.5189257438292338] ; [0.89509612154914209]
840 ; 91 ; 33 ; 5 ; [1.0128618605536823] ; [4.6786312338046576]
840 ; 91 ; 34 ; 5 ; [0.55293796727478528] ; [0.24460810592344842]
840 ; 91 ; 34 ; 11 ; [0.093806602625438537] ; [0.46285739178332252]
840 ; 91 ; 34 ; 14 ; [0.013281300190726021] ; [0.41933883325725968]
840 ; 91 ; 34 ; 22 ; [2.5449298284163908] ; [0.48240353781721845]
840 ; 91 ; 35 ; 0 ; [0.44071371953236266, 0.10073573609354024] ; [0.22908563823846884, 0.13288116379094658]
840 ; 91 ; 36 ; 1 ; [0.49469837656566296] ; [0.36975275658586532]
840 ; 91 ; 36 ; 2 ; [0.53710822129760738] ; [0.00058527629031021556]
840 ; 91 ; 36 ; 6 ; [2.2441582949342735] ; [1.910392771146062]
840 ; 91 ; 36 ; 13 ; [0.34886364421819066] ; [2.441840988980831]
840 ; 91 ; 39 ; 0 ; [0.24400467102701273] ; [0.2126462521736312]
840 ; 91 ; 40 ; 0 ; [0.27999732981296621, 0.27654337588560113, 0.32536819377805709, 0.25615378373549108, 0.17993668397845991] ; [0.12803246420947065, 0.24816285633854671, 0.14133912211629351, 0.10498471395785317, 0.14678459810125236]
840 ; 91 ; 41 ; 0 ; [0.43577478731277508] ; [0.0058124431754308682]
840 ; 91 ; 41 ; 1 ; [0.14211014430352187] ; [0.012895885291846607]
840 ; 91 ; 41 ; 2 ; [0.11509235097336384] ; [0.069034596797147948]
840 ; 91 ; 41 ; 6 ; [1.0559527232460262] ; [0.021059562360044842]
840 ; 91 ; 43 ; 2 ; [1.126112865263271] ; [1.304883820633902]
840 ; 91 ; 43 ; 3 ; [0.43109508490144771] ; [0.91372514791704795]
840 ; 91 ; 43 ; 5 ; [-0.057365211996264598] ; [-0.024445313147425696]
840 ; 91 ; 43 ; 8 ; [0.79247489836776586] ; [0.42345261091299047]
840 ; 91 ; 44 ; 0 ; [0.87160625801201819] ; [0.18605731758932073]
840 ; 91 ; 44 ; 1 ; [0.72872162991900968] ; [0.5916834587586004]
840 ; 91 ; 44 ; 10 ; [1.0121559346323681] ; [2.3540629164934694]
840 ; 91 ; 44 ; 15 ; [1.310183592306305] ; [2.032770177735105]
840 ; 91 ; 44 ; 16 ; [1.9534457133962122] ; [2.270623840103525]
840 ; 91 ; 44 ; 18 ; [2.2284624140103353] ; [1.7589637201749821]
840 ; 91 ; 44 ; 20 ; [3.2860108666563894] ; [2.4867776125670775]
840 ; 91 ; 44 ; 21 ; [1.6621233512686806] ; [1.9808660473342035]
840 ; 91 ; 44 ; 22 ; [1.7896872456413178] ; [1.6942527801734231]
840 ; 91 ; 44 ; 23 ; [2.0211568880033934] ; [1.4296820118508042]
840 ; 91 ; 44 ; 24 ; [1.8050875015184311] ; [1.8472643100070101]
840 ; 91 ; 44 ; 27 ; [0.0073360247963410357] ; [2.3723694801532815]
840 ; 91 ; 44 ; 28 ; [1.7422802929122949] ; [1.9185176787780982]
840 ; 91 ; 44 ; 30 ; [2.3645785738698271] ; [1.8464808038800675]
840 ; 91 ; 44 ; 33 ; [0.020434099384942159] ; [1.5878957374240061]
840 ; 91 ; 44 ; 34 ; [-0.014809937544371954] ; [1.5015376536601568]
840 ; 91 ; 44 ; 36 ; [1.8594401409293244] ; [2.4641016427270328]
840 ; 91 ; 44 ; 39 ; [2.0118527048635126] ; [1.7604598932083579]
840 ; 91 ; 45 ; 0 ; [0.1751923921502567] ; [0.12425127000601396]
840 ; 91 ; 45 ; 3 ; [2.1676122641945721] ; [0.47363687760435408]
840 ; 91 ; 45 ; 4 ; [0.91987229843911633] ; [1.5889125459853102]
840 ; 91 ; 45 ; 6 ; [1.0877416928410437] ; [5.3653595957371722]
840 ; 91 ; 45 ; 8 ; [0.78333349858577694] ; [0.58586427256635554]
840 ; 91 ; 45 ; 10 ; [0.068275428144218567] ; [1.5451474011534398]
840 ; 91 ; 45 ; 13 ; [3.9216788401594047] ; [0.9099874383412434]
840 ; 91 ; 45 ; 17 ; [0.24245874969650363] ; [1.4645986402314579]
840 ; 91 ; 45 ; 24 ; [1.1583980382739347] ; [6.9234297573522792]
840 ; 91 ; 45 ; 25 ; [4.9122406487367458] ; [0.87639574903439244]
840 ; 91 ; 45 ; 26 ; [2.817605851413282] ; [1.4866205293906365]
840 ; 91 ; 46 ; 1 ; [0.16148618739976056, 0.13179783038309253] ; [0.14635654066907028, 0.17214737847483891]
840 ; 91 ; 46 ; 2 ; [0.14331683908791076] ; [0.17303131212012407]
840 ; 91 ; 47 ; 3 ; [0.095539652009328679, 1.3836082613710954] ; [1.3217328064797589, 2.227518897317406]
840 ; 91 ; 47 ; 8 ; [7.0418621427944474] ; [1.7018061872391579]
840 ; 91 ; 47 ; 9 ; [2.9441803123150785] ; [0.60963866017349433]
840 ; 91 ; 47 ; 10 ; [2.2048887688220544] ; [1.7535946886250715]
840 ; 91 ; 47 ; 11 ; [5.3955877374726491] ; [1.4899027493133823]
840 ; 91 ; 47 ; 12 ; [6.0919645669770279] ; [2.4479988474550525]
840 ; 91 ; 47 ; 13 ; [1.827676587013056] ; [1.6926926975741552]
840 ; 91 ; 47 ; 14 ; [2.2762636655707769] ; [1.2304662729071241]
840 ; 91 ; 47 ; 15 ; [5.8352340300129573] ; [1.4693869110188285]
840 ; 91 ; 47 ; 16 ; [4.3020669295951244] ; [3.2050434166855859]
840 ; 91 ; 47 ; 23 ; [6.4231840881217002] ; [4.8987436236247071]
840 ; 91 ; 47 ; 31 ; [0.6302966396957731] ; [1.4574591725617858]
840 ; 91 ; 47 ; 36 ; [1.4671655506929051] ; [1.4901560920405961]
840 ; 91 ; 48 ; 0 ; [0.026331260213340976, 0.039639601340923321, 0.04710962172904104] ; [0.15480712572373959, 0.17539534351719346, 0.065686973612272506]
840 ; 91 ; 49 ; 0 ; [0.011642577554203127, 0.024549802647465247, 0.0018247659941759511, 0.041567810685626087] ; [0.18361750663148257, 0.2995079525024183, 0.17754916503274118, 0.11574953808103433]
840 ; 91 ; 50 ; 0 ; [0.30875765988093129, 0.0028923927150998957] ; [0.40650338173757372, 0.12875429191209109]
840 ; 91 ; 50 ; 1 ; [0.1633823168820992] ; [0.26813878880514169]
840 ; 91 ; 51 ; 0 ; [0.034460926442320301, 0.54434045422220656] ; [0.43305511223093518, 0.15259069679889836]
840 ; 91 ; 52 ; 0 ; [0.09152180929403729, 0.099613329170168727, 0.1440522365828191, 0.11189095603578243] ; [0.20715010575580312, 0.21598842924617975, 0.28690706582641534, 0.21648284981366397]
840 ; 91 ; 53 ; 0 ; [0.094739243491176586, 0.1842471056689258, 0.055210691362262851] ; [0.29512531903391392, 0.084658964927443833, 0.11749116393729858]
840 ; 91 ; 53 ; 1 ; [-0.030278176232266633] ; [0.035440179340960061]
840 ; 91 ; 54 ; 1 ; [1.7396171376649905] ; [2.0437399689691054]
840 ; 91 ; 54 ; 3 ; [0.40705634728966833] ; [0.11525557717195598]
840 ; 91 ; 54 ; 8 ; [1.7243920975362659] ; [2.4403279991628652]
840 ; 91 ; 54 ; 9 ; [1.6540341962032765] ; [5.4545703029788015]
840 ; 91 ; 54 ; 10 ; [1.495149204642104] ; [1.1543710032517731]
840 ; 91 ; 54 ; 14 ; [1.5119700434837391] ; [2.459383862201999]
840 ; 91 ; 54 ; 18 ; [0.095418903061297966] ; [2.6445471878418845]
840 ; 91 ; 55 ; 0 ; [0.62108539618171033] ; [0.44023625149054274]
840 ; 91 ; 55 ; 1 ; [0.33151952955269942] ; [0.27635416066431001]
840 ; 91 ; 55 ; 2 ; [0.098196145192134016] ; [0.62155965368699728]
840 ; 91 ; 55 ; 3 ; [1.0789502007482652] ; [0.72295848071046509]
840 ; 91 ; 55 ; 4 ; [0.063206770166073387] ; [0.050497115007034132]
840 ; 91 ; 55 ; 6 ; [0.11242189095573693] ; [0.25527940609267774]
840 ; 91 ; 56 ; 2 ; [0.86110840231286911] ; [1.3260212155360436]
840 ; 91 ; 56 ; 3 ; [1.3792630571047912] ; [0.72689023915415651]
840 ; 91 ; 56 ; 4 ; [4.2681229283290945] ; [2.5832121010111453]
840 ; 91 ; 56 ; 8 ; [1.4208650099364681] ; [1.223669460842546]
840 ; 91 ; 56 ; 10 ; [0.64478261653432667] ; [1.0528697182886493]
840 ; 91 ; 56 ; 11 ; [0.76405207926887353] ; [1.0203113185285562]
840 ; 91 ; 57 ; 0 ; [0.36330457692239382] ; [0.078346263632081664]
840 ; 91 ; 57 ; 1 ; [0.86275087207779166] ; [0.56273352078205552]
840 ; 91 ; 57 ; 2 ; [0.54373061858477512] ; [0.59851531207034314]
840 ; 91 ; 57 ; 3 ; [0.12974306596032559] ; [0.95354895879594392]
840 ; 91 ; 57 ; 13 ; [0.083264049546132049] ; [0.37891101527208942]
840 ; 91 ; 57 ; 15 ; [0.82622451969850685] ; [0.46493648883073702]
840 ; 91 ; 57 ; 18 ; [0.062284783278963765] ; [0.047857706029103678]
840 ; 91 ; 58 ; 8 ; [1.4811700228536948] ; [1.6965421854807603]
840 ; 91 ; 58 ; 9 ; [1.5855000438269393] ; [1.8418922139412623]
840 ; 91 ; 58 ; 12 ; [0.47850756673851097] ; [1.9886662434599978]
840 ; 91 ; 58 ; 13 ; [2.841964497439081] ; [1.8933270779013329]
840 ; 91 ; 58 ; 14 ; [0.085412032152291095] ; [1.7020098135553841]
840 ; 91 ; 58 ; 15 ; [3.7950614137947016] ; [1.946586258752216]
840 ; 91 ; 58 ; 25 ; [1.1166537942233414] ; [1.9375394786293092]
840 ; 91 ; 58 ; 28 ; [1.1674284663600409] ; [1.4220637944045333]
840 ; 91 ; 58 ; 30 ; [2.9625599442644504] ; [0.7737034940955303]
840 ; 91 ; 58 ; 31 ; [0.51220503699847009] ; [1.8372918924182462]
840 ; 91 ; 58 ; 32 ; [0.20153627135670499] ; [2.3929366849151408]
840 ; 91 ; 58 ; 34 ; [0.084812073775812971] ; [2.7877609252576443]
840 ; 91 ; 58 ; 35 ; [0.91363366276194868] ; [1.8459383695935503]
840 ; 91 ; 58 ; 37 ; [0.31371865811711863] ; [1.0230208501190305]
840 ; 91 ; 58 ; 38 ; [3.1093056760147206] ; [1.4253634788243046]
840 ; 91 ; 58 ; 39 ; [3.359470869219483] ; [1.7092930997742368]
840 ; 91 ; 58 ; 44 ; [5.184059903774263] ; [1.8224418006941567]
840 ; 91 ; 58 ; 47 ; [2.3904161811732969] ; [1.5462776092326043]
840 ; 91 ; 58 ; 48 ; [0.98339145215422974] ; [2.5795247614078343]
840 ; 91 ; 58 ; 49 ; [4.5925563046974549] ; [1.9171739678793391]
840 ; 91 ; 59 ; 0 ; [0.073274525879175836, 0.098303813874311266] ; [0.25733915445919148, 0.25023162671608573]
840 ; 91 ; 59 ; 1 ; [0.031833569962041175, 0.15049236928128937] ; [0.07828922817883488, 0.088345111971552065]
840 ; 91 ; 60 ; 0 ; [0.1036860093893799] ; [0.073467002100888426]
840 ; 91 ; 60 ; 1 ; [0.85170481365243389] ; [1.9798419522101665]
840 ; 91 ; 60 ; 2 ; [0.54663037288442629] ; [0.16243583777824139]
840 ; 91 ; 60 ; 8 ; [0.059715161025285422] ; [1.9180870388581233]
840 ; 91 ; 60 ; 16 ; [0.097918759903341646] ; [0.0033369300054977291]
840 ; 91 ; 61 ; 0 ; [0.99226917623667588] ; [0.39690031893995736]
840 ; 91 ; 61 ; 1 ; [1.0499900097382429] ; [0.99628927037152903]
840 ; 91 ; 61 ; 3 ; [1.54723977705191] ; [1.6100483654492381]
840 ; 91 ; 62 ; 0 ; [0.086190525622874672] ; [0.67373027229316695]
840 ; 91 ; 63 ; 0 ; [0.16058445784339911, 0.18159114176312113, 0.10039590058479482, 1.5143137093289016] ; [0.22954902904778759, 0.14418288078095814, 0.19967781542773924, 0.1564836172879191]
840 ; 91 ; 63 ; 1 ; [0.64439166262075764] ; [0.091559082636607531]
840 ; 91 ; 64 ; 1 ; [0.40615765605011739] ; [0.65825524501524568]
840 ; 91 ; 64 ; 5 ; [1.7132488687198937] ; [0.23412556357535133]
840 ; 91 ; 64 ; 8 ; [2.6435238690952874] ; [0.22490630490269012]
840 ; 91 ; 64 ; 9 ; [1.4599776065171806] ; [1.1301115954070025]
840 ; 91 ; 65 ; 0 ; [0.14493442559727765, 0.18576061022957865, 0.26779651007101563, 0.48255130827878973, 0.1432140479537746, 0.073178781230223935] ; [0.2189660223620129, 0.11645051496049617, 0.48595906392019622, 0.37894368357663438, 0.22821891727560881, 0.32127956097216903]
840 ; 91 ; 66 ; 0 ; [0.66001131430020843] ; [0.1902657119106432]
840 ; 91 ; 66 ; 1 ; [1.2269508260101964] ; [2.577371796432995]
840 ; 91 ; 66 ; 2 ; [1.0525715549420531] ; [0.54744677638671901]
840 ; 91 ; 66 ; 4 ; [0.62559151273517866] ; [0.085220140357972055]
840 ; 91 ; 67 ; 0 ; [0.16941063179440219, 0.11604286886392549, 1.229662374611137] ; [0.17197262935154667, 0.18806941328545529, 0.063919332582427865]
840 ; 91 ; 68 ; 0 ; [0.57298573063253078, 0.41938544438930958] ; [0.75885838015446738, 2.7091130835054025]
840 ; 91 ; 69 ; 0 ; [0.51403028354303049, 0.23939415554196455, 0.19246393642138546, 0.03055971424466215] ; [0.13430443559525329, 0.24334799344402763, 0.32674384687808444, 0.072231157920381081]
840 ; 91 ; 69 ; 1 ; [0.57936886050854275] ; [0.071136241343705955]
840 ; 91 ; 70 ; 0 ; [0.015923025916258389] ; [0.34005545481864036]
840 ; 91 ; 70 ; 1 ; [1.7934660428657043] ; [4.0486457796695552]
840 ; 91 ; 70 ; 3 ; [0.028189586558151361] ; [3.7744995360636469]
840 ; 91 ; 70 ; 5 ; [1.6737839431401427] ; [1.7959609980659881]
840 ; 91 ; 70 ; 9 ; [0.050012436816691729] ; [0.71517919446326161]
840 ; 91 ; 70 ; 12 ; [3.1193000656795302] ; [3.5771294947455718]
840 ; 91 ; 70 ; 17 ; [1.3931458861145618] ; [2.7620092611221563]
840 ; 91 ; 72 ; 0 ; [0.098348091180997854] ; [0.53807906284814577]
840 ; 91 ; 72 ; 3 ; [1.1432361398142594] ; [0.16213893506419627]
840 ; 91 ; 72 ; 6 ; [1.6707798326388028] ; [1.1726320644456689]
840 ; 91 ; 72 ; 8 ; [0.45887070894354165] ; [0.3146470145744204]
840 ; 91 ; 72 ; 31 ; [0.36221039402238397, 0.46592416776425133] ; [0.38689475896255393, 0.31154191035108236]
840 ; 91 ; 73 ; 0 ; [0.3467057812950225, 0.45912388834059942, 0.31079346806238783, 0.078769976910491465] ; [0.36648763135008389, 0.34507919211763605, 0.46692016053637464, 0.068960260776473103]
840 ; 91 ; 73 ; 1 ; [0.562905825337085] ; [0.65276452723619283]
840 ; 91 ; 73 ; 2 ; [1.30028731264266] ; [0.31913170931321494]
840 ; 91 ; 74 ; 0 ; [0.48791630380323708] ; [1.1655006939961032]
840 ; 91 ; 74 ; 2 ; [0.010429870729719466] ; [0.78912769549069894]
840 ; 91 ; 74 ; 4 ; [0.062249013459040582] ; [0.28901773408217901]
840 ; 91 ; 74 ; 8 ; [0.20706113117912073] ; [0.25562532665473253]
840 ; 91 ; 74 ; 9 ; [0.83864269255065349] ; [0.70201908758107412]
840 ; 91 ; 75 ; 0 ; [0.54416824021809684] ; [0.6711819485343643]
840 ; 91 ; 75 ; 1 ; [0.19922065075913747] ; [0.086528804554834096]
840 ; 91 ; 75 ; 5 ; [2.3451688999960902] ; [1.0704545267723833]
840 ; 91 ; 75 ; 6 ; [5.363010395473033] ; [1.9204198985098559]
840 ; 91 ; 76 ; 0 ; [0.15052380595959705] ; [0.41983021556132127]
840 ; 91 ; 76 ; 1 ; [0.42700749738837357] ; [0.71922319851844818]
840 ; 91 ; 76 ; 3 ; [0.45541288758893472] ; [1.2254238143016702]
840 ; 91 ; 76 ; 4 ; [1.7602232202759178] ; [0.027870843765534756]
840 ; 91 ; 76 ; 5 ; [0.23248183859487939] ; [0.17931722974101136]
840 ; 91 ; 76 ; 9 ; [1.2622710792829306] ; [0.59049424099196268]
840 ; 91 ; 76 ; 11 ; [1.0160938521107634] ; [0.50495387061788244]
840 ; 91 ; 77 ; 1 ; [0.47767615058416063] ; [0.92841321693240741]
840 ; 91 ; 77 ; 2 ; [0.22815619142323898] ; [0.39071954478286164]
840 ; 91 ; 77 ; 4 ; [1.7125956994782057] ; [1.9031947131823845]
840 ; 91 ; 78 ; 0 ; [0.55131944156009516] ; [0.19104053593493403]
840 ; 91 ; 78 ; 1 ; [0.26996520522352013] ; [1.4751641532276194]
840 ; 91 ; 78 ; 6 ; [0.69596521496911057] ; [0.084312895596353132]
840 ; 91 ; 78 ; 14 ; [2.8052515275526981] ; [0.93064846629303988]
840 ; 91 ; 78 ; 18 ; [1.1291160141553382] ; [1.0560837651264061]
840 ; 91 ; 78 ; 23 ; [1.8016112315070321] ; [0.52105225024001844]
840 ; 91 ; 79 ; 0 ; [0.068676132804951787, 0.054328659896490633, 0.05329286893666807, 0.055647509439335288] ; [0.16116089208351431, 0.15307029328417973, 0.15033652239557821, 0.13961494226165574]
840 ; 91 ; 79 ; 1 ; [0.030651456083567095] ; [0.011735562809005501]
840 ; 91 ; 80 ; 0 ; [0.25719150180631989] ; [0.085084636068791616]
840 ; 91 ; 80 ; 1 ; [0.5642003950430674] ; [0.31089673453500488]
840 ; 91 ; 81 ; 0 ; [0.10982466485557518, 0.52557016706007498, 0.33713570826884959] ; [0.19548284761836898, 0.55799434362616218, 0.3874566334460714]
840 ; 91 ; 81 ; 1 ; [0.39458426415027281] ; [0.18158040022478653]
840 ; 91 ; 82 ; 0 ; [0.56659047071776281] ; [0.71371703320154234]
840 ; 91 ; 82 ; 1 ; [0.70468954530749672] ; [0.59756729086593152]
840 ; 91 ; 82 ; 5 ; [0.04334136662270615] ; [0.0134336542222631]
840 ; 91 ; 83 ; 0 ; [-1.9576793039006358e-05, 0.04405285571225355, 0.20322341367865546, 0.043204490922886377] ; [0.48094897370855633, 0.26293958005102758, 0.53111730754313324, 0.25860774411559195]
840 ; 91 ; 83 ; 1 ; [-0.0031002646962741049] ; [0.45607194147591196]
840 ; 91 ; 84 ; 0 ; [0.27204845994571497, 0.25506765032284895, 0.21224994216412923] ; [0.36418207969284394, 0.16010941359384853, 0.1803425652601934]
840 ; 91 ; 85 ; 0 ; [1.2607109857227046] ; [0.084753485738573914]
840 ; 91 ; 85 ; 2 ; [0.15228209959168482] ; [0.42759799111754287]
840 ; 91 ; 85 ; 4 ; [1.4041613011405829] ; [0.071287254213135115]
840 ; 91 ; 85 ; 5 ; [0.11241423130607264] ; [0.3935953910801549]
840 ; 91 ; 85 ; 9 ; [0.095670460376388863] ; [1.7737636213583337]
840 ; 91 ; 85 ; 10 ; [2.0088693532869892] ; [0.49020607842790065]
840 ; 91 ; 85 ; 13 ; [1.1371811410146149] ; [0.83479670904384762]
840 ; 91 ; 85 ; 14 ; [0.0099314003161433059] ; [1.2875608476595322]
840 ; 91 ; 85 ; 15 ; [16.537307974234473] ; [1.3623817401388911]
840 ; 91 ; 85 ; 18 ; [2.9242840286658947] ; [1.1369965044356389]
840 ; 91 ; 85 ; 25 ; [0.14227104470148044] ; [1.4296237371534044]
840 ; 91 ; 85 ; 26 ; [0.19625711131021367] ; [0.36016837921572531]
840 ; 91 ; 86 ; 0 ; [0.22269172435022438, 0.7938133934607795] ; [0.19245039165964747, 0.061981440951060895]
840 ; 91 ; 86 ; 1 ; [0.052342090566978937] ; [-0.0073738771635744136]
840 ; 91 ; 86 ; 3 ; [0.66849986411993989] ; [0.029967253610811276]
840 ; 91 ; 87 ; 0 ; [0.72999861590612736] ; [0.50150366134490365]
840 ; 91 ; 88 ; 4 ; [0.42600942753191406] ; [0.06129464294440138]
840 ; 91 ; 89 ; 0 ; [0.33050663200626806] ; [0.10141880417315412]
840 ; 91 ; 90 ; 0 ; [0.1814809224830706, 0.12594759927470614] ; [0.29037882676798049, 0.15277346259908695]
840 ; 91 ; 90 ; 1 ; [0.098482427636299857] ; [0.11268287919568434]
840 ; 91 ; 90 ; 2 ; [0.24298728213426748] ; [0.076057734659335172]
840 ; 91 ; 91 ; 0 ; [0.91099493488421757] ; [0.30081411579700984]
840 ; 91 ; 91 ; 1 ; [0.74620419777650449] ; [0.64624719454636981]
840 ; 91 ; 91 ; 4 ; [0.38564294191462323] ; [0.47922171615106096]
840 ; 91 ; 91 ; 7 ; [18.067137992669537] ; [0.20693425192295739]
840 ; 91 ; 91 ; 13 ; [0.38183732198088188] ; [0.22485387281098906]
840 ; 91 ; 91 ; 19 ; [0.57185429238769736] ; [0.328557719869569]
840 ; 91 ; 92 ; 0 ; [0.033342932737775909, -0.0038764385394994571, 0.10001741528749306] ; [0.33534307009284053, 0.16122565601244365, 0.04587023618726959]
840 ; 91 ; 92 ; 1 ; [0.086125361985451926] ; [0.20731822605724706]
840 ; 91 ; 93 ; 0 ; [0.25902678761656489] ; [1.6360587931130273]
840 ; 91 ; 94 ; 0 ; [0.087319857309075516, 0.12358095902232846, 0.01706648383666691] ; [0.21248629794372101, 0.21865398639377046, 0.049834083145085993]
840 ; 91 ; 95 ; 0 ; [0.20815032799793681] ; [-0.0021993874110894009]
840 ; 91 ; 95 ; 1 ; [2.9620655232047484] ; [1.4409443230075238]
840 ; 91 ; 95 ; 2 ; [1.4384966457262198] ; [1.3210002761089736]
840 ; 91 ; 95 ; 3 ; [2.7407726459969486] ; [1.0487713046270566]
840 ; 91 ; 95 ; 4 ; [2.0216786810953802] ; [1.6722278595271567]
840 ; 91 ; 95 ; 7 ; [2.7920072318686673] ; [1.6959056963480059]
840 ; 91 ; 95 ; 12 ; [5.0297808150325256] ; [2.0450904512516406]
840 ; 91 ; 96 ; 0 ; [1.9235449724538827] ; [0.92317044505710777]
840 ; 91 ; 96 ; 1 ; [0.86118265166456243] ; [2.1762760216374484]
840 ; 91 ; 96 ; 2 ; [1.9864345852610752] ; [2.0889451870097862]
840 ; 91 ; 96 ; 5 ; [1.7547195835816924] ; [1.7775234747073119]
840 ; 91 ; 96 ; 7 ; [1.6837822596211374] ; [1.8049108726093765]
840 ; 91 ; 96 ; 8 ; [1.9059628595718885] ; [1.6506481955833741]
840 ; 91 ; 96 ; 9 ; [3.6861317745788926] ; [2.4733112953115421]
840 ; 91 ; 96 ; 10 ; [1.2604031145815315] ; [2.6563020265046884]
840 ; 91 ; 96 ; 11 ; [0.57983184470333982] ; [1.831944374341959]
840 ; 91 ; 96 ; 12 ; [2.2819459810691765] ; [1.9660183233847075]
840 ; 91 ; 96 ; 15 ; [1.6886808941313707] ; [1.6766001395296821]
840 ; 91 ; 96 ; 17 ; [1.3382433970052099] ; [5.5911289185069908]
840 ; 91 ; 96 ; 18 ; [1.5715297614503478] ; [0.34423316108581409]
840 ; 91 ; 96 ; 20 ; [1.1098882605040585] ; [3.4843774643301573]
840 ; 91 ; 96 ; 21 ; [1.4117900493491351] ; [1.1654563277422132]
840 ; 91 ; 96 ; 22 ; [0.76778572333858841] ; [1.8368986272649628]
840 ; 91 ; 96 ; 23 ; [3.1615632734898171] ; [1.3503418085521013]
840 ; 91 ; 96 ; 24 ; [2.9189279508973986] ; [1.3114745954029674]
840 ; 91 ; 96 ; 26 ; [0.99463149935230821] ; [1.7738611150993953]
840 ; 91 ; 96 ; 27 ; [2.2192252035264599] ; [1.4230407164915388]
840 ; 91 ; 96 ; 28 ; [1.5463686317259562] ; [2.3695210897876473]
840 ; 91 ; 96 ; 32 ; [0.40093711915197816] ; [2.4724565127490039]
840 ; 91 ; 96 ; 33 ; [3.4622127713796638] ; [2.8628021413613043]
840 ; 91 ; 96 ; 38 ; [2.3575804511206533] ; [0.35839598813272805]
840 ; 91 ; 96 ; 39 ; [1.5329503337463133] ; [0.9919390038300494]
840 ; 91 ; 97 ; 0 ; [0.48584055338397852] ; [0.35482369474766695]
840 ; 91 ; 97 ; 2 ; [2.2368880052825242] ; [0.19210094847635337]
840 ; 91 ; 97 ; 10 ; [2.008886422400483] ; [0.33331113612838237]
840 ; 91 ; 97 ; 14 ; [0.10255837292688574] ; [0.15257447990740641]
840 ; 91 ; 97 ; 15 ; [0.43046403587471022] ; [0.83320887932751087]
840 ; 91 ; 97 ; 16 ; [0.22615813369319426] ; [0.40419748103233172]
840 ; 91 ; 98 ; 0 ; [0.036317457715804621] ; [0.66823489376160472]
840 ; 91 ; 98 ; 1 ; [0.72817229249264626] ; [0.28326122317193725]
840 ; 91 ; 98 ; 2 ; [1.1635028763600777] ; [0.63963767151817674]
840 ; 91 ; 98 ; 4 ; [0.035692519729965705] ; [0.11461911441134]
840 ; 91 ; 98 ; 11 ; [0.24480903433224804] ; [1.2990636417083028]
840 ; 91 ; 98 ; 17 ; [0.69188495556801222] ; [0.58850586875442756]
840 ; 91 ; 98 ; 18 ; [0.38649870138145503] ; [0.83475636016352761]
840 ; 91 ; 98 ; 19 ; [0.39187118983656538] ; [0.32895714502299683]
840 ; 91 ; 98 ; 21 ; [0.32812286016413578, 0.80843691104155391] ; [0.49830870784874154, 1.1216989303055473]
840 ; 91 ; 99 ; 0 ; [0.17420624691448794, 0.33430790399010102] ; [0.24642180487361837, 0.31125542293946973]
840 ; 91 ; 99 ; 3 ; [0.26282025746723553] ; [0.17544332020682923]
840 ; 91 ; 99 ; 4 ; [0.28303761160166829] ; [0.25904973234508488]
840 ; 91 ; 100 ; 0 ; [0.024628018958206425, 0.066788050154291706, 0.037879701873216987, 0.069599646011372585] ; [0.24972031230457731, 0.23917532010172568, 0.20890239796059334, 0.18000787659695297]
840 ; 91 ; 101 ; 2 ; [1.6908507482585873] ; [2.1421400220939004]
840 ; 91 ; 101 ; 3 ; [0.044185076333579078] ; [0.29463876576693387]
840 ; 91 ; 101 ; 4 ; [0.15059480765447805] ; [1.5645895788805697]
840 ; 91 ; 101 ; 6 ; [5.9699037072321737] ; [0.44617199525545076]
840 ; 91 ; 101 ; 7 ; [0.41165727951807318] ; [0.68505226109830608]
840 ; 91 ; 101 ; 12 ; [0.21833127353913412] ; [1.1303294173558127]
840 ; 91 ; 101 ; 14 ; [0.081677562071576448] ; [2.0619160619040433]
840 ; 91 ; 101 ; 15 ; [1.0080973958477852] ; [1.0347152294250146]
840 ; 91 ; 102 ; 1 ; [0.39310627864237679] ; [0.30692282964042794]
840 ; 91 ; 102 ; 2 ; [0.15198595292701556, 0.17830314493721436] ; [0.246802283009499, 0.46644802193661183]
840 ; 91 ; 103 ; 0 ; [0.60008326073881302] ; [0.083980114734056976]
840 ; 91 ; 103 ; 1 ; [0.36869092812279369] ; [2.4455177050717412]
840 ; 91 ; 103 ; 3 ; [1.5299486826699145] ; [0.64770343588060708]
840 ; 91 ; 103 ; 7 ; [0.76968559872199382] ; [0.64484379601480935]
840 ; 91 ; 103 ; 8 ; [2.7855295090018135] ; [0.89013064742680115]
840 ; 91 ; 103 ; 9 ; [1.9432112508430841] ; [1.2627439903983733]
840 ; 91 ; 103 ; 10 ; [1.0431302133130005] ; [3.5609578580092771]
840 ; 91 ; 103 ; 11 ; [1.6350563442671218] ; [1.028179003666756]
840 ; 91 ; 103 ; 13 ; [0.29671678851655797] ; [0.79236509601769611]
840 ; 91 ; 103 ; 14 ; [2.0633445333028697] ; [0.67926451002745147]
840 ; 91 ; 103 ; 17 ; [1.1796345983073893, 2.2303527279607178] ; [0.7875927130450121, 0.77387498694586876]
840 ; 91 ; 103 ; 18 ; [0.8232508921743904] ; [2.4738491471816908]
840 ; 91 ; 104 ; 0 ; [0.71467505815669929] ; [0.093515547654298606]
840 ; 91 ; 104 ; 2 ; [-0.013082495955635565] ; [-0.0023129653961783091]
840 ; 91 ; 104 ; 4 ; [-0.012640726738791004] ; [0.13585140414472799]
840 ; 91 ; 105 ; 0 ; [0.029026343639485253, 0.088262480881518904, 0.070981390692465132, 0.1718712775133408] ; [0.24721189310050887, 0.20654613609747902, 0.17884703922470577, 0.71825010372432263]
840 ; 91 ; 106 ; 0 ; [0.1827112986940313] ; [0.56030625308347881]
840 ; 91 ; 106 ; 2 ; [0.071688454718811329] ; [0.26211124140363279]
840 ; 91 ; 106 ; 3 ; [0.011414689485857424] ; [0.1064831750668065]
840 ; 91 ; 107 ; 1 ; [0.57807220302890949] ; [0.48371132957833696]
840 ; 91 ; 107 ; 8 ; [-0.074169384724297904] ; [0.967197664719607]
840 ; 91 ; 107 ; 9 ; [0.019928131334519573] ; [1.5100436620779334]
840 ; 91 ; 107 ; 11 ; [0.69628652647352229] ; [0.44962295778621791]
840 ; 91 ; 107 ; 12 ; [0.65416403547134439] ; [0.56508894297974066]
840 ; 91 ; 108 ; 0 ; [0.32902362331753954, 0.49317297475775324] ; [0.14794028201542625, 0.19875973979101524]
840 ; 91 ; 109 ; 0 ; [0.015850749152137578, 0.0095932139685730722, 0.23448975778214304] ; [0.19738678298446832, 0.19729318600008172, 0.2720811968884122]
840 ; 91 ; 111 ; 3 ; [0.33823382368317279] ; [0.24678780882114856]
840 ; 91 ; 112 ; 0 ; [0.2545587748979683, 0.066674547216673943, 0.092859035358798789] ; [0.42906489305568213, 0.28523709773860373, 0.083431687626180931]
840 ; 91 ; 112 ; 1 ; [0.53532395437418967] ; [0.00077546425744714912]
840 ; 91 ; 113 ; 0 ; [2.6041835945044776, 0.94993677453937642] ; [0.61647873572744338, 0.1374328689274493]
840 ; 91 ; 113 ; 3 ; [1.7184088286867238] ; [1.4304010384968351]
840 ; 91 ; 113 ; 7 ; [1.0704469468177873] ; [1.6291790802975652]
840 ; 91 ; 113 ; 10 ; [2.1852806276853456] ; [1.4916224604600807]
840 ; 91 ; 113 ; 11 ; [0.54254799529664832] ; [0.22889094495264944]
840 ; 91 ; 113 ; 14 ; [1.7422006027403474] ; [1.880914816061146]
840 ; 91 ; 113 ; 15 ; [1.9852197441741859] ; [1.5363825005666034]
840 ; 91 ; 113 ; 16 ; [2.186341471125798] ; [1.0654876098785426]
840 ; 91 ; 113 ; 18 ; [0.83827350300506898] ; [1.9097223582758482]
840 ; 91 ; 113 ; 20 ; [1.7817732716263663] ; [2.4104890325505539]
840 ; 91 ; 113 ; 21 ; [2.1206995075164845] ; [1.6913242784142137]
840 ; 91 ; 113 ; 22 ; [1.7967187684671735] ; [1.7397326379157734]
840 ; 91 ; 113 ; 23 ; [2.9798125935267459] ; [2.038582267559641]
840 ; 91 ; 113 ; 25 ; [1.8242110809553029] ; [1.1188692222096557]
840 ; 91 ; 113 ; 28 ; [0.38998717348301803] ; [0.84461211520109225]
840 ; 91 ; 113 ; 29 ; [3.9261580735301385] ; [1.9448088997755848]
840 ; 91 ; 113 ; 30 ; [1.276058304774041] ; [1.7319063118297997]
840 ; 91 ; 113 ; 32 ; [1.4956163093151758] ; [1.9882240127131521]
840 ; 91 ; 113 ; 33 ; [1.8611778073696963] ; [1.6262497361266839]
840 ; 91 ; 113 ; 34 ; [1.6221585049380165] ; [1.2372716894337743]
840 ; 91 ; 114 ; 0 ; [0.58514621617792095] ; [0.3380134586785154]
840 ; 91 ; 114 ; 3 ; [0.0087633137186553783] ; [0.098760332559483216]
840 ; 91 ; 114 ; 4 ; [0.81630523159203749] ; [2.0950942449037786]
840 ; 91 ; 114 ; 5 ; [0.46849554910038627] ; [0.0056569360678543476]
840 ; 91 ; 115 ; 0 ; [0.45644519244320797] ; [0.071172041845886796]
840 ; 91 ; 115 ; 1 ; [0.92250171258525127] ; [0.42897143773255397]
840 ; 91 ; 115 ; 2 ; [0.2806274993107461] ; [0.10395137493030229]
840 ; 91 ; 115 ; 3 ; [0.3904522921011262] ; [1.9001493032612358]
840 ; 91 ; 115 ; 5 ; [-1.0120241103114371] ; [0.028027576693768701]
840 ; 91 ; 116 ; 0 ; [3.5172008980504827] ; [1.7317324040123852]
840 ; 91 ; 116 ; 2 ; [2.2610307998260564] ; [8.0613096166461808]
840 ; 91 ; 116 ; 3 ; [0.49594611445737524] ; [1.7320365296784677]
840 ; 91 ; 116 ; 4 ; [1.7847293530951758] ; [1.7154422913755791]
840 ; 91 ; 116 ; 6 ; [2.6447354365074474] ; [1.4190384097917026]
840 ; 91 ; 116 ; 8 ; [2.7277446702763171] ; [1.6562774931060329]
840 ; 91 ; 117 ; 3 ; [1.0421207226986033] ; [2.1900874668033157]
840 ; 91 ; 118 ; 0 ; [0.18179154817987092, -0.0027498781661141267, -0.0029036546048416731, 0.27290033864993418] ; [0.16427971049849355, 0.23521816384505997, 0.2275049965263716, 0.39555518154520047]
840 ; 91 ; 119 ; 0 ; [0.41565641139895565] ; [0.19257191917841043]
840 ; 91 ; 119 ; 1 ; [0.99552871266403398] ; [0.69836174128423467]
840 ; 91 ; 119 ; 7 ; [1.2164119561303683] ; [1.377493739882327]
840 ; 91 ; 119 ; 8 ; [1.1003619504574229] ; [1.9162441050748216]
840 ; 91 ; 119 ; 9 ; [0.40323876692287564] ; [1.8575077934091566]
840 ; 91 ; 119 ; 11 ; [0.85890750517734638] ; [2.7351380888477661]
840 ; 91 ; 119 ; 12 ; [4.4008032662788032] ; [4.46311690857112]
840 ; 91 ; 119 ; 15 ; [0.28263471437655524] ; [0.083235004166234833]
840 ; 91 ; 120 ; 0 ; [0.10065520727393892] ; [0.073497370556410396]
840 ; 91 ; 120 ; 1 ; [0.0031937253138287084, 0.051513305092542282] ; [0.35762651342751872, 0.13157093292130217]
840 ; 91 ; 120 ; 3 ; [0.15974655235596527] ; [-0.00089945743525327645]
840 ; 91 ; 121 ; 0 ; [0.030287906109396346, 0.0076896711205799873, 0.29280066938568722, 0.18643828170056898] ; [0.2017131181621763, 0.14405346432832866, 0.27460742175875458, 0.28146391806894766]
840 ; 91 ; 121 ; 1 ; [0.54331401465131135] ; [0.047460033180323137]
840 ; 91 ; 122 ; 0 ; [0.77361727044383399] ; [0.89881862946768754]
840 ; 91 ; 122 ; 1 ; [1.8491952062015171] ; [0.89449657987311093]
840 ; 91 ; 122 ; 3 ; [0.2045936913243572] ; [0.19465334333446874]
840 ; 91 ; 122 ; 4 ; [1.4404890850743435] ; [1.086798056823874]
840 ; 91 ; 122 ; 5 ; [1.5020450618689081] ; [1.6436445866472986]
840 ; 91 ; 123 ; 0 ; [0.1010535672293327, 0.12394121350182714, -0.0092337417549686017] ; [0.25233994892130501, 0.26990452171080026, 0.051512481296437262]
840 ; 91 ; 124 ; 0 ; [-0.021210431919711521, -0.0041707513383346783, -0.03735449005829005] ; [0.23477513556907095, 0.17355857602353045, 0.029751659737914608]
840 ; 91 ; 125 ; 0 ; [0.0098972275250942352, 0.012754614783250663] ; [0.1636375342547009, 0.15100014704172884]
840 ; 91 ; 125 ; 1 ; [0.14684368884019539] ; [-0.012031234123553562]
840 ; 91 ; 126 ; 0 ; [0.38899367770825899] ; [0.37444489716502094]
840 ; 91 ; 126 ; 3 ; [0.11851898932394324] ; [0.090710822241737848]
840 ; 91 ; 127 ; 0 ; [0.089892330774834342, 0.057400666679177488, 0.011011054489584202] ; [0.27933886175546646, 0.1704566665349109, 0.12583691814709985]
840 ; 91 ; 128 ; 0 ; [0.61204762190154494] ; [0.25184295163636083]
840 ; 91 ; 128 ; 1 ; [1.2182805782236705] ; [0.15269368794872393]
840 ; 91 ; 129 ; 0 ; [1.264564946481723] ; [0.091580370441698256]
840 ; 91 ; 129 ; 2 ; [0.28935443310975056] ; [0.030309525526105361]
840 ; 91 ; 130 ; 0 ; [1.238873999167041] ; [1.732946050202729]
840 ; 91 ; 130 ; 2 ; [0.28825311380274576] ; [0.39345752750367846]
840 ; 91 ; 130 ; 3 ; [0.7483838277122844] ; [1.4368210470752165]
840 ; 91 ; 130 ; 5 ; [0.067628852147265273] ; [1.6969032278356537]
840 ; 91 ; 130 ; 6 ; [1.4935574645572742] ; [0.94696664179013723]
840 ; 91 ; 130 ; 7 ; [0.050529495236197035] ; [0.64144619304429362]
840 ; 91 ; 130 ; 11 ; [1.2076896299374764] ; [0.19092400964819931]
840 ; 91 ; 130 ; 15 ; [0.50895226262540161] ; [1.3466324892569432]
840 ; 91 ; 131 ; 0 ; [0.6463825608087449] ; [0.050454088949614007]
840 ; 91 ; 131 ; 1 ; [0.28425628298900779] ; [0.64936477958546568]
840 ; 91 ; 131 ; 2 ; [0.027855195663151117] ; [0.3048573539063596]
840 ; 91 ; 131 ; 3 ; [1.0591645652007047] ; [2.6618000308167291]
840 ; 91 ; 132 ; 1 ; [1.4325807363152088] ; [0.050570258680776352]
840 ; 91 ; 132 ; 2 ; [0.5054448671520223] ; [3.7427796904412753]
840 ; 91 ; 132 ; 3 ; [0.56712017148073579] ; [1.0478162946695009]
840 ; 91 ; 132 ; 4 ; [0.071240433667569159] ; [-0.0058610769134109881]
840 ; 91 ; 132 ; 5 ; [3.727347346104811] ; [0.099142985663050229]
840 ; 91 ; 132 ; 12 ; [0.36994835377492996] ; [1.8980411682270721]
840 ; 91 ; 133 ; 0 ; [0.24526338917837098] ; [1.0408903995615608]
840 ; 91 ; 133 ; 1 ; [0.10950207681611332] ; [-0.01740349576370346]
840 ; 91 ; 133 ; 2 ; [1.9156281881982791] ; [0.65055664146541858]
840 ; 91 ; 133 ; 3 ; [0.062999980977553355] ; [0.071218522508753393]
840 ; 91 ; 134 ; 0 ; [0.050816076373619186, 0.013398259130323187, 0.10842278959489983, 0.020282744537044341] ; [0.11941925204102852, 0.21192395921930399, 0.37834233719980004, 0.14263731355870324]
840 ; 91 ; 134 ; 1 ; [0.031301729502010246] ; [0.21455708763080736]
840 ; 91 ; 135 ; 0 ; [0.15652261704699164] ; [2.6989848155105554]
840 ; 91 ; 135 ; 1 ; [2.2060656765525346] ; [1.6227789245560429]
840 ; 91 ; 135 ; 2 ; [0.26995119047157617] ; [0.99567267791648251]
840 ; 91 ; 135 ; 3 ; [2.3154682974964045] ; [1.7545283669704952]
840 ; 91 ; 135 ; 4 ; [0.57912702095657198] ; [2.5355659760174363]
840 ; 91 ; 135 ; 5 ; [2.6507081193271924] ; [1.3146544447157282]
840 ; 91 ; 135 ; 7 ; [1.2228687071442343] ; [2.7234819313277239]
840 ; 91 ; 135 ; 8 ; [1.1346917681996898] ; [1.1702393641708284]
840 ; 91 ; 135 ; 9 ; [0.10518330235444619] ; [3.4588214206149455]
840 ; 91 ; 135 ; 10 ; [0.19947448648705937] ; [0.69139763060769677]
840 ; 91 ; 135 ; 11 ; [0.15916948663321684] ; [0.96538328111465421]
840 ; 91 ; 135 ; 12 ; [0.84848658128386223] ; [2.7659324260327969]
840 ; 91 ; 135 ; 13 ; [0.55453991462674435] ; [2.3148828113264641]
840 ; 91 ; 135 ; 15 ; [0.39543682990542522] ; [1.5941973979540696]
840 ; 91 ; 135 ; 16 ; [1.6905561373741183] ; [1.3551310610411016]
840 ; 91 ; 135 ; 17 ; [0.44475545154175666] ; [1.8086630092367633]
840 ; 91 ; 135 ; 21 ; [2.1477890133875914] ; [3.3482144287702185]
840 ; 91 ; 136 ; 0 ; [0.21965252402641131, 0.72412296997429904, 0.43303591504362848] ; [0.23377874662455472, 0.15758369697587016, 0.058514099497037099]
840 ; 91 ; 136 ; 1 ; [0.69071406151911563] ; [0.72564133986044865]
840 ; 91 ; 136 ; 2 ; [4.1124322755375635, -0.016595305956361581] ; [1.0745995873809735, 0.13977319812590286]
840 ; 91 ; 136 ; 3 ; [1.4251458523230744] ; [0.087881252470631235]
840 ; 91 ; 136 ; 6 ; [0.23353099294366883] ; [2.3062800084702291]
840 ; 91 ; 136 ; 8 ; [5.798240458169114] ; [1.887747643850213]
840 ; 91 ; 137 ; 4 ; [0.43430310072624512] ; [0.13443638657518228]
840 ; 91 ; 137 ; 5 ; [0.22543928793430826] ; [0.72565663875352371]
840 ; 91 ; 138 ; 0 ; [0.29099375584317605, 0.64401494073190191, 0.43015044878513553] ; [0.093520750058038643, 0.45279320095236475, 0.73550451903140113]
840 ; 91 ; 138 ; 1 ; [0.76505463819262787] ; [0.50995193918913395]
840 ; 91 ; 139 ; 1 ; [0.87153516880150239] ; [1.7919465405060659]
840 ; 91 ; 139 ; 2 ; [3.7734812739666777] ; [1.8355786921455686]
840 ; 91 ; 139 ; 3 ; [0.84519604694770278] ; [1.3429989370439843]
840 ; 91 ; 139 ; 4 ; [3.3390565514953225] ; [2.4609842393961241]
840 ; 91 ; 139 ; 7 ; [0.90441210565050389] ; [2.3137747202827192]
840 ; 91 ; 139 ; 8 ; [3.3160479274826642] ; [2.1357350926584706]
840 ; 91 ; 139 ; 9 ; [2.9779179490399659] ; [2.3456522418914574]
840 ; 91 ; 139 ; 11 ; [4.2452957550101269] ; [2.2452881020506221]
840 ; 91 ; 139 ; 12 ; [1.9218842491179129] ; [1.2566165776896154]
840 ; 91 ; 139 ; 13 ; [2.4740151256773268] ; [2.9769863028691508]
840 ; 91 ; 139 ; 14 ; [4.9484486153888909] ; [3.1345825741367523]
840 ; 91 ; 139 ; 21 ; [2.9588679381459593] ; [2.0655993052109269]
840 ; 91 ; 139 ; 23 ; [3.604812542676274] ; [1.7668427819195991]
840 ; 91 ; 139 ; 24 ; [4.4729918429770876] ; [2.3290967656121366]
840 ; 91 ; 139 ; 25 ; [8.1957690497021272] ; [2.1645394529214248]
840 ; 91 ; 139 ; 26 ; [3.8650834254005035] ; [1.954193227131291]
840 ; 91 ; 139 ; 32 ; [0.15808831835183615] ; [1.3166302314233072]
840 ; 91 ; 140 ; 0 ; [1.080288030039193] ; [0.99464586965294444]
840 ; 91 ; 140 ; 1 ; [0.9869296640174563] ; [1.4350610500668524]
840 ; 91 ; 140 ; 3 ; [0.70524457407174346] ; [2.5202315372965201]
840 ; 91 ; 140 ; 4 ; [0.26453213891263822] ; [1.3858944709329468]
840 ; 91 ; 140 ; 13 ; [0.0074606531626417892] ; [1.5393577638582814]
840 ; 91 ; 141 ; 0 ; [0.31415879008057629, 0.26754742928977693, 0.80284847040053664] ; [0.25472114902400861, 0.26637585954719967, 0.21753976727807969]
840 ; 91 ; 141 ; 3 ; [1.3447652082121069] ; [0.75417332680487736]
840 ; 91 ; 142 ; 0 ; [0.14619583240503789, 0.11670272586587234, 0.041514024279036887] ; [0.21470401241396447, 0.11682129871262847, 0.018707712611451738]
840 ; 91 ; 143 ; 0 ; [1.0312954980430753] ; [0.48559369449554074]
840 ; 91 ; 143 ; 1 ; [0.74648183631658316] ; [0.56843532906673522]
840 ; 91 ; 143 ; 2 ; [2.5770756459021751] ; [0.39715129591535431]
840 ; 91 ; 143 ; 3 ; [0.19530832434597861] ; [0.0074442766685718807]
840 ; 91 ; 144 ; 0 ; [0.14001855188064571] ; [0.14564830837123433]
840 ; 91 ; 145 ; 0 ; [0.35467393162941191] ; [0.56884033381977883]
840 ; 91 ; 145 ; 1 ; [-0.010307419402828555] ; [-0.0090375338386813261]
840 ; 91 ; 145 ; 3 ; [-0.036860298715449789] ; [-0.03067449924709606]
840 ; 91 ; 145 ; 5 ; [-0.0053129159774428104, 0.010738615277311873, 0.12552302295980478, 1.3214837122257326] ; [0.14366743191674572, 0.26186396657306349, 0.35369371526912324, 0.99974235646338461]
840 ; 91 ; 146 ; 0 ; [0.12229109087374203] ; [0.37199295304011154]
840 ; 91 ; 146 ; 1 ; [0.96734027821894819] ; [-0.013090149281189206]
840 ; 91 ; 146 ; 2 ; [-0.0076292964179080379] ; [0.20381235410395374]
840 ; 91 ; 146 ; 3 ; [0.00058333964563712047] ; [0.11204387218894343]
840 ; 91 ; 147 ; 4 ; [1.218178061784797] ; [0.84484954606933838]
840 ; 91 ; 148 ; 1 ; [2.7824642977584233] ; [1.1749826956813041]
840 ; 91 ; 148 ; 2 ; [1.2537424535890969] ; [0.27455972230217601]
840 ; 91 ; 148 ; 5 ; [0.91219739164708624] ; [0.32381715297651142]
840 ; 91 ; 148 ; 8 ; [0.62669901866834776] ; [1.7485218745118467]
840 ; 91 ; 148 ; 15 ; [1.0394532458230532] ; [0.49586176284401345]
840 ; 91 ; 148 ; 16 ; [1.1259901500826432] ; [1.4428424250875325]
840 ; 91 ; 149 ; 0 ; [0.20472085813480864, 0.21047240527349836, 0.23742102729314685, 0.53609544326252279] ; [0.22807178350277735, 0.20178763770026731, 0.18638987841686019, 0.098648424237188212]
840 ; 91 ; 149 ; 1 ; [0.26602981456934055] ; [0.025125707623904751]
840 ; 91 ; 150 ; 0 ; [10.084676655989812] ; [0.66570081268241721]
840 ; 91 ; 150 ; 1 ; [1.2738877864334852] ; [0.83541706885106526]
840 ; 91 ; 150 ; 3 ; [0.81333463931597894] ; [0.010203672048692297]
840 ; 91 ; 151 ; 0 ; [1.0237859452184297] ; [0.7904351224463958]
840 ; 91 ; 151 ; 3 ; [0.82414185271077911] ; [0.65655906116402263]
840 ; 91 ; 152 ; 0 ; [0.3667541132636995, 0.34629025255905255, 0.33852093752051954, 0.23047720277813236, 0.085550941408944189] ; [0.20087258989900397, 0.13807658713779708, 0.22435191095022469, 0.22503186360882454, 0.033523964638454404]
840 ; 91 ; 153 ; 0 ; [0.7142282109265542] ; [0.33030727282802436]
840 ; 91 ; 154 ; 0 ; [0.032033030423225917, 0.087836483982266636, 0.035255201190636763, -0.0028409890395752558] ; [0.26889230528943647, 0.17586370810574864, 0.17892166559963019, 0.13200704983831157]
840 ; 91 ; 155 ; 0 ; [0.20228328323279493] ; [0.09271165901082537]
840 ; 91 ; 156 ; 0 ; [0.034891046415431462, 0.086898557067414867] ; [0.1093128186958323, 0.14665858811655191]
840 ; 91 ; 156 ; 7 ; [0.34842260716788087] ; [0.35545051139033007]
840 ; 91 ; 157 ; 3 ; [0.5111257376295999, 0.75566823681691619, 0.018833282613425251] ; [0.68107101715228546, 1.1315227641620242, 0.17589948020597118]
840 ; 91 ; 157 ; 5 ; [0.29533260645287757] ; [0.39925076907722301]
840 ; 91 ; 158 ; 0 ; [0.15657887567100642] ; [0.083271711381580668]
840 ; 91 ; 159 ; 0 ; [0.41206210047429115] ; [0.15874270880049682]
840 ; 91 ; 159 ; 1 ; [0.017285760734871147] ; [0.076218215417425558]
840 ; 91 ; 160 ; 0 ; [0.10265078562177557] ; [1.8067814032114817]
840 ; 91 ; 160 ; 2 ; [0.0037816714467930443] ; [0.81036979672418818]
840 ; 91 ; 160 ; 4 ; [0.59415545987043961] ; [0.88782323922779416]
840 ; 91 ; 160 ; 5 ; [0.52315974420623323] ; [0.43994731031531659]
840 ; 91 ; 161 ; 0 ; [0.19729090049943848, 0.13880955589159202, 1.9908393877468017e-06] ; [0.35203523566708561, 0.16775720634127386, 0.054072861191560039]
840 ; 91 ; 161 ; 1 ; [0.79978907637097751] ; [0.17380213823155563]
840 ; 91 ; 161 ; 2 ; [0.56403210244397983] ; [0.070512076406229238]
840 ; 91 ; 161 ; 3 ; [0.367469328977792] ; [0.050311556523804847]
840 ; 91 ; 162 ; 0 ; [-0.0093938355264184311, 0.0013504563380542141, 0.021977891650104595, 0.041600613584835695] ; [0.1491565904662103, 0.18911915195115769, 0.20898160927957399, 0.068785000352835066]
840 ; 91 ; 163 ; 0 ; [0.39107374726032862, 0.032048577883967713] ; [0.49412772289321533, 0.062174519807819746]
840 ; 91 ; 163 ; 1 ; [0.31546104610341141] ; [0.1743710948332835]
840 ; 91 ; 163 ; 2 ; [0.92774656944392331] ; [0.61871298431435873]
840 ; 91 ; 164 ; 0 ; [0.10450643873623455, 0.03992261111880311] ; [0.15148385856741728, 0.16190706025142312]
840 ; 91 ; 165 ; 0 ; [0.12963566093280143] ; [-0.02416273838068609]
840 ; 91 ; 166 ; 0 ; [0.0011407372951178082] ; [0.045219240347571105]
840 ; 91 ; 166 ; 6 ; [0.020537714223898846] ; [0.025090744114586401]
840 ; 91 ; 166 ; 7 ; [0.35257272522186628] ; [0.44411224828591561]
840 ; 91 ; 167 ; 0 ; [0.042664157465874916] ; [-0.0149919775371845]
840 ; 91 ; 167 ; 1 ; [0.46661894423081673] ; [0.43458621476013309]
840 ; 91 ; 167 ; 2 ; [0.12621672958643884] ; [0.066865394761090269]
840 ; 91 ; 167 ; 3 ; [1.3165280214715838] ; [0.0092581929793738912]
840 ; 91 ; 167 ; 5 ; [0.64327944385455837] ; [0.49428723577681316]
840 ; 91 ; 167 ; 7 ; [0.29451250343549906] ; [0.2760803508606694]
840 ; 91 ; 167 ; 9 ; [1.2217058720390896] ; [1.1421802349030101]
840 ; 91 ; 168 ; 0 ; [0.28580426954765414] ; [0.71553699884965971]
840 ; 91 ; 168 ; 7 ; [0.042172892131538041] ; [0.24270847019336775]
840 ; 91 ; 168 ; 8 ; [1.1138809611655671] ; [2.0519330059246168]
840 ; 91 ; 169 ; 0 ; [0.11993953000540665, 0.15903469377116322, 0.20668574218321198, 0.2539440172909721] ; [0.23633157154289988, 0.20126941205497303, 0.10674065565105365, 0.24783903813917746]
840 ; 91 ; 169 ; 1 ; [0.047495076908045476, 0.16221147166257488] ; [0.3012490867982493, 0.2170614772310473]
840 ; 91 ; 169 ; 5 ; [0.10296457577836278] ; [1.1576059920424262]
840 ; 91 ; 170 ; 0 ; [0.093509750713875128, 0.0029390750805736014, 0.070589491092419882] ; [0.25223749537793105, 0.25290773510872844, 0.079221329089700296]
840 ; 91 ; 171 ; 0 ; [0.8151481717690553] ; [0.060769233373285901]
840 ; 91 ; 171 ; 3 ; [1.1002607532301802] ; [0.8751623610742576]
840 ; 91 ; 171 ; 5 ; [0.7528395330244726] ; [0.37352975977582425]
840 ; 91 ; 171 ; 6 ; [0.83710920440795034] ; [0.75007545395480124]
840 ; 91 ; 172 ; 0 ; [0.0027042537452858797, -0.0063170873163896305, -0.0038393523931812084] ; [0.16000547036748763, 0.14582006145026627, 0.17320745557252407]
840 ; 91 ; 173 ; 0 ; [0.52182091696554012] ; [0.2136751032570261]
840 ; 91 ; 173 ; 1 ; [1.7016009092738302] ; [0.37771155826359054]
840 ; 91 ; 173 ; 3 ; [0.71803177107343741] ; [0.71853616895730976]
840 ; 91 ; 173 ; 4 ; [0.96193139156836893] ; [2.0795894539601849]
840 ; 91 ; 173 ; 5 ; [1.1480562624535833] ; [1.9458585993525079]
840 ; 91 ; 173 ; 8 ; [1.0097961871962178] ; [3.4392333348259618]
840 ; 91 ; 173 ; 9 ; [0.065891451701954609] ; [1.4227291924247352]
840 ; 91 ; 173 ; 10 ; [1.7608181990245977] ; [0.42572442204893868]
840 ; 91 ; 173 ; 13 ; [2.717310819900185] ; [2.135637374224145]
840 ; 91 ; 173 ; 14 ; [1.3288268027483128] ; [2.280641364174318]
840 ; 91 ; 173 ; 16 ; [0.70021726815404628] ; [1.8489859951552812]
840 ; 91 ; 173 ; 17 ; [2.3321475714179374] ; [1.672074541111648]
840 ; 91 ; 173 ; 18 ; [1.9038888620088394] ; [2.92885419101406]
840 ; 91 ; 173 ; 19 ; [1.7538712069620266] ; [2.422711343393686]
840 ; 91 ; 173 ; 20 ; [1.6593274121087751] ; [2.3510574219878286]
840 ; 91 ; 173 ; 21 ; [2.1056356558908971] ; [1.3140100091628693]
840 ; 91 ; 173 ; 22 ; [2.0604553852486562] ; [2.2535018292526749]
840 ; 91 ; 173 ; 23 ; [1.9878071634383787] ; [1.8230998652918542]
840 ; 91 ; 173 ; 24 ; [1.7713349990519867] ; [-0.016949085855924754]
840 ; 91 ; 173 ; 25 ; [1.780851871045154] ; [1.6461132396261398]
840 ; 91 ; 173 ; 26 ; [1.5895646568450239] ; [1.6719163090895963]
840 ; 91 ; 173 ; 28 ; [1.1308276973357076] ; [1.5943441889386409]
840 ; 91 ; 173 ; 31 ; [1.6921341581520657] ; [1.483077428187938]
840 ; 91 ; 173 ; 32 ; [2.4585254506132657] ; [1.3613177790709341]
840 ; 91 ; 173 ; 33 ; [1.7407376190123904] ; [1.4498856580248531]
840 ; 91 ; 173 ; 34 ; [1.9009523049088954] ; [3.0767867049688737]
840 ; 91 ; 173 ; 35 ; [2.3114274921458478] ; [0.72370625235914432]
840 ; 91 ; 173 ; 37 ; [1.9310296796866284] ; [1.4931115284853107]
840 ; 91 ; 173 ; 38 ; [1.3061922762433864] ; [1.2584480771516227]
840 ; 91 ; 173 ; 39 ; [1.9687438988385124] ; [1.7904532990853126]
840 ; 91 ; 173 ; 41 ; [1.9572429450040565] ; [1.621199224305953]
840 ; 91 ; 173 ; 42 ; [2.4334535991095954] ; [1.9571206901020606]
840 ; 91 ; 173 ; 45 ; [0.56489096626929813] ; [1.3738101633566453]
840 ; 91 ; 173 ; 47 ; [2.1413043300577845] ; [1.9800154347595662]
840 ; 91 ; 173 ; 55 ; [0.73912212844599379] ; [1.1568018356480732]
840 ; 91 ; 173 ; 57 ; [2.2409470496013548] ; [1.6276801157290079]
840 ; 91 ; 173 ; 58 ; [3.3620223827639308] ; [1.4627505395566516]
840 ; 91 ; 174 ; 0 ; [0.18480217873611138, 0.19114937947073901, 0.17654681650439377, 0.28290054585292029, 0.20070896919503284] ; [0.11179113258373509, 0.14525920889499386, 0.13086349813633433, 0.18887204743947381, 0.16481161486971774]
840 ; 91 ; 175 ; 0 ; [0.4263331040376202] ; [0.16547789633488316]
840 ; 91 ; 175 ; 1 ; [0.10155944346248538] ; [0.13580404293998705]
840 ; 91 ; 176 ; 0 ; [0.10981197309060202, 0.071100712358917753] ; [0.37543018318786453, 0.10021870950173047]
840 ; 91 ; 177 ; 3 ; [0.92614601598774515] ; [1.6196580210771858]
840 ; 91 ; 177 ; 5 ; [0.057451655014944585] ; [0.84661903601338417]
840 ; 91 ; 177 ; 7 ; [0.44733338065106332] ; [1.1533223786421964]
840 ; 91 ; 177 ; 8 ; [0.50269174979492282] ; [1.2616102097242159]
840 ; 91 ; 177 ; 9 ; [0.04692255327979454] ; [0.20612185942577158]
840 ; 91 ; 178 ; 0 ; [1.8230937378254535] ; [0.60571924219624329]
840 ; 91 ; 178 ; 1 ; [0.43569794134471945] ; [0.73077340197088969]
840 ; 91 ; 178 ; 2 ; [0.11275721879137365] ; [0.55334892147242487]
840 ; 91 ; 178 ; 3 ; [0.051410598056691618] ; [0.57988522579335799]
840 ; 91 ; 178 ; 5 ; [0.11462892803722921] ; [0.033439310530927399]
840 ; 91 ; 178 ; 8 ; [0.07201956726846255] ; [0.44172358176780685]
840 ; 91 ; 178 ; 10 ; [0.82232170749874689] ; [1.8877373483683386]
840 ; 91 ; 178 ; 13 ; [0.089022791669415624] ; [0.27343073761005615]
840 ; 91 ; 180 ; 1 ; [0.63557012907232557] ; [1.308424039433129]
840 ; 91 ; 180 ; 2 ; [0.87157458039399094] ; [2.810213757748798]
840 ; 91 ; 180 ; 3 ; [0.33036794030801309] ; [0.42269107251166171]
840 ; 91 ; 180 ; 10 ; [2.5771568403665839] ; [3.0081478578896275]
840 ; 91 ; 180 ; 14 ; [1.4637601742736825] ; [0.94842298109598044]
840 ; 91 ; 180 ; 15 ; [3.546559046334175] ; [3.8302835234745416]
840 ; 91 ; 181 ; 0 ; [0.04162367560135001, 0.087554726569494909, 0.06150353003745556, 0.019464345166089192] ; [0.42752533815479332, 0.25683068420916494, 0.32194128124027427, 0.1583741865350265]
840 ; 91 ; 182 ; 0 ; [2.9020206450592645] ; [1.5758473718536419]
840 ; 91 ; 182 ; 1 ; [0.52221926670561136] ; [5.1237309565953542]
840 ; 91 ; 182 ; 2 ; [1.9238627009607752] ; [2.926089020037749]
840 ; 91 ; 182 ; 3 ; [-0.16300527479069959] ; [1.078789398045426]
840 ; 91 ; 182 ; 4 ; [1.4780897220449294] ; [4.1033841212328781]
840 ; 91 ; 182 ; 5 ; [0.60080642081754132] ; [1.6405164523228299]
840 ; 91 ; 182 ; 6 ; [0.66366551208803282] ; [3.4068043675087711]
840 ; 91 ; 183 ; 0 ; [0.042985406958821436, 0.030692871538234651, -0.015772357244497655] ; [0.176228502675081, 0.19541687312785841, 0.14602475795618908]
840 ; 91 ; 184 ; 0 ; [0.11450374529019282] ; [0.18619559107784617]
840 ; 91 ; 184 ; 1 ; [0.55277558305052343] ; [0.80518950687429092]
840 ; 91 ; 185 ; 0 ; [0.19777767119561795, 0.42225573317644205, 0.93905904694367526] ; [0.19534204474133707, 0.22448131879667346, 0.86919613642790861]
840 ; 91 ; 185 ; 1 ; [0.066906656902001774, 0.37839622593941802] ; [0.10554235700262581, 0.12632174872538748]
840 ; 91 ; 186 ; 0 ; [0.0035753968595862908, 0.06711411347823773] ; [0.24355626192113319, 0.82619815741093372]
840 ; 91 ; 187 ; 0 ; [0.79285732746265003, 0.30376466037579503] ; [0.63762720661763717, 0.10612072784538182]
840 ; 91 ; 187 ; 4 ; [0.055781224902073941] ; [1.4821765825280042]
840 ; 91 ; 187 ; 5 ; [0.037972085634334893] ; [2.0153828198384303]
840 ; 91 ; 188 ; 0 ; [3.2148018648721823] ; [0.59447199439387022]
840 ; 91 ; 188 ; 1 ; [1.8409521923828498] ; [1.1463077440501435]
840 ; 91 ; 188 ; 2 ; [1.0970709904662328] ; [0.52292612798170268]
840 ; 91 ; 188 ; 13 ; [0.50400068232566819] ; [0.36072106465210191]
840 ; 91 ; 188 ; 17 ; [0.24776096211466042] ; [0.45921790759207409]
840 ; 91 ; 188 ; 29 ; [2.1555088904060535] ; [1.0753196853685798]
840 ; 91 ; 188 ; 33 ; [1.3600110741822196] ; [2.421868269120155]
840 ; 91 ; 188 ; 42 ; [1.1284559180608245] ; [0.47879909010332256]
840 ; 91 ; 188 ; 47 ; [1.0534286752104329] ; [0.30813278352618317]
840 ; 91 ; 188 ; 50 ; [0.025839107070520128] ; [0.092348281158341552]
840 ; 91 ; 189 ; 0 ; [0.038277986210418037] ; [0.021696066226639457]
840 ; 91 ; 190 ; 0 ; [4.4857970039788935] ; [2.6393983401346706]
840 ; 91 ; 190 ; 1 ; [3.7406632948718515] ; [1.3183627428381302]
840 ; 91 ; 190 ; 2 ; [1.7373395909356388] ; [1.2030439183919222]
840 ; 91 ; 190 ; 3 ; [6.8598567923681362] ; [2.7550725264149949]
840 ; 91 ; 190 ; 4 ; [1.9861535559167152] ; [2.5043550911801278]
840 ; 91 ; 191 ; 0 ; [0.18177544364193576] ; [0.17579441748905475]
840 ; 91 ; 191 ; 4 ; [2.1275401221520118] ; [0.31013819596080922]
840 ; 91 ; 191 ; 9 ; [0.32490912753385792] ; [0.29016614939203544]
840 ; 91 ; 192 ; 0 ; [0.058930924867443148, -0.0020067114728868317, 0.00074430020597916573, 0.00032386197232594778, 0.011594619431885547] ; [0.1874049662937981, 0.32241933763485897, 0.1522989460798112, 0.1666595010449981, 0.27393635779259817]
840 ; 91 ; 192 ; 1 ; [0.25327344574316668] ; [0.22422200231091918]
840 ; 91 ; 193 ; 0 ; [0.20035197310429401] ; [0.2168860109858799]
840 ; 91 ; 195 ; 0 ; [0.57401332316570186] ; [0.14526789129734413]
840 ; 91 ; 195 ; 1 ; [2.0808406808265816] ; [1.3199980995684617]
840 ; 91 ; 195 ; 2 ; [0.75425750515568546] ; [3.4670109854352753]
840 ; 91 ; 195 ; 4 ; [2.2057506034023038] ; [1.3604226957842891]
840 ; 91 ; 195 ; 8 ; [2.6011977500092849] ; [0.91250473605479043]
840 ; 91 ; 195 ; 9 ; [1.8361016174029468] ; [1.0533701607898456]
840 ; 91 ; 195 ; 10 ; [2.7738488194118753] ; [1.6707496201029317]
840 ; 91 ; 195 ; 11 ; [1.6636085962303317] ; [-0.14831145617789745]
840 ; 91 ; 196 ; 1 ; [0.22596728126530888, 0.16921824277854758, 0.39871585194474662, 0.25165562954720672] ; [0.16084006629499664, 0.20507733657933735, 0.33407459327934275, 0.16429382984594496]
840 ; 91 ; 197 ; 2 ; [0.43222572436585521, 0.25044112528069484, 0.26474854113697155] ; [0.24212238919964663, 0.4750762656968559, 0.12289296123633298]
840 ; 91 ; 198 ; 0 ; [0.022075630892204889, 0.13653884664785623] ; [0.2964662194110616, 0.13069864056726074]
840 ; 91 ; 199 ; 0 ; [0.095344088021287035, 0.070827650826931404, 0.035743628059235172] ; [0.21437044891072893, 0.18799709216334404, 0.15246522164562706]
840 ; 91 ; 200 ; 0 ; [-0.017917734701985676] ; [0.63792848308343675]
840 ; 91 ; 201 ; 0 ; [0.14283222910701288, 0.24868834352069541, 0.26975341983886425, 0.47340645723685731] ; [0.24774924485099162, 0.21192149731014223, 0.2896097618614939, 0.19302583494089251]
840 ; 91 ; 201 ; 1 ; [0.70559923660302615] ; [0.06594090795438623]
840 ; 91 ; 201 ; 2 ; [0.23420119582403817] ; [0.062403180551566781]
840 ; 91 ; 202 ; 0 ; [0.44451506706132182] ; [0.46095483030602313]
840 ; 91 ; 203 ; 0 ; [0.11281218598958272, 0.095711648853318385, 0.081136653099313269] ; [0.17946936155624141, 0.20230942048161413, 0.084117455567440588]
840 ; 91 ; 204 ; 0 ; [0.50464659113157373, 1.7148998003775358] ; [0.0054905690419608478, 0.31481438024249431]
840 ; 91 ; 204 ; 1 ; [0.75535874713847984] ; [0.62368671609260584]
840 ; 91 ; 205 ; 0 ; [0.090906783412807349] ; [0.2247157018215675]
840 ; 91 ; 205 ; 1 ; [0.083799807038244106] ; [0.027712110140451489]
840 ; 91 ; 205 ; 4 ; [0.12639254243605327, 0.10587480602314174, 0.047425497707465153] ; [0.23643155529437507, 0.18693224556097637, 0.012617164034794176]
840 ; 91 ; 206 ; 0 ; [0.0065243951987937589] ; [0.3315097210666737]
840 ; 91 ; 206 ; 3 ; [0.29819478617389183] ; [0.46223051487891725]
840 ; 91 ; 207 ; 0 ; [0.019048733865292825, 0.4078305095621102] ; [0.23990298997614751, 0.12473525162198618]
840 ; 91 ; 208 ; 0 ; [0.35050095682856403] ; [4.9288434754496162]
840 ; 91 ; 208 ; 2 ; [1.1944384725460833] ; [5.4410780796629021]
840 ; 91 ; 209 ; 0 ; [0.18304787805519213, 0.17374378805507987, 0.1765595971475864, 0.023465339058789631] ; [0.29258776760036698, 0.19254531735493299, 0.20911604479191379, 0.074318261923478485]
840 ; 91 ; 210 ; 2 ; [0.039414570462012542] ; [0.089171141466211162]
840 ; 91 ; 212 ; 0 ; [0.14271192013697254, 0.14990500713422075, 0.14748116759020238, 0.095124433671592748] ; [0.23072423588863403, 0.15380403559170255, 0.18895843917813146, 0.1391693975220949]
840 ; 91 ; 213 ; 0 ; [0.41589422290752504] ; [0.24228628716116796]
840 ; 91 ; 213 ; 1 ; [0.15441823194250515] ; [0.37494596177001371]
840 ; 91 ; 213 ; 2 ; [0.17560274249683702] ; [0.41715126081554932]
840 ; 91 ; 213 ; 3 ; [0.95329556903435164] ; [0.31148673036460045]
840 ; 91 ; 213 ; 4 ; [0.062185030296168148] ; [0.10678910419575238]
840 ; 91 ; 214 ; 2 ; [0.055438480332558014] ; [0.001758462538097231]
840 ; 91 ; 214 ; 3 ; [1.412716473316882] ; [0.14242090955969869]
840 ; 91 ; 215 ; 0 ; [0.93414566865643001] ; [0.69607169895109255]
840 ; 91 ; 215 ; 1 ; [0.20013313203165589] ; [0.35497688879928829]
840 ; 91 ; 216 ; 0 ; [0.21332306286299599] ; [0.10401536430071677]
840 ; 91 ; 217 ; 0 ; [0.24529025861239068] ; [0.56214459611312417]
840 ; 91 ; 217 ; 7 ; [0.89629707523696911] ; [0.086577232536211302]
840 ; 91 ; 217 ; 17 ; [1.8051878458611539] ; [0.33220124531120132]
840 ; 91 ; 218 ; 0 ; [0.14179430309437491, 0.1174021642279509, 0.11105360727326231, 0.1131496304008795, 0.067977971443603916] ; [0.1050015958341331, 0.15843419284800553, 0.30705997752283876, 0.15235373964050697, 0.49979885629946202]
840 ; 91 ; 218 ; 1 ; [0.086049594808665114] ; [0.010600453313628379]
840 ; 91 ; 219 ; 0 ; [0.47946156943998808] ; [0.40019136848007703]
840 ; 91 ; 219 ; 10 ; [1.7301516606359642] ; [2.1793163883810744]
840 ; 91 ; 219 ; 13 ; [0.77071918150865815] ; [1.3338491424769587]
840 ; 91 ; 220 ; 0 ; [0.11587825370288099, -0.010429612398684403, 0.017534641724945746] ; [0.2893177247657906, 0.18721201566163528, 0.022583085792695603]
840 ; 91 ; 220 ; 1 ; [0.20051585616826292] ; [0.10628279662618106]
840 ; 91 ; 221 ; 13 ; [0.1331373899666364] ; [3.7011941134423845]
840 ; 91 ; 221 ; 18 ; [3.2297686426428931] ; [2.3311558145611904]
840 ; 91 ; 221 ; 20 ; [1.6428603521697782] ; [1.8032588462511392]
840 ; 91 ; 221 ; 21 ; [4.4528656578536188] ; [1.3962099169456497]
840 ; 91 ; 222 ; 0 ; [0.073831552409498916, 0.34487972045278148, 0.26810638122263575] ; [0.1832971646797798, 0.25752312524726978, 0.38080977176736341]
840 ; 91 ; 222 ; 1 ; [0.015679979041968325] ; [0.11075799683169307]
840 ; 91 ; 222 ; 2 ; [0.12531858149182237] ; [-0.00281137441900641]
840 ; 91 ; 224 ; 0 ; [1.7989547862256412, 2.0533806129611936, 2.0975472580556955] ; [0.26220402702189755, 0.45795878383264688, 1.6819683922602151]
840 ; 91 ; 224 ; 9 ; [1.8435965688015126] ; [0.018811270974400756]
840 ; 91 ; 224 ; 10 ; [2.0298537513312138, 1.8967942961869881] ; [0.66042728784093063, 1.3260783424051865]
840 ; 91 ; 224 ; 12 ; [0.095174352572386947] ; [1.1070021762208269]
840 ; 91 ; 224 ; 14 ; [1.3053143598281345] ; [1.8857759398205527]
840 ; 91 ; 224 ; 16 ; [1.5076133197703185] ; [0.98652527694564196]
840 ; 91 ; 224 ; 18 ; [2.1986426771327747] ; [0.70635856287902254]
840 ; 91 ; 224 ; 19 ; [1.8831791175523613] ; [1.3720150004086644]
840 ; 91 ; 224 ; 23 ; [0.88972735239529033, 2.6461698143875436] ; [0.8381579241996685, 1.6853364129025925]
840 ; 91 ; 224 ; 24 ; [1.2130219701897837] ; [1.288408216880041]
840 ; 91 ; 224 ; 25 ; [1.3367792470547406] ; [1.6722042066617431]
840 ; 91 ; 224 ; 27 ; [0.93604751140140319] ; [0.91000205101323861]
840 ; 91 ; 224 ; 28 ; [1.6863419092392093] ; [1.8253535308734889]
840 ; 91 ; 224 ; 29 ; [1.9698847974781388] ; [1.1547232079756684]
840 ; 91 ; 224 ; 32 ; [3.055823510054918] ; [1.5352033300740342]
840 ; 91 ; 224 ; 33 ; [1.1071223168712561] ; [1.2448770496453341]
840 ; 91 ; 224 ; 34 ; [3.8171280113321187] ; [1.8811316016441646]
840 ; 91 ; 224 ; 35 ; [1.9162446881044186] ; [1.419543906480828]
840 ; 91 ; 224 ; 36 ; [2.0173840804154675] ; [0.67414987739928722]
840 ; 91 ; 224 ; 37 ; [1.1336150080125473] ; [0.78862048878244251]
840 ; 91 ; 225 ; 0 ; [0.36394664764764717, 0.086140988703954646] ; [0.54903765552672723, 0.09640559789568165]
840 ; 91 ; 225 ; 1 ; [2.462731077836239] ; [0.87816059888157316]
840 ; 91 ; 226 ; 0 ; [0.23191636123396955, 0.12490246862661758] ; [0.25332144746934249, 0.066347254955310436]
840 ; 91 ; 226 ; 1 ; [0.48470472422307609] ; [0.2533723182929784]
840 ; 91 ; 227 ; 0 ; [0.6157546606445371] ; [0.11700282780454785]
840 ; 91 ; 227 ; 1 ; [0.83642352206190729] ; [0.88819197188757848]
840 ; 91 ; 227 ; 2 ; [0.31631690753956887] ; [0.31240712248056568]
840 ; 91 ; 227 ; 4 ; [0.21357563840528604] ; [0.20333829288836308]
840 ; 91 ; 228 ; 0 ; [11.2943473627522] ; [0.44391438923698207]
840 ; 91 ; 228 ; 1 ; [0.45901735980934544] ; [1.0448376332269913]
840 ; 91 ; 228 ; 11 ; [1.7640233327798673] ; [1.0574508746720448]
840 ; 91 ; 228 ; 13 ; [3.0801566659246205] ; [0.90455339827622594]
840 ; 91 ; 229 ; 0 ; [1.2851211622204468] ; [0.15549236925578769]
840 ; 91 ; 229 ; 1 ; [1.1452225474983464] ; [1.4283515952953789]
840 ; 91 ; 229 ; 6 ; [0.57057249532927157] ; [0.30889385436483441]
840 ; 91 ; 229 ; 18 ; [0.29893178665249109] ; [0.043290861594828527]
840 ; 91 ; 231 ; 0 ; [0.289069096216305] ; [0.19145675233600706]
840 ; 91 ; 232 ; 1 ; [0.29693289109382393] ; [0.10888272888751142]
840 ; 91 ; 232 ; 2 ; [0.51337138194008625] ; [0.15139404074476157]
840 ; 91 ; 232 ; 4 ; [0.97932871293897961] ; [0.27417450480695249]
840 ; 91 ; 233 ; 0 ; [0.56888125326096872] ; [0.37391340420739766]
840 ; 91 ; 233 ; 1 ; [0.58038522535100001] ; [-0.00052802877879842651]
840 ; 91 ; 234 ; 0 ; [0.29038104620713534, 0.2515745938305845, 0.2503943722305404, 0.27697444644902242] ; [0.1573782916884657, 0.14379378221244069, 0.2294835540744101, 0.23309399945012102]
840 ; 91 ; 234 ; 1 ; [0.33454635850398495] ; [0.098866891021119577]
840 ; 91 ; 234 ; 2 ; [0.3826137838970064] ; [0.48058970289386199]
840 ; 91 ; 234 ; 3 ; [0.0018049794037195213] ; [0.3371954186378105]
840 ; 91 ; 234 ; 4 ; [0.13516878697597454] ; [0.22391991387779367]
840 ; 91 ; 234 ; 8 ; [0.25949731716585911] ; [0.086023561641458524]
840 ; 91 ; 235 ; 0 ; [0.23930334919960383, 0.18194960513447728] ; [0.11718087215209684, 0.10175857707942879]
840 ; 91 ; 236 ; 0 ; [0.11217568848517771] ; [0.11350120937275382]
840 ; 91 ; 236 ; 1 ; [0.3019789043423794] ; [0.16602495849630608]
840 ; 91 ; 236 ; 2 ; [0.1128969021674808] ; [-0.001793593442496222]
840 ; 91 ; 237 ; 0 ; [0.49796397366163853] ; [0.20296061764621104]
840 ; 91 ; 238 ; 0 ; [1.068785680193439] ; [0.94426385522133183]
840 ; 91 ; 238 ; 2 ; [0.031044778767086292] ; [1.684550486100532]
840 ; 91 ; 238 ; 4 ; [1.3060470025420357] ; [1.6637571892717529]
840 ; 91 ; 239 ; 0 ; [0.85851350449461583] ; [0.78018940674631609]
840 ; 91 ; 239 ; 1 ; [0.70672013784592869] ; [0.30328285570609564]
840 ; 91 ; 239 ; 2 ; [0.42272854846159869] ; [1.7922484371061487]
840 ; 91 ; 240 ; 0 ; [0.26554686719710296, 0.047195466860245665, 0.050852907578627399] ; [0.27012866905485355, 0.2067101202527469, 0.15271465510076632]
840 ; 91 ; 241 ; 0 ; [0.34396304771929509] ; [0.52687582614362805]
840 ; 91 ; 242 ; 0 ; [4.2228395511062145] ; [0.45373022433164489]
840 ; 91 ; 242 ; 1 ; [1.9941815606136397] ; [2.4731854362209251]
840 ; 91 ; 242 ; 2 ; [1.5791209817946406] ; [1.5485265328768252]
840 ; 91 ; 242 ; 3 ; [1.0561805528200872, 1.6705989301989994] ; [3.2759511104473797, 1.1139924632127693]
840 ; 91 ; 242 ; 5 ; [32.253487834355305] ; [0.2004787186500725]
840 ; 91 ; 242 ; 6 ; [1.5366688247990699] ; [1.9540840353420303]
840 ; 91 ; 242 ; 7 ; [2.2687533316033028] ; [1.8010256484063625]
840 ; 91 ; 242 ; 8 ; [1.4599181100439709] ; [1.9549172890019184]
840 ; 91 ; 242 ; 11 ; [0.59654464018480979] ; [1.04847576995505]
840 ; 91 ; 242 ; 13 ; [1.9484477098534316] ; [2.2252527060450018]
840 ; 91 ; 242 ; 14 ; [4.0649609317757038] ; [1.5012491620332795]
840 ; 91 ; 242 ; 17 ; [1.202547565814952] ; [1.4523236384187665]
840 ; 91 ; 242 ; 20 ; [3.3052491956172605] ; [1.4403355646886917]
840 ; 91 ; 242 ; 21 ; [6.7453430611951584] ; [1.6093200328255606]
840 ; 91 ; 242 ; 22 ; [3.065997302815644] ; [0.317030196932929]
840 ; 91 ; 242 ; 23 ; [1.9762135261245874] ; [1.7522445323238474]
840 ; 91 ; 242 ; 24 ; [1.4697166551770078] ; [1.4433705875368124]
840 ; 91 ; 242 ; 25 ; [1.5647300409593428] ; [1.7175093628037852]
840 ; 91 ; 242 ; 26 ; [1.3851143810657274] ; [2.2682468885093159]
840 ; 91 ; 242 ; 28 ; [2.9728592224157486] ; [0.57358634958370214]
840 ; 91 ; 242 ; 29 ; [2.5573451376492127] ; [1.7063535166308845]
840 ; 91 ; 242 ; 31 ; [0.43783678288741545] ; [1.6747129460031798]
840 ; 91 ; 242 ; 33 ; [1.124562689970982] ; [0.6277100818898399]
840 ; 91 ; 242 ; 35 ; [1.3194894867085003] ; [1.7274168687412763]
840 ; 91 ; 242 ; 37 ; [0.8733263232259495] ; [0.44473152861798415]
840 ; 91 ; 242 ; 38 ; [3.2754403728202206] ; [2.5344377101684374]
840 ; 91 ; 242 ; 42 ; [1.460461323380599] ; [1.4580894898012584]
840 ; 91 ; 242 ; 44 ; [0.72868451625891195] ; [1.5294831307730219]
840 ; 91 ; 242 ; 45 ; [3.9077552341752861] ; [1.7580724468468354]
840 ; 91 ; 242 ; 47 ; [2.2795268263418231] ; [1.3677412783505665]
840 ; 91 ; 242 ; 52 ; [3.5561073194520363] ; [2.8923974404028661]
840 ; 91 ; 242 ; 54 ; [2.2135174905485999] ; [1.7393566024406899]
840 ; 91 ; 242 ; 55 ; [2.5602826936125709] ; [2.1876301130560871]
840 ; 91 ; 242 ; 56 ; [4.6089600151688677] ; [2.2789649161803065]
840 ; 91 ; 242 ; 58 ; [0.61623879473284193] ; [2.3267272999870281]
840 ; 91 ; 242 ; 60 ; [4.5956293155263399] ; [2.0616029414005799]
840 ; 91 ; 242 ; 62 ; [16.576163149603527] ; [1.7375565205036754]
840 ; 91 ; 242 ; 64 ; [2.393585399466299] ; [2.8171456438572022]
840 ; 91 ; 242 ; 65 ; [1.0980022555929283] ; [2.0338164490080923]
840 ; 91 ; 242 ; 66 ; [2.2854468164158361] ; [1.7141165681738693]
840 ; 91 ; 242 ; 67 ; [1.0852395339088736] ; [2.2207882617211636]
840 ; 91 ; 243 ; 0 ; [1.042261529312511] ; [0.11096682371160992]
840 ; 91 ; 243 ; 1 ; [0.90369336328376493] ; [0.41243007800257381]
840 ; 91 ; 243 ; 2 ; [0.35461693157848811] ; [0.99510319507721423]
840 ; 91 ; 243 ; 4 ; [0.11074615313369961] ; [0.062448208817058454]
840 ; 91 ; 243 ; 5 ; [1.2178854817930718] ; [1.2071224139727534]
840 ; 91 ; 243 ; 13 ; [0.041033621852314531] ; [0.10560810215931335]
840 ; 91 ; 244 ; 0 ; [0.024867009445950994, 0.043331681099861921, 0.041795097556720624] ; [0.17973559949197768, 0.36937168778398999, 0.13018563360192559]
840 ; 91 ; 244 ; 1 ; [-0.005623993817547945] ; [0.11265583327813558]
840 ; 91 ; 245 ; 0 ; [0.19979385856862969, -0.0095945787834199985] ; [0.21401725829315119, 0.048385220998275406]
840 ; 91 ; 245 ; 1 ; [0.36085711135334675] ; [0.42576210924107555]
840 ; 91 ; 246 ; 0 ; [1.0375560623983766] ; [0.42457646278973371]
840 ; 91 ; 246 ; 1 ; [1.5824397429750978] ; [0.59481480116979157]
840 ; 91 ; 246 ; 2 ; [0.12207667412796229] ; [0.24134771312260755]
840 ; 91 ; 246 ; 11 ; [0.42042140608305756] ; [1.0778016077221955]
840 ; 91 ; 248 ; 0 ; [0.19865712354229687, 0.2651126041110955, 0.41022361975482047, 0.53643333870879972] ; [0.1257178790609951, 0.22373546121391666, 0.28643626725569077, 0.096794191399417293]
840 ; 91 ; 249 ; 0 ; [0.33839575568635227] ; [0.61317221011811185]
840 ; 91 ; 249 ; 1 ; [0.11038770431655119] ; [-0.0087163495095270004]
840 ; 91 ; 249 ; 3 ; [0.16747625527093535] ; [1.3410209948221754]
840 ; 91 ; 250 ; 0 ; [0.22653529257453928] ; [-0.023390250771872262]
840 ; 91 ; 250 ; 1 ; [0.90923320169855726] ; [0.95711503112298169]
840 ; 91 ; 251 ; 0 ; [0.41184889874268837] ; [0.5404127158814841]
840 ; 91 ; 251 ; 1 ; [2.1151863703203908] ; [1.4994863519681141]
840 ; 91 ; 251 ; 2 ; [1.7221604388294749] ; [0.99155885626376317]
840 ; 91 ; 251 ; 6 ; [1.1280265927476731] ; [0.86597279895155665]
840 ; 91 ; 251 ; 7 ; [0.94142020658437775] ; [1.776123700642108]
840 ; 91 ; 251 ; 8 ; [1.2373654461630628] ; [1.4554764500488393]
840 ; 91 ; 252 ; 0 ; [1.2159506377434741] ; [0.76846055230134602]
840 ; 91 ; 252 ; 1 ; [0.1514174532873232] ; [0.2778443137092565]
840 ; 91 ; 252 ; 3 ; [0.26836317827342293] ; [0.23672758627274934]
840 ; 91 ; 252 ; 4 ; [0.51218797887148826] ; [2.177159834481293]
840 ; 91 ; 252 ; 5 ; [1.0052445168450905] ; [0.43128612624694118]
840 ; 91 ; 252 ; 10 ; [0.63282491135177432] ; [3.2542116511952281]
840 ; 91 ; 252 ; 13 ; [1.1145101216751543] ; [0.7097241645471194]
840 ; 91 ; 252 ; 14 ; [1.0204503502564752] ; [1.3603518022690746]
840 ; 91 ; 252 ; 15 ; [1.4760624606091735] ; [1.8327863360124768]
840 ; 91 ; 254 ; 0 ; [1.9741244761702543] ; [0.59332440560572641]
840 ; 91 ; 254 ; 1 ; [1.6976401079565653] ; [1.7043916310423146]
840 ; 91 ; 254 ; 3 ; [1.6755825040031707] ; [2.0251725225439676]
840 ; 91 ; 255 ; 0 ; [0.18540427422569841] ; [0.46655764930765548]
840 ; 91 ; 255 ; 3 ; [0.67823760897765517] ; [2.0816659574784686]
840 ; 91 ; 256 ; 0 ; [0.40895865642829671] ; [0.13407208650238905]
840 ; 91 ; 256 ; 1 ; [0.58301740811835889] ; [-0.0084451314064272892]
840 ; 91 ; 256 ; 2 ; [1.0149933225763865] ; [1.4007307704157697]
840 ; 91 ; 256 ; 10 ; [2.9749578368590579] ; [1.2176253609801031]
840 ; 91 ; 256 ; 11 ; [1.7734483242595551] ; [2.1999838239629335]
840 ; 91 ; 256 ; 14 ; [0.37846069712377101] ; [0.068982665237496604]
840 ; 91 ; 257 ; 2 ; [0.52871332145410921] ; [0.055732973740204458]
840 ; 91 ; 257 ; 4 ; [0.32111330293834722, 0.76815664499322567] ; [0.27687492959178195, 0.29083192470290714]
840 ; 91 ; 258 ; 0 ; [0.22173380089080866] ; [0.7348521531119746]
840 ; 91 ; 258 ; 1 ; [0.36644647161670285] ; [0.15886532029997733]
840 ; 91 ; 258 ; 2 ; [1.572920232993555] ; [0.13314265145874027]
840 ; 91 ; 258 ; 8 ; [0.09935123491965403] ; [0.036134039311998135]
840 ; 91 ; 259 ; 0 ; [0.48164285394793149] ; [0.36512857593230386]
840 ; 91 ; 261 ; 0 ; [1.9945255489922884] ; [2.1732060383816205]
840 ; 91 ; 262 ; 0 ; [0.55881731231343268] ; [0.95425274797585224]
840 ; 91 ; 262 ; 2 ; [0.79493418032382934] ; [0.059071669055776939]
840 ; 91 ; 262 ; 3 ; [0.11213500941684243] ; [1.1279364448766078]
840 ; 91 ; 262 ; 4 ; [1.5605849163421657] ; [2.1154310598630106]
840 ; 91 ; 262 ; 5 ; [1.8048108234562572] ; [2.0444726779133915]
840 ; 91 ; 262 ; 7 ; [1.2345910007200269] ; [2.730714719760186]
840 ; 91 ; 262 ; 8 ; [1.5753932576013692] ; [0.91269100599580688]
840 ; 91 ; 262 ; 9 ; [0.23996626685060055] ; [0.21077069853544153]
840 ; 91 ; 262 ; 10 ; [1.7468972502312958] ; [0.5720309866899379]
840 ; 91 ; 263 ; 0 ; [0.12641793785676139] ; [0.13515750258402509]
840 ; 91 ; 263 ; 2 ; [0.10584071599738575] ; [1.1837532532605617]
840 ; 91 ; 263 ; 4 ; [0.1946637382551884] ; [1.0574422022236107]
840 ; 91 ; 263 ; 8 ; [0.2371677072098036] ; [0.17938232912886687]
840 ; 91 ; 263 ; 9 ; [4.3723405886629232] ; [0.52421139067869982]
840 ; 91 ; 264 ; 0 ; [0.33032218132266972] ; [0.11069146345105176]
840 ; 91 ; 264 ; 1 ; [0.60581993281184343] ; [0.26098761703619167]
840 ; 91 ; 264 ; 2 ; [0.99438093874677591, 4.7150989320534595] ; [0.40536555529529161, 0.88019693331476301]
840 ; 91 ; 264 ; 3 ; [0.13281846033323738] ; [1.3074560603710039]
840 ; 91 ; 264 ; 5 ; [0.28910125563529993] ; [1.1332753523499544]
840 ; 91 ; 264 ; 7 ; [0.73846698165164015] ; [0.46714576490027232]
840 ; 91 ; 265 ; 0 ; [0.18780922223952884, 0.0045082633208671542, 0.0073425951046880702, 0.04663947590888691] ; [0.20023180933929385, 0.16177043012268355, 0.17743539303669215, 0.22479934597369719]
840 ; 91 ; 265 ; 1 ; [0.38998469318475737, 0.31769985963668884, 0.36316976702787773] ; [0.098833929179429278, 0.32398930230188283, 0.14297493085667229]
840 ; 91 ; 266 ; 0 ; [0.47526041311648864, 0.57199137516524756] ; [0.2046153429399723, 1.0075489482118603]
840 ; 91 ; 266 ; 2 ; [1.7847107869649053] ; [1.9147270617607355]
840 ; 91 ; 266 ; 6 ; [0.1929775177001605] ; [2.3297451683410384]
840 ; 91 ; 266 ; 12 ; [3.8303575649227919] ; [1.9102838490724741]
840 ; 91 ; 266 ; 13 ; [3.0298025428298279] ; [1.5009651927393184]
840 ; 91 ; 266 ; 14 ; [2.1609718327643184] ; [1.991217580623049]
840 ; 91 ; 266 ; 18 ; [0.64804444068782996] ; [0.39737023479309647]
840 ; 91 ; 266 ; 19 ; [1.9117155219168585] ; [3.2759791595252636]
840 ; 91 ; 267 ; 0 ; [0.045518624486953707, 0.088339644395136377, 0.31846294221944665] ; [0.17176889777407633, 0.14270052201449371, 0.50845620378917566]
840 ; 91 ; 267 ; 2 ; [0.0038371081787731184, 0.1233825861548152] ; [0.38463866235147637, 0.070665428886048931]
840 ; 91 ; 268 ; 0 ; [0.0059051220353807127, 0.7582755799866302] ; [0.050830688567329023, 0.41751822861889148]
840 ; 91 ; 268 ; 6 ; [0.13233779996673753] ; [0.37266837465944069]
840 ; 91 ; 269 ; 1 ; [5.8248786023648629] ; [0.57305220590033878]
840 ; 91 ; 269 ; 2 ; [0.62823322829424677] ; [1.5204351888131669]
840 ; 91 ; 269 ; 5 ; [5.3415049513185595] ; [1.7637265929440453]
840 ; 91 ; 269 ; 9 ; [0.30111822068111327] ; [1.3376526422030903]
840 ; 91 ; 269 ; 14 ; [1.8035728213110429] ; [3.1430958166097303]
840 ; 91 ; 269 ; 17 ; [1.0126779649373416] ; [0.79290356197632639]
840 ; 91 ; 269 ; 19 ; [3.7625871092398548] ; [0.91971968315009434]
840 ; 91 ; 270 ; 0 ; [0.54098797421426659] ; [0.021449281770038429]
840 ; 91 ; 270 ; 2 ; [0.45900601840468042] ; [0.28814660371982875]
840 ; 91 ; 271 ; 0 ; [0.023363200104113975] ; [0.28974362412226468]
840 ; 91 ; 271 ; 1 ; [0.55414995519424637] ; [0.21502085609220523]
840 ; 91 ; 271 ; 2 ; [0.4316723216823723] ; [0.27504906199018353]
840 ; 91 ; 271 ; 5 ; [0.026123530699050303] ; [0.40935876360595513]
840 ; 91 ; 272 ; 0 ; [1.3561880879156838, 0.12248215972303839, 0.0464538611572516] ; [0.10467782738833153, 0.17930640257231337, 0.20672476307197868]
840 ; 91 ; 272 ; 1 ; [0.52034252470680231] ; [-0.0049398633043578298]
840 ; 91 ; 272 ; 2 ; [0.24400028043961122] ; [0.017217759602309698]
840 ; 91 ; 273 ; 0 ; [0.043652292891458271] ; [1.1767896041734127]
840 ; 91 ; 273 ; 2 ; [0.26922121516382191] ; [0.014564449120125998]
840 ; 91 ; 273 ; 4 ; [0.52158844172806129, 0.29727252659551223, 0.20805059591931949] ; [0.54784500942781944, 0.22598424917950119, 0.22962608454969224]
840 ; 91 ; 274 ; 0 ; [0.22987689035805117] ; [1.0109517275141364]
840 ; 91 ; 274 ; 4 ; [8.7141997897797374] ; [2.9649720729693514]
840 ; 91 ; 275 ; 1 ; [0.74343487570233546, 0.13232202298428022] ; [0.41730532536337656, 0.21994028574203717]
840 ; 91 ; 275 ; 2 ; [0.29462773422414684] ; [0.2091548367389762]
840 ; 91 ; 276 ; 0 ; [0.0053328286431626216, 0.04681148114590173, 0.040906261431982699] ; [0.21666952406693044, 0.185195607757148, 0.10996859936648498]
840 ; 91 ; 277 ; 0 ; [0.15735907641216437] ; [0.75038815867315434]
840 ; 91 ; 277 ; 1 ; [0.81010055940174319] ; [0.13309434435624121]
840 ; 91 ; 277 ; 2 ; [3.0384687894277342] ; [2.0460390952346894]
840 ; 91 ; 277 ; 3 ; [2.9883145746662265] ; [0.79050140679502401]
840 ; 91 ; 278 ; 0 ; [0.26842646619164667] ; [0.13931180581626296]
840 ; 91 ; 279 ; 0 ; [0.49177171360054389] ; [0.092914171273817819]
840 ; 91 ; 279 ; 1 ; [1.0891248871484176] ; [0.39040262813588927]
840 ; 91 ; 279 ; 2 ; [2.9257685292892939] ; [1.0840922658546279]
840 ; 91 ; 279 ; 6 ; [5.3605521676423358] ; [0.47904223696603848]
840 ; 91 ; 279 ; 13 ; [2.8261718140390619] ; [1.1424730215521797]
840 ; 91 ; 279 ; 14 ; [0.59372289360649355] ; [0.84711041412725285]
840 ; 91 ; 279 ; 16 ; [1.837462417098767] ; [0.57371564479979509]
840 ; 91 ; 280 ; 2 ; [2.7912550080702929] ; [1.0808219757125774]
840 ; 91 ; 280 ; 3 ; [0.11405690090570834] ; [1.4799648901149596]
840 ; 91 ; 280 ; 4 ; [-0.0096490692669748239] ; [-0.002956415965526316]
840 ; 91 ; 280 ; 8 ; [1.3987524912984033] ; [2.4259414279867881]
840 ; 91 ; 280 ; 10 ; [1.6662144360205755] ; [2.0587646723235751]
840 ; 91 ; 281 ; 0 ; [0.33341852164619035] ; [2.1721516924967252]
840 ; 91 ; 281 ; 1 ; [0.03978342800537104] ; [0.041896216944320136]
840 ; 91 ; 281 ; 2 ; [0.73574965086911404] ; [0.63108874933005799]
840 ; 91 ; 281 ; 3 ; [1.4007520201906591] ; [0.51307078673274664]
840 ; 91 ; 281 ; 5 ; [0.0050949391495561137] ; [2.0582699816546288]
840 ; 91 ; 281 ; 6 ; [-0.00060415553131498766] ; [0.58666809350156768]
840 ; 91 ; 282 ; 0 ; [0.36422599783951509] ; [0.26433399707228494]
840 ; 91 ; 282 ; 3 ; [2.1068273719034716] ; [0.11133323447152875]
840 ; 91 ; 282 ; 6 ; [0.12336547234484956] ; [1.8459972943554155]
840 ; 91 ; 282 ; 7 ; [1.2865333008044892] ; [1.9164358199523344]
840 ; 91 ; 282 ; 10 ; [1.2205318386938824] ; [0.76376926076862051]
840 ; 91 ; 282 ; 11 ; [1.9646295288777786] ; [0.54769077515059472]
840 ; 91 ; 282 ; 12 ; [3.7173336149120311] ; [0.426269603797025]
840 ; 91 ; 283 ; 0 ; [0.37473575826539179, -0.0065241506018716977] ; [1.2654893173591142, 1.8788444093539507]
840 ; 91 ; 283 ; 3 ; [0.78011469459003979] ; [1.2122216383561939]
840 ; 91 ; 283 ; 4 ; [3.7295975903261995] ; [1.2413261546785019]
840 ; 91 ; 284 ; 1 ; [1.8017580350983629] ; [0.85423557277287665]
840 ; 91 ; 285 ; 0 ; [0.87518928404058627] ; [0.19795598550653579]
840 ; 91 ; 285 ; 3 ; [0.30482490906588933] ; [0.85439176075369827]
840 ; 91 ; 285 ; 4 ; [1.854367250630294] ; [1.3404118483087786]
840 ; 91 ; 287 ; 0 ; [0.046856459212442782] ; [0.17610224290016466]
840 ; 91 ; 288 ; 0 ; [0.41608952596501869, 0.36290164440053352, 0.41317231681496952] ; [0.216187413867369, 0.19663133533252802, 0.20769023632415334]
840 ; 91 ; 289 ; 0 ; [0.29301045528423764, 0.3078415314655823, 0.26400882392104458, 0.19330584135062806, 0.12087137514299585] ; [0.054635799532529866, 0.19481642335475488, 0.19458599860549286, 0.17897332869899735, 0.13710210388182451]
840 ; 91 ; 290 ; 0 ; [0.15226340104849231] ; [0.17743115561971803]
840 ; 91 ; 290 ; 1 ; [0.4462892320036132] ; [0.26129574407076306]
840 ; 91 ; 290 ; 5 ; [0.027107342561565523] ; [1.2618175849405966]
840 ; 91 ; 290 ; 6 ; [0.40794333950253453] ; [2.0628979938658691]
840 ; 91 ; 291 ; 0 ; [0.86651756248221545, 0.28078925245562958, 0.090102673370229355] ; [1.6201468936048251, 0.46292835368560759, 0.20312545161146225]
840 ; 91 ; 291 ; 2 ; [1.491840253267215] ; [1.3229362169034951]
840 ; 91 ; 291 ; 6 ; [2.418939777479983] ; [0.49846651515720913]
840 ; 91 ; 292 ; 0 ; [0.033629951750412029, 0.013881673559094537, 0.68927526856304233] ; [0.20168668844066565, 0.16613469914331574, 0.19211718951493131]
840 ; 91 ; 292 ; 1 ; [0.216459613110872] ; [0.14444229644683376]
840 ; 91 ; 292 ; 2 ; [0.57631471581892635] ; [0.61104244309975919]
840 ; 91 ; 292 ; 3 ; [0.11694400206485238] ; [-0.0088364471935866769]
840 ; 91 ; 293 ; 0 ; [0.083080709720745827, 0.080935748133383709, 0.05831020009196005] ; [0.21468080068509834, 0.25714628318215454, 0.15150525041753438]
840 ; 91 ; 293 ; 1 ; [-0.00036255855588924118] ; [0.029644452467428181]
840 ; 91 ; 294 ; 0 ; [0.16403375447789867, 0.16268104677358933, 0.16208983869755972, 0.22331082399675117, 0.50213360142771757] ; [0.089196710764285148, 0.23000907627937534, 0.24193841431010649, 0.17754513627870916, 0.13720199757092122]
840 ; 91 ; 294 ; 1 ; [0.29372993221570665] ; [0.16203027332127573]
840 ; 91 ; 295 ; 0 ; [2.0573697303081144, 0.88091133554809187] ; [0.35569243051555532, 0.17795342772314593]
840 ; 91 ; 295 ; 1 ; [2.346110409348944] ; [0.2091661933349207]
840 ; 91 ; 295 ; 2 ; [2.7283459497672755] ; [0.17443994231667054]
840 ; 91 ; 295 ; 3 ; [0.35253848993891629] ; [0.1812379209790056]
840 ; 91 ; 295 ; 10 ; [1.562407014167507] ; [0.19922357055159098]
840 ; 91 ; 296 ; 0 ; [0.40505943046546233] ; [0.74386508178378075]
840 ; 91 ; 298 ; 0 ; [0.44455034387861797] ; [0.38905018959575743]
840 ; 91 ; 298 ; 1 ; [0.41687944968100832, 0.53993551634676618] ; [0.1023627829804355, 0.51973381171941535]
840 ; 91 ; 298 ; 2 ; [0.30251741085710609] ; [0.066183038972135927]
840 ; 91 ; 298 ; 3 ; [5.2148197726247005] ; [0.48780949100397863]
840 ; 91 ; 298 ; 4 ; [1.1198345850312663] ; [0.87881347632572093]
840 ; 91 ; 299 ; 0 ; [1.1872551700542799] ; [0.61340632810872853]
840 ; 91 ; 299 ; 1 ; [2.5197585311477404] ; [1.3547790047195376]
840 ; 91 ; 299 ; 2 ; [2.0318134210329872] ; [1.0315650185390817]
840 ; 91 ; 299 ; 9 ; [1.6686508311156358] ; [1.3077934210134388]
840 ; 91 ; 299 ; 11 ; [2.3878181510867975] ; [2.7712543272885397]
840 ; 91 ; 300 ; 0 ; [-0.0021371129572080919, -0.0011656456460100977, 0.051160371743607144, -0.020988030560361824] ; [0.18371165316800026, 0.15555400537079819, 0.17495341588908689, 0.1117648597175722]
840 ; 91 ; 301 ; 0 ; [0.41757058139323494, 1.283499088572039] ; [0.050559789136551153, 0.10527100030736611]
840 ; 91 ; 302 ; 0 ; [0.29225617221554517, 0.63946966752610468, 0.34579712127669815, 0.71859825535999222] ; [0.16701786942992339, 0.59561561079161351, 0.21135264269702844, 0.13669590244903204]
840 ; 91 ; 303 ; 3 ; [0.02891335246463864] ; [3.0809259160281264]
840 ; 91 ; 303 ; 6 ; [0.14941311289499182] ; [0.365549750592288]
840 ; 91 ; 304 ; 0 ; [0.41594741437694593] ; [0.24583853342156908]
840 ; 91 ; 304 ; 1 ; [1.212306562773438] ; [1.0141376755998892]
840 ; 91 ; 304 ; 2 ; [1.7352324795826726] ; [0.24169001116901778]
840 ; 91 ; 304 ; 3 ; [0.93530442936828206] ; [0.87916349515286474]
840 ; 91 ; 304 ; 4 ; [0.46821207765205886] ; [0.044790732056028008]
840 ; 91 ; 304 ; 8 ; [4.9166951027240193] ; [0.98622875876195504]
840 ; 91 ; 304 ; 9 ; [1.5699629305008784] ; [1.2660805099535379]
840 ; 91 ; 304 ; 10 ; [0.76919287881845377] ; [0.55525113975186235]
840 ; 91 ; 304 ; 15 ; [3.5651671147354009] ; [1.1126570415077044]
840 ; 91 ; 304 ; 18 ; [2.0836536790442008] ; [0.82080297017368453]
840 ; 91 ; 304 ; 22 ; [1.4284318456628131] ; [2.4318014921575251]
840 ; 91 ; 304 ; 26 ; [0.6909852081874952] ; [0.27065410450046229]
840 ; 91 ; 304 ; 28 ; [1.789735421910531] ; [0.13143488133909334]
840 ; 91 ; 304 ; 29 ; [1.7594127130606414] ; [0.96214823470229505]
840 ; 91 ; 304 ; 32 ; [1.6808227559345723] ; [1.2140996735005087]
840 ; 91 ; 304 ; 33 ; [1.7992550230421676] ; [0.49430708655589461]
840 ; 91 ; 304 ; 36 ; [2.931760547548246] ; [0.75218585856497588]
840 ; 91 ; 304 ; 38 ; [2.4016850791585886] ; [4.7619817834834901]
840 ; 91 ; 304 ; 40 ; [0.83106637525103899] ; [1.3771692916020504]
840 ; 91 ; 304 ; 44 ; [3.1768920607466065] ; [1.9074475783265756]
840 ; 91 ; 304 ; 52 ; [1.8957488489540584] ; [1.2384489757130568]
840 ; 91 ; 304 ; 54 ; [2.3296428610805284] ; [1.0983463941675606]
840 ; 91 ; 304 ; 57 ; [0.86303981811317365] ; [0.85887967955056277]
840 ; 91 ; 304 ; 59 ; [2.2151963823947227] ; [5.0518682381398454]
840 ; 91 ; 304 ; 62 ; [3.0880828516251246] ; [1.5471907500157829]
840 ; 91 ; 304 ; 63 ; [1.7674793744696509] ; [2.0309189469047357]
840 ; 91 ; 304 ; 64 ; [2.0043245312883404] ; [0.76643143066380381]
840 ; 91 ; 305 ; 0 ; [1.3534540028791604] ; [0.37031483093170436]
840 ; 91 ; 306 ; 0 ; [0.01688242863473002] ; [0.05655221138858469]
840 ; 91 ; 306 ; 1 ; [0.35310763381951948] ; [0.30765658426615938]
840 ; 91 ; 307 ; 0 ; [0.079530784855958783, 0.11438084728322336] ; [0.19603875829017808, 0.19072768378490065]
840 ; 91 ; 310 ; 0 ; [0.14712547592085201, 0.060009376773567075, 0.068053668519159977] ; [0.20445340826519023, 0.11760921805344958, 0.18563360448414551]
840 ; 91 ; 311 ; 0 ; [0.66507043787543418] ; [0.42133026494525649]
840 ; 91 ; 311 ; 1 ; [0.44563732833470859] ; [0.63373386075047478]
840 ; 91 ; 311 ; 2 ; [0.64351252398133207] ; [1.0531570262832204]
840 ; 91 ; 311 ; 3 ; [1.6239263238193038] ; [0.18217984717682836]
840 ; 91 ; 311 ; 4 ; [0.0030006183972805735] ; [0.62566758777272213]
840 ; 91 ; 311 ; 7 ; [0.2884356221143573] ; [0.77169894856204746]
840 ; 91 ; 312 ; 1 ; [1.7590799336243514] ; [0.54062334747079344]
840 ; 91 ; 312 ; 4 ; [1.3502049705309995] ; [0.79687188950328869]
840 ; 91 ; 312 ; 6 ; [1.8066263677300838] ; [0.3082612696823418]
840 ; 91 ; 312 ; 7 ; [1.4966276431098691] ; [0.57220212337029819]
840 ; 91 ; 312 ; 13 ; [0.98071704770173407] ; [1.3461495004135573]
840 ; 91 ; 312 ; 15 ; [0.37507106002450824] ; [0.49542778524129494]
840 ; 91 ; 312 ; 16 ; [3.4344099314661598] ; [0.48376411189562146]
840 ; 91 ; 312 ; 20 ; [0.84232961158471098] ; [0.98896402118395232]
840 ; 91 ; 312 ; 21 ; [1.2944622740554306] ; [1.3460978245143174]
840 ; 91 ; 312 ; 23 ; [2.8186543283612071] ; [0.18020560879525721]
840 ; 91 ; 312 ; 27 ; [2.5847997083667886] ; [2.553533010054895]
840 ; 91 ; 312 ; 28 ; [0.8977129106161319] ; [1.1258164616020749]
840 ; 91 ; 312 ; 30 ; [1.6921099412749103] ; [1.8582717953227825]
840 ; 91 ; 312 ; 31 ; [1.3219432610379866] ; [0.87863988850764163]
840 ; 91 ; 312 ; 32 ; [1.2507360815174851] ; [3.1335410315461512]
840 ; 91 ; 312 ; 44 ; [2.467895695921094] ; [2.1579648527000383]
840 ; 91 ; 312 ; 45 ; [1.3144124626800195] ; [2.2588742387458618]
840 ; 91 ; 312 ; 47 ; [0.40094481183932823] ; [1.5777240513467821]
840 ; 91 ; 312 ; 52 ; [1.3814603069040168] ; [2.1656221876971413]
840 ; 91 ; 312 ; 53 ; [2.0459297594163317] ; [1.9309980592672809]
840 ; 91 ; 312 ; 56 ; [1.7967577718447423] ; [2.2935857151425298]
840 ; 91 ; 312 ; 61 ; [2.5393238429285789] ; [1.5994861887649223]
840 ; 91 ; 312 ; 62 ; [3.4641115540728773] ; [1.6226450867890321]
840 ; 91 ; 313 ; 0 ; [0.072785375323615259, 1.5484443758543296, 0.067737577317057998] ; [0.19375836157976883, 0.41158669281156707, 0.48469499707028135]
840 ; 91 ; 313 ; 1 ; [0.11380653661832274] ; [0.062160113839611252]
840 ; 91 ; 314 ; 0 ; [-0.0040238917862538536, -0.011630430715355643] ; [0.1629355040194472, 0.025512102736920807]
840 ; 91 ; 314 ; 1 ; [0.13993834313161388] ; [0.28608532095036848]
840 ; 91 ; 315 ; 0 ; [0.62071681246010391] ; [0.09754124068642861]
840 ; 91 ; 315 ; 1 ; [0.60960960050631319] ; [1.3651132712546856]
840 ; 91 ; 316 ; 0 ; [0.19523975813750477, 0.42539547840873437, 0.1431662703160323] ; [0.1847662419533356, 0.4776906724277174, 0.35405660322782273]
840 ; 91 ; 317 ; 0 ; [0.19970343926648612] ; [0.41034987802051737]
840 ; 91 ; 317 ; 1 ; [0.5506758013781321] ; [0.1054556440046517]
840 ; 91 ; 317 ; 4 ; [0.00065105673326816245, 0.7476091806840941, 0.48171561290818127] ; [0.24966154102523724, 0.97259606150158284, 0.74180594193761829]
840 ; 91 ; 318 ; 0 ; [0.44146975445828812] ; [0.13166949794396896]
840 ; 91 ; 318 ; 2 ; [2.5701927919323007] ; [0.80972312545054337]
840 ; 91 ; 319 ; 0 ; [0.148261842515198, 0.1384125645948871, 0.08352678720995349, 0.025243836559633151] ; [0.19563318092703533, 0.1436772726168063, 0.15341464980207756, 0.052902946350999229]
840 ; 91 ; 320 ; 0 ; [0.15198985034068874] ; [0.28015720881692024]
840 ; 91 ; 321 ; 0 ; [0.21371117449463115, 0.19257097072303914] ; [0.19270435450402187, 0.36747745570149232]
840 ; 91 ; 321 ; 3 ; [0.16073895703784499] ; [0.24544418091095685]
840 ; 91 ; 322 ; 0 ; [0.011780560769561695, 0.033353185682241125, 0.061480977888064468] ; [0.16701686897351595, 0.22394307322090265, 0.11819626428129074]
840 ; 91 ; 323 ; 0 ; [0.23840958578467084, 0.23056326733299223, 0.19569297030014696, 0.058621612125080103] ; [0.17726476649943523, 0.27213449191583244, 0.1462745951390953, 0.10185692571385649]
840 ; 91 ; 324 ; 0 ; [0.33782132916010005] ; [0.21650805928952851]
840 ; 91 ; 324 ; 1 ; [0.39816744136389104] ; [1.7157754405039785]
840 ; 91 ; 325 ; 0 ; [0.021642732997065484, -0.0040945071109416307] ; [0.83489224999593481, 0.49305281519799871]
840 ; 91 ; 325 ; 1 ; [0.16750327317468414] ; [0.69355425102666279]
840 ; 91 ; 325 ; 3 ; [0.52918098166277261] ; [3.7104529937950996]
840 ; 91 ; 326 ; 3 ; [0.2175348425339711, 0.26791184279889385, 0.58452557946880357] ; [0.18306205390107599, 0.12872350457613255, 0.31827019441132354]
840 ; 91 ; 327 ; 0 ; [0.11207448300224229] ; [0.18493746345796158]
840 ; 91 ; 327 ; 2 ; [0.28151532367379156] ; [1.5990809377164596]
840 ; 91 ; 327 ; 3 ; [0.22824630381181571] ; [0.78553986169779855]
840 ; 91 ; 327 ; 5 ; [0.086471390963860778] ; [0.98590309509368601]
840 ; 91 ; 327 ; 7 ; [0.64062448740240119] ; [0.8432377126955487]
840 ; 91 ; 327 ; 11 ; [0.17307734908168645] ; [1.0162433968136042]
840 ; 91 ; 327 ; 12 ; [1.6386954509809215] ; [0.48182200651266655]
840 ; 91 ; 328 ; 1 ; [0.31697645806501529] ; [0.97424094619040358]
840 ; 91 ; 328 ; 5 ; [0.70826471054807938] ; [0.36427668321659934]
840 ; 91 ; 329 ; 0 ; [0.6478714458177407, -0.0020642295267384631] ; [0.50591979280253641, 0.11085728328531994]
840 ; 91 ; 329 ; 2 ; [0.37233780568044011] ; [0.75411500298604528]
840 ; 91 ; 330 ; 0 ; [0.20883077274538284] ; [0.11344217753627596]
840 ; 91 ; 330 ; 1 ; [0.54727457605301599] ; [0.51311641135584063]
840 ; 91 ; 330 ; 3 ; [0.1988532294541846] ; [0.74704577224908753]
840 ; 91 ; 330 ; 4 ; [0.011326645053314929] ; [1.3931140119976735]
840 ; 91 ; 330 ; 5 ; [0.15423803668606101] ; [0.11638980076306379]
840 ; 91 ; 330 ; 7 ; [0.33667731999192052] ; [1.1460592638636951]
840 ; 91 ; 331 ; 0 ; [0.4600371532378319, 0.03396569916834543, 0.24159742017351857] ; [0.24177092382294188, 0.42767199871003614, 0.26080939141506215]
840 ; 91 ; 332 ; 0 ; [1.0781662441260202] ; [0.50943035187821617]
840 ; 91 ; 332 ; 1 ; [0.95020872080479357] ; [0.676263070955889]
840 ; 91 ; 332 ; 10 ; [0.5855430954678843, 0.47176805757415186] ; [0.50881314412056133, 1.2752415700142461]
840 ; 91 ; 333 ; 0 ; [0.032521688872978488] ; [0.19601920675965098]
840 ; 91 ; 333 ; 1 ; [7.8555137901989145] ; [0.58473297490756315]
840 ; 91 ; 333 ; 2 ; [4.2763000180368378] ; [0.70068572324096301]
840 ; 91 ; 333 ; 4 ; [0.53525449573766581] ; [0.40131676320832538]
840 ; 91 ; 333 ; 5 ; [0.23690318129370852] ; [0.97214638599087611]
840 ; 91 ; 333 ; 14 ; [1.5283418871190588] ; [1.9767410317754881]
840 ; 91 ; 333 ; 15 ; [1.2273695869699133] ; [1.2389849379167972]
840 ; 91 ; 333 ; 17 ; [0.18272463389963925] ; [2.8866652168437796]
840 ; 91 ; 333 ; 19 ; [0.1579244156242835] ; [2.7929537127969666]
840 ; 91 ; 333 ; 23 ; [0.059554060585291259] ; [1.9866223712417919]
840 ; 91 ; 334 ; 0 ; [0.88406235890631868] ; [0.86322677627490019]
840 ; 91 ; 334 ; 1 ; [0.58402355140279893] ; [0.50496623299185595]
840 ; 91 ; 334 ; 2 ; [-0.0099251483226508123] ; [0.01376951346385966]
840 ; 91 ; 334 ; 4 ; [1.1374149205159585] ; [0.63626882979767629]
840 ; 91 ; 334 ; 7 ; [1.7968450605434132] ; [1.0634044405815739]
840 ; 91 ; 334 ; 9 ; [0.10318942781179538] ; [7.255113944222936]