# Run ; Subrun ; Event ; Track ; Charge Ratios View 0 ; Charge Ratios View 1 #
840 ; 22 ; 0 ; 0 ; [0.14899444810735643, 0.36669818985119268, 0.28419243842705516, 0.12336864005208936] ; [0.19154394969233038, 0.32080304884074495, 0.19302518873946531, 0.2183820828537085]
840 ; 22 ; 1 ; 0 ; [1.5682537898124751] ; [0.61091392001534883]
840 ; 22 ; 1 ; 1 ; [0.42298224973204762] ; [1.1473087140118292]
840 ; 22 ; 1 ; 3 ; [6.6683570797200735] ; [8.1261071639450257]
840 ; 22 ; 1 ; 6 ; [1.5730907011081008] ; [0.4481274109006132]
840 ; 22 ; 2 ; 0 ; [0.72652247541726755] ; [1.8708050645310985]
840 ; 22 ; 2 ; 1 ; [0.33913147074850053] ; [4.0111879715949268]
840 ; 22 ; 2 ; 2 ; [0.50521033344663679] ; [0.6859545300189186]
840 ; 22 ; 2 ; 7 ; [0.95147369545542904] ; [0.19232702870106247]
840 ; 22 ; 2 ; 9 ; [1.5252629156255559] ; [1.4648576733902878]
840 ; 22 ; 2 ; 17 ; [0.53438548117278872] ; [0.42202993260877958]
840 ; 22 ; 2 ; 18 ; [0.46766720943840373] ; [0.93602534555727268]
840 ; 22 ; 3 ; 0 ; [0.026231846876762339, 0.081727659721117299, 0.014280222020264974] ; [0.41217638238212961, 0.17879772182754683, 0.49094921356858168]
840 ; 22 ; 4 ; 0 ; [0.053268901022226527] ; [0.21637967455596527]
840 ; 22 ; 5 ; 0 ; [0.51265085261755539] ; [0.30227201124953512]
840 ; 22 ; 5 ; 5 ; [0.024395762811774545] ; [0.79896622753555746]
840 ; 22 ; 7 ; 0 ; [0.91533769831906542, 0.071504786991742494, 0.23633308367883044, 0.22016661735981879, 0.038790558822879864] ; [0.1112953503779552, 0.16008297342006869, 0.39942411459997523, 0.59460360607174756, 0.11929843125832183]
840 ; 22 ; 8 ; 0 ; [0.018035016473288396, -0.00056293990720633201, -0.0040716510028868912] ; [0.19192377004854669, 0.18997488135402771, 0.09331814692346764]
840 ; 22 ; 9 ; 0 ; [0.083556737755868485, 0.12783089723235586, 0.07971300894381704, 0.076019708503228242] ; [0.14072385570429974, 0.2950132852560034, 0.15421726066910646, 0.11870191034599266]
840 ; 22 ; 9 ; 1 ; [0.72953527742748225] ; [-0.0020692439416340022]
840 ; 22 ; 10 ; 0 ; [0.040555144499912738] ; [-0.016560792666002518]
840 ; 22 ; 10 ; 1 ; [0.96172191997583167] ; [0.47797138320559795]
840 ; 22 ; 10 ; 3 ; [3.3366421915868743] ; [0.28600344603619249]
840 ; 22 ; 10 ; 6 ; [0.35728262862118937] ; [0.18199914688305074]
840 ; 22 ; 10 ; 7 ; [0.57797055385041851] ; [0.47059413648623893]
840 ; 22 ; 11 ; 1 ; [0.062972911780238686] ; [0.098840302095553209]
840 ; 22 ; 11 ; 8 ; [0.0022970042818526428] ; [3.3216974917087132]
840 ; 22 ; 11 ; 10 ; [0.45794027877512011] ; [1.8011339485315552]
840 ; 22 ; 12 ; 0 ; [0.24383136016272361, 0.079573324216600974] ; [0.22139092165286497, 0.20660721627715231]
840 ; 22 ; 13 ; 0 ; [0.11260030440964462] ; [0.4143179145926329]
840 ; 22 ; 14 ; 0 ; [0.025553980219705407, -0.0073715573172322872, 0.00075960620691774435] ; [0.30697982466013352, 0.11163172815495685, 0.15133180490448506]
840 ; 22 ; 15 ; 0 ; [0.08685704346303566] ; [0.10881262786336894]
840 ; 22 ; 15 ; 1 ; [0.167269495690304] ; [0.31771176240993459]
840 ; 22 ; 15 ; 2 ; [0.88387080820961261] ; [0.36418426902335865]
840 ; 22 ; 15 ; 3 ; [0.38988904755847603] ; [0.40011133747398253]
840 ; 22 ; 15 ; 15 ; [2.0034338821354498] ; [1.1186901759768908]
840 ; 22 ; 16 ; 0 ; [0.21204690027396794] ; [0.19507164616085895]
840 ; 22 ; 16 ; 1 ; [0.82145059370240248] ; [0.097549145587169803]
840 ; 22 ; 16 ; 2 ; [0.23318530203248858] ; [0.41535786957810938]
840 ; 22 ; 16 ; 3 ; [0.66511730278591463] ; [-0.02063681742576581]
840 ; 22 ; 16 ; 7 ; [0.15103467670331253] ; [0.33961910523587485]
840 ; 22 ; 16 ; 8 ; [0.27013455776236234] ; [0.043736549030463506]
840 ; 22 ; 17 ; 0 ; [0.101616816543818, 0.16477540632825732, 0.03144291234654284, 0.016354698293331672] ; [0.25599170600068299, 0.4024005783465317, 0.14433907478420063, 0.091293102755235681]
840 ; 22 ; 18 ; 0 ; [0.076966936413025211] ; [0.012810266500744065]
840 ; 22 ; 18 ; 2 ; [0.63529730033041576] ; [0.34117362163040527]
840 ; 22 ; 18 ; 9 ; [0.73054210829458799, 5.6938579188963097] ; [0.30869647864971356, 2.3846448654208001]
840 ; 22 ; 19 ; 1 ; [1.2081889704324795] ; [1.1006183751932457]
840 ; 22 ; 19 ; 12 ; [2.6031149228160277] ; [1.0189515926136241]
840 ; 22 ; 19 ; 18 ; [0.52599610021130239] ; [0.70664826411376946]
840 ; 22 ; 20 ; 0 ; [0.01081654357323315, 0.0030484111041262111] ; [0.22875664864701387, 0.068877856875536797]
840 ; 22 ; 20 ; 1 ; [0.087318009629688179] ; [0.00040916356697325837]
840 ; 22 ; 21 ; 0 ; [0.053710738845948097, 0.64948864684695551] ; [0.12305925816009954, 0.84680193226482492]
840 ; 22 ; 21 ; 3 ; [0.30532454153289817] ; [0.44433044861547527]
840 ; 22 ; 22 ; 1 ; [0.3256013758261575] ; [0.6482834277094961]
840 ; 22 ; 22 ; 2 ; [0.25793895548516621] ; [0.10458668409652529]
840 ; 22 ; 22 ; 4 ; [0.13891370874326034] ; [0.53763887973076152]
840 ; 22 ; 22 ; 5 ; [0.0095008805414844161] ; [-0.010294455544610264]
840 ; 22 ; 23 ; 0 ; [0.68295155202196445] ; [0.29724358047147664]
840 ; 22 ; 23 ; 1 ; [0.91785013803067106] ; [0.0047884641830572743]
840 ; 22 ; 23 ; 2 ; [0.036527615279080584] ; [0.37534237498786649]
840 ; 22 ; 23 ; 3 ; [0.17498877595611878] ; [-0.022145321972193505]
840 ; 22 ; 23 ; 4 ; [0.80232757863582138] ; [0.036932513897659731]
840 ; 22 ; 23 ; 8 ; [2.194489575815735] ; [1.0556529871929199]
840 ; 22 ; 23 ; 16 ; [0.38661082468497515] ; [0.22141490720655183]
840 ; 22 ; 24 ; 0 ; [0.24226548371042564, 0.14374660472677919, 0.096864609822906692] ; [0.15086273621878166, 0.22286192804752092, 0.015727538004239715]
840 ; 22 ; 24 ; 1 ; [0.31929591439759114, 0.07283805332888163] ; [-0.041934543815994381, -0.0088055009025413307]
840 ; 22 ; 25 ; 1 ; [1.0024510391003421] ; [0.2659974557740179]
840 ; 22 ; 25 ; 3 ; [0.72575083930517859] ; [0.67659150738771445]
840 ; 22 ; 25 ; 6 ; [0.62419433040914085] ; [0.91194123791713877]
840 ; 22 ; 25 ; 7 ; [0.58820129854600367] ; [0.30590485418032037]
840 ; 22 ; 26 ; 0 ; [0.50818553701732805, 0.40978130793758638, 0.1504067299908553] ; [0.30551278546804161, 0.29846872867828778, 0.12650597166153382]
840 ; 22 ; 26 ; 3 ; [0.15152586486575564] ; [0.095899996785424935]
840 ; 22 ; 27 ; 2 ; [0.77869646847215679] ; [0.7235116678862753]
840 ; 22 ; 27 ; 9 ; [1.0511424615761291] ; [1.0845510638619984]
840 ; 22 ; 28 ; 0 ; [0.16575717600449716, 0.18341460526308145, 0.098071542298085915] ; [0.18093326421771638, 0.18209904134661067, 0.047124916708489235]
840 ; 22 ; 29 ; 0 ; [0.024338759002298184, 0.055440600901649435, 0.026656421559257414, 0.2994688231348453] ; [0.24406597791257395, 0.16139000394347272, 0.21950989129237575, 0.27114221385586545]
840 ; 22 ; 29 ; 1 ; [0.0086012102953612786] ; [0.11014002749626704]
840 ; 22 ; 30 ; 0 ; [0.18237998487208271, -0.012040361297795026, 0.091994125281595077, 0.44902188580873587] ; [0.14234483134443754, 0.10877486814263893, 0.34985708727517634, 0.8400610332852293]
840 ; 22 ; 30 ; 1 ; [0.28361342169572978, 0.2875230950777361, 0.19678685362951451] ; [0.3552303116409295, 0.54265279192895277, 0.47625925835504557]
840 ; 22 ; 30 ; 2 ; [0.17123385882499126, 0.22203658188060565] ; [0.24791620769381545, -0.033871342157627139]
840 ; 22 ; 31 ; 0 ; [0.1422015458148945] ; [0.14509494670649148]
840 ; 22 ; 31 ; 2 ; [0.51082405926824848] ; [0.45373862852515573]
840 ; 22 ; 32 ; 0 ; [-0.012861380543580067, 0.066111208870491725, 0.0089605419596486494, 0.04854908400545551] ; [0.18065109070421348, 0.19430363881967413, 0.22793364759809165, 0.09806254896216543]
840 ; 22 ; 33 ; 0 ; [0.10284840394179806, 0.047227018417594122, 0.15718479577642097] ; [0.16867265768782314, 0.18151946691746951, 0.32694998128523667]
840 ; 22 ; 33 ; 1 ; [0.41531145657541385] ; [0.24847436057621261]
840 ; 22 ; 34 ; 0 ; [0.15532716423309637, 0.1480490411545744, 0.15830227817242229] ; [0.41853327668000478, 0.20088308210636091, 0.2142797780060256]
840 ; 22 ; 34 ; 2 ; [0.016030527698936071] ; [0.31377595868564767]
840 ; 22 ; 35 ; 0 ; [0.090733415862474617, 0.017761124522729373, 0.0089852026143162761] ; [0.2226550029087872, 0.1875972710523538, 0.067057783963019382]
840 ; 22 ; 36 ; 0 ; [0.19411989012529335] ; [0.11881556418376442]
840 ; 22 ; 38 ; 0 ; [0.499307930258377] ; [2.6899902225830479]
840 ; 22 ; 38 ; 1 ; [1.1651993741544109] ; [1.8303942144092138]
840 ; 22 ; 38 ; 3 ; [1.7002613819227159] ; [7.4662020850154169]
840 ; 22 ; 38 ; 4 ; [0.48585348198618666] ; [2.6972123859439807]
840 ; 22 ; 38 ; 6 ; [2.0473957308782791] ; [3.7377435169535285]
840 ; 22 ; 38 ; 7 ; [1.664774761808681] ; [2.1600863515473345]
840 ; 22 ; 38 ; 8 ; [0.34452923094743315] ; [6.0449455936731731]
840 ; 22 ; 38 ; 9 ; [4.2847432732321611] ; [7.1395387202138627]
840 ; 22 ; 39 ; 0 ; [0.19253405643893973, 0.13084261423347252, 0.22720261755300322] ; [0.17141467371626756, 0.18266210073729275, 0.21711023776436553]
840 ; 22 ; 39 ; 3 ; [0.28685512993912943] ; [0.3625290133837844]
840 ; 22 ; 40 ; 0 ; [0.11645545162256972] ; [0.11677653707566246]
840 ; 22 ; 40 ; 4 ; [1.4704560772865669] ; [1.8500351427079404]
840 ; 22 ; 41 ; 0 ; [0.47786562334597016] ; [0.57418555122727621]
840 ; 22 ; 42 ; 0 ; [0.43910758007287787] ; [0.2094482904699814]
840 ; 22 ; 43 ; 0 ; [0.46373956294037411, 0.40228273028225747, 0.20986542615536985, 0.32586925811387951, 0.096601942441272556] ; [0.21962110501243606, 0.64343463069193885, 0.18647919827371059, 0.19311036027654058, 0.13894542775735341]
840 ; 22 ; 44 ; 7 ; [0.38764471605525735] ; [0.27685470215123603]
840 ; 22 ; 45 ; 0 ; [0.60996331632847178, 0.68139450193628881] ; [0.41742727587025935, 0.68382384242370386]
840 ; 22 ; 45 ; 2 ; [0.60425574721345032] ; [1.6276069468745826]
840 ; 22 ; 46 ; 0 ; [0.13948603903967308, 0.11075795639973925] ; [0.2695639304881684, 0.26361291217807803]
840 ; 22 ; 48 ; 0 ; [0.23921665696518318, 0.17520276766055984] ; [0.19988112268158684, 0.39612723742173206]
840 ; 22 ; 49 ; 1 ; [0.77188216669486709] ; [0.72974104430344056]
840 ; 22 ; 50 ; 0 ; [0.41376127702713533] ; [0.48555081594402932]
840 ; 22 ; 50 ; 1 ; [0.81149543184257888] ; [0.46358369628586682]
840 ; 22 ; 50 ; 2 ; [0.13946398221625983] ; [0.15402918067123975]
840 ; 22 ; 50 ; 3 ; [0.63991792592878594] ; [0.35378727820708694]
840 ; 22 ; 50 ; 4 ; [0.51675583597081609] ; [-0.0031003463827159491]
840 ; 22 ; 51 ; 0 ; [0.080716797440219021, 0.17033803728932118, 0.20142028260447822] ; [0.17969094781456829, 0.38166401507239484, 0.60735754091562844]
840 ; 22 ; 54 ; 1 ; [0.27996664068716159] ; [1.4002042930479661]
840 ; 22 ; 54 ; 4 ; [0.69704878618688959] ; [1.8191533254689118]
840 ; 22 ; 54 ; 6 ; [2.0792673422907582] ; [1.6157569578099267]
840 ; 22 ; 54 ; 7 ; [0.88846238625030738] ; [1.7617715841977373]
840 ; 22 ; 55 ; 0 ; [0.8890989359080943] ; [1.1013992840614815]
840 ; 22 ; 55 ; 4 ; [1.8745742201860858] ; [4.131626053824049]
840 ; 22 ; 55 ; 5 ; [0.3455981620030571] ; [1.2320869274905002]
840 ; 22 ; 55 ; 6 ; [2.5444757682547858] ; [1.2136395292134987]
840 ; 22 ; 55 ; 7 ; [2.5291664194527166] ; [2.1133044955333333]
840 ; 22 ; 56 ; 0 ; [0.39493434818876483, 0.15134499259283749, 0.82468829662266674] ; [0.85637948665069752, 0.35228041964395385, 0.73181154730349773]
840 ; 22 ; 56 ; 1 ; [2.7022813768465577] ; [0.36246373871768683]
840 ; 22 ; 57 ; 0 ; [0.15871762350246077, 0.27065479892063421] ; [0.24460687184227445, 0.18362589809287835]
840 ; 22 ; 58 ; 0 ; [0.22798476652178939, 0.024068215170625008, 0.13671188278462024] ; [0.19947944394493403, 0.17583880986192146, 0.20505192505625819]
840 ; 22 ; 59 ; 4 ; [0.38944138476432794] ; [0.039096418300209837]
840 ; 22 ; 59 ; 5 ; [1.0317248324365713] ; [0.20155519276168352]
840 ; 22 ; 59 ; 6 ; [0.14060286518284582] ; [-0.014464682678844175]
840 ; 22 ; 60 ; 0 ; [-0.2454104945013813] ; [-0.054655076266137428]
840 ; 22 ; 61 ; 3 ; [0.16701252217165033] ; [9.0373706406199741]
840 ; 22 ; 61 ; 4 ; [0.50676962544974724] ; [0.51289156618873011]
840 ; 22 ; 61 ; 6 ; [1.0842005404992083] ; [0.503441718158816]
840 ; 22 ; 61 ; 7 ; [0.034480027196465306] ; [0.18657277705384667]
840 ; 22 ; 62 ; 0 ; [0.30489747525223859] ; [3.5893766215403766]
840 ; 22 ; 62 ; 1 ; [1.7780115178358789] ; [3.2471089240569211]
840 ; 22 ; 62 ; 4 ; [1.8287599370476737, 2.7468998093939421] ; [7.0527259483446034, 2.2667110355271194]
840 ; 22 ; 62 ; 6 ; [1.7262547334719598] ; [2.0605274808766043]
840 ; 22 ; 62 ; 7 ; [0.13323781204261836] ; [0.025396893012028791]
840 ; 22 ; 62 ; 8 ; [2.2296635589824021] ; [4.5818305551091525]
840 ; 22 ; 62 ; 9 ; [2.6393569004105544] ; [4.4340747976603758]
840 ; 22 ; 62 ; 10 ; [0.39299435691169393] ; [1.8328775876221608]
840 ; 22 ; 62 ; 11 ; [1.8923557451932285] ; [1.5383513481482658]
840 ; 22 ; 62 ; 12 ; [1.7705182743920964] ; [2.6978425817602805]
840 ; 22 ; 62 ; 16 ; [2.1256037417272418] ; [3.7049099741081051]
840 ; 22 ; 62 ; 17 ; [0.32964752331350688] ; [2.7665596030709749]
840 ; 22 ; 62 ; 22 ; [2.0812903324464544] ; [7.9402147610290612]
840 ; 22 ; 62 ; 25 ; [0.39156630010400678] ; [0.92001754819918213]
840 ; 22 ; 62 ; 27 ; [0.9213676341844671] ; [0.55833153129093627]
840 ; 22 ; 62 ; 28 ; [2.2449697263728003] ; [16.280894726162813]
840 ; 22 ; 62 ; 29 ; [1.7630615970523027] ; [5.3233155680818678]
840 ; 22 ; 62 ; 31 ; [0.51468159690871529] ; [0.8915081087644019]
840 ; 22 ; 62 ; 32 ; [1.8423546274600309] ; [4.5692170933952774]
840 ; 22 ; 63 ; 0 ; [0.23583525764614194, 0.37939612833863851] ; [0.18700847068796159, 0.12302885589413945]
840 ; 22 ; 64 ; 0 ; [0.041044530840084394, 0.073907162978534002] ; [0.2210980436232908, 0.21025195104621336]
840 ; 22 ; 64 ; 1 ; [0.11779084608019727] ; [0.18068071449404885]
840 ; 22 ; 65 ; 0 ; [2.9201084647398403, 0.45260855964406443, 0.14908497491122205, -0.044346595993152757] ; [0.21590479211293664, 0.46171898815545082, 0.64841479904551835, 0.06282907639186662]
840 ; 22 ; 65 ; 1 ; [0.42920337042192286] ; [0.19790953250426899]
840 ; 22 ; 65 ; 2 ; [0.85804732666522909] ; [0.1550891761534765]
840 ; 22 ; 66 ; 4 ; [0.10427577001991159, 0.0022266267757924396] ; [0.4020440060524017, 0.18042737806480699]
840 ; 22 ; 66 ; 5 ; [1.9608335147932785] ; [0.23767503844816515]
840 ; 22 ; 67 ; 0 ; [0.21627160259646905] ; [0.025181624356541681]
840 ; 22 ; 67 ; 1 ; [1.0218365248921237, 0.015708860179604309] ; [0.37978101076932819, 0.017342037028554941]
840 ; 22 ; 67 ; 11 ; [0.21783012132274682] ; [0.13539649499601336]
840 ; 22 ; 68 ; 0 ; [0.021922871452620112, 0.008826059132680978, 0.041767523530982981, 0.39716037237520613] ; [0.19367252604266405, 0.33021710019505102, 0.32298490660567836, 0.14062168913817463]
840 ; 22 ; 68 ; 1 ; [0.082318678185234362] ; [0.34399160927394323]
840 ; 22 ; 68 ; 2 ; [-0.041381075531672806] ; [0.068864046967627032]
840 ; 22 ; 68 ; 3 ; [0.11695534836260327] ; [0.012156558729128479]
840 ; 22 ; 69 ; 3 ; [1.7596643983311193] ; [1.2725960059363248]
840 ; 22 ; 69 ; 6 ; [0.53457186857039507] ; [0.52503681828212445]
840 ; 22 ; 69 ; 8 ; [0.46780656841320123] ; [1.2766933938279164]
840 ; 22 ; 69 ; 10 ; [2.0767209302778] ; [2.6222368783765906]
840 ; 22 ; 69 ; 11 ; [1.1447609292913024] ; [2.0715363484997047]
840 ; 22 ; 70 ; 0 ; [0.0062969395411554769, -0.023199423611535704] ; [0.37110761570344569, 0.11599335377061626]
840 ; 22 ; 70 ; 2 ; [0.0060547754285464224] ; [0.017039484821749423]
840 ; 22 ; 71 ; 0 ; [0.73370986376538416] ; [0.10528046263378171]
840 ; 22 ; 71 ; 1 ; [0.90133486816228003] ; [2.4373712690638278]
840 ; 22 ; 71 ; 2 ; [1.7730094051760275] ; [1.0869854235911538]
840 ; 22 ; 71 ; 6 ; [1.0879372420354865] ; [1.3087260968347287]
840 ; 22 ; 71 ; 8 ; [1.0336670992747357] ; [1.2356880002673869]
840 ; 22 ; 71 ; 10 ; [2.4890856021067678] ; [0.18796889946185824]
840 ; 22 ; 72 ; 0 ; [0.11659085938508761] ; [0.18854653781833614]
840 ; 22 ; 72 ; 1 ; [0.15294603866134796] ; [0.022897111122811429]
840 ; 22 ; 73 ; 0 ; [0.36048081662714959, 0.10277653790517112] ; [0.36706327113467496, 0.12498273626002304]
840 ; 22 ; 74 ; 0 ; [0.069645199183219625, 0.12793660777748009, 0.098723719529924203, 0.077806920069242988, 0.01296287216878422] ; [0.17662683313883235, 0.16170090934958459, 0.14571895203884172, 0.18478840738193836, -0.013989591276043862]
840 ; 22 ; 75 ; 0 ; [0.24188698839722902, 0.17304049186290574, 0.017913054750332173] ; [0.1849756902879939, 0.1889847044582646, 0.066357436424624938]
840 ; 22 ; 76 ; 0 ; [0.19650371992536245] ; [0.047682902812367291]
840 ; 22 ; 76 ; 1 ; [0.98028782261544622] ; [0.17456330105109286]
840 ; 22 ; 77 ; 0 ; [0.59696891631064342] ; [1.0333962455407515]
840 ; 22 ; 77 ; 1 ; [0.46569104838471181] ; [0.2459072391726087]
840 ; 22 ; 77 ; 6 ; [0.5288089959729444] ; [0.27249901624483902]
840 ; 22 ; 77 ; 7 ; [0.10052772827658324] ; [0.31736217594609556]
840 ; 22 ; 77 ; 13 ; [0.06687620702401581] ; [0.22890978453932634]
840 ; 22 ; 77 ; 23 ; [0.47779923730744306] ; [0.75966108164936597]
840 ; 22 ; 77 ; 26 ; [0.27622175463285592] ; [0.74909435854542827]
840 ; 22 ; 77 ; 29 ; [0.87871825252403102] ; [0.32430875797692399]
840 ; 22 ; 77 ; 30 ; [2.828688277459241] ; [0.35024429239888666]
840 ; 22 ; 77 ; 32 ; [0.16365213036701035] ; [0.42873429165002563]
840 ; 22 ; 77 ; 40 ; [0.29848710102940124] ; [0.18801844445569607]
840 ; 22 ; 78 ; 0 ; [0.062521227027107329, -0.0018673867548216251] ; [0.30632298388406926, 0.05079080409069997]
840 ; 22 ; 79 ; 0 ; [0.11740790967268888, 0.14355917570903604, 0.36322168959110274, 0.33453045458153363] ; [0.43449422204064747, 0.22170031359876716, 0.31244695291639873, 0.26055985862857245]
840 ; 22 ; 80 ; 0 ; [0.27063574925460115] ; [0.22175244667495822]
840 ; 22 ; 80 ; 1 ; [0.21315038717190346] ; [0.18026585604209719]
840 ; 22 ; 81 ; 0 ; [0.25259098459816787, 0.22960780194506189, 0.28199128937190848] ; [0.38599919995978843, 0.20453713935954865, 0.24985656312572047]
840 ; 22 ; 81 ; 1 ; [0.27613970330502197] ; [0.65394951079330599]
840 ; 22 ; 82 ; 2 ; [0.079850094584407671] ; [0.27027094868160761]
840 ; 22 ; 83 ; 0 ; [0.20822536107330436] ; [0.082196252022955371]
840 ; 22 ; 83 ; 2 ; [0.047003166671516869] ; [0.20865696954641533]
840 ; 22 ; 83 ; 4 ; [1.0681603616915658] ; [0.53793525223602612]
840 ; 22 ; 83 ; 6 ; [0.35144233086909538] ; [0.55142534806087706]
840 ; 22 ; 83 ; 13 ; [1.2500715777070566] ; [1.0015013533442574]
840 ; 22 ; 83 ; 14 ; [0.57962606761909208] ; [0.33205574405724736]
840 ; 22 ; 83 ; 15 ; [0.81088771336109067] ; [0.44128356210925029]
840 ; 22 ; 84 ; 1 ; [1.1598153504863924] ; [0.13741060991313492]
840 ; 22 ; 84 ; 5 ; [0.13064357466230103, 0.16715083931359215, 0.45767491912812208, 4.7740801198064506] ; [0.25550560143526035, 0.27123302228137575, 1.5354343709410458, 0.16415173452352441]
840 ; 22 ; 85 ; 0 ; [1.2439783331395662, -0.0054872933332119449, 0.074995035475482405] ; [0.6204079263099157, 0.33576878442362668, 0.25866022485015461]
840 ; 22 ; 85 ; 1 ; [0.77984604413464975] ; [1.5492064971500188]
840 ; 22 ; 86 ; 0 ; [0.022792489157375473] ; [0.17995458818989099]
840 ; 22 ; 87 ; 0 ; [0.39090774559333974] ; [1.1728303565389722]
840 ; 22 ; 87 ; 1 ; [0.11508266661175824] ; [0.19336363466242312]
840 ; 22 ; 87 ; 2 ; [0.79950669506681793] ; [0.11813291166375268]
840 ; 22 ; 87 ; 3 ; [9.5179896479382554e-05] ; [-0.047276902133681277]
840 ; 22 ; 87 ; 6 ; [0.11173469621253643] ; [0.18180646405359485]
840 ; 22 ; 88 ; 1 ; [0.15644305634026603] ; [0.18619404911290369]
840 ; 22 ; 88 ; 4 ; [0.20643386724870336] ; [0.085255916500320286]
840 ; 22 ; 88 ; 5 ; [0.31440366693687627] ; [-0.0005492925475735548]
840 ; 22 ; 88 ; 9 ; [0.43559178121207071] ; [0.083366848688429376]
840 ; 22 ; 88 ; 13 ; [1.1970878579642295] ; [1.3608887259320896]
840 ; 22 ; 89 ; 0 ; [0.89814852755441488] ; [0.73998033156591225]
840 ; 22 ; 89 ; 5 ; [0.50885733927690446] ; [0.053461468950489935]
840 ; 22 ; 89 ; 11 ; [0.026258740765901168] ; [0.52188596180121916]
840 ; 22 ; 89 ; 19 ; [0.72856630660526567] ; [-0.16169524686239292]
840 ; 22 ; 90 ; 0 ; [0.055455545964008791, 0.099615501684135965] ; [0.21794581117477638, 0.11554239542970808]
840 ; 22 ; 91 ; 0 ; [0.064693921874019095, 0.067057804093640386] ; [0.26303633148823097, 0.12033497356469931]
840 ; 22 ; 91 ; 1 ; [0.26364815570381361] ; [0.013689384956746591]
840 ; 22 ; 92 ; 0 ; [1.121297511589969] ; [0.32718683398881349]
840 ; 22 ; 92 ; 2 ; [0.42273086974319452] ; [0.62208708936973511]
840 ; 22 ; 92 ; 11 ; [1.497241903749629] ; [2.7946246637055094]
840 ; 22 ; 92 ; 12 ; [-0.15579622971931298] ; [1.1417203237074598]
840 ; 22 ; 92 ; 13 ; [0.72944904778577313] ; [0.66482902804741983]
840 ; 22 ; 93 ; 0 ; [-0.0064840604651492523, 0.054795614104432067, 0.027356192604602345, 0.10468057285391259] ; [0.22111612290705651, 0.15036439567943993, 0.21458577635678569, 0.1888567681306913]
840 ; 22 ; 94 ; 0 ; [0.3141126765839885] ; [0.22466411135842138]
840 ; 22 ; 94 ; 1 ; [0.96181785780648077] ; [0.36730817653451803]
840 ; 22 ; 95 ; 0 ; [1.0823250765754553] ; [0.28861764036453791]
840 ; 22 ; 95 ; 2 ; [2.6854169429059094] ; [1.1435242772404306]
840 ; 22 ; 95 ; 3 ; [2.890982356932287] ; [1.1358817229010567]
840 ; 22 ; 96 ; 0 ; [0.86566179465101356] ; [0.34892627242871405]
840 ; 22 ; 96 ; 1 ; [3.9429804254314211] ; [0.57793377831852044]
840 ; 22 ; 96 ; 2 ; [0.045182397304689717] ; [0.97989747907763258]
840 ; 22 ; 96 ; 3 ; [0.34366304160434163] ; [0.16484817931366655]
840 ; 22 ; 96 ; 4 ; [1.4010107430888721] ; [0.86923126718295529]
840 ; 22 ; 96 ; 5 ; [0.30793419527552113] ; [0.11197764903731625]
840 ; 22 ; 97 ; 0 ; [1.5525488248001416] ; [0.55464190252618528]
840 ; 22 ; 97 ; 4 ; [0.42815308919191919] ; [1.0592131661046469]
840 ; 22 ; 98 ; 0 ; [0.18515910521756096] ; [0.25189456289276418]
840 ; 22 ; 98 ; 2 ; [0.1311965585513343] ; [-0.028750359054798596]
840 ; 22 ; 98 ; 6 ; [0.40145124826363254] ; [-0.072677212033691374]
840 ; 22 ; 98 ; 9 ; [0.35026235185908178] ; [0.24576713024833063]
840 ; 22 ; 99 ; 0 ; [0.17409431870978351, 0.20188420837182322] ; [0.12025139532867531, 0.070593025841192772]
840 ; 22 ; 99 ; 1 ; [0.71772361037904975] ; [0.28682108236018861]
840 ; 22 ; 99 ; 2 ; [0.54737051719245544] ; [0.26282913064040608]
840 ; 22 ; 99 ; 3 ; [0.13117258455395614] ; [0.074776746024028937]
840 ; 22 ; 99 ; 4 ; [1.0290081292975439] ; [0.8752748918141503]
840 ; 22 ; 99 ; 5 ; [1.0295054620205735] ; [1.8163977660454103]
840 ; 22 ; 99 ; 6 ; [3.1483401675554634] ; [0.31170851307889275]
840 ; 22 ; 99 ; 7 ; [1.7854098419755029] ; [0.014777780408648458]
840 ; 22 ; 99 ; 8 ; [0.21679235849376574] ; [0.3063408665447363]
840 ; 22 ; 99 ; 9 ; [0.52590906670618531] ; [0.85309712318423492]
840 ; 22 ; 99 ; 11 ; [0.64610097830716229] ; [0.14631269959312787]
840 ; 22 ; 99 ; 12 ; [0.88704802793518323] ; [0.086801501559786248]
840 ; 22 ; 99 ; 13 ; [1.1042376439159243] ; [1.4164230965455396]
840 ; 22 ; 99 ; 14 ; [0.4070268497489492] ; [1.0678662367784491]
840 ; 22 ; 99 ; 15 ; [0.11038851088485009] ; [4.0952695482284742]
840 ; 22 ; 99 ; 20 ; [0.31624617757179913] ; [0.03287948514181039]
840 ; 22 ; 100 ; 0 ; [0.81243508631179773] ; [0.21473015410722907]
840 ; 22 ; 100 ; 4 ; [0.52319428293975911] ; [1.1377587297023835]
840 ; 22 ; 100 ; 5 ; [0.42359529356231995] ; [0.17912674372625206]
840 ; 22 ; 100 ; 9 ; [0.23157639985731007] ; [1.2094113962723578]
840 ; 22 ; 100 ; 11 ; [0.14467375140624894] ; [0.75559015709257638]
840 ; 22 ; 101 ; 0 ; [0.1477355376768216, 0.10738886377692902] ; [0.24145820454592667, 0.18865926033887015]
840 ; 22 ; 102 ; 6 ; [2.4026094672124771] ; [1.4149998862897881]
840 ; 22 ; 102 ; 7 ; [1.6493806126057666] ; [1.5042706925877991]
840 ; 22 ; 102 ; 17 ; [0.62162970338179668] ; [0.42459161046897836]
840 ; 22 ; 104 ; 0 ; [0.67937052523846875, 0.47739661152048912, 1.0648272671976278, 1.8629589433826517] ; [0.047986340974070729, 0.36224659226397499, 1.4417275817459105, 0.65340667542658659]
840 ; 22 ; 104 ; 1 ; [1.4159347797144017] ; [2.8288245526794724]
840 ; 22 ; 104 ; 6 ; [0.44484413102727882] ; [0.44318466900020514]
840 ; 22 ; 104 ; 8 ; [0.31780810001267706] ; [1.3467109216505397]
840 ; 22 ; 106 ; 3 ; [-0.034434296789145891] ; [0.73730288542365319]
840 ; 22 ; 106 ; 7 ; [0.25277517802852706] ; [0.85278592688678723]
840 ; 22 ; 106 ; 8 ; [0.68325442310884521] ; [1.380290180866742]
840 ; 22 ; 106 ; 10 ; [1.5657205217315571] ; [1.645208996621538]
840 ; 22 ; 107 ; 0 ; [0.36769082441424472] ; [0.70928143524651421]
840 ; 22 ; 107 ; 4 ; [0.2860477235706374] ; [1.4116021127160008]
840 ; 22 ; 108 ; 0 ; [1.0105420411551116] ; [1.7024810379053348]
840 ; 22 ; 108 ; 2 ; [1.2103986736120853] ; [0.40011812087936316]
840 ; 22 ; 108 ; 5 ; [0.025050956011931049] ; [1.1727297655533606]
840 ; 22 ; 108 ; 10 ; [1.7757549102540438] ; [0.28872979908003943]
840 ; 22 ; 108 ; 11 ; [0.39117875668296093] ; [1.0683727762761457]
840 ; 22 ; 108 ; 12 ; [0.074665878541659209] ; [1.7978002145509488]
840 ; 22 ; 108 ; 16 ; [1.395792697910426] ; [0.3737233115967396]
840 ; 22 ; 109 ; 0 ; [0.10466666629446227] ; [0.011540671135599574]
840 ; 22 ; 109 ; 1 ; [0.078321080485170017] ; [0.19826231004640693]
840 ; 22 ; 109 ; 2 ; [0.078560795630525884] ; [0.093664777045362843]
840 ; 22 ; 110 ; 0 ; [0.0049904456741977554, 0.05891784645997724, 0.079257799230188899] ; [0.21204436509659408, 0.16245148419497077, 0.1840473431234099]
840 ; 22 ; 111 ; 0 ; [0.13394982089419266, 0.070764841326653241, 0.34224360778724267, 0.067082424800701784, 0.0035804072269169261] ; [0.49301336470436374, 0.41755080268198619, 0.23194479116989236, 0.25670400696886159, 0.28295744801854628]
840 ; 22 ; 111 ; 1 ; [-0.0057711118779678024, 0.14588848307155061] ; [0.60492321548313011, 0.49216398132568018]
840 ; 22 ; 111 ; 3 ; [0.22263614509837801] ; [0.87620673576309605]
840 ; 22 ; 112 ; 0 ; [0.27814300061386282] ; [0.19083843561978167]
840 ; 22 ; 112 ; 2 ; [-0.052139150703616959] ; [1.8407565026048627]
840 ; 22 ; 113 ; 0 ; [0.17714181692638972, 0.21955943363448255] ; [0.36604008253763071, 0.26217463046312411]
840 ; 22 ; 113 ; 1 ; [0.25085105525602142] ; [0.18492526436757975]
840 ; 22 ; 113 ; 4 ; [0.10446406337665716] ; [0.023336925209061762]
840 ; 22 ; 113 ; 7 ; [0.84787309772343611] ; [0.23127029602300039]
840 ; 22 ; 113 ; 9 ; [0.25664048703486364] ; [0.12163282765908544]
840 ; 22 ; 114 ; 0 ; [0.98241197453036666, 0.381639290576819] ; [0.56733123572136723, 0.1292814582164695]
840 ; 22 ; 114 ; 4 ; [2.2071494320491016] ; [0.061208739394194384]
840 ; 22 ; 116 ; 0 ; [0.26427160034534602, 0.14875135204112164, 0.086190503899730958] ; [0.17451000803970196, 0.21577271102292023, 0.088681008694917504]
840 ; 22 ; 116 ; 1 ; [0.030956575117372796] ; [0.098116338224372504]
840 ; 22 ; 117 ; 1 ; [1.5423286793375044] ; [4.2812940091112637]
840 ; 22 ; 117 ; 2 ; [1.2117918130824021] ; [12.056807013314609]
840 ; 22 ; 117 ; 3 ; [1.1270396373371119] ; [5.4075591149304856]
840 ; 22 ; 117 ; 5 ; [1.4131248834750347] ; [6.2064054455146849]
840 ; 22 ; 117 ; 6 ; [1.0190635422436887] ; [1.1551710680041121]
840 ; 22 ; 117 ; 7 ; [1.5645298333506215] ; [4.9007635995931835]
840 ; 22 ; 117 ; 8 ; [1.6368026264621796] ; [1.8393072359631129]
840 ; 22 ; 117 ; 10 ; [2.8992357408545866] ; [2.5804778776729096]
840 ; 22 ; 117 ; 11 ; [0.082455602970498837] ; [5.6260264490848302]
840 ; 22 ; 119 ; 0 ; [0.98758184069864507] ; [0.69186971930073038]
840 ; 22 ; 120 ; 0 ; [0.035114288865984111] ; [1.115523607335523]
840 ; 22 ; 120 ; 2 ; [1.7601051940995815] ; [2.356720893239296]
840 ; 22 ; 120 ; 3 ; [1.9669162972996967] ; [1.6955595522556792]
840 ; 22 ; 120 ; 5 ; [3.5813866678856572] ; [2.1482415830620898]
840 ; 22 ; 120 ; 7 ; [0.13482860070644689] ; [2.0470673085103646]
840 ; 22 ; 120 ; 8 ; [3.7785031366736046] ; [1.6778752522006988]
840 ; 22 ; 120 ; 9 ; [0.035720513806610996] ; [1.9034962927301693]
840 ; 22 ; 120 ; 11 ; [1.9359809719519154] ; [2.6793955258113584]
840 ; 22 ; 120 ; 14 ; [0.061282187631519332] ; [1.8759617345105846]
840 ; 22 ; 120 ; 15 ; [2.2241623665631267] ; [3.5116925410054329]
840 ; 22 ; 120 ; 18 ; [1.6750253483296103] ; [1.9963241898099482]
840 ; 22 ; 120 ; 19 ; [1.605401284912398] ; [1.8238495482205992]
840 ; 22 ; 120 ; 20 ; [0.01547356388624453] ; [1.5359766404087616]
840 ; 22 ; 120 ; 22 ; [2.3034241045753014] ; [1.4414600824443675]
840 ; 22 ; 120 ; 23 ; [1.48075717034603] ; [1.6258911719937261]
840 ; 22 ; 120 ; 24 ; [2.0019175407062635] ; [2.0246068525366003]
840 ; 22 ; 120 ; 25 ; [2.5661871919083605] ; [2.0424214745219706]
840 ; 22 ; 121 ; 0 ; [0.013127408274461034, 0.02980917354242019, 0.53619799271957524] ; [0.18595275790050025, 0.32818912028545993, 0.9775899544114669]
840 ; 22 ; 122 ; 1 ; [0.81424740206122814] ; [1.4059087189175568]
840 ; 22 ; 123 ; 1 ; [2.1083113829034663] ; [0.91932534786740716]
840 ; 22 ; 123 ; 4 ; [0.082960848832539874] ; [1.5537839839504555]
840 ; 22 ; 124 ; 0 ; [0.082288675568009992, 0.095155391037104173, 0.11924550828435378] ; [0.24858050315317726, 0.16854989128055109, 0.1294278670036407]
840 ; 22 ; 125 ; 0 ; [0.22956359681758895, 1.2712075916124908] ; [0.3554454948879946, 0.34089780526060076]
840 ; 22 ; 125 ; 2 ; [0.57270163066913782] ; [0.17563809466433536]
840 ; 22 ; 126 ; 0 ; [0.54885466255064974] ; [2.879082705177487]
840 ; 22 ; 126 ; 2 ; [2.5507428139648467] ; [1.4696098256784569]
840 ; 22 ; 126 ; 11 ; [1.7194180969971302] ; [1.4135158906701031]
840 ; 22 ; 126 ; 15 ; [1.3847161855946326] ; [1.9720865408275909]
840 ; 22 ; 127 ; 0 ; [0.25561648999833397] ; [0.13241663970268369]
840 ; 22 ; 128 ; 0 ; [0.16064384942223167] ; [0.33392501598177848]
840 ; 22 ; 128 ; 2 ; [4.544485111299112] ; [3.5303941166985089]
840 ; 22 ; 129 ; 3 ; [0.71631252569922232] ; [0.57019754656745203]
840 ; 22 ; 130 ; 0 ; [0.089053563589368293, 0.34254486477508428] ; [0.60014183583145386, 0.55319478319933379]
840 ; 22 ; 130 ; 1 ; [1.7231396212277861] ; [1.075254163448806]
840 ; 22 ; 130 ; 3 ; [1.7910581499127478] ; [0.70900499055254518]
840 ; 22 ; 130 ; 4 ; [3.1106531337668049] ; [1.6801720355934187]
840 ; 22 ; 130 ; 5 ; [0.72289714173398334] ; [0.52099694731798052]
840 ; 22 ; 130 ; 7 ; [0.4149334373231251] ; [1.669110439586678]
840 ; 22 ; 131 ; 3 ; [0.55090390516241661] ; [1.4443806148772569]
840 ; 22 ; 131 ; 6 ; [3.796024734655846] ; [2.7525483663246142]
840 ; 22 ; 131 ; 7 ; [0.76202328621883908] ; [2.359909865073857]
840 ; 22 ; 131 ; 8 ; [0.73786711878582634] ; [2.0910791771784014]
840 ; 22 ; 131 ; 11 ; [1.2772771283998428] ; [0.010422116693616458]
840 ; 22 ; 132 ; 0 ; [0.031042372680969807, 0.023051005259258822] ; [0.024345574813491363, 0.033355851924017112]
840 ; 22 ; 133 ; 0 ; [0.18874382124755115, 0.11717469281900365] ; [0.24491822746781924, 0.19060824549038047]
840 ; 22 ; 134 ; 0 ; [0.35258611360685232, 0.17149772686989445] ; [0.22054703432226663, 0.171399846915994]
840 ; 22 ; 134 ; 1 ; [-0.013404513888467444] ; [0.015911673554248103]
840 ; 22 ; 135 ; 0 ; [0.13065049286074443] ; [0.015369208605738951]
840 ; 22 ; 135 ; 2 ; [0.13859017040784541] ; [0.22661056797232146]
840 ; 22 ; 135 ; 3 ; [0.058681381783307653] ; [0.014277603514629922]
840 ; 22 ; 136 ; 6 ; [2.5328190533953343] ; [1.3805529805517538]
840 ; 22 ; 137 ; 1 ; [1.4836886385991552] ; [1.2379874603986776]
840 ; 22 ; 137 ; 2 ; [1.3424428387737033] ; [2.4037396544383345]
840 ; 22 ; 138 ; 1 ; [1.7124669113329205] ; [0.056140283972859431]
840 ; 22 ; 140 ; 0 ; [0.095544807633169762, 0.08986182234898174, 0.011029364094655754] ; [0.26205622676697882, 0.27594535584069124, 0.15035980005124322]
840 ; 22 ; 140 ; 1 ; [0.21144021273762867] ; [0.058398659759435728]
840 ; 22 ; 141 ; 0 ; [0.3613920653953358] ; [0.043790148928787499]
840 ; 22 ; 141 ; 1 ; [0.40041279222892301] ; [0.54338230601003812]
840 ; 22 ; 141 ; 3 ; [1.3735848657611249] ; [0.19519334530337062]
840 ; 22 ; 142 ; 0 ; [0.22384939793884737, 0.16562377569405839, 0.34423607554201535, 0.28478628792720512] ; [0.21780604232020673, 0.21792816641161189, 0.24783334342053895, 0.15565253329763259]
840 ; 22 ; 143 ; 2 ; [0.17369686823297431] ; [0.34530475385986176]
840 ; 22 ; 143 ; 4 ; [0.2430415095781584] ; [0.33752354251236699]
840 ; 22 ; 144 ; 2 ; [0.20990848045700444, 0.15308994116406058, 0.18098334186815118, 0.26071586136631875] ; [0.18148580999851716, 0.21104720702540014, 0.22923486310035349, 0.32247936391401455]
840 ; 22 ; 145 ; 1 ; [2.4863904099139118] ; [1.5325093048271139]
840 ; 22 ; 145 ; 2 ; [2.1685275704149278] ; [1.5161316232381667]
840 ; 22 ; 146 ; 2 ; [1.7031639936991403] ; [2.0929717252368714]
840 ; 22 ; 146 ; 4 ; [1.8428716066914326] ; [1.3096544171909239]
840 ; 22 ; 147 ; 4 ; [2.1174055481165341] ; [1.3370981350401694]
840 ; 22 ; 147 ; 9 ; [1.7909961770263114] ; [1.1024776613305882]
840 ; 22 ; 147 ; 10 ; [2.57275248287401] ; [0.99260136987899072]
840 ; 22 ; 148 ; 0 ; [0.26040157610830356, 0.23966789075637229, 0.099977711699150956] ; [0.29562952889886857, 0.26513940829682697, 0.12276256144997108]
840 ; 22 ; 149 ; 1 ; [1.3761872208084518] ; [2.3197320399025845]
840 ; 22 ; 149 ; 2 ; [1.7881380777654949, 2.0324548164577614] ; [1.169050347929913, 0.70916599083726484]
840 ; 22 ; 149 ; 3 ; [2.6358307430813168] ; [1.7684165888089738]
840 ; 22 ; 149 ; 6 ; [1.8167879024542231] ; [0.98264212653993399]
840 ; 22 ; 149 ; 7 ; [2.8065359059084511] ; [1.256822958878985]
840 ; 22 ; 149 ; 9 ; [2.2716237607620196] ; [1.0676961000377954]
840 ; 22 ; 149 ; 10 ; [1.0575620213759409] ; [1.2174416303000237]
840 ; 22 ; 149 ; 13 ; [2.4558254367053793] ; [1.4129166622860081]
840 ; 22 ; 149 ; 15 ; [1.0382138762408655] ; [0.14482242577234283]
840 ; 22 ; 149 ; 16 ; [0.77990442158299911] ; [0.86425651850778273]
840 ; 22 ; 149 ; 17 ; [2.0503430546036734] ; [2.060802607782537]
840 ; 22 ; 149 ; 18 ; [2.8744144865650885] ; [0.80466237223231796]
840 ; 22 ; 149 ; 19 ; [2.42109288277946] ; [0.1716623293537192]
840 ; 22 ; 149 ; 20 ; [2.1628802874905446] ; [2.7610684569523629]
840 ; 22 ; 149 ; 21 ; [2.3429384241902538] ; [0.92371336568533247]
840 ; 22 ; 149 ; 22 ; [1.8460969710295185] ; [0.98380202663135663]
840 ; 22 ; 149 ; 23 ; [1.3095464523699918] ; [1.5186305129989004]
840 ; 22 ; 149 ; 24 ; [1.9580605934343507] ; [1.586142458081812]
840 ; 22 ; 149 ; 25 ; [2.7334605202497015] ; [0.3495167766526025]
840 ; 22 ; 149 ; 26 ; [1.8402385242725388] ; [0.5294791609630316]
840 ; 22 ; 149 ; 27 ; [1.708071057974472] ; [0.6041406658848113]
840 ; 22 ; 149 ; 29 ; [1.9169275792284077] ; [2.6102640800113792]
840 ; 22 ; 149 ; 30 ; [2.6844630018310061] ; [0.088732577673015775]
840 ; 22 ; 149 ; 31 ; [1.0872736191112213] ; [0.32341061085224532]
840 ; 22 ; 149 ; 32 ; [1.7841785313794931] ; [1.5856484049959541]
840 ; 22 ; 149 ; 33 ; [2.3373780373394415] ; [0.70782823886584401]
840 ; 22 ; 149 ; 34 ; [2.3010726745904759] ; [0.8576760818207686]
840 ; 22 ; 149 ; 35 ; [2.2443507891515448] ; [0.73631244955510344]
840 ; 22 ; 149 ; 36 ; [1.7709630599008057] ; [2.8219964955855024]
840 ; 22 ; 149 ; 37 ; [2.2356169378379378] ; [2.7877861536991904]
840 ; 22 ; 149 ; 38 ; [1.9084882697356811] ; [1.5854622390451489]
840 ; 22 ; 149 ; 39 ; [2.5138736691589436] ; [0.93426475498795003]
840 ; 22 ; 149 ; 40 ; [2.1148373659967259] ; [1.9090005668349657]
840 ; 22 ; 149 ; 41 ; [2.4593134173362183] ; [0.66195807119398709]
840 ; 22 ; 149 ; 42 ; [2.2413117855598403] ; [0.31242361078123049]
840 ; 22 ; 149 ; 43 ; [1.8024817611109856] ; [1.3313912093639546]
840 ; 22 ; 149 ; 44 ; [3.0329902655822263] ; [1.7651987583117967]
840 ; 22 ; 149 ; 45 ; [1.77255278005317] ; [1.597671491625537]
840 ; 22 ; 149 ; 46 ; [2.1575039947772927] ; [1.794422746160079]
840 ; 22 ; 149 ; 47 ; [1.8240963023136709] ; [1.0764145953764608]
840 ; 22 ; 149 ; 49 ; [1.6561524872143556] ; [2.3867899862320905]
840 ; 22 ; 149 ; 51 ; [1.0057951097795013] ; [1.331915999632673]
840 ; 22 ; 149 ; 52 ; [2.0338108880185626] ; [1.2709487207827375]
840 ; 22 ; 149 ; 53 ; [2.0090308092892268] ; [3.231839647265268]
840 ; 22 ; 149 ; 57 ; [0.75232635780421853] ; [2.2600365789926919]
840 ; 22 ; 149 ; 58 ; [0.65450382608574531] ; [1.5101446466003872]
840 ; 22 ; 150 ; 0 ; [0.55611215537145264] ; [0.015780404559304431]
840 ; 22 ; 150 ; 2 ; [0.99960361683074828] ; [1.0136241591751367]
840 ; 22 ; 150 ; 10 ; [0.072868430389914987] ; [1.2280107724401168]
840 ; 22 ; 150 ; 13 ; [0.050022651172145736] ; [0.47185657864569824]
840 ; 22 ; 150 ; 16 ; [0.83475056700041173] ; [2.187785702633172]
840 ; 22 ; 150 ; 21 ; [4.2740312435739876] ; [1.4325303293493805]
840 ; 22 ; 150 ; 23 ; [0.055403605672409324] ; [1.022137629745336]
840 ; 22 ; 151 ; 0 ; [0.066166266245418076] ; [0.31489453803728318]
840 ; 22 ; 152 ; 0 ; [0.26115704661659273] ; [-0.0076576101793022046]
840 ; 22 ; 152 ; 3 ; [0.18728303222068196] ; [0.043803165105131749]
840 ; 22 ; 153 ; 0 ; [0.72686195766556405] ; [0.8529153318015249]
840 ; 22 ; 153 ; 1 ; [0.59813530814471616] ; [-0.0048586407764327133]
840 ; 22 ; 153 ; 3 ; [0.76666225652640474] ; [3.1581921994616033]
840 ; 22 ; 154 ; 0 ; [0.032837980359122561, 0.0038160469245902733, 0.0051715090441672926, 0.15303507889344653] ; [0.18066952035195438, 0.27785312160139231, 0.16916822987205898, 0.086070436838989739]
840 ; 22 ; 155 ; 1 ; [0.056979222576756541] ; [1.7085957547121184]
840 ; 22 ; 155 ; 3 ; [1.182271916617758] ; [1.9407864362817211]
840 ; 22 ; 155 ; 4 ; [8.7848418182798351] ; [1.3573502079930133]
840 ; 22 ; 155 ; 5 ; [0.8359303914338333] ; [0.063756585913021982]
840 ; 22 ; 155 ; 7 ; [8.5304640492922825] ; [1.513474194467737]
840 ; 22 ; 155 ; 9 ; [0.34857933751108316] ; [1.2852093592076064]
840 ; 22 ; 155 ; 10 ; [0.31676776503703374] ; [1.1090903591512531]
840 ; 22 ; 156 ; 10 ; [1.3492546107268142] ; [1.164108702329296]
840 ; 22 ; 157 ; 0 ; [0.32963125199552984] ; [0.14851522811563442]
840 ; 22 ; 158 ; 0 ; [0.69592206551626479] ; [0.2929257213784966]
840 ; 22 ; 158 ; 1 ; [0.57550359881135982] ; [1.3910560632901321]
840 ; 22 ; 159 ; 0 ; [2.0296242187312887] ; [0.27742949077694279]
840 ; 22 ; 159 ; 1 ; [0.43206378029666559] ; [0.35100578417100575]
840 ; 22 ; 159 ; 4 ; [1.0999205937995242] ; [2.4995348915454674]
840 ; 22 ; 159 ; 8 ; [3.2952144040872358] ; [1.157440131177653]
840 ; 22 ; 159 ; 10 ; [2.5738464486527759] ; [2.9802518153306679]
840 ; 22 ; 159 ; 12 ; [4.2108169264582278] ; [0.95947633398937271]
840 ; 22 ; 159 ; 13 ; [2.2239123240794814] ; [2.2807925744332027]
840 ; 22 ; 160 ; 0 ; [0.24654202290576546, 0.41311666000047303] ; [0.019881898104018837, 0.033810945809442841]
840 ; 22 ; 160 ; 1 ; [0.13365017369710144] ; [0.075614346015758324]
840 ; 22 ; 160 ; 2 ; [0.18240286333322608, 0.019704264336284652, 0.12407809960249769] ; [0.27212144072567707, 0.12999480236432398, 0.23438648417315996]
840 ; 22 ; 161 ; 0 ; [0.31366039704727611] ; [0.31036026493752922]
840 ; 22 ; 161 ; 1 ; [0.16867301411233623] ; [0.027797683281050225]
840 ; 22 ; 162 ; 0 ; [0.30620153364385483, 0.087988344333214452] ; [0.30953107160689536, 0.083656505929173494]
840 ; 22 ; 162 ; 1 ; [0.33823279924411742] ; [0.24744132415913392]
840 ; 22 ; 163 ; 2 ; [0.29808801294429438] ; [0.19650995525601037]
840 ; 22 ; 164 ; 0 ; [0.12286341446593577, 0.2042901988579065, 0.043837563538723492] ; [0.39763380889726335, 0.22798141085396528, 0.17007393075029978]
840 ; 22 ; 165 ; 0 ; [0.2192487796861973] ; [0.077679779251281236]
840 ; 22 ; 165 ; 1 ; [0.25850901736238552] ; [-0.0019682341762915002]
840 ; 22 ; 166 ; 0 ; [0.23339109888674353, 0.20112648185068191] ; [0.18868275800546519, 0.099306701566664213]
840 ; 22 ; 167 ; 0 ; [0.2476737244071798] ; [0.0021398019503405864]
840 ; 22 ; 167 ; 1 ; [1.3394797177859903] ; [1.7744609759825496]
840 ; 22 ; 167 ; 3 ; [0.88431717156133338] ; [1.7202643838618854]
840 ; 22 ; 167 ; 4 ; [0.55423112128591234] ; [0.60457771262088056]
840 ; 22 ; 168 ; 0 ; [-0.0075294551532049505, 0.05473106933410176] ; [0.66210251203381709, 0.11090947868072595]
840 ; 22 ; 168 ; 1 ; [2.2336312547910024] ; [1.4987002927830517]
840 ; 22 ; 168 ; 6 ; [1.2479990079588514] ; [1.928754271516457]
840 ; 22 ; 168 ; 7 ; [1.4143182217679457] ; [1.1391940115107448]
840 ; 22 ; 168 ; 13 ; [2.2396095053405349] ; [2.7103098417600116]
840 ; 22 ; 169 ; 0 ; [0.37856800436425231] ; [0.069868882922941439]
840 ; 22 ; 170 ; 3 ; [0.78422785633671055] ; [1.2362700213301516]
840 ; 22 ; 170 ; 5 ; [9.7906914943555705] ; [1.1801685962334396]
840 ; 22 ; 171 ; 0 ; [0.11190179714499791, 0.13403284900252069, 0.13442783602698066] ; [0.24363353210528371, 0.19231535885756998, 0.2361595527173726]
840 ; 22 ; 172 ; 0 ; [0.013636567190687699, 0.019779220107432032] ; [0.30797846346311436, 0.17566401998303663]
840 ; 22 ; 172 ; 1 ; [0.11460324405473508] ; [0.019354879638997957]
840 ; 22 ; 173 ; 0 ; [0.15727325484447549, 0.14748209704211457] ; [0.3349309755468724, 0.25111791705433267]
840 ; 22 ; 173 ; 1 ; [0.036442917234234991] ; [0.24579845920242008]
840 ; 22 ; 173 ; 2 ; [0.024895085398452057] ; [0.44778213002785161]
840 ; 22 ; 174 ; 1 ; [2.1148913277647163] ; [0.22549720025922218]
840 ; 22 ; 174 ; 3 ; [2.201722164438972] ; [1.0967309248659831]
840 ; 22 ; 174 ; 12 ; [0.70192060840532233] ; [1.3712290602398076]
840 ; 22 ; 174 ; 16 ; [0.87860813162734397] ; [1.4386636437953599]
840 ; 22 ; 174 ; 20 ; [1.6333303578551936] ; [1.4539440924691309]
840 ; 22 ; 174 ; 23 ; [1.6557218762903214] ; [1.6493518635529152]
840 ; 22 ; 175 ; 0 ; [0.065227436569256447, 0.082530853665834375, 0.066219766589644485] ; [0.25656129144794776, 0.19911279317113137, 0.05738476816999228]
840 ; 22 ; 176 ; 0 ; [0.41920185377037389, 1.294136140721982, 2.6264996443986548] ; [0.84104753181177239, 0.79757397952404485, 0.28266639305049707]
840 ; 22 ; 176 ; 4 ; [3.325204071190857] ; [-0.029016141726540393]
840 ; 22 ; 177 ; 0 ; [0.21771256688867716, 0.11781406861323568] ; [0.30544458820352927, 0.23506131255158852]
840 ; 22 ; 177 ; 1 ; [-0.02078886059963966] ; [-0.0089908322408519641]
840 ; 22 ; 177 ; 2 ; [1.0738679759329826] ; [-0.22678799145118242]
840 ; 22 ; 178 ; 0 ; [0.85934672311339522] ; [0.1263252553895293]
840 ; 22 ; 179 ; 0 ; [0.66877383170768723] ; [0.36802797375378932]
840 ; 22 ; 180 ; 0 ; [0.78187027820048516] ; [0.09633748491295914]
840 ; 22 ; 180 ; 2 ; [0.94371359606823169] ; [0.5741881438276456]
840 ; 22 ; 180 ; 3 ; [1.1735323861909175] ; [1.7609430602157365]
840 ; 22 ; 180 ; 6 ; [0.044608903243195858] ; [2.56758510334127]
840 ; 22 ; 180 ; 7 ; [0.85968785535952263] ; [2.0708430346228583]
840 ; 22 ; 180 ; 10 ; [1.0708691725466932] ; [0.39748426861551062]
840 ; 22 ; 180 ; 12 ; [3.029154902853834] ; [0.44377721112425428]
840 ; 22 ; 181 ; 1 ; [-0.038713453332733939] ; [0.090933450913081748]
840 ; 22 ; 181 ; 2 ; [-0.030123195317212855] ; [0.014132183838938633]
840 ; 22 ; 182 ; 0 ; [0.025287178282684074] ; [1.3114055966811982]
840 ; 22 ; 182 ; 3 ; [0.010358039606342477] ; [0.50897126078917587]
840 ; 22 ; 183 ; 0 ; [0.26858465263668291] ; [0.016139189651598135]
840 ; 22 ; 183 ; 1 ; [0.92133120330689655] ; [0.48164640037102208]
840 ; 22 ; 183 ; 2 ; [0.66119640615867226] ; [0.4113027962651552]
840 ; 22 ; 183 ; 4 ; [0.44263795000520106] ; [0.44385515395897973]
840 ; 22 ; 184 ; 0 ; [0.27748217671458553, 0.012318558814004657] ; [0.04535236007067097, 0.027830688956543049]
840 ; 22 ; 185 ; 0 ; [0.11787127735493061, 0.044875230302025476] ; [0.089481942344101034, 0.24073579630683298]
840 ; 22 ; 185 ; 1 ; [-0.063416890381230037] ; [0.70229513121995679]
840 ; 22 ; 187 ; 0 ; [0.4719239168781591] ; [0.62470536750789163]
840 ; 22 ; 187 ; 1 ; [1.0916085035258587] ; [0.013778242716412733]
840 ; 22 ; 187 ; 2 ; [2.12680131001482] ; [0.47744106388550034]
840 ; 22 ; 187 ; 3 ; [1.2742932612285955] ; [0.65702349807583149]
840 ; 22 ; 188 ; 3 ; [1.4538075538857971] ; [1.5210918126159492]
840 ; 22 ; 188 ; 5 ; [1.3868177238829054] ; [0.42608994869286115]
840 ; 22 ; 188 ; 8 ; [3.7335793874169911] ; [0.51498767036086135]
840 ; 22 ; 188 ; 9 ; [0.74182047596870593] ; [1.607873305169242]
840 ; 22 ; 188 ; 12 ; [1.7446177325524637] ; [1.3010771380860946]
840 ; 22 ; 188 ; 13 ; [1.5819517234072928] ; [1.5247639491840905]
840 ; 22 ; 188 ; 14 ; [3.7240480283718709] ; [1.7143777091255918]
840 ; 22 ; 188 ; 15 ; [1.7772799394192391] ; [0.37692669284119362]
840 ; 22 ; 189 ; 0 ; [0.69032800334043498] ; [0.4779984917281111]
840 ; 22 ; 189 ; 1 ; [0.18544121659700016] ; [2.1850676176061916]
840 ; 22 ; 189 ; 14 ; [0.23786172683153212] ; [0.53163034661946207]
840 ; 22 ; 190 ; 0 ; [0.47675955240274837] ; [0.36489920954927152]
840 ; 22 ; 190 ; 4 ; [0.026829495962456325] ; [2.150922394481126]
840 ; 22 ; 192 ; 0 ; [1.6547119006270907] ; [0.55058209753503073]
840 ; 22 ; 192 ; 1 ; [1.7460534313142717] ; [2.5612911034825885]
840 ; 22 ; 192 ; 2 ; [5.1543438547352203] ; [3.5960910927087788]
840 ; 22 ; 192 ; 3 ; [0.53988465598708502] ; [3.3531435511384027]
840 ; 22 ; 192 ; 4 ; [0.079134769076442027] ; [1.2668916976101381]
840 ; 22 ; 192 ; 8 ; [1.7496945880952555] ; [6.8229572255830115]
840 ; 22 ; 192 ; 10 ; [0.74586483428465267] ; [13.74894393605585]
840 ; 22 ; 193 ; 0 ; [0.64111932472949618] ; [0.16157769231832261]
840 ; 22 ; 193 ; 1 ; [6.4888861016899151] ; [0.032160514830982728]
840 ; 22 ; 193 ; 2 ; [0.19081439560525768] ; [0.93720142787681959]
840 ; 22 ; 193 ; 5 ; [5.1230243390791816] ; [6.4515272922791613]
840 ; 22 ; 193 ; 7 ; [0.33803855651252585] ; [-0.019486956954502369]
840 ; 22 ; 193 ; 11 ; [1.0281616771879523] ; [2.9229471314338507]
840 ; 22 ; 193 ; 13 ; [0.64928421632538436] ; [1.1708607540576461]
840 ; 22 ; 193 ; 16 ; [5.6817745139759079] ; [4.1983156639594812]
840 ; 22 ; 194 ; 0 ; [0.20624996908830992, 0.14871794819509168, 0.18264465799120275, 0.12637563461578305] ; [0.21977415136169048, 0.20162416517460019, 0.16605120115925673, 0.19511715376682789]
840 ; 22 ; 196 ; 0 ; [-0.051977762611821951] ; [-0.048805908741189646]
840 ; 22 ; 196 ; 5 ; [0.43098102681474482] ; [0.54025189491355541]
840 ; 22 ; 196 ; 15 ; [0.96874785931875518] ; [1.0331731059535076]
840 ; 22 ; 197 ; 0 ; [0.099062005557474936] ; [0.42471222255738827]
840 ; 22 ; 197 ; 1 ; [0.80716464715439962] ; [1.0359782512516176]
840 ; 22 ; 197 ; 2 ; [1.5539320778343451] ; [0.35549031026838729]
840 ; 22 ; 197 ; 3 ; [2.576899020009404] ; [0.59522850928576199]
840 ; 22 ; 197 ; 4 ; [1.5880961884140206] ; [1.4881207682243396]
840 ; 22 ; 197 ; 6 ; [1.4101348504980948] ; [1.3309433012829179]
840 ; 22 ; 197 ; 10 ; [0.92236141484906498] ; [1.5608307430404631]
840 ; 22 ; 197 ; 11 ; [2.255615029441524] ; [2.2415114573343966]
840 ; 22 ; 197 ; 14 ; [0.95849892267838421] ; [1.0579792423627157]
840 ; 22 ; 197 ; 22 ; [0.87205349989761372] ; [1.1376016801555631]
840 ; 22 ; 197 ; 23 ; [0.64388062351714503] ; [0.069507818281666536]
840 ; 22 ; 199 ; 0 ; [0.47359867058489769] ; [3.8083523658994944]
840 ; 22 ; 199 ; 1 ; [0.15569544802878507] ; [0.32489952176857234]
840 ; 22 ; 199 ; 2 ; [5.3352835089149302] ; [0.44235930340896423]
840 ; 22 ; 199 ; 5 ; [7.5703528844338477] ; [3.7720963004936836]
840 ; 22 ; 199 ; 7 ; [13.478662297764789] ; [1.2201463312384622]
840 ; 22 ; 199 ; 11 ; [1.9435763861495492] ; [4.7213851135137155]
840 ; 22 ; 199 ; 13 ; [1.5817762370827217] ; [0.63453011017975769]
840 ; 22 ; 199 ; 14 ; [8.2020184374259948] ; [0.56593761821436739]
840 ; 22 ; 199 ; 15 ; [1.1869645425607278] ; [3.5992441942455158]
840 ; 22 ; 199 ; 16 ; [1.0989744084018558] ; [2.1940869832917067]
840 ; 22 ; 199 ; 17 ; [0.91267038824630353] ; [1.4034042819078374]
840 ; 22 ; 200 ; 1 ; [1.5140735959295659] ; [-0.03318660571599464]
840 ; 22 ; 202 ; 4 ; [3.7182861422515665] ; [2.7763505870109495]
840 ; 22 ; 202 ; 6 ; [1.157856493330053] ; [4.5819226169175895]
840 ; 22 ; 203 ; 0 ; [1.2181777406220775, 1.6968125955472815] ; [0.11370514654253837, 0.21845814627398921]
840 ; 22 ; 203 ; 1 ; [1.8332434936509578] ; [0.760510299247111]
840 ; 22 ; 203 ; 2 ; [1.0557186313378424] ; [0.51615665778520448]
840 ; 22 ; 203 ; 3 ; [1.086209366548943] ; [0.47758064785577897]
840 ; 22 ; 203 ; 4 ; [0.63720168053241277] ; [1.3116509893961841]
840 ; 22 ; 203 ; 5 ; [2.1908657227454253] ; [0.20432776384499543]
840 ; 22 ; 203 ; 6 ; [0.76265380479512446] ; [0.72548051653930012]
840 ; 22 ; 203 ; 7 ; [0.51805779608875291] ; [0.084219284601235331]
840 ; 22 ; 203 ; 8 ; [0.56039478514851748] ; [0.89452749761821115]
840 ; 22 ; 203 ; 12 ; [1.0608066631434507] ; [1.3594553980709183]
840 ; 22 ; 203 ; 19 ; [2.347158246489903] ; [1.3215209203286415]
840 ; 22 ; 203 ; 26 ; [0.43707830880720838] ; [1.2265464011516269]
840 ; 22 ; 203 ; 30 ; [3.4820866251538094] ; [1.7907683387970648]
840 ; 22 ; 203 ; 39 ; [1.4721037762353775] ; [1.1695340964586942]
840 ; 22 ; 203 ; 49 ; [3.5145636155386244] ; [2.4158169719537983]
840 ; 22 ; 203 ; 50 ; [1.449360743189565] ; [1.1795732984036322]
840 ; 22 ; 203 ; 56 ; [1.7836076901835025] ; [0.75498871634628939]
840 ; 22 ; 203 ; 57 ; [0.79544284917603669] ; [1.218409313776456]
840 ; 22 ; 204 ; 0 ; [0.51031464777692304] ; [0.77347767355020702]
840 ; 22 ; 204 ; 1 ; [0.57186345491713286] ; [0.96796770513680974]
840 ; 22 ; 204 ; 2 ; [-0.0030103036001236242] ; [0.63931556113413945]
840 ; 22 ; 204 ; 4 ; [0.46336858688632671] ; [0.26464002105681433]
840 ; 22 ; 204 ; 6 ; [0.95017926867391611] ; [0.55886214067619]
840 ; 22 ; 204 ; 7 ; [0.36219318418208379] ; [0.4947967793972638]
840 ; 22 ; 204 ; 15 ; [0.65112761037066436] ; [1.3982016412289284]
840 ; 22 ; 205 ; 0 ; [0.86950780145437856] ; [0.11116444252491404]
840 ; 22 ; 205 ; 5 ; [0.81640244350502178] ; [2.5663214072660612]
840 ; 22 ; 205 ; 6 ; [1.498444698815677] ; [2.1359390768851161]
840 ; 22 ; 205 ; 14 ; [0.54271337930833763] ; [0.27238166105426609]
840 ; 22 ; 205 ; 17 ; [-0.28073869585141914] ; [0.051398921690038804]
840 ; 22 ; 205 ; 18 ; [0.85106609735924954] ; [3.1401544511425481]
840 ; 22 ; 205 ; 20 ; [0.86595066325430492] ; [0.062374703521012556]
840 ; 22 ; 205 ; 22 ; [0.098824855860293201] ; [2.4051812224952589]
840 ; 22 ; 206 ; 0 ; [0.12524474544681988, 0.72059426400605175] ; [0.05441844093707944, 0.89113636621582093]
840 ; 22 ; 206 ; 1 ; [0.0097101736107259931] ; [0.20586932195293717]
840 ; 22 ; 206 ; 2 ; [2.6369321920124369] ; [1.1316636295915017]
840 ; 22 ; 206 ; 7 ; [3.0436577325502507] ; [1.7664454065176838]
840 ; 22 ; 206 ; 8 ; [0.60094073508762491] ; [1.679638124512149]
840 ; 22 ; 206 ; 9 ; [2.9189774823747663] ; [1.7649184023570483]
840 ; 22 ; 207 ; 0 ; [0.22824446145023591] ; [0.0080459865775237699]
840 ; 22 ; 207 ; 1 ; [-0.021303871634104125] ; [0.07959802270175409]
840 ; 22 ; 207 ; 4 ; [0.11937508927747757] ; [0.043472364142850849]
840 ; 22 ; 208 ; 0 ; [0.50921986468558778] ; [0.73375234481058249]
840 ; 22 ; 208 ; 1 ; [0.03824084102655019] ; [0.12109687664187077]
840 ; 22 ; 208 ; 2 ; [0.5273774506636103] ; [0.26795047418377516]
840 ; 22 ; 208 ; 3 ; [0.54388647481571806] ; [0.51744245422854807]
840 ; 22 ; 208 ; 5 ; [0.39513296846436952] ; [0.2670237819474528]
840 ; 22 ; 208 ; 7 ; [1.6788121404630967] ; [1.3784830942000867]
840 ; 22 ; 209 ; 0 ; [-0.027425795976733707, 0.040048309138734646] ; [-0.006299227638835175, 0.007590279152294834]
840 ; 22 ; 210 ; 0 ; [0.86773403213027245] ; [1.3224665979966914]
840 ; 22 ; 210 ; 4 ; [0.70901831702866414] ; [2.9915688266777778]
840 ; 22 ; 210 ; 6 ; [0.55432561120932899] ; [0.9451441688907154]
840 ; 22 ; 210 ; 10 ; [0.27996070670145085] ; [2.0283070044950562]
840 ; 22 ; 211 ; 0 ; [0.34405001182358547, 0.4979661209693364, 0.13232248884106668, 0.084507750588554281] ; [0.19773907266477134, 0.73314902271423099, 0.68657578427838672, 0.22169074569911623]
840 ; 22 ; 211 ; 1 ; [0.31507096468579343] ; [0.20895870963293317]
840 ; 22 ; 212 ; 0 ; [0.45693818033560413] ; [1.8336477476553608]
840 ; 22 ; 212 ; 4 ; [0.087264054479601685, 0.37784840624555732] ; [0.30403924142620625, 0.51706258981158892]
840 ; 22 ; 212 ; 5 ; [1.4347247567688803] ; [0.65398787388005597]
840 ; 22 ; 213 ; 0 ; [0.20661750529838693, 0.17429312837972985, 0.14686979529141489] ; [0.21360043301503134, 0.27250195661745946, 0.13140256471653688]
840 ; 22 ; 213 ; 1 ; [0.5172663122508967] ; [0.010357926432293531]
840 ; 22 ; 214 ; 0 ; [0.8304212078880755, 0.72029521784766981] ; [0.58703467445337065, 0.66013282886888636]
840 ; 22 ; 214 ; 1 ; [0.67651372529133547] ; [0.71911743959201624]
840 ; 22 ; 215 ; 0 ; [0.63051034662151828] ; [0.022491810011531867]
840 ; 22 ; 215 ; 1 ; [0.47535236596382979] ; [0.11308192111007058]
840 ; 22 ; 216 ; 0 ; [0.27462979422809086, 0.83283333937917392] ; [0.078171043318101416, 0.16083146444742366]
840 ; 22 ; 216 ; 7 ; [1.6135138613561169] ; [0.367812409782379]
840 ; 22 ; 216 ; 8 ; [0.38264321176563681, 0.13281585338570137] ; [0.44662048173610647, 0.46433562655131511]
840 ; 22 ; 217 ; 0 ; [1.6912537838194228] ; [0.53207689681459325]
840 ; 22 ; 217 ; 1 ; [3.4023639995723847] ; [0.99056679357376098]
840 ; 22 ; 217 ; 4 ; [0.68233495050277548] ; [1.0650798800582115]
840 ; 22 ; 217 ; 5 ; [7.3843204138412943] ; [1.3253547488613708]
840 ; 22 ; 217 ; 7 ; [4.9245440246797285] ; [1.9705421009755886]
840 ; 22 ; 217 ; 8 ; [0.064446565153249091] ; [0.28878313773642966]
840 ; 22 ; 217 ; 9 ; [1.0580166369891766] ; [2.2663741178335917]
840 ; 22 ; 217 ; 10 ; [0.065860273396221594] ; [0.34667979685207551]
840 ; 22 ; 217 ; 11 ; [5.0541315738509756] ; [1.7901206893753272]
840 ; 22 ; 217 ; 12 ; [1.5964977964219109] ; [1.8421647217488539]
840 ; 22 ; 217 ; 13 ; [1.5824459087448723] ; [1.8457020415829362]
840 ; 22 ; 217 ; 20 ; [1.8760571652609417] ; [1.9587610191189906]
840 ; 22 ; 218 ; 2 ; [-0.026001068796062364] ; [-0.028944333656868711]
840 ; 22 ; 219 ; 0 ; [0.34368554820852665] ; [0.06451563712754875]
840 ; 22 ; 219 ; 1 ; [0.70126563507351214] ; [0.25719534711467151]
840 ; 22 ; 219 ; 2 ; [0.31452881678755107] ; [0.63887059627618736]
840 ; 22 ; 219 ; 4 ; [1.211621431781726] ; [0.93813491288254958]
840 ; 22 ; 219 ; 7 ; [2.9105413078803331] ; [1.0348782562396326]
840 ; 22 ; 219 ; 9 ; [2.698745637719334] ; [2.672586440091576]
840 ; 22 ; 219 ; 12 ; [0.17557297857328458] ; [1.2758732392655054]
840 ; 22 ; 219 ; 13 ; [3.0132117432101482] ; [0.94215571537883636]
840 ; 22 ; 219 ; 18 ; [2.0648131471517979] ; [1.9638235129324608]
840 ; 22 ; 221 ; 0 ; [1.7743284668015489] ; [0.30904867725862539]
840 ; 22 ; 221 ; 1 ; [0.032191457050685261] ; [1.3176872683117127]
840 ; 22 ; 221 ; 12 ; [1.9068536756595531] ; [0.72416657868958068]
840 ; 22 ; 221 ; 21 ; [-0.0080510680678090325] ; [0.62476884582974046]
840 ; 22 ; 222 ; 1 ; [3.5254968433278058] ; [0.92583262989701054]
840 ; 22 ; 222 ; 3 ; [2.3212081753563436] ; [2.062671533467451]
840 ; 22 ; 222 ; 4 ; [1.5319697696670307] ; [2.1644938036456733]
840 ; 22 ; 222 ; 5 ; [0.39069539489092964] ; [0.75000543246908447]
840 ; 22 ; 222 ; 9 ; [0.78074213745479726] ; [0.39505020830869608]
840 ; 22 ; 222 ; 10 ; [1.3984297586569279] ; [3.020789561921625]
840 ; 22 ; 223 ; 0 ; [0.0014660087326760728, 0.010888354609938939, -0.028608723969660042] ; [0.24399209183234208, 0.16979391257767562, 0.19686869498474452]
840 ; 22 ; 223 ; 1 ; [0.13115887075701102, 0.33137224468337856] ; [0.16141638108553008, 0.18774052329273361]
840 ; 22 ; 223 ; 2 ; [0.51855111150295075] ; [0.15985917369054414]
840 ; 22 ; 223 ; 3 ; [0.42611748704315061] ; [-0.0034594249114537415]
840 ; 22 ; 224 ; 4 ; [0.19874351962385942] ; [0.73690112081474324]
840 ; 22 ; 224 ; 16 ; [0.68594157391544908] ; [0.52824940991649838]
840 ; 22 ; 224 ; 17 ; [1.4007359957869989] ; [1.099573268803844]
840 ; 22 ; 225 ; 0 ; [0.26502149822150772] ; [0.05539829423275499]
840 ; 22 ; 225 ; 1 ; [0.57533971761323333] ; [1.6127209488743928]
840 ; 22 ; 225 ; 2 ; [1.6195929472638722] ; [1.3702211482205038]
840 ; 22 ; 225 ; 3 ; [0.68782711559650778] ; [0.82375324333404243]
840 ; 22 ; 225 ; 4 ; [0.65233369314753653] ; [1.276879355745983]
840 ; 22 ; 225 ; 5 ; [0.42954858713562766] ; [1.7452753582459495]
840 ; 22 ; 225 ; 6 ; [1.9667865039182459] ; [0.93414880183289284]
840 ; 22 ; 225 ; 10 ; [2.566585714520266] ; [0.56907291134956473]
840 ; 22 ; 225 ; 12 ; [1.8931663320357035] ; [1.0969366446251061]
840 ; 22 ; 225 ; 13 ; [0.44143832987940967] ; [1.5480348052832447]
840 ; 22 ; 225 ; 14 ; [1.2825238878586311] ; [0.16974562204529561]
840 ; 22 ; 225 ; 16 ; [1.7504035038984931] ; [2.4967506536884105]
840 ; 22 ; 225 ; 17 ; [1.8515020273005245] ; [0.72752083016833446]
840 ; 22 ; 225 ; 18 ; [1.7855687117831622] ; [1.1720902550050138]
840 ; 22 ; 225 ; 19 ; [0.51002906018661265] ; [1.1959849061596066]
840 ; 22 ; 225 ; 21 ; [0.0025335707441485108] ; [1.2063400668158017]
840 ; 22 ; 225 ; 26 ; [2.5964315875984889] ; [1.0034334103798199]
840 ; 22 ; 225 ; 28 ; [2.3146235876569796] ; [0.81386536641917195]
840 ; 22 ; 226 ; 0 ; [0.18740817039633736] ; [0.069730393766346363]
840 ; 22 ; 226 ; 2 ; [1.612061271703773] ; [0.011983429481962921]
840 ; 22 ; 226 ; 3 ; [0.79679797012183728] ; [-0.020178248106929725]
840 ; 22 ; 226 ; 6 ; [0.23535730377309941] ; [0.16709030334646799]
840 ; 22 ; 227 ; 0 ; [0.019371397572868029] ; [0.24883204988409702]
840 ; 22 ; 227 ; 1 ; [0.0045369926909700434] ; [0.0032644447960014497]
840 ; 22 ; 228 ; 0 ; [-0.0033463501093268003, -0.010852158289597994] ; [0.11326802489400523, 0.15206490735693073]
840 ; 22 ; 228 ; 3 ; [0.047086684237851839, 0.021987367444851028] ; [0.19276460175818128, 0.19805493701451315]
840 ; 22 ; 229 ; 0 ; [0.066482790412508583, 0.13364387020047297, 0.13458537751555782] ; [0.17034086355476669, 0.20744787131797893, 0.2436396789541922]
840 ; 22 ; 229 ; 1 ; [0.079500420054855539] ; [0.043876741851964537]
840 ; 22 ; 230 ; 0 ; [0.21765783047619508, 0.32960191298480834] ; [0.32077301313115153, 0.37404567636657648]
840 ; 22 ; 230 ; 1 ; [0.089793310666259174] ; [0.14367062081261225]
840 ; 22 ; 231 ; 0 ; [0.0029996511547860788, 0.070796364004832427, 0.15489242031960201, 0.76550955826564926, 0.024594522289005012] ; [0.16946130057931255, 0.51681236489781668, 0.40788456184078231, 0.92218639459848895, 0.14833957750648905]
840 ; 22 ; 231 ; 1 ; [0.46128270815602057] ; [0.15720440826875137]
840 ; 22 ; 232 ; 0 ; [0.030829444650660193] ; [0.1636910244030465]
840 ; 22 ; 232 ; 1 ; [0.89556660907708874] ; [0.9983113828727036]
840 ; 22 ; 232 ; 10 ; [2.3702481641275939] ; [1.5398737335088621]
840 ; 22 ; 232 ; 11 ; [1.8506107032389811] ; [1.7977200628428505]
840 ; 22 ; 232 ; 13 ; [0.76512308398151685] ; [0.18600121171631406]
840 ; 22 ; 232 ; 14 ; [2.6420835073220883] ; [2.6267790698970859]
840 ; 22 ; 232 ; 15 ; [1.9072458720708283] ; [1.7432321169942364]
840 ; 22 ; 233 ; 11 ; [1.5442634686753896] ; [1.0113272112498308]
840 ; 22 ; 233 ; 13 ; [0.86515480045764404] ; [1.7691834078183528]
840 ; 22 ; 233 ; 14 ; [0.086811295774256891] ; [2.3789662742875999]
840 ; 22 ; 234 ; 0 ; [0.57472737491802095] ; [0.30418014168728447]
840 ; 22 ; 234 ; 1 ; [0.56967279020798134] ; [0.75943772029530798]
840 ; 22 ; 234 ; 2 ; [4.0069158654923855] ; [0.63068170078451491]
840 ; 22 ; 234 ; 3 ; [3.978834272830976] ; [0.53618977367760179]
840 ; 22 ; 234 ; 4 ; [0.46723502061976535] ; [0.524313996705289]
840 ; 22 ; 234 ; 5 ; [0.27989962754072495] ; [0.47506798631600433]
840 ; 22 ; 234 ; 6 ; [2.0651820186986609, 0.99318622196735051] ; [0.60370895972203253, 1.2602176922818358]
840 ; 22 ; 234 ; 7 ; [0.78446197012464247] ; [5.8253450129738233]
840 ; 22 ; 234 ; 9 ; [0.87257414462072536] ; [0.39524552433610188]
840 ; 22 ; 234 ; 11 ; [-0.33503502024179788] ; [0.83196382478778752]
840 ; 22 ; 234 ; 13 ; [0.86069413938810702] ; [0.010506026554994014]
840 ; 22 ; 234 ; 15 ; [1.4671429634317843] ; [0.93567831032519133]
840 ; 22 ; 234 ; 20 ; [3.1987467714238584] ; [1.8033970088984588]
840 ; 22 ; 234 ; 21 ; [1.9855323383683197] ; [0.99118548840619802]
840 ; 22 ; 234 ; 30 ; [1.8496483543489239] ; [1.4253319204405746]
840 ; 22 ; 234 ; 31 ; [1.333415920932882] ; [1.8060254943093386]
840 ; 22 ; 234 ; 33 ; [2.3423584222322673] ; [0.89474370998923436]
840 ; 22 ; 235 ; 0 ; [0.055329191219442381, 0.039920509753615364, 0.024713709230440348] ; [0.29989742283278348, 0.12817720011085573, 0.15297569240086556]
840 ; 22 ; 235 ; 1 ; [0.69680284211100507] ; [0.0085477803154039265]
840 ; 22 ; 236 ; 1 ; [1.2322571181208393] ; [0.70595956592533327]
840 ; 22 ; 236 ; 2 ; [0.085069149466619642] ; [-0.0053490845267223719]
840 ; 22 ; 237 ; 0 ; [0.92101679268665992] ; [-0.015217498003943487]
840 ; 22 ; 237 ; 4 ; [0.52809671899989041] ; [0.79803453946881064]
840 ; 22 ; 237 ; 7 ; [0.047267585309515171] ; [0.70169685277248561]
840 ; 22 ; 237 ; 10 ; [0.082127818699615343] ; [0.61371834301954764]
840 ; 22 ; 237 ; 14 ; [0.12162293372657079] ; [0.48587777358518486]
840 ; 22 ; 237 ; 15 ; [0.15530520912596624] ; [0.30248157944189796]
840 ; 22 ; 238 ; 0 ; [0.053712088187170756, 0.040376302313989643, 0.03488687229370719] ; [0.16533358162220158, 0.23195886633536333, 0.020027460246242614]
840 ; 22 ; 239 ; 0 ; [0.1230944307023618, 0.12262868209942732, 0.07646839342959777] ; [0.19371119031939105, 0.20695143584527306, 0.17706733600128105]
840 ; 22 ; 240 ; 0 ; [0.16748453596367818] ; [0.89769902458303596]
840 ; 22 ; 240 ; 2 ; [0.19935805808993365] ; [0.61911857706156459]
840 ; 22 ; 242 ; 1 ; [0.48853469776203406] ; [0.4579881520039602]
840 ; 22 ; 242 ; 5 ; [1.9216695073282151] ; [1.2069861746238977]
840 ; 22 ; 242 ; 8 ; [1.1048033194563918] ; [4.2223987778950018]
840 ; 22 ; 243 ; 0 ; [0.47037920689746959] ; [0.460338043740186]
840 ; 22 ; 243 ; 2 ; [0.12301338130878853] ; [1.3681730424145226]
840 ; 22 ; 244 ; 2 ; [0.10568316864136414, 0.14179031922316329, 0.43351808451930451] ; [0.26709847330728531, 0.1943191244453068, 0.73607958229129067]
840 ; 22 ; 245 ; 0 ; [0.063580168964203751, 0.097037757322533419, 0.094340923487434947, -0.01021124021661529] ; [0.18414963036087884, 0.2158070303367691, 0.1969092185785534, 0.12788376191547463]
840 ; 22 ; 246 ; 0 ; [0.71434642292844275, 0.21546975603207322] ; [0.11847984386175316, 0.080164767557799874]
840 ; 22 ; 246 ; 1 ; [0.18561003851993643] ; [-0.00012535838933723506]
840 ; 22 ; 247 ; 0 ; [0.0058351401769131828] ; [0.13467908228963174]
840 ; 22 ; 248 ; 0 ; [0.046083489869864963] ; [0.059364003946911312]
840 ; 22 ; 248 ; 1 ; [0.22559327655802561] ; [0.028338345718166267]
840 ; 22 ; 250 ; 0 ; [2.1585682477661239] ; [0.3311440513529651]
840 ; 22 ; 251 ; 0 ; [0.03946228443529335] ; [0.63790092736937853]
840 ; 22 ; 251 ; 1 ; [0.33984384330784695] ; [0.55107536952704572]
840 ; 22 ; 251 ; 2 ; [0.01270233089542148] ; [0.49406988274161701]
840 ; 22 ; 252 ; 0 ; [0.39320716518214466] ; [0.29655118769650385]
840 ; 22 ; 252 ; 6 ; [0.040345303392340909] ; [1.9818692904563635]
840 ; 22 ; 253 ; 0 ; [0.38115524979409693] ; [-0.0034386930326370563]
840 ; 22 ; 253 ; 1 ; [0.18311984300015335] ; [0.011929888064334839]
840 ; 22 ; 254 ; 0 ; [1.0295315209721045, 9.6887741801852556] ; [0.64008910856697621, 0.56744700115679447]
840 ; 22 ; 254 ; 2 ; [0.66617570425449979] ; [2.3094672390891371]
840 ; 22 ; 255 ; 0 ; [0.025150132263829207] ; [0.081218249332087794]
840 ; 22 ; 255 ; 1 ; [1.6038614167819134] ; [0.36246130508139401]
840 ; 22 ; 256 ; 0 ; [0.13866361812533315, 0.17404844673824871, 0.20749626113451877, 0.21641727159900187] ; [0.21016615773964201, 0.24846632943890501, 0.53196049080057406, -0.021400523849050081]
840 ; 22 ; 256 ; 1 ; [0.41906273917189713] ; [0.082676094571733375]
840 ; 22 ; 256 ; 2 ; [0.38898186180464689] ; [0.2038654976427299]
840 ; 22 ; 257 ; 0 ; [0.10323943141255505] ; [0.43088324756153124]
840 ; 22 ; 257 ; 1 ; [0.4225863019845908] ; [0.54720736281321181]
840 ; 22 ; 258 ; 0 ; [0.34419538849582471] ; [0.3468564400633562]
840 ; 22 ; 258 ; 3 ; [3.6839166481663268] ; [1.8936718051600219]
840 ; 22 ; 258 ; 4 ; [1.7033974193865855] ; [1.525269378629772]
840 ; 22 ; 258 ; 5 ; [0.66547886434861658] ; [1.9433561256921337]
840 ; 22 ; 258 ; 7 ; [1.8983997447278915] ; [1.8535597573652913]
840 ; 22 ; 259 ; 1 ; [1.4546975495749377] ; [-0.019318805318428372]
840 ; 22 ; 259 ; 2 ; [1.2471940533771015] ; [1.989955899693725]
840 ; 22 ; 259 ; 9 ; [1.2714548326430755] ; [3.444828974960763]
840 ; 22 ; 259 ; 10 ; [0.92301321712744455] ; [1.2521237390154596]
840 ; 22 ; 260 ; 0 ; [0.52309126162927733, 0.22343339957644912] ; [0.23522881348730229, 0.054202905896909084]
840 ; 22 ; 260 ; 1 ; [0.16598822100491717] ; [2.0836569195332566]
840 ; 22 ; 260 ; 2 ; [0.12317054910696219] ; [0.60073416944628755]
840 ; 22 ; 261 ; 1 ; [0.23531974818096646] ; [0.015774934792865434]
840 ; 22 ; 262 ; 1 ; [1.7062520491237336] ; [1.7605744205042353]
840 ; 22 ; 262 ; 2 ; [0.60059103515443824] ; [2.0638140372663076]
840 ; 22 ; 262 ; 4 ; [0.019843820298839725] ; [5.1388728608143417]
840 ; 22 ; 262 ; 10 ; [1.795826191319414] ; [0.44873718253859723]
840 ; 22 ; 262 ; 11 ; [2.5046283426689535] ; [0.39620057157896249]
840 ; 22 ; 263 ; 0 ; [0.055360706309315735] ; [0.31841974654308092]
840 ; 22 ; 263 ; 2 ; [0.85568872388634654] ; [0.72346961094590823]
840 ; 22 ; 264 ; 0 ; [0.3886105038454517] ; [0.095229933448411158]
840 ; 22 ; 264 ; 3 ; [2.3105243837764] ; [1.6687857285913676]
840 ; 22 ; 264 ; 9 ; [1.7559206520495527] ; [1.4276601796578992]
840 ; 22 ; 265 ; 0 ; [0.17240959106031706] ; [0.2005498599043587]
840 ; 22 ; 265 ; 2 ; [1.1290991965959623, 0.84170563810613441] ; [0.99070861165832069, 0.017269273896611811]
840 ; 22 ; 266 ; 0 ; [0.17156906140926309] ; [0.061517484745405616]
840 ; 22 ; 266 ; 1 ; [1.3069429916819124] ; [0.046081112776906456]
840 ; 22 ; 266 ; 7 ; [1.8986925245604858] ; [1.9551511595405022]
840 ; 22 ; 266 ; 11 ; [1.1188972693855825] ; [1.710911396100369]
840 ; 22 ; 267 ; 0 ; [0.099928636000826923, 0.06265893364581325] ; [0.36030928471932316, 0.073613144874343062]
840 ; 22 ; 267 ; 1 ; [0.10667838433195899] ; [0.047047876583078289]
840 ; 22 ; 268 ; 0 ; [1.8944072738760538] ; [0.35342333724418418]
840 ; 22 ; 268 ; 2 ; [0.04104292873954897] ; [1.1251693412085573]
840 ; 22 ; 268 ; 4 ; [4.2767758692991205] ; [0.6124120925882538]
840 ; 22 ; 268 ; 5 ; [2.3544634740330301] ; [0.51932876345519885]
840 ; 22 ; 268 ; 7 ; [1.7437696317953335] ; [0.36419237988510206]
840 ; 22 ; 268 ; 11 ; [1.2634377262084018] ; [0.95482176817386344]
840 ; 22 ; 269 ; 0 ; [0.16890455006810567, 0.097953255784385851] ; [0.36811955867647245, 0.22215414783129284]
840 ; 22 ; 270 ; 0 ; [0.21787822114682126, 0.2134565614143559] ; [0.18370882265170432, 0.16468294667836933]
840 ; 22 ; 271 ; 0 ; [0.11716716683739462, 0.068580178305139294, -0.019501310503695257, 0.022328508458439929] ; [0.22630395706248255, 0.13730384041998439, 0.16875989590863866, 0.13633258948847826]
840 ; 22 ; 272 ; 7 ; [0.0064000921009886415] ; [-0.015606562856802477]
840 ; 22 ; 273 ; 0 ; [0.70516330835673646] ; [1.0212593501385399]
840 ; 22 ; 273 ; 5 ; [0.90569241518990085] ; [0.38228159328530864]
840 ; 22 ; 273 ; 6 ; [1.9708163585383989] ; [2.0150995495539017]
840 ; 22 ; 274 ; 0 ; [1.6469410151969119] ; [0.61755744151257164]
840 ; 22 ; 274 ; 1 ; [-0.0084649020810961973] ; [0.21166469867150459]
840 ; 22 ; 274 ; 7 ; [0.041833958441502665] ; [3.1621425666710206]
840 ; 22 ; 274 ; 10 ; [0.023455775368812607] ; [0.64038800519340067]
840 ; 22 ; 274 ; 12 ; [0.64942287498116846] ; [0.84950455805788283]
840 ; 22 ; 274 ; 17 ; [1.0156943929685021] ; [2.285280509115585]
840 ; 22 ; 275 ; 0 ; [0.11887975789338505, 0.14451589386119398] ; [-0.026701561996112084, -0.031790462688940362]
840 ; 22 ; 276 ; 0 ; [0.74287473329206122] ; [0.43825612737031849]
840 ; 22 ; 276 ; 1 ; [0.70758548151840328, 0.55637318241847333] ; [1.1825451657863759, 0.72054080825346356]
840 ; 22 ; 276 ; 2 ; [0.59159400148426811] ; [0.48333130986178863]
840 ; 22 ; 276 ; 3 ; [0.48428119411236603] ; [0.34843387713573432]
840 ; 22 ; 276 ; 7 ; [0.87244135759261543] ; [0.56314885525515346]
840 ; 22 ; 276 ; 10 ; [2.0013851851633135] ; [0.93356958198149353]
840 ; 22 ; 276 ; 15 ; [0.8764986073217651] ; [0.27906936239211855]
840 ; 22 ; 277 ; 0 ; [0.11872902013225334, 0.12047559314862621, 0.14466047076504626, 0.17691850596628242] ; [0.23027377498493429, 0.19681498466166827, 0.18662229308893849, 0.086391179970291027]
840 ; 22 ; 278 ; 0 ; [0.93841072442982743] ; [2.0642369433620678]
840 ; 22 ; 278 ; 1 ; [0.57098379400511234] ; [3.2566918860921534]
840 ; 22 ; 278 ; 2 ; [1.4309253417360877] ; [2.1584133387028177]
840 ; 22 ; 278 ; 3 ; [1.3382984403909239] ; [1.930006394267352]
840 ; 22 ; 278 ; 4 ; [1.4998224285298511] ; [1.5533071839522972]
840 ; 22 ; 278 ; 6 ; [1.7580305812980677] ; [1.8473167214543238]
840 ; 22 ; 278 ; 7 ; [0.55522041149007251] ; [1.6716935227475442]
840 ; 22 ; 278 ; 8 ; [1.8401887133630688] ; [1.6686424518555933]
840 ; 22 ; 278 ; 9 ; [2.0208956944224923] ; [2.1147343877322982]
840 ; 22 ; 279 ; 0 ; [2.173204860566071] ; [0.14691687599862743]
840 ; 22 ; 280 ; 1 ; [1.5180643915468726] ; [0.23624971197543962]
840 ; 22 ; 281 ; 0 ; [0.023807877997245999, 0.088591765056366942, 0.3745507356152617] ; [0.18770483205312083, 0.47230389637444214, 0.14354268869763778]
840 ; 22 ; 282 ; 0 ; [0.26923751994088618, 0.097247443444448509, 0.64236734022520936] ; [0.80229440702862087, 0.29295553121684786, 0.20028340295382518]
840 ; 22 ; 282 ; 2 ; [0.98000356768740582] ; [0.8333722218847387]
840 ; 22 ; 282 ; 5 ; [0.044486437982965935, 0.15579155694307018] ; [0.059736457982259399, 0.054533044185343785]
840 ; 22 ; 283 ; 0 ; [0.012415563158915621, -0.0010302015375758355] ; [0.33404420889091213, 0.16427050437785576]
840 ; 22 ; 283 ; 1 ; [0.10604232305740265] ; [0.18241417005304397]
840 ; 22 ; 284 ; 0 ; [0.69310944047666045, 0.3620902033425013] ; [0.42185038401571662, 0.16359543624749151]
840 ; 22 ; 284 ; 1 ; [0.08594141437070546] ; [0.13948277090034475]
840 ; 22 ; 284 ; 2 ; [0.55601177407699309] ; [0.21191585831953946]
840 ; 22 ; 284 ; 3 ; [0.2912519746777073] ; [2.0312455973981933]
840 ; 22 ; 284 ; 5 ; [0.90766147420238508] ; [1.7182165633796027]
840 ; 22 ; 284 ; 6 ; [0.40397137968253644] ; [0.96234408910976654]
840 ; 22 ; 284 ; 7 ; [0.56351704403872283] ; [0.22081955829191707]
840 ; 22 ; 284 ; 9 ; [0.29799098972899751] ; [1.7888609787474132]
840 ; 22 ; 284 ; 10 ; [1.278011465294532] ; [5.7665225496420911]
840 ; 22 ; 284 ; 11 ; [0.60950687943629156] ; [2.2215047416683698]
840 ; 22 ; 284 ; 12 ; [1.812373136412023] ; [2.1784425515533545]
840 ; 22 ; 284 ; 13 ; [2.1828736341592996] ; [2.3630447516458575]
840 ; 22 ; 284 ; 15 ; [1.5891718957066416] ; [1.9076765237995645]
840 ; 22 ; 284 ; 18 ; [0.85206582015152021] ; [1.0938673703972719]
840 ; 22 ; 284 ; 24 ; [1.3409695154394701] ; [1.0613203262585034]
840 ; 22 ; 284 ; 25 ; [0.38437493801141531] ; [1.7302634952806313]
840 ; 22 ; 284 ; 26 ; [1.6230348865772173] ; [1.7301961946565274]
840 ; 22 ; 284 ; 27 ; [0.38915004150350385] ; [1.5004550212005217]
840 ; 22 ; 284 ; 29 ; [1.2241325191775787] ; [2.2736104206032017]
840 ; 22 ; 286 ; 0 ; [0.28550614806973096] ; [0.18857379556130505]
840 ; 22 ; 287 ; 0 ; [-0.00091669851681197676, 0.036005002836864843, -0.0055177752891114656, 0.015866263797364437] ; [0.18857989797808142, 0.22421890936252045, 0.20453523583105376, 0.087567958898340917]
840 ; 22 ; 288 ; 0 ; [0.13620617704140803, 1.1564328389471883] ; [0.28140745854737459, 0.48861018616001189]
840 ; 22 ; 289 ; 0 ; [0.17381354702353854, 0.44562104216801179, 0.22879591859881684, 0.17990109109179558, 0.31083948834125397] ; [0.15522727556587493, 0.46243967507129585, 0.22634878813501366, 0.1691852869053668, 0.33419532106741695]
840 ; 22 ; 290 ; 0 ; [2.6184801066197565, 0.069290029948800194, -0.0075626123241550334] ; [0.28158331055354374, 0.19143947660135785, 0.18292284841279513]
840 ; 22 ; 291 ; 0 ; [0.14210026286832347, 0.63247553089524944, 0.094728196323729405, 0.11226526911711844] ; [0.30443666247145829, 0.27548216997395164, 0.19618188175148207, 0.13833712689988514]
840 ; 22 ; 292 ; 0 ; [0.097939976699748799] ; [-0.015311433992982187]
840 ; 22 ; 292 ; 1 ; [0.53899742774195236] ; [0.13026036317018649]
840 ; 22 ; 292 ; 4 ; [0.49040009036064791] ; [0.86398980237023371]
840 ; 22 ; 292 ; 5 ; [0.4368988711950329] ; [1.3386545288428373]
840 ; 22 ; 292 ; 11 ; [0.47233758652806968] ; [0.98633047688512321]
840 ; 22 ; 292 ; 13 ; [2.0072250032001717] ; [0.59711965761828834]
840 ; 22 ; 292 ; 18 ; [0.52600334168536589] ; [2.9257160667487345]
840 ; 22 ; 292 ; 28 ; [0.22538063037951375] ; [0.58648461867466106]
840 ; 22 ; 293 ; 0 ; [0.32109672565021785, 0.11978643245724541] ; [0.38814279271111279, 0.12091580512800648]
840 ; 22 ; 294 ; 0 ; [0.28592943017527667] ; [0.60731955642091917]
840 ; 22 ; 294 ; 1 ; [0.17060642427990677] ; [0.040213336427092253]
840 ; 22 ; 294 ; 2 ; [0.50295346347202852] ; [0.0049052365265965219]
840 ; 22 ; 295 ; 0 ; [0.46862410538128951] ; [1.1223523932927368]
840 ; 22 ; 296 ; 0 ; [0.16460101489712206, 0.32889481991037323, 0.071152382783172236, 1.8008982934501832] ; [0.22094776923450168, 0.53940498958368899, 0.23281465964933223, 0.26021917687538487]
840 ; 22 ; 297 ; 0 ; [0.12315300839738982] ; [0.092894269705109861]
840 ; 22 ; 297 ; 1 ; [1.0373805912895495] ; [0.77418728587150909]
840 ; 22 ; 297 ; 6 ; [2.3695946314232113] ; [1.2886962756210378]
840 ; 22 ; 298 ; 0 ; [0.24193223705648914, 0.20576592654426173, 0.088638313114578593] ; [0.18390823859001915, 0.19160299357574037, 0.073350728298469434]
840 ; 22 ; 299 ; 2 ; [0.32360627463875552] ; [1.0871070632502704]
840 ; 22 ; 299 ; 4 ; [0.17496845968111482] ; [1.0686527573258631]
840 ; 22 ; 300 ; 0 ; [0.24010316229484974, 0.42972657231005407] ; [0.032002185845020591, 0.094504855522519679]
840 ; 22 ; 301 ; 0 ; [-0.00049061282973564149, 0.16948071939822237, 0.020823276717649518, -0.029196039032679068] ; [0.26344896029960169, 0.22904893716458533, 0.24965655060606401, 0.10639113388077655]
840 ; 22 ; 303 ; 1 ; [0.058866631607090436, 0.056697559718997835] ; [0.084494459922769161, 0.0088022535129180166]
840 ; 22 ; 304 ; 0 ; [0.25760610589051147, 0.737743266333588] ; [0.21273955895091712, 0.71526549055827204]
840 ; 22 ; 304 ; 1 ; [0.83751844020768218] ; [0.42706203871132398]
840 ; 22 ; 305 ; 0 ; [0.1177132502533739] ; [0.032337779851450976]
840 ; 22 ; 305 ; 1 ; [0.04384011288660853] ; [0.10996341873846772]
840 ; 22 ; 306 ; 0 ; [0.27798476145872769, 0.29069309067280114, 0.26647700980050215, 0.21832383218106444, 0.19119996737125303] ; [0.078621721077356446, 0.14230888490139032, 0.12618061855461823, 0.19691199444087604, 0.31129573834452595]
840 ; 22 ; 307 ; 0 ; [0.0028809367150504292, 0.010359612144964064, 0.10213582501246291] ; [0.25133708386488057, 0.30913080832091222, 0.51090695510348227]
840 ; 22 ; 307 ; 1 ; [0.2492052724901905] ; [0.59349024828501373]
840 ; 22 ; 307 ; 3 ; [2.2357681657036097] ; [0.66840721619710708]
840 ; 22 ; 307 ; 5 ; [0.074561043510095917] ; [0.32886773598806923]
840 ; 22 ; 308 ; 0 ; [1.9479289935332158] ; [0.13989598887102656]
840 ; 22 ; 308 ; 1 ; [0.29587251330766456] ; [0.56603093458285714]
840 ; 22 ; 308 ; 3 ; [0.02088201735669282] ; [0.51068511251412629]
840 ; 22 ; 308 ; 8 ; [1.9677270622207128] ; [1.2246385997689577]
840 ; 22 ; 308 ; 11 ; [0.61921074867392745] ; [1.9997429433857765]
840 ; 22 ; 308 ; 12 ; [1.3430065310252584] ; [0.76305223485416696]
840 ; 22 ; 308 ; 13 ; [2.3088238782485515] ; [2.1804532036843152]
840 ; 22 ; 310 ; 8 ; [0.16364702169258893] ; [0.21376640231313132]
840 ; 22 ; 310 ; 11 ; [0.01406952636669534] ; [0.12747215520714508]
840 ; 22 ; 311 ; 0 ; [0.56263223272841978, 0.031489908566949075, 0.023202641747443142, 0.4491110920073384] ; [0.27541462110246034, 0.4279235439770922, 0.24298223017574405, 0.010928445039326358]
840 ; 22 ; 312 ; 0 ; [0.018354064723865842, 0.077972562276113863, 0.19343780496062271] ; [0.25703955377521265, 0.1703159594727976, 0.20525747367431277]
840 ; 22 ; 313 ; 0 ; [-0.047933339975056916] ; [0.79388182722378986]
840 ; 22 ; 313 ; 1 ; [0.52126020367854986] ; [0.22397428734790117]
840 ; 22 ; 313 ; 4 ; [0.15224198348978091] ; [0.19752101669110886]
840 ; 22 ; 314 ; 0 ; [0.40735796299114835, 0.37935376895431561] ; [0.34935176779685834, 0.76930409211400019]
840 ; 22 ; 314 ; 1 ; [0.48796577109565259, -0.38383340241807556] ; [0.44154891330593438, 0.60719003656908965]
840 ; 22 ; 314 ; 2 ; [0.1796545561149665] ; [0.16761385831242323]
840 ; 22 ; 315 ; 0 ; [0.076668612904787783] ; [0.21072271211189014]
840 ; 22 ; 315 ; 1 ; [1.5142252957739495] ; [0.19025756461797197]
840 ; 22 ; 315 ; 3 ; [0.41158816647824215] ; [0.80581001527589313]
840 ; 22 ; 316 ; 0 ; [1.514971922470393] ; [0.44827060678451536]
840 ; 22 ; 316 ; 1 ; [1.0942363921285765] ; [4.7964043322351468]
840 ; 22 ; 316 ; 2 ; [0.55726827581969984] ; [1.5037367633452998]
840 ; 22 ; 316 ; 3 ; [1.3760667930689623] ; [0.43769788498812368]
840 ; 22 ; 316 ; 9 ; [0.26520291575385213] ; [1.0583985996321339]
840 ; 22 ; 316 ; 10 ; [0.072825495942386992] ; [3.2257076599970071]
840 ; 22 ; 316 ; 11 ; [1.1816083399266688] ; [0.60231137269632418]
840 ; 22 ; 316 ; 12 ; [1.1561808612022924] ; [0.62929658273135347]
840 ; 22 ; 316 ; 13 ; [1.3560683141132499] ; [1.8923897056322534]
840 ; 22 ; 316 ; 16 ; [3.7011229621298423] ; [0.45815816522880298]
840 ; 22 ; 316 ; 17 ; [1.9180472922230827] ; [1.4380662025505033]
840 ; 22 ; 316 ; 18 ; [3.5831951598574765] ; [2.5486625411114607]
840 ; 22 ; 316 ; 19 ; [2.6788093470172747] ; [0.41318905855950683]
840 ; 22 ; 316 ; 21 ; [0.59940990755371415] ; [1.2974849284540961]
840 ; 22 ; 316 ; 25 ; [1.4484805850384794] ; [0.051026560180994163]
840 ; 22 ; 316 ; 27 ; [1.9583983270776473] ; [1.6963061881684864]
840 ; 22 ; 316 ; 28 ; [1.8808322343521879] ; [3.1478269789954614]
840 ; 22 ; 317 ; 0 ; [0.0046319628612319355] ; [0.24886064288814386]
840 ; 22 ; 317 ; 2 ; [0.72058600254921901] ; [0.72296895931193728]
840 ; 22 ; 317 ; 5 ; [4.980774351449738] ; [0.0011539755275322601]
840 ; 22 ; 318 ; 0 ; [0.10004007151120335, 0.086955687287105371, 0.29683521646337141, 0.010614259831200025] ; [0.22662623896261858, 0.29558438597155534, 0.26292766768237813, 0.049540976234754598]
840 ; 22 ; 319 ; 0 ; [0.51227243170077419] ; [7.3765500217751363]
840 ; 22 ; 319 ; 1 ; [1.6623679714528055] ; [0.39567043153423087]
840 ; 22 ; 319 ; 5 ; [1.6619687888816179] ; [0.019518579611938636]
840 ; 22 ; 319 ; 8 ; [1.4203436207858382] ; [2.220299622939458]
840 ; 22 ; 319 ; 18 ; [2.0803638003479916] ; [0.4070112813254087]
840 ; 22 ; 319 ; 19 ; [1.7560247747966859] ; [2.1198417675503438]
840 ; 22 ; 319 ; 20 ; [1.8707093221457896] ; [1.8461705891094533]
840 ; 22 ; 319 ; 21 ; [0.26376446227953926] ; [2.2226622371510412]
840 ; 22 ; 319 ; 24 ; [1.5453226100996682] ; [2.0852490769716079]
840 ; 22 ; 319 ; 25 ; [2.7207406164306955] ; [2.7785461209589402]
840 ; 22 ; 319 ; 27 ; [1.8414038134666422] ; [1.7068100668332189]
840 ; 22 ; 319 ; 30 ; [1.6020163513125201] ; [1.8746555583266]
840 ; 22 ; 319 ; 31 ; [1.6064429846941231] ; [1.828286886867885]
840 ; 22 ; 319 ; 32 ; [2.0169915883383394] ; [2.1878882577840724]
840 ; 22 ; 320 ; 0 ; [0.009772711388461015] ; [0.42768272738704749]
840 ; 22 ; 320 ; 1 ; [1.3310997193735188] ; [-0.001415792844152595]
840 ; 22 ; 320 ; 2 ; [1.701715847779659] ; [0.78157402620466976]
840 ; 22 ; 320 ; 3 ; [1.7332524018049627] ; [1.9488575159480763]
840 ; 22 ; 321 ; 0 ; [0.0013690741320534451, 0.031624614763158782, 0.062806421232005374, 0.0065240718254556199] ; [0.20668438901691319, 0.17825756695267217, 0.31669720518289257, 0.10634952783927558]
840 ; 22 ; 322 ; 0 ; [0.2832612999268751] ; [0.47121184825056217]
840 ; 22 ; 323 ; 0 ; [1.5435366375444797] ; [0.049556954335980979]
840 ; 22 ; 323 ; 2 ; [0.47299248708210478] ; [0.19162490940104965]
840 ; 22 ; 323 ; 3 ; [0.40278403544041058] ; [1.3031524386807716]
840 ; 22 ; 324 ; 1 ; [0.105568305476306] ; [0.22928423551508306]
840 ; 22 ; 325 ; 0 ; [0.017463830316281757, 0.058620371442006873, 0.10984021592054215] ; [0.13425852165293167, 0.17287267385508057, 0.20835288637842989]
840 ; 22 ; 325 ; 1 ; [0.20716864327078727] ; [0.1941628845331323]
840 ; 22 ; 326 ; 0 ; [0.048771291993882818] ; [0.29532286152747911]
840 ; 22 ; 326 ; 7 ; [4.8054219169628256] ; [-0.018683332298439624]
840 ; 22 ; 327 ; 0 ; [0.58716292727227193, 0.64238177950562092] ; [0.10372154730080498, 0.47556743326758577]
840 ; 22 ; 327 ; 1 ; [0.64525006348241165] ; [0.39774536510680075]
840 ; 22 ; 327 ; 2 ; [0.56711382872617688] ; [0.62170511293366992]
840 ; 22 ; 327 ; 3 ; [1.0069229367928043] ; [0.31040098371660546]
840 ; 22 ; 328 ; 0 ; [0.027337945467100357, 0.10510330850619469, 0.022259551531572112] ; [0.24392669341645187, 0.26077690925336411, 0.033581658741096601]
840 ; 22 ; 329 ; 2 ; [0.34921421071180969] ; [0.60451675307253139]
840 ; 22 ; 329 ; 5 ; [0.92868929556398538] ; [0.13836397194116384]
840 ; 22 ; 329 ; 10 ; [2.0532817134957368] ; [1.4920041878290473]
840 ; 22 ; 329 ; 15 ; [2.5230476311870027] ; [0.99287152069527163]
840 ; 22 ; 329 ; 18 ; [0.32133661845554823] ; [1.9895925148078761]
840 ; 22 ; 330 ; 0 ; [0.49880381635243487] ; [1.1689166329652321]
840 ; 22 ; 330 ; 1 ; [0.51701015544496853] ; [0.85345977684139129]
840 ; 22 ; 330 ; 2 ; [0.59913605898589284] ; [1.5214228476492655]
840 ; 22 ; 330 ; 3 ; [2.6366246197328738] ; [0.50701131194517968]
840 ; 22 ; 330 ; 7 ; [1.2149366010314853] ; [1.8343641723941471]
840 ; 22 ; 330 ; 9 ; [1.4553596506251048] ; [0.10783915805023642]
840 ; 22 ; 330 ; 10 ; [2.4715875488996017] ; [1.7837907431605144]
840 ; 22 ; 330 ; 13 ; [2.4539810536976749] ; [1.4197557790805608]
840 ; 22 ; 330 ; 14 ; [3.8221887906381662] ; [1.3346515046640814]
840 ; 22 ; 330 ; 15 ; [0.27291681180946603] ; [1.9993275713463754]
840 ; 22 ; 330 ; 21 ; [0.44409879517888717] ; [0.95370213837970208]
840 ; 22 ; 332 ; 0 ; [-0.0016974678046625521, -0.0220555754546727] ; [0.22658021488305088, 0.0058346192077603195]
840 ; 22 ; 333 ; 0 ; [0.18796362441169603] ; [0.27845725500794744]
840 ; 22 ; 333 ; 1 ; [0.19277698648203109] ; [0.34727960331855362]
840 ; 22 ; 333 ; 2 ; [0.33193130769300305] ; [0.26807081280975115]
840 ; 22 ; 333 ; 7 ; [0.15597343113651113] ; [0.68310421489877604]
840 ; 22 ; 334 ; 0 ; [0.18534588531849039] ; [0.3031372699368084]
840 ; 22 ; 334 ; 1 ; [0.17260306741112383] ; [0.10466898962599268]
840 ; 22 ; 334 ; 2 ; [0.53039414555001518] ; [0.43654679675655883]
840 ; 22 ; 334 ; 3 ; [0.42989097141534743] ; [1.1483246604838659]
840 ; 22 ; 334 ; 4 ; [1.2798798572286694] ; [0.66736042480808344]
840 ; 22 ; 334 ; 10 ; [1.6059829769569351] ; [0.0080600375513084823]