# Run ; Subrun ; Event ; Track ; Charge Ratios View 0 ; Charge Ratios View 1 #
840 ; 46 ; 0 ; 0 ; [0.1897429815509907] ; [0.14421405214616559]
840 ; 46 ; 1 ; 0 ; [0.64056501069355209] ; [0.27565168163462411]
840 ; 46 ; 1 ; 1 ; [0.8239788934458635] ; [0.7466417142779318]
840 ; 46 ; 1 ; 2 ; [0.41365479405182054] ; [1.1262665174511302]
840 ; 46 ; 2 ; 0 ; [0.94745978821941601] ; [0.04126571041692919]
840 ; 46 ; 2 ; 2 ; [0.6474535938870184] ; [0.66257772577856222]
840 ; 46 ; 2 ; 3 ; [3.3939838224877557] ; [0.24149375711283227]
840 ; 46 ; 2 ; 10 ; [0.23967779447130705] ; [0.82280790785319535]
840 ; 46 ; 3 ; 0 ; [0.15703907654704977, 0.28121373854281134, 0.11411885898168181] ; [0.2173886837097847, 0.33793687480116036, 0.32991164464351092]
840 ; 46 ; 3 ; 1 ; [0.24553209823107641] ; [0.097648814887574389]
840 ; 46 ; 4 ; 0 ; [0.089495573986592927, 0.067475445934675943, 0.099169126243430758, 0.14362951376946592] ; [0.23196892738951636, 0.22597531342971378, 0.26253642704933999, 0.32534646795057065]
840 ; 46 ; 5 ; 0 ; [0.11891363141010439, 0.2377852003591962, 0.15746689144098611] ; [0.25274387761755912, 0.35317056862033364, 0.58955697416491237]
840 ; 46 ; 6 ; 0 ; [0.03007875609228098] ; [0.050855762088958159]
840 ; 46 ; 6 ; 1 ; [0.18582893678599019] ; [0.5089166729813811]
840 ; 46 ; 7 ; 0 ; [0.023010189936967615] ; [-0.0064740007910910205]
840 ; 46 ; 7 ; 1 ; [2.1541823994767095] ; [0.13827886628946345]
840 ; 46 ; 7 ; 2 ; [1.0075007133385945] ; [2.7186079720749494]
840 ; 46 ; 7 ; 4 ; [0.78089488471690793] ; [0.30863073007103892]
840 ; 46 ; 8 ; 0 ; [0.52015691878230086] ; [0.44921543425153815]
840 ; 46 ; 8 ; 2 ; [0.36214204197016936] ; [0.49375594285189262]
840 ; 46 ; 10 ; 0 ; [0.54515194269023071] ; [0.32258541705200283]
840 ; 46 ; 10 ; 1 ; [0.49771828577924504] ; [0.18294339876213925]
840 ; 46 ; 10 ; 2 ; [0.30170375686087086] ; [1.2624268168166752]
840 ; 46 ; 10 ; 7 ; [0.11399811080283749] ; [0.3545470142088456]
840 ; 46 ; 11 ; 0 ; [0.36562375558414567, 1.198878192179718] ; [0.036527131395501226, 0.022079753613776607]
840 ; 46 ; 11 ; 2 ; [0.17225739516172475] ; [0.096094958519069421]
840 ; 46 ; 11 ; 3 ; [0.77400786085023354] ; [0.58643739550694463]
840 ; 46 ; 11 ; 9 ; [0.47447891670932835] ; [2.7998907020870738]
840 ; 46 ; 11 ; 10 ; [0.081542740206882153] ; [0.83865900579426533]
840 ; 46 ; 11 ; 11 ; [0.034509776136554024] ; [1.4850048711400983]
840 ; 46 ; 12 ; 1 ; [1.7244975884134641] ; [2.551495932438026]
840 ; 46 ; 12 ; 2 ; [1.3364258806301212] ; [1.0295649143901817]
840 ; 46 ; 12 ; 4 ; [0.55280992520328398] ; [2.9959471178303709]
840 ; 46 ; 12 ; 5 ; [0.38167624614470158] ; [0.30632844902025469]
840 ; 46 ; 12 ; 6 ; [0.32509790424379975] ; [2.8488549204683671]
840 ; 46 ; 13 ; 0 ; [0.006214643247401396] ; [0.036865111271086673]
840 ; 46 ; 13 ; 1 ; [0.02671734662062681] ; [-0.033711636863791174]
840 ; 46 ; 13 ; 2 ; [1.5305166262161187] ; [0.14568886569517481]
840 ; 46 ; 14 ; 0 ; [0.057881176754866662, 0.11175010153921959] ; [0.19247665584567711, 0.2880951311288909]
840 ; 46 ; 14 ; 1 ; [0.042931948727880538] ; [-0.023169579411694157]
840 ; 46 ; 14 ; 8 ; [0.21029310688822606] ; [0.60287290962586304]
840 ; 46 ; 15 ; 0 ; [0.21430251243264978] ; [0.27635999357739516]
840 ; 46 ; 15 ; 1 ; [0.55610668136309782, 0.59505615365523945] ; [0.15277161567545128, 0.73721549182579993]
840 ; 46 ; 15 ; 2 ; [0.64584164140692668] ; [0.075173909510012404]
840 ; 46 ; 15 ; 4 ; [0.27824546467634959] ; [0.0086698185735461092]
840 ; 46 ; 16 ; 0 ; [0.011726657185702712, 0.049451170249230139] ; [0.18486474351169596, 0.18583666431248766]
840 ; 46 ; 16 ; 1 ; [0.51211134095265243] ; [0.66484299469957486]
840 ; 46 ; 16 ; 5 ; [0.35149332421366092] ; [0.20981991965904509]
840 ; 46 ; 17 ; 4 ; [0.032812893308103885, -0.0039061903656880254, 0.074017054789001016, 0.50747043086549937] ; [0.25889112561538358, 0.15805542077589424, 0.42910002876055908, 0.63753275866634218]
840 ; 46 ; 18 ; 0 ; [0.22978294820347026, 0.34330818809731151] ; [0.25312010972992272, 0.13487999281640592]
840 ; 46 ; 18 ; 1 ; [0.17937666598657992] ; [0.14736167127717983]
840 ; 46 ; 19 ; 0 ; [0.1518767550687069] ; [0.36539907200223831]
840 ; 46 ; 19 ; 1 ; [0.29108138554621238] ; [0.23455763301129673]
840 ; 46 ; 19 ; 2 ; [0.87128650670973951] ; [0.1467685133461554]
840 ; 46 ; 19 ; 3 ; [0.075957844089051166] ; [0.43630970740500252]
840 ; 46 ; 19 ; 4 ; [0.06897976519164857] ; [0.44343380551520517]
840 ; 46 ; 20 ; 0 ; [0.10728895024299284] ; [0.17792915523014732]
840 ; 46 ; 20 ; 1 ; [0.59414518137422734] ; [0.16528250340107598]
840 ; 46 ; 20 ; 2 ; [0.53989134168976083] ; [1.2154243738825945]
840 ; 46 ; 20 ; 9 ; [1.9603352326578154] ; [1.815776779428725]
840 ; 46 ; 21 ; 0 ; [0.16390183478547676, 0.44505507719541615, 0.089961326801565558] ; [0.16820630558186866, 0.52657992017588751, 0.22333014623869121]
840 ; 46 ; 22 ; 0 ; [1.0866213199162391] ; [0.31976923453771189]
840 ; 46 ; 22 ; 1 ; [0.033608899381355216] ; [-0.01056807582579309]
840 ; 46 ; 22 ; 5 ; [0.7056712826519389] ; [0.79852901378653063]
840 ; 46 ; 23 ; 1 ; [0.70218697421143372] ; [0.17983781050025882]
840 ; 46 ; 23 ; 3 ; [1.0311872778781281] ; [0.5059975184156762]
840 ; 46 ; 23 ; 4 ; [0.78461595669525275] ; [0.093493786630390791]
840 ; 46 ; 24 ; 0 ; [0.62566106387006792] ; [0.81791891258422533]
840 ; 46 ; 24 ; 8 ; [0.64716402703733544] ; [1.398309978945496]
840 ; 46 ; 24 ; 12 ; [0.54752717889862257] ; [0.58854774204593019]
840 ; 46 ; 24 ; 16 ; [0.49198625672182322] ; [5.3534178954977669]
840 ; 46 ; 25 ; 0 ; [0.24973720161903093, 0.31840653248996592, 0.34277838397922511] ; [0.17569475209809443, 0.2946114251426189, 0.1658650326243209]
840 ; 46 ; 25 ; 1 ; [0.30021869382394112, 0.011385320265888782] ; [0.3206229615873194, 0.12021068631986176]
840 ; 46 ; 26 ; 0 ; [0.17860315648294761, 0.24295127463413288, 0.050224915338480398, 0.029679438382353634] ; [0.22780541670864865, 0.41920228560312872, 0.27555688986037707, 0.094208808128496122]
840 ; 46 ; 26 ; 1 ; [-0.020528898914872456] ; [0.06247901878006553]
840 ; 46 ; 27 ; 0 ; [0.42838616763041754] ; [0.18314397678878105]
840 ; 46 ; 27 ; 1 ; [0.30383593039422863] ; [0.27074688814517978]
840 ; 46 ; 27 ; 7 ; [0.538318896230778] ; [0.10175768484034012]
840 ; 46 ; 28 ; 0 ; [0.59585713918826044] ; [0.15005655129436596]
840 ; 46 ; 28 ; 1 ; [0.72566036148511159] ; [2.0245346184289787]
840 ; 46 ; 28 ; 2 ; [0.38841681057744981] ; [0.43036498958104857]
840 ; 46 ; 30 ; 0 ; [0.022244653702926696] ; [0.28033908393819951]
840 ; 46 ; 31 ; 0 ; [0.18048670489194754, 0.15788589558180846, 0.21830682930902551, 0.19907827688383556, 0.065046094157603832] ; [0.10228898790414261, 0.15892727931506601, 0.1660331131922409, 0.10514873507282274, 0.38618374617700973]
840 ; 46 ; 33 ; 0 ; [0.16814290013802455] ; [0.77248572252785519]
840 ; 46 ; 33 ; 2 ; [0.064738132896280415] ; [-0.022346412561737083]
840 ; 46 ; 34 ; 0 ; [0.094379223040280527] ; [-0.013147639075277322]
840 ; 46 ; 34 ; 3 ; [1.4158946002615052] ; [1.9104209546576132]
840 ; 46 ; 34 ; 4 ; [0.03381236189039652] ; [1.8131451309545499]
840 ; 46 ; 35 ; 3 ; [1.5313576505814355] ; [1.7276150872305058]
840 ; 46 ; 35 ; 4 ; [2.3250328914091121] ; [1.9259220789880507]
840 ; 46 ; 35 ; 5 ; [2.3022738176942292] ; [2.8441380800996243]
840 ; 46 ; 35 ; 6 ; [-0.12606322649250565] ; [1.7035769006562929]
840 ; 46 ; 36 ; 0 ; [0.083625512397522667, -0.0011923467492623641] ; [0.071341548417112224, 0.030502184148303541]
840 ; 46 ; 36 ; 2 ; [1.3617435218017571] ; [1.3796198682562193]
840 ; 46 ; 36 ; 3 ; [1.997716823272208] ; [1.9088757033192951]
840 ; 46 ; 36 ; 4 ; [0.8602588825026809] ; [2.9523395876579004]
840 ; 46 ; 36 ; 7 ; [1.2090125771016484] ; [2.3316048072427105]
840 ; 46 ; 36 ; 11 ; [1.0905017768630219] ; [0.40991652769104725]
840 ; 46 ; 36 ; 13 ; [0.76667854989683082] ; [1.1452013206626166]
840 ; 46 ; 37 ; 0 ; [0.14780600648768047, 0.091241787550190537, 0.5239142693657044] ; [0.24381716585501717, 0.17767055104197055, 0.22514769415470043]
840 ; 46 ; 38 ; 0 ; [1.640080628076424] ; [0.49679162409493294]
840 ; 46 ; 38 ; 1 ; [2.6868206672887971] ; [0.98559717923228052]
840 ; 46 ; 38 ; 2 ; [1.4685434183477706] ; [2.638677281779612]
840 ; 46 ; 38 ; 5 ; [2.2466254301762398] ; [1.9472853772613747]
840 ; 46 ; 38 ; 8 ; [2.2543937295573997] ; [1.7859474427092394]
840 ; 46 ; 38 ; 10 ; [1.239713366059799] ; [1.1773624290252853]
840 ; 46 ; 38 ; 11 ; [1.9513572233665262] ; [1.9156290341006312]
840 ; 46 ; 38 ; 12 ; [2.2542947166754668] ; [2.5133890867173183]
840 ; 46 ; 38 ; 14 ; [1.5601910059909536] ; [2.8775739969650087]
840 ; 46 ; 38 ; 15 ; [2.1850703506120475] ; [1.9862044737458904]
840 ; 46 ; 38 ; 16 ; [1.8065543150873871] ; [2.2950168236771891]
840 ; 46 ; 38 ; 17 ; [1.7915023265279342] ; [1.9635246524063226]
840 ; 46 ; 38 ; 18 ; [1.581502050997873] ; [1.7044756972659534]
840 ; 46 ; 38 ; 19 ; [2.347702419746553] ; [1.4241968410810959]
840 ; 46 ; 38 ; 20 ; [1.7873595124815944] ; [2.0368233396745166]
840 ; 46 ; 38 ; 22 ; [1.6618649920757997] ; [1.0015392624794477]
840 ; 46 ; 38 ; 23 ; [1.7807595221291612] ; [3.9861693354403749]
840 ; 46 ; 38 ; 24 ; [1.5426315956771903] ; [1.139491996859735]
840 ; 46 ; 38 ; 25 ; [1.7193914947073856] ; [3.3092875374961284]
840 ; 46 ; 38 ; 27 ; [1.3011054290404609] ; [2.0594049064972029]
840 ; 46 ; 38 ; 30 ; [3.0395039281288421] ; [2.0028662832635247]
840 ; 46 ; 38 ; 31 ; [2.4134347562159753] ; [1.7824855989829269]
840 ; 46 ; 39 ; 0 ; [0.51316833815802609] ; [0.021186653418457973]
840 ; 46 ; 39 ; 1 ; [0.45040673717443513] ; [0.12304428236962091]
840 ; 46 ; 41 ; 0 ; [0.41664328447330901, 0.30319990787685497, 0.29975789240084166, 0.4327177552817752] ; [0.17548634426137083, 0.28057483231115526, 0.29296772375164737, 0.25414651800979526]
840 ; 46 ; 44 ; 0 ; [0.4628654130682171] ; [0.25622873171183858]
840 ; 46 ; 45 ; 0 ; [0.051477997921895578, -0.014058567263819098, -0.011039839429247826] ; [0.34418467387158158, 0.25290800896369864, 0.030469239072798936]
840 ; 46 ; 45 ; 1 ; [0.505400768554921] ; [0.28258921557263089]
840 ; 46 ; 46 ; 0 ; [2.9858021378712003] ; [0.71030632551814543]
840 ; 46 ; 46 ; 5 ; [0.57810088789440739] ; [1.8710094172112055]
840 ; 46 ; 47 ; 0 ; [0.21859864162698939, 0.37619578314185087, 0.4479403010616953, 0.6000212234776634] ; [0.24815949035658902, 0.22767436732020188, 0.27074197366674757, 0.16929148722295531]
840 ; 46 ; 48 ; 0 ; [0.10719274911011811, 0.10867825055319137] ; [0.15575022393480897, 0.17466614404644665]
840 ; 46 ; 48 ; 1 ; [0.064822382874690915] ; [0.025159295873915289]
840 ; 46 ; 48 ; 3 ; [0.15339351595308071] ; [0.1035980664303137]
840 ; 46 ; 49 ; 0 ; [0.0072542936457237403] ; [0.11633269038359058]
840 ; 46 ; 50 ; 0 ; [1.204136484983457, 0.21718597281395099] ; [0.11890424054772401, 0.091152621574352444]
840 ; 46 ; 50 ; 1 ; [0.072331250343796324] ; [0.10139176070830025]
840 ; 46 ; 51 ; 0 ; [0.57351841756347133] ; [0.1405459082126391]
840 ; 46 ; 51 ; 4 ; [0.74555148529556714] ; [0.055337157999619711]
840 ; 46 ; 52 ; 3 ; [1.2942448595055833] ; [1.7116874015676722]
840 ; 46 ; 52 ; 5 ; [2.1693898811205212] ; [1.4100885425401695]
840 ; 46 ; 52 ; 6 ; [3.282111658546365] ; [1.9523070286213691]
840 ; 46 ; 52 ; 7 ; [1.6436549284503297] ; [1.555035906653528]
840 ; 46 ; 52 ; 8 ; [0.97344770673519021] ; [2.0277947923649506]
840 ; 46 ; 52 ; 9 ; [1.2394236792835511] ; [1.0636873461151959]
840 ; 46 ; 52 ; 10 ; [1.0034039221592181] ; [0.81181407728875643]
840 ; 46 ; 52 ; 11 ; [1.9271054315996401] ; [2.5688264674556995]
840 ; 46 ; 52 ; 15 ; [2.0605516345359787] ; [2.0170478306269142]
840 ; 46 ; 52 ; 20 ; [1.4223866462806756] ; [1.8701736431758731]
840 ; 46 ; 52 ; 21 ; [1.7373033499094119] ; [1.8797230827002174]
840 ; 46 ; 53 ; 1 ; [0.45164002011374238] ; [0.56626978274006046]
840 ; 46 ; 53 ; 5 ; [1.0698810664532035] ; [0.47316818494712704]
840 ; 46 ; 54 ; 0 ; [0.23221245863856779, 0.47417481918393134, 1.0579393929662422] ; [0.23797067141590914, 0.41038924430629015, 0.62850508134712013]
840 ; 46 ; 55 ; 0 ; [0.23011134932508021, 0.2119994418994316, 0.11356357306116112] ; [0.15551337105975926, 0.19822106125707606, 0.16146849867536067]
840 ; 46 ; 56 ; 1 ; [2.9485108659082164] ; [2.3829011736471224]
840 ; 46 ; 57 ; 0 ; [0.1131265497221725] ; [0.36302205707799279]
840 ; 46 ; 57 ; 5 ; [0.77724023806806297] ; [0.35612358481056072]
840 ; 46 ; 58 ; 1 ; [1.3360303339602264] ; [-0.00028869632083020411]
840 ; 46 ; 58 ; 2 ; [0.046988791774885776, 0.78001761842519157] ; [0.21920008878439021, 0.5746485132463387]
840 ; 46 ; 58 ; 3 ; [0.63763079638797182] ; [1.1446437658402084]
840 ; 46 ; 59 ; 0 ; [0.25735262005089826] ; [0.17310804189394155]
840 ; 46 ; 59 ; 1 ; [0.28745795467110352] ; [0.15076160326714649]
840 ; 46 ; 60 ; 0 ; [0.11661392126863074, 0.012387035543897479, 0.019630140301292728] ; [0.26093657554073302, 0.27045009960485095, 0.052942325760500342]
840 ; 46 ; 60 ; 1 ; [0.042546613084860137] ; [-0.0092489878863686731]
840 ; 46 ; 61 ; 1 ; [1.4999858054455311] ; [1.2688219704232993]
840 ; 46 ; 61 ; 3 ; [1.6427331970783419] ; [0.5123337712671554]
840 ; 46 ; 61 ; 4 ; [0.80305232050201958] ; [1.9512820961837472]
840 ; 46 ; 61 ; 6 ; [1.4383114108662824] ; [2.685311209100854]
840 ; 46 ; 61 ; 9 ; [1.4698533563371978] ; [1.5719527483968809]
840 ; 46 ; 61 ; 13 ; [0.063808427900902617] ; [1.3310829667581283]
840 ; 46 ; 61 ; 15 ; [1.5495692684539413] ; [1.9865265881251657]
840 ; 46 ; 61 ; 16 ; [1.5937330367111364] ; [1.657180611371879]
840 ; 46 ; 61 ; 17 ; [0.56257583446684989] ; [1.4090900134352096]
840 ; 46 ; 61 ; 18 ; [3.2419351694099938] ; [1.7165782588888367]
840 ; 46 ; 61 ; 19 ; [1.2656742610258862] ; [0.96339036277435841]
840 ; 46 ; 61 ; 20 ; [1.2921519644882034] ; [1.6688247699531491]
840 ; 46 ; 61 ; 24 ; [3.0914204384086053] ; [1.612707208997211]
840 ; 46 ; 61 ; 26 ; [1.2162682937044031] ; [0.62786400767592909]
840 ; 46 ; 61 ; 27 ; [4.1192406254941156] ; [2.76226996490576]
840 ; 46 ; 61 ; 29 ; [1.9306625410309717] ; [0.69883097439310005]
840 ; 46 ; 61 ; 33 ; [1.258673667419554] ; [0.7762204374209678]
840 ; 46 ; 61 ; 34 ; [2.5229320543894547] ; [4.1289549393607041]
840 ; 46 ; 62 ; 0 ; [0.33645732273503764] ; [0.44337563274897152]
840 ; 46 ; 63 ; 1 ; [0.078542423398004602] ; [0.12924506250772225]
840 ; 46 ; 63 ; 5 ; [0.025551959021957112] ; [0.082658217191288949]
840 ; 46 ; 63 ; 8 ; [0.9867033490238335] ; [1.434280552738346]
840 ; 46 ; 65 ; 0 ; [0.36513029894042986, 0.12584196550276855, 0.39364305732758381, 0.73868639878750142, 0.19708122452243043] ; [0.27595120393098577, 0.41707509242515622, 0.34690257188949247, 0.38969039452466664, 0.55109617118931431]
840 ; 46 ; 66 ; 0 ; [0.017940331616926205, 0.31706427365913775] ; [0.55791041177320344, 0.21980321451381427]
840 ; 46 ; 66 ; 3 ; [0.39454106706611219] ; [0.47111977149753587]
840 ; 46 ; 66 ; 4 ; [0.25806583304918307] ; [-0.0098228557333507847]
840 ; 46 ; 68 ; 0 ; [0.16843564320919557] ; [0.104786626466459]
840 ; 46 ; 68 ; 12 ; [0.42254588984923214] ; [0.16040812883013575]
840 ; 46 ; 69 ; 5 ; [0.031653360937639152, 0.12830743392176502, 0.34453406315192753, 0.44226618088193559] ; [0.079098897042744157, 0.31152515220135224, 0.75136404279594393, 0.38962728293340004]
840 ; 46 ; 70 ; 7 ; [0.97036978269137197] ; [1.0168113530771266]
840 ; 46 ; 71 ; 0 ; [0.68282804797316476] ; [0.22735883673639531]
840 ; 46 ; 71 ; 1 ; [0.99399290798484741] ; [0.68341597641559548]
840 ; 46 ; 71 ; 2 ; [0.080594761674303531] ; [0.34269584060394437]
840 ; 46 ; 71 ; 3 ; [0.4510864754926755] ; [0.14831430553635278]
840 ; 46 ; 71 ; 4 ; [1.8001918279392921] ; [1.6006360129025106]
840 ; 46 ; 72 ; 0 ; [0.12542061315565609] ; [0.24262918518327514]
840 ; 46 ; 72 ; 1 ; [1.0130690760972187] ; [1.2102476896747503]
840 ; 46 ; 72 ; 4 ; [1.3674687620569965] ; [0.83499687501230624]
840 ; 46 ; 72 ; 6 ; [1.1053555183610086] ; [0.68185981055096523]
840 ; 46 ; 72 ; 7 ; [0.66379651407824514] ; [0.50156739672636941]
840 ; 46 ; 73 ; 0 ; [0.73158673904221949] ; [0.33960849169072937]
840 ; 46 ; 74 ; 1 ; [0.37290808726606872] ; [0.46026939875845457]
840 ; 46 ; 74 ; 2 ; [0.34678172227315585] ; [0.17715360425514495]
840 ; 46 ; 75 ; 0 ; [0.30398589502492057] ; [1.4841366914491454]
840 ; 46 ; 76 ; 0 ; [-619.21744071905573, 11.999021790773217, -190.23399831995698, -134.72153153075942] ; [0.21821697938671053, 0.21753803947366673, 0.15404389847594352, 0.25630963920061772]
840 ; 46 ; 76 ; 1 ; [6.7334422544054302] ; [0.041259762048365074]
840 ; 46 ; 77 ; 0 ; [0.51519169839037782, 0.32584463938470837] ; [0.5559537684243272, 0.37651470250326136]
840 ; 46 ; 77 ; 2 ; [0.10915071688342876] ; [1.6880021807446306]
840 ; 46 ; 78 ; 0 ; [0.084935089598983646, 0.21118996816277855, 0.46618622514506047] ; [0.2137109273265399, 0.14943821669626239, 0.31067200403906903]
840 ; 46 ; 79 ; 0 ; [0.77116888975379283] ; [0.82639194255146553]
840 ; 46 ; 79 ; 1 ; [0.6082504780378587, 0.85061349855883628] ; [1.8059921884717485, 0.65212133479701939]
840 ; 46 ; 79 ; 2 ; [0.26725930369916545] ; [0.44622564097415168]
840 ; 46 ; 81 ; 0 ; [0.4378560811430125] ; [0.093489190812463277]
840 ; 46 ; 81 ; 1 ; [0.34176401657424454] ; [0.08975745278235725]
840 ; 46 ; 81 ; 8 ; [0.4759573799188434] ; [0.046731048529720362]
840 ; 46 ; 83 ; 0 ; [1.7298196844992568] ; [1.5729211257670797]
840 ; 46 ; 83 ; 1 ; [0.89049024999863313] ; [1.8122972712304859]
840 ; 46 ; 83 ; 3 ; [1.3900413182871079] ; [0.50580782460325491]
840 ; 46 ; 83 ; 4 ; [0.71320736502056659] ; [0.25776133583757305]
840 ; 46 ; 83 ; 5 ; [0.71010690877133564] ; [0.28988342008825829]
840 ; 46 ; 83 ; 6 ; [0.87793988481231078] ; [5.2318411485738716]
840 ; 46 ; 83 ; 7 ; [2.0074335739472886] ; [0.80666141835324523]
840 ; 46 ; 83 ; 8 ; [1.5124476918673235] ; [1.7769658365277434]
840 ; 46 ; 84 ; 5 ; [1.337618663909256] ; [1.7370968246695582]
840 ; 46 ; 84 ; 6 ; [0.57448148633266427] ; [2.2469713533290361]
840 ; 46 ; 84 ; 7 ; [0.012952244472557523] ; [1.0461357696176967]
840 ; 46 ; 84 ; 11 ; [1.5600075298444025] ; [2.0175092748529075]
840 ; 46 ; 84 ; 13 ; [1.4408227907293005] ; [0.47037545872145176]
840 ; 46 ; 84 ; 14 ; [2.5568051260575229] ; [2.0138495417787934]
840 ; 46 ; 84 ; 16 ; [2.0199390467175093] ; [1.0258129719990543]
840 ; 46 ; 84 ; 18 ; [1.1252860097891517] ; [1.5944704435882298]
840 ; 46 ; 84 ; 20 ; [0.94334018753423232] ; [0.91113105715093112]
840 ; 46 ; 84 ; 22 ; [2.3635389487667129] ; [1.4449346495712967]
840 ; 46 ; 84 ; 26 ; [1.8763171888176722] ; [1.008579410637521]
840 ; 46 ; 84 ; 28 ; [2.5596093975196994] ; [0.1347222048602755]
840 ; 46 ; 84 ; 29 ; [1.5303367423846226] ; [0.88791338843271239]
840 ; 46 ; 84 ; 31 ; [2.396569745607612] ; [1.5833944591337947]
840 ; 46 ; 84 ; 32 ; [2.4526898971220765] ; [1.9494259456317462]
840 ; 46 ; 85 ; 0 ; [0.096057191352763374, 0.10422249811184774, 0.065149494865699473, 0.10726774079573728] ; [0.17701576284589152, 0.13462044231967746, 0.11951686488614732, 0.13150103090097143]
840 ; 46 ; 86 ; 0 ; [0.041356354841634774] ; [0.15828283353979047]
840 ; 46 ; 86 ; 1 ; [0.91166568905642598] ; [0.29790079558100024]
840 ; 46 ; 86 ; 3 ; [1.1629614241761683] ; [-0.0051723706907839976]
840 ; 46 ; 87 ; 0 ; [0.44341905777980051] ; [0.13313308930180359]
840 ; 46 ; 87 ; 6 ; [1.6949524261204796] ; [1.5594611279392845]
840 ; 46 ; 87 ; 8 ; [1.9794254409888201] ; [1.2314700624356989]
840 ; 46 ; 87 ; 11 ; [2.264204406513032] ; [1.8628769061175734]
840 ; 46 ; 87 ; 13 ; [1.2322905210767439] ; [0.58426361467084909]
840 ; 46 ; 88 ; 1 ; [0.81144558085790974] ; [0.83999721984577169]
840 ; 46 ; 88 ; 5 ; [2.1337419508990867] ; [0.80079298819783651]
840 ; 46 ; 88 ; 11 ; [2.4156118045462214] ; [0.56307510935017469]
840 ; 46 ; 89 ; 0 ; [0.028322256793110172, 0.14563487201039407] ; [0.47075294657445066, 0.21264363854433438]
840 ; 46 ; 90 ; 0 ; [0.019733193416890272, -0.0052990116265206975] ; [0.23793651080834849, 0.19033010362214758]
840 ; 46 ; 91 ; 0 ; [0.27962931478553249, 0.30985478516113357, 0.1610872931956237] ; [0.15038531460368149, 0.19916258625805758, 0.28994595034642195]
840 ; 46 ; 91 ; 1 ; [0.093810424361799205] ; [0.13867151788232007]
840 ; 46 ; 92 ; 0 ; [0.16203979137321103] ; [1.0705138466243269]
840 ; 46 ; 94 ; 0 ; [0.30019090897467188, 0.15792292999296129, 0.012570849122536778] ; [0.32492488211162718, 0.47243234446048654, 0.18353461147142688]
840 ; 46 ; 94 ; 1 ; [0.151020034875886] ; [0.090323657231866625]
840 ; 46 ; 95 ; 0 ; [0.048066736198220689, -0.0016188029157199637] ; [0.34258737626432006, 0.10986404131888515]
840 ; 46 ; 96 ; 0 ; [0.032685249824602303] ; [0.033456015896270272]
840 ; 46 ; 97 ; 0 ; [2.7437712335864388] ; [0.41994017904555681]
840 ; 46 ; 97 ; 1 ; [0.30890050498900862] ; [0.41599577302974888]
840 ; 46 ; 97 ; 3 ; [0.53033260845812102] ; [0.77884245469599678]
840 ; 46 ; 97 ; 8 ; [1.6750849400889156] ; [1.5159160247420707]
840 ; 46 ; 97 ; 10 ; [0.95419520193640917] ; [1.5377595896428353]
840 ; 46 ; 97 ; 14 ; [0.91714257391959586] ; [1.1578770077534468]
840 ; 46 ; 97 ; 15 ; [1.6134620047848238] ; [1.9860460532158275]
840 ; 46 ; 97 ; 16 ; [1.7603384821019417] ; [1.772966355765343]
840 ; 46 ; 97 ; 18 ; [1.9695448190625349] ; [1.1989640154832015]
840 ; 46 ; 97 ; 19 ; [2.5586212109856841] ; [2.5917540354926953]
840 ; 46 ; 97 ; 20 ; [2.3078498977842092] ; [1.7005822746772528]
840 ; 46 ; 97 ; 23 ; [1.8393016928415706] ; [1.5823951646396486]
840 ; 46 ; 97 ; 25 ; [1.5929467095233101] ; [1.4584063979516018]
840 ; 46 ; 97 ; 27 ; [1.0244446339925801] ; [1.9295612065612802]
840 ; 46 ; 97 ; 28 ; [1.2381919145920317] ; [1.9315367671541883]
840 ; 46 ; 97 ; 29 ; [1.8683936427437264] ; [1.9492268673408302]
840 ; 46 ; 97 ; 30 ; [0.55237050164037005] ; [1.9925897110533002]
840 ; 46 ; 97 ; 38 ; [0.87243924701756748] ; [1.8435794331216284]
840 ; 46 ; 97 ; 39 ; [0.82680894324113796] ; [1.4812293499919509]
840 ; 46 ; 98 ; 0 ; [0.037553641569657958, 0.051551889413767808, 0.021333743058100992] ; [0.28903481200144809, 0.20561870662277565, 0.038307635797583721]
840 ; 46 ; 98 ; 1 ; [0.0092242976364136954] ; [0.11679551428463336]
840 ; 46 ; 98 ; 2 ; [1.1015334107984911] ; [-0.026063659701081994]
840 ; 46 ; 99 ; 0 ; [0.39297381429670031] ; [0.28097307115923637]
840 ; 46 ; 99 ; 7 ; [0.78086774340372977] ; [3.7176130419879674]
840 ; 46 ; 99 ; 15 ; [2.3624900858161286] ; [1.3261783194581929]
840 ; 46 ; 100 ; 2 ; [0.34803686888300644] ; [0.65746289564737148]
840 ; 46 ; 101 ; 0 ; [1.1021967262683601, 0.23690729879844286, 0.48906563475284431] ; [0.40255434521975486, 0.13926827403122879, 0.31479511295670709]
840 ; 46 ; 101 ; 1 ; [1.2021221820958021] ; [0.95636984854969431]
840 ; 46 ; 101 ; 3 ; [3.803320584323469] ; [0.67599326112701441]
840 ; 46 ; 102 ; 0 ; [0.18539053699266059] ; [0.21223193279966479]
840 ; 46 ; 103 ; 0 ; [1.9694164240101828] ; [2.866775570092452]
840 ; 46 ; 103 ; 1 ; [0.29293630937503345] ; [0.074455704840902998]
840 ; 46 ; 103 ; 6 ; [0.11734784267736728] ; [2.9057200298729415]
840 ; 46 ; 103 ; 7 ; [0.27652084237199004] ; [1.7086524585914817]
840 ; 46 ; 103 ; 9 ; [0.35550347496981927] ; [-0.039105404852133464]
840 ; 46 ; 104 ; 0 ; [0.770834038890574] ; [4.3818095392880938]
840 ; 46 ; 104 ; 1 ; [0.46666716445306544] ; [0.33797207772388654]
840 ; 46 ; 104 ; 4 ; [1.3164415368531213] ; [1.7890919942069099]
840 ; 46 ; 105 ; 0 ; [0.53345230768012453] ; [1.4418567516238281]
840 ; 46 ; 105 ; 1 ; [4.2851178844342819] ; [0.88785759376617412]
840 ; 46 ; 105 ; 3 ; [2.580534821905931] ; [0.74564657307182725]
840 ; 46 ; 105 ; 4 ; [0.0076282865367252976] ; [0.62714056901083925]
840 ; 46 ; 105 ; 5 ; [0.30215065937739144] ; [2.2902278203855486]
840 ; 46 ; 105 ; 8 ; [1.2722376851427277, 0.024173282213109944] ; [0.71961705207343363, 0.11341594431139049]
840 ; 46 ; 108 ; 0 ; [0.15560859273492417] ; [0.50907750564982424]
840 ; 46 ; 108 ; 4 ; [0.24613244960832123] ; [1.7549923224950683]
840 ; 46 ; 108 ; 17 ; [0.815545133931872] ; [1.2482749040496091]
840 ; 46 ; 109 ; 0 ; [0.27048551669086141, 0.37741080155860252] ; [0.24095162146523549, 0.16206657335071969]
840 ; 46 ; 110 ; 0 ; [0.33159923133693264] ; [0.29518007431089538]
840 ; 46 ; 110 ; 1 ; [0.11020225260628297] ; [1.4673582239004483]
840 ; 46 ; 111 ; 10 ; [2.3450610743260487] ; [1.7277675754214259]
840 ; 46 ; 112 ; 0 ; [-0.0039316913886933312, 0.016492485264029594, 0.11023564081302385] ; [0.22249391508913283, 0.22409174035329291, 0.15358637972667791]
840 ; 46 ; 112 ; 1 ; [0.3368081016672046] ; [0.14197652797709384]
840 ; 46 ; 112 ; 2 ; [0.25029546546579434] ; [0.0071086639617165184]
840 ; 46 ; 112 ; 5 ; [0.16200688210578837] ; [0.12243537994865523]
840 ; 46 ; 113 ; 0 ; [0.12075174200665945, 0.11231991596374435, 0.054058367885587509] ; [0.25698249433496068, 0.15856218664652541, 0.021148671823496796]
840 ; 46 ; 114 ; 0 ; [0.1117345813432668] ; [0.036828162853976748]
840 ; 46 ; 114 ; 1 ; [0.55275212174126043] ; [0.29893400315835728]
840 ; 46 ; 114 ; 4 ; [1.2522557035384858] ; [0.12826157666635449]
840 ; 46 ; 115 ; 0 ; [0.13217999789579901, 0.068911342724474856] ; [0.013392931490534225, 0.13522297683883119]
840 ; 46 ; 115 ; 2 ; [1.1183950202489232] ; [0.017355162904558043]
840 ; 46 ; 116 ; 0 ; [1.1965092415326462] ; [0.76219240873557847]
840 ; 46 ; 116 ; 1 ; [1.4719014895285025] ; [1.9015750390056685]
840 ; 46 ; 116 ; 2 ; [0.67176831733015718] ; [1.8029399227395875]
840 ; 46 ; 116 ; 3 ; [3.2769024269443583] ; [0.054169851888889765]
840 ; 46 ; 116 ; 4 ; [0.096442120959329414] ; [0.0025088760542758184]
840 ; 46 ; 116 ; 6 ; [0.3459609237219915] ; [0.61637476016426473]
840 ; 46 ; 117 ; 0 ; [1.1773654819473465] ; [0.38581641203223982]
840 ; 46 ; 117 ; 1 ; [0.61949253004564397] ; [0.38637736620990193]
840 ; 46 ; 117 ; 2 ; [1.346704508014881] ; [0.26617488354088775]
840 ; 46 ; 117 ; 3 ; [1.3541010308055932] ; [1.0610655064521781]
840 ; 46 ; 117 ; 5 ; [1.1922823096262631] ; [1.1583160491267628]
840 ; 46 ; 117 ; 6 ; [1.4292597705064982] ; [1.0720246695798032]
840 ; 46 ; 117 ; 7 ; [2.7311588368718067] ; [0.92847056342446554]
840 ; 46 ; 117 ; 8 ; [1.3941112204660726] ; [0.83143330453746356]
840 ; 46 ; 117 ; 10 ; [0.96746441708543274] ; [0.77478461609017713]
840 ; 46 ; 117 ; 12 ; [1.8094479753814665] ; [0.83090035106813176]
840 ; 46 ; 117 ; 14 ; [1.937699771438423] ; [1.996959188695512]
840 ; 46 ; 117 ; 15 ; [2.8814321357795225] ; [0.88195349938124401]
840 ; 46 ; 118 ; 0 ; [0.067011132016964042, 0.12754804173919237, 0.31009632093698841] ; [0.27062292619226891, 0.19128384968418721, 0.26334593142497875]
840 ; 46 ; 119 ; 0 ; [0.045013138693151551, -0.015770997636415266, -0.0067395620668560027, -0.027245775575293556] ; [0.17572060971494319, 0.15004725644918143, 0.15983677478377084, 0.10400861929527441]
840 ; 46 ; 120 ; 0 ; [0.46677144203432464, 0.29299488971897247, 0.30962880954011507, 0.35448849558427253, 0.38113480200569722] ; [0.063285293339167659, 0.16826923254459727, 0.42092796641827673, 0.35489528417773025, 0.65480267191951791]
840 ; 46 ; 120 ; 1 ; [0.28689928101775758] ; [0.095448929541199184]
840 ; 46 ; 121 ; 0 ; [0.56678426687316308] ; [0.0046252331668716305]
840 ; 46 ; 121 ; 2 ; [0.17651694547705712] ; [0.16687273421903015]
840 ; 46 ; 121 ; 3 ; [1.2989487409507259] ; [0.51516736336561098]
840 ; 46 ; 121 ; 6 ; [0.35018781349007683] ; [0.19739648481770453]
840 ; 46 ; 122 ; 1 ; [-0.023745831932606185] ; [-0.0040557563256869537]
840 ; 46 ; 123 ; 0 ; [1.4843680926918614, 9.7117409205308665] ; [0.70301195685361562, 0.33850912996956761]
840 ; 46 ; 123 ; 1 ; [2.3638685077254298] ; [0.096742781336771277]
840 ; 46 ; 123 ; 2 ; [1.0777554376955449] ; [1.5637066978955705]
840 ; 46 ; 123 ; 3 ; [0.606364199225356] ; [1.4309338827739679]
840 ; 46 ; 124 ; 0 ; [0.0027028644119863514] ; [0.086777698544490439]
840 ; 46 ; 125 ; 1 ; [0.53328429102229968] ; [2.3966407450506879]
840 ; 46 ; 125 ; 4 ; [1.4858784179986364] ; [-0.062630477130481477]
840 ; 46 ; 126 ; 0 ; [1.3476944186848452] ; [-0.0054688147607377694]
840 ; 46 ; 126 ; 1 ; [0.1979938319058788] ; [0.17711414950609519]
840 ; 46 ; 128 ; 0 ; [0.22774802699423821, 0.18119574183294113, 0.102547911001273] ; [0.15348652222726064, 0.16380867359415638, 0.18049565418694963]
840 ; 46 ; 128 ; 1 ; [0.14248662246669133] ; [0.071636477944651972]
840 ; 46 ; 128 ; 2 ; [0.021085045954096965] ; [0.10786238955633159]
840 ; 46 ; 129 ; 1 ; [0.50050965448041396] ; [0.22858111165460723]
840 ; 46 ; 130 ; 0 ; [0.35680316957303881, 0.23681072506532991, 0.34914071252859258, 0.10518504206357392, 0.53138693675928872] ; [0.24151722706223794, 0.1108278652396705, 0.39139019406487879, 0.2962882277188536, 0.12770854337836651]
840 ; 46 ; 130 ; 1 ; [0.20744205690360654] ; [0.4740918156092207]
840 ; 46 ; 130 ; 2 ; [0.047223706074427572] ; [0.20248563094493954]
840 ; 46 ; 131 ; 4 ; [0.95102276852984147] ; [1.7531862486746186]
840 ; 46 ; 132 ; 0 ; [0.35716260058299421, 0.042172687666906128] ; [0.93191257202049915, -0.0077183659276207073]
840 ; 46 ; 133 ; 0 ; [1.0397688111192291] ; [0.053310394532287871]
840 ; 46 ; 133 ; 3 ; [0.17886837794318125] ; [2.7388746131591839]
840 ; 46 ; 133 ; 4 ; [1.1132717885676988] ; [4.6505603136554061]
840 ; 46 ; 134 ; 0 ; [0.5242062391893183, 0.23713924895313715, 0.29136575190269182, 0.26735046633059023, 0.2131029959903025] ; [0.11851414882229334, 0.15932684660381646, 0.22868306945407557, 0.14297394756944767, 0.15475665447774362]
840 ; 46 ; 135 ; 4 ; [1.5282561314914938] ; [1.5717263782017346]
840 ; 46 ; 135 ; 8 ; [1.1095431307263115] ; [0.84610440369976259]
840 ; 46 ; 135 ; 9 ; [1.1159144355820378] ; [1.1890931108676781]
840 ; 46 ; 135 ; 10 ; [1.6839990984695166] ; [1.1861900454157464]
840 ; 46 ; 135 ; 13 ; [1.3709782141322511] ; [2.5468025564649737]
840 ; 46 ; 135 ; 14 ; [1.5989012979895378] ; [2.1206979997370232]
840 ; 46 ; 135 ; 16 ; [1.7351716913601607] ; [2.4711974952257076]
840 ; 46 ; 135 ; 17 ; [8.9693140254842589] ; [0.29903982835701826]
840 ; 46 ; 136 ; 0 ; [0.16776731485105481, 0.19305456560366568] ; [0.16455913599635477, 0.13494020112943925]
840 ; 46 ; 137 ; 0 ; [0.13687813952175265, 0.16087648924154738] ; [0.00094972112570877406, -0.0014807083757815073]
840 ; 46 ; 137 ; 1 ; [0.17657609128843874] ; [-0.0062729182718128567]
840 ; 46 ; 137 ; 2 ; [0.097481639923404292, 0.14153575051108264] ; [0.38955468904198537, 0.10751737779385145]
840 ; 46 ; 138 ; 0 ; [0.022192346243932303] ; [0.053885826827038436]
840 ; 46 ; 138 ; 1 ; [0.062070899026822078] ; [0.17621162781927727]
840 ; 46 ; 138 ; 2 ; [0.82721999162093118] ; [0.2689322052958425]
840 ; 46 ; 138 ; 5 ; [-0.029962281590884224] ; [-0.066915565235545829]
840 ; 46 ; 139 ; 0 ; [0.47274285816066541] ; [0.45612071642670937]
840 ; 46 ; 140 ; 2 ; [0.63658222856266244] ; [0.48748452215705212]
840 ; 46 ; 141 ; 0 ; [0.048669667730089843, 0.044652556622489591, 0.016402030631556173] ; [0.16807801587786136, 0.091612113871791773, 0.026811895957228087]
840 ; 46 ; 143 ; 0 ; [0.33426447655694075, 0.29220987787990876, 0.30102325243153871, 0.64571272150508341] ; [0.31874392709379124, 0.2165696941928143, 0.19558006115232052, 0.13875186039235854]
840 ; 46 ; 144 ; 0 ; [0.47350061479441241] ; [0.22614336597379242]
840 ; 46 ; 144 ; 1 ; [0.68676867869484848] ; [0.36521296207131831]
840 ; 46 ; 144 ; 2 ; [0.4569644523857973] ; [0.44279836609008882]
840 ; 46 ; 144 ; 3 ; [0.6360298669097616] ; [1.2864448122891303]
840 ; 46 ; 144 ; 6 ; [2.0391994439028767] ; [1.0719425884158351]
840 ; 46 ; 144 ; 17 ; [0.33532587689380078] ; [0.29685059138234454]
840 ; 46 ; 145 ; 0 ; [0.090983994420675091, 0.23811812694798953, 0.097492669417484565] ; [0.16901717805969951, 0.27761476002388025, 0.32718823728373159]
840 ; 46 ; 145 ; 1 ; [0.014942373424749659] ; [0.1905962709100342]
840 ; 46 ; 145 ; 2 ; [-0.021399390730608654] ; [0.053599735193994684]
840 ; 46 ; 146 ; 0 ; [0.37109590172808815] ; [0.51678607267589183]
840 ; 46 ; 146 ; 1 ; [0.25576880543646274] ; [0.15829770812904731]
840 ; 46 ; 147 ; 1 ; [1.1329920518944012] ; [2.7082693082803546]
840 ; 46 ; 147 ; 2 ; [1.7397088816974104] ; [1.7615446619241726]
840 ; 46 ; 147 ; 4 ; [2.8815989294665147] ; [1.5568631838401201]
840 ; 46 ; 148 ; 0 ; [0.50267236461025533, 0.34448947972677724] ; [0.56810122287940179, 0.27640417018739]
840 ; 46 ; 149 ; 0 ; [0.10783505610136818, 0.083288783591334334, 0.036893710209266746] ; [0.16903617940936794, 0.2300905155345023, 0.15422145953085228]
840 ; 46 ; 149 ; 1 ; [-0.025306675660489941] ; [0.079067444742641657]
840 ; 46 ; 150 ; 0 ; [0.77851284973328427] ; [0.72186899107366376]
840 ; 46 ; 150 ; 1 ; [1.9217497186803185] ; [0.44303411771681517]
840 ; 46 ; 150 ; 2 ; [1.7290714006327812] ; [0.7965285847223702]
840 ; 46 ; 150 ; 3 ; [0.074601804385447182] ; [1.1902312198534546]
840 ; 46 ; 150 ; 5 ; [0.15088628130374893] ; [1.1174461774039421]
840 ; 46 ; 150 ; 7 ; [2.3777682667844133] ; [-0.029141983086633759]
840 ; 46 ; 150 ; 8 ; [1.6673132215446511] ; [1.4717064680499163]
840 ; 46 ; 151 ; 0 ; [1.1909431274641955, 0.61671550018515553] ; [0.12942019927252413, 0.53890363030257038]
840 ; 46 ; 151 ; 1 ; [0.65246853965036955] ; [0.64501089252254784]
840 ; 46 ; 151 ; 2 ; [1.5257695489716314] ; [0.22398214700771957]
840 ; 46 ; 151 ; 5 ; [3.3704560455708705] ; [0.35318436209436749]
840 ; 46 ; 151 ; 9 ; [0.91560674688922761] ; [1.53256353625566]
840 ; 46 ; 151 ; 10 ; [2.4575147633137449] ; [0.90506942690283609]
840 ; 46 ; 151 ; 11 ; [2.1876342014617625] ; [1.3950591553821141]
840 ; 46 ; 151 ; 12 ; [2.656931806714125] ; [1.5675523254489012]
840 ; 46 ; 151 ; 15 ; [2.1457565429280359] ; [1.7284157326994325]
840 ; 46 ; 151 ; 21 ; [1.749962010730173] ; [2.5367773835452159]
840 ; 46 ; 151 ; 23 ; [1.9575854531572525] ; [1.391929217100357]
840 ; 46 ; 151 ; 26 ; [1.10790292869582] ; [1.6952804139198774]
840 ; 46 ; 152 ; 0 ; [0.15163647066698016] ; [0.11551517788304468]
840 ; 46 ; 152 ; 5 ; [0.081987792873995005, 0.0029972599581826191, 0.0020479269663779055] ; [0.61054500745205031, 0.2393524165623353, 0.19836748414836933]
840 ; 46 ; 153 ; 2 ; [8.8194725985832161] ; [1.8845951320265482]
840 ; 46 ; 153 ; 3 ; [0.15251188092009607] ; [2.6560901832901456]
840 ; 46 ; 153 ; 4 ; [0.027394218760977349] ; [1.6811757081491463]
840 ; 46 ; 153 ; 5 ; [1.1032446471988171] ; [1.3082077431403305]
840 ; 46 ; 154 ; 1 ; [0.093877056189241914] ; [0.0057468385756618209]
840 ; 46 ; 155 ; 0 ; [0.12762736351516349, -0.0092198635283000808, 0.05859421519638703, 0.15321753895948695] ; [0.34304182829730845, 0.20420172123114172, 0.18251599736002694, 0.24495928098251371]
840 ; 46 ; 155 ; 1 ; [0.67228135051490989] ; [0.29322192719783702]
840 ; 46 ; 155 ; 2 ; [-0.055851829556687188] ; [-0.057169763830907931]
840 ; 46 ; 156 ; 2 ; [0.4839088085723241] ; [0.93896405880554623]
840 ; 46 ; 156 ; 3 ; [0.24534139381246964] ; [0.18829857244780646]
840 ; 46 ; 157 ; 0 ; [0.25203943947079349, 0.25432274022895746, 0.11501329117428732, 0.1349891330458039, 0.15686099908252774] ; [0.41323660935873158, 0.44989312771657908, 0.25722780754786739, 0.22965512135585575, 0.33984234570973199]
840 ; 46 ; 158 ; 0 ; [-0.0019878392812915724] ; [0.13770747871221192]
840 ; 46 ; 158 ; 2 ; [0.6815748459829204] ; [-0.035870817772007173]
840 ; 46 ; 158 ; 3 ; [0.47795783276073983] ; [0.068156277355833891]
840 ; 46 ; 159 ; 0 ; [0.38887351107744939] ; [2.3887257142022205]
840 ; 46 ; 159 ; 1 ; [1.0599454078764345] ; [2.9019074073798121]
840 ; 46 ; 159 ; 2 ; [0.23446790784286328] ; [1.9577845517907726]
840 ; 46 ; 159 ; 4 ; [2.1497445879218553] ; [1.0111674018235253]
840 ; 46 ; 159 ; 5 ; [1.4612696901058164] ; [1.4653264103045816]
840 ; 46 ; 159 ; 12 ; [0.14458811397867705] ; [1.2721233451415215]
840 ; 46 ; 159 ; 13 ; [0.86400473491891927] ; [0.76545579846479783]
840 ; 46 ; 159 ; 14 ; [0.14296588904950852] ; [0.36470821294362693]
840 ; 46 ; 160 ; 0 ; [0.6122361983407365] ; [1.0670060653999414]
840 ; 46 ; 160 ; 3 ; [0.82379829198321186] ; [0.22392434859661431]
840 ; 46 ; 160 ; 8 ; [1.7404409479989618] ; [0.52114327839812635]
840 ; 46 ; 161 ; 0 ; [0.02361990656086578, 0.035906728622241382, 0.0057024703901066599] ; [0.15208008376074647, 0.16442733512057395, 0.063206183952981609]
840 ; 46 ; 162 ; 0 ; [3.682584631779704] ; [0.12272279882266882]
840 ; 46 ; 162 ; 1 ; [0.48225285659250156] ; [4.2046077311145424]
840 ; 46 ; 162 ; 9 ; [1.5908225639960476] ; [2.060593437661411]
840 ; 46 ; 162 ; 15 ; [2.009636360742201] ; [2.7548267644236057]
840 ; 46 ; 162 ; 19 ; [1.5709785352507886] ; [2.76970405987085]
840 ; 46 ; 162 ; 20 ; [1.3875958532275787] ; [2.1056664191342578]
840 ; 46 ; 162 ; 22 ; [2.330862098593939] ; [1.3348289837043832]
840 ; 46 ; 162 ; 23 ; [0.97996661433418386] ; [1.844836687292422]
840 ; 46 ; 162 ; 24 ; [1.9884460163927817] ; [1.8781573761171828]
840 ; 46 ; 162 ; 25 ; [1.7061336913053293] ; [1.7792399159541499]
840 ; 46 ; 162 ; 27 ; [1.0103200892910376] ; [2.7254521323352097]
840 ; 46 ; 162 ; 28 ; [1.4294341668819319] ; [1.5833471327360464]
840 ; 46 ; 162 ; 31 ; [1.8539032381715301] ; [2.0384570841762399]
840 ; 46 ; 162 ; 32 ; [1.7516421916366933] ; [1.037652607751647]
840 ; 46 ; 162 ; 34 ; [0.95562541498076303] ; [1.0990525713815011]
840 ; 46 ; 162 ; 35 ; [1.1199422400615084] ; [2.6832145687484954]
840 ; 46 ; 162 ; 36 ; [1.8388984207347971] ; [1.8247396645819731]
840 ; 46 ; 162 ; 38 ; [3.3595516106987993] ; [1.7182323546625862]
840 ; 46 ; 162 ; 40 ; [2.0765495020503644] ; [2.856123446971905]
840 ; 46 ; 162 ; 43 ; [1.4333558592621218] ; [1.9120049313268739]
840 ; 46 ; 162 ; 44 ; [1.4210088642751195] ; [1.9229456572280277]
840 ; 46 ; 162 ; 45 ; [1.5085856778476827] ; [1.6801450572199585]
840 ; 46 ; 162 ; 46 ; [1.6692043714052334] ; [1.0441933475283676]
840 ; 46 ; 162 ; 47 ; [1.2029683970282201] ; [1.0457661473433986]
840 ; 46 ; 163 ; 0 ; [0.080095950454654771, 0.18863098240666706, 0.15281167347740532] ; [0.18088076534945699, 0.25302196804452132, 0.1562627521185502]
840 ; 46 ; 164 ; 0 ; [0.046895468370300647, 1.0831351718336164] ; [0.20441794031352292, 1.4677402850023182]
840 ; 46 ; 164 ; 2 ; [0.52679948759935291] ; [1.0095865012299754]
840 ; 46 ; 164 ; 4 ; [0.73491302984639417] ; [0.21862995513297856]
840 ; 46 ; 164 ; 6 ; [1.7611536990446905] ; [0.0079508629164302524]
840 ; 46 ; 164 ; 7 ; [0.46040918248179025] ; [1.125877365015103]
840 ; 46 ; 164 ; 9 ; [0.66968398149440544] ; [0.70563282347886924]
840 ; 46 ; 164 ; 13 ; [0.43985003812394163] ; [1.3458421825362776]
840 ; 46 ; 164 ; 22 ; [0.53427177073429177] ; [1.7156981155981859]
840 ; 46 ; 165 ; 0 ; [0.028678394495956109] ; [0.067456991097209429]
840 ; 46 ; 165 ; 1 ; [0.095343042471309647] ; [0.010509849685945824]
840 ; 46 ; 166 ; 2 ; [0.13529222038118871, 0.39967135467155757, 0.48401147879197409, 0.075573372967983277] ; [0.2642567644995637, 0.31265170556174465, 0.76047357437411189, 0.077576402284221593]
840 ; 46 ; 167 ; 0 ; [0.087239807453592305] ; [0.090554749467935139]
840 ; 46 ; 168 ; 0 ; [0.42157011325697302] ; [1.8920874947383006]
840 ; 46 ; 168 ; 1 ; [2.2924681362714718] ; [0.47177362983321863]
840 ; 46 ; 168 ; 2 ; [3.5606355875505211] ; [1.3400020859658586]
840 ; 46 ; 168 ; 3 ; [1.0604688506567144] ; [2.061879325796665]
840 ; 46 ; 168 ; 5 ; [3.7273447822972829] ; [0.95620698698039952]
840 ; 46 ; 168 ; 6 ; [3.046528659020586] ; [1.7912641048956528]
840 ; 46 ; 168 ; 8 ; [2.5152127173530516] ; [1.64243636369929]
840 ; 46 ; 168 ; 10 ; [0.67035470051684976] ; [1.7032763967665847]
840 ; 46 ; 168 ; 13 ; [1.388445961542341] ; [1.5684432579365626]
840 ; 46 ; 168 ; 14 ; [1.8823887060417264] ; [1.6170531399704475]
840 ; 46 ; 168 ; 15 ; [1.5560905548783699] ; [1.095425876359172]
840 ; 46 ; 169 ; 0 ; [0.2814863749987489, 0.99811129571590418, 0.38667688426772218] ; [0.13612244014622968, 0.24998721129464765, 1.208466607654334]
840 ; 46 ; 169 ; 1 ; [0.70371667107707481] ; [2.8526847729335745]
840 ; 46 ; 169 ; 2 ; [1.4098756450176779] ; [1.4101393101807427]
840 ; 46 ; 169 ; 4 ; [4.0510287767921715] ; [0.14789859056519719]
840 ; 46 ; 169 ; 11 ; [1.8521678329852003] ; [2.8087393182266416]
840 ; 46 ; 169 ; 17 ; [1.4348943089585391] ; [2.538662828509453]
840 ; 46 ; 170 ; 0 ; [0.51285334263293836] ; [0.31531255809926351]
840 ; 46 ; 170 ; 3 ; [0.7333790457816598] ; [1.0426948151892368]
840 ; 46 ; 171 ; 0 ; [0.21827578592056918] ; [-0.0016778858877215224]
840 ; 46 ; 171 ; 2 ; [0.77951032915913154] ; [5.968585459341881]
840 ; 46 ; 171 ; 4 ; [2.7719992039252417] ; [1.3968449752735581]
840 ; 46 ; 171 ; 6 ; [2.446882771192715] ; [1.7124671316117943]
840 ; 46 ; 171 ; 7 ; [1.8127896713655187] ; [3.1616119844544466]
840 ; 46 ; 172 ; 0 ; [0.55821488389365481] ; [0.19906416808128777]
840 ; 46 ; 172 ; 1 ; [0.056157505050739506, 0.45723466119122769, 0.37999208661432909] ; [0.12413488053885217, 0.2237223667463881, 0.085390982993895151]
840 ; 46 ; 172 ; 5 ; [1.2944427570486861] ; [0.064443539192127614]
840 ; 46 ; 172 ; 10 ; [0.51497344832892256] ; [0.0037310297211200585]
840 ; 46 ; 173 ; 3 ; [0.56319463296425654] ; [3.2939158195701199]
840 ; 46 ; 173 ; 5 ; [0.26852288438349631] ; [1.1551428690133676]
840 ; 46 ; 173 ; 7 ; [2.5629184905391016] ; [1.0409855182493528]
840 ; 46 ; 173 ; 10 ; [0.074206262782954557] ; [0.36482922567976933]
840 ; 46 ; 174 ; 0 ; [0.74710852890232526, 1.3800078578663699] ; [0.15402580818391179, 0.082148290252329434]
840 ; 46 ; 175 ; 2 ; [2.0634665177358227, 1.7527703352246913] ; [1.426950593585635, 1.1321406397355398]
840 ; 46 ; 175 ; 15 ; [2.212032699095861] ; [1.6981711782094984]
840 ; 46 ; 175 ; 16 ; [1.3806434188628953] ; [1.1865857006386193]
840 ; 46 ; 175 ; 18 ; [4.2831103424256662] ; [2.9888985232048899]
840 ; 46 ; 175 ; 19 ; [1.4241034385497831] ; [1.6712153561713439]
840 ; 46 ; 175 ; 20 ; [0.53905131172312604] ; [2.37229865382043]
840 ; 46 ; 175 ; 21 ; [2.2325920658773732] ; [1.2257713359586992]
840 ; 46 ; 175 ; 22 ; [2.0408860978400987] ; [1.0169784291948345]
840 ; 46 ; 175 ; 26 ; [15.913892522316878] ; [0.57140269665568444]
840 ; 46 ; 176 ; 0 ; [0.0059231215183831783, 0.082609105988475748] ; [0.21011705470693129, 0.14337993294762882]
840 ; 46 ; 176 ; 1 ; [0.21410450421761126] ; [0.08843802247317592]
840 ; 46 ; 176 ; 3 ; [0.30801813891107488] ; [0.30686276966107107]
840 ; 46 ; 176 ; 4 ; [0.13694824956211687] ; [0.2316731625552291]
840 ; 46 ; 177 ; 0 ; [0.40876709186562193] ; [0.42594834117167224]
840 ; 46 ; 177 ; 1 ; [0.62200530633653262] ; [0.32960487274124278]
840 ; 46 ; 177 ; 4 ; [0.52136877961032313] ; [0.1211292061612692]
840 ; 46 ; 178 ; 0 ; [0.42227615439155702] ; [0.67467605168919176]
840 ; 46 ; 178 ; 1 ; [0.53056350994209789] ; [0.2752478539905221]
840 ; 46 ; 179 ; 1 ; [0.23056734869398024, 0.063324925854695666, 0.28388243944341146, 0.04449414498491832, 0.039714158995289073] ; [0.39625539871321563, 0.16315150831365915, 0.3567132377071211, 0.23296635970086102, 0.27449159025709385]
840 ; 46 ; 180 ; 0 ; [0.20242929184515809, 0.30869792091636733, 0.29185784826711947, 0.10467400650967841] ; [0.33514467137680465, 0.27695815393863421, 0.20856973886904295, 0.17892364033915703]
840 ; 46 ; 181 ; 0 ; [0.088351948374320255, 0.013594223002641915, 0.0055477748258956376] ; [0.71510714568368372, 0.18482855868551837, 0.15340227750632346]
840 ; 46 ; 182 ; 0 ; [0.047523639270464421, 0.36084703056685397, 0.071338618625693143] ; [0.25861266600617, 0.41546328689185619, 0.36876738458268893]
840 ; 46 ; 182 ; 1 ; [0.29079270788906503] ; [0.027383779662716514]
840 ; 46 ; 182 ; 3 ; [0.9361291990680447] ; [0.1826452672488601]
840 ; 46 ; 183 ; 0 ; [0.0029419760932715131] ; [0.30622009204797779]
840 ; 46 ; 184 ; 0 ; [0.29658451337123326] ; [0.14463048041893567]
840 ; 46 ; 184 ; 1 ; [1.2661759260947487] ; [0.38354392312984065]
840 ; 46 ; 185 ; 0 ; [0.10938054526291341, 0.40167117385880374, 0.20990783461545737, 0.15765267973880712] ; [0.29961874347826278, 0.28005429315117392, 0.45199492755709242, 0.20337487690007586]
840 ; 46 ; 186 ; 0 ; [0.024708022737086867, 0.11550074958861266, 0.009607928339661646] ; [0.27918612131077164, 0.54707938307324333, 0.14602920651081591]
840 ; 46 ; 186 ; 1 ; [-0.03160976748837728] ; [-0.038554353728727488]
840 ; 46 ; 187 ; 0 ; [0.21561808349468012] ; [0.21649720624769636]
840 ; 46 ; 187 ; 1 ; [0.02953779654977547] ; [0.87421221244594971]
840 ; 46 ; 187 ; 2 ; [0.63242741905609878] ; [0.6134940484791539]
840 ; 46 ; 187 ; 15 ; [0.10706035005262282] ; [0.12542910142938385]
840 ; 46 ; 187 ; 16 ; [0.087869694604099963] ; [0.69894304946929253]
840 ; 46 ; 188 ; 0 ; [0.26167289247872172] ; [0.15769518716697881]
840 ; 46 ; 188 ; 3 ; [0.67210006732676197] ; [0.49296923508940332]
840 ; 46 ; 188 ; 4 ; [0.55899582965892702] ; [0.65867240292489748]
840 ; 46 ; 189 ; 0 ; [2.9040767527824971] ; [0.28782873156206928]
840 ; 46 ; 189 ; 2 ; [4.2323250028391044] ; [0.35667765190409839]
840 ; 46 ; 190 ; 0 ; [0.25125322194860977, 0.12258563286550593, 0.034841567761077975] ; [0.18409430537283583, 0.22383022860568513, 0.10569455206579802]
840 ; 46 ; 190 ; 1 ; [-0.052956825433044523] ; [0.031760320739392146]
840 ; 46 ; 191 ; 2 ; [0.07907460906472534, 0.092155532588216751, 0.062990327484768238, 0.2560609042570805] ; [0.14382375074691861, 0.13957683427617967, 0.17966738927445133, 0.71051422687286259]
840 ; 46 ; 192 ; 0 ; [1.9439648179141467] ; [0.18729327163104353]
840 ; 46 ; 192 ; 1 ; [0.61922584388836877] ; [0.63656104074755582]
840 ; 46 ; 192 ; 3 ; [1.3200681203072377] ; [0.066424659731621122]
840 ; 46 ; 192 ; 25 ; [0.27418076988356738] ; [0.039082796921315451]
840 ; 46 ; 193 ; 0 ; [0.91379693753493929] ; [2.1823551304050324]
840 ; 46 ; 193 ; 4 ; [1.7528080243035031] ; [0.57515771599968113]
840 ; 46 ; 194 ; 7 ; [1.3346367766026654] ; [1.6440906601952394]
840 ; 46 ; 194 ; 10 ; [0.68990286057600381] ; [1.328417152171705]
840 ; 46 ; 194 ; 11 ; [0.15222725306049728] ; [1.0653350931940895]
840 ; 46 ; 194 ; 13 ; [1.082812255445549] ; [0.81584401965987752]
840 ; 46 ; 194 ; 15 ; [2.7462134253960042] ; [1.7409650585985381]
840 ; 46 ; 194 ; 16 ; [0.18670223274144424] ; [1.6869069886561239]
840 ; 46 ; 194 ; 23 ; [1.4178382207168472] ; [2.4806468536304789]
840 ; 46 ; 195 ; 0 ; [0.022789141074340023] ; [0.14131118645029783]
840 ; 46 ; 196 ; 0 ; [0.48592144496152045] ; [0.57058634043703527]
840 ; 46 ; 196 ; 1 ; [1.9077308195146951] ; [1.0301072923554291]
840 ; 46 ; 196 ; 2 ; [1.6531342689914519] ; [2.2424964248534422]
840 ; 46 ; 196 ; 3 ; [0.64922458894848101] ; [0.68500723056358281]
840 ; 46 ; 199 ; 0 ; [0.037728842816024927, 0.26213601006881365] ; [0.26515552798902398, 0.29059612862782036]
840 ; 46 ; 200 ; 0 ; [0.10921883040232083, 0.19407920811586379, 0.5944920255408932] ; [0.13274293427499329, 0.33218875651648733, 0.12037277663724859]
840 ; 46 ; 200 ; 1 ; [0.013888966716798854, 0.037479393116025279, -0.0068853316218949068] ; [0.20149549798367083, 0.31272728359054119, 0.036455055934091603]
840 ; 46 ; 202 ; 0 ; [0.16573617338369256, 0.12574341888013058, 0.16259039605479822, 0.26175923158511649] ; [0.16945116634616986, 0.1948567821188166, 0.19993241293271238, 0.36467873898496472]
840 ; 46 ; 203 ; 0 ; [0.13674721848261295] ; [2.1698026404722284]
840 ; 46 ; 203 ; 6 ; [2.0756070604903329] ; [2.5731763109391048]
840 ; 46 ; 203 ; 8 ; [1.7560509099752069] ; [2.1935696829600819]
840 ; 46 ; 204 ; 0 ; [0.61168983586426851] ; [0.65069293247653504]
840 ; 46 ; 204 ; 20 ; [0.33797362386665891] ; [0.23243840888381354]
840 ; 46 ; 204 ; 22 ; [0.77600237261103577] ; [0.39902635074242038]
840 ; 46 ; 204 ; 23 ; [1.5458302764634664] ; [0.47779041984626147]
840 ; 46 ; 205 ; 0 ; [-0.0060928443983228235, 0.06208032027718343] ; [0.31136199459490843, 0.14495842179692559]
840 ; 46 ; 205 ; 2 ; [0.066899705654430555] ; [0.15446636410488193]
840 ; 46 ; 206 ; 0 ; [0.27044505824650411, 0.38231872812209455] ; [0.076676297371781901, 1.0122393272851749]
840 ; 46 ; 206 ; 3 ; [1.5018059505891785] ; [0.74825199672499043]
840 ; 46 ; 206 ; 5 ; [1.3359252005877094] ; [3.6749264417074574]
840 ; 46 ; 206 ; 9 ; [1.2930218529960313] ; [1.06264013698755]
840 ; 46 ; 207 ; 0 ; [0.32221048436293204, 1.1361498785747153] ; [0.30503651928375092, 0.17865366198004015]
840 ; 46 ; 207 ; 1 ; [0.15107431736768712, 0.43523282522682322] ; [0.15335236697575338, 0.12605869650284507]
840 ; 46 ; 209 ; 0 ; [0.050828513215902031, 0.044884966895717096, -0.013670937849118756] ; [0.22181899551143031, 0.17567976412690592, 0.062813091913379776]
840 ; 46 ; 210 ; 0 ; [0.34117870326480332] ; [0.14917487992818557]
840 ; 46 ; 211 ; 0 ; [0.29890005189185609, 0.052645649533980106] ; [0.43179669831728024, 0.03915542509482469]
840 ; 46 ; 211 ; 1 ; [-0.0064122509261533029] ; [0.26112431702589206]
840 ; 46 ; 212 ; 0 ; [0.072509570755837069, 0.10388920333577779, 0.0066758976574959302] ; [0.17500932317614667, 0.23630922903001897, 0.23697584875777153]
840 ; 46 ; 212 ; 1 ; [0.50819612706380413] ; [0.084886628475916492]
840 ; 46 ; 212 ; 2 ; [0.97051911303783489] ; [0.086680563247635969]
840 ; 46 ; 213 ; 0 ; [0.16151738052417963, 0.2243707092519808, 0.1388251465897081, 0.11065911711086369] ; [0.16531037892294115, 0.22858128986253265, 0.25980754161822062, 0.10363254733314256]
840 ; 46 ; 214 ; 1 ; [0.11840840063958674] ; [0.10730571106485723]
840 ; 46 ; 215 ; 0 ; [0.74069581812713903] ; [0.42519654766046683]
840 ; 46 ; 215 ; 3 ; [1.0950623581393104] ; [0.69628035972897884]
840 ; 46 ; 215 ; 4 ; [1.2385536167735576] ; [0.54710275008033704]
840 ; 46 ; 215 ; 6 ; [0.32740182542815266] ; [0.44784264997302375]
840 ; 46 ; 215 ; 7 ; [0.37213388026455901] ; [0.77605677606604051]
840 ; 46 ; 215 ; 8 ; [0.79582588601975202] ; [0.29032877038797889]
840 ; 46 ; 215 ; 11 ; [2.2420181073961687] ; [0.6721181918290362]
840 ; 46 ; 216 ; 0 ; [0.049170926333926633, 0.042264131228955018, -0.0018500161512048625] ; [0.24359061867569973, 0.28637204785038767, 0.15862740136811546]
840 ; 46 ; 217 ; 0 ; [0.21772549128128499, 0.22150915006965735, 0.20927919868458819, 0.37231625419301523] ; [0.024743170045927573, 0.18777411051206799, 0.21262263548242011, 0.19468220071480824]
840 ; 46 ; 219 ; 0 ; [0.24025171353064054] ; [0.17069676211238446]
840 ; 46 ; 219 ; 1 ; [0.35810443315926255] ; [0.067698682140721625]
840 ; 46 ; 219 ; 2 ; [0.98891511664699494] ; [0.52884448955984553]
840 ; 46 ; 219 ; 6 ; [1.2186733822741629] ; [1.1284603103166428]
840 ; 46 ; 219 ; 8 ; [3.4182014869150694] ; [0.68317148187113996]
840 ; 46 ; 219 ; 12 ; [0.72232810907056288] ; [0.68242273039652468]
840 ; 46 ; 220 ; 0 ; [0.12736855923900295, 0.12605719582918079] ; [0.43279442761226528, 0.17256776410459923]
840 ; 46 ; 221 ; 0 ; [0.12844017142139227, 0.061029471732843461, 0.51205181579177184] ; [0.40590231633394391, 0.15914214508772204, 0.14037839237320573]
840 ; 46 ; 222 ; 0 ; [0.065952290027570928] ; [0.02213402891329587]
840 ; 46 ; 223 ; 1 ; [0.15704050742826173] ; [0.17274221082592214]
840 ; 46 ; 224 ; 0 ; [-0.006098348299155126, 0.015585559039687691] ; [0.17360928446723856, 0.99986189975490902]
840 ; 46 ; 225 ; 0 ; [3.1038309897043557] ; [1.531980156724615]
840 ; 46 ; 225 ; 1 ; [0.75698774737971297] ; [0.8658989197874275]
840 ; 46 ; 225 ; 4 ; [3.9424210098797601] ; [2.3830655360273205]
840 ; 46 ; 225 ; 8 ; [2.7850830916084712] ; [2.5858105854224651]
840 ; 46 ; 225 ; 9 ; [3.2507991996823993] ; [1.54775419225662]
840 ; 46 ; 225 ; 13 ; [8.0324398617340567] ; [1.1550979716758987]
840 ; 46 ; 227 ; 0 ; [0.0042208532777693831, 0.026577448737826592, 0.075957052390961691, -0.01143096737433693] ; [0.20729584496171116, 0.18620189009127838, 0.23058257365831888, 0.10210898029781448]
840 ; 46 ; 228 ; 0 ; [0.79405457878401675, 0.40650291676172917] ; [0.18957529599202835, 1.2201253236698544]
840 ; 46 ; 228 ; 2 ; [1.1198409017238513] ; [0.71165043910251125]
840 ; 46 ; 228 ; 4 ; [1.7420468732956049] ; [-0.016714433915884466]
840 ; 46 ; 228 ; 6 ; [0.67420077898820396] ; [-0.0083951350255889786]
840 ; 46 ; 230 ; 0 ; [0.15496773696224206, 0.067437573759801833, 0.5112103028015067] ; [0.17865018942568589, 0.21512128874372208, 1.0329277791772498]
840 ; 46 ; 230 ; 1 ; [3.0374750450038874] ; [0.025702081271755533]
840 ; 46 ; 230 ; 3 ; [0.04390893634077947] ; [-0.0098862926253337879]
840 ; 46 ; 230 ; 4 ; [2.2884595876739424] ; [0.0013074965843242023]
840 ; 46 ; 231 ; 2 ; [0.80036844870259771] ; [0.17181979791389668]
840 ; 46 ; 231 ; 4 ; [1.5166558604545488] ; [0.86649697565800143]
840 ; 46 ; 231 ; 6 ; [0.20673620555810263] ; [0.79435238849034417]
840 ; 46 ; 231 ; 7 ; [0.7864382179626157] ; [1.711303093843948]
840 ; 46 ; 231 ; 17 ; [0.51273853530565239] ; [0.27684520662548912]
840 ; 46 ; 232 ; 0 ; [2.9886494699319006] ; [2.2147598628984579]
840 ; 46 ; 232 ; 3 ; [0.11276878357047809] ; [3.5261468450244835]
840 ; 46 ; 233 ; 2 ; [0.12352517122778785, 0.28303604893679796, 0.39824720513067652] ; [0.14205321310679436, 0.36593680472754242, 0.20539762521831359]
840 ; 46 ; 235 ; 0 ; [0.077384961478258685, 0.06640305156569834, 0.038626078001989278] ; [0.17391949593319714, 0.20689615411129528, 0.047251590497374901]
840 ; 46 ; 235 ; 1 ; [0.27243159039224152] ; [0.21938087908143525]
840 ; 46 ; 236 ; 0 ; [1.8603889243302159] ; [1.0419281000251603]
840 ; 46 ; 236 ; 1 ; [2.0705457332003241] ; [3.4830847543210064]
840 ; 46 ; 236 ; 6 ; [4.0600807723017098] ; [1.4936168808922741]
840 ; 46 ; 236 ; 8 ; [1.926013426900421] ; [1.5624762301144808]
840 ; 46 ; 236 ; 9 ; [1.7126716134970368] ; [1.3042434745233724]
840 ; 46 ; 236 ; 10 ; [2.5470677615073338] ; [1.1070603939729184]
840 ; 46 ; 236 ; 11 ; [1.7983666776278036] ; [1.2265373870666569]
840 ; 46 ; 236 ; 13 ; [2.0064303474152472] ; [1.3616181624531243]
840 ; 46 ; 236 ; 14 ; [1.5005979512365903] ; [1.4340632144841465]
840 ; 46 ; 236 ; 16 ; [1.2964766609441116] ; [2.275596463356012]
840 ; 46 ; 236 ; 18 ; [1.6987308156456464] ; [2.0795570553716485]
840 ; 46 ; 236 ; 19 ; [1.7800291292476269] ; [1.1461253648801539]
840 ; 46 ; 236 ; 20 ; [1.9444858868595098] ; [1.1567390603738101]
840 ; 46 ; 236 ; 21 ; [2.120124473999395] ; [1.0637848575370947]
840 ; 46 ; 236 ; 23 ; [1.4776039401169034] ; [1.3400810985478375]
840 ; 46 ; 236 ; 24 ; [2.2520993704219046] ; [1.7451006396112207]
840 ; 46 ; 236 ; 25 ; [2.846626408332062] ; [2.8922259121999638]
840 ; 46 ; 236 ; 26 ; [1.0727537624789447] ; [1.1546177903640791]
840 ; 46 ; 236 ; 27 ; [0.90803218754174886] ; [6.1289902808816255]
840 ; 46 ; 236 ; 28 ; [7.5037078522639247] ; [1.1154148838052524]
840 ; 46 ; 236 ; 29 ; [1.5763353888298275] ; [3.7778289743016149]
840 ; 46 ; 236 ; 30 ; [0.99719677826093489] ; [0.58757649759293429]
840 ; 46 ; 236 ; 32 ; [2.4536761736982315] ; [2.9776922863377679]
840 ; 46 ; 236 ; 40 ; [3.5392490273375601] ; [2.0701812672936191]
840 ; 46 ; 236 ; 41 ; [1.6896441323542777] ; [2.0213551831420995]
840 ; 46 ; 236 ; 42 ; [1.6944564258643184] ; [1.8772979599298185]
840 ; 46 ; 236 ; 44 ; [1.6437432771707285] ; [5.4544809191431458]
840 ; 46 ; 237 ; 0 ; [0.39911334302440776] ; [2.5840766119552017]
840 ; 46 ; 237 ; 4 ; [3.5075115589992598] ; [0.69599278407448639]
840 ; 46 ; 237 ; 7 ; [9.1141756050949017] ; [0.84895069532790368]
840 ; 46 ; 237 ; 8 ; [1.1537646899000737] ; [0.9336148599510492]
840 ; 46 ; 238 ; 0 ; [0.91636702706018158, 0.27683176466193199] ; [0.54185407232088945, 0.34972348362163924]
840 ; 46 ; 239 ; 2 ; [0.87382318273446624] ; [-0.027182101789457434]
840 ; 46 ; 239 ; 6 ; [0.57812412910264499] ; [0.57555900727585063]
840 ; 46 ; 240 ; 0 ; [0.12381718433762513, 0.088263843607343101, 0.030817674837719258] ; [0.27469646965779543, 0.39316246917209663, 0.08069030774100891]
840 ; 46 ; 241 ; 0 ; [0.15955780240343917] ; [0.040033796292361007]
840 ; 46 ; 242 ; 0 ; [0.074885384729636184, 0.33009482306416521, 0.39857391329673458, 0.45576803983005737, 0.27755727775416433] ; [0.25733100999360425, 0.20770620950556384, 0.56966570809802808, 0.44046925139152521, 0.18219395347816544]
840 ; 46 ; 243 ; 0 ; [1.4337028837581647] ; [0.72688219062744519]
840 ; 46 ; 243 ; 1 ; [0.88385278914159227] ; [1.075661435177226]
840 ; 46 ; 243 ; 2 ; [1.3286677860860816] ; [0.35368757133476242]
840 ; 46 ; 243 ; 3 ; [2.137187701616249] ; [0.42226337878276837]
840 ; 46 ; 243 ; 4 ; [1.1605495941546635] ; [0.19240486201826965]
840 ; 46 ; 243 ; 5 ; [1.6105957557519195] ; [0.84813071402610118]
840 ; 46 ; 243 ; 6 ; [1.5672684605792468] ; [0.34301592923808044]
840 ; 46 ; 243 ; 7 ; [0.9760168094635493] ; [1.1178319431662331]
840 ; 46 ; 243 ; 8 ; [1.9776001023458354] ; [1.0534163942784691]
840 ; 46 ; 243 ; 9 ; [1.4201027740714778] ; [0.94593495129935823]
840 ; 46 ; 243 ; 11 ; [0.79893451965512929] ; [0.40759501993690206]
840 ; 46 ; 243 ; 13 ; [1.1122735871541758] ; [0.30993371161704103]
840 ; 46 ; 243 ; 17 ; [1.2491651297033692] ; [1.2953418320959666]
840 ; 46 ; 243 ; 18 ; [3.4765169919222383] ; [0.48718001264643879]
840 ; 46 ; 243 ; 20 ; [1.2749974743305745] ; [2.1904438091404033]
840 ; 46 ; 243 ; 21 ; [0.96884653154415512] ; [1.822621652888522]
840 ; 46 ; 243 ; 23 ; [1.4258660006186776] ; [2.17469696643168]
840 ; 46 ; 243 ; 24 ; [1.7688618982251094] ; [1.3706999530935602]
840 ; 46 ; 243 ; 27 ; [2.0569646494791161] ; [1.6540131605481987]
840 ; 46 ; 243 ; 29 ; [1.0333617433080009] ; [1.6407566489686236]
840 ; 46 ; 243 ; 30 ; [1.1707619541629244] ; [2.3468146729473083]
840 ; 46 ; 243 ; 32 ; [2.6088748268399109] ; [2.3701040977814989]
840 ; 46 ; 243 ; 33 ; [1.0627194826484803] ; [1.3824871878197142]
840 ; 46 ; 243 ; 35 ; [0.13434042234931856] ; [1.0980393931043819]
840 ; 46 ; 243 ; 39 ; [1.374723771197881] ; [1.3563843471020398]
840 ; 46 ; 243 ; 40 ; [1.0671045043437526] ; [0.99514821927671782]
840 ; 46 ; 243 ; 41 ; [2.4801176273500851] ; [1.2378990726016548]
840 ; 46 ; 243 ; 44 ; [1.9275431283350395] ; [2.1794915275868525]
840 ; 46 ; 243 ; 45 ; [1.8486605484136827] ; [0.46318545586707366]
840 ; 46 ; 243 ; 46 ; [1.8345340665890968] ; [1.132554133095713]
840 ; 46 ; 243 ; 47 ; [1.8613818758058123] ; [3.8673130804374702]
840 ; 46 ; 243 ; 49 ; [2.0355697995456339] ; [2.027505618840288]
840 ; 46 ; 243 ; 50 ; [2.5334007715217655] ; [1.2814978128879648]
840 ; 46 ; 243 ; 53 ; [4.1477077084318248] ; [1.7659363237464047]
840 ; 46 ; 243 ; 54 ; [1.3446593310504589] ; [1.33593192926815]
840 ; 46 ; 243 ; 55 ; [1.0446559168005656] ; [3.5746720679569242]
840 ; 46 ; 243 ; 57 ; [2.0802166307465675] ; [0.6585548710807605]
840 ; 46 ; 243 ; 58 ; [1.8607886611881101] ; [0.79829330040186175]
840 ; 46 ; 243 ; 63 ; [1.568535512076193] ; [3.5670439962412592]
840 ; 46 ; 243 ; 64 ; [1.4917225269106691] ; [0.11161941287424498]
840 ; 46 ; 243 ; 66 ; [1.2204718665659726] ; [0.71904378145312942]
840 ; 46 ; 244 ; 0 ; [0.2185041080773541] ; [0.055037340130811685]
840 ; 46 ; 244 ; 1 ; [0.11902514780665269] ; [0.064570841343692176]
840 ; 46 ; 245 ; 0 ; [0.13557984434850981, 0.18082828337827195, 0.24990366717406415, 0.090484008896438692] ; [0.14079759892497701, 0.18646173083652248, 0.44589631734134577, 0.25212064431933628]
840 ; 46 ; 245 ; 1 ; [0.54432568383979363] ; [0.20735114305033869]
840 ; 46 ; 245 ; 3 ; [0.014727142216977305] ; [-0.28911887122848573]
840 ; 46 ; 246 ; 0 ; [0.1477061352152936] ; [0.34869327540738765]
840 ; 46 ; 246 ; 1 ; [0.16727661856636006] ; [0.092153290869065665]
840 ; 46 ; 246 ; 4 ; [0.59773288386857948] ; [0.0480450088946393]
840 ; 46 ; 247 ; 0 ; [0.13916281047786805, -0.0020433363570602392, 0.0099080079773256023, 0.029914208090615482] ; [0.36390410367562898, 0.18246753722698847, 0.19288307711449837, 0.1701976071622045]
840 ; 46 ; 248 ; 5 ; [0.77864503532513096] ; [1.9251293809984433]
840 ; 46 ; 248 ; 9 ; [1.6191140495634457] ; [1.4265911248616743]
840 ; 46 ; 248 ; 10 ; [0.83100489765474295] ; [0.89228754072328853]
840 ; 46 ; 248 ; 11 ; [2.0571583303096173] ; [0.92775576593790898]
840 ; 46 ; 248 ; 13 ; [2.8107209668715298] ; [2.0476031419115368]
840 ; 46 ; 249 ; 0 ; [0.11874505644780414] ; [0.031756034009157282]
840 ; 46 ; 249 ; 3 ; [0.066220211971681694, 0.32924544129802696, 0.1465179891937517, 0.084888030341111601] ; [0.13383560827095886, 0.23423933812712106, 0.52872715956185401, 0.055766174306066188]
840 ; 46 ; 250 ; 0 ; [0.42098975038569036] ; [0.40557234824543131]
840 ; 46 ; 251 ; 0 ; [0.054308671016963669, 0.04125909363246856, 0.073043253907662545] ; [0.16755478001742447, 0.18567975672452353, 0.40925606748246923]
840 ; 46 ; 251 ; 1 ; [0.63314220503957952] ; [0.23716325527681859]
840 ; 46 ; 251 ; 5 ; [0.072415987719929839] ; [0.035530542761735881]
840 ; 46 ; 252 ; 0 ; [0.18428369283632368] ; [0.11131227614873396]
840 ; 46 ; 252 ; 1 ; [-0.058577096552601148] ; [0.29301068719977486]
840 ; 46 ; 252 ; 4 ; [0.52244809285077276] ; [0.12310445419097822]
840 ; 46 ; 252 ; 5 ; [-0.18345525901779891] ; [0.66574127466939315]
840 ; 46 ; 254 ; 0 ; [0.066375012176702802, 0.68362832909155058, 0.13598860073130722] ; [0.30838875002335969, 0.62031925356093431, 0.060178212634494153]
840 ; 46 ; 254 ; 1 ; [-0.010427294450665911] ; [0.33060150784806314]
840 ; 46 ; 254 ; 2 ; [0.072466385135732225] ; [0.21316028558751607]
840 ; 46 ; 254 ; 3 ; [0.69249253026951496] ; [0.3592353530926724]
840 ; 46 ; 255 ; 0 ; [0.33989822574050893] ; [0.47619967018803533]
840 ; 46 ; 256 ; 0 ; [0.044050862079490709, -0.003367125429823154, -0.0054500770372517427, -0.0053755335323072088, -0.011347976172654112] ; [0.33624134516289123, 0.28553834110396614, 0.2076550835713207, 0.19862473069107675, 0.061997567965120341]
840 ; 46 ; 257 ; 0 ; [0.4291062553389754, 0.56213586394480897] ; [0.36928867194782206, 0.98039761997115193]
840 ; 46 ; 257 ; 2 ; [0.30120374861770022] ; [0.13315385830135656]
840 ; 46 ; 257 ; 3 ; [0.27186410331216648] ; [1.0321853303653727]
840 ; 46 ; 257 ; 5 ; [0.36026580375978329] ; [0.13541526759018113]
840 ; 46 ; 257 ; 12 ; [0.44077002361460671] ; [0.044628274431303072]
840 ; 46 ; 258 ; 0 ; [0.49082960521051866] ; [0.45144826258521203]
840 ; 46 ; 258 ; 4 ; [0.20986620838483339] ; [0.1678760286358803]
840 ; 46 ; 259 ; 0 ; [0.1186913541021562, 0.065028339903938748, 0.01774651428320782] ; [0.1741600120823483, 0.17876369181578231, 0.057632156813598109]
840 ; 46 ; 260 ; 4 ; [0.42551314593957879] ; [0.34954501999186266]
840 ; 46 ; 262 ; 0 ; [0.034796223345653091, 0.032696812145581497, 0.050453482004507423] ; [0.15153189091864075, 0.18946368365980759, 0.12014383376230953]
840 ; 46 ; 263 ; 0 ; [0.74652289601704092] ; [0.25703663256471543]
840 ; 46 ; 263 ; 1 ; [2.1858165924563124] ; [1.8540888987574338]
840 ; 46 ; 263 ; 2 ; [0.060511014066325801] ; [0.60099536276709165]
840 ; 46 ; 263 ; 6 ; [8.5275778841916328] ; [0.28560049080603511]
840 ; 46 ; 265 ; 2 ; [0.70895960204522368, 0.14259703460715942] ; [0.4058460421311017, 0.14365773361365267]
840 ; 46 ; 267 ; 0 ; [0.25647925606598843, 0.25811758089692477, 0.33422709568794501, 0.22812019105107581] ; [0.32020553647881639, 0.31140299953835765, 0.30361482317905975, 0.34705857080427444]
840 ; 46 ; 267 ; 2 ; [-0.0029630290068203874] ; [-0.0070563654839225706]
840 ; 46 ; 268 ; 0 ; [0.12833872823934792, 0.14181641827002739, 0.15749927291698218] ; [0.19269869641673928, 0.14564704053354716, 0.15039224849083152]
840 ; 46 ; 268 ; 1 ; [0.28790930340346632] ; [0.010140339294492508]
840 ; 46 ; 269 ; 0 ; [0.22502539580264772] ; [0.14872900373680933]
840 ; 46 ; 269 ; 1 ; [0.66534575885682434] ; [0.56211749841796554]
840 ; 46 ; 269 ; 2 ; [0.16684414804710537] ; [0.069364700376816052]
840 ; 46 ; 270 ; 0 ; [0.42332066028063819] ; [0.83234174806065431]
840 ; 46 ; 270 ; 3 ; [0.51809648515009388] ; [0.31468764215811851]
840 ; 46 ; 270 ; 4 ; [0.22079662303756392] ; [0.26696609865702969]
840 ; 46 ; 271 ; 0 ; [1.0773901049360579] ; [0.44913359618873111]
840 ; 46 ; 271 ; 8 ; [0.41407521101964484] ; [0.39964062294068353]
840 ; 46 ; 271 ; 9 ; [1.1916125779397166] ; [0.44316716561231512]
840 ; 46 ; 272 ; 0 ; [0.082046702549617809, 0.10162764785995304, 0.12077319013690813] ; [0.23085177791805073, 0.18991204366602371, -0.0081253797228203872]
840 ; 46 ; 272 ; 1 ; [0.25622380808202028, 0.00022580325757215995] ; [0.32171103931107664, 0.16908152115172431]
840 ; 46 ; 272 ; 4 ; [0.30317847799439496] ; [0.41557176307645899]
840 ; 46 ; 273 ; 0 ; [0.053704966667321781, 0.14802344671038911, 0.055026276831692693, 0.040515406678078646] ; [0.18884155472691447, 0.22591183579274468, 0.22415309177345313, 0.11515522389244338]
840 ; 46 ; 274 ; 0 ; [0.31588574942856007] ; [1.3176063106244142]
840 ; 46 ; 274 ; 1 ; [0.67611080565395276] ; [2.2707477376942964]
840 ; 46 ; 274 ; 2 ; [0.53202809045527666] ; [1.5302912436708089]
840 ; 46 ; 274 ; 8 ; [4.7941835561985524] ; [0.45991279099071108]
840 ; 46 ; 274 ; 11 ; [1.2871237190934295] ; [0.91413813347698991]
840 ; 46 ; 274 ; 12 ; [2.7522795794663439] ; [1.2503074025156178]
840 ; 46 ; 275 ; 0 ; [0.1041667534281224, 0.73677857615488651] ; [0.14721052981063698, 0.33491264586242681]
840 ; 46 ; 275 ; 1 ; [1.3608125504707276] ; [2.2294798265692028]
840 ; 46 ; 275 ; 2 ; [0.26872022364094961] ; [1.0721565724465218]
840 ; 46 ; 275 ; 3 ; [1.3592489352351944] ; [2.4164734355574509]
840 ; 46 ; 275 ; 4 ; [0.65808840410610414] ; [1.5803917553450801]
840 ; 46 ; 275 ; 6 ; [0.20050778520543869] ; [0.66902934327508834]
840 ; 46 ; 275 ; 7 ; [0.10569216573881426] ; [1.7454280719968542]
840 ; 46 ; 275 ; 8 ; [0.94032584417890563] ; [1.2754222700216233]
840 ; 46 ; 275 ; 10 ; [0.58622082065616221] ; [0.99313405951416023]
840 ; 46 ; 275 ; 13 ; [2.9621450539970535] ; [1.6562306333186618]
840 ; 46 ; 275 ; 14 ; [6.3709952437172399] ; [0.81234907881119256]
840 ; 46 ; 275 ; 16 ; [1.2984004319729832] ; [0.14949767399732614]
840 ; 46 ; 275 ; 17 ; [0.76724185327736527] ; [3.1079548984685239]
840 ; 46 ; 275 ; 18 ; [1.6958681393231188] ; [1.7148338404196426]
840 ; 46 ; 275 ; 21 ; [1.1394393411664709] ; [1.5261290964799883]
840 ; 46 ; 275 ; 25 ; [1.8238221584365157] ; [2.6060845096263248]
840 ; 46 ; 275 ; 26 ; [1.519043779509774] ; [1.5316943254301043]
840 ; 46 ; 275 ; 32 ; [1.4360358248206491] ; [2.3220395172940576]
840 ; 46 ; 276 ; 1 ; [0.46955734896872908] ; [0.3408179257200647]
840 ; 46 ; 276 ; 2 ; [0.28845947788168624] ; [0.35717278884732245]
840 ; 46 ; 276 ; 3 ; [0.58727125689695014] ; [0.26153416029091342]
840 ; 46 ; 277 ; 0 ; [0.39646390286805994, 0.41417382918649459] ; [-0.008262586191690565, -0.010166875157091531]
840 ; 46 ; 277 ; 2 ; [2.0545544500743178] ; [1.5101379354212456]
840 ; 46 ; 277 ; 12 ; [0.7041842596193435] ; [1.1376738345165898]
840 ; 46 ; 277 ; 13 ; [1.6024294128035899] ; [1.5606186138112992]
840 ; 46 ; 278 ; 0 ; [0.37516211841116559] ; [0.11258488957921037]
840 ; 46 ; 278 ; 2 ; [5.1033240008088443] ; [0.33228641337553799]
840 ; 46 ; 278 ; 3 ; [2.1910916749404619] ; [0.97792261477652886]
840 ; 46 ; 278 ; 20 ; [0.27912511742609086] ; [2.5908266906569759]
840 ; 46 ; 278 ; 23 ; [0.088336960142542595] ; [1.2423132406034674]
840 ; 46 ; 278 ; 28 ; [1.3914548202939663] ; [1.4804404270214653]
840 ; 46 ; 278 ; 36 ; [1.7375291736772362] ; [1.4548611321889156]
840 ; 46 ; 279 ; 0 ; [0.021014588512605892] ; [0.15829497712047572]
840 ; 46 ; 279 ; 1 ; [1.238889093261154] ; [1.0479240144078006]
840 ; 46 ; 279 ; 3 ; [1.4065944000713491] ; [1.4139797871054647]
840 ; 46 ; 279 ; 9 ; [1.9653958194309178] ; [1.421736906717608]
840 ; 46 ; 280 ; 0 ; [0.8212432532514361] ; [2.1355973695395689]
840 ; 46 ; 280 ; 1 ; [0.43356225355886874] ; [0.19138245492718486]
840 ; 46 ; 280 ; 2 ; [0.45069276051929874] ; [0.34287031998114653]
840 ; 46 ; 280 ; 3 ; [1.9775161687848755] ; [3.9071036770211198]
840 ; 46 ; 280 ; 14 ; [1.7592185397734437] ; [1.2490949449119504]
840 ; 46 ; 280 ; 15 ; [2.1067629141442015] ; [3.1974625082313812]
840 ; 46 ; 280 ; 20 ; [0.66116745071906791] ; [2.3822114641962346]
840 ; 46 ; 280 ; 21 ; [10.702514318010683] ; [2.2079881288142968]
840 ; 46 ; 280 ; 22 ; [0.96141148818143651] ; [1.5470336274752898]
840 ; 46 ; 280 ; 23 ; [0.0071636642508939854] ; [1.8541634261363691]
840 ; 46 ; 280 ; 24 ; [0.048596788074148356] ; [3.0459448903870245]
840 ; 46 ; 280 ; 29 ; [5.6001645444117143] ; [0.86449242264518533]
840 ; 46 ; 281 ; 0 ; [0.012545507825884601, 0.054604971279101626, 0.0480639680835169] ; [0.22453984314627362, 0.16581529017572458, 0.036872474521794922]
840 ; 46 ; 282 ; 0 ; [1.1454339346982061] ; [0.33277865069993395]
840 ; 46 ; 282 ; 2 ; [0.23693349203245709, 0.26607437352092983, 1.0334169656026466] ; [0.33633439083343281, 0.65255328242242971, 0.57486151187425694]
840 ; 46 ; 283 ; 0 ; [0.26723279804813488, 0.09617342405222834, 0.013544737696991022] ; [0.35885901707568924, 0.4270941345644238, 0.081682716139607967]
840 ; 46 ; 283 ; 1 ; [-0.0040270253675424358] ; [0.098340311984318446]
840 ; 46 ; 284 ; 0 ; [0.050577245257031597] ; [-0.024493886325673349]
840 ; 46 ; 285 ; 0 ; [1.2425219266049092] ; [0.24055193617327594]
840 ; 46 ; 286 ; 0 ; [0.033705158985164185, 0.044138190747275971, 0.026108207737189189, 0.040229142413343189] ; [0.10123626178068844, 0.24888003645871992, 0.16183612516219872, 0.087517129888048995]
840 ; 46 ; 286 ; 1 ; [0.25135745389416969, 1.3657717043988684] ; [0.14171072492554179, 0.32422832054154183]
840 ; 46 ; 286 ; 2 ; [0.55253564780938336] ; [0.07878155078393792]
840 ; 46 ; 287 ; 0 ; [0.37895559668773759] ; [0.74996615336758787]
840 ; 46 ; 287 ; 1 ; [0.25646438301386804] ; [0.70899821733347979]
840 ; 46 ; 288 ; 0 ; [0.35003566067844782, 0.32991280033796438] ; [0.40667716207964782, 1.3496416657005963]
840 ; 46 ; 288 ; 1 ; [0.59563033545277899] ; [0.38584295086046627]
840 ; 46 ; 288 ; 2 ; [0.062883948164201522] ; [0.24230924657076583]
840 ; 46 ; 288 ; 4 ; [1.8522533167266646] ; [0.21769869481905146]
840 ; 46 ; 288 ; 5 ; [0.075157518594017397] ; [0.067772881996860102]
840 ; 46 ; 288 ; 6 ; [1.7504256965312759] ; [0.81300190024446239]
840 ; 46 ; 289 ; 1 ; [-0.030477972479418251] ; [1.0583092305991331]
840 ; 46 ; 289 ; 2 ; [0.49334730229423618] ; [0.63467353658416481]
840 ; 46 ; 289 ; 4 ; [1.2033270859594356] ; [0.35415082310482671]
840 ; 46 ; 289 ; 5 ; [1.1470795852796198] ; [0.89372825046761928]
840 ; 46 ; 290 ; 0 ; [9.3681732723868283, 1.038334084915832] ; [0.09462703882297771, 0.049223078675520754]
840 ; 46 ; 290 ; 1 ; [0.11063651935385731] ; [0.40382298911451192]
840 ; 46 ; 290 ; 2 ; [0.32947795544788483] ; [6.3123234553028329]
840 ; 46 ; 290 ; 5 ; [0.38972023922305499] ; [1.5080311405579263]
840 ; 46 ; 290 ; 7 ; [1.422449981090161] ; [0.32464520468020708]
840 ; 46 ; 291 ; 3 ; [1.0482100014752966] ; [0.097806646994078053]
840 ; 46 ; 291 ; 4 ; [-0.014253085979373945, -0.0068822111627648043, 0.16975564734662113] ; [0.15297607782024036, 0.22632578227698907, 0.20060602904638239]
840 ; 46 ; 292 ; 0 ; [0.73935495335959134] ; [0.018150391900625375]
840 ; 46 ; 292 ; 1 ; [0.026436719929979154] ; [0.58904911146138683]
840 ; 46 ; 292 ; 3 ; [0.7544189184019805] ; [0.78330026109331297]
840 ; 46 ; 292 ; 5 ; [0.64006612110281891] ; [2.7756689730047395]
840 ; 46 ; 292 ; 6 ; [0.59879203121977875] ; [0.52696339712735552]
840 ; 46 ; 293 ; 2 ; [0.49934070602492436, 0.34547455749094419] ; [0.32028155112619361, 0.21781749271042153]
840 ; 46 ; 294 ; 2 ; [0.13811561576726764] ; [1.5465237906556244]
840 ; 46 ; 295 ; 0 ; [0.081947423851374046, 0.049872470671585581] ; [0.36821474313356095, 0.13982587640605837]
840 ; 46 ; 296 ; 0 ; [-0.00087633642093868074, 0.004484297399374444, 0.03187855871682304] ; [0.16722737538189517, 0.17971040976303926, 0.14809765399413197]
840 ; 46 ; 298 ; 0 ; [0.40000223418099806] ; [0.25017110390129521]
840 ; 46 ; 299 ; 0 ; [5.4099595442474406] ; [3.6569398426875441]
840 ; 46 ; 299 ; 3 ; [0.8992199087870586] ; [2.3978555329205595]
840 ; 46 ; 299 ; 5 ; [1.6191772247567138] ; [1.9069416530825953]
840 ; 46 ; 299 ; 6 ; [3.6927980036559371] ; [3.0678297018778036]
840 ; 46 ; 300 ; 0 ; [0.010211531546734371] ; [0.082385182853748545]
840 ; 46 ; 300 ; 1 ; [0.46908226111177997] ; [0.27535252150219341]
840 ; 46 ; 300 ; 6 ; [0.12478854877685576] ; [2.1717888314189415]
840 ; 46 ; 301 ; 0 ; [0.61603480529380406, 0.17142110418077144] ; [0.27254392625937246, 0.15418735661376776]
840 ; 46 ; 301 ; 1 ; [1.3119036478351376] ; [0.13813687211091602]
840 ; 46 ; 301 ; 5 ; [0.15653101555738849] ; [0.10037298798425894]
840 ; 46 ; 302 ; 0 ; [0.31944231302636739] ; [2.1030580356880693]
840 ; 46 ; 302 ; 4 ; [0.072437111362353895] ; [0.8539834711602502]
840 ; 46 ; 302 ; 10 ; [-0.030528117312910837] ; [1.9973250343170685]
840 ; 46 ; 303 ; 0 ; [0.60225851513187745] ; [1.7661959403950762]
840 ; 46 ; 303 ; 2 ; [0.98555440833725516] ; [1.7832380510108401]
840 ; 46 ; 303 ; 4 ; [2.1522493769000124] ; [4.5687798039684928]
840 ; 46 ; 303 ; 5 ; [3.0493675860986906] ; [1.6944155591968828]
840 ; 46 ; 303 ; 6 ; [7.1147062863777961] ; [0.38523623796585926]
840 ; 46 ; 304 ; 0 ; [0.25602440769138302, 0.79374091268725178] ; [0.31268104382684797, 0.21930456481097232]
840 ; 46 ; 304 ; 1 ; [0.0051874330659985191, -0.0048907089206177172, 0.044212188721345538] ; [0.15421084875883204, 0.23223834637215662, 0.056068557616036442]
840 ; 46 ; 305 ; 0 ; [0.27197025521000984] ; [0.6601077834084681]
840 ; 46 ; 305 ; 3 ; [1.6640320080595232] ; [1.2720469576270437]
840 ; 46 ; 305 ; 5 ; [1.1089957991762538] ; [0.56523175914531498]
840 ; 46 ; 305 ; 6 ; [1.7369880850062256] ; [1.0083897340943262]
840 ; 46 ; 305 ; 13 ; [0.58059148742858158] ; [0.27749735802517517]
840 ; 46 ; 305 ; 14 ; [4.0120464334731931] ; [1.5653660598490187]
840 ; 46 ; 305 ; 17 ; [0.73017445369356593] ; [1.2482080800685926]
840 ; 46 ; 305 ; 18 ; [2.1753575282909061] ; [1.3915712319589941]
840 ; 46 ; 305 ; 19 ; [1.0523827678472375] ; [0.13839844385518771]
840 ; 46 ; 305 ; 20 ; [3.137358998936016] ; [1.2090443901543841]
840 ; 46 ; 305 ; 29 ; [0.37116427525267787] ; [0.13420681280804753]
840 ; 46 ; 308 ; 0 ; [0.1210443063839433] ; [0.72575921808222088]
840 ; 46 ; 308 ; 1 ; [0.10119781480130881] ; [0.067399913010656787]
840 ; 46 ; 309 ; 1 ; [0.29834087820743127, 0.031964126056554749, 0.32334526081329484] ; [0.44018327295205639, 0.19500564043192284, 0.3819761153253024]
840 ; 46 ; 310 ; 4 ; [1.0325912859598658] ; [1.0554280732518229]
840 ; 46 ; 312 ; 0 ; [0.17704328867265454, 0.78887306303476268] ; [0.19998455112326646, 0.61622824113164976]
840 ; 46 ; 312 ; 1 ; [0.74046728300693521] ; [0.37925433969674199]
840 ; 46 ; 312 ; 2 ; [0.90809649522987801] ; [0.4846069408900906]
840 ; 46 ; 312 ; 3 ; [0.25781680324825218] ; [0.40718559205821897]
840 ; 46 ; 312 ; 10 ; [1.2003114725471189] ; [0.073829009111859079]
840 ; 46 ; 313 ; 0 ; [0.15653135008767616, 0.13143864851264903, 1.0288623163362371] ; [0.34712937268134569, 0.16933594410793115, 0.15118517641064314]
840 ; 46 ; 314 ; 0 ; [0.10101930756183294, 0.10395449539221439] ; [0.20148899400467338, 0.15778166789342443]
840 ; 46 ; 314 ; 1 ; [0.10735097330237939] ; [0.049953514145361651]
840 ; 46 ; 315 ; 0 ; [0.71714884039973015] ; [0.57534967394439807]
840 ; 46 ; 315 ; 3 ; [0.071596837986429782] ; [0.010774520259489259]
840 ; 46 ; 315 ; 7 ; [0.2868929286426431] ; [0.046020875295727889]
840 ; 46 ; 316 ; 0 ; [0.0089792738879453989] ; [0.19347678358892736]
840 ; 46 ; 317 ; 0 ; [0.43028456806694609, 0.17559993043666502] ; [0.76373177662812752, 0.30208206694600626]
840 ; 46 ; 318 ; 0 ; [0.030617851101757645] ; [0.32836671084672814]
840 ; 46 ; 320 ; 2 ; [0.11488822175763783] ; [0.79139710907336602]
840 ; 46 ; 320 ; 4 ; [0.15564562152836955] ; [1.7183039962889433]
840 ; 46 ; 320 ; 5 ; [2.5836673526228697] ; [1.6991016135379873]
840 ; 46 ; 320 ; 8 ; [1.0771669615507189] ; [2.7444762349212453]
840 ; 46 ; 320 ; 10 ; [1.704242150876377] ; [2.0556062733500022]
840 ; 46 ; 320 ; 12 ; [0.050122592672926035] ; [2.3748079809370326]
840 ; 46 ; 320 ; 14 ; [0.41003512942467196, 0.48883895896837015] ; [0.62813107396811629, 0.43321377193723437]
840 ; 46 ; 321 ; 0 ; [0.64560672819892251] ; [0.063996171269598834]
840 ; 46 ; 321 ; 1 ; [1.5222232089819883] ; [1.6832161555612535]
840 ; 46 ; 321 ; 4 ; [0.061341657640752958] ; [1.8344419569372894]
840 ; 46 ; 321 ; 6 ; [1.6141332706614664] ; [1.7088959289654346]
840 ; 46 ; 321 ; 7 ; [2.1720458887534329] ; [1.7531203080191373]
840 ; 46 ; 321 ; 9 ; [2.0643793619190691] ; [1.1878068712384526]
840 ; 46 ; 321 ; 10 ; [1.4540142023631051] ; [1.5106596879229419]
840 ; 46 ; 321 ; 12 ; [2.7169444513657255] ; [1.5488212678336286]
840 ; 46 ; 321 ; 14 ; [3.6622852655982623] ; [2.1327987136214328]
840 ; 46 ; 321 ; 15 ; [0.68477324611899337] ; [2.0837059564414337]
840 ; 46 ; 321 ; 16 ; [1.8131154987454849] ; [1.5235496097646433]
840 ; 46 ; 321 ; 17 ; [1.1665786865832983] ; [1.5608748298908666]
840 ; 46 ; 321 ; 18 ; [0.94770033864537095] ; [2.0844375981388192]
840 ; 46 ; 321 ; 21 ; [0.99063858229338608] ; [2.0376362255333977]
840 ; 46 ; 322 ; 0 ; [0.6073447609704703] ; [0.43347726873103204]
840 ; 46 ; 322 ; 1 ; [0.89778923512566911] ; [0.1840034208861116]
840 ; 46 ; 322 ; 3 ; [0.45453644742276517] ; [2.0278394295207214]
840 ; 46 ; 322 ; 5 ; [1.3596509341852516] ; [2.3010440122791427]
840 ; 46 ; 322 ; 7 ; [2.1315006470018449] ; [2.3124659396755591]
840 ; 46 ; 322 ; 8 ; [1.5997105958770841] ; [1.8760519143458525]
840 ; 46 ; 322 ; 11 ; [1.3611824547476095] ; [1.7838487563930607]
840 ; 46 ; 322 ; 12 ; [0.66576753395554045] ; [2.1105274020723188]
840 ; 46 ; 322 ; 13 ; [3.2417346648480492] ; [1.5550190108166213]
840 ; 46 ; 322 ; 14 ; [2.7380848782429488] ; [3.6861119249491106]
840 ; 46 ; 322 ; 16 ; [1.2145224668823238] ; [1.2955983294253506]
840 ; 46 ; 322 ; 17 ; [1.1578119965617779] ; [2.1714048514703714]
840 ; 46 ; 322 ; 18 ; [2.2779376722466229] ; [3.4150547493198076]
840 ; 46 ; 322 ; 19 ; [2.1508717621160001] ; [1.0812473247254144]
840 ; 46 ; 322 ; 20 ; [1.1954264699234607] ; [1.196796457028253]
840 ; 46 ; 322 ; 22 ; [1.4436125041780479] ; [2.4009106092588093]
840 ; 46 ; 322 ; 25 ; [1.1771119064993065] ; [2.4936314806631543]
840 ; 46 ; 322 ; 27 ; [3.9047278650913317] ; [0.72274447866309022]
840 ; 46 ; 322 ; 29 ; [1.4804419727471672] ; [1.5188263937503221]
840 ; 46 ; 322 ; 30 ; [0.99419567838707745] ; [1.5721245695983168]
840 ; 46 ; 323 ; 0 ; [6.1706193013356749] ; [0.37605401411034228]
840 ; 46 ; 324 ; 1 ; [1.6144038920970878] ; [2.2955871714656184]
840 ; 46 ; 324 ; 3 ; [2.4161122638512134] ; [1.9735017945760995]
840 ; 46 ; 324 ; 4 ; [2.3300318403773055] ; [2.8955593389901733]
840 ; 46 ; 324 ; 5 ; [1.3368624602841888] ; [2.5979454977374088]
840 ; 46 ; 324 ; 6 ; [3.850535579180097] ; [1.7992005062114975]
840 ; 46 ; 324 ; 7 ; [4.8962208069139743] ; [1.973646042767387]
840 ; 46 ; 324 ; 8 ; [1.4586966893262028] ; [1.9089092790834201]
840 ; 46 ; 324 ; 10 ; [3.1751770663438843] ; [0.81576598548939561]
840 ; 46 ; 324 ; 12 ; [1.4463924799085754] ; [2.4104293341392826]
840 ; 46 ; 324 ; 17 ; [0.71476194688065442] ; [0.54909884362959782]
840 ; 46 ; 324 ; 19 ; [0.71091043178853908] ; [0.61397409711828066]
840 ; 46 ; 324 ; 21 ; [1.7328300735564974] ; [1.4626252712561647]
840 ; 46 ; 324 ; 22 ; [2.2026960938558573] ; [3.800732092404584]
840 ; 46 ; 324 ; 24 ; [1.2470429241728576] ; [1.8208340112682522]
840 ; 46 ; 324 ; 25 ; [1.2195277782266007] ; [0.26480523256646871]
840 ; 46 ; 324 ; 30 ; [6.4785605022144521] ; [0.97023792370384154]
840 ; 46 ; 324 ; 31 ; [3.0277496693345505] ; [2.7213042939422967]
840 ; 46 ; 324 ; 33 ; [1.4706496717597815] ; [1.9420964318888143]
840 ; 46 ; 324 ; 43 ; [7.0100546253769478] ; [2.4031158549489104]
840 ; 46 ; 324 ; 44 ; [1.839397765177617] ; [0.19558268014377941]
840 ; 46 ; 324 ; 45 ; [4.206868971036525, 3.1460515030547311] ; [0.68878792654199983, 0.88360133501619409]
840 ; 46 ; 324 ; 48 ; [3.5649871069864747] ; [2.0826379820071277]
840 ; 46 ; 325 ; 2 ; [0.36832434022387461] ; [2.8031774926758666]
840 ; 46 ; 325 ; 3 ; [1.7651460820899509] ; [1.6469892513939539]
840 ; 46 ; 325 ; 4 ; [1.5450811355603951] ; [0.96433774851569687]
840 ; 46 ; 325 ; 5 ; [0.76044036167193163] ; [0.83070626602479769]
840 ; 46 ; 325 ; 7 ; [2.4889232561648322] ; [0.31838076292086837]
840 ; 46 ; 325 ; 8 ; [1.0687987648107597] ; [1.2205917484152671]
840 ; 46 ; 325 ; 11 ; [0.60228432267894372] ; [1.9025124054811939]
840 ; 46 ; 325 ; 15 ; [1.3692919210514649] ; [2.0771746987646464]
840 ; 46 ; 326 ; 0 ; [0.75115920614747855, 0.30596469069096288] ; [0.70538959335422258, 0.12753633616937332]
840 ; 46 ; 326 ; 1 ; [0.49095747835073167] ; [0.093102722546795469]
840 ; 46 ; 326 ; 2 ; [0.27809316711050069] ; [0.47816079015305235]
840 ; 46 ; 328 ; 0 ; [0.1643269156136499] ; [0.06206310043439394]
840 ; 46 ; 328 ; 3 ; [0.48459476378940913] ; [0.10344036529738161]
840 ; 46 ; 329 ; 0 ; [0.082129627690342002, 0.023084131112730544, -0.0093321144791536047] ; [0.4618186916370659, 0.17645410314343232, 0.16874061485190886]
840 ; 46 ; 330 ; 0 ; [0.10870128459512769, 0.11375283635799645, 0.099799521767009222] ; [0.12384785698005786, 0.16936057531224186, 0.10921290803511445]
840 ; 46 ; 331 ; 0 ; [0.091541986160963304] ; [0.15004472696908838]
840 ; 46 ; 332 ; 0 ; [0.0015923087304649454, 0.091494092525276363] ; [0.16351197661366587, 0.22859536576727407]
840 ; 46 ; 333 ; 1 ; [0.30816109262597496] ; [0.49234884118316663]
840 ; 46 ; 333 ; 4 ; [13.207718146324464] ; [0.17928960626657978]
840 ; 46 ; 334 ; 0 ; [0.36726497529374624] ; [0.64179093482380223]
840 ; 46 ; 334 ; 1 ; [0.55738343339188612] ; [0.017180455335888058]
840 ; 46 ; 334 ; 2 ; [0.24006318979563496] ; [0.31241305953352738]
840 ; 46 ; 334 ; 3 ; [0.50688892620083292] ; [2.5913774565745324]
840 ; 46 ; 334 ; 12 ; [1.7319110807945086] ; [0.680135160498332]
840 ; 46 ; 334 ; 14 ; [1.1823614976259198] ; [0.44958328577440143]
840 ; 46 ; 334 ; 16 ; [1.5806109862175819] ; [2.4664865934280247]
840 ; 46 ; 334 ; 27 ; [1.3170008416636774] ; [2.7033431681300559]
840 ; 46 ; 334 ; 29 ; [1.471607409042728] ; [2.5933498822367542]
840 ; 46 ; 334 ; 32 ; [0.91584419283091167] ; [1.3285772020587623]