# Run ; Subrun ; Event ; Track ; Charge Ratios View 0 ; Charge Ratios View 1 #
840 ; 74 ; 0 ; 0 ; [0.085887097771249463] ; [0.256235128007748]
840 ; 74 ; 0 ; 2 ; [1.431323492683727] ; [0.62343931420234544]
840 ; 74 ; 0 ; 14 ; [0.89450916892938059] ; [3.0649674810989311]
840 ; 74 ; 1 ; 0 ; [0.46600333524368603, 0.011586875161023696] ; [0.34188681999180465, 0.19803901089391676]
840 ; 74 ; 1 ; 1 ; [2.8038077125441827] ; [2.061001801233302]
840 ; 74 ; 2 ; 0 ; [0.17862422441356735, 0.88275384647464727] ; [0.16705470840238734, 0.15204779719720513]
840 ; 74 ; 3 ; 3 ; [0.14062603654659223] ; [0.14579569338757267]
840 ; 74 ; 4 ; 0 ; [0.39089133684896987] ; [0.021383307783285708]
840 ; 74 ; 4 ; 1 ; [0.069180892158370783] ; [0.0090470268746674527]
840 ; 74 ; 4 ; 4 ; [2.2831166962901333] ; [2.0557441956817266]
840 ; 74 ; 4 ; 6 ; [0.79172450256424287] ; [1.9896309313364842]
840 ; 74 ; 5 ; 0 ; [0.17078987467350934, 0.14282375317273324, 0.1481072028811091, 0.17454663034345277] ; [0.22785390693305882, 0.15841443662158458, 0.18429432225816555, 0.10995951847026889]
840 ; 74 ; 6 ; 0 ; [0.46884394787945838, 0.271874746868357, 0.24720734338048325] ; [0.41170867309233183, 0.16233632195439307, 0.11755992481353041]
840 ; 74 ; 6 ; 1 ; [0.027213001446150593, 0.0027009321717195037, 0.55344726550384338] ; [0.58175729490760808, 0.16196815747737492, 0.14644658996369517]
840 ; 74 ; 8 ; 1 ; [0.23220944694658938] ; [0.26194011457818478]
840 ; 74 ; 8 ; 2 ; [0.58707711319697187] ; [1.8065546746886212]
840 ; 74 ; 8 ; 4 ; [0.17595100269329664] ; [0.010874985891166927]
840 ; 74 ; 8 ; 6 ; [0.13742756069244982] ; [0.10792519424440258]
840 ; 74 ; 9 ; 0 ; [0.37733101936042862] ; [0.85409749231032805]
840 ; 74 ; 9 ; 2 ; [0.31535695879695463] ; [0.35075245721831949]
840 ; 74 ; 9 ; 3 ; [0.67979372735424115] ; [-0.018819691800086972]
840 ; 74 ; 9 ; 4 ; [0.3313103170935327] ; [0.058863333638627703]
840 ; 74 ; 10 ; 0 ; [0.1239965733878307] ; [0.11343250202313589]
840 ; 74 ; 11 ; 0 ; [0.49933386953047354, 0.64614687658483438, 0.704491722155975] ; [0.3978827253954898, 0.57655238020361721, 0.86030140592974014]
840 ; 74 ; 12 ; 0 ; [0.35225792444347431] ; [0.096804851351248861]
840 ; 74 ; 12 ; 1 ; [0.8881766325530529] ; [3.3411450690359414]
840 ; 74 ; 12 ; 2 ; [0.2912082392184781] ; [1.1071607227061795]
840 ; 74 ; 12 ; 6 ; [0.42660996122175188] ; [0.75558789274366656]
840 ; 74 ; 12 ; 9 ; [0.27847077869770198] ; [1.801604228587915]
840 ; 74 ; 12 ; 10 ; [1.385658701025164] ; [5.8477155579825135]
840 ; 74 ; 13 ; 0 ; [1.3068941051551768] ; [0.63182764467714447]
840 ; 74 ; 13 ; 1 ; [0.19509647794259713] ; [0.057226372411937204]
840 ; 74 ; 14 ; 0 ; [0.46651088514351363] ; [0.39639539661221518]
840 ; 74 ; 15 ; 3 ; [0.56977638734173242] ; [1.1136039332136007]
840 ; 74 ; 15 ; 4 ; [1.3258602882486008] ; [1.8536878614653058]
840 ; 74 ; 15 ; 6 ; [1.9350944354850608] ; [1.5045886720020616]
840 ; 74 ; 15 ; 15 ; [0.97664600201489948] ; [1.1037421484146197]
840 ; 74 ; 15 ; 17 ; [1.4173574644519482] ; [1.1572166377357949]
840 ; 74 ; 16 ; 0 ; [2.1296067339828499] ; [0.89988384836265878]
840 ; 74 ; 16 ; 3 ; [1.3000808855640811] ; [3.5801419482022543]
840 ; 74 ; 16 ; 4 ; [1.3161998292960571] ; [1.2314726773866214]
840 ; 74 ; 16 ; 6 ; [1.457742283738175] ; [0.0009340421446052123]
840 ; 74 ; 16 ; 10 ; [0.77122164070407195] ; [0.32013500374356063]
840 ; 74 ; 16 ; 11 ; [0.36604573133221713] ; [0.52225000695453194]
840 ; 74 ; 18 ; 0 ; [0.30875419539826071, 0.22647577691580117, 0.10682320868290039, 0.096336698264607279] ; [0.28056940154801802, 1.5797937558617867, 0.17636708986793459, 0.013951132350417195]
840 ; 74 ; 19 ; 0 ; [1.0659038787458224] ; [0.17406237450707723]
840 ; 74 ; 19 ; 1 ; [0.15574813923215375] ; [0.7758199991774134]
840 ; 74 ; 19 ; 2 ; [0.38799218352057374] ; [0.51234380523185319]
840 ; 74 ; 19 ; 3 ; [0.76782316804886186] ; [0.44166784688288185]
840 ; 74 ; 19 ; 5 ; [2.2363389600624379] ; [-4.0423973005113224e-05]
840 ; 74 ; 19 ; 8 ; [2.1576520297499173] ; [5.1416325016004594]
840 ; 74 ; 20 ; 0 ; [0.15529364320585728, 0.37059240961913059] ; [0.38379233245397854, 0.68734289072549182]
840 ; 74 ; 20 ; 1 ; [0.1370393218654796, 0.5420573665131091] ; [-0.00033500283037011093, 0.0076183020663309941]
840 ; 74 ; 22 ; 0 ; [1.3340527368434145] ; [0.50296732418891243]
840 ; 74 ; 22 ; 2 ; [0.65446232384155534] ; [1.5827687105064372]
840 ; 74 ; 22 ; 3 ; [6.1840377817319307] ; [2.202919203706319]
840 ; 74 ; 22 ; 5 ; [2.3353250743677765] ; [0.76675217240339899]
840 ; 74 ; 23 ; 0 ; [1.2292228976027482] ; [1.1128361172995891]
840 ; 74 ; 23 ; 1 ; [0.60058488473453731] ; [0.18129633076548696]
840 ; 74 ; 23 ; 2 ; [0.049128519436915222] ; [0.45971949746823554]
840 ; 74 ; 24 ; 0 ; [0.26771482871321201, 0.047344916265745572] ; [0.21318670849992027, 0.097175623492449958]
840 ; 74 ; 24 ; 1 ; [-0.38338481315685602] ; [0.066592607351109154]
840 ; 74 ; 24 ; 5 ; [0.083638497245070928] ; [0.021948083770892957]
840 ; 74 ; 25 ; 6 ; [1.7717373675990848] ; [2.8250852852378601]
840 ; 74 ; 26 ; 1 ; [0.019414937768850862] ; [0.08154367347779766]
840 ; 74 ; 27 ; 0 ; [0.79634224923901675] ; [0.76200201633074349]
840 ; 74 ; 27 ; 1 ; [0.62381262244176083] ; [0.52335712066497819]
840 ; 74 ; 27 ; 7 ; [2.7216635248679988] ; [1.7707067271870176]
840 ; 74 ; 28 ; 0 ; [0.57533213062880895, 0.045469382159703108] ; [0.0094627473571342307, -0.0059426988037192922]
840 ; 74 ; 28 ; 1 ; [0.029555892514557855] ; [0.47866888565690058]
840 ; 74 ; 29 ; 1 ; [2.7158144553328851] ; [2.9816967063629503]
840 ; 74 ; 29 ; 4 ; [0.42145863131969957] ; [0.58412574398719574]
840 ; 74 ; 29 ; 6 ; [0.57294519738077887] ; [1.8744627418008013]
840 ; 74 ; 29 ; 10 ; [22.925842426880248] ; [7.3135240782305271]
840 ; 74 ; 30 ; 0 ; [0.19244804912455951] ; [0.082776137403034938]
840 ; 74 ; 30 ; 1 ; [2.0934552400617541] ; [0.34335059986228678]
840 ; 74 ; 30 ; 3 ; [0.55062358490190777] ; [0.57879896841780398]
840 ; 74 ; 31 ; 0 ; [1.9648568997602702] ; [2.8147195165779966]
840 ; 74 ; 31 ; 2 ; [1.7469553714747685] ; [0.70322992564330067]
840 ; 74 ; 32 ; 0 ; [0.195367344734167] ; [0.10473875154379576]
840 ; 74 ; 32 ; 1 ; [0.23688884947939187] ; [0.13042061109486047]
840 ; 74 ; 33 ; 1 ; [0.551599442824805] ; [1.8174055548361872]
840 ; 74 ; 33 ; 3 ; [0.95169794229061577] ; [0.98029414963240846]
840 ; 74 ; 33 ; 8 ; [0.062724824199760359] ; [1.4335728862166279]
840 ; 74 ; 33 ; 12 ; [0.20162462618612978] ; [0.12101321041684511]
840 ; 74 ; 34 ; 0 ; [0.46720417791759267, 0.25764796749012836] ; [0.53207911297006016, 0.23311333643077248]
840 ; 74 ; 35 ; 0 ; [0.62329417436663337, 0.50944662342374691, 0.37380215214080126] ; [0.96993909931011046, 0.31793125103457348, 0.33203094168513464]
840 ; 74 ; 35 ; 1 ; [0.57029631035200012, 0.067645876803489643] ; [0.30501480260996561, 0.027336023116206105]
840 ; 74 ; 35 ; 8 ; [0.39763986173010502] ; [0.087429647606566213]
840 ; 74 ; 36 ; 0 ; [0.10247515919997613, 0.23684186258892409, 0.0927345962277034, 0.0233833223284413] ; [0.21120712869687383, 0.22489499151248493, 0.20355145117679388, 0.13042798460719635]
840 ; 74 ; 37 ; 2 ; [7.4089229652052913] ; [1.7613262921114359]
840 ; 74 ; 37 ; 3 ; [1.4389449190537371] ; [1.2513246799679001]
840 ; 74 ; 37 ; 4 ; [1.0139490824030475] ; [0.15669355684188679]
840 ; 74 ; 37 ; 9 ; [6.469234905167192] ; [0.29315720532969453]
840 ; 74 ; 38 ; 1 ; [0.044689986317471384] ; [0.10316727946693018]
840 ; 74 ; 38 ; 5 ; [0.025548601304295517, 0.12434440171619754, 0.11898354529443834] ; [11.027620312565515, 0.17843500717513761, 0.1759424012706936]
840 ; 74 ; 39 ; 5 ; [0.34327313653780173] ; [0.071450907490779605]
840 ; 74 ; 39 ; 6 ; [0.047660223813873422] ; [0.36686435908664466]
840 ; 74 ; 40 ; 0 ; [0.26507076199741292] ; [0.31579455399711232]
840 ; 74 ; 42 ; 2 ; [2.349427202333854] ; [1.0711439340856139]
840 ; 74 ; 42 ; 6 ; [1.1854475874102581] ; [0.87318246367738273]
840 ; 74 ; 42 ; 7 ; [0.64519837081443843] ; [0.26545745978797392]
840 ; 74 ; 43 ; 0 ; [1.9201102945536426, 0.20335826410472296, 0.12453561870539362, 0.061499747069804336, 0.032395546144661551] ; [0.31822977318742934, 0.14219229873609535, 0.11356610320355635, 0.030488111449331053, -0.031846124503807909]
840 ; 74 ; 44 ; 0 ; [0.2003590774939378, 0.085460166062873058] ; [0.15640053973619447, 0.095750158199387175]
840 ; 74 ; 44 ; 1 ; [3.8935891254389121] ; [0.243213381861208]
840 ; 74 ; 44 ; 2 ; [0.23843013525978185] ; [0.19982354411793968]
840 ; 74 ; 44 ; 3 ; [-0.022629649688548876] ; [-0.025352891517393103]
840 ; 74 ; 44 ; 4 ; [0.10363191090164886] ; [8.0671386051710545]
840 ; 74 ; 44 ; 5 ; [0.051374978524685658] ; [6.1815711321711611]
840 ; 74 ; 44 ; 6 ; [0.1365574948614745] ; [2.2844471799612744]
840 ; 74 ; 45 ; 1 ; [4.3303609755783032] ; [0.72881250465975289]
840 ; 74 ; 45 ; 3 ; [0.46506799762369705] ; [0.79790998425729587]
840 ; 74 ; 46 ; 0 ; [0.21646715649353804, 0.27427324676094988, 0.41149524467523046, 0.17710088313797884] ; [0.16181633924775882, 0.17286574613771791, 0.23023947892537927, 0.23770417290424131]
840 ; 74 ; 46 ; 1 ; [0.1129955175684864] ; [0.1199062122426806]
840 ; 74 ; 47 ; 0 ; [1.1883298538692493] ; [1.4486589910268193]
840 ; 74 ; 47 ; 1 ; [0.0025137202490164963] ; [1.0524738911227101]
840 ; 74 ; 47 ; 5 ; [2.3506522138034027] ; [1.5258740171156984]
840 ; 74 ; 47 ; 6 ; [1.2116414992079581] ; [0.96734002574522815]
840 ; 74 ; 47 ; 8 ; [1.8835418057892903] ; [2.1546705968015214]
840 ; 74 ; 47 ; 9 ; [2.5880570689680353] ; [3.2183551958651369]
840 ; 74 ; 48 ; 0 ; [0.20778631172856374] ; [0.0092430718023197352]
840 ; 74 ; 48 ; 2 ; [0.043811822670213406] ; [-0.013218125749395508]
840 ; 74 ; 49 ; 0 ; [0.064247713914209317, 0.079045614515458204, 0.039953932211029261] ; [0.14559873672835424, 0.15112544451548979, 0.12437529103442259]
840 ; 74 ; 50 ; 0 ; [0.45166851212044973] ; [1.3718960143802621]
840 ; 74 ; 50 ; 1 ; [0.072019233582099051] ; [0.46075530827055494]
840 ; 74 ; 50 ; 2 ; [2.7200314893653554] ; [0.1690421637416385]
840 ; 74 ; 51 ; 0 ; [-0.0048685664186493621, 0.035029484003172802] ; [0.21627549756256195, 0.10658850016319851]
840 ; 74 ; 52 ; 0 ; [0.083386846997977285, 0.97480366689839226] ; [0.33229593733230195, 0.48386659893208711]
840 ; 74 ; 54 ; 1 ; [0.033848158611062655] ; [-0.0011103156755824528]
840 ; 74 ; 54 ; 3 ; [0.521056008631822] ; [0.83194210644589206]
840 ; 74 ; 54 ; 4 ; [0.032759344148746213] ; [0.023576590103765633]
840 ; 74 ; 55 ; 0 ; [0.78313189730309918] ; [0.65132708657595695]
840 ; 74 ; 55 ; 5 ; [0.03489378109265269] ; [0.65567369704863965]
840 ; 74 ; 56 ; 0 ; [0.36459029091499684] ; [1.0289492104297318]
840 ; 74 ; 56 ; 4 ; [3.3144323540792064] ; [1.6102711411026946]
840 ; 74 ; 56 ; 5 ; [1.9040910966075251, 0.97750119889348641] ; [2.8240986691324967, 0.48876520159369874]
840 ; 74 ; 56 ; 7 ; [1.2550424626022934] ; [0.89389739448846872]
840 ; 74 ; 56 ; 8 ; [0.34066551870875028] ; [1.3872626853810701]
840 ; 74 ; 56 ; 11 ; [1.5721119951632871] ; [1.0860119298632143]
840 ; 74 ; 56 ; 14 ; [1.4887413060288137] ; [0.61279222019721802]
840 ; 74 ; 56 ; 16 ; [1.8865086009514673] ; [1.7206873347717351]
840 ; 74 ; 57 ; 0 ; [0.36183330501691174, 0.13627839128779137, 0.42322217272605223] ; [0.33566013178482967, 0.1713498174209882, 0.18359318594336374]
840 ; 74 ; 57 ; 1 ; [0.13796158147298784] ; [0.17300651888678983]
840 ; 74 ; 58 ; 0 ; [0.13183421601383713, 0.19839348360707182] ; [0.24122619643432444, 0.20791598844370265]
840 ; 74 ; 58 ; 1 ; [0.10601774879616341] ; [0.075867680339793381]
840 ; 74 ; 59 ; 0 ; [0.24888068502796826, 0.26511177280949483, 0.34005990526669527, 0.52962008377616498] ; [0.1681582857219186, 0.1662031923730464, 0.26442759106871599, 0.15364976392009025]
840 ; 74 ; 59 ; 1 ; [-0.0046250367621158963] ; [-0.12931820426549567]
840 ; 74 ; 60 ; 0 ; [1.0736908471580571] ; [0.75087820480905865]
840 ; 74 ; 60 ; 4 ; [5.2575403137524184] ; [0.6722953935658198]
840 ; 74 ; 60 ; 5 ; [2.0901884289676782] ; [1.3870440688443104]
840 ; 74 ; 60 ; 6 ; [0.98875805544680495] ; [1.1849095657807023]
840 ; 74 ; 60 ; 12 ; [0.43022110451921741] ; [1.6569293228607902]
840 ; 74 ; 60 ; 14 ; [1.0043096778125433] ; [0.99984739574873538]
840 ; 74 ; 60 ; 15 ; [1.1861966605091356] ; [1.1517876557962043]
840 ; 74 ; 60 ; 16 ; [0.35477511168796799] ; [3.7110969191212893]
840 ; 74 ; 60 ; 17 ; [0.43088412311496938] ; [7.4258564347719087]
840 ; 74 ; 62 ; 0 ; [0.23553226541619307, -0.0043337275174727477, 1.3659737956249063] ; [0.51468723316949416, 0.18589771804912578, 0.047089024861778309]
840 ; 74 ; 62 ; 1 ; [0.052156908840454458] ; [0.16079806844521535]
840 ; 74 ; 62 ; 2 ; [0.010680735654843376] ; [0.052493346636639994]
840 ; 74 ; 62 ; 3 ; [0.651872556697912] ; [0.23790247282259278]
840 ; 74 ; 63 ; 0 ; [0.15271620771587829, 0.041688236908552043] ; [0.15618867339053094, 0.22309771485162108]
840 ; 74 ; 63 ; 1 ; [-0.0082999755478327612] ; [0.14135997929120014]
840 ; 74 ; 64 ; 0 ; [0.28918301345175568, 0.7338111490885566, 0.47130251485784891, 0.6454536022308407] ; [0.4588757714793899, 0.70046127300660121, 0.45973791783930912, 0.11294548995242241]
840 ; 74 ; 65 ; 0 ; [0.047228880368279477, 0.043998858671331048, 0.013393619198327855] ; [0.14625777465558981, 0.1558427736684718, 0.055234465982871531]
840 ; 74 ; 66 ; 0 ; [0.3713137453934961, 0.32145528123893857, 0.12129708021891403] ; [0.39405720914708553, 0.33766400227880849, 0.12970089829668818]
840 ; 74 ; 67 ; 0 ; [0.099120825998709833, 0.12151642133668136, 0.20015351967527598] ; [0.34806821459604637, 0.20040822682027432, 0.36244658755267323]
840 ; 74 ; 68 ; 0 ; [2.3735899959673228] ; [1.4777831064050269]
840 ; 74 ; 68 ; 1 ; [2.1113597744682631] ; [1.0924929472759304]
840 ; 74 ; 68 ; 2 ; [0.37259481612260281] ; [0.41767842894194179]
840 ; 74 ; 68 ; 3 ; [3.0504790408801283] ; [1.1279694312724244]
840 ; 74 ; 68 ; 8 ; [1.6432367301925117] ; [1.5267742062523257]
840 ; 74 ; 68 ; 14 ; [0.8210935818077072] ; [1.0901036855912001]
840 ; 74 ; 69 ; 3 ; [0.10653509576221434] ; [0.11063850386037559]
840 ; 74 ; 69 ; 4 ; [0.0055006248814917832] ; [0.80430235803889372]
840 ; 74 ; 70 ; 0 ; [0.3032591245882002, 0.41892819422564542, 0.066733116729491698] ; [0.68073282051006023, 0.28518736095587061, 0.18127666309674698]
840 ; 74 ; 71 ; 0 ; [2.8477955396997867] ; [0.36941058334697552]
840 ; 74 ; 71 ; 2 ; [1.9599233418084325] ; [1.0285436078293049]
840 ; 74 ; 71 ; 3 ; [2.4222897641731729] ; [0.76606992349666403]
840 ; 74 ; 71 ; 4 ; [3.2800165661238929] ; [0.37030833631757176]
840 ; 74 ; 71 ; 5 ; [1.8021697364252138] ; [0.11303082566965257]
840 ; 74 ; 71 ; 6 ; [0.30938514645188364] ; [1.9341452754543538]
840 ; 74 ; 71 ; 8 ; [13.565129045212016] ; [0.48732763514811628]
840 ; 74 ; 71 ; 10 ; [7.0042288146821035] ; [0.6021346578190413]
840 ; 74 ; 71 ; 12 ; [0.25940904468960391] ; [1.1779546275371826]
840 ; 74 ; 71 ; 14 ; [0.88550363974584589] ; [1.044901733169977]
840 ; 74 ; 71 ; 15 ; [1.9742229827414157] ; [0.7200873344081391]
840 ; 74 ; 71 ; 17 ; [0.30445662094243847] ; [2.2078220263790369]
840 ; 74 ; 71 ; 19 ; [4.4418268902282074] ; [1.3781405490548062]
840 ; 74 ; 71 ; 31 ; [1.2674930493495238] ; [1.2829737455114278]
840 ; 74 ; 71 ; 32 ; [4.0997663190158233] ; [2.0797782099342776]
840 ; 74 ; 71 ; 33 ; [7.1441721639597473] ; [1.7622221274843024]
840 ; 74 ; 71 ; 35 ; [2.4895145776381056] ; [0.65627502474824839]
840 ; 74 ; 71 ; 38 ; [2.6143020937932788] ; [1.8872362402286986]
840 ; 74 ; 71 ; 43 ; [2.6948595052909727] ; [3.9788599576178352]
840 ; 74 ; 71 ; 44 ; [1.3583890577039568] ; [1.1059540281117637]
840 ; 74 ; 71 ; 45 ; [0.473541115689534] ; [1.167590874756355]
840 ; 74 ; 71 ; 51 ; [0.55135178758508607] ; [1.9820470583054146]
840 ; 74 ; 71 ; 59 ; [0.73610064029450528] ; [1.2985832677911591]
840 ; 74 ; 71 ; 60 ; [0.65288633167585752] ; [1.4362247976040756]
840 ; 74 ; 71 ; 61 ; [0.68464056374772109] ; [0.90865484109986738]
840 ; 74 ; 71 ; 62 ; [0.4525543911484245] ; [0.83009060900857945]
840 ; 74 ; 71 ; 72 ; [2.5577448592726633] ; [1.0268551489794739]
840 ; 74 ; 72 ; 0 ; [0.11573731824187297] ; [0.39704729781253456]
840 ; 74 ; 73 ; 0 ; [0.089188924670527317, 0.031404280944422991, 0.065170403847127398, 0.016725426304397991, 0.22235016926860438] ; [0.18869907161679145, 0.13600362886509182, 0.17707070772319905, 0.16699009138780019, 0.33103614850473206]
840 ; 74 ; 74 ; 1 ; [0.66788005527034011, 1.8386875120854711] ; [0.52325109068202658, 1.4075108654192845]
840 ; 74 ; 74 ; 3 ; [1.3349569345380348] ; [1.9207322620924583]
840 ; 74 ; 74 ; 4 ; [1.5754431537741767] ; [0.16173128651638322]
840 ; 74 ; 74 ; 5 ; [0.65330417042392541] ; [1.2409910785234035]
840 ; 74 ; 74 ; 6 ; [1.8015802949107875] ; [0.74937787366673769]
840 ; 74 ; 74 ; 7 ; [2.365129036282192] ; [1.3321222426289085]
840 ; 74 ; 74 ; 9 ; [0.31840306434182858] ; [0.92787670922515386]
840 ; 74 ; 74 ; 10 ; [0.16248448870221394] ; [0.75057576892285316]
840 ; 74 ; 74 ; 11 ; [0.19371206743732369] ; [0.84130818522904582]
840 ; 74 ; 74 ; 12 ; [0.38412140771290887] ; [1.2107133162504107]
840 ; 74 ; 74 ; 13 ; [1.7270516334315815] ; [0.77692971993562687]
840 ; 74 ; 74 ; 15 ; [0.70807846863421675] ; [0.59945636389661627]
840 ; 74 ; 74 ; 16 ; [0.63642695735279231] ; [3.2400655935261877]
840 ; 74 ; 75 ; 0 ; [0.72073485047767871] ; [1.0851686303821126]
840 ; 74 ; 75 ; 3 ; [1.5507441393471524] ; [0.62438575276641728]
840 ; 74 ; 76 ; 4 ; [1.8447306279849489] ; [0.049129953613687584]
840 ; 74 ; 77 ; 0 ; [0.0018397315987195371, 0.56114489615531926] ; [0.40621351548168533, 0.11549812524685321]
840 ; 74 ; 77 ; 2 ; [0.020964334939683606] ; [0.10104136802530403]
840 ; 74 ; 78 ; 0 ; [0.033482985728871824] ; [0.033044219889540483]
840 ; 74 ; 78 ; 1 ; [0.94786596157643521] ; [0.40721017211431687]
840 ; 74 ; 78 ; 2 ; [0.98819199415509285] ; [0.8531688351824066]
840 ; 74 ; 78 ; 3 ; [0.74832672210084239] ; [0.77335861272471285]
840 ; 74 ; 78 ; 5 ; [1.2980664045433945] ; [0.33169569768586565]
840 ; 74 ; 78 ; 8 ; [1.0462209021961983] ; [1.3315608204749734]
840 ; 74 ; 79 ; 0 ; [0.44407669139087369] ; [0.38412763748430639]
840 ; 74 ; 79 ; 1 ; [0.28259839616339127] ; [0.81085701084714512]
840 ; 74 ; 79 ; 2 ; [0.1689880270142852] ; [0.58833561137101653]
840 ; 74 ; 79 ; 3 ; [0.24046580390597749] ; [0.10463248513963634]
840 ; 74 ; 79 ; 4 ; [0.56226075355921656] ; [0.64198880309398743]
840 ; 74 ; 79 ; 5 ; [0.60902287830382307] ; [1.2252246308275614]
840 ; 74 ; 79 ; 6 ; [1.8740595740059072] ; [0.014612882180764614]
840 ; 74 ; 79 ; 9 ; [1.4197752382287239] ; [0.93712731570915875]
840 ; 74 ; 79 ; 10 ; [0.31224101327153098] ; [0.75828037853153729]
840 ; 74 ; 79 ; 11 ; [0.729603067616023] ; [1.3141567197675355]
840 ; 74 ; 79 ; 14 ; [2.2859818507880152] ; [0.99733869698476507]
840 ; 74 ; 80 ; 0 ; [0.21884652990828074] ; [0.33743908703410841]
840 ; 74 ; 80 ; 1 ; [1.1304226724071669] ; [1.0898577841668684]
840 ; 74 ; 80 ; 2 ; [0.94673076067665496] ; [0.44710978338807367]
840 ; 74 ; 80 ; 3 ; [1.1245582168404444] ; [1.2261543891494051]
840 ; 74 ; 80 ; 5 ; [0.53991066687218514] ; [0.96573115410960697]
840 ; 74 ; 80 ; 8 ; [1.8944662658701923] ; [1.642944166088576]
840 ; 74 ; 80 ; 10 ; [1.5888191878831592] ; [1.7783928129111495]
840 ; 74 ; 80 ; 12 ; [1.4630833608026081] ; [1.3903948590018755]
840 ; 74 ; 80 ; 16 ; [3.7528463849276892] ; [2.3038275702267774]
840 ; 74 ; 80 ; 21 ; [1.6862131012967405] ; [2.1571044057151028]
840 ; 74 ; 80 ; 22 ; [2.3666540608710247] ; [2.0206603172752402]
840 ; 74 ; 81 ; 0 ; [-0.014057718418684131, -0.015653825122763764] ; [0.20291644313717463, 0.1227097855328647]
840 ; 74 ; 82 ; 0 ; [0.34866683492138267, 0.21608845231700069, 0.14722132238034735, 0.27154312204356629, 0.051180895064550064] ; [0.41471662834990364, 0.20137750462823531, 0.20028250038377851, 0.62438683125260985, 0.21415703714454368]
840 ; 74 ; 83 ; 0 ; [0.25503305187248859, 0.30408202916144056, 0.07473498614384684] ; [0.1813715266165476, 0.23107127430643148, 0.059901582332784788]
840 ; 74 ; 84 ; 0 ; [0.0061229985324467969, 0.0027457652498811087] ; [0.19157412590021633, 0.033143180742550585]
840 ; 74 ; 85 ; 1 ; [0.0064496607635780839, 0.0076747477375988093, -0.019388552628465068, 0.064664592460944595] ; [0.20076252688351606, 0.1766254435571939, 0.18393458972041068, 0.2047146708673426]
840 ; 74 ; 86 ; 0 ; [0.18116064546869448, 0.045349530529291117] ; [0.19277474549978149, 0.31349588239829485]
840 ; 74 ; 86 ; 1 ; [0.27806493716394109] ; [0.15366375186407985]
840 ; 74 ; 87 ; 0 ; [0.6014035809209165] ; [0.36756458064715397]
840 ; 74 ; 87 ; 6 ; [1.2453982769012408] ; [0.3414892335726199]
840 ; 74 ; 87 ; 7 ; [0.4792713459284289] ; [0.45017477344132195]
840 ; 74 ; 88 ; 0 ; [0.34362561692043075, 0.11818956940680111, 0.026088160862013102] ; [0.64407125260493769, 0.22910126534071978, 0.5791379978481388]
840 ; 74 ; 88 ; 2 ; [0.18667277541078836] ; [1.2915002737386752]
840 ; 74 ; 89 ; 0 ; [0.17633046317781709, 0.076651438340499159] ; [0.39918213333979952, 0.0035004894128512669]
840 ; 74 ; 89 ; 2 ; [0.7765596246392189] ; [0.013762768205912558]
840 ; 74 ; 89 ; 4 ; [0.20031783105805767] ; [0.045469286653553959]
840 ; 74 ; 89 ; 5 ; [3.2678718733749585] ; [0.097105646516108118]
840 ; 74 ; 90 ; 0 ; [0.20781902025610613] ; [0.061122710024905116]
840 ; 74 ; 91 ; 0 ; [0.28574055211988786] ; [1.0634323971747026]
840 ; 74 ; 93 ; 1 ; [1.6619146864943217] ; [1.4620860301648992]
840 ; 74 ; 93 ; 6 ; [0.030961445795378521] ; [3.8972710615791444]
840 ; 74 ; 94 ; 0 ; [0.10563158967929373, -0.0059549132983355213, 0.32845250923054464] ; [0.25184734932064379, 0.23906201359686147, 0.14882783709058761]
840 ; 74 ; 94 ; 1 ; [0.17687869510811161] ; [0.18638993391926389]
840 ; 74 ; 94 ; 2 ; [0.85660280488284857] ; [-0.0007083258440456591]
840 ; 74 ; 95 ; 1 ; [0.32114714485567702, 0.28366900867752209, 0.50498846660210006] ; [0.16495937356555773, 0.36069801709484617, 0.18177345110234538]
840 ; 74 ; 95 ; 2 ; [0.2322554432021452] ; [0.1414368470859457]
840 ; 74 ; 96 ; 0 ; [0.20931839116542081, 0.018525406182480057, 0.40405214850515159] ; [0.35395589958748741, 0.141548711616892, 0.061881452548824989]
840 ; 74 ; 97 ; 0 ; [0.25452505539502857, -0.00065188683678598909] ; [-0.00016164306707929616, -0.0016913790951487691]
840 ; 74 ; 97 ; 2 ; [0.3755618475382822] ; [0.53644788682549804]
840 ; 74 ; 97 ; 3 ; [2.9761370989489664] ; [1.0815796144811116]
840 ; 74 ; 99 ; 0 ; [-0.015480683676319596, 0.046678412027357605, 0.0026880536970385061, 0.033282350407482723] ; [0.17103905090196028, 0.11350569667834401, 0.31027367561259322, 0.20495056946453835]
840 ; 74 ; 100 ; 2 ; [2.1334752317143502] ; [1.5024885819330158]
840 ; 74 ; 100 ; 6 ; [2.6793637492944549] ; [0.37214371935459467]
840 ; 74 ; 101 ; 0 ; [0.84508881127315461] ; [0.39341856376874729]
840 ; 74 ; 101 ; 1 ; [0.61884502420649667] ; [0.19405205106226273]
840 ; 74 ; 101 ; 3 ; [0.68907330795145227] ; [0.025185235756443818]
840 ; 74 ; 102 ; 0 ; [1.5028704927668608, 0.071476115016671726, 0.05383403458873489] ; [0.43973654576616533, 0.46682804858748833, 0.10078111659270721]
840 ; 74 ; 103 ; 0 ; [0.40923906408131305] ; [0.36374264593860034]
840 ; 74 ; 104 ; 0 ; [0.20217373011124196, 0.3039901691026739, 0.3558798166649525, 0.43746781465876911] ; [0.29938128916770562, 0.22018510889573645, 0.31161963780249136, 0.11084233469364731]
840 ; 74 ; 105 ; 0 ; [0.37015737838346929] ; [0.53423601700961698]
840 ; 74 ; 105 ; 1 ; [2.4346536515627664] ; [0.83154654020003194]
840 ; 74 ; 105 ; 2 ; [0.012462275324458785] ; [5.9320661843487024]
840 ; 74 ; 106 ; 0 ; [0.0035437861995426347, 0.035558965482037241, 0.032204885377017829, -0.0048644757021048925] ; [0.2830211215092065, 0.15612921664930982, 0.1993315265999431, 0.038374279613038451]
840 ; 74 ; 107 ; 0 ; [0.10277143071449597, 0.05384233381228342, 0.11967251322318928, 0.18337711260099671] ; [0.21056221544757192, 0.14390157424101277, 0.1272702828850554, 0.4000143461013424]
840 ; 74 ; 107 ; 1 ; [0.17801022038798944] ; [0.064052332269283849]
840 ; 74 ; 108 ; 0 ; [0.55469907989062939] ; [0.0082474659813715281]
840 ; 74 ; 108 ; 3 ; [2.174013670806239] ; [2.3618787763700309]
840 ; 74 ; 109 ; 0 ; [3.3755604770345569] ; [2.6933533856539413]
840 ; 74 ; 109 ; 8 ; [0.7894744936199759] ; [1.4901490760083635]
840 ; 74 ; 109 ; 14 ; [1.9060247473984004] ; [1.6655535997934148]
840 ; 74 ; 109 ; 16 ; [1.1650881378308997] ; [3.8920059833009093]
840 ; 74 ; 110 ; 0 ; [0.68312543769565237] ; [5.463031071015541]
840 ; 74 ; 110 ; 4 ; [2.2871063493382695] ; [2.2343746411458993]
840 ; 74 ; 111 ; 0 ; [0.08900029218273886, 0.1272832084378776, 0.11066156054961267] ; [0.16519434693772553, 0.30627601161329665, 0.20999724828180696]
840 ; 74 ; 111 ; 1 ; [0.094626103182899324] ; [0.18957785911166769]
840 ; 74 ; 112 ; 0 ; [0.51477596265614556] ; [1.4926013759565766]
840 ; 74 ; 112 ; 8 ; [0.030018869101818509] ; [-0.001598487603658944]
840 ; 74 ; 113 ; 0 ; [0.34722386547758455, 0.10222062867790582] ; [0.58349015052743669, 0.030774423921899798]
840 ; 74 ; 114 ; 0 ; [0.19216047474499312, 0.16744507750822366, 0.12600169446433218, 0.11752991935429072] ; [0.18639714388653061, 0.17855914633526743, 0.14924777346850068, 0.19055179412144618]
840 ; 74 ; 115 ; 0 ; [0.39814734112810413] ; [0.29471890481237639]
840 ; 74 ; 116 ; 2 ; [0.42630294324800394] ; [0.40334305945495891]
840 ; 74 ; 117 ; 0 ; [0.014217691779816331, 0.20292484010528572] ; [0.26439234362677122, 0.43029609002994251]
840 ; 74 ; 117 ; 1 ; [0.016317253548352492] ; [0.691729089322629]
840 ; 74 ; 117 ; 3 ; [-0.030952817943093073] ; [0.38607337778474071]
840 ; 74 ; 117 ; 4 ; [0.0037767919915247879] ; [0.36414903887125177]
840 ; 74 ; 118 ; 0 ; [0.043375440188935015, 0.039083204071813954, 0.12097277569921355, 0.15904107309477558] ; [0.2178449726930167, 0.15832221572168706, 0.15930217253630288, 0.31939351711197034]
840 ; 74 ; 118 ; 1 ; [0.98327431666158349] ; [0.026366442170994202]
840 ; 74 ; 119 ; 0 ; [0.049643445438220211] ; [0.42982416855369265]
840 ; 74 ; 119 ; 1 ; [0.64706338850603484] ; [0.55339491281480946]
840 ; 74 ; 119 ; 3 ; [0.39278523143953625] ; [0.5863758756914923]
840 ; 74 ; 121 ; 0 ; [1.8404378192409427] ; [2.981684862755912]
840 ; 74 ; 121 ; 4 ; [4.1879704519898668] ; [3.6762713385695478]
840 ; 74 ; 121 ; 6 ; [1.7738730346522338] ; [1.7877043474698131]
840 ; 74 ; 121 ; 8 ; [1.9506296541990515] ; [3.0980504812876184]
840 ; 74 ; 121 ; 11 ; [1.814643507122162] ; [3.429429806504142]
840 ; 74 ; 121 ; 17 ; [1.6038839925569319] ; [8.5437522599898745]
840 ; 74 ; 121 ; 19 ; [1.7387138036141661] ; [1.9726112663800248]
840 ; 74 ; 121 ; 20 ; [1.0399705206636474] ; [0.96616050142549481]
840 ; 74 ; 123 ; 3 ; [0.058827178069455012] ; [0.39769119424897909]
840 ; 74 ; 124 ; 0 ; [0.0028641382036225121] ; [0.50787014082374549]
840 ; 74 ; 124 ; 2 ; [0.0077037863248784512] ; [1.158331933328463]
840 ; 74 ; 124 ; 10 ; [0.68667298930716791] ; [0.64460306368174114]
840 ; 74 ; 124 ; 16 ; [0.9071899555572035] ; [1.543668100331175]
840 ; 74 ; 125 ; 0 ; [0.40244112308375668, 0.24881011268177219, 0.36993274831835471, 0.65628712944267831] ; [0.14906376305312602, 0.35573137889547046, 0.82293341505857409, 0.65825677049173748]
840 ; 74 ; 125 ; 1 ; [0.0054708689147435381, 0.028341784782216651] ; [0.79818488635381624, -0.0029777361622818762]
840 ; 74 ; 125 ; 2 ; [0.42961432406789313] ; [0.33869314625223684]
840 ; 74 ; 126 ; 3 ; [0.056571598575024029] ; [0.29584070283775332]
840 ; 74 ; 127 ; 0 ; [0.02834203399012495, 0.061292987076066591, -0.011982937805114953] ; [0.22423865974629825, 0.40346281031706255, 0.148562172856883]
840 ; 74 ; 129 ; 0 ; [0.20994295305003444, 0.29994344576881427, 0.32428639291894051, 0.45061637092899554] ; [0.25286767120653669, 0.18709680805155035, 0.20801895085325045, 0.24635381671998791]
840 ; 74 ; 130 ; 0 ; [0.75960180182618642] ; [0.050668915924536422]
840 ; 74 ; 130 ; 5 ; [0.64659357824440211] ; [0.62049032807778681]
840 ; 74 ; 130 ; 6 ; [0.56068134779520595] ; [0.24812505014738312]
840 ; 74 ; 131 ; 0 ; [0.31867847938842297] ; [0.49147681395377163]
840 ; 74 ; 132 ; 0 ; [0.23065185371693614, 0.029158188592744556] ; [0.17019096072389664, 0.10540379098746099]
840 ; 74 ; 132 ; 2 ; [0.06253230268214835] ; [0.16988017299756702]
840 ; 74 ; 132 ; 4 ; [0.1346103849289961] ; [0.0043949257044938852]
840 ; 74 ; 133 ; 2 ; [0.0092673101596421718, -0.0096138881891676287, 0.094022706238004086] ; [0.43479640290181465, 0.32385448494467983, 0.1676448900609]
840 ; 74 ; 134 ; 0 ; [0.21568977820937957, 0.23463832785637503, 0.24014763884978324, 1.1289111798020259] ; [0.17391910821635778, 0.24383151904735181, 0.23153446710262554, 0.46854609596323538]
840 ; 74 ; 134 ; 1 ; [0.16691352055669925] ; [0.035343039614297078]
840 ; 74 ; 135 ; 0 ; [0.20105264978422507] ; [0.21345323623886944]
840 ; 74 ; 135 ; 1 ; [0.48780011144964996] ; [0.15239769597907829]
840 ; 74 ; 136 ; 0 ; [0.017692610332172572, 0.053273449048460146, 0.001804316288349573, -0.0134453919019116, 0.027810690334197322] ; [0.17322096759085781, 0.21943064629747949, 0.18306915070172222, 0.16625651427060298, -0.010402109821590023]
840 ; 74 ; 136 ; 1 ; [0.50528146864549162] ; [0.10231241363037046]
840 ; 74 ; 137 ; 0 ; [5.742727081173892] ; [2.0530453800850355]
840 ; 74 ; 137 ; 1 ; [1.5154804529366102] ; [1.8028259304918037]
840 ; 74 ; 137 ; 3 ; [1.4924115136529881] ; [1.7730923171575508]
840 ; 74 ; 137 ; 5 ; [1.6896044818203253] ; [1.1740097197517616]
840 ; 74 ; 138 ; 0 ; [0.078955166427018289] ; [-0.0013161700539398886]
840 ; 74 ; 138 ; 1 ; [-0.060596393826436633] ; [0.010200822102333782]
840 ; 74 ; 138 ; 5 ; [1.0487596705143447] ; [1.6157945190229794]
840 ; 74 ; 138 ; 6 ; [1.0127669889690833] ; [0.64477693651237433]
840 ; 74 ; 139 ; 0 ; [0.75627656161348078] ; [1.6949981419097104]
840 ; 74 ; 139 ; 3 ; [2.1727978480008461] ; [1.1836402141556863]
840 ; 74 ; 139 ; 10 ; [3.3620497766720097] ; [2.4668073408522821]
840 ; 74 ; 139 ; 11 ; [3.6551545342166212] ; [0.55996075857317085]
840 ; 74 ; 139 ; 13 ; [1.3290658824924819] ; [1.0390519531662412]
840 ; 74 ; 139 ; 23 ; [6.2032561321837418] ; [1.0305696464403049]
840 ; 74 ; 139 ; 26 ; [1.4013632165212493] ; [1.0019329972049034]
840 ; 74 ; 140 ; 0 ; [0.52562832563743045, 0.58203952343195786] ; [0.33664234119564557, 0.80705497126953141]
840 ; 74 ; 140 ; 1 ; [0.37169072740804687] ; [3.5180581293211848]
840 ; 74 ; 140 ; 2 ; [0.45031698546640925] ; [0.13576512915206762]
840 ; 74 ; 140 ; 4 ; [0.0059629998839416864] ; [0.0070891407569608324]
840 ; 74 ; 140 ; 5 ; [0.35265003860009908] ; [0.31970015308619915]
840 ; 74 ; 140 ; 6 ; [0.3045515623952964] ; [1.3575013381075278]
840 ; 74 ; 140 ; 8 ; [1.4492824279237964] ; [20.616673053491148]
840 ; 74 ; 140 ; 9 ; [0.054166405044649292] ; [3.2330131581307233]
840 ; 74 ; 140 ; 10 ; [1.2037167294295665] ; [0.416353502290146]
840 ; 74 ; 140 ; 11 ; [0.37057776450272056] ; [0.22966973379027736]
840 ; 74 ; 141 ; 8 ; [1.2322507011341841] ; [1.398253595019586]
840 ; 74 ; 142 ; 0 ; [0.065125610901912878, 0.018119031114742411, 0.0039352064374807887] ; [0.2611117066669682, 0.5577825819288752, 0.25126646278746773]
840 ; 74 ; 144 ; 0 ; [2.2679983713202527] ; [1.2282247444084973]
840 ; 74 ; 145 ; 0 ; [0.64324583730449569] ; [0.25562265849732557]
840 ; 74 ; 145 ; 1 ; [0.53473332143606789] ; [0.49281019561679029]
840 ; 74 ; 145 ; 2 ; [-0.019680932031714882] ; [0.059358391339976724]
840 ; 74 ; 145 ; 4 ; [0.021305600144975463] ; [0.64853804397428849]
840 ; 74 ; 146 ; 0 ; [0.17487483643212812] ; [0.54781012706739673]
840 ; 74 ; 146 ; 1 ; [0.1307310304688824] ; [0.24230275990876282]
840 ; 74 ; 148 ; 0 ; [0.24938901423656387] ; [0.87346162485645795]
840 ; 74 ; 148 ; 1 ; [1.2135402922721867] ; [0.32231336820089823]
840 ; 74 ; 148 ; 2 ; [1.4698595625946245] ; [2.4085502123650495]
840 ; 74 ; 148 ; 3 ; [3.3628448108248885] ; [1.0209288818949174]
840 ; 74 ; 149 ; 0 ; [0.41348692839544748] ; [0.0042229972569711276]
840 ; 74 ; 149 ; 1 ; [0.25303496020213911, 0.86385224205969657] ; [0.10717314996768806, 0.47984918806186605]
840 ; 74 ; 149 ; 2 ; [0.094280556679278163] ; [0.080516301738100426]
840 ; 74 ; 149 ; 6 ; [1.3486671524124558] ; [0.61434657263683778]
840 ; 74 ; 151 ; 2 ; [0.91500543770573894] ; [0.11527165062947985]
840 ; 74 ; 151 ; 3 ; [0.18679017272162093] ; [0.06656165112952063]
840 ; 74 ; 151 ; 5 ; [0.1206247029741879] ; [0.2826421511764125]
840 ; 74 ; 152 ; 1 ; [5.2920680131690681] ; [0.67079474883311041]
840 ; 74 ; 152 ; 4 ; [0.1818767526611097] ; [0.70128959920150624]
840 ; 74 ; 152 ; 6 ; [0.44912554648655628] ; [0.59753025998347509]
840 ; 74 ; 152 ; 10 ; [0.072908482175123107] ; [0.31742037659988243]
840 ; 74 ; 153 ; 0 ; [-0.0051918652713638849, 0.0092739048637057349] ; [0.18490484923589051, 0.23010665250411741]
840 ; 74 ; 153 ; 1 ; [0.29516984689913472, -0.012098105606830174] ; [0.25572458526356551, 0.047661241056500631]
840 ; 74 ; 154 ; 0 ; [0.27684804327392221] ; [0.16509635688685326]
840 ; 74 ; 154 ; 1 ; [0.38982635602440607] ; [0.15123323678046491]
840 ; 74 ; 154 ; 2 ; [0.72297001986429299] ; [0.743078418896709]
840 ; 74 ; 154 ; 4 ; [2.8762099178750433] ; [1.4271967294087515]
840 ; 74 ; 154 ; 5 ; [0.42004350494491827] ; [0.78328320607915902]
840 ; 74 ; 155 ; 0 ; [0.12641954594924384, -0.00052165470419884136, 0.0057593476917368958, 0.14080648314323896] ; [0.10025233475552199, 0.14619977299963638, 0.15744264620971429, 0.1044895505955078]
840 ; 74 ; 155 ; 1 ; [0.017842526701097199] ; [0.032397841574233595]
840 ; 74 ; 156 ; 0 ; [0.2661582681458658, 0.44883570890210767, 0.18549182246042734, 0.22738262675139961] ; [0.18320390632471625, 0.15966408909236021, 0.13300828662177255, 0.16216684870031614]
840 ; 74 ; 157 ; 0 ; [0.29507786310561979, 0.04798091568948136, 0.047189960168370293] ; [0.37573282475584302, 0.28213348030995039, 0.088744239587562779]
840 ; 74 ; 159 ; 0 ; [0.18729741383757453, 0.21523046316385794] ; [0.25416636693849093, 0.12415377658279948]
840 ; 74 ; 159 ; 1 ; [0.44951676570427007] ; [0.47094560005769975]
840 ; 74 ; 160 ; 0 ; [0.76928782104686377] ; [0.14332355355386425]
840 ; 74 ; 160 ; 1 ; [0.6036080619109051] ; [0.2895006805186055]
840 ; 74 ; 162 ; 0 ; [2.2177186177017112] ; [0.48753824133270374]
840 ; 74 ; 162 ; 4 ; [3.0462717612171586] ; [2.0971247591013076]
840 ; 74 ; 162 ; 5 ; [4.3881072583346858] ; [1.7870564804982667]
840 ; 74 ; 162 ; 6 ; [2.1973184273102344] ; [1.7940271499825262]
840 ; 74 ; 162 ; 8 ; [2.3038136782808052] ; [1.5764219923549605]
840 ; 74 ; 162 ; 10 ; [0.12988014005867571] ; [3.4387032748848467]
840 ; 74 ; 162 ; 11 ; [2.5192763322200435] ; [1.4016231126293948]
840 ; 74 ; 162 ; 12 ; [1.4580554478224914] ; [4.7377835281041145]
840 ; 74 ; 162 ; 15 ; [0.64388401721622046] ; [1.3189779707484741]
840 ; 74 ; 162 ; 17 ; [0.16514256757093496] ; [2.5427261371817091]
840 ; 74 ; 162 ; 18 ; [4.9783305148100991] ; [2.7884874418063124]
840 ; 74 ; 162 ; 19 ; [0.35047181098093783] ; [1.56218514933954]
840 ; 74 ; 162 ; 20 ; [2.4901317739323541] ; [1.8516766799897757]
840 ; 74 ; 162 ; 30 ; [1.2755967987491823] ; [1.6916136025551005]
840 ; 74 ; 162 ; 37 ; [2.7122608590922783] ; [0.54846321025525946]
840 ; 74 ; 162 ; 40 ; [0.69674600617089844] ; [1.8574115288085171]
840 ; 74 ; 162 ; 45 ; [1.2969628428299753] ; [3.135531996131236]
840 ; 74 ; 162 ; 49 ; [1.1304636277405595] ; [2.1180685113964786]
840 ; 74 ; 163 ; 0 ; [0.38868833543544418] ; [0.51782228260123842]
840 ; 74 ; 163 ; 1 ; [0.3654321506816412] ; [1.0160414630418393]
840 ; 74 ; 163 ; 4 ; [0.73376919926299877] ; [0.97035740644320356]
840 ; 74 ; 163 ; 14 ; [1.0819891692625991] ; [3.4468442757270781]
840 ; 74 ; 164 ; 0 ; [4.2955769072749321] ; [0.55477277812566328]
840 ; 74 ; 164 ; 1 ; [-0.039541682771173745] ; [-0.0027170684980969717]
840 ; 74 ; 164 ; 2 ; [1.9837341730741747] ; [1.2353109429414844]
840 ; 74 ; 165 ; 0 ; [0.06550537475794703, 0.066185987226850235] ; [0.73419857866260807, 0.61372310445370271]
840 ; 74 ; 165 ; 1 ; [4.2777201177888857] ; [0.14130470221255786]
840 ; 74 ; 165 ; 3 ; [1.1317038196514393] ; [1.8363484845791156]
840 ; 74 ; 165 ; 4 ; [0.96424644285001693] ; [1.6247825225205375]
840 ; 74 ; 165 ; 7 ; [0.11453075396389586] ; [1.7620382498607541]
840 ; 74 ; 166 ; 0 ; [0.18115958714429276, 0.12754456949543994, 0.58382924004457171] ; [0.19231136336777072, 0.17340388678618848, 0.049631653618478107]
840 ; 74 ; 167 ; 1 ; [0.0055981045838706502] ; [0.42610217461220457]
840 ; 74 ; 168 ; 0 ; [0.19030193616853144] ; [0.0059918635724398985]
840 ; 74 ; 168 ; 1 ; [0.043390768801066411] ; [0.11001700950900029]
840 ; 74 ; 169 ; 0 ; [0.13272795925424133, 0.07951707032401345, 0.06117624677194905] ; [0.16511497752653237, 0.19620693313214826, 0.11906086618625446]
840 ; 74 ; 169 ; 1 ; [1.6866594612144195] ; [1.4519135653190669]
840 ; 74 ; 169 ; 2 ; [0.061875688811499366] ; [0.75582021199746552]
840 ; 74 ; 170 ; 0 ; [0.13334695021161735, 0.11192108154757685, 0.085693338505237956, 0.038146645542325101] ; [0.13379903896670783, 0.3400161144729848, 0.20553939888208481, 0.077911653136732401]
840 ; 74 ; 171 ; 0 ; [0.21920427483419797, 0.44579400139476844] ; [0.32651493984529067, 0.13673662187317195]
840 ; 74 ; 172 ; 1 ; [1.871849630429967] ; [2.0529788289465225]
840 ; 74 ; 172 ; 6 ; [1.0122766954297657] ; [1.6742005796616708]
840 ; 74 ; 172 ; 7 ; [1.7425630880503356] ; [0.99345320690056593]
840 ; 74 ; 172 ; 8 ; [1.0216505273592082] ; [1.6468425349508529]
840 ; 74 ; 172 ; 12 ; [0.43689040480916314, 1.0057033638157955, 0.70396825577017286] ; [0.37087684039648661, 0.87626865672962839, 1.9069107055011854]
840 ; 74 ; 173 ; 0 ; [0.1828622843127363, 0.13318754213154305, 0.16557910656838409, 0.089539408416053887, 0.016524022820888412] ; [0.24752957031970038, 0.15548722933017928, 0.11731842094438028, 0.16351810422304972, 0.30675335842569351]
840 ; 74 ; 174 ; 0 ; [0.41099308173803678] ; [1.7923194407496092]
840 ; 74 ; 174 ; 2 ; [0.14845631518928679] ; [1.0773434703820828]
840 ; 74 ; 175 ; 0 ; [0.028626486620046389] ; [0.27253614945150656]
840 ; 74 ; 175 ; 1 ; [0.053223987857007986] ; [0.13639046724999884]
840 ; 74 ; 176 ; 0 ; [0.017081661093678608, 0.14216504096718807, 0.22233616651717453] ; [0.30125639550088212, 0.27500527268793867, 0.41174100108550943]
840 ; 74 ; 177 ; 0 ; [0.42680483523753293, 0.0014645226505546048, 0.01055939437882595, 0.024622113205044094, 0.81494731358512129] ; [0.12102780315227234, 0.37867732948496241, 0.22550629864293131, 0.19515914714345226, 0.12270643571809954]
840 ; 74 ; 177 ; 1 ; [0.11572145106104284] ; [-0.0084186359391995435]
840 ; 74 ; 178 ; 0 ; [0.2925491574046577, 0.38809982394569315] ; [0.20917801818602749, 0.35363286416879031]
840 ; 74 ; 179 ; 0 ; [0.73212650181996619] ; [0.54559885968581345]
840 ; 74 ; 179 ; 1 ; [0.6460987560451017, 0.059321318953712433] ; [0.49427094572653651, 0.20767621686964985]
840 ; 74 ; 179 ; 3 ; [0.20446667071870303] ; [0.9444521506535567]
840 ; 74 ; 179 ; 9 ; [0.27728717869106762] ; [0.38727753841551343]
840 ; 74 ; 180 ; 4 ; [0.25676734634496012] ; [0.38214639484778989]
840 ; 74 ; 180 ; 6 ; [0.50513813650022765] ; [1.2899762629715783]
840 ; 74 ; 180 ; 8 ; [1.5748996566341671] ; [1.1621072787983759]
840 ; 74 ; 180 ; 11 ; [0.48808418369679735] ; [-0.044197575125111715]
840 ; 74 ; 180 ; 12 ; [2.1161877797078477] ; [0.89123497232923743]
840 ; 74 ; 180 ; 15 ; [0.57012803032969894] ; [0.50648822163421203]
840 ; 74 ; 180 ; 17 ; [0.87379581122069705] ; [1.9713575333887123]
840 ; 74 ; 181 ; 1 ; [2.1246085070128173] ; [0.24749936787568932]
840 ; 74 ; 181 ; 5 ; [0.0013721255375754211] ; [0.086203253173281272]
840 ; 74 ; 181 ; 6 ; [3.0323081259654594] ; [1.5065181112641384]
840 ; 74 ; 181 ; 9 ; [4.5866743919029167] ; [0.66783596558584624]
840 ; 74 ; 181 ; 14 ; [4.0092060295878769] ; [1.2757534492972873]
840 ; 74 ; 181 ; 15 ; [2.504266240001825] ; [1.1740276050685647]
840 ; 74 ; 181 ; 16 ; [1.0469955359853227] ; [0.35895693049870081]
840 ; 74 ; 182 ; 0 ; [0.29580365579651102] ; [0.19163866582279243]
840 ; 74 ; 183 ; 0 ; [0.38573359580228411] ; [0.13686836402166569]
840 ; 74 ; 183 ; 1 ; [0.40451132214424573] ; [1.2359873987047167]
840 ; 74 ; 183 ; 3 ; [0.9173500816059319] ; [0.15129229422749568]
840 ; 74 ; 183 ; 5 ; [0.99141134575306389] ; [0.74265842653414982]
840 ; 74 ; 183 ; 8 ; [1.3065503412675854] ; [0.7185547853708445]
840 ; 74 ; 184 ; 0 ; [0.29528002482704796, 0.046246870845521482] ; [0.076120832834281463, 0.10206931090281642]
840 ; 74 ; 184 ; 1 ; [0.78920309205847605] ; [0.23989156043152218]
840 ; 74 ; 185 ; 0 ; [0.20333569808196, 0.25914955982355831, 0.12111619169899664] ; [0.24194792405154331, 0.28483188305356494, 0.33984649944493239]
840 ; 74 ; 186 ; 0 ; [0.44706195341542043] ; [0.24722809070786136]
840 ; 74 ; 186 ; 8 ; [3.6253501275788569] ; [1.889146497014351]
840 ; 74 ; 186 ; 10 ; [0.40770887676055323] ; [1.8836481826179317]
840 ; 74 ; 186 ; 11 ; [3.0908823709290272] ; [1.365815915884466]
840 ; 74 ; 186 ; 12 ; [2.8459427069795766] ; [1.8623611929126225]
840 ; 74 ; 187 ; 2 ; [0.97618315398252853] ; [2.5047815535101345]
840 ; 74 ; 188 ; 0 ; [1.7378752443345975] ; [0.22388495837398859]
840 ; 74 ; 188 ; 1 ; [1.1092426862092875] ; [0.64693351347847161]
840 ; 74 ; 188 ; 2 ; [0.70270275451882169] ; [0.16140082915426909]
840 ; 74 ; 188 ; 4 ; [1.2791039932752957] ; [0.24584972704443386]
840 ; 74 ; 188 ; 7 ; [0.431520200526191] ; [0.63678012727383537]
840 ; 74 ; 188 ; 13 ; [1.1618157898490709] ; [2.2210546424915489]
840 ; 74 ; 188 ; 21 ; [0.38993680663653518] ; [0.60602777130495122]
840 ; 74 ; 188 ; 24 ; [1.2883960422063936] ; [1.218703687890585]
840 ; 74 ; 188 ; 30 ; [0.70532361619129857] ; [1.3878906300928096]
840 ; 74 ; 189 ; 1 ; [0.22794470667906661, 0.083584055154274736] ; [0.23953836442517162, 0.30651986032019901]
840 ; 74 ; 189 ; 2 ; [0.25423015339535154, 0.0407433863823378] ; [0.36109443069278918, 0.072232125899724733]
840 ; 74 ; 190 ; 0 ; [0.1811579027430241, 0.071498706720075467] ; [0.036280489133804925, -0.0088278726733263709]
840 ; 74 ; 191 ; 0 ; [0.35962684987859617, 0.16343242635571473] ; [0.54854672405610572, 0.35876328235623611]
840 ; 74 ; 191 ; 1 ; [0.1683240832492611, 0.18767806740544979] ; [0.3161724673822725, 0.16937601796596205]
840 ; 74 ; 191 ; 2 ; [0.17965464123997191] ; [0.71260762817089673]
840 ; 74 ; 191 ; 3 ; [0.069917483934007221] ; [0.17134300355978119]
840 ; 74 ; 193 ; 0 ; [1.3883795392646991] ; [0.19520879511645617]
840 ; 74 ; 193 ; 1 ; [0.56080438346951222] ; [0.43451683934000151]
840 ; 74 ; 193 ; 2 ; [1.3669845095868975] ; [0.54620373241951869]
840 ; 74 ; 193 ; 3 ; [0.035880057929577464] ; [1.4796094666071284]
840 ; 74 ; 193 ; 4 ; [0.32918490231748859] ; [1.1303170694453337]
840 ; 74 ; 193 ; 6 ; [0.77913326724509457] ; [0.081579667709837114]
840 ; 74 ; 193 ; 12 ; [0.67594626883549991] ; [0.37322225298470391]
840 ; 74 ; 194 ; 0 ; [0.35397792457774391] ; [0.50540419971015071]
840 ; 74 ; 195 ; 0 ; [0.23752919706587292, 0.10270174686872899] ; [0.35155340271113261, 0.12404862856038441]
840 ; 74 ; 195 ; 1 ; [-0.011615307991765437] ; [0.15611405739439002]
840 ; 74 ; 196 ; 0 ; [1.862949548180713, 1.0282582918347116] ; [0.45778814043208788, 0.14249469770282838]
840 ; 74 ; 196 ; 3 ; [3.3687628299784187] ; [1.1828932546547923]
840 ; 74 ; 196 ; 6 ; [0.1653687667701107] ; [1.7254253609703114]
840 ; 74 ; 197 ; 0 ; [0.0067556006607271341, -0.00086057035290591842, 0.088161454786048407, 0.083602962960589972] ; [0.15368191906068079, 0.18789545871912958, 0.17986678038727105, 0.30051881944045278]
840 ; 74 ; 198 ; 1 ; [0.15894390454255339] ; [0.010930254015801506]
840 ; 74 ; 200 ; 1 ; [0.86420999382941888] ; [0.73813283966575283]
840 ; 74 ; 200 ; 2 ; [0.74899377430621861] ; [0.0091397801222710354]
840 ; 74 ; 200 ; 8 ; [2.9701529734568681] ; [0.78205531178518584]
840 ; 74 ; 200 ; 12 ; [1.8559028135580213] ; [1.3562567294791179]
840 ; 74 ; 201 ; 0 ; [0.15536759676765488, 0.12451994197839446] ; [0.23216755386880711, 0.19892030984828765]
840 ; 74 ; 201 ; 5 ; [0.652995357059593] ; [0.35560758923505242]
840 ; 74 ; 202 ; 0 ; [0.25856648724178793, 0.16264420060988821, 0.10980421706775335] ; [0.38344823444354958, 0.18640379094300347, 0.12159132335347797]
840 ; 74 ; 203 ; 1 ; [0.010819149646355379] ; [0.020570890500806224]
840 ; 74 ; 203 ; 7 ; [0.86242211014564962, 0.3940270335936189] ; [1.8514521749668953, 0.3210796756423267]
840 ; 74 ; 204 ; 0 ; [0.20326419870256296, 0.22975797416891292, 0.077910763031659711] ; [0.18789360052182238, 0.19763551804858759, 0.1565050964283605]
840 ; 74 ; 204 ; 1 ; [0.56548139396420727] ; [0.011449313762038485]
840 ; 74 ; 204 ; 3 ; [0.13081231848278832, 1.1113213765991075] ; [-10.458011686707305, 1.7060517911069453]
840 ; 74 ; 206 ; 0 ; [0.57471845362457408, 0.29552523499209254] ; [0.60877034631882954, 0.61083311942800578]
840 ; 74 ; 207 ; 0 ; [0.10263633153768356] ; [0.18421232877858712]
840 ; 74 ; 207 ; 1 ; [0.10929805899300411] ; [0.047968401706818223]
840 ; 74 ; 207 ; 2 ; [-0.015312036914307806] ; [-0.012591824615995761]
840 ; 74 ; 208 ; 0 ; [0.047987178951016743] ; [0.098654692381688058]
840 ; 74 ; 208 ; 2 ; [0.24992145845793662] ; [0.068344021032091293]
840 ; 74 ; 208 ; 8 ; [0.08343437738981474] ; [0.79335758493032016]
840 ; 74 ; 209 ; 0 ; [0.020018367697703217] ; [0.26758049373042198]
840 ; 74 ; 210 ; 0 ; [0.31713885730268315, 0.18004658707802632, 0.0033703830848856907] ; [0.87419387644219948, 0.53584866217221083, 0.21783521232753147]
840 ; 74 ; 212 ; 0 ; [1.9305680715194422] ; [1.0680487120077462]
840 ; 74 ; 212 ; 1 ; [1.9027714977470018] ; [0.95298237860945967]
840 ; 74 ; 212 ; 2 ; [5.452013092687932] ; [0.75275040449855357]
840 ; 74 ; 213 ; 0 ; [0.77339602142559205] ; [1.1567501223418069]
840 ; 74 ; 213 ; 2 ; [1.8863810767095996] ; [0.89841401712372282]
840 ; 74 ; 213 ; 3 ; [2.6270540710038066] ; [1.985281345275637]
840 ; 74 ; 213 ; 4 ; [1.3739471804884471] ; [3.0058595331669706]
840 ; 74 ; 213 ; 6 ; [1.8463125654104546] ; [1.7447845427704176]
840 ; 74 ; 213 ; 7 ; [1.8050047752491096] ; [1.8424723402529095]
840 ; 74 ; 213 ; 8 ; [1.6810386645635151] ; [1.8881890086446862]
840 ; 74 ; 213 ; 9 ; [1.9459377879726765] ; [2.6412344330541022]
840 ; 74 ; 213 ; 10 ; [2.1203115164263453] ; [1.8349209886567515]
840 ; 74 ; 213 ; 11 ; [1.8791729555848131] ; [1.7425222714551754]
840 ; 74 ; 213 ; 13 ; [2.1215357696907082] ; [2.0709522945780465]
840 ; 74 ; 213 ; 14 ; [1.5443813154978709] ; [1.6517671541629015]
840 ; 74 ; 213 ; 16 ; [1.9284206151678467] ; [1.2450926206637767]
840 ; 74 ; 213 ; 20 ; [2.7812479927140341] ; [6.5049935943839365]
840 ; 74 ; 213 ; 21 ; [1.978367967216544] ; [1.6733136397438295]
840 ; 74 ; 213 ; 24 ; [1.7959421599134586] ; [2.2025687818299438]
840 ; 74 ; 213 ; 25 ; [1.2755576575324497] ; [3.3279068317369851]
840 ; 74 ; 213 ; 27 ; [1.8702720173102672] ; [1.8476891988950062]
840 ; 74 ; 213 ; 28 ; [2.5504480192781522] ; [2.1987946150530675]
840 ; 74 ; 214 ; 0 ; [0.22308842230108858, 0.17158077615488471] ; [0.58956620204220367, 0.25824192077648311]
840 ; 74 ; 214 ; 1 ; [0.29419547076466906, 0.47248260399876874] ; [0.32035520730283551, 0.16839190212811916]
840 ; 74 ; 214 ; 2 ; [0.098604527541677853] ; [0.097669484138432738]
840 ; 74 ; 215 ; 0 ; [0.053072884407028044, 0.083569022168124091, 0.34172034433927662] ; [0.15660688094067499, 0.25362351669553185, 0.34431563637684631]
840 ; 74 ; 215 ; 1 ; [0.052468996757069217] ; [0.033160432016881881]
840 ; 74 ; 216 ; 0 ; [0.23935137810574209, 0.015916757792021397] ; [0.26489854598737528, 0.10851227211041209]
840 ; 74 ; 217 ; 0 ; [0.29350828393793305, 0.28592566052919699, 0.17486065709541052, 0.14293473333351106] ; [0.22899574146646798, 0.32747001422575139, 0.20081645735181392, 0.11401239306352932]
840 ; 74 ; 218 ; 0 ; [0.052042494270793299, 0.2739749173787478] ; [0.17621389761167031, 0.26953414131102416]
840 ; 74 ; 218 ; 1 ; [0.31944535810266961] ; [0.38952829545406997]
840 ; 74 ; 218 ; 2 ; [0.58011531406086581] ; [0.67095702564820914]
840 ; 74 ; 218 ; 15 ; [0.68630705264724545] ; [-0.0098842694430147024]
840 ; 74 ; 219 ; 0 ; [0.01034521192795961, 0.0083228986844758254, 0.0033278290186105246] ; [0.15362708731290309, 0.16886470219369704, 0.12276830207191172]
840 ; 74 ; 220 ; 0 ; [0.32446563444104726, 0.18894978645887789, 0.16523517947848648, 0.055094730502234332] ; [0.50266556921891892, 0.19222100049347537, 0.23965929247962658, 0.10536408655283389]
840 ; 74 ; 220 ; 1 ; [-0.0022865194755625528] ; [0.088095094788022466]
840 ; 74 ; 221 ; 0 ; [0.31878455767559] ; [0.33851910860557977]
840 ; 74 ; 221 ; 3 ; [0.043447980467556671] ; [0.0438746835789963]
840 ; 74 ; 222 ; 0 ; [0.18096173512383296] ; [0.1241974065805644]
840 ; 74 ; 222 ; 1 ; [0.26582433622598162] ; [0.021071746472873177]
840 ; 74 ; 222 ; 2 ; [0.79984959721483462] ; [0.015968210829482975]
840 ; 74 ; 223 ; 0 ; [0.14668342554344296] ; [0.32064031172483881]
840 ; 74 ; 224 ; 1 ; [0.19426687457457401] ; [0.30517995499901313]
840 ; 74 ; 224 ; 2 ; [0.85495744101130289] ; [0.24854001421196517]
840 ; 74 ; 224 ; 3 ; [0.036279448139074466] ; [0.93894622918258652]
840 ; 74 ; 225 ; 0 ; [0.0054403890784791792] ; [0.017051309594207722]
840 ; 74 ; 226 ; 0 ; [0.7720763782671598] ; [0.28801218114794253]
840 ; 74 ; 227 ; 6 ; [4.427162654831311] ; [2.0773819183911657]
840 ; 74 ; 227 ; 7 ; [1.0811754099124433] ; [0.95611267155658375]
840 ; 74 ; 227 ; 8 ; [0.55949233619814442] ; [0.97455209707235579]
840 ; 74 ; 227 ; 9 ; [2.7764145657590067] ; [0.80783563069694697]
840 ; 74 ; 227 ; 16 ; [1.059156860019508] ; [2.9188938434523291]
840 ; 74 ; 227 ; 22 ; [2.0810701701933554] ; [1.9812511813891318]
840 ; 74 ; 227 ; 28 ; [1.5092314746627045] ; [1.0539159386647132]
840 ; 74 ; 227 ; 31 ; [1.3041679220047349] ; [0.56529429529719855]
840 ; 74 ; 228 ; 0 ; [0.027482540071826701, 0.19254908520985087, 0.28075217811645004] ; [0.23371794657195435, 0.24695434071380812, 0.21505159199925336]
840 ; 74 ; 229 ; 0 ; [-0.005707805754705011] ; [-0.011455481627523604]
840 ; 74 ; 229 ; 1 ; [0.017662369491297653] ; [0.23885086225121008]
840 ; 74 ; 230 ; 0 ; [0.076143240464195808, 0.21683458626665444, 0.016744582102093997] ; [0.2142930196453425, 0.35292265474471524, 0.18419837178195123]
840 ; 74 ; 231 ; 0 ; [0.10010170603727582] ; [0.15281220634588408]
840 ; 74 ; 231 ; 1 ; [0.096974754895697887] ; [0.15815400010020725]
840 ; 74 ; 232 ; 0 ; [0.1715887516812632, 0.25218818850198693, 0.54359431946171022, 0.15619917331466071] ; [0.32302339185888462, 0.35132763936406558, 0.61268896303395937, 0.14275012589396679]
840 ; 74 ; 232 ; 1 ; [0.099440674323369824] ; [-0.043994062044655287]
840 ; 74 ; 232 ; 2 ; [0.11954355354856665] ; [0.2838266723796124]
840 ; 74 ; 233 ; 0 ; [0.0092341573872841247, 0.0045708633514939621, 0.4611236592055003] ; [0.20979922829571473, 0.084547439073540953, 0.44895349849749822]
840 ; 74 ; 233 ; 1 ; [0.28173537473434268] ; [0.23653219729023572]
840 ; 74 ; 234 ; 8 ; [0.013712679678551713] ; [1.7917665196647363]
840 ; 74 ; 235 ; 0 ; [0.0094886571750747318, 0.0037653331222800503, -0.040667608295318812] ; [0.17376843263417924, 0.18625203514702582, 0.027171160257675468]
840 ; 74 ; 236 ; 0 ; [0.51794622299128434] ; [0.23362912888792078]
840 ; 74 ; 237 ; 0 ; [0.13526716585748269] ; [0.20304465573682223]
840 ; 74 ; 238 ; 5 ; [6.6407180862489366] ; [1.7131996517184709]
840 ; 74 ; 238 ; 7 ; [0.19262389410530725] ; [1.5212541024163297]
840 ; 74 ; 238 ; 8 ; [0.19869750634194813] ; [1.1994151445631307]
840 ; 74 ; 239 ; 0 ; [0.053686781415931063] ; [0.69259820777682346]
840 ; 74 ; 239 ; 2 ; [0.93712074126586342] ; [0.57204070862554957]
840 ; 74 ; 239 ; 3 ; [0.74253217830111429] ; [0.26649543757114635]
840 ; 74 ; 239 ; 5 ; [0.45178724156034827] ; [0.11703472257180757]
840 ; 74 ; 239 ; 7 ; [1.7071805348100912] ; [0.77361637070013389]
840 ; 74 ; 239 ; 14 ; [0.19714507440826753] ; [0.058230406299439728]
840 ; 74 ; 239 ; 15 ; [0.68522149607049854] ; [2.1777658164819944]
840 ; 74 ; 239 ; 16 ; [0.19692957023353824] ; [1.8340297768010463]
840 ; 74 ; 240 ; 0 ; [3.2462742753596983, 0.036967629723176104] ; [0.48121584061475747, 0.30425261961686223]
840 ; 74 ; 240 ; 1 ; [2.1259904529189364] ; [2.424544168921249]
840 ; 74 ; 240 ; 2 ; [0.71361234197623657] ; [0.44210010125239685]
840 ; 74 ; 241 ; 0 ; [0.56740271990803137, 0.46140303226365786, 0.64714419186847716] ; [0.4864730551729099, 1.054935805725149, 0.45857524690010348]
840 ; 74 ; 241 ; 1 ; [0.46705091273703442] ; [0.70392131078064446]
840 ; 74 ; 241 ; 4 ; [2.4075341973534772] ; [2.2382619233399583]
840 ; 74 ; 242 ; 0 ; [0.74204890788289135, 0.43224244211487139] ; [0.17722281594365116, 1.4493893845732717]
840 ; 74 ; 244 ; 1 ; [0.72516910593969408] ; [1.0789784119346373]
840 ; 74 ; 245 ; 0 ; [0.5043309858329833] ; [0.17232892952852338]
840 ; 74 ; 245 ; 1 ; [0.45261294794190388] ; [0.083491450475479442]
840 ; 74 ; 245 ; 3 ; [0.035709741029436928] ; [0.26442316657828496]
840 ; 74 ; 247 ; 0 ; [-0.002056706358739291] ; [0.0015856702701816652]
840 ; 74 ; 247 ; 1 ; [0.28936742380655234, 0.77421143494854527, 0.11304033536504282] ; [0.49765521902584892, 1.0542687428520769, 0.12947105372898571]
840 ; 74 ; 248 ; 0 ; [0.96130982487765138] ; [0.14433094191218895]
840 ; 74 ; 248 ; 1 ; [-0.00054924245149439214] ; [0.0022315533808474342]
840 ; 74 ; 249 ; 0 ; [-0.0043577583784650889] ; [0.015864017994169345]
840 ; 74 ; 249 ; 1 ; [0.721257150152947] ; [0.57658313142651396]
840 ; 74 ; 250 ; 4 ; [1.8525101032807108] ; [0.5669418409262823]
840 ; 74 ; 250 ; 5 ; [1.1573078900024631] ; [1.8822691815441437]
840 ; 74 ; 250 ; 6 ; [1.3801863065557791] ; [1.0192721650986218]
840 ; 74 ; 250 ; 7 ; [1.6613204396270467] ; [0.71480913726980333]
840 ; 74 ; 250 ; 9 ; [0.60360046388050836] ; [0.74248890000266565]
840 ; 74 ; 250 ; 10 ; [1.599121049304165] ; [1.87630876936415]
840 ; 74 ; 250 ; 11 ; [0.11497874765438341] ; [0.6945718012221902]
840 ; 74 ; 250 ; 15 ; [2.0710872399676266] ; [1.9449511061963902]
840 ; 74 ; 250 ; 16 ; [1.9736539399165665] ; [2.5983459657651329]
840 ; 74 ; 250 ; 17 ; [0.54339794969409805] ; [0.71527539277855046]
840 ; 74 ; 250 ; 19 ; [2.0776995426945173] ; [2.3294078352244587]
840 ; 74 ; 250 ; 20 ; [0.94805428888843535] ; [0.49377087866662772]
840 ; 74 ; 250 ; 21 ; [1.7195177405135853] ; [0.90747766478216951]
840 ; 74 ; 250 ; 25 ; [1.837441064636] ; [2.0635028324808644]
840 ; 74 ; 250 ; 26 ; [1.6572416775433831] ; [2.1613397901246509]
840 ; 74 ; 250 ; 27 ; [2.1779284059051549] ; [1.9022353058302059]
840 ; 74 ; 250 ; 28 ; [1.5456548824777856] ; [1.680225869000437]
840 ; 74 ; 250 ; 30 ; [1.8331537725781182] ; [1.7708431465434373]
840 ; 74 ; 250 ; 32 ; [3.4580727380271279] ; [1.8718013795766333]
840 ; 74 ; 250 ; 33 ; [2.1815428428577897] ; [0.72370915500646893]
840 ; 74 ; 250 ; 35 ; [1.2501173707645061] ; [0.18227136386117554]
840 ; 74 ; 250 ; 36 ; [1.8099961828255253] ; [1.8036249044587307]
840 ; 74 ; 250 ; 37 ; [2.1484567333928002] ; [1.9970545356662446]
840 ; 74 ; 250 ; 39 ; [2.1101461173667277] ; [1.4975622653233331]
840 ; 74 ; 250 ; 40 ; [1.2461425144870302] ; [2.4465982012360215]
840 ; 74 ; 250 ; 41 ; [1.8785054026813481] ; [0.68089485878729317]
840 ; 74 ; 250 ; 44 ; [1.6125211445121457] ; [2.111474240553822]
840 ; 74 ; 250 ; 45 ; [1.6889504132722866] ; [0.077022579438357858]
840 ; 74 ; 250 ; 46 ; [2.0524665723334947] ; [1.7007114086084498]
840 ; 74 ; 250 ; 48 ; [1.4612424795360774] ; [1.9448751240154476]
840 ; 74 ; 250 ; 50 ; [1.0686676949955654] ; [1.5122896942228246]
840 ; 74 ; 250 ; 51 ; [1.8241768493164825] ; [1.9398605185318827]
840 ; 74 ; 250 ; 52 ; [1.9362043649214151] ; [1.4556980085594444]
840 ; 74 ; 250 ; 53 ; [1.9013718763674494] ; [1.4069000347321261]
840 ; 74 ; 250 ; 54 ; [3.1117105156218248] ; [1.9910963375508228]
840 ; 74 ; 250 ; 60 ; [1.144024371755] ; [0.67267537231947405]
840 ; 74 ; 250 ; 65 ; [1.387656677282735] ; [0.40085898289913274]
840 ; 74 ; 250 ; 67 ; [2.0523852189022782] ; [1.4824400024498654]
840 ; 74 ; 250 ; 68 ; [2.2631754950288254] ; [2.9982998325040988]
840 ; 74 ; 250 ; 69 ; [1.834849731261686] ; [1.5235334852942928]
840 ; 74 ; 251 ; 0 ; [0.15420465920838539, 0.039102931742332953] ; [0.2015261426810874, 0.051656637612542571]
840 ; 74 ; 253 ; 0 ; [0.55718144317805895] ; [1.0012197207621372]
840 ; 74 ; 253 ; 3 ; [2.0957394894895267] ; [1.7195916441287467]
840 ; 74 ; 253 ; 5 ; [2.6622753612452308] ; [0.71249826068558031]
840 ; 74 ; 253 ; 6 ; [4.6242325300858367] ; [1.6897244357264525]
840 ; 74 ; 253 ; 7 ; [1.8845334099233575] ; [1.7948964641778031]
840 ; 74 ; 253 ; 12 ; [1.7715075217076686] ; [1.4226855970028065]
840 ; 74 ; 253 ; 14 ; [2.1348726867869066] ; [1.1946331320322274]
840 ; 74 ; 253 ; 18 ; [0.76260159533751914] ; [1.7470354767764349]
840 ; 74 ; 253 ; 19 ; [1.1678507318981852] ; [1.6515959012930983]
840 ; 74 ; 253 ; 20 ; [1.3652976396367957] ; [2.1130555261288242]
840 ; 74 ; 253 ; 21 ; [1.5396528300634846] ; [1.8930132625490013]
840 ; 74 ; 254 ; 0 ; [0.50549957911309795] ; [1.5572850912120961]
840 ; 74 ; 254 ; 1 ; [0.19223842322083179] ; [0.16106885592907147]
840 ; 74 ; 254 ; 2 ; [0.81763586227195484] ; [5.9511080374455378]
840 ; 74 ; 255 ; 0 ; [0.0044561570588222401, 0.0078867089310134687, 0.036714558839116673] ; [0.16686995885400191, 0.15852741892862487, 0.23247356745176267]
840 ; 74 ; 255 ; 1 ; [0.87012439143655085] ; [0.38693301872221625]
840 ; 74 ; 256 ; 0 ; [0.029704429959033034] ; [0.81742667102692623]
840 ; 74 ; 256 ; 2 ; [0.3758805402959175] ; [0.84192227763473992]
840 ; 74 ; 256 ; 3 ; [1.5072134215216846] ; [0.34925405742243848]
840 ; 74 ; 256 ; 5 ; [0.72786945810483883] ; [0.07343411060441829]
840 ; 74 ; 257 ; 0 ; [0.093137072878120994] ; [0.7986596188117604]
840 ; 74 ; 257 ; 1 ; [0.20012163709324224, 0.024008734169351002] ; [1.1007886239792608, 1.6908544525521445]
840 ; 74 ; 257 ; 2 ; [0.15555984504323478] ; [0.17349493268019325]
840 ; 74 ; 257 ; 3 ; [0.62788691505488592] ; [0.96535102009630502]
840 ; 74 ; 257 ; 4 ; [1.04569959433389] ; [0.21292210234329748]
840 ; 74 ; 257 ; 5 ; [0.42522147672103622] ; [0.89480420029266461]
840 ; 74 ; 257 ; 6 ; [0.40657687293641948] ; [1.0037310224763381]
840 ; 74 ; 257 ; 7 ; [0.28291666876300126] ; [1.6129032900023206]
840 ; 74 ; 257 ; 9 ; [0.06293887442161876] ; [0.36329895456326183]
840 ; 74 ; 257 ; 10 ; [0.095975012147186012] ; [0.16053176264703861]
840 ; 74 ; 258 ; 0 ; [0.21875112540770486, 0.2578571802099337, 0.12314294271281717] ; [0.21928070258031668, 0.17731011852174847, 0.1337873237237219]
840 ; 74 ; 258 ; 1 ; [0.051482355171301196] ; [0.055962214182495279]
840 ; 74 ; 259 ; 4 ; [1.0390485555348841] ; [1.5145452763766591]
840 ; 74 ; 259 ; 5 ; [0.42463535315487633] ; [2.5770987706222126]
840 ; 74 ; 259 ; 8 ; [0.33701423552697063] ; [2.0011683008919721]
840 ; 74 ; 259 ; 11 ; [5.283713037333909] ; [2.3357169954124055]
840 ; 74 ; 259 ; 16 ; [1.4455420555047287] ; [2.1064884913617208]
840 ; 74 ; 259 ; 18 ; [2.9585916246631032] ; [13.024450041673713]
840 ; 74 ; 259 ; 20 ; [0.64934840515388093] ; [3.326913506381902]
840 ; 74 ; 259 ; 21 ; [0.5741605914647343] ; [5.5703979528493619]
840 ; 74 ; 259 ; 24 ; [1.4082168421254964] ; [1.8099382473696337]
840 ; 74 ; 259 ; 25 ; [5.286787965862465] ; [1.1102560675077382]
840 ; 74 ; 259 ; 26 ; [2.3659049616409442] ; [0.78980079781822055]
840 ; 74 ; 259 ; 27 ; [2.6978947687650834] ; [1.8850279553562463]
840 ; 74 ; 260 ; 1 ; [0.18914948890637809, 0.14402953576269098, 0.071366576696273235] ; [0.49359361431525128, 0.25868226445776016, 0.10306858796788801]
840 ; 74 ; 262 ; 0 ; [0.44350092379903827] ; [0.31676424255180208]
840 ; 74 ; 262 ; 1 ; [0.029196593725522309] ; [0.0073978342659424337]
840 ; 74 ; 262 ; 3 ; [0.088675439305672579] ; [0.3698316282905027]
840 ; 74 ; 262 ; 5 ; [0.056964607286872658] ; [0.02232972391378801]
840 ; 74 ; 263 ; 0 ; [0.05515477103703479] ; [0.25884753214134004]
840 ; 74 ; 264 ; 0 ; [0.016550840319023485] ; [0.068454722593265363]
840 ; 74 ; 264 ; 1 ; [0.26116782073935862] ; [0.17316534659204738]
840 ; 74 ; 265 ; 0 ; [-0.008570558002596906, -0.0051260476925188052, -0.046929624126998103, -0.014916133980176017] ; [0.203039725301215, 0.16105669018173052, 0.16509310173024438, 0.061047532293997599]
840 ; 74 ; 266 ; 0 ; [0.059634513914337883] ; [0.1176265068235172]
840 ; 74 ; 267 ; 2 ; [0.219084963778377, 0.26388950497210473, 0.28398906025294762, 0.32808372796100532] ; [0.11061731512717453, 0.2020577455082202, 0.18303388256912251, 0.25484080453814156]
840 ; 74 ; 268 ; 0 ; [0.052518318273665321, 0.037380892017394994, 0.14843775655902719, 0.12661884039682761] ; [0.19431786155865205, 0.18032611326242742, 0.31850958061084272, 0.50025890569326803]
840 ; 74 ; 269 ; 0 ; [0.20757191232572969] ; [0.19934196522143094]
840 ; 74 ; 269 ; 1 ; [3.4650121340129982] ; [0.44598520153290738]
840 ; 74 ; 269 ; 2 ; [3.4926566016194807] ; [0.63732170767967944]
840 ; 74 ; 269 ; 14 ; [0.9603017503156015] ; [1.0383645299181299]
840 ; 74 ; 269 ; 16 ; [0.12426174054251075] ; [1.4847003993018775]
840 ; 74 ; 270 ; 3 ; [0.16825345494234797] ; [0.41181676741419815]
840 ; 74 ; 270 ; 14 ; [0.28385278153930926] ; [1.6294954480581338]
840 ; 74 ; 271 ; 0 ; [0.054562162393557295] ; [0.20027168144970026]
840 ; 74 ; 272 ; 0 ; [0.28398484014753689, 0.17195065164137921, 0.35771933286814561] ; [0.14329370318702908, 0.14304759661283503, 0.30998123854111609]
840 ; 74 ; 273 ; 0 ; [0.17796423116656204, 0.25269269487184454] ; [0.11672293276839335, 0.42712407699172128]
840 ; 74 ; 273 ; 1 ; [0.3283412711188286] ; [0.74297395013039402]
840 ; 74 ; 273 ; 2 ; [0.70361316116404116] ; [0.52372081802364734]
840 ; 74 ; 273 ; 3 ; [0.16074590226532715] ; [0.29293839472496747]
840 ; 74 ; 274 ; 0 ; [0.34002133812468904] ; [1.8020830512341404]
840 ; 74 ; 274 ; 1 ; [0.82028260371906747] ; [-0.0025651488156037956]
840 ; 74 ; 275 ; 0 ; [0.15582283645903286] ; [0.68633801233758873]
840 ; 74 ; 275 ; 11 ; [2.1650533279476876] ; [1.4805272259616036]
840 ; 74 ; 276 ; 1 ; [0.24286712587370057, 0.50142105269691895, 2.5891133846905117] ; [0.28600189877932797, 0.49551737818270791, 0.83709784527636766]
840 ; 74 ; 276 ; 2 ; [0.34110628232835516] ; [0.51032461255874817]
840 ; 74 ; 277 ; 0 ; [1.8149269437205413, 0.061465901270458374] ; [0.31292294601795456, 0.24185706466601586]
840 ; 74 ; 278 ; 0 ; [0.37453407204490696, 0.11676722153616595] ; [0.099301506370513909, 0.91722827615345892]
840 ; 74 ; 278 ; 1 ; [0.80694429555477065] ; [0.83200603015878216]
840 ; 74 ; 278 ; 3 ; [0.034473753513127064] ; [0.79954468937337964]
840 ; 74 ; 278 ; 4 ; [0.5392030451593135] ; [2.4380877854007141]
840 ; 74 ; 278 ; 8 ; [-0.016179625397929918] ; [0.87103125699438921]
840 ; 74 ; 278 ; 11 ; [0.50517349346300111] ; [1.9518573840708018]
840 ; 74 ; 279 ; 0 ; [0.90673598944421485] ; [1.3080118927218072]
840 ; 74 ; 279 ; 3 ; [0.74319936607935388] ; [0.93588152572231864]
840 ; 74 ; 279 ; 8 ; [0.077843464949291202] ; [0.49086125411282672]
840 ; 74 ; 279 ; 12 ; [0.07165330968942446] ; [0.017886167108642409]
840 ; 74 ; 280 ; 0 ; [0.12019564136682817] ; [0.37320586399415823]
840 ; 74 ; 281 ; 0 ; [0.12611442345529603] ; [0.14854818669879058]
840 ; 74 ; 282 ; 0 ; [0.0017879184276309336, 0.0021902814946311313, -0.00077918972287019123] ; [0.1433325413875485, 0.15549800275538844, 0.10581175630146136]
840 ; 74 ; 283 ; 0 ; [0.6777126117977138] ; [0.55583157478638323]
840 ; 74 ; 283 ; 1 ; [0.0041978620679729416] ; [0.41271615729115141]
840 ; 74 ; 283 ; 4 ; [-0.0023179834361468123] ; [2.4149601246350705]
840 ; 74 ; 285 ; 0 ; [0.20302101761507696] ; [0.083689608181141392]
840 ; 74 ; 285 ; 1 ; [0.066816089813043988] ; [-0.013084164369917229]
840 ; 74 ; 285 ; 2 ; [0.22685467573757828] ; [0.23514359520640993]
840 ; 74 ; 285 ; 3 ; [0.12357662143344797] ; [0.14747972667546497]
840 ; 74 ; 286 ; 0 ; [0.53111087065091334] ; [0.014343590411479481]
840 ; 74 ; 286 ; 1 ; [0.16032210706321173] ; [0.18180769470949243]
840 ; 74 ; 287 ; 0 ; [0.023244413562854397, 0.021623136992348382, 0.00072272683904482291] ; [0.11527702538844607, 0.13954813252529724, 0.034574348548993453]
840 ; 74 ; 287 ; 1 ; [0.30059514180452607] ; [0.12462371847261446]
840 ; 74 ; 287 ; 2 ; [0.2890270513103872] ; [0.0019650920111280363]
840 ; 74 ; 288 ; 0 ; [0.002609115951886874, 0.18882884732614802] ; [0.041538326107678762, 0.20197018807537326]
840 ; 74 ; 288 ; 1 ; [0.030535964728996039] ; [0.49935849600099286]
840 ; 74 ; 289 ; 0 ; [0.91572819939561378, 0.52999456153274327, 0.089498399382900828] ; [0.57621640506790894, 0.33074939719608054, 0.1894718198360886]
840 ; 74 ; 289 ; 4 ; [3.7121905261003847] ; [1.5320568481635315]
840 ; 74 ; 290 ; 1 ; [1.4449890699540944] ; [1.6502056941516023]
840 ; 74 ; 290 ; 3 ; [0.45615200682696211] ; [1.638926279163305]
840 ; 74 ; 290 ; 7 ; [0.82275589602944665] ; [0.84836789317811556]
840 ; 74 ; 290 ; 9 ; [0.51689454891217879] ; [1.8108242972923114]
840 ; 74 ; 290 ; 14 ; [1.4079306277552492] ; [1.259235360264134]
840 ; 74 ; 290 ; 15 ; [0.85303572293091245] ; [0.54222660427297542]
840 ; 74 ; 290 ; 18 ; [0.90124329728762165] ; [1.8076057930050291]
840 ; 74 ; 291 ; 0 ; [0.069038336072222234, 0.26594060819744103, 0.00015736084584699111, 0.03553613111230642] ; [0.37130322580670455, 0.5832349398318657, 0.14556787785836814, 0.080443568107673516]
840 ; 74 ; 291 ; 1 ; [0.14415034311198327, 0.18827594940598957] ; [1.0384141235738147, 0.25086818138085853]
840 ; 74 ; 292 ; 0 ; [0.13142726423317938, 0.66300612480635357] ; [0.21727519593317643, 0.46139680934924054]
840 ; 74 ; 292 ; 1 ; [1.0049031966025492] ; [0.3440203202857085]
840 ; 74 ; 292 ; 2 ; [1.0687471552200323] ; [0.50109375640501352]
840 ; 74 ; 293 ; 1 ; [0.028579517142220248] ; [-0.01516091320288135]
840 ; 74 ; 296 ; 0 ; [5.6605692050226386] ; [0.46670551970438501]
840 ; 74 ; 296 ; 1 ; [3.418449704050341] ; [1.9776872426427556]
840 ; 74 ; 296 ; 3 ; [1.3922658158363399] ; [1.2230914528329679]
840 ; 74 ; 296 ; 5 ; [0.29428157890192652] ; [1.9946789959177333]
840 ; 74 ; 296 ; 7 ; [1.0793495518496123] ; [1.3719824239017744]
840 ; 74 ; 296 ; 8 ; [0.066357100204083946] ; [1.7540135025322172]
840 ; 74 ; 296 ; 9 ; [3.082383798195691] ; [1.5519170335990438]
840 ; 74 ; 296 ; 10 ; [0.069274095630007249] ; [2.0014065070741349]
840 ; 74 ; 296 ; 14 ; [0.19675611609374619] ; [4.0602992629406636]
840 ; 74 ; 296 ; 17 ; [1.0220591030942516] ; [2.6419060224356197]
840 ; 74 ; 296 ; 18 ; [1.0162757752617464] ; [2.9865097025069507]
840 ; 74 ; 296 ; 19 ; [1.4727740856781815] ; [1.7547246415379396]
840 ; 74 ; 296 ; 20 ; [1.2718500978918994] ; [1.6752942632088201]
840 ; 74 ; 297 ; 0 ; [0.32886853969855162] ; [0.7125770383106913]
840 ; 74 ; 297 ; 1 ; [0.31261810249103933] ; [0.69570832617069067]
840 ; 74 ; 297 ; 2 ; [0.65539067513888249] ; [0.13765621247663198]
840 ; 74 ; 297 ; 3 ; [0.65477728162035542] ; [0.42293633590802981]
840 ; 74 ; 297 ; 4 ; [0.40399206835426993] ; [0.098657509562135731]
840 ; 74 ; 297 ; 7 ; [1.3478922641537989] ; [1.7817151531929909]
840 ; 74 ; 298 ; 0 ; [0.086488433237551163] ; [0.22680122299134955]
840 ; 74 ; 298 ; 1 ; [0.012569451116564975] ; [0.0035196887827053224]
840 ; 74 ; 298 ; 6 ; [0.34941894642424165, 0.068712780637284088, -0.0030272234687348989] ; [0.38157308990210603, 0.26535301083626789, 0.11262715765683924]
840 ; 74 ; 299 ; 0 ; [0.37835772641232807, 0.19533241119358735] ; [0.18194025435726247, 0.36411230303022668]
840 ; 74 ; 300 ; 0 ; [0.17006942931200769, 0.27153467873531162, 0.46181807050992679, 0.16807014424882746] ; [0.21199793438889356, 0.26739727486879972, 0.43041710004948558, 0.25167210222565384]
840 ; 74 ; 301 ; 0 ; [0.019736834999988701, 0.066883272918842038, 0.037085024859399261, 0.021086749121619192] ; [0.15599314240134191, 0.17511943715936393, 0.18702347006293807, 0.09665309071529074]
840 ; 74 ; 302 ; 0 ; [0.059340605332554447, 0.058055057391422173, 0.029439396985546897, 0.017502253162450108] ; [0.11835076595279589, 0.1836877945495374, 0.20413672605401009, 0.34294220924026225]
840 ; 74 ; 303 ; 0 ; [0.23898439535981539, 0.13280442373310472] ; [0.30197580023675008, 0.12984052600093277]
840 ; 74 ; 304 ; 4 ; [1.1568080353185894] ; [2.4335739441359974]
840 ; 74 ; 304 ; 11 ; [0.82351188708630019] ; [0.51001299570765868]
840 ; 74 ; 304 ; 13 ; [4.225587681117184] ; [2.2634037556628686]
840 ; 74 ; 304 ; 15 ; [0.66005017751950235] ; [2.0293227067375303]
840 ; 74 ; 304 ; 17 ; [0.74776453786503683] ; [2.1229569765923211]
840 ; 74 ; 305 ; 0 ; [0.22789269482402238, 0.27231893623107284, 0.0417354835876423, 0.08592005416503036] ; [0.52256249142639422, 0.64317123597604775, 0.25606040165794802, 0.13577218938784005]
840 ; 74 ; 306 ; 0 ; [0.62880233984846012, 0.79098023754983537, 0.5918951183518022] ; [0.63124746239899154, 0.679922324028572, 0.48053997341691318]
840 ; 74 ; 306 ; 1 ; [1.9085131344682678] ; [0.12203737890972073]
840 ; 74 ; 307 ; 0 ; [0.23762326471820908] ; [0.084994075402892721]
840 ; 74 ; 307 ; 1 ; [0.050714443752084552] ; [0.15934294988802164]
840 ; 74 ; 307 ; 2 ; [0.055759490654161567, 0.15685974641855133, 0.49605368356749391] ; [0.26698569337685696, 0.21434403078092995, 0.043161294970860985]
840 ; 74 ; 308 ; 0 ; [0.21430936991377073] ; [0.097732104839916373]
840 ; 74 ; 308 ; 1 ; [0.42239648788684198] ; [0.033994499308153493]
840 ; 74 ; 308 ; 5 ; [0.30721179124217524] ; [0.065750101736199426]
840 ; 74 ; 309 ; 0 ; [4.7070075504487336] ; [0.9760719302517975]
840 ; 74 ; 309 ; 2 ; [-0.0042083602806348803] ; [0.93427661477890289]
840 ; 74 ; 309 ; 3 ; [-0.0070215062622325268] ; [0.32208631979239682]
840 ; 74 ; 310 ; 0 ; [-0.019031660858920971, 0.092514825326218644] ; [0.0025998332411954397, 0.0044115127909217598]
840 ; 74 ; 310 ; 4 ; [0.71442046538884119, 0.23345805327022642, 0.16833191044555867] ; [1.1904923457311625, 0.48647270357691519, 0.44199082784337274]
840 ; 74 ; 311 ; 6 ; [1.3560815650734552] ; [2.1762107660218648]
840 ; 74 ; 311 ; 7 ; [1.1976656939088755] ; [1.7972705614682294]
840 ; 74 ; 311 ; 8 ; [0.73749862673079059] ; [3.491465497583591]
840 ; 74 ; 313 ; 0 ; [1.3995933540520975] ; [-0.0019174008497236635]
840 ; 74 ; 313 ; 1 ; [0.11113352623843545] ; [0.73209281945227]
840 ; 74 ; 313 ; 3 ; [2.0031377525776763] ; [1.0277462087716085]
840 ; 74 ; 313 ; 5 ; [0.094296148749825032] ; [1.809700541356162]
840 ; 74 ; 313 ; 6 ; [0.1113923618196339] ; [0.55218913019102001]
840 ; 74 ; 314 ; 0 ; [0.21725241118961083, 0.1544847716172994] ; [0.31420556877157052, 0.38864587571939097]
840 ; 74 ; 314 ; 1 ; [0.076113344798475591] ; [0.19493830671435941]
840 ; 74 ; 315 ; 2 ; [0.085298619579703361] ; [0.099477419338442757]
840 ; 74 ; 317 ; 6 ; [5.3049319933016621] ; [1.0494846306853629]
840 ; 74 ; 318 ; 0 ; [0.20495288543216603] ; [0.14123632599318831]
840 ; 74 ; 318 ; 1 ; [1.1440390798804996] ; [0.23010489390336014]
840 ; 74 ; 318 ; 2 ; [0.35737036691975765] ; [3.8857193833559736]
840 ; 74 ; 319 ; 0 ; [1.8973704098869919] ; [0.15898636767369798]
840 ; 74 ; 319 ; 3 ; [1.7320522924395128] ; [0.57361387817241272]
840 ; 74 ; 319 ; 5 ; [0.38562741386484645] ; [2.2900653162006952]
840 ; 74 ; 319 ; 8 ; [1.2754618792482326] ; [1.123587725910111]
840 ; 74 ; 319 ; 13 ; [0.6728507579185441] ; [0.56039816939262688]
840 ; 74 ; 319 ; 15 ; [1.5712063902266895] ; [0.89808396771841004]
840 ; 74 ; 319 ; 16 ; [1.0662775974987206] ; [1.5514852681863625]
840 ; 74 ; 320 ; 0 ; [0.33637776190161861] ; [0.35382120549375634]
840 ; 74 ; 320 ; 1 ; [1.1581212798553628] ; [0.33451000636529743]
840 ; 74 ; 320 ; 2 ; [0.0066419482615323704] ; [0.25184505961717374]
840 ; 74 ; 320 ; 3 ; [0.54456154437150106] ; [0.30230772550009927]
840 ; 74 ; 320 ; 10 ; [4.1589279322232215] ; [2.0534323883530536]
840 ; 74 ; 321 ; 0 ; [2.5372859430850476] ; [0.64325991623528389]
840 ; 74 ; 321 ; 2 ; [0.28705559231545497] ; [0.021770182046080777]
840 ; 74 ; 321 ; 4 ; [2.0173055710443748] ; [0.501237996954353]
840 ; 74 ; 321 ; 5 ; [1.61691512449778] ; [0.48055317812884091]
840 ; 74 ; 321 ; 9 ; [0.54548318886937475] ; [2.110872431239764]
840 ; 74 ; 321 ; 12 ; [0.24045156468505544] ; [1.9484849212952067]
840 ; 74 ; 321 ; 16 ; [1.0866147554636256] ; [1.8284420720691432]
840 ; 74 ; 321 ; 18 ; [1.0324730642717252] ; [3.1210298949171813]
840 ; 74 ; 321 ; 19 ; [1.4235114416616477] ; [3.0855815480577862]
840 ; 74 ; 321 ; 20 ; [2.2470764649933774] ; [1.5389827452856293]
840 ; 74 ; 321 ; 22 ; [0.20610562674198027] ; [1.4766280391477797]
840 ; 74 ; 321 ; 26 ; [2.6233168304437879] ; [1.8589877988253785]
840 ; 74 ; 321 ; 33 ; [3.8838212367127389] ; [2.0897400025974542]
840 ; 74 ; 322 ; 3 ; [1.2178769782193968] ; [2.3335975348169886]
840 ; 74 ; 322 ; 4 ; [1.7955092943692215] ; [1.193611736110409]
840 ; 74 ; 322 ; 7 ; [1.687444889816889] ; [1.4544231916566486]
840 ; 74 ; 322 ; 8 ; [1.3060386845205951] ; [1.1292315101976995]
840 ; 74 ; 322 ; 10 ; [1.3157660205660029] ; [1.8503551632902833]
840 ; 74 ; 323 ; 3 ; [0.81965282906366888] ; [2.9795416961612817]
840 ; 74 ; 323 ; 4 ; [0.86666920055415131] ; [1.7927385443944983]
840 ; 74 ; 323 ; 5 ; [2.2248977448002232] ; [3.9509765678501472]
840 ; 74 ; 324 ; 1 ; [0.071842930763653376] ; [-0.032402274073355518]
840 ; 74 ; 325 ; 0 ; [0.21408677842183413, 0.15501960631540193] ; [0.21519956434203605, 0.22498422636459375]
840 ; 74 ; 327 ; 0 ; [0.25522902811087778] ; [0.1895033304190249]
840 ; 74 ; 327 ; 1 ; [0.42485850379104689] ; [0.016460883459802584]
840 ; 74 ; 328 ; 0 ; [1.566223526531612] ; [0.17746479217370362]
840 ; 74 ; 328 ; 1 ; [1.7906820594587289] ; [2.6404878048811686]
840 ; 74 ; 328 ; 2 ; [1.7093030804751999] ; [2.5839912363633477]
840 ; 74 ; 328 ; 3 ; [1.4385671106067974] ; [1.1623391142863559]
840 ; 74 ; 328 ; 4 ; [1.5678060507173524] ; [1.9604215178816466]
840 ; 74 ; 328 ; 5 ; [1.6835922747668997] ; [2.4869331256803386]
840 ; 74 ; 328 ; 8 ; [1.5358312109373133] ; [1.2516490567034519]
840 ; 74 ; 328 ; 9 ; [1.6839168535798426] ; [2.2732655768823311]
840 ; 74 ; 328 ; 10 ; [1.6442105572978349] ; [1.1358596416150539]
840 ; 74 ; 328 ; 14 ; [0.39284373157516717] ; [1.1151465318747509]
840 ; 74 ; 328 ; 16 ; [0.67711982556416894] ; [1.1575918936631275]
840 ; 74 ; 328 ; 18 ; [0.21681041701346715] ; [1.0565600999753606]
840 ; 74 ; 328 ; 21 ; [1.006363568316452] ; [1.3626638303911494]
840 ; 74 ; 328 ; 24 ; [0.093894205945146414] ; [-0.003535232865289741]
840 ; 74 ; 328 ; 28 ; [3.4786355562221716] ; [1.2375249273340048]
840 ; 74 ; 328 ; 30 ; [2.1638029990149001] ; [0.10912044034968595]
840 ; 74 ; 328 ; 31 ; [1.6367898989085163] ; [0.071801868769572938]
840 ; 74 ; 328 ; 32 ; [1.3046427829321523] ; [0.95205802359574299]
840 ; 74 ; 328 ; 33 ; [1.3296284018523823] ; [1.0224054228386101]
840 ; 74 ; 328 ; 34 ; [2.2222031459233542] ; [0.56965593212390564]
840 ; 74 ; 328 ; 35 ; [4.6100283895467253] ; [0.59997537531072975]
840 ; 74 ; 329 ; 0 ; [0.26438137907749321, 0.031520418804153558] ; [0.54704386317557585, 0.35313126438821502]
840 ; 74 ; 329 ; 1 ; [2.5435176090358573] ; [0.10353614724871729]
840 ; 74 ; 329 ; 2 ; [1.1835058553017743] ; [1.8139143722072446]
840 ; 74 ; 330 ; 0 ; [0.069206794613420608] ; [0.45693608443468742]
840 ; 74 ; 330 ; 1 ; [2.8776469681863035] ; [0.50422250845485639]
840 ; 74 ; 330 ; 2 ; [1.2309194954025797] ; [1.5368052281139344]
840 ; 74 ; 330 ; 6 ; [0.97743617515028847] ; [1.0963131619055058]
840 ; 74 ; 330 ; 7 ; [0.81629080052821412] ; [2.1176069749165096]
840 ; 74 ; 330 ; 8 ; [1.0648160254584462] ; [2.4672757246524619]
840 ; 74 ; 330 ; 9 ; [0.045436177160593727] ; [1.8999701088272538]
840 ; 74 ; 330 ; 14 ; [0.98747123776867418] ; [2.113354641469019]
840 ; 74 ; 330 ; 23 ; [2.0614634405097871] ; [1.6089731968092111]
840 ; 74 ; 331 ; 1 ; [0.0090356887964098426] ; [0.084417648298931738]
840 ; 74 ; 332 ; 0 ; [0.13973770544846742] ; [0.73609992556372372]
840 ; 74 ; 332 ; 1 ; [0.21569185324825432] ; [0.18673011526098773]
840 ; 74 ; 333 ; 0 ; [0.051462433229768838] ; [0.15326958687679829]
840 ; 74 ; 333 ; 1 ; [0.40480931253092217] ; [0.84557194155985482]
840 ; 74 ; 333 ; 2 ; [0.44802913787773724] ; [0.15058175963903819]
840 ; 74 ; 333 ; 4 ; [0.36732646157101928] ; [0.065820455540586589]
840 ; 74 ; 333 ; 6 ; [0.086086874660584373] ; [0.60360833259034552]
840 ; 74 ; 333 ; 9 ; [0.010712110307660706] ; [0.43878125627971704]
840 ; 74 ; 334 ; 0 ; [0.9084890203615118] ; [0.052678173235311515]