# Run ; Subrun ; Event ; Track ; Charge Ratios View 0 ; Charge Ratios View 1 #
840 ; 33 ; 0 ; 0 ; [1.1557708869213625] ; [0.58171063101785658]
840 ; 33 ; 1 ; 0 ; [0.85137652610416892] ; [0.70824975626216091]
840 ; 33 ; 1 ; 1 ; [0.53229847292528742] ; [1.2960517884591536]
840 ; 33 ; 2 ; 3 ; [0.61187308500207804] ; [0.49464258641072845]
840 ; 33 ; 3 ; 0 ; [0.0016008579168693877, -0.0020129236935863023] ; [0.20573613181118297, 0.17677611149281797]
840 ; 33 ; 4 ; 0 ; [0.10017369529526239, 0.080487835189598525, 0.020090206922358824] ; [0.28261055980153887, 0.19264980230415163, 0.04052844337192265]
840 ; 33 ; 4 ; 1 ; [0.10691528357147313] ; [0.096777989278795329]
840 ; 33 ; 4 ; 3 ; [0.098474922530935427] ; [0.35467615795712759]
840 ; 33 ; 5 ; 0 ; [1.9242774401638303, -0.16300003124282583] ; [0.25038625219783217, 0.62730249775400115]
840 ; 33 ; 6 ; 0 ; [0.072467386759100208, -0.0032683682512249916] ; [0.25310979405961898, 0.11341210756611451]
840 ; 33 ; 7 ; 0 ; [0.72581124297208466] ; [0.76626691586223794]
840 ; 33 ; 7 ; 1 ; [0.87468906639582422] ; [2.2824347101501172]
840 ; 33 ; 7 ; 2 ; [0.77321255720043791] ; [0.49318785873271642]
840 ; 33 ; 8 ; 1 ; [0.66831826350398338] ; [0.35814995271479311]
840 ; 33 ; 8 ; 5 ; [0.078433418587341042] ; [1.9423626391007305]
840 ; 33 ; 8 ; 10 ; [1.3478241470816865] ; [0.98361917396725129]
840 ; 33 ; 10 ; 0 ; [0.12318968726731203, 0.41146779027284808] ; [0.26023251878492798, 0.28185038948914687]
840 ; 33 ; 10 ; 1 ; [0.55330843639879057, 0.65202313980962068] ; [0.33898397857522067, 0.57006640585811585]
840 ; 33 ; 10 ; 2 ; [0.63581298228191263] ; [0.12353222209856286]
840 ; 33 ; 10 ; 3 ; [0.62896997977586] ; [0.99287149002008646]
840 ; 33 ; 10 ; 4 ; [1.7131998922990768] ; [0.090503844354770144]
840 ; 33 ; 10 ; 5 ; [0.8439766408281284] ; [0.74581623209606607]
840 ; 33 ; 10 ; 6 ; [0.0047882948898160397] ; [0.94156964251863284]
840 ; 33 ; 10 ; 7 ; [2.1724648737230727] ; [0.22353486994953531]
840 ; 33 ; 10 ; 23 ; [0.65548280420447991] ; [0.24454427774082069]
840 ; 33 ; 10 ; 26 ; [1.4697169070636336] ; [2.9289352162258133]
840 ; 33 ; 10 ; 30 ; [3.2151991202628096] ; [0.073691343102896129]
840 ; 33 ; 11 ; 0 ; [0.05592101859423608, 0.006977404415029931] ; [0.27521169076485646, 0.15889357929393744]
840 ; 33 ; 11 ; 1 ; [0.023171099759020024] ; [0.18177113774555309]
840 ; 33 ; 12 ; 0 ; [3.9451025652483618, 0.13256492336046344, 0.16885813943215194] ; [0.61180221127756174, 0.37192582031802945, 0.15460311234895516]
840 ; 33 ; 12 ; 1 ; [0.34150723152347651] ; [0.016510125171048329]
840 ; 33 ; 12 ; 4 ; [0.039003376524842842] ; [0.1560946116665399]
840 ; 33 ; 13 ; 2 ; [0.42617570667338039] ; [1.9334688222039551]
840 ; 33 ; 13 ; 3 ; [0.22153173263462672] ; [0.88332519901756579]
840 ; 33 ; 13 ; 4 ; [0.037347301392812234] ; [2.1551516553132788]
840 ; 33 ; 13 ; 5 ; [0.1611612342608427] ; [2.967829310586795]
840 ; 33 ; 13 ; 6 ; [1.3469202594628085] ; [3.4409054919431288]
840 ; 33 ; 13 ; 7 ; [0.9190992745049813] ; [1.7114755467449121]
840 ; 33 ; 13 ; 14 ; [0.59469390302448055] ; [2.8634015975903075]
840 ; 33 ; 14 ; 0 ; [0.059073342146143716, 0.055760975755572068, -0.0066411599814660341] ; [0.1200351209189718, 0.1559636230287611, 0.091258181316753215]
840 ; 33 ; 15 ; 0 ; [0.12044704771357606] ; [0.18058900762096539]
840 ; 33 ; 16 ; 0 ; [1.9994518479153625] ; [0.92110976166398106]
840 ; 33 ; 16 ; 1 ; [0.5431094631318415] ; [0.74605946708646909]
840 ; 33 ; 16 ; 2 ; [0.44451635672614304] ; [1.6552538138973025]
840 ; 33 ; 16 ; 13 ; [1.383524431643669] ; [2.6506531328957434]
840 ; 33 ; 17 ; 7 ; [0.09690299113413102] ; [0.15102229404177617]
840 ; 33 ; 18 ; 0 ; [0.15821821737484262, 0.087377298303194753, 0.036328653775604285, 0.055852192728903273] ; [0.25453485672730397, 0.18432274849636429, 0.21845245742317176, 0.12284123024368332]
840 ; 33 ; 19 ; 0 ; [0.10939925644092656] ; [0.11390590139626566]
840 ; 33 ; 19 ; 2 ; [0.4407340835771793, 0.29245554843454252] ; [0.32360742292672978, 0.25432668831074362]
840 ; 33 ; 19 ; 3 ; [0.18889585333845837] ; [0.18549932771886682]
840 ; 33 ; 20 ; 0 ; [0.1090619088291276, 0.13010103405037859, 0.024517699347990408] ; [0.17820035993974637, 0.21980456095060102, 0.032219323040594251]
840 ; 33 ; 20 ; 1 ; [0.05015251383720485] ; [0.0057407833207279348]
840 ; 33 ; 21 ; 0 ; [0.20053259634558071, 0.23628506734156746] ; [0.16939504511312917, 0.13696685329259706]
840 ; 33 ; 22 ; 0 ; [0.6854641426491267, 0.55098196907091468, 0.32711880733613719, 0.15602984587873417, 0.31781489393380824] ; [0.22820278103227715, 0.66060353316945331, 0.45981553729819913, 0.16392594952014053, 0.21856311706576467]
840 ; 33 ; 23 ; 0 ; [0.10679684247941075, 0.073041195523681685, 0.096053392229033349, 0.065449240832491026] ; [0.24457216063702869, 0.15971233685263259, 0.23289123485503957, 0.25234023596665817]
840 ; 33 ; 24 ; 0 ; [0.13905761076897713] ; [0.34510177426968142]
840 ; 33 ; 24 ; 2 ; [1.8396788199708354] ; [0.37597539263953933]
840 ; 33 ; 24 ; 7 ; [1.240616486030768] ; [0.71611177454098252]
840 ; 33 ; 25 ; 0 ; [0.015606859319463937, 0.15406692489823673] ; [0.19586505542121047, 0.18719281846764396]
840 ; 33 ; 26 ; 0 ; [0.16015763145607026, 0.53843986509498953, 0.7464872520560828, 0.49233389861117877] ; [0.46911836413042263, 0.46156819324717724, 0.42574087487424228, 0.15800070139107253]
840 ; 33 ; 26 ; 1 ; [0.60306439528069822] ; [0.069006548166526044]
840 ; 33 ; 26 ; 2 ; [0.38567216547565075] ; [0.19858261260675217]
840 ; 33 ; 26 ; 3 ; [0.43364178139080684] ; [0.27498848109933166]
840 ; 33 ; 27 ; 0 ; [0.93046445605124184, 0.086447986609047692] ; [0.35221948631082073, 0.10025323043705994]
840 ; 33 ; 27 ; 1 ; [0.19741215320694977] ; [0.24912541783239531]
840 ; 33 ; 27 ; 2 ; [0.18405370542748467] ; [0.0090310749528660934]
840 ; 33 ; 27 ; 3 ; [1.1964694904778175] ; [0.51107418028339124]
840 ; 33 ; 27 ; 5 ; [0.52631547147288715] ; [0.64423971991002849]
840 ; 33 ; 27 ; 6 ; [1.0671841391183778] ; [3.7172745325850856]
840 ; 33 ; 28 ; 0 ; [1.4505041113952526] ; [1.0565952093177366]
840 ; 33 ; 29 ; 0 ; [0.73011103859016291] ; [0.20174057258493908]
840 ; 33 ; 29 ; 1 ; [0.58718162308847444, 0.25505679688285587] ; [1.1595668644372743, 0.13355791966898323]
840 ; 33 ; 29 ; 2 ; [0.17611516512389802] ; [0.060367963493040529]
840 ; 33 ; 29 ; 3 ; [0.095829495880107807] ; [0.70651134518156744]
840 ; 33 ; 29 ; 5 ; [0.047993471486911743] ; [0.0062534853439220337]
840 ; 33 ; 29 ; 6 ; [2.2469581884481644] ; [0.32942084416331857]
840 ; 33 ; 30 ; 0 ; [0.10400955240774873, 0.040241939008642855, 0.15226563119341258] ; [0.14475834102937502, 0.18087911182578656, 0.16970507208625563]
840 ; 33 ; 31 ; 0 ; [0.061652526821627814, 0.21122124711999371, 0.034051409050986095, 0.055711419928349104] ; [0.15758979458516739, 0.18729349558780403, 0.13874448601034192, 0.1512498879401738]
840 ; 33 ; 32 ; 0 ; [0.13085566174600341, 0.28492105549558111] ; [0.25416865048129589, 0.32213750250109729]
840 ; 33 ; 32 ; 1 ; [2.0525162917496469] ; [1.3903184793370356]
840 ; 33 ; 32 ; 2 ; [0.44006651137253505] ; [0.53864338407296375]
840 ; 33 ; 33 ; 0 ; [0.23665335995785364] ; [0.064644797645919169]
840 ; 33 ; 33 ; 1 ; [0.78130892617582715] ; [0.66159289643980601]
840 ; 33 ; 33 ; 2 ; [0.37066187660387173] ; [0.38709146856522725]
840 ; 33 ; 33 ; 4 ; [1.7002816119265933] ; [1.2292543088554841]
840 ; 33 ; 34 ; 0 ; [0.20758230492903157, 0.29643035655658245, 0.19897684827188286] ; [0.25547855770256561, 0.20085715656532926, 0.15104737819390443]
840 ; 33 ; 36 ; 0 ; [0.086178151092947325, 0.15394110822022103, 0.10318592354904803, 0.16602152327584546] ; [0.19837827930505791, 0.19332619951419738, 0.19336943187600972, 0.1611217303463191]
840 ; 33 ; 37 ; 0 ; [0.0022902040899640676, -0.0055987767285048265, -0.0053222566800321018] ; [0.24070651929880024, 0.13604758268969319, 0.50284917313874611]
840 ; 33 ; 37 ; 1 ; [0.18712268818437003] ; [0.37939188591892326]
840 ; 33 ; 37 ; 2 ; [0.21675779305423865] ; [0.33689073396673941]
840 ; 33 ; 38 ; 0 ; [0.2829437659091244, 0.20756099371828701, 0.12280511668995975] ; [0.18136779804425959, 0.35622007452452398, 0.1099256272448733]
840 ; 33 ; 39 ; 0 ; [-0.0072577716116033137, -0.00083097431066108036] ; [0.22136330715852809, 0.076829486687699233]
840 ; 33 ; 40 ; 0 ; [-0.00034321256715408332, -0.00086835714086060112] ; [0.22963791509848602, 0.099747542417274584]
840 ; 33 ; 40 ; 1 ; [0.25235643809916558] ; [0.065684063625321143]
840 ; 33 ; 41 ; 0 ; [0.087525584928128231, 0.0786290081900788] ; [0.29987244861615781, 0.12054553776248467]
840 ; 33 ; 41 ; 1 ; [0.42851401594528021] ; [0.44625501061447137]
840 ; 33 ; 43 ; 0 ; [0.1375984870169466] ; [0.25174483386846869]
840 ; 33 ; 43 ; 1 ; [0.091559585102372262] ; [0.30711316056021348]
840 ; 33 ; 43 ; 2 ; [0.15116747777340733] ; [0.18009641535410922]
840 ; 33 ; 44 ; 0 ; [0.093012399123122591, 0.20411215972477931, 0.34119614511816876] ; [0.20130566448164819, 0.36741002461586608, 0.30443599765066165]
840 ; 33 ; 45 ; 0 ; [0.2004440678297687, 0.152114094339237, 0.19755540727488399, 0.16804212215644743, 0.092680782169700493] ; [0.22484084556022993, 0.12742232003998408, 0.17363868610286273, 0.18060237872865112, 0.34709338915352994]
840 ; 33 ; 46 ; 0 ; [0.027327855701201456, 0.18385788548555429, 1.037043153696352] ; [0.18689455499487531, 0.30312052554821134, 0.58456728270201153]
840 ; 33 ; 47 ; 0 ; [0.18422791033754302, 0.21789446002831533, 0.28261297270840113, 0.18959540361068891, 0.073489248366391702] ; [0.11315151732521553, 0.22873240561686967, 0.28633306140396914, 0.17616639699743811, 0.0723192357616914]
840 ; 33 ; 47 ; 1 ; [0.065916998042183608] ; [-0.024078247683791625]
840 ; 33 ; 48 ; 0 ; [0.29716747966909046] ; [1.8911119925266995]
840 ; 33 ; 48 ; 4 ; [0.22350581733965541] ; [0.022634567569030546]
840 ; 33 ; 49 ; 0 ; [0.036774529728555598, 0.097693039086629296, 0.021674064299538897] ; [0.2135275358359239, 0.19266341777131579, 0.090517682032052377]
840 ; 33 ; 50 ; 0 ; [0.071317713297964699] ; [0.44572487911568004]
840 ; 33 ; 50 ; 3 ; [2.6942034448221648] ; [0.52242499124196051]
840 ; 33 ; 50 ; 12 ; [0.42089093346936757] ; [0.987048255084232]
840 ; 33 ; 50 ; 20 ; [0.11472755662657913] ; [0.55059604066379153]
840 ; 33 ; 51 ; 1 ; [0.39428747920160734] ; [0.052183930411349416]
840 ; 33 ; 52 ; 0 ; [0.13965918984882708, 0.27794313473215987, 0.16114291539237308, 0.30931943643704446] ; [0.20087151139720918, 0.18649952878428178, 0.27197004390405655, 0.22840067896899682]
840 ; 33 ; 52 ; 1 ; [-0.080788841252740898] ; [0.022657931232957378]
840 ; 33 ; 53 ; 0 ; [0.095300864181783795, 0.089746967635322611, 0.15782753626591864] ; [0.31315393424505128, 0.17207889661249931, 0.15375906015609703]
840 ; 33 ; 54 ; 0 ; [-0.006147574349280197, 0.060350112804304412, 0.046499261053010325, 0.018701278199885971] ; [0.24276983340667099, 0.17117779818299508, 0.39570302207519148, 0.13089276331079377]
840 ; 33 ; 55 ; 0 ; [0.053478328072310864, 0.14450360371159587, 0.42449267965382853] ; [0.58966785520874165, 0.28662991733157589, 0.15650104120630975]
840 ; 33 ; 56 ; 0 ; [0.41746833278441858, 0.26613776526064109, 0.068858722694195851] ; [0.32869460659156635, 0.29410573869654466, 0.1832178376333887]
840 ; 33 ; 56 ; 1 ; [0.059373095233750138] ; [0.026832216721886484]
840 ; 33 ; 57 ; 0 ; [0.10806957714207922, 0.35328353954703484, 0.00097219769739913719] ; [0.14649998428190697, 0.34412191364950967, 0.080346554729672018]
840 ; 33 ; 58 ; 0 ; [0.38544078470248616] ; [0.38211675054674621]
840 ; 33 ; 58 ; 2 ; [0.14584678620694874] ; [1.2770858787700485]
840 ; 33 ; 58 ; 7 ; [0.99278892889685399] ; [3.1991889141593086]
840 ; 33 ; 58 ; 9 ; [1.5779144423959781] ; [0.68858845728132234]
840 ; 33 ; 60 ; 0 ; [0.43275961806410962] ; [0.60597181755107588]
840 ; 33 ; 60 ; 2 ; [2.2055192033013422] ; [1.6922373690942782]
840 ; 33 ; 60 ; 11 ; [4.6651806229551456] ; [2.1544844761285682]
840 ; 33 ; 60 ; 15 ; [2.426467402824501] ; [1.0627207070207618]
840 ; 33 ; 60 ; 16 ; [1.8991362239992546] ; [1.9773675175822847]
840 ; 33 ; 60 ; 20 ; [0.94147092781977038] ; [0.80518099842035162]
840 ; 33 ; 60 ; 21 ; [1.8333884922217598] ; [1.8656424991238103]
840 ; 33 ; 62 ; 1 ; [0.2271571223930072] ; [0.69502515036576384]
840 ; 33 ; 62 ; 2 ; [2.1147451902524552] ; [0.1376102799447822]
840 ; 33 ; 62 ; 3 ; [0.19045915155878371] ; [1.2948232324830802]
840 ; 33 ; 62 ; 6 ; [0.42970039546689304] ; [0.42328405690308268]
840 ; 33 ; 62 ; 9 ; [0.38755502665595409] ; [0.79791749587186678]
840 ; 33 ; 62 ; 12 ; [1.7104523269903991] ; [1.0952160106953985]
840 ; 33 ; 62 ; 17 ; [1.3466244014068107] ; [0.53140151608632646]
840 ; 33 ; 63 ; 0 ; [0.2890036611883493, 0.21323952063130652, 0.23822286757069328, 0.064381229889589123] ; [0.22472569411507728, 0.2137920742048981, 0.22255366917291811, 0.01972324940614844]
840 ; 33 ; 64 ; 3 ; [0.20109646699773728] ; [-0.17566185891891495]
840 ; 33 ; 65 ; 0 ; [0.29543430188412001] ; [0.64220217280292891]
840 ; 33 ; 66 ; 0 ; [0.57407243948173037, 1.1737992293491828] ; [0.51914796458176815, 0.50531406493053421]
840 ; 33 ; 66 ; 2 ; [0.18913492217732716] ; [1.9084428574991295]
840 ; 33 ; 66 ; 3 ; [0.23149880231263792] ; [1.7963511187727799]
840 ; 33 ; 66 ; 4 ; [0.13027593449547564] ; [3.299870268942406]
840 ; 33 ; 67 ; 1 ; [0.012553921622276677] ; [0.16665724629903178]
840 ; 33 ; 67 ; 2 ; [0.055620714604734771] ; [0.2071819433027618]
840 ; 33 ; 68 ; 0 ; [0.21184078736439166] ; [1.0585121927967063]
840 ; 33 ; 68 ; 2 ; [1.5740236701737631] ; [0.20705712822916153]
840 ; 33 ; 69 ; 0 ; [0.5312549290495151] ; [0.031835244620489297]
840 ; 33 ; 69 ; 1 ; [1.2862897828107269] ; [1.924549496661073]
840 ; 33 ; 69 ; 2 ; [0.96870690465838272] ; [1.1581231565953718]
840 ; 33 ; 69 ; 3 ; [4.4667521084868644] ; [1.9488807824400367]
840 ; 33 ; 69 ; 5 ; [1.6260857028618161] ; [2.3302222369026051]
840 ; 33 ; 70 ; 0 ; [0.019423498215116675, -0.0014479423411477483, -0.0094098089421690619] ; [0.20541357173283484, 0.22185628876846591, 0.030162577686604557]
840 ; 33 ; 70 ; 1 ; [0.30326754211779905] ; [0.3592810646505577]
840 ; 33 ; 71 ; 0 ; [0.55319249518169022] ; [0.36256028347879365]
840 ; 33 ; 71 ; 1 ; [-0.01108404976198913] ; [0.091817136105790759]
840 ; 33 ; 72 ; 0 ; [0.0028096824372592878, -0.014879398851178584, 0.0087229517820833075] ; [0.18956932942519147, 0.20625232045310746, 0.17620780328754121]
840 ; 33 ; 73 ; 0 ; [0.28104861524683322, 0.44376343535057, 0.18487093889674744] ; [0.54899347426684186, 0.42008150298197999, 0.19020047981209875]
840 ; 33 ; 73 ; 2 ; [0.035247391329176106] ; [0.012743804000448323]
840 ; 33 ; 73 ; 3 ; [0.36487578492838429] ; [0.30135353071252363]
840 ; 33 ; 74 ; 0 ; [0.91971860905382674, 0.44226250777620985, 0.3025190162063533, 0.26262704872226433, 0.1710095154210933] ; [0.6663667124367455, 0.42581464089826154, 0.17091830988586765, 0.2661370724094233, 0.11840600420697983]
840 ; 33 ; 75 ; 0 ; [0.29907083258174755] ; [1.0575452552427138]
840 ; 33 ; 75 ; 1 ; [0.55415036632979919] ; [0.0021096673541215571]
840 ; 33 ; 75 ; 2 ; [0.041546182591883522] ; [0.06104309600984175]
840 ; 33 ; 75 ; 3 ; [0.15979364843082836] ; [0.076523211935451196]
840 ; 33 ; 75 ; 4 ; [1.5792699769065885] ; [1.6628543861438092]
840 ; 33 ; 75 ; 13 ; [0.10805152314524064] ; [4.2585927557668306]
840 ; 33 ; 76 ; 0 ; [0.11607745268587026, 0.53160120029186853] ; [0.21308968442454115, 0.15421328429754516]
840 ; 33 ; 77 ; 0 ; [0.27096241799573184] ; [0.97993734640256536]
840 ; 33 ; 77 ; 1 ; [0.69862518905711102] ; [0.88775293063704785]
840 ; 33 ; 78 ; 0 ; [-0.022388398250405905, 0.015074786246650871, 0.08869850809913854, -0.0099436971062662784, -0.024473514143740858] ; [0.15758914183558997, 0.13797818778483797, 0.42033310619117981, 0.14067788092426592, 0.13187502306505777]
840 ; 33 ; 79 ; 7 ; [0.81613253149275766] ; [1.748682157818737]
840 ; 33 ; 79 ; 8 ; [1.1978549837323222] ; [1.3462165836155815]
840 ; 33 ; 79 ; 18 ; [2.2436323728381211] ; [1.727176490448215]
840 ; 33 ; 80 ; 0 ; [0.13483200599504855, 0.10140681953710537, 0.14133618102751175] ; [0.211956191304809, 0.16441400880540047, 0.19531368434030591]
840 ; 33 ; 81 ; 0 ; [0.11004836916617164, 0.078671425782299298, -0.029173941024559509] ; [0.1418664585751222, 0.22065429446610826, 0.071420633115065094]
840 ; 33 ; 82 ; 0 ; [0.32844388621436665] ; [0.092187922071447825]
840 ; 33 ; 82 ; 2 ; [0.1570603032694611] ; [0.14217409048994728]
840 ; 33 ; 83 ; 0 ; [1.2464713667999912] ; [1.2724152791969157]
840 ; 33 ; 83 ; 8 ; [0.46485181483165322] ; [0.40938231382983775]
840 ; 33 ; 83 ; 10 ; [0.6670233420555125] ; [0.37885479902791558]
840 ; 33 ; 83 ; 11 ; [0.83337412063850347] ; [1.3086275143760109]
840 ; 33 ; 84 ; 0 ; [0.45446779575046103, 0.29094885699918427, 0.57325368508974761] ; [0.22137059864747222, 0.13571057268885026, 0.2586257526828642]
840 ; 33 ; 85 ; 0 ; [0.2090979748432984, 0.21209729418144155] ; [0.20436322280508878, 0.23887582000140911]
840 ; 33 ; 85 ; 1 ; [0.23647898517541585] ; [0.11275192318432491]
840 ; 33 ; 86 ; 1 ; [0.38059141116846212] ; [0.2227341454312792]
840 ; 33 ; 86 ; 3 ; [0.59566443681290893] ; [0.4809719600411822]
840 ; 33 ; 86 ; 4 ; [0.034645244882035721] ; [0.40821674949547226]
840 ; 33 ; 86 ; 10 ; [0.3083603111005786] ; [2.1805296845067481]
840 ; 33 ; 87 ; 0 ; [0.43644538550406292, 0.45238646913561148, 1.2653048556800568] ; [0.93376682198786842, 0.78325752033686746, 0.47115505557560433]
840 ; 33 ; 87 ; 1 ; [2.9688578481393311] ; [-0.0028036755662877262]
840 ; 33 ; 88 ; 0 ; [0.12035422037998786] ; [0.28823563075882358]
840 ; 33 ; 88 ; 1 ; [0.15206708009978709] ; [0.89019862068432098]
840 ; 33 ; 89 ; 0 ; [0.020759877659912742, 0.020503789117880356] ; [0.32440655058507117, 0.18114290392980273]
840 ; 33 ; 89 ; 1 ; [0.29134405773866118, 0.151629454873836] ; [0.19998156263331826, 0.079747310056095033]
840 ; 33 ; 90 ; 0 ; [0.43368890390745785] ; [0.16140887150880626]
840 ; 33 ; 91 ; 2 ; [0.27100798759814598] ; [0.22962737200779884]
840 ; 33 ; 91 ; 15 ; [0.29768159876515782] ; [0.23706117943508459]
840 ; 33 ; 92 ; 0 ; [0.66594413204551806, 0.28692962156470703, 0.35606374155697329, 0.23933342600614904, 0.18700534368968269] ; [0.14088733164119369, 0.23221166656936509, 0.13915031649130136, 0.24251145129545157, 0.24988182536375256]
840 ; 33 ; 93 ; 0 ; [0.029440252473736103, 0.73201589361823138, 0.40411113257152131] ; [0.2147001557762549, 0.60857866240293301, 0.17082317718866247]
840 ; 33 ; 93 ; 2 ; [0.0029246475047341567] ; [-0.098973362636209428]
840 ; 33 ; 94 ; 0 ; [0.051048058244223461] ; [3.341315706807277]
840 ; 33 ; 94 ; 1 ; [5.7137830466300894] ; [0.17327442964337436]
840 ; 33 ; 94 ; 2 ; [1.2235129773662565] ; [1.4367102245903667]
840 ; 33 ; 94 ; 4 ; [0.69121180287879513] ; [0.48816304569023022]
840 ; 33 ; 94 ; 5 ; [0.68747777308949209] ; [4.168147086602481]
840 ; 33 ; 94 ; 7 ; [2.4834835358726224] ; [1.4323237813500684]
840 ; 33 ; 95 ; 0 ; [0.024846575459438417, 0.066380575748881024, 0.037201196306367278] ; [0.16620789102636316, 0.1586506491123508, 0.11578982560330831]
840 ; 33 ; 96 ; 0 ; [0.015962366815091729, 0.020636033288456337, 0.15257681468611164, 0.10352988698910075] ; [0.14292255479270721, 0.15047508368226681, 0.21299313620758031, 0.20645680584737555]
840 ; 33 ; 97 ; 4 ; [-0.02412379384456392] ; [1.4925593502159524]
840 ; 33 ; 98 ; 1 ; [0.47438684902255096] ; [1.6923776899657732]
840 ; 33 ; 98 ; 2 ; [0.56360152821309362] ; [0.72540728131243393]
840 ; 33 ; 98 ; 3 ; [1.8079461219367023] ; [0.18997865921363938]
840 ; 33 ; 98 ; 6 ; [1.8706703360478087] ; [0.86270047788240256]
840 ; 33 ; 98 ; 7 ; [1.5610954689315621] ; [1.3760927022543903]
840 ; 33 ; 98 ; 10 ; [0.010420714889129658] ; [1.5913140005365669]
840 ; 33 ; 98 ; 13 ; [2.3322530955380545] ; [1.697648017059515]
840 ; 33 ; 98 ; 21 ; [0.85340485565855784] ; [1.8443148314199256]
840 ; 33 ; 98 ; 22 ; [0.33336524345515978] ; [1.6711418525690578]
840 ; 33 ; 98 ; 24 ; [0.28005288336234535] ; [1.1003587843620937]
840 ; 33 ; 99 ; 2 ; [5.7524519872650899] ; [1.163166041141187]
840 ; 33 ; 99 ; 5 ; [0.83243475876081896] ; [1.8102640224364512]
840 ; 33 ; 99 ; 8 ; [2.3791167483142259] ; [1.0836950576996747]
840 ; 33 ; 99 ; 9 ; [0.88507341842183296] ; [0.86153277291438879]
840 ; 33 ; 99 ; 10 ; [4.1425655831243056] ; [1.7591545243102424]
840 ; 33 ; 99 ; 12 ; [0.39789409118974811] ; [1.1873854627742542]
840 ; 33 ; 99 ; 16 ; [-0.023889364830811818] ; [1.0144680791445939]
840 ; 33 ; 100 ; 0 ; [0.26544716916642164, 0.18581500307354848, 0.056206964412599668] ; [0.33052365988280785, 0.26618829765023355, 0.063682575097089869]
840 ; 33 ; 100 ; 2 ; [0.16198778370301881] ; [-0.21397126460207269]
840 ; 33 ; 100 ; 3 ; [-0.0020482798413475546, 0.23033558735546117] ; [0.10909065679990321, 0.089797294455473547]
840 ; 33 ; 103 ; 2 ; [1.7456138282532123] ; [1.0097912544897096]
840 ; 33 ; 104 ; 0 ; [0.98844248403320989] ; [0.84937389917883066]
840 ; 33 ; 104 ; 1 ; [0.09857796072210849] ; [0.1409006445471363]
840 ; 33 ; 104 ; 2 ; [0.70965061151544995] ; [1.1870738195295345]
840 ; 33 ; 104 ; 6 ; [0.16669499101165117] ; [0.5828258873092319]
840 ; 33 ; 104 ; 8 ; [0.44889635820596946] ; [0.53711578159580675]
840 ; 33 ; 104 ; 10 ; [1.8862503678754081] ; [0.15753048053233401]
840 ; 33 ; 104 ; 11 ; [0.38825384290304854] ; [1.3131326328299437]
840 ; 33 ; 104 ; 16 ; [0.67181016803528082] ; [0.5495548643632977]
840 ; 33 ; 105 ; 0 ; [0.59042021222280339] ; [0.14818873627692808]
840 ; 33 ; 105 ; 1 ; [0.068042010326399491] ; [0.047957101968098929]
840 ; 33 ; 105 ; 2 ; [0.064962882042304784] ; [0.053091610736288326]
840 ; 33 ; 106 ; 1 ; [0.2500943576914097] ; [0.075472228515366169]
840 ; 33 ; 106 ; 2 ; [0.19996141856090732] ; [0.19409741846960718]
840 ; 33 ; 107 ; 1 ; [0.21571638207584024] ; [0.20107092304144952]
840 ; 33 ; 108 ; 0 ; [0.37380670090299328, 0.23311086493861805, 0.21953593326107126, 0.14464852865416444] ; [0.10572857626290381, 0.16887537153830701, 0.34811861480789125, 0.38324089336227762]
840 ; 33 ; 110 ; 0 ; [0.1844399467035589, 0.16511850351849083, 0.049328641804114275] ; [0.16305946315049399, 0.16293643116119036, 0.031021161647092909]
840 ; 33 ; 111 ; 0 ; [0.53410301680365346] ; [0.89771450188827229]
840 ; 33 ; 111 ; 2 ; [1.7309478013000597] ; [0.31062592414324991]
840 ; 33 ; 111 ; 4 ; [1.3913752952697611] ; [2.0306517229917653]
840 ; 33 ; 112 ; 0 ; [0.47759123878354781] ; [2.1819540519107306]
840 ; 33 ; 112 ; 1 ; [1.369472215353543] ; [0.85525770093369391]
840 ; 33 ; 112 ; 3 ; [2.4997290623229591] ; [0.4190908171693879]
840 ; 33 ; 112 ; 4 ; [2.0841481821615035] ; [1.3495815859398748]
840 ; 33 ; 112 ; 7 ; [0.29788528782746942] ; [1.520173678265931]
840 ; 33 ; 112 ; 12 ; [2.579613091847436] ; [0.88869206882261531]
840 ; 33 ; 112 ; 13 ; [4.1296294388492738] ; [3.4094101297712482]
840 ; 33 ; 112 ; 15 ; [2.9809396403411519] ; [2.6687771512037419]
840 ; 33 ; 112 ; 17 ; [3.3478159195559249] ; [3.4909387085967714]
840 ; 33 ; 112 ; 24 ; [0.76435879009140384] ; [0.024227873238879056]
840 ; 33 ; 113 ; 1 ; [0.15917437715853497, 0.27423913739118905, 0.35410254322662399] ; [0.11541671819459753, 0.18607569043085237, 0.22903242802347309]
840 ; 33 ; 113 ; 2 ; [0.24851256373386382, 0.085765792940062216] ; [0.42832242124688652, 0.22572715804284404]
840 ; 33 ; 114 ; 0 ; [-0.020841667612922259, -0.017307215799608526] ; [0.1440147867126817, 0.33573224958410919]
840 ; 33 ; 115 ; 0 ; [0.032862264117816592, 0.014901856681187872, 0.011424342389950741] ; [0.22642140154536181, 0.17998346967743153, 0.040427443606034771]
840 ; 33 ; 116 ; 0 ; [0.057264426612268653, 1.759926553816052] ; [0.084886006895481508, 0.089170211936365568]
840 ; 33 ; 117 ; 0 ; [1.6188272171260307, 0.52259579804709233, 0.24870608455038554] ; [0.70504064452408199, 0.4188806043549248, 0.25888925319546985]
840 ; 33 ; 117 ; 1 ; [0.57285909420954118] ; [2.0934976765146369]
840 ; 33 ; 117 ; 4 ; [-0.21463169885951297] ; [-0.081745693343083362]
840 ; 33 ; 118 ; 0 ; [0.044767850451677117] ; [0.1185732570167153]
840 ; 33 ; 118 ; 4 ; [0.090055935896957595] ; [0.34279532663475831]
840 ; 33 ; 119 ; 0 ; [0.20256192963593755, 0.18791081372521831, 0.026878889718421589] ; [0.28952804488072414, 0.52723522078158602, 0.1222038432911062]
840 ; 33 ; 120 ; 1 ; [0.10615189476416499] ; [0.26783067591422732]
840 ; 33 ; 120 ; 3 ; [0.55300475498109847] ; [1.6967617117414069]
840 ; 33 ; 122 ; 0 ; [0.2401875170429417] ; [0.32244426440869528]
840 ; 33 ; 122 ; 1 ; [0.27974380577785352] ; [1.2588432768240772]
840 ; 33 ; 122 ; 2 ; [0.23794561365942118] ; [0.0019391601818543975]
840 ; 33 ; 123 ; 0 ; [0.27102282730133265, 0.1752627072086731, 0.19476026420260184, 0.18918394136651989, 0.035836851782269093] ; [0.29063969290494979, 0.11766818579364677, 0.15667137077001328, 0.20279074478331524, -0.0014666383700323363]
840 ; 33 ; 123 ; 1 ; [0.12978947066176422] ; [0.056203961355527202]
840 ; 33 ; 124 ; 0 ; [0.18840817682639865] ; [0.18595183682416999]
840 ; 33 ; 124 ; 2 ; [0.18008019551238724] ; [0.033756895619628212]
840 ; 33 ; 125 ; 0 ; [0.3996176258313871, 0.40682864033315413] ; [0.38340543340491456, 0.25429912315809661]
840 ; 33 ; 127 ; 0 ; [0.87413125925777246] ; [0.84963615083982691]
840 ; 33 ; 127 ; 1 ; [1.0187668920751038] ; [0.48116893577731984]
840 ; 33 ; 127 ; 2 ; [0.3909140328539098] ; [0.47461786024815711]
840 ; 33 ; 127 ; 4 ; [1.920510361629352] ; [0.100151214189295]
840 ; 33 ; 128 ; 0 ; [1.0133704014862692] ; [0.42484130452522156]
840 ; 33 ; 128 ; 3 ; [1.1631439556073764] ; [4.4392936286475937]
840 ; 33 ; 128 ; 4 ; [0.0041468747709871422] ; [2.529853716044451]
840 ; 33 ; 129 ; 0 ; [0.20047148755868496, 0.13555156219973069, 0.4499986017635606, 0.72859061949960113] ; [0.20665195055045926, 0.14790395566625264, 0.51173636321887261, 0.053954040911613335]
840 ; 33 ; 130 ; 1 ; [0.32292716571522279, 0.47664687077518242, 0.34748429003506259, 0.065993081702708511] ; [0.25939706456471184, 0.45875595127298963, 0.28680415805860426, 0.031543072391230553]
840 ; 33 ; 131 ; 0 ; [0.077502832495602983] ; [0.14119680232284179]
840 ; 33 ; 131 ; 1 ; [0.13932042477177084] ; [0.043758624864108725]
840 ; 33 ; 132 ; 4 ; [3.230853122901971] ; [1.6136406390467382]
840 ; 33 ; 132 ; 8 ; [2.10380740816134] ; [1.7597296194366578]
840 ; 33 ; 132 ; 11 ; [3.5279425072377846] ; [1.8143841659662656]
840 ; 33 ; 132 ; 12 ; [0.95399563958801825] ; [1.9680001491105741]
840 ; 33 ; 132 ; 13 ; [1.2479331533466953] ; [1.2116566707621115]
840 ; 33 ; 133 ; 0 ; [0.59468961041328972, 0.1247731932093962] ; [0.54644571455897151, 0.15126133370031081]
840 ; 33 ; 134 ; 0 ; [0.12486415712286271, 0.013880786141690858, -0.036860847016956778] ; [0.27830217996170142, 0.24785338563939757, 0.095621408370711619]
840 ; 33 ; 135 ; 0 ; [0.050970743936301556, 0.25103729761430266] ; [0.15801484795372334, 0.42607766164890049]
840 ; 33 ; 135 ; 1 ; [5.2896136387257489, 4.5842821911152338] ; [1.0361514296094276, 0.49087938715340346]
840 ; 33 ; 136 ; 2 ; [0.30201435347344918, 0.22603630860384763, 0.19972885967513093] ; [0.26148782397995429, 0.20912767958431636, 0.23434944503799929]
840 ; 33 ; 137 ; 0 ; [0.29696591153761015] ; [0.079802385874132312]
840 ; 33 ; 137 ; 4 ; [0.36387913028534991] ; [0.05876234493605826]
840 ; 33 ; 138 ; 0 ; [0.3428085873682899] ; [1.6102694338700902]
840 ; 33 ; 138 ; 1 ; [0.99179519014270145] ; [0.32675019189979776]
840 ; 33 ; 138 ; 2 ; [0.59047149687089351] ; [0.49470403874395741]
840 ; 33 ; 139 ; 0 ; [0.2808351907834693, 0.006736709200507977] ; [0.49974842526343444, 0.21475500171891662]
840 ; 33 ; 140 ; 0 ; [0.035913890780193546] ; [0.35253833878259805]
840 ; 33 ; 140 ; 1 ; [3.5789346583436634] ; [1.4939260431140298]
840 ; 33 ; 140 ; 2 ; [2.3591126119100068] ; [1.7057077064853392]
840 ; 33 ; 140 ; 3 ; [0.93990603492563329] ; [2.236777560329839]
840 ; 33 ; 140 ; 5 ; [0.4974806701621397] ; [4.450972551262498]
840 ; 33 ; 140 ; 7 ; [0.44118858816187367] ; [3.4179826866272318]
840 ; 33 ; 140 ; 11 ; [2.189797944980715] ; [0.59203524926800322]
840 ; 33 ; 140 ; 13 ; [1.6186607735639609] ; [0.47215114114468743]
840 ; 33 ; 141 ; 0 ; [0.85773083910390868] ; [1.5065000835682256]
840 ; 33 ; 141 ; 2 ; [0.40224800250505666] ; [1.0832885653638291]
840 ; 33 ; 141 ; 3 ; [0.57508031785088609] ; [0.77608346932877903]
840 ; 33 ; 141 ; 5 ; [0.25005518135456645] ; [0.44751750729614748]
840 ; 33 ; 141 ; 9 ; [0.075330097192343529] ; [0.87071729804905229]
840 ; 33 ; 142 ; 0 ; [0.23492301014096095] ; [0.52852249984775079]
840 ; 33 ; 142 ; 1 ; [0.48476338881599462] ; [2.2836265178726052]
840 ; 33 ; 142 ; 2 ; [0.11162272904093415] ; [0.32646358140223364]
840 ; 33 ; 142 ; 3 ; [0.93400659217234339] ; [0.47810295690459659]
840 ; 33 ; 142 ; 4 ; [1.0616123747497095] ; [0.32331879884995551]
840 ; 33 ; 142 ; 5 ; [0.38570281699558479] ; [0.10899134726041869]
840 ; 33 ; 142 ; 6 ; [0.46996563057902818] ; [0.3644908536197497]
840 ; 33 ; 142 ; 10 ; [0.74184989301069482] ; [0.24838793973985265]
840 ; 33 ; 143 ; 0 ; [0.00043476737131465293] ; [0.83461544843698798]
840 ; 33 ; 143 ; 5 ; [1.0710635624100271] ; [0.77802685570363017]
840 ; 33 ; 144 ; 0 ; [0.22131671140361808] ; [0.19043655029943266]
840 ; 33 ; 144 ; 4 ; [0.10659274278510117] ; [0.39209448572436956]
840 ; 33 ; 145 ; 0 ; [0.91914113736724412] ; [0.49200111834966281]
840 ; 33 ; 145 ; 1 ; [0.68115412610003157] ; [3.1739561049423779]
840 ; 33 ; 145 ; 2 ; [1.5441718544528638] ; [1.8391434175162886]
840 ; 33 ; 145 ; 3 ; [1.1192468872279728] ; [4.0806517069870827]
840 ; 33 ; 145 ; 5 ; [1.9028142497116316] ; [3.6962667961423854]
840 ; 33 ; 145 ; 6 ; [0.18598513736554889] ; [3.3070067200770024]
840 ; 33 ; 145 ; 10 ; [3.3776729677280763] ; [3.7928184554059627]
840 ; 33 ; 146 ; 1 ; [2.0872442649374925] ; [0.46155509605703576]
840 ; 33 ; 146 ; 9 ; [0.13304306032901653] ; [0.043173980101131965]
840 ; 33 ; 146 ; 22 ; [0.75801058178567138] ; [0.92135207522963813]
840 ; 33 ; 147 ; 0 ; [0.93444016802879837, 0.11189811044275368] ; [0.097334266907834033, 0.093752759318174547]
840 ; 33 ; 147 ; 1 ; [0.062544607636704969] ; [0.096060769010625005]
840 ; 33 ; 147 ; 2 ; [0.17102850311403811] ; [0.028310301453463152]
840 ; 33 ; 147 ; 5 ; [1.5562882363189812] ; [0.031184525115135187]
840 ; 33 ; 147 ; 8 ; [0.7454483400958809] ; [0.17308843934980944]
840 ; 33 ; 147 ; 10 ; [0.24615099431784479] ; [0.092626351200300147]
840 ; 33 ; 148 ; 0 ; [0.04857140269728253, 0.097657084498782576, 0.11790118569465832, 0.024056927142457947] ; [0.2451935675926511, 0.24185191741603346, 0.35466535463804855, 0.13090296242748647]
840 ; 33 ; 149 ; 0 ; [0.095306858742635142] ; [0.21509029580894101]
840 ; 33 ; 149 ; 1 ; [0.0076373154603060671] ; [0.1548133663798992]
840 ; 33 ; 150 ; 0 ; [0.080446611721450928, 0.12020406238268003, 0.34629900888949366] ; [0.25132972718014118, 0.16792430311897075, 0.13916098827247431]
840 ; 33 ; 150 ; 1 ; [0.059566704371168795] ; [0.055421730527958978]
840 ; 33 ; 151 ; 0 ; [-0.0053636289579605265, 0.030724747449278701, 0.031013048231004356] ; [0.31023112227391225, 0.17343208573126112, 0.078039674678784268]
840 ; 33 ; 151 ; 1 ; [0.40126671551902837] ; [0.1389208363833902]
840 ; 33 ; 151 ; 2 ; [0.075886236076922617] ; [0.003810475325405824]
840 ; 33 ; 152 ; 0 ; [0.28572585973396142] ; [0.26844594252244297]
840 ; 33 ; 152 ; 1 ; [2.5419125563988278] ; [0.8371619783021359]
840 ; 33 ; 153 ; 0 ; [0.0064648933717923497, 0.018685442870053384, 0.013441304650648821, 0.13929633291522528] ; [0.15964346296673435, 0.15045788100146573, 0.31251669421271205, 0.38436196369923192]
840 ; 33 ; 154 ; 0 ; [0.18602814223406097] ; [0.011529651618708911]
840 ; 33 ; 154 ; 1 ; [0.41137164943500498] ; [0.34111565105689057]
840 ; 33 ; 154 ; 9 ; [1.3858451755719128] ; [0.80211411702182145]
840 ; 33 ; 154 ; 10 ; [0.52783219719082419] ; [0.88762110017410811]
840 ; 33 ; 155 ; 0 ; [0.10001122241907275, 0.041432390694864742, 0.055337913430499375, 0.060485949284379455] ; [0.32155619871682878, 0.21833318138169944, 0.23061209863314527, 0.050934315790481063]
840 ; 33 ; 155 ; 1 ; [1.2643705470195208] ; [0.031174290643046474]
840 ; 33 ; 156 ; 0 ; [0.72180938943273354] ; [0.52574637179458172]
840 ; 33 ; 156 ; 1 ; [0.33626792865937954] ; [0.023612671994050649]
840 ; 33 ; 156 ; 2 ; [0.91239847762923076] ; [0.0083610494832910883]
840 ; 33 ; 156 ; 3 ; [1.8155825465546116] ; [3.2264212346877508]
840 ; 33 ; 157 ; 0 ; [0.18740875386215286, 0.15217380504102948, 0.11011504127882674] ; [0.18916853622464772, 0.17274062359353975, 0.067052361495559043]
840 ; 33 ; 157 ; 1 ; [0.54528196281026575] ; [0.25614204206494351]
840 ; 33 ; 158 ; 0 ; [0.089805457769588412, 0.30489647575095447, 0.070395471157177675] ; [0.57061664962757963, 0.29232219634066037, 0.17586073285245046]
840 ; 33 ; 159 ; 0 ; [0.11419362351257861, 0.13494705444620483, 0.093112886050358654, 0.59581591666854716] ; [0.28362734854137744, 0.23419836244393272, 0.17236129707523526, 0.15377653244891981]
840 ; 33 ; 162 ; 0 ; [1.1695643726548532] ; [1.6668284472784436]
840 ; 33 ; 164 ; 0 ; [-0.0017038450534304966, -0.0017898773883448789, 0.032899652472566064, 0.033237079887431825] ; [0.1571660471566437, 0.23597383548021297, 0.20858803907412565, 0.092415115445904208]
840 ; 33 ; 165 ; 0 ; [0.0024843829609362644, 0.040134990668502638] ; [0.22744541473130062, 0.32760554772048078]
840 ; 33 ; 166 ; 0 ; [0.0031171281590851472, 0.0021683248299823495] ; [0.19953137969321594, 0.054124493281655819]
840 ; 33 ; 167 ; 0 ; [0.012601137897155258, -0.02804567223142531, 0.032276060589857977] ; [0.69093138715447389, 0.51485188682044758, 0.13502250451332987]
840 ; 33 ; 168 ; 0 ; [0.13626614298310274] ; [0.23564993288393141]
840 ; 33 ; 168 ; 1 ; [0.59013674547730521] ; [-0.021674419243379449]
840 ; 33 ; 168 ; 4 ; [0.089442552547641066] ; [0.25124292149850053]
840 ; 33 ; 169 ; 2 ; [3.1996902759688921] ; [1.4083811073233474]
840 ; 33 ; 169 ; 4 ; [5.825758266696961] ; [1.8025200767015768]
840 ; 33 ; 169 ; 5 ; [0.13632822564794361] ; [0.22454817088575943]
840 ; 33 ; 169 ; 7 ; [0.97211049663768034] ; [0.30734579588315603]
840 ; 33 ; 169 ; 13 ; [2.2922790964677975] ; [4.0590929341563795]
840 ; 33 ; 169 ; 16 ; [2.8105608050502466] ; [5.1727446939193005]
840 ; 33 ; 169 ; 19 ; [1.0884651784261732] ; [11.654258645788723]
840 ; 33 ; 169 ; 21 ; [1.2615063175944741] ; [3.7089499128911836]
840 ; 33 ; 169 ; 23 ; [0.81193089061253565] ; [0.58906612088581922]
840 ; 33 ; 169 ; 24 ; [3.5857998095125012] ; [0.38759177442182535]
840 ; 33 ; 170 ; 0 ; [0.31199139887855154] ; [1.6378436798161149]
840 ; 33 ; 170 ; 1 ; [1.8771469577727551] ; [-0.0074027054912031076]
840 ; 33 ; 170 ; 3 ; [0.38018572455742261] ; [1.8675483258425483]
840 ; 33 ; 170 ; 6 ; [2.0356342146914534] ; [1.5738700049272856]
840 ; 33 ; 170 ; 7 ; [1.6620915832911396] ; [1.2819597419382802]
840 ; 33 ; 170 ; 8 ; [2.9925776495422372] ; [2.9740985233060577]
840 ; 33 ; 170 ; 9 ; [2.8488737278019554] ; [1.9479093517882109]
840 ; 33 ; 171 ; 0 ; [0.0031568372874806014, 0.0014245198974505515] ; [0.099271216169015325, 0.23707549821427154]
840 ; 33 ; 172 ; 1 ; [0.54054515536984049, 0.97338607626043672] ; [0.64206255297269466, 0.97631514600875202]
840 ; 33 ; 172 ; 2 ; [1.4233568410707387] ; [0.73058961225480135]
840 ; 33 ; 172 ; 3 ; [0.59773933760232445] ; [0.47786114441482119]
840 ; 33 ; 173 ; 0 ; [0.062586945035789543, 0.52353450352147579] ; [0.11895829846727579, 0.51540271774066304]
840 ; 33 ; 173 ; 1 ; [-0.037504172109071345] ; [0.012029481562792309]
840 ; 33 ; 174 ; 0 ; [0.15138954269303001, 0.096040851388259074, 0.0088766645940237879] ; [0.22040175699399595, 0.19868496045653966, 0.039088258696232038]
840 ; 33 ; 174 ; 1 ; [2.0327403146845815] ; [0.24381906490150737]
840 ; 33 ; 175 ; 0 ; [1.0445430911848654] ; [0.61989488177197571]
840 ; 33 ; 175 ; 1 ; [0.6649636615076342, 0.43673937075345937] ; [0.51252542873368834, 0.052065149838859417]
840 ; 33 ; 175 ; 5 ; [0.72250500745177892] ; [0.66426675741195962]
840 ; 33 ; 175 ; 9 ; [0.83641749649380681] ; [0.59191092584288363]
840 ; 33 ; 175 ; 11 ; [0.27508200342456524] ; [0.7610504000527486]
840 ; 33 ; 176 ; 0 ; [0.18743028748304805, 0.07306893800534775] ; [0.35904692247882741, 0.19208857089684889]
840 ; 33 ; 176 ; 1 ; [2.790594565708215] ; [0.52534515673771831]
840 ; 33 ; 177 ; 0 ; [0.30736460232958884, 0.15005593372280782, 0.21427356618163129, 0.19565204328369643, 0.20630759841607385] ; [0.14564477959173841, 0.16046158388696266, 0.21149453466408025, 0.24227922968417034, 0.21910175927246586]
840 ; 33 ; 178 ; 0 ; [0.0050824276180179003] ; [0.13485734373736882]
840 ; 33 ; 178 ; 1 ; [0.053609415131451947] ; [1.3476567691033583]
840 ; 33 ; 178 ; 2 ; [0.0071583059846030851] ; [4.927876118904174]
840 ; 33 ; 179 ; 0 ; [0.016550746999322734] ; [0.18050236709752671]
840 ; 33 ; 179 ; 1 ; [0.21249773231165395, 0.48335576334725866] ; [0.13358412432358099, 0.053207661388119408]
840 ; 33 ; 179 ; 2 ; [0.027277345030033602] ; [0.71896514755424079]
840 ; 33 ; 179 ; 3 ; [0.17321696253949184] ; [0.11796515931819235]
840 ; 33 ; 179 ; 5 ; [0.23015689587934612] ; [0.60661622476656107]
840 ; 33 ; 179 ; 6 ; [0.53711921305017307] ; [0.33054724602932711]
840 ; 33 ; 180 ; 0 ; [0.91790661360671599, 0.099565358662915548, 0.77148750162195801] ; [0.38333099404314158, 0.27731862356637926, 0.10543137562226294]
840 ; 33 ; 180 ; 1 ; [0.42321537953773941] ; [0.35949415724089312]
840 ; 33 ; 181 ; 0 ; [0.19079684075310963, 0.32299622861203797, 0.033849752640948971] ; [0.22364072807188118, 0.30957890131627208, 0.05098563159502003]
840 ; 33 ; 181 ; 1 ; [0.15052933988085629] ; [0.078741449918151615]
840 ; 33 ; 182 ; 0 ; [0.20928925880217522, 0.23913216522514394, 0.11061691351784141] ; [0.41201238761598241, 0.30454025271283802, 0.12687812097550452]
840 ; 33 ; 183 ; 0 ; [0.0056377138701241654, -0.011818092171186781] ; [0.31799865818845657, 0.17053377810470163]
840 ; 33 ; 184 ; 0 ; [1.5085543043373184, 0.40789677913358424] ; [0.36003498190794109, 0.15762944509031238]
840 ; 33 ; 184 ; 1 ; [0.50347237787659838] ; [0.16027881584709691]
840 ; 33 ; 184 ; 2 ; [0.28178252099414097] ; [6.2393155083016572]
840 ; 33 ; 184 ; 3 ; [0.30452390407898855] ; [0.5207607800922186]
840 ; 33 ; 184 ; 4 ; [6.9625839562607013] ; [8.4685365154063472]
840 ; 33 ; 184 ; 5 ; [1.9291205328748384] ; [0.44129871418359556]
840 ; 33 ; 184 ; 7 ; [2.8842586931440573] ; [0.50344467690419459]
840 ; 33 ; 184 ; 8 ; [6.1247002673000548] ; [4.428001350105478]
840 ; 33 ; 184 ; 9 ; [0.99796040808445441] ; [0.72441136354407809]
840 ; 33 ; 184 ; 11 ; [2.9542630251936899] ; [5.9805400016739707]
840 ; 33 ; 184 ; 16 ; [1.4587480309889205] ; [0.5155278034680929]
840 ; 33 ; 184 ; 18 ; [1.6525280530894966] ; [0.40929524610902979]
840 ; 33 ; 184 ; 19 ; [1.2657921321839274] ; [0.033226657458215875]
840 ; 33 ; 185 ; 21 ; [0.25204166259241578] ; [0.74006274480927714]
840 ; 33 ; 186 ; 0 ; [0.23195594348988824, 0.19621699562379072, 0.17090719122088885, 0.43835634122880796] ; [0.22684943869172752, 0.16657620206207754, 0.16143477041485405, 0.19175566604550395]
840 ; 33 ; 186 ; 1 ; [0.23252954157192224] ; [0.15803772964292459]
840 ; 33 ; 187 ; 0 ; [0.089555329840077066] ; [0.054762881736409738]
840 ; 33 ; 188 ; 0 ; [0.12473887222286952, -0.01931703589395482, 0.20652288829211571] ; [0.44223269219738975, 0.15644200233015229, 0.13021016806942554]
840 ; 33 ; 188 ; 2 ; [-0.010350746558886917] ; [0.058763194128444753]
840 ; 33 ; 189 ; 0 ; [0.7050789289890661] ; [0.33767409756734001]
840 ; 33 ; 189 ; 3 ; [0.83947610302096676] ; [0.0765464659820876]
840 ; 33 ; 190 ; 0 ; [0.010050565353651264] ; [0.14066871566669192]
840 ; 33 ; 190 ; 1 ; [2.4960511140872397] ; [0.87829061273076436]
840 ; 33 ; 191 ; 0 ; [0.53844118293164522, 2.039598738275227] ; [0.43912880095560702, 0.83161771163577958]
840 ; 33 ; 191 ; 1 ; [0.4645864646242428] ; [0.4945604118533985]
840 ; 33 ; 192 ; 0 ; [0.17638157388816059, 0.34946927099775055] ; [0.31192695349055494, 0.22008136548233945]
840 ; 33 ; 192 ; 3 ; [0.007277924374591376] ; [0.032937475614104691]
840 ; 33 ; 193 ; 0 ; [0.05251951012428404, 0.057436301997760196, 0.059495821336915847] ; [0.23596790807857335, 0.16778246868188651, 0.050633714172481831]
840 ; 33 ; 194 ; 0 ; [0.73270323797419223] ; [0.69979284127943975]
840 ; 33 ; 195 ; 0 ; [0.15763088374263259, 0.13242636866149046, 0.027977559155508005] ; [0.17455743214536604, 0.17821341375482871, 0.085168167833674854]
840 ; 33 ; 196 ; 14 ; [1.1802012778916184] ; [0.41040836275393133]
840 ; 33 ; 198 ; 0 ; [0.043004864712191185, 0.096734445452259996, 0.066748155143519144, 0.059945382029283498] ; [0.17470675215289064, 0.22794364703329137, 0.36866067702185928, 0.1406230999139837]
840 ; 33 ; 199 ; 0 ; [0.29315204740036294] ; [0.41832557433335121]
840 ; 33 ; 199 ; 1 ; [3.2442607572811708] ; [0.11724210035473234]
840 ; 33 ; 199 ; 3 ; [0.033938698886939171] ; [1.7961339094935689]
840 ; 33 ; 199 ; 5 ; [3.1146153557527216] ; [1.6478602966035858]
840 ; 33 ; 199 ; 6 ; [2.6516587044324553] ; [2.2499957569569977]
840 ; 33 ; 200 ; 0 ; [0.2220643310786177, 0.054622606263928675] ; [0.26847364204681096, 0.13553044891977375]
840 ; 33 ; 201 ; 0 ; [0.13527343870580383] ; [0.24535828636687548]
840 ; 33 ; 202 ; 0 ; [0.09896087210492481] ; [0.35076937380603268]
840 ; 33 ; 202 ; 2 ; [1.7729305557172776] ; [1.3528685756303538]
840 ; 33 ; 202 ; 6 ; [0.42671017807850242] ; [0.46240818020727786]
840 ; 33 ; 203 ; 1 ; [0.05303989384809113] ; [-0.0095727310773293661]
840 ; 33 ; 204 ; 0 ; [0.39686370316926123] ; [0.95701279045447651]
840 ; 33 ; 204 ; 1 ; [0.59107350633135036] ; [0.7895491455422009]
840 ; 33 ; 204 ; 8 ; [0.36238326658586706] ; [1.3044553495403468]
840 ; 33 ; 204 ; 19 ; [2.2830453837244042] ; [1.9013540410974272]
840 ; 33 ; 204 ; 27 ; [1.3002947381966214] ; [1.381445470184095]
840 ; 33 ; 204 ; 32 ; [0.0097328220386277507] ; [1.6179896972280938]
840 ; 33 ; 204 ; 33 ; [0.54601764167510247] ; [0.99889196740874087]
840 ; 33 ; 204 ; 34 ; [0.32718759527022878] ; [1.4020629905833866]
840 ; 33 ; 204 ; 37 ; [0.62945234514835213] ; [2.3761792961302644]
840 ; 33 ; 205 ; 0 ; [0.023591077511725012, 0.1081341678452688] ; [0.061979144409026833, 0.020177216182788796]
840 ; 33 ; 205 ; 1 ; [0.36347149933687006] ; [0.14093233090487242]
840 ; 33 ; 206 ; 0 ; [0.20223055049138441, 0.14276312676254943] ; [0.26119993699206612, 0.40365556924867307]
840 ; 33 ; 206 ; 1 ; [0.14077510445189567] ; [0.16348321396336546]
840 ; 33 ; 207 ; 0 ; [0.16084688454070428, 1.0314832652757981, 1.4085478015745598] ; [0.11956108568504015, 0.25441171342882618, 0.45555188643870648]
840 ; 33 ; 207 ; 1 ; [2.419167226895945] ; [0.7973101452291157]
840 ; 33 ; 207 ; 4 ; [1.8003753196507648] ; [1.3634932599439957]
840 ; 33 ; 208 ; 0 ; [0.12227616358037005, 0.14319066870429256, 0.37054766505876119, 0.14101943805697409] ; [0.24240841297060686, 0.23789694319112481, 0.66026098748643003, 0.36190308559446221]
840 ; 33 ; 209 ; 0 ; [0.53530083051602373] ; [0.058488334221435463]
840 ; 33 ; 209 ; 1 ; [0.1970741339032159] ; [0.20853764659994323]
840 ; 33 ; 210 ; 0 ; [0.44610765288081172] ; [0.53556222430769795]
840 ; 33 ; 211 ; 2 ; [0.62137022609114534] ; [0.51951637947038976]
840 ; 33 ; 211 ; 3 ; [3.6163250632430848] ; [0.0631738549762344]
840 ; 33 ; 211 ; 4 ; [0.25350562553146766] ; [0.93689941619962036]
840 ; 33 ; 211 ; 7 ; [0.31904283957841884] ; [0.71462722642911713]
840 ; 33 ; 211 ; 8 ; [1.5915011113051685] ; [0.29976322193802046]
840 ; 33 ; 211 ; 9 ; [0.40933145947270905] ; [0.10044401395273263]
840 ; 33 ; 211 ; 10 ; [0.62032873574283676] ; [1.0837704353712263]
840 ; 33 ; 211 ; 11 ; [1.0051827381908931] ; [0.1839231979612205]
840 ; 33 ; 211 ; 16 ; [0.87706060258207019] ; [0.74481695101395395]
840 ; 33 ; 211 ; 17 ; [0.13007576600862322] ; [0.70321246980330243]
840 ; 33 ; 211 ; 24 ; [0.81239599992134104] ; [1.6147958097096966]
840 ; 33 ; 211 ; 26 ; [0.46781026155221916] ; [1.5224591045637235]
840 ; 33 ; 211 ; 27 ; [0.41028387014700146] ; [0.6849111926944027]
840 ; 33 ; 211 ; 28 ; [1.3074829418628313] ; [0.68771761710788903]
840 ; 33 ; 212 ; 2 ; [0.69833004023676681] ; [1.713265540829088]
840 ; 33 ; 212 ; 3 ; [0.36986464049840945] ; [0.32164277981461536]
840 ; 33 ; 212 ; 4 ; [0.08020780314675599] ; [0.88492438986993083]
840 ; 33 ; 212 ; 13 ; [0.49416627266093444] ; [0.062051113613718997]
840 ; 33 ; 213 ; 0 ; [0.3587931354031369, 0.307506381523525, 0.16833097698948177, 0.07580152596590338] ; [0.37548123021891561, 0.37699567783994842, 0.282325223836702, 0.13150538470431658]
840 ; 33 ; 213 ; 1 ; [0.24050334097240875] ; [0.23345837323400129]
840 ; 33 ; 214 ; 0 ; [0.84552211350056306, 0.029977387235839918] ; [0.24263069246910671, 0.078254803609566589]
840 ; 33 ; 214 ; 2 ; [0.67432651811296751] ; [0.98504338997990704]
840 ; 33 ; 214 ; 8 ; [0.84742932449139241] ; [1.3748455195555296]
840 ; 33 ; 214 ; 11 ; [-0.019874853506702518] ; [-0.44680214333642126]
840 ; 33 ; 216 ; 0 ; [0.4786290964103071, 0.32564299052881385, 0.12273091041002804] ; [0.38228687258422367, 0.32043494175321269, 0.28086188385325556]
840 ; 33 ; 217 ; 0 ; [0.30141491556364608] ; [0.21642091777764724]
840 ; 33 ; 217 ; 3 ; [0.81929881429282259] ; [0.12493847878499913]
840 ; 33 ; 218 ; 0 ; [0.13815230174228682, 0.76234132690883594] ; [0.25388749750782669, 0.1742257398574745]
840 ; 33 ; 218 ; 2 ; [0.00021952398692669012] ; [-0.0045317760479712177]
840 ; 33 ; 218 ; 3 ; [0.049102096132482502] ; [-0.025454921118578611]
840 ; 33 ; 218 ; 4 ; [0.067526978932048481] ; [0.13760062618459618]
840 ; 33 ; 219 ; 1 ; [0.27808573113537777] ; [0.4079987763593026]
840 ; 33 ; 220 ; 0 ; [0.0097032802512972104, 0.024313530383137376, 0.039693701837734602, 0.14817435345150579] ; [0.082111671131971223, 0.12985587946340413, 0.20838317266408515, 0.15301852679814984]
840 ; 33 ; 221 ; 1 ; [0.80808155523737146] ; [0.22788539096276789]
840 ; 33 ; 221 ; 2 ; [0.53525112955729126] ; [0.43725608378274167]
840 ; 33 ; 221 ; 4 ; [1.9668177546673766] ; [0.71181270595786272]
840 ; 33 ; 221 ; 11 ; [1.4625387098902933] ; [0.75894912230075506]
840 ; 33 ; 222 ; 0 ; [0.40084457149934466, 0.16869902880234044, 0.14294614897773833] ; [0.31826099197919538, 0.92710827163923826, 0.2971289732999049]
840 ; 33 ; 222 ; 1 ; [-0.0033111541411002957] ; [0.5194281634704272]
840 ; 33 ; 223 ; 0 ; [0.16871615146491192, 0.014447261034086943] ; [0.14541948992387824, 0.41326213804389089]
840 ; 33 ; 223 ; 1 ; [0.26668452705189771] ; [0.18203574196831734]
840 ; 33 ; 223 ; 2 ; [0.81694607089408111] ; [0.22918229994924152]
840 ; 33 ; 223 ; 4 ; [0.38991463013506761, 0.36543718464211133, 0.28137103535159541, 0.21441543090663848] ; [0.22377216292209604, 0.19496098318765709, 0.1724335830834805, 0.25738522899933836]
840 ; 33 ; 224 ; 4 ; [1.4861528997057103] ; [1.5572545004652809]
840 ; 33 ; 225 ; 0 ; [0.24682658153001236, 0.21150640210161786, 0.13717465207196403] ; [0.20863199890858447, 0.17669844247654415, 0.17932107564676333]
840 ; 33 ; 225 ; 1 ; [0.77382092640773903] ; [0.062941993388340028]
840 ; 33 ; 226 ; 0 ; [0.36016779909370533] ; [2.7496904993762339]
840 ; 33 ; 227 ; 0 ; [1.2060649849050131] ; [0.43961087577573793]
840 ; 33 ; 227 ; 1 ; [0.67283898681493115] ; [0.046640292092761229]
840 ; 33 ; 227 ; 4 ; [2.4743124085481814] ; [1.544812907655132]
840 ; 33 ; 227 ; 6 ; [0.15737454813544852] ; [0.0065487660771472748]
840 ; 33 ; 228 ; 0 ; [0.36668582094336771] ; [0.32752257852898881]
840 ; 33 ; 228 ; 4 ; [0.73337950189769463, 0.38900388898919513, 0.19945982146983826, 0.18968495010089384, 0.12972791797436012] ; [0.61378173983629369, 0.13107478919937268, 0.53350376278400169, 0.18900608828921009, 0.28235589593422461]
840 ; 33 ; 229 ; 0 ; [1.7129630680289365] ; [0.42402755992698044]
840 ; 33 ; 229 ; 2 ; [0.52336451216901481] ; [-0.030349799998418026]
840 ; 33 ; 230 ; 0 ; [0.26613151344069974, 0.15614966674305256] ; [0.22989052287937664, 0.14503769939575697]
840 ; 33 ; 230 ; 1 ; [0.20953013006526541, 0.21890755430475647] ; [0.18287152060252435, 0.15401389019994977]
840 ; 33 ; 231 ; 2 ; [0.6939946161475028] ; [0.26902869074817609]
840 ; 33 ; 231 ; 8 ; [2.1340406998741135] ; [1.7566343319803777]
840 ; 33 ; 232 ; 7 ; [0.54444347041700925] ; [0.64321813895001934]
840 ; 33 ; 232 ; 13 ; [1.8449501954323804] ; [1.0279070454085248]
840 ; 33 ; 232 ; 14 ; [2.2986077943973258] ; [0.066152037847058281]
840 ; 33 ; 233 ; 1 ; [0.28356040879299294] ; [0.22140125376281922]
840 ; 33 ; 233 ; 4 ; [0.086818236639307628, 0.11704697879680129, 0.15965053562767556] ; [0.49571345589316607, 0.2114493929643097, 0.25614330954585501]
840 ; 33 ; 234 ; 0 ; [0.97567758872491117] ; [0.076888949670181186]
840 ; 33 ; 234 ; 1 ; [1.8442064722364782] ; [2.6683889811583561]
840 ; 33 ; 234 ; 3 ; [-0.0021134433924813747] ; [5.8141674021726111]
840 ; 33 ; 234 ; 4 ; [1.7184952313349549] ; [0.40089033124685192]
840 ; 33 ; 234 ; 5 ; [1.0495249532037367] ; [3.1727408400047099]
840 ; 33 ; 234 ; 10 ; [1.6509840982264774] ; [0.65777038333360305]
840 ; 33 ; 234 ; 12 ; [0.71099649157884293] ; [2.899589386147261]
840 ; 33 ; 234 ; 13 ; [1.9993734158937844] ; [0.10691792429933336]
840 ; 33 ; 234 ; 15 ; [0.50565832760436991] ; [0.77479191954191784]
840 ; 33 ; 234 ; 16 ; [1.5395121635728972] ; [0.59973721757272769]
840 ; 33 ; 235 ; 0 ; [1.4163971907918063] ; [0.59937172129275207]
840 ; 33 ; 235 ; 2 ; [0.33557845925744595] ; [0.15139541423790626]
840 ; 33 ; 235 ; 4 ; [0.79069897383268228] ; [0.95694941074422324]
840 ; 33 ; 235 ; 13 ; [0.58278110059686083] ; [0.51033449287426191]
840 ; 33 ; 235 ; 14 ; [1.4945324643387081] ; [0.28946275532026927]
840 ; 33 ; 236 ; 0 ; [0.38586875150341682, 0.31157130318095477] ; [0.25691095926155866, 0.2624657862781693]
840 ; 33 ; 237 ; 0 ; [1.5044075773530186] ; [0.40802664493349067]
840 ; 33 ; 237 ; 2 ; [0.66441446540601989] ; [0.55349241664610072]
840 ; 33 ; 237 ; 6 ; [0.46052767476126955] ; [0.58628547940738163]
840 ; 33 ; 237 ; 9 ; [0.21852263505071312] ; [0.59537652795821894]
840 ; 33 ; 238 ; 0 ; [0.13860838013681265, 0.11144847519425946, 0.35554305282840054] ; [0.32302174703128345, 0.25417746749779391, 0.20638456936805608]
840 ; 33 ; 239 ; 0 ; [0.24270604993194408] ; [0.28499243587963929]
840 ; 33 ; 239 ; 3 ; [0.34500684638213447] ; [0.4457727889228203]
840 ; 33 ; 239 ; 8 ; [0.27717617226111002] ; [0.20668428302860531]
840 ; 33 ; 240 ; 0 ; [1.897196639666465] ; [0.47123650694641583]
840 ; 33 ; 240 ; 3 ; [0.82327922576729995] ; [4.2083592136169514]
840 ; 33 ; 240 ; 4 ; [0.019773591071705347] ; [1.3716791753713797]
840 ; 33 ; 240 ; 5 ; [0.53119587712963234] ; [1.7425569514110399]
840 ; 33 ; 240 ; 7 ; [0.16475312290701521] ; [1.8485631540626792]
840 ; 33 ; 240 ; 9 ; [1.3708898959370541] ; [1.0586585578587788]
840 ; 33 ; 240 ; 12 ; [0.36949078623310488] ; [2.3223329286906402]
840 ; 33 ; 240 ; 13 ; [3.9116873772330942] ; [1.1433364655584934]
840 ; 33 ; 240 ; 18 ; [0.012326458600339034] ; [2.0970772665546837]
840 ; 33 ; 240 ; 19 ; [2.5207883266603348] ; [2.4026290587082517]
840 ; 33 ; 241 ; 1 ; [1.5570911160856096] ; [0.4010086412196629]
840 ; 33 ; 241 ; 6 ; [0.7141193395779758] ; [1.8701118302934874]
840 ; 33 ; 241 ; 7 ; [2.3021956324434698] ; [1.5712365152473222]
840 ; 33 ; 241 ; 8 ; [1.1490278782032837] ; [0.57760122147904147]
840 ; 33 ; 241 ; 10 ; [1.2555344056414837] ; [0.92998100031945885]
840 ; 33 ; 241 ; 11 ; [4.6248551171862076] ; [5.3613762492163648]
840 ; 33 ; 241 ; 16 ; [1.6223190872074333] ; [0.5006415534557902]
840 ; 33 ; 241 ; 17 ; [3.4289658589466181] ; [1.4366356607440434]
840 ; 33 ; 241 ; 19 ; [1.2662126627014469] ; [1.7502462441307636]
840 ; 33 ; 241 ; 23 ; [2.4675307799305468] ; [1.5605130165386729]
840 ; 33 ; 241 ; 25 ; [1.4826889726513772] ; [1.2005535927088511]
840 ; 33 ; 241 ; 26 ; [5.110321710924115] ; [2.0740636185416772]
840 ; 33 ; 241 ; 30 ; [2.4299580190065373] ; [2.6466811218568087]
840 ; 33 ; 241 ; 31 ; [0.38411584344428767] ; [2.0303217270841114]
840 ; 33 ; 241 ; 32 ; [0.31828874659171319] ; [1.4322938335663149]
840 ; 33 ; 241 ; 33 ; [0.50448935850557375] ; [2.0005476568344553]
840 ; 33 ; 241 ; 36 ; [1.1573824982337311] ; [1.2080628016474488]
840 ; 33 ; 241 ; 40 ; [2.0391342317232528] ; [1.9632889519683911]
840 ; 33 ; 241 ; 48 ; [1.486596201641315] ; [0.68071882197360434]
840 ; 33 ; 241 ; 50 ; [1.2371798325333214] ; [1.3164985791290618]
840 ; 33 ; 241 ; 51 ; [2.4268355521945049] ; [0.88138221294166808]
840 ; 33 ; 241 ; 52 ; [0.93632483038751468] ; [0.86094920073957504]
840 ; 33 ; 241 ; 56 ; [2.8290648336504511] ; [1.0884783608384569]
840 ; 33 ; 241 ; 57 ; [1.8164360220335118] ; [0.39820279959467431]
840 ; 33 ; 241 ; 58 ; [4.438242394955795] ; [1.0335716462730564]
840 ; 33 ; 242 ; 0 ; [-0.0024109473584320016, 0.035443744362356561, -0.0099643947434449719, 0.024643890955670922] ; [0.17408975222151318, 0.37244267849979823, 0.22157223633595455, 0.19507940383399611]
840 ; 33 ; 242 ; 2 ; [-0.064115150790388958] ; [0.4441916518375108]
840 ; 33 ; 243 ; 0 ; [0.0096370548169396834, 0.0081759498676059819] ; [0.16172620066691265, 0.10216226706495814]
840 ; 33 ; 244 ; 0 ; [0.18520255048355044, 0.11046543769976447] ; [0.19988815319719583, 0.13642680810968139]
840 ; 33 ; 245 ; 3 ; [0.89208179459721193] ; [0.56265705803126909]
840 ; 33 ; 245 ; 7 ; [0.97859603626507763] ; [1.3699794247186472]
840 ; 33 ; 245 ; 8 ; [0.84927214782155735] ; [0.50308633834740224]
840 ; 33 ; 246 ; 0 ; [4.0886945317391179] ; [1.2467006844139021]
840 ; 33 ; 246 ; 1 ; [1.7414747914218458] ; [3.4470607028684994]
840 ; 33 ; 247 ; 0 ; [0.075529906592791407, 0.077091861421625801, -0.00042475310192422719] ; [0.18384410203637744, 0.14830770803162982, 0.072744565786181395]
840 ; 33 ; 247 ; 1 ; [0.21533597338934007] ; [0.019594666500666741]
840 ; 33 ; 248 ; 0 ; [0.33292676027847706] ; [0.22284348844456403]
840 ; 33 ; 248 ; 1 ; [1.1295614726300307] ; [0.83349193616209349]
840 ; 33 ; 248 ; 2 ; [0.16814842879826417] ; [0.75583810609095314]
840 ; 33 ; 248 ; 3 ; [0.49823749758330083] ; [0.096626024697926999]
840 ; 33 ; 249 ; 0 ; [0.2797340718267981] ; [0.32318758217813615]
840 ; 33 ; 249 ; 1 ; [0.29006325195045363] ; [0.018796340922214303]
840 ; 33 ; 250 ; 0 ; [0.91213253096408675] ; [1.7709090614457055]
840 ; 33 ; 250 ; 1 ; [0.55185954568611495] ; [1.1881510449305737]
840 ; 33 ; 250 ; 2 ; [0.8943113733043524] ; [1.4726233264891953]
840 ; 33 ; 250 ; 6 ; [1.0656504118385564] ; [5.2353557659263359]
840 ; 33 ; 250 ; 7 ; [1.1954439668321932, 1.0237168344182577] ; [2.0133172793443679, 1.1457281458003838]
840 ; 33 ; 250 ; 10 ; [1.0480864641352454] ; [2.1717224039523768]
840 ; 33 ; 250 ; 11 ; [0.74720914146771711] ; [0.92608302522140551]
840 ; 33 ; 250 ; 13 ; [2.0022568487038237] ; [1.5648327601804159]
840 ; 33 ; 250 ; 14 ; [3.7141137658886363] ; [3.2716036760590366]
840 ; 33 ; 250 ; 15 ; [1.1248830098975897] ; [1.2788571888391671]
840 ; 33 ; 250 ; 16 ; [2.5686960678793658] ; [1.5825715618015457]
840 ; 33 ; 250 ; 17 ; [1.7993783785186714] ; [2.0516533409033864]
840 ; 33 ; 250 ; 20 ; [0.7914570325807575] ; [1.9390614696821471]
840 ; 33 ; 250 ; 22 ; [2.4253824420789187] ; [1.750047089160377]
840 ; 33 ; 250 ; 23 ; [1.7897395620274561] ; [1.4530452238658886]
840 ; 33 ; 250 ; 28 ; [1.5864472354458228] ; [1.501337858696858]
840 ; 33 ; 250 ; 30 ; [1.1908636609808889] ; [1.563933712303506]
840 ; 33 ; 250 ; 31 ; [0.88901572099944792] ; [1.6979048132955274]
840 ; 33 ; 250 ; 32 ; [0.78435333316067157] ; [1.635680088347756]
840 ; 33 ; 250 ; 33 ; [1.9710978567616046] ; [1.6414694352972179]
840 ; 33 ; 250 ; 34 ; [2.7104286569491136] ; [2.7136417330053595]
840 ; 33 ; 250 ; 36 ; [1.7877981803434024] ; [2.1986150890249068]
840 ; 33 ; 250 ; 39 ; [2.9612700430222629] ; [1.5684774278089042]
840 ; 33 ; 250 ; 40 ; [2.926519621668612] ; [1.7431077627557585]
840 ; 33 ; 250 ; 43 ; [2.0266406957066314] ; [1.1917194012435712]
840 ; 33 ; 250 ; 44 ; [1.83441126865672] ; [2.0375946902452848]
840 ; 33 ; 250 ; 47 ; [1.6688596657986472] ; [1.6374811451472051]
840 ; 33 ; 251 ; 0 ; [0.29101689423377053, 0.5391962643933953, 0.52025238590070733] ; [0.172439115778448, 0.33783639958426553, 0.35053237923691732]
840 ; 33 ; 251 ; 1 ; [0.47337942228824953] ; [-0.0098660864770168406]
840 ; 33 ; 252 ; 0 ; [2.1253602095904056] ; [1.2183890809104188]
840 ; 33 ; 252 ; 1 ; [0.40270771918939513] ; [0.52392758975351306]
840 ; 33 ; 253 ; 0 ; [0.11953498473095017, -0.0083214244195171337, -0.013090882639947329, -0.015918804998041599] ; [0.45797962663254171, 0.23823313005016752, 0.17606341193932715, 0.19592864428259196]
840 ; 33 ; 254 ; 5 ; [0.37049917501123714, 0.56424175952952216] ; [0.22715981351484091, 0.53342382937052679]
840 ; 33 ; 254 ; 6 ; [0.50346741645214521] ; [0.24166588206231074]
840 ; 33 ; 255 ; 0 ; [-0.0081351835892567725] ; [0.0054639749146709543]
840 ; 33 ; 255 ; 1 ; [0.15416903871632998] ; [0.42211146332959854]
840 ; 33 ; 256 ; 0 ; [2.3008244451462523] ; [0.61879549629229658]
840 ; 33 ; 256 ; 1 ; [1.7694497413386741] ; [4.2626998321574812]
840 ; 33 ; 256 ; 2 ; [4.0972080529439587] ; [2.5031600650414298]
840 ; 33 ; 256 ; 3 ; [2.1627563566713017] ; [1.2230186300603187]
840 ; 33 ; 256 ; 4 ; [2.0851539067694231] ; [3.6463916436454111]
840 ; 33 ; 256 ; 7 ; [0.16657459046852402] ; [2.4717649928613077]
840 ; 33 ; 256 ; 8 ; [1.5468966474404331] ; [1.4328262389014528]
840 ; 33 ; 256 ; 9 ; [0.18529725451152193] ; [4.3305947647270155]
840 ; 33 ; 256 ; 11 ; [0.54181372304960884] ; [1.3035030673108106]
840 ; 33 ; 256 ; 13 ; [1.1672822673280372, 2.0758253600125864] ; [5.5448590238318234, 5.6709261144659795]
840 ; 33 ; 256 ; 14 ; [1.2765161858136396] ; [4.5224713577133722]
840 ; 33 ; 257 ; 0 ; [0.803852917062853] ; [0.30177277230002331]
840 ; 33 ; 257 ; 1 ; [2.1654219598952666] ; [1.6654909674864442]
840 ; 33 ; 257 ; 3 ; [0.2607908163349284] ; [1.8412164816856516]
840 ; 33 ; 258 ; 0 ; [0.32846400661123709] ; [0.75811522580191315]
840 ; 33 ; 259 ; 0 ; [0.13686759112202113, 0.21058623949091249, 0.055319882504186735] ; [0.13648361337414533, 0.18150133159025672, 0.28201739667323983]
840 ; 33 ; 259 ; 1 ; [0.11193188919670742] ; [0.061677144926634182]
840 ; 33 ; 260 ; 0 ; [0.20310564960657693, 0.19491032085893872, 0.3867696436282862, 0.47767145151283436] ; [0.082403734002227724, 0.21819193776538562, 0.31823242001307306, 0.16440847719045884]
840 ; 33 ; 261 ; 0 ; [0.010890605581902878, -0.0020356137173639642, -0.0011717738238809134] ; [0.23512234573118998, 0.28613528680639455, 0.087526344702096456]
840 ; 33 ; 261 ; 1 ; [0.040600660400986893] ; [0.00078925157183999499]
840 ; 33 ; 262 ; 0 ; [0.041681484239501562, -0.00011812905255033499] ; [0.16583049199031918, 0.11619381827482765]
840 ; 33 ; 262 ; 2 ; [-0.0013174547360544162, 0.013403414656143319] ; [0.21001948078814936, 0.071650883691552508]
840 ; 33 ; 262 ; 3 ; [1.1984327214942609] ; [1.0798598229608678]
840 ; 33 ; 263 ; 0 ; [2.5064310462926156, 2.587688855760669] ; [0.10666890624500337, 0.10465029434297103]
840 ; 33 ; 263 ; 1 ; [1.0118922105135617] ; [1.0178488338335632]
840 ; 33 ; 263 ; 2 ; [1.0899571815363689] ; [1.2479699419284382]
840 ; 33 ; 263 ; 5 ; [1.521946962386121] ; [1.5784830775356871]
840 ; 33 ; 264 ; 0 ; [0.30713363613522898] ; [0.41959085444358168]
840 ; 33 ; 264 ; 1 ; [0.99754930761430005] ; [0.50676896722854048]
840 ; 33 ; 265 ; 0 ; [0.27380099555052861] ; [0.26377168557221309]
840 ; 33 ; 265 ; 3 ; [1.3509805146398257] ; [1.0735399371855405]
840 ; 33 ; 266 ; 0 ; [0.089926497726683818, 0.39150779276592945] ; [0.15209055803449706, 0.77028687642478355]
840 ; 33 ; 268 ; 0 ; [-0.007907328616045697, 0.012881936320090888, 0.30233761075045229, -0.011564891659920371, 0.0072403469221289296] ; [0.15503970796693101, 0.12546490958588316, 0.44262269533797294, 0.18383240166084841, 0.0070952760117663416]
840 ; 33 ; 268 ; 1 ; [0.45069777568865199] ; [0.17947384312482992]
840 ; 33 ; 269 ; 0 ; [0.40558050170961985] ; [1.1889650815344082]
840 ; 33 ; 269 ; 10 ; [0.95944870582706132] ; [1.0710684563153865]
840 ; 33 ; 269 ; 12 ; [0.87628333368133371] ; [1.7313579490687454]
840 ; 33 ; 270 ; 0 ; [0.0041573831115721965, 1.9938609372347387] ; [0.20368281105669378, 0.1548796552680915]
840 ; 33 ; 270 ; 2 ; [0.12862742397580432] ; [-0.011999167752425433]
840 ; 33 ; 271 ; 0 ; [0.31529259618709671] ; [0.86497583143374057]
840 ; 33 ; 271 ; 1 ; [1.5414211296519302] ; [0.65340080091526764]
840 ; 33 ; 271 ; 3 ; [0.0570624869804661] ; [0.07285579248749649]
840 ; 33 ; 271 ; 4 ; [0.26782005409454523] ; [0.4202246546703951]
840 ; 33 ; 272 ; 4 ; [0.96443567429197175] ; [3.452969897960418]
840 ; 33 ; 273 ; 0 ; [0.60165805687708218] ; [0.09471747607277077]
840 ; 33 ; 273 ; 2 ; [0.47205612856658163] ; [0.080225556996708636]
840 ; 33 ; 273 ; 3 ; [0.45583762416326795] ; [0.21028434473630989]
840 ; 33 ; 273 ; 6 ; [0.93187392604005936] ; [3.1960257607336997]
840 ; 33 ; 274 ; 0 ; [0.049039113303792826, -0.0011449126993440077] ; [0.43297752904069464, 0.42354658737067502]
840 ; 33 ; 275 ; 0 ; [0.055978787783796023, 0.055000982611962554] ; [0.57297503366695879, 0.021008162310581131]
840 ; 33 ; 277 ; 0 ; [0.5647348693716302] ; [0.72000430459570908]
840 ; 33 ; 277 ; 1 ; [0.43832692966747461] ; [0.41270997809112592]
840 ; 33 ; 277 ; 3 ; [1.1342712377918016] ; [0.24608727637376029]
840 ; 33 ; 278 ; 4 ; [0.45145568467284009] ; [4.8742487689277665]
840 ; 33 ; 278 ; 6 ; [2.0846128929194379] ; [0.55224139588862642]
840 ; 33 ; 279 ; 0 ; [0.14716743489148884, 0.06466175493399072, 0.058024924020611449] ; [0.20803722532184074, 0.16741741651781622, 0.1348738309491348]
840 ; 33 ; 280 ; 0 ; [0.045684494275761316, 0.083603231338966716, 0.17294092822735768] ; [0.1838056962708888, 0.29553489332368987, 0.29057684793318062]
840 ; 33 ; 281 ; 0 ; [1.0385483152981847] ; [1.1059451154019579]
840 ; 33 ; 281 ; 1 ; [0.49565846446950601] ; [1.1520932018656391]
840 ; 33 ; 281 ; 2 ; [0.56671244845697466] ; [0.9642808969889255]
840 ; 33 ; 281 ; 6 ; [1.8540935748634939] ; [0.35893720008776886]
840 ; 33 ; 281 ; 7 ; [0.72081311713039353, 0.13614858326636933] ; [0.5734179399467062, 0.18586163793695185]
840 ; 33 ; 282 ; 0 ; [0.80130501622930472] ; [0.072912077418088569]
840 ; 33 ; 282 ; 1 ; [0.53140844040179391] ; [1.3533456558992303]
840 ; 33 ; 282 ; 2 ; [0.987612196198422] ; [0.03531448119708834]
840 ; 33 ; 282 ; 16 ; [0.00019530927829343971] ; [0.74762107370873643]
840 ; 33 ; 282 ; 19 ; [0.0041768778363601832] ; [0.42129103029127862]
840 ; 33 ; 283 ; 0 ; [0.029780083062824678] ; [0.20979341045151223]
840 ; 33 ; 284 ; 0 ; [1.4529771545395922] ; [1.3309828669158124]
840 ; 33 ; 284 ; 2 ; [1.1769283860042263] ; [1.3558222418568084]
840 ; 33 ; 284 ; 5 ; [2.1412260448551619] ; [1.3861173268657574]
840 ; 33 ; 284 ; 6 ; [0.34574426173228423] ; [1.6113514721641669]
840 ; 33 ; 284 ; 11 ; [2.0292657492707407] ; [0.98031704572869005]
840 ; 33 ; 285 ; 0 ; [0.0083231344811918306] ; [0.052616968563279923]
840 ; 33 ; 285 ; 6 ; [0.046224332514670563] ; [0.13474638795097599]
840 ; 33 ; 286 ; 0 ; [0.085009908960070824] ; [1.4773620701647721]
840 ; 33 ; 286 ; 1 ; [0.55069632986489059] ; [0.82085691085265744]
840 ; 33 ; 286 ; 3 ; [3.0734162890470489] ; [0.89921480133601872]
840 ; 33 ; 287 ; 0 ; [0.014074832094784764, 0.0013930840456735456, 0.11297953472830771, 0.0030583290504635329, 0.010748578690544049] ; [0.14041930911965989, 0.16287225197858171, 0.20859385457730445, 0.2540866698056527, 0.13568751926076186]
840 ; 33 ; 288 ; 0 ; [0.090450349048473766] ; [0.11727578807076867]
840 ; 33 ; 289 ; 0 ; [0.18357302886958543, 0.031117296566787016, 0.0016027204518073942] ; [0.2587389177055317, 0.22585875970967542, 0.13733088528184881]
840 ; 33 ; 289 ; 1 ; [0.61692672830012918] ; [-0.015331025178048276]
840 ; 33 ; 289 ; 2 ; [-0.016931678961684526] ; [7.8096279948455848e-05]
840 ; 33 ; 289 ; 3 ; [0.67653197842099055] ; [0.039768609741391549]
840 ; 33 ; 290 ; 0 ; [0.029015767999752081] ; [0.54532164580496556]
840 ; 33 ; 291 ; 0 ; [1.0240794990560862, 0.51569162349749831] ; [0.92561088965554372, 0.57770405653004875]
840 ; 33 ; 292 ; 0 ; [0.072610333120753656, 0.13957801303209311, 0.27804446667788302, 0.10437993937096959] ; [0.18422539011255351, 0.18925960963762892, 0.19449194922230303, 0.33514184145061932]
840 ; 33 ; 293 ; 0 ; [0.0053666328874897922, 0.065347998554085934] ; [0.11965013089865795, 0.148281456136685]
840 ; 33 ; 293 ; 1 ; [0.24134230701462578] ; [0.31993352397305602]
840 ; 33 ; 293 ; 2 ; [1.0900073441573179] ; [0.45336848353202996]
840 ; 33 ; 293 ; 3 ; [0.22690121926936857] ; [0.16063508567971019]
840 ; 33 ; 293 ; 4 ; [0.29294525286374218] ; [0.60079058980853695]
840 ; 33 ; 294 ; 5 ; [2.4006992536762302] ; [2.4625691489059243]
840 ; 33 ; 294 ; 7 ; [1.7236166983891412] ; [4.7881329776068995]
840 ; 33 ; 297 ; 0 ; [0.50209625809146485, 0.20869004296437887] ; [0.64379454601025587, 0.33753236718807123]
840 ; 33 ; 297 ; 1 ; [1.5747621730465877] ; [0.84684664977240443]
840 ; 33 ; 297 ; 2 ; [1.3833900080513166] ; [0.90122789760454081]
840 ; 33 ; 297 ; 3 ; [1.143758802817473] ; [1.681829568232944]
840 ; 33 ; 297 ; 4 ; [0.791652781097272] ; [1.4446853925439005]
840 ; 33 ; 297 ; 7 ; [1.3636021733796029] ; [2.1967222481303508]
840 ; 33 ; 297 ; 11 ; [1.2395700808309369] ; [0.64097808648280608]
840 ; 33 ; 297 ; 12 ; [0.88088839049035295] ; [1.7217852120109252]
840 ; 33 ; 298 ; 1 ; [0.33540451157939305] ; [2.4099562156387644]
840 ; 33 ; 298 ; 3 ; [1.5933163651482058] ; [1.898220791951011]
840 ; 33 ; 298 ; 4 ; [0.73216474651017371] ; [0.84259179285017805]
840 ; 33 ; 298 ; 6 ; [1.4359608218303659] ; [13.895064293987035]
840 ; 33 ; 298 ; 8 ; [8.2584588001551573] ; [1.2777958938045424]
840 ; 33 ; 298 ; 10 ; [4.8357506754517763] ; [0.91372679060694328]
840 ; 33 ; 299 ; 11 ; [1.4838620179880702] ; [-0.079098689277218248]
840 ; 33 ; 299 ; 13 ; [2.5929385841924906] ; [0.40652503984944011]
840 ; 33 ; 299 ; 14 ; [2.0522724585490999] ; [6.3905861502584207]
840 ; 33 ; 300 ; 0 ; [0.30987112413081991] ; [0.32116144379623091]
840 ; 33 ; 301 ; 0 ; [0.15755497212830724] ; [0.18404189348591718]
840 ; 33 ; 301 ; 2 ; [0.60350809179599774] ; [0.42323281480755065]
840 ; 33 ; 301 ; 4 ; [0.88175122460593214] ; [0.52428734568984126]
840 ; 33 ; 302 ; 0 ; [2.0320316533009146] ; [0.85958985545948197]
840 ; 33 ; 302 ; 2 ; [0.13387066113064622] ; [1.0540404194235526]
840 ; 33 ; 302 ; 5 ; [1.1050036522818794] ; [4.1673697127605234]
840 ; 33 ; 302 ; 9 ; [0.090406343482579143] ; [1.4031957882225345]
840 ; 33 ; 302 ; 10 ; [0.42079078805681019] ; [1.0910364685474594]
840 ; 33 ; 302 ; 12 ; [0.17179369357818661] ; [6.2718841987078982]
840 ; 33 ; 302 ; 18 ; [0.21329954114734975] ; [1.1369955256248836]
840 ; 33 ; 303 ; 0 ; [0.060667168028635261, 0.031936807677321315, 0.014927871809542227] ; [0.23425126930331527, 0.19513200298934574, 0.08432208040207391]
840 ; 33 ; 303 ; 2 ; [0.19809487420696534] ; [0.19142435422439563]
840 ; 33 ; 304 ; 0 ; [0.11415318646644462, 0.28567129757665338, 0.054234297783265814, 0.0022067310607675936] ; [0.16798627224099058, 0.21982492808226514, 0.20705909047545429, 0.11719110159130082]
840 ; 33 ; 304 ; 1 ; [0.36661104823584684] ; [0.1196119468796922]
840 ; 33 ; 305 ; 0 ; [0.90416883188922315] ; [0.17597313139017279]
840 ; 33 ; 306 ; 0 ; [0.2604978012189737, 0.23907789712854013, 0.25158270917088915, 0.16254530007923831, 0.09226800257803533] ; [0.1529582614879518, 0.21424859775773869, 0.22700107284141607, 0.24086335939861872, 0.05396390615336407]
840 ; 33 ; 306 ; 1 ; [0.16934506004333438] ; [0.10243286089087644]
840 ; 33 ; 307 ; 0 ; [0.17123338888039225, 0.086493852525455328, 0.063115523366920626] ; [0.12912359110781738, 0.1595068139261305, 0.092297836040837314]
840 ; 33 ; 308 ; 0 ; [0.65632323862575215] ; [0.26636677545884169]
840 ; 33 ; 308 ; 1 ; [0.37253543933485744] ; [0.50210804711522372]
840 ; 33 ; 309 ; 1 ; [0.86902598334654713] ; [0.56689692953980553]
840 ; 33 ; 310 ; 0 ; [0.75061981374807329, 0.2081340887964524] ; [0.61773265178001502, 0.28045440501927105]
840 ; 33 ; 311 ; 0 ; [0.34087699128481602, 0.32265601335359845, 0.3146780256698366, 0.13585610781366489] ; [0.16894223907156472, 0.48987787153654727, 0.23867799690606892, 0.025565909450595229]
840 ; 33 ; 311 ; 1 ; [0.079939838569849972] ; [0.026031096575527518]
840 ; 33 ; 312 ; 0 ; [0.083047695192690354, 0.06231217720675418, 0.081301650957078003, 0.0039475520027190897] ; [0.29798690622613278, 0.2369182550831587, 0.21406082493318934, 0.14769132184616449]
840 ; 33 ; 312 ; 1 ; [0.10243645103677171] ; [0.17053709409122303]
840 ; 33 ; 313 ; 0 ; [2.1327870205413508] ; [0.40882478410923961]
840 ; 33 ; 313 ; 2 ; [0.97224272267692524] ; [0.51189609992288332]
840 ; 33 ; 313 ; 5 ; [0.93753740361954108] ; [1.4825344258414119]
840 ; 33 ; 313 ; 6 ; [0.65940490894806925] ; [2.1422234087201804]
840 ; 33 ; 313 ; 9 ; [0.97024734854450378] ; [0.85534325973400527]
840 ; 33 ; 313 ; 11 ; [1.9563390486419985] ; [1.6617940378616833]
840 ; 33 ; 313 ; 14 ; [0.7937581418242835] ; [1.3919432395313083]
840 ; 33 ; 313 ; 15 ; [1.2809322809729096] ; [1.3689373801819593]
840 ; 33 ; 313 ; 21 ; [0.92791159348418351] ; [3.893447076796011]
840 ; 33 ; 313 ; 23 ; [1.9485646621425907] ; [3.5164530110869046]
840 ; 33 ; 313 ; 26 ; [1.7344082352807053] ; [0.73267620417883572]
840 ; 33 ; 314 ; 2 ; [0.50744628296692651] ; [0.45963569101942375]
840 ; 33 ; 314 ; 5 ; [0.6927519211088432] ; [0.79932530797814894]
840 ; 33 ; 315 ; 0 ; [0.25096389443954142, 0.48257211293593816] ; [0.21727723288755926, 0.1270903010120365]
840 ; 33 ; 316 ; 0 ; [0.18433962647375396, 0.12735165075734511, 0.053391409722665005, 0.009206496164132421] ; [0.47392257449294989, 0.22032119621389148, 0.24434064985098708, 0.065658825989236613]
840 ; 33 ; 317 ; 0 ; [0.24564311823127116, 0.14947450553071043, 0.1092007386031735] ; [0.14803736600858169, 0.17251326927800836, 0.037834147612680634]
840 ; 33 ; 318 ; 1 ; [0.41609370230614645] ; [0.34125629918478723]
840 ; 33 ; 318 ; 10 ; [0.66721860184112314] ; [0.62769846475933055]
840 ; 33 ; 319 ; 0 ; [0.28150976642928799, 0.0022148912744110539, 0.050939034292803553] ; [0.56421272798733724, 0.20431878049636881, 0.15334716504264076]
840 ; 33 ; 319 ; 1 ; [0.1057604759352568] ; [0.13498099784405895]
840 ; 33 ; 319 ; 2 ; [0.71260528304910298] ; [0.019239276055559237]
840 ; 33 ; 320 ; 0 ; [-0.0080709776219135432, 0.005552656629861985, 0.042018008206651823] ; [0.1628742977634402, 0.24460033143928356, 0.14206707568779456]
840 ; 33 ; 321 ; 0 ; [0.018275142051787169, -2.6842418109742471e-05, 0.02765390455068395] ; [0.22892110260802245, 0.18971949514533798, 0.18552991824548984]
840 ; 33 ; 322 ; 0 ; [0.56753825879474484] ; [0.41949194895372771]
840 ; 33 ; 322 ; 7 ; [0.0012452403328094292] ; [1.6030647279741743]
840 ; 33 ; 322 ; 8 ; [1.9839837280470853] ; [2.0123870014476415]
840 ; 33 ; 322 ; 10 ; [3.831101694332661] ; [0.79958502979866486]
840 ; 33 ; 323 ; 0 ; [0.047599188540878697, 0.067616724441058998, 0.17390531651003421] ; [0.16145723947061419, 0.21156001716733489, 0.16806699725899682]
840 ; 33 ; 323 ; 1 ; [0.68707027677468668] ; [0.070546128561512017]
840 ; 33 ; 324 ; 0 ; [0.39355362693808316] ; [0.67913056733607435]
840 ; 33 ; 324 ; 1 ; [2.3633095513668541] ; [0.88875347355389833]
840 ; 33 ; 324 ; 5 ; [0.13772446364104704] ; [-0.0061213428947714766]
840 ; 33 ; 324 ; 8 ; [1.0608804712148281] ; [0.89013588556777445]
840 ; 33 ; 324 ; 18 ; [1.2461407564231479] ; [1.5000926485041273]
840 ; 33 ; 324 ; 23 ; [1.473901105431916] ; [1.8006718894983349]
840 ; 33 ; 324 ; 42 ; [2.6341645715347424] ; [0.26904730508110747]
840 ; 33 ; 325 ; 0 ; [0.36416496680427157] ; [0.43512404469854638]
840 ; 33 ; 325 ; 4 ; [0.31409409939538457] ; [0.20654190558641475]
840 ; 33 ; 325 ; 5 ; [0.10768315808657369] ; [0.10051968478240163]
840 ; 33 ; 326 ; 0 ; [0.23381395791274445] ; [0.2988674991880757]
840 ; 33 ; 326 ; 3 ; [0.63754414379337909] ; [0.76641559763212119]
840 ; 33 ; 327 ; 0 ; [0.14335088994378584, 0.19538168934379901, 0.36470539050523587, 0.17388617044762697] ; [0.15230378779095011, 0.47402614498364587, 0.33680670448267036, 0.14372243764656867]
840 ; 33 ; 327 ; 1 ; [0.038162018636334276] ; [0.30771880318169736]
840 ; 33 ; 327 ; 2 ; [0.19425450050695028] ; [0.038147491601407311]
840 ; 33 ; 327 ; 4 ; [0.050758565450652916] ; [-0.021385201912065534]
840 ; 33 ; 328 ; 0 ; [0.009807546015066896, 0.0013994601029705654, 0.017142800515264466] ; [0.18616684415558316, 0.19113775527583338, 0.055774453717326554]
840 ; 33 ; 328 ; 1 ; [0.037023749839583689] ; [0.028261328894615103]
840 ; 33 ; 329 ; 5 ; [0.34227484888132803] ; [0.1406233621810066]
840 ; 33 ; 329 ; 6 ; [1.1244877993320694] ; [0.71026165303194944]
840 ; 33 ; 330 ; 0 ; [0.28420641411858055] ; [0.10313884778628796]
840 ; 33 ; 330 ; 1 ; [0.36523511266971465, 0.52563716429073193] ; [0.093453630644405733, 0.094347769574656973]
840 ; 33 ; 330 ; 2 ; [0.45158175250818533, 0.37987651599376104] ; [0.016695071420511715, 0.16753627249973391]
840 ; 33 ; 330 ; 3 ; [0.57221426524905661] ; [0.13503241570835317]
840 ; 33 ; 330 ; 4 ; [0.64456544326394904] ; [0.25416121557400384]
840 ; 33 ; 330 ; 5 ; [0.25301767829708283] ; [0.07311201258860367]
840 ; 33 ; 330 ; 6 ; [0.13832075985895778] ; [0.073835501334002393]
840 ; 33 ; 331 ; 0 ; [0.16978910195532532, 0.089732550476694373, 0.21033256418259419, 0.055204884364569183] ; [0.22984483713028522, 0.14212777138266999, 0.19737721191936466, 0.16550457759021914]
840 ; 33 ; 332 ; 0 ; [-0.012165720113520097, 0.047448682471055617, 0.073464346405617179, 0.11975883116074959] ; [0.23047450184404558, 0.20021055110869654, 0.12611565755916049, 0.036319598700685359]
840 ; 33 ; 332 ; 1 ; [0.015802375273292493] ; [0.0021239891398400438]
840 ; 33 ; 332 ; 2 ; [0.22667801591946096, -0.11459492664327457] ; [0.25979198072472853, 0.23416639983944446]
840 ; 33 ; 332 ; 3 ; [0.17397096867184436] ; [0.28048448110869439]
840 ; 33 ; 334 ; 1 ; [1.3255604794358724] ; [1.6560082830965623]
840 ; 33 ; 334 ; 2 ; [3.9517851430647473] ; [0.19708812593123876]