# Run ; Subrun ; Event ; Track ; Charge Ratios View 0 ; Charge Ratios View 1 #
791 ; 1 ; 0 ; 0 ; [0.19251109378102346] ; [0.28482715796377339]
791 ; 1 ; 0 ; 1 ; [0.11166176538883872] ; [0.015078202556834942]
791 ; 1 ; 0 ; 4 ; [0.064472234800139361] ; [0.08564873228580909]
791 ; 1 ; 1 ; 0 ; [0.13547998442550366] ; [0.15044390702750027]
791 ; 1 ; 2 ; 0 ; [-0.0087767085675066539, 0.066812763946883361, 0.02086995963737533, 0.012820393644146116] ; [0.1289162671585326, 0.12628748533677459, 0.20907727444775487, 0.013463885572107766]
791 ; 1 ; 3 ; 0 ; [0.17784468132041728, 0.29280637875189297, 0.26608001824183902] ; [0.21871314299685171, 0.27915062920616796, 0.24802689113281767]
791 ; 1 ; 4 ; 0 ; [0.056375826169579361, 0.047732044474139763, 0.35798411632200849] ; [0.082933638513328536, 0.13407143476472969, 0.32947942736251601]
791 ; 1 ; 5 ; 0 ; [0.21181502456918905] ; [0.26765072607313617]
791 ; 1 ; 5 ; 2 ; [0.055230935098578841] ; [0.33697403939780363]
791 ; 1 ; 6 ; 0 ; [0.68378359493746044] ; [0.32163604183310213]
791 ; 1 ; 6 ; 1 ; [0.55886857019380909] ; [0.44135680643723652]
791 ; 1 ; 6 ; 2 ; [0.88233898014468803] ; [1.308736407645861]
791 ; 1 ; 6 ; 9 ; [0.30938752504464057, 0.43317006105345979] ; [0.069543760819145997, 0.089376417579219256]
791 ; 1 ; 7 ; 0 ; [0.055621960271864793, 0.15628013433816842] ; [0.14936341435487074, 0.15117020148820862]
791 ; 1 ; 8 ; 0 ; [0.075816473284682273, 0.054938961401228691, 0.10905979791481132, 0.042374359206485336] ; [0.10543457923902906, 0.079960181376828726, 0.13168224357726316, 0.13365649497418083]
791 ; 1 ; 9 ; 0 ; [0.12629145761692459, 0.13994498595715971, 0.11073149212980915, 0.069137705716187381] ; [0.073885825416615231, 0.10809549049096442, 0.13072098555658265, -0.17648444166484659]
791 ; 1 ; 9 ; 1 ; [-3.7134246193787843e-05] ; [0.0069626557916894986]
791 ; 1 ; 10 ; 6 ; [0.94662884068296926] ; [1.0477258794292634]
791 ; 1 ; 11 ; 0 ; [-0.0065474739354152997] ; [-0.026347841826801329]
791 ; 1 ; 13 ; 0 ; [0.085319322607959616] ; [0.018268557893782914]
791 ; 1 ; 13 ; 1 ; [0.29973097887220679] ; [0.88651353061953775]
791 ; 1 ; 14 ; 0 ; [0.029078995138543527, 0.10008831712999508, 0.029202850705629307, 0.0011546913326789272] ; [0.17147475856859629, 0.11075698017874323, 0.15117217405074229, -0.070704818713072104]
791 ; 1 ; 15 ; 2 ; [1.698318751247051] ; [0.30040554041983153]
791 ; 1 ; 15 ; 11 ; [0.65020263472674522] ; [1.700693719411734]
791 ; 1 ; 15 ; 13 ; [1.1822831650724916] ; [0.41585287289888778]
791 ; 1 ; 17 ; 0 ; [0.040545967494922473, 0.027507706183945779, 0.06386131852212959] ; [0.17089318466339412, 0.11816987872776723, 0.28567449470375067]
791 ; 1 ; 18 ; 0 ; [0.24558411483077194] ; [0.15423537625456157]
791 ; 1 ; 18 ; 1 ; [0.46888637224320312] ; [0.83222445014593471]
791 ; 1 ; 19 ; 0 ; [0.92375765733371384] ; [0.56459627875556162]
791 ; 1 ; 19 ; 1 ; [-0.015608241372271936] ; [-0.0074170921869221897]
791 ; 1 ; 19 ; 2 ; [1.7476762281723044] ; [0.67917979587418609]
791 ; 1 ; 20 ; 0 ; [0.096791961266937676, 0.082920490968637947, 0.073460273877294605, 0.022012186827834297] ; [0.21578266674574972, 0.12038455430939463, 0.16673198656745677, -0.14436435189307484]
791 ; 1 ; 21 ; 2 ; [0.46081342866740682] ; [-0.043454987815493465]
791 ; 1 ; 22 ; 0 ; [0.0019910535341406826, 0.0048858303763282549, 0.037502743055381656] ; [0.1611562412640975, 0.1106884110937409, -0.00035880001399536308]
791 ; 1 ; 23 ; 0 ; [0.70410814676421085, 0.58239078270861333, 0.29969754593683456] ; [0.17028265547493721, 0.18955031788762514, 0.097358052382691684]
791 ; 1 ; 23 ; 1 ; [1.6876746905910496] ; [0.2854829860941408]
791 ; 1 ; 23 ; 8 ; [3.0615374274317881] ; [2.1296287349734238]
791 ; 1 ; 24 ; 0 ; [0.24757956531212288, 0.0021568017565813699, 0.019104202586692785] ; [0.12104915061994656, 0.13736073719739697, -0.023499764328483764]
791 ; 1 ; 25 ; 0 ; [0.061023345707511958, 0.030929267901965252, 0.014163845075436681, 0.0017471734196075877] ; [0.15397817342747191, 0.29337337178457684, 0.24222433919536351, 0.1798940964891321]
791 ; 1 ; 26 ; 0 ; [0.16518757612601531, 0.3192816065801149, 0.47690745770455345] ; [0.10546121081273387, 0.13753726065171687, 0.44138381694065304]
791 ; 1 ; 27 ; 0 ; [-0.024008851054402314, 0.03114627374457786] ; [0.52218251470013877, 0.21642142284615729]
791 ; 1 ; 28 ; 0 ; [0.11987323342165114, 0.095765839346214868] ; [0.10191544084268682, 0.094307793037811366]
791 ; 1 ; 29 ; 1 ; [0.72640975067700597] ; [0.44350343550089388]
791 ; 1 ; 29 ; 3 ; [0.42680275845619686] ; [0.35184532361848875]
791 ; 1 ; 30 ; 0 ; [0.13280278443175636, 0.77164828757522497] ; [0.43484793374152364, 0.26791861378306914]
791 ; 1 ; 30 ; 2 ; [0.7732917831161551] ; [0.69723878328382449]
791 ; 1 ; 31 ; 0 ; [1.0697603372214546, 0.23771355870168112] ; [0.34303606205628967, 1.292223792007843]
791 ; 1 ; 31 ; 1 ; [0.70625570026604445] ; [0.86583225213958404]
791 ; 1 ; 32 ; 0 ; [0.56610594195856623] ; [0.035206785597484649]
791 ; 1 ; 32 ; 1 ; [0.82749021085472163] ; [0.37028851239700777]
791 ; 1 ; 32 ; 2 ; [0.30641990047538992] ; [0.50239679100311352]
791 ; 1 ; 33 ; 0 ; [0.19096008759340016] ; [0.027659752347740266]
791 ; 1 ; 33 ; 1 ; [0.059667198849554751] ; [0.036831862506663232]
791 ; 1 ; 33 ; 2 ; [0.11355056260127901] ; [0.24800213487970096]
791 ; 1 ; 34 ; 0 ; [0.58287531587764818] ; [0.30277283464726162]
791 ; 1 ; 34 ; 1 ; [0.61004488920209399] ; [0.19784537489785067]
791 ; 1 ; 34 ; 2 ; [0.88994211667830325] ; [2.0598677238440466]
791 ; 1 ; 34 ; 4 ; [1.3451299421465051] ; [0.026834631002088612]
791 ; 1 ; 34 ; 14 ; [0.87140544582125801] ; [0.51788068522931874]
791 ; 1 ; 35 ; 0 ; [0.46289924808783833, 0.06414520735727669] ; [0.31013290262531562, 0.099128106590475232]
791 ; 1 ; 35 ; 1 ; [0.6655297166866122] ; [0.0014559182744107112]
791 ; 1 ; 35 ; 4 ; [1.1835396837447263] ; [0.58479423722989154]
791 ; 1 ; 36 ; 0 ; [0.18676707590386357, 0.227757971760672, 0.28733217627134239, 0.24425978437493023, 0.3940660562910851] ; [0.10740318621159849, 0.25220201107359996, 0.25388472716808907, 0.083002002033097017, 0.31030170608152668]
791 ; 1 ; 37 ; 1 ; [0.46017247962101454, 0.22374956356331466] ; [0.96140532847514715, 0.20948779539659751]
791 ; 1 ; 38 ; 2 ; [1.0425498029848028] ; [1.3922496222632594]
791 ; 1 ; 39 ; 0 ; [0.46644559593948631, 0.16421442232517297] ; [0.50526504499426006, 0.29943784896973785]
791 ; 1 ; 39 ; 1 ; [0.030114864695478916] ; [0.20024822978708526]
791 ; 1 ; 39 ; 2 ; [0.11355931117580602] ; [0.048664124707264972]
791 ; 1 ; 40 ; 0 ; [0.42737261307475816] ; [0.30665635423520232]
791 ; 1 ; 40 ; 1 ; [1.2008417122983843] ; [0.85396483174379456]
791 ; 1 ; 41 ; 4 ; [1.3456156696095194] ; [3.2656566275818619]
791 ; 1 ; 41 ; 5 ; [0.82334532826851969] ; [1.9707799786205979]
791 ; 1 ; 41 ; 6 ; [0.81578526307871468] ; [1.3869706572852767]
791 ; 1 ; 41 ; 7 ; [1.8278022807281549] ; [1.5070227229463011]
791 ; 1 ; 41 ; 9 ; [3.352608095681533] ; [1.5766698376892321]
791 ; 1 ; 41 ; 12 ; [2.2396456683489463] ; [1.6236917221915661]
791 ; 1 ; 42 ; 0 ; [0.03920960025231543, 0.13382657905705841, 0.028794254840181555, 0.029206016978668942] ; [0.12577184146426418, 0.20436992050504652, 0.11943920141887288, -0.074492469050937468]
791 ; 1 ; 43 ; 0 ; [0.094865625062073536, 0.058431828678676564] ; [0.098333443807230636, 0.053287266157885517]
791 ; 1 ; 43 ; 1 ; [0.10578983743885159] ; [0.12399533646783481]
791 ; 1 ; 45 ; 0 ; [0.18150222805693358, 0.13531102934352754, 0.08994365775691493, 0.1759487818805319] ; [0.25176383573423117, 0.14133940535188824, 0.26930516876655153, 0.14590878453546441]
791 ; 1 ; 47 ; 0 ; [0.071635507561120235, 0.037208285714962604] ; [0.16094896468072553, 0.10470714412845189]
791 ; 1 ; 47 ; 1 ; [0.0069061722061883185] ; [-0.019966221698528252]
791 ; 1 ; 48 ; 0 ; [0.089164388991387802, 0.15792169332085396, 0.17428274914365688, 0.18321816344586625] ; [0.097126894365946445, 0.11643977140024568, 0.10464565334080771, 0.085038456350641209]
791 ; 1 ; 49 ; 0 ; [0.34904687494852199] ; [0.15269635489689745]
791 ; 1 ; 49 ; 4 ; [0.92533723642995558] ; [0.33097981374148194]
791 ; 1 ; 50 ; 0 ; [0.29820684026257488, 0.24541084792155854, 0.20939426248884496, 0.13119757340283855] ; [0.11221227745613879, 0.12809877606121345, 0.17119108381908338, 0.12907288772663036]
791 ; 1 ; 51 ; 0 ; [0.023705720811380761, 0.017215421643921733, 0.083134009689418559] ; [0.11627198001448924, 0.16000535484515577, 0.13327504142330118]
791 ; 1 ; 52 ; 5 ; [1.9741183403750215, 0.12077562338739455] ; [0.92500514725505523, 0.25117062051126637]
791 ; 1 ; 52 ; 6 ; [1.3990331189761813] ; [1.7407962684548526]
791 ; 1 ; 53 ; 0 ; [0.059293083211783913] ; [0.023026936151013956]
791 ; 1 ; 53 ; 2 ; [0.012071718327756128, 0.098301333650304121, 0.19547144376676587] ; [0.13277153567848377, 0.21661732517063775, 0.37736296251325724]
791 ; 1 ; 54 ; 2 ; [1.49137649830777] ; [0.93097065175332894]
791 ; 1 ; 54 ; 9 ; [1.3277485626008942] ; [1.1630977969748306]
791 ; 1 ; 54 ; 10 ; [0.2082829714151081] ; [3.7060050027159059]
791 ; 1 ; 55 ; 0 ; [0.073122398857496287] ; [0.0053089697489566365]
791 ; 1 ; 55 ; 1 ; [0.98638560093450089] ; [0.54304318762846204]
791 ; 1 ; 55 ; 4 ; [0.97521314417662219] ; [1.8257314585799413]
791 ; 1 ; 55 ; 7 ; [3.6784998200331125] ; [0.88238876776499808]
791 ; 1 ; 55 ; 8 ; [0.86129513024160109] ; [0.93543095491699757]
791 ; 1 ; 56 ; 0 ; [0.025872733510902319, 0.63205098992082309, 0.16730068339389798] ; [0.14111912664580717, 0.18216951194866762, 0.020087518210993572]
791 ; 1 ; 56 ; 1 ; [0.20433543247471619] ; [0.2092986980205373]
791 ; 1 ; 57 ; 0 ; [0.30498381435017236] ; [0.94680125984266372]
791 ; 1 ; 58 ; 0 ; [0.019932783024746593] ; [0.0406539158505166]
791 ; 1 ; 58 ; 2 ; [0.45515945189370793] ; [0.13266655445791961]
791 ; 1 ; 58 ; 3 ; [1.2956491284151099] ; [0.8059508634501682]
791 ; 1 ; 58 ; 6 ; [0.95513401042139201] ; [1.6392815091338431]
791 ; 1 ; 58 ; 8 ; [1.2424382166007404] ; [1.8362538911838882]
791 ; 1 ; 58 ; 11 ; [1.1955990142143942] ; [1.4272419463107475]
791 ; 1 ; 59 ; 0 ; [0.073886232193853957] ; [0.20050493054176086]
791 ; 1 ; 59 ; 2 ; [0.068153724157868079] ; [-0.010722625139869681]
791 ; 1 ; 60 ; 0 ; [0.73892870655373388] ; [0.16576598769326545]
791 ; 1 ; 60 ; 1 ; [0.28106692395409655] ; [1.683759755391919]
791 ; 1 ; 60 ; 2 ; [0.72609313160895694] ; [1.0919322747287605]
791 ; 1 ; 60 ; 3 ; [0.1103653284142926] ; [1.2122383335264777]
791 ; 1 ; 60 ; 4 ; [1.7491583614512423] ; [1.4835090224055232]
791 ; 1 ; 60 ; 7 ; [1.8403552675970236] ; [2.3521805062383834]
791 ; 1 ; 60 ; 9 ; [0.61977957188087462] ; [2.2529895113707505]
791 ; 1 ; 60 ; 11 ; [1.2263527864454551] ; [3.0268360043501725]
791 ; 1 ; 60 ; 12 ; [6.3079179266970939] ; [1.1877109822724714]
791 ; 1 ; 61 ; 0 ; [-0.0023261900905872531] ; [0.020888316910766459]
791 ; 1 ; 61 ; 1 ; [0.58570686888702361] ; [1.593728710969482]
791 ; 1 ; 61 ; 3 ; [0.96694457037403614] ; [2.3820974825450918]
791 ; 1 ; 61 ; 10 ; [0.53033254807996588, 0.70149210223449476] ; [0.71984676719448859, 0.96790902052321326]
791 ; 1 ; 62 ; 6 ; [0.50292286363778038] ; [-0.0022624384985108115]
791 ; 1 ; 63 ; 0 ; [0.14605562228741276] ; [0.75868612514844858]
791 ; 1 ; 64 ; 0 ; [-0.013925487385900336, -0.0044666417293698158, -0.043418699044268524] ; [0.1070699662954394, 0.10637265962143194, 0.23677022319371346]
791 ; 1 ; 65 ; 2 ; [1.7661414499440786] ; [0.16781203690279167]
791 ; 1 ; 65 ; 3 ; [1.7225004665501225] ; [5.2647624039111562]
791 ; 1 ; 65 ; 4 ; [1.8681707455557885] ; [1.1555232277632363]
791 ; 1 ; 65 ; 5 ; [1.7436428853337067] ; [1.6590519985965375]
791 ; 1 ; 65 ; 7 ; [1.0956115614946678] ; [3.4164690287265711]
791 ; 1 ; 65 ; 8 ; [1.3634569043397831] ; [1.410630143016592]
791 ; 1 ; 65 ; 10 ; [2.9543340588629547] ; [1.583587580518141]
791 ; 1 ; 65 ; 11 ; [1.3696121286205654] ; [1.1431394972495967]
791 ; 1 ; 65 ; 13 ; [1.5282541847756639] ; [1.2905895331109263]
791 ; 1 ; 66 ; 0 ; [0.092463422154210009] ; [0.050859311898707862]
791 ; 1 ; 67 ; 0 ; [0.0091979454212750607, 0.014752612099113738] ; [0.17002893076896314, 0.09641031835828924]
791 ; 1 ; 68 ; 0 ; [0.22469898624423823, 0.15553046534860004, 0.087086394895640809] ; [0.13854054283159239, 0.10604330131535721, 0.15680843500626646]
791 ; 1 ; 69 ; 0 ; [0.317810509335473] ; [0.056966287497274504]
791 ; 1 ; 69 ; 1 ; [0.26079716955981286] ; [0.036372590004494096]
791 ; 1 ; 69 ; 13 ; [0.061721397561848357] ; [0.1463676132161715]
791 ; 1 ; 70 ; 1 ; [0.1320548498523399, 0.20242667289517358] ; [0.11847827010382428, 0.15364534964729276]
791 ; 1 ; 70 ; 2 ; [0.12788855063672366] ; [-0.01012256431289678]
791 ; 1 ; 71 ; 0 ; [2.4075614822334268] ; [0.24207686219072774]
791 ; 1 ; 71 ; 1 ; [0.28168820753711787] ; [0.53954374447130538]
791 ; 1 ; 71 ; 4 ; [0.20692183778685533] ; [1.8224339403057359]
791 ; 1 ; 71 ; 7 ; [0.09942192446943407] ; [-0.0058754577441504164]
791 ; 1 ; 71 ; 11 ; [2.0134564341409544] ; [1.6851219647884232]
791 ; 1 ; 72 ; 0 ; [0.51049147133293726] ; [0.25315951057557995]
791 ; 1 ; 72 ; 2 ; [0.40975246737321691] ; [0.33164026886049236]
791 ; 1 ; 72 ; 7 ; [2.6476971421688171] ; [0.21728929212627002]
791 ; 1 ; 72 ; 8 ; [1.2561084816098527] ; [0.63787408412350854]
791 ; 1 ; 72 ; 18 ; [2.9906395456743624] ; [0.52550209689999483]
791 ; 1 ; 73 ; 0 ; [0.12917633600816317, 0.06634750003571252] ; [0.11904698432869178, 0.11347723112413632]
791 ; 1 ; 74 ; 0 ; [0.03692785028508562, 0.026956926827728579] ; [0.056122000704662271, 0.70934860833726743]
791 ; 1 ; 75 ; 0 ; [0.19808612816491541, 0.096893574691074263, -0.0081057318997522707] ; [0.11352394422388964, 0.34600798646618808, 0.17539896165372273]
791 ; 1 ; 76 ; 0 ; [0.034653245570002676, 0.045857450448163362, 0.034048929450425959, 0.10593139148809319] ; [0.08112709535975321, 0.13770394822827225, 0.11268710201942182, 0.053645931365449741]
791 ; 1 ; 77 ; 0 ; [0.04856615069762555, 0.71700550751912262] ; [0.1445445167987123, 2.3945330726222025]
791 ; 1 ; 77 ; 1 ; [1.1527348527947181] ; [0.43584018798067825]
791 ; 1 ; 78 ; 5 ; [1.382583669708126] ; [1.7185552028106088]
791 ; 1 ; 78 ; 6 ; [1.7861037150959083] ; [3.2264371114804424]
791 ; 1 ; 78 ; 7 ; [0.79986778100166533] ; [2.6337767033722934]
791 ; 1 ; 78 ; 11 ; [2.4860185135085793] ; [5.5499461897029496]
791 ; 1 ; 79 ; 0 ; [0.39627114745011816] ; [0.53259504990976947]
791 ; 1 ; 79 ; 1 ; [1.553917480787572] ; [0.71799242255506301]
791 ; 1 ; 79 ; 2 ; [0.61361345343476525] ; [0.077680930112929467]
791 ; 1 ; 79 ; 4 ; [1.0799646541647006] ; [1.593385348761112]
791 ; 1 ; 79 ; 5 ; [1.0108299676217587] ; [1.4504452086096118]
791 ; 1 ; 80 ; 0 ; [0.92664081468042536] ; [0.01208084999330091]
791 ; 1 ; 80 ; 1 ; [0.18610451512800971] ; [-0.03866493448777987]
791 ; 1 ; 80 ; 2 ; [-0.035327079035836859] ; [1.8955543357061786]
791 ; 1 ; 80 ; 4 ; [1.9290337539188891] ; [0.96602949508966252]
791 ; 1 ; 82 ; 0 ; [0.0088415043784697226, 0.019198265105585196, 0.00094959895091866636] ; [0.13324988196255869, 0.15011877309978372, 0.13045308280623916]
791 ; 1 ; 82 ; 1 ; [0.17721488636255611] ; [0.070793359515112203]
791 ; 1 ; 83 ; 0 ; [0.54157470754468029] ; [0.29206649048158428]
791 ; 1 ; 83 ; 3 ; [1.1126766558742622] ; [0.60232552903927972]
791 ; 1 ; 83 ; 7 ; [0.4270486349627996] ; [0.0025369412274098995]
791 ; 1 ; 84 ; 0 ; [0.17552046920765763, 0.22237298285337811, 0.054750200250030995] ; [0.11697826517333521, 0.18863903133089249, 0.17100447587413492]
791 ; 1 ; 85 ; 0 ; [0.25363110459696969] ; [0.18805403128324569]
791 ; 1 ; 85 ; 1 ; [1.5113532025499521] ; [0.42134204215080717]
791 ; 1 ; 85 ; 4 ; [0.09870001186181887] ; [0.95374373063105744]
791 ; 1 ; 85 ; 10 ; [2.661224880659899] ; [1.749873484816441]
791 ; 1 ; 85 ; 11 ; [2.9677514557219022] ; [1.3912866726163191]
791 ; 1 ; 85 ; 13 ; [1.0159871564596934] ; [0.95580497393736208]
791 ; 1 ; 86 ; 0 ; [0.03714378002747027, 0.04826563635823574, 0.16649691123350735, 0.38558578977980446] ; [0.20811605079279719, 0.25691676021358473, 0.18497555391796117, 0.2848780654254211]
791 ; 1 ; 87 ; 0 ; [0.10183636279775732, 0.098203473851645365, 0.053572028750969447, 0.04257921077445017] ; [0.090785947487222379, 0.11794259799104537, 0.18406925720947739, 0.16037006222164868]
791 ; 1 ; 87 ; 1 ; [0.16110015036039774] ; [0.052805434243544683]
791 ; 1 ; 88 ; 0 ; [0.13528870725585374, 0.11124314703192589] ; [0.10328059506895619, 0.021896416730402005]
791 ; 1 ; 88 ; 1 ; [0.053935935753737348] ; [0.065844987683098988]
791 ; 1 ; 89 ; 1 ; [0.022414110009969845] ; [0.19834683322390018]
791 ; 1 ; 90 ; 0 ; [0.65693447950149353] ; [0.57459660680726277]
791 ; 1 ; 90 ; 2 ; [0.25609515273710193] ; [5.3978001034765484]
791 ; 1 ; 90 ; 7 ; [1.0301726157546527] ; [0.80990833585148503]
791 ; 1 ; 90 ; 8 ; [2.0862763789867151] ; [0.4764864654183294]
791 ; 1 ; 91 ; 1 ; [1.5696033292769276] ; [0.84883003186793471]
791 ; 1 ; 92 ; 0 ; [0.34591381887975026] ; [0.38105501336228426]
791 ; 1 ; 93 ; 0 ; [0.33719289281172055] ; [1.9200752677471902]
791 ; 1 ; 93 ; 3 ; [0.93129767010467102] ; [1.7262603569470407]
791 ; 1 ; 93 ; 6 ; [1.9335182923858474] ; [0.98961044004366983]
791 ; 1 ; 93 ; 13 ; [2.1747999331991403] ; [1.7118843562881787]
791 ; 1 ; 93 ; 16 ; [3.9458569935877468] ; [0.25631439455708566]
791 ; 1 ; 94 ; 0 ; [0.55928614564804391] ; [0.17740447552650701]
791 ; 1 ; 94 ; 1 ; [0.87678671792229501] ; [0.48519138703875325]
791 ; 1 ; 94 ; 3 ; [0.1499397940224903] ; [0.20557160262647384]
791 ; 1 ; 95 ; 0 ; [0.29815771672185326, 0.21827447522537516] ; [0.18879954558807258, 0.14427609442648257]
791 ; 1 ; 97 ; 0 ; [0.44661660177486695] ; [0.9266215062206109]
791 ; 1 ; 97 ; 1 ; [1.8145791533969784] ; [0.048918820243380762]
791 ; 1 ; 97 ; 2 ; [0.57216254612001216] ; [0.94617207492509803]
791 ; 1 ; 97 ; 3 ; [0.373436125858642] ; [1.1703715960443271]
791 ; 1 ; 97 ; 4 ; [2.2054796530675596] ; [0.07982610961785698]
791 ; 1 ; 97 ; 5 ; [0.18130771189788006] ; [1.1893202807677887]
791 ; 1 ; 97 ; 9 ; [1.7323285635743959] ; [0.2172283610099191]
791 ; 1 ; 97 ; 12 ; [2.9230472283317708] ; [1.5934765766617394]
791 ; 1 ; 98 ; 1 ; [0.26498939918560438] ; [-0.06123540532606183]
791 ; 1 ; 99 ; 0 ; [0.23072534602491401] ; [0.050379584004528848]
791 ; 1 ; 101 ; 0 ; [0.22120393227261081] ; [0.059455723107970246]
791 ; 1 ; 102 ; 0 ; [0.090321067975029881, 0.13149466462663109] ; [0.22018920824919333, 0.1825611404753299]
791 ; 1 ; 103 ; 0 ; [0.12053629583799585] ; [0.23237658504341541]
791 ; 1 ; 103 ; 1 ; [0.43109136597146702] ; [0.019010866192363227]
791 ; 1 ; 104 ; 2 ; [0.46702622635252355, 0.48408133855534496] ; [0.284302113628223, 0.84093720448666431]
791 ; 1 ; 105 ; 10 ; [0.29200484936822801] ; [0.34191896053305915]
791 ; 1 ; 106 ; 0 ; [0.21458617726565021, 0.37592619426660667] ; [0.12411186689270698, 0.2217004374966596]
791 ; 1 ; 106 ; 1 ; [0.0029321233783678002] ; [-0.12747710806428822]
791 ; 1 ; 106 ; 3 ; [0.50080363482081303, 0.23020001201895327] ; [0.64806029484654426, 0.27721710214181833]
791 ; 1 ; 108 ; 0 ; [0.06955838413986791] ; [0.11722787611872229]
791 ; 1 ; 109 ; 0 ; [0.028507551788449] ; [0.056760381646456186]
791 ; 1 ; 109 ; 1 ; [0.067309965788877602] ; [0.11361139616302161]
791 ; 1 ; 109 ; 2 ; [0.54886075497200026] ; [-0.042698424338455693]
791 ; 1 ; 109 ; 3 ; [0.96848626274012306] ; [0.51316829468189784]
791 ; 1 ; 110 ; 0 ; [0.11358194887161183, 0.10190877537096005, -0.014814593887528866] ; [0.11228133170813343, 0.19829844988269449, 0.088221692853558645]
791 ; 1 ; 110 ; 1 ; [7.3851256697757446e-05] ; [0.052473402863210956]
791 ; 1 ; 111 ; 6 ; [0.31541857238521959] ; [4.006278921195972]
791 ; 1 ; 111 ; 7 ; [0.91737048464521209] ; [4.4809574749320413]
791 ; 1 ; 111 ; 10 ; [1.8011487001052002] ; [2.4025728984611487]
791 ; 1 ; 111 ; 11 ; [2.9104537648876443] ; [3.6528110194794579]
791 ; 1 ; 111 ; 13 ; [1.570549841308911] ; [1.6638172989347677]
791 ; 1 ; 111 ; 16 ; [1.4293955198242918] ; [1.9390868435739654]
791 ; 1 ; 111 ; 17 ; [1.2495619007027472] ; [1.9738706023835497]
791 ; 1 ; 111 ; 18 ; [2.468473074528251] ; [1.8104153255710027]
791 ; 1 ; 111 ; 19 ; [-0.53555949345865994] ; [0.4594932629501956]
791 ; 1 ; 112 ; 0 ; [0.39152069395632444] ; [0.19602236099164622]
791 ; 1 ; 112 ; 1 ; [0.21068299130898063] ; [0.12774166502611026]
791 ; 1 ; 112 ; 5 ; [0.26019727371014184] ; [0.2203301496053926]
791 ; 1 ; 113 ; 0 ; [0.06622693325294339, 0.18918476974104112, 0.11485848753071791, 0.22212461672796327] ; [0.11703706761824488, 0.22699411417214302, 0.36993467898763088, 0.3938679310493538]
791 ; 1 ; 114 ; 0 ; [0.26491412826839333, 1.0759208265039137] ; [0.33517267787906196, 0.18654408602179909]
791 ; 1 ; 114 ; 1 ; [-0.029440917729093109] ; [0.15115987589519272]
791 ; 1 ; 115 ; 0 ; [0.00044209158163559926, 0.0059946797922180283] ; [0.18200690015913021, 0.1451631353874287]
791 ; 1 ; 116 ; 0 ; [0.59384530539856517] ; [0.5505516174702576]
791 ; 1 ; 116 ; 3 ; [1.4727805910130103] ; [0.32377828643330137]
791 ; 1 ; 116 ; 6 ; [0.27060219961478016] ; [0.55067322114450612]
791 ; 1 ; 117 ; 0 ; [0.21028955878864625, 0.11590306682630026] ; [0.21912283517027911, 0.0087459467993304483]
791 ; 1 ; 117 ; 1 ; [0.40646054834634704] ; [0.13509539169987622]
791 ; 1 ; 117 ; 2 ; [-0.016011625805106487] ; [0.082951097035817267]
791 ; 1 ; 118 ; 0 ; [0.1218826470948315] ; [0.077406334255467141]
791 ; 1 ; 118 ; 1 ; [0.080943958207488814] ; [0.33079166566739138]
791 ; 1 ; 118 ; 4 ; [0.91226029831891908] ; [0.69388859509196488]
791 ; 1 ; 119 ; 0 ; [1.6430947614278362] ; [0.50491699970628801]
791 ; 1 ; 119 ; 2 ; [1.5240325017523357] ; [0.31825570890338761]
791 ; 1 ; 119 ; 19 ; [0.65375717702940006] ; [1.2884289529626358]
791 ; 1 ; 120 ; 0 ; [0.031920490801843865, 0.034134782461253441, 0.016174772524352916, 0.016473961170694149] ; [0.098112912265333863, 0.1420748067759823, 0.13877002753129741, -0.009582979565324978]
791 ; 1 ; 121 ; 1 ; [7.8053966557307879] ; [1.7921932773174207]
791 ; 1 ; 121 ; 3 ; [5.5470148663449832] ; [3.9166505480644171]
791 ; 1 ; 121 ; 4 ; [0.4140204034034925] ; [0.3833766544851383]
791 ; 1 ; 121 ; 7 ; [-0.12020658044824548] ; [0.56284091676432324]
791 ; 1 ; 121 ; 10 ; [3.2269589142729798] ; [1.809715957780029]
791 ; 1 ; 121 ; 11 ; [1.4876367806828974] ; [6.9243187464851212]
791 ; 1 ; 121 ; 12 ; [6.0776117319045539] ; [4.8352095449623729]
791 ; 1 ; 121 ; 13 ; [3.2986782599363775] ; [15.251435611502016]
791 ; 1 ; 122 ; 0 ; [0.060795405790509967, 0.074337237636236189] ; [0.12655825314056141, 0.14355584419544432]
791 ; 1 ; 123 ; 0 ; [0.13652926503416885, 0.086682917673842438] ; [0.17026248534075281, 0.11511584747834092]
791 ; 1 ; 124 ; 0 ; [1.1870165437887479] ; [1.2407559466344578]
791 ; 1 ; 124 ; 5 ; [2.7960780944984833] ; [2.0464517987600503]
791 ; 1 ; 124 ; 8 ; [2.4863100491753136] ; [1.0675137552215266]
791 ; 1 ; 124 ; 10 ; [2.1121129943589398] ; [2.364199718587924]
791 ; 1 ; 124 ; 11 ; [1.3267192928556162] ; [1.9213356230673637]
791 ; 1 ; 124 ; 12 ; [-1.357281239674359] ; [2.0940967712211802]
791 ; 1 ; 124 ; 16 ; [1.5308484557898434] ; [2.0469352863001631]
791 ; 1 ; 124 ; 17 ; [1.5976233307035059] ; [1.3316393728852611]
791 ; 1 ; 125 ; 0 ; [0.30126640977578062] ; [1.9244141241391139]
791 ; 1 ; 125 ; 1 ; [0.21168022337154324] ; [0.14838172281259224]
791 ; 1 ; 126 ; 0 ; [0.23812849347442028] ; [0.70574458641799243]
791 ; 1 ; 127 ; 0 ; [0.27282732866319082] ; [0.14962010312413029]
791 ; 1 ; 127 ; 1 ; [2.653926192834414] ; [2.3761293520895679]
791 ; 1 ; 128 ; 0 ; [0.60590475468062799, 0.15512769245915112, 0.12364749306200033] ; [0.60874055832732532, 0.29876957449773411, 0.20128749232974166]
791 ; 1 ; 129 ; 1 ; [0.18156189972060777] ; [0.24182037594525471]
791 ; 1 ; 129 ; 2 ; [0.039260018127589072] ; [0.0096550302835871245]
791 ; 1 ; 130 ; 1 ; [0.41738779040354562] ; [0.43174176843029416]
791 ; 1 ; 130 ; 7 ; [0.78756669102694321] ; [-0.013365899674402111]
791 ; 1 ; 131 ; 0 ; [0.77869110617094184] ; [0.056575058221143427]
791 ; 1 ; 132 ; 0 ; [0.050124909916250071, 0.10092541662187572, 0.0050079003179740273, 0.088465179963514703] ; [0.12885238537637828, 0.16163996790174012, 0.13699887235588537, 0.06905070918803391]
791 ; 1 ; 134 ; 0 ; [-0.022970641275959377, 0.0022168661666720417, -0.0036179701208454958, 0.030397787980471644, 0.033103223072508028] ; [0.098680356055411811, 0.091867004575895639, 0.25114377952430961, 0.16203884359016554, -0.019602687417772924]
791 ; 1 ; 135 ; 0 ; [0.078142741394947715, 0.56467294655096034] ; [0.26557277556294695, 0.59084499707593963]
791 ; 1 ; 135 ; 1 ; [0.034328018265948369, 1.1984975543151262] ; [0.0093336936754465725, 0.69454810966939085]
791 ; 1 ; 135 ; 3 ; [0.029365701062703302] ; [0.0058518659847692682]
791 ; 1 ; 136 ; 0 ; [0.07960239716847857, 0.091074175785397407, 0.13297393940584479] ; [0.16948602013357741, 0.19399531143098411, 0.099926515671364471]
791 ; 1 ; 136 ; 1 ; [-0.015224501875434265] ; [0.092610599669652446]
791 ; 1 ; 138 ; 4 ; [0.45351304114581359, 0.19966650115576295, 0.22760575049201176] ; [0.43083562850131618, 0.17746989758250217, 0.17305982285039059]
791 ; 1 ; 139 ; 2 ; [1.6024297585076632] ; [1.4144598140408648]
791 ; 1 ; 140 ; 0 ; [0.51082114572237836] ; [0.15021195064331097]
791 ; 1 ; 140 ; 2 ; [0.42858011880016422] ; [0.64528768490120136]
791 ; 1 ; 141 ; 1 ; [0.2924447672074077] ; [0.22943318924682743]
791 ; 1 ; 142 ; 0 ; [1.8071572614775853] ; [0.41015202267003625]
791 ; 1 ; 142 ; 1 ; [0.63649773265432119] ; [2.0257390539946032]
791 ; 1 ; 142 ; 3 ; [0.67281066113933696] ; [2.1378246744864016]
791 ; 1 ; 142 ; 7 ; [0.98329027419419435] ; [0.31455187326211487]
791 ; 1 ; 142 ; 12 ; [1.7974838282376393] ; [1.5670956344398581]
791 ; 1 ; 142 ; 13 ; [2.2142911216455259] ; [3.1003324147200084]
791 ; 1 ; 142 ; 14 ; [1.2047832791170177] ; [2.1347354623627064]
791 ; 1 ; 142 ; 16 ; [1.7771034218419262] ; [2.6319166152134326]
791 ; 1 ; 142 ; 17 ; [1.5219650008233248] ; [1.9798654414185977]
791 ; 1 ; 142 ; 18 ; [2.3347846532905523] ; [3.6102791190340349]
791 ; 1 ; 142 ; 19 ; [1.9463555870586082] ; [1.3534259323583966]
791 ; 1 ; 142 ; 22 ; [1.6427847088070267] ; [1.4730492621849347]
791 ; 1 ; 142 ; 23 ; [2.0524323963608557] ; [2.275645646671367]
791 ; 1 ; 142 ; 26 ; [1.8520174855474194] ; [2.0892398323922876]
791 ; 1 ; 142 ; 28 ; [1.8703881299337233] ; [1.4115392138584326]
791 ; 1 ; 142 ; 30 ; [1.6510249141511713] ; [3.0267716357526488]
791 ; 1 ; 142 ; 32 ; [2.5277327062285462] ; [0.9673675963601237]
791 ; 1 ; 142 ; 33 ; [2.122763909357742] ; [4.5148938427065115]
791 ; 1 ; 142 ; 34 ; [2.2210151261143296] ; [3.866498843512693]
791 ; 1 ; 142 ; 36 ; [2.166203642130732] ; [2.6204072898067263]
791 ; 1 ; 142 ; 38 ; [2.5985321500951173] ; [2.4119347036473204]
791 ; 1 ; 142 ; 39 ; [2.1608485049076447] ; [3.3638992752627535]
791 ; 1 ; 142 ; 40 ; [2.1367788014537812] ; [0.61617515408152068]
791 ; 1 ; 142 ; 41 ; [2.9410903634775254] ; [3.1106877415274519]
791 ; 1 ; 142 ; 43 ; [1.1504758130888644] ; [2.3219884496957857]
791 ; 1 ; 142 ; 44 ; [1.8741018884372143] ; [1.4484861644633835]
791 ; 1 ; 142 ; 45 ; [3.9100814680662208] ; [2.3448074262961236]
791 ; 1 ; 142 ; 47 ; [2.7150962249417239] ; [0.96716930860058625]
791 ; 1 ; 142 ; 48 ; [3.0710982001190623] ; [0.91612456199184011]
791 ; 1 ; 142 ; 56 ; [1.6112909736783707] ; [1.9840438895692478]
791 ; 1 ; 142 ; 57 ; [0.91980909707783975] ; [2.5266228500474051]
791 ; 1 ; 142 ; 58 ; [1.8379542576249546] ; [1.1215879558295205]
791 ; 1 ; 142 ; 59 ; [1.1076814903549792] ; [1.2525182905274495]
791 ; 1 ; 143 ; 0 ; [3.1842558473711389] ; [0.58706218674234134]
791 ; 1 ; 144 ; 0 ; [-0.010967552705344566] ; [0.47185634040882313]
791 ; 1 ; 144 ; 3 ; [0.35335119958065825] ; [1.3935598459755243]
791 ; 1 ; 144 ; 4 ; [0.28797954041041129] ; [0.69261936745807262]
791 ; 1 ; 145 ; 0 ; [0.61174649276645976] ; [0.64298493267722978]
791 ; 1 ; 145 ; 4 ; [0.49496763518832143] ; [0.41058017857251439]
791 ; 1 ; 145 ; 5 ; [0.87625216089655134] ; [0.59906271629762098]
791 ; 1 ; 145 ; 6 ; [1.044227097543954] ; [1.1904149457735194]
791 ; 1 ; 145 ; 7 ; [3.7008957560209801] ; [0.37606180642451026]
791 ; 1 ; 145 ; 21 ; [2.1595631711643746] ; [0.42670167110732682]
791 ; 1 ; 146 ; 0 ; [0.11035709605709368] ; [0.16013069467277505]
791 ; 1 ; 147 ; 0 ; [0.12157050413579196, 0.13175619079185558, 0.19768413923852293, 0.097683160978332947] ; [0.11367532210195264, 0.14434149435372567, 0.18696874387891893, 0.13873998558435052]
791 ; 1 ; 147 ; 1 ; [-0.013976896420857391] ; [0.21263712804403273]
791 ; 1 ; 148 ; 0 ; [0.4901449492641991] ; [0.0038274500442568053]
791 ; 1 ; 149 ; 1 ; [0.071828203881875302] ; [0.0082399257811310612]
791 ; 1 ; 150 ; 0 ; [0.24939030658190448, 0.30337960922322893, 0.23920205882220158] ; [0.11883780036732984, 0.15090297454865817, 0.0083152998987316741]
791 ; 1 ; 151 ; 0 ; [1.8042303539548268] ; [0.53916857600876933]
791 ; 1 ; 151 ; 1 ; [0.76996737741557431] ; [0.19658590255565686]
791 ; 1 ; 151 ; 3 ; [0.11657682794670339] ; [1.0581895127648775]
791 ; 1 ; 151 ; 4 ; [0.63827133195371144] ; [0.092554496131419625]
791 ; 1 ; 151 ; 5 ; [1.4858893232767487] ; [0.6941958203903964]
791 ; 1 ; 151 ; 8 ; [0.20982500099233486] ; [0.37697786409757389]
791 ; 1 ; 151 ; 19 ; [1.084409891671589] ; [0.82872263478582264]
791 ; 1 ; 151 ; 20 ; [0.66568848330614017] ; [0.5083055695345855]
791 ; 1 ; 151 ; 21 ; [0.98322693899312008] ; [0.81689048893647731]
791 ; 1 ; 152 ; 2 ; [0.31822013827567724] ; [0.33837991244553506]
791 ; 1 ; 153 ; 0 ; [0.87882693276996748, 0.083125018904435813] ; [0.57438096218613555, 0.13993310154478875]
791 ; 1 ; 153 ; 1 ; [14.677155917943999] ; [0.40400219403379611]
791 ; 1 ; 153 ; 2 ; [0.14905980713378186] ; [0.032824874722784933]
791 ; 1 ; 153 ; 3 ; [10.47079831363088] ; [10.368065685234116]
791 ; 1 ; 154 ; 0 ; [0.074947755974057839, 0.021442179477212577, 0.031730090197274588] ; [0.13891065663633728, 0.13533806073453841, -0.050881116530044984]
791 ; 1 ; 155 ; 1 ; [0.045892037036700015, -0.0041433638790725385, 0.045286104262553049] ; [0.17592870396491239, 0.10661755939437351, 0.2167188040518212]
791 ; 1 ; 156 ; 1 ; [0.033292758432942854, 0.067390965156662708, 0.03387037235012897] ; [0.16742811457536524, 0.13211820798045526, 0.10594251232784632]
791 ; 1 ; 157 ; 2 ; [0.0056564141216863886] ; [0.025351768665280335]
791 ; 1 ; 158 ; 0 ; [0.24418948606553451] ; [0.021842427435895935]
791 ; 1 ; 158 ; 11 ; [1.8355179100716255] ; [0.67724791704616183]
791 ; 1 ; 158 ; 15 ; [0.10772463021691364] ; [0.14393714313923153]
791 ; 1 ; 159 ; 0 ; [0.13360340808376131, 0.10364976196846178] ; [0.1271318610672455, 0.21632571309279319]
791 ; 1 ; 160 ; 0 ; [0.075089684486162767, 0.05790464203065597, 0.053018262347092913] ; [0.10629803547060776, 0.14055505606569627, 0.057893134521566712]
791 ; 1 ; 161 ; 15 ; [3.3737393472022297] ; [1.311761261009166]
791 ; 1 ; 161 ; 30 ; [1.3984329176291364] ; [1.9540361196502194]
791 ; 1 ; 161 ; 31 ; [1.8981776122681826] ; [2.685594172267793]
791 ; 1 ; 161 ; 33 ; [1.0511495080969531, 0.60898618114220193, 1.2429231930034246] ; [0.67793883077339168, 1.125616447984146, 0.86288188617581096]
791 ; 1 ; 161 ; 34 ; [0.59618627110412215, 1.2342866255363156] ; [1.6790936261219926, 1.2356429674768383]
791 ; 1 ; 161 ; 37 ; [2.0731037579904434] ; [1.2036703033267395]
791 ; 1 ; 161 ; 43 ; [1.4877161156627541] ; [2.043909817095011]
791 ; 1 ; 161 ; 44 ; [2.1704378312326873] ; [1.9120214508258679]
791 ; 1 ; 161 ; 45 ; [2.5063483172913292] ; [1.1036225395286887]
791 ; 1 ; 161 ; 48 ; [1.6193564174316064] ; [1.9124966730888302]
791 ; 1 ; 161 ; 51 ; [2.0625730468419317] ; [1.3979827229097634]
791 ; 1 ; 161 ; 52 ; [2.2333000222669592] ; [1.7010925830238952]
791 ; 1 ; 161 ; 54 ; [1.2368984525612825] ; [1.3155186326673101]
791 ; 1 ; 163 ; 0 ; [0.066125892432228509, 0.16810067291500549, 0.012688603574053756, 0.0054967981536409973] ; [0.1483323933760535, 0.11667520456781438, 0.28917804530394381, 0.24980929277822045]
791 ; 1 ; 163 ; 1 ; [1.3780796060191223] ; [0.010220480539297611]
791 ; 1 ; 164 ; 0 ; [0.10156939592572574, 0.28451038455663052] ; [0.38642218703537601, 0.34664043180522819]
791 ; 1 ; 164 ; 1 ; [0.5733904511566662] ; [0.53172325392167685]
791 ; 1 ; 165 ; 0 ; [0.067407333496150926, 0.05904762692010259, 0.072968502948414823] ; [0.11584975241911119, 0.1659055317867062, 0.13991293770328819]
791 ; 1 ; 165 ; 1 ; [0.11395231547017957] ; [0.029193944715930283]
791 ; 1 ; 166 ; 0 ; [0.0023418511242364278, 0.013185731062907362, -0.0062039690588102381, -0.0059555418676234878] ; [0.12067070570514954, 0.12575823358022825, 0.19236245887941242, 0.00075987849401030658]
791 ; 1 ; 167 ; 0 ; [1.2746496167531525] ; [0.53145928060988235]
791 ; 1 ; 167 ; 1 ; [0.14850867447010127] ; [0.66221204099577602]
791 ; 1 ; 167 ; 10 ; [10.080355364143388] ; [1.8632145638756588]
791 ; 1 ; 167 ; 14 ; [4.3999168618598459] ; [2.3264561548796485]
791 ; 1 ; 167 ; 20 ; [0.72290279601005569] ; [1.9680075822184198]
791 ; 1 ; 167 ; 27 ; [1.3415257446778062] ; [1.4682955473881778]
791 ; 1 ; 168 ; 0 ; [0.63869298710864797] ; [1.039559349681989]
791 ; 1 ; 168 ; 1 ; [1.7199155697777948] ; [1.0865084393465125]
791 ; 1 ; 169 ; 0 ; [0.21378809690305192, 0.11289918651543801, -0.0033024881907910606, 0.039028044572470701] ; [0.22758453553193378, 0.16665839657125239, 0.28220151064262239, 0.13959421404601918]
791 ; 1 ; 169 ; 1 ; [2.6060593545258799] ; [0.20388774368254023]
791 ; 1 ; 170 ; 1 ; [1.2368719021210861] ; [2.0107749980805716]
791 ; 1 ; 170 ; 4 ; [0.991095626708973] ; [2.1975714209906365]
791 ; 1 ; 170 ; 5 ; [1.8244827341698622] ; [1.9530631453923193]
791 ; 1 ; 171 ; 0 ; [0.43204850571589093] ; [0.72377816578355814]
791 ; 1 ; 172 ; 0 ; [0.10421581521331209, 0.12546040656933577, 0.077647975460151328] ; [0.13419820308226976, 0.12568204384956805, 0.084972190860997623]
791 ; 1 ; 172 ; 1 ; [-0.0083434881375649157] ; [-0.0030597881120106307]
791 ; 1 ; 173 ; 0 ; [0.64709738745861434, 0.67279375815998954] ; [0.80413672747585752, 0.35926068921111121]
791 ; 1 ; 174 ; 0 ; [0.45160854132885686, 0.78837980116176432] ; [0.34067680760425695, 1.888355598846023]
791 ; 1 ; 174 ; 1 ; [0.58050573532187777] ; [0.6498286464341223]
791 ; 1 ; 175 ; 7 ; [1.3376756566742363] ; [0.56776080097407833]
791 ; 1 ; 175 ; 8 ; [0.075956655829343578] ; [0.13476503177204355]
791 ; 1 ; 176 ; 0 ; [0.056606884389447942, 0.067577487868403216, -0.023882226642693377] ; [0.15046413388266383, 0.15037304338510243, -0.083089793523355021]
791 ; 1 ; 177 ; 0 ; [0.34702677621702921, 0.11886423072943429, 0.19635960969093183] ; [0.28571437224716051, 0.19849306343793405, 0.19658102273676953]
791 ; 1 ; 178 ; 0 ; [0.0038022689760038868, -0.018756136550332987] ; [0.15827494966515773, 0.13535787203080607]
791 ; 1 ; 179 ; 0 ; [0.054640481236517331, 0.076406624195211464, -0.0058568052120717851, -0.011038261344703324] ; [0.16114986278615467, 0.11503119162539838, 0.13173642629793555, -0.16684037014365297]
791 ; 1 ; 180 ; 0 ; [1.1286076147160842] ; [1.7866404546269026]
791 ; 1 ; 180 ; 1 ; [0.28802672211392111] ; [3.28302727634793]
791 ; 1 ; 180 ; 2 ; [0.80851098514113839] ; [0.4455944960000891]
791 ; 1 ; 180 ; 5 ; [1.1443601868576889] ; [1.1297374351566403]
791 ; 1 ; 180 ; 6 ; [2.6759899705890193] ; [0.96631964776772805]
791 ; 1 ; 180 ; 7 ; [0.44495806056898007] ; [1.5755554037371422]
791 ; 1 ; 180 ; 16 ; [3.9235370001429093] ; [3.3708194261516287]
791 ; 1 ; 181 ; 0 ; [0.33399145392833507] ; [0.73464616494807355]
791 ; 1 ; 181 ; 6 ; [0.45275160018913863] ; [0.23235787764124627]
791 ; 1 ; 182 ; 0 ; [0.55944236044317663] ; [0.89109292742465007]
791 ; 1 ; 182 ; 2 ; [0.77260444583620569] ; [0.28082274793193346]
791 ; 1 ; 182 ; 3 ; [0.09128354113915331] ; [0.56888791217467682]
791 ; 1 ; 182 ; 5 ; [-0.0039854034552953589] ; [0.78053541076898991]
791 ; 1 ; 182 ; 7 ; [0.57708616103464905] ; [-0.012394654379379018]
791 ; 1 ; 182 ; 8 ; [2.1136668415086994] ; [0.34501295647789054]
791 ; 1 ; 182 ; 11 ; [1.732014997191196] ; [0.99187507860281177]
791 ; 1 ; 183 ; 0 ; [0.18574033380428773, 0.15295549946573167] ; [0.19204960869744092, 0.060902935103543852]
791 ; 1 ; 183 ; 1 ; [-0.0025396292963224881] ; [-0.021294999368798341]
791 ; 1 ; 184 ; 0 ; [0.037736658836373782, 0.059167481833825149, 0.093973016252286948, 0.052635850025904769, 0.019060484541583541] ; [0.16022860285455906, 0.17733992294221851, 0.18852976630502333, 0.11499750234385497, -0.023545979513408987]
791 ; 1 ; 184 ; 1 ; [-0.0019134356663762125] ; [0.1661361228403081]
791 ; 1 ; 185 ; 0 ; [1.9310351548021574] ; [0.24368199336504026]
791 ; 1 ; 185 ; 1 ; [0.27609812607266565] ; [0.078199307488530781]
791 ; 1 ; 185 ; 2 ; [0.5219162484869081] ; [0.60362099278034653]
791 ; 1 ; 186 ; 0 ; [5.8233112075653111] ; [0.15749749395556764]
791 ; 1 ; 186 ; 1 ; [0.9777323600606479] ; [5.237540134950506]
791 ; 1 ; 186 ; 2 ; [3.8783054208814054] ; [7.4818511007175559]
791 ; 1 ; 186 ; 3 ; [1.9328187242146306] ; [2.121662927072399]
791 ; 1 ; 186 ; 5 ; [7.9354390190645416] ; [10.386675312308649]
791 ; 1 ; 186 ; 6 ; [0.70729405332363582] ; [4.887199055222462]
791 ; 1 ; 187 ; 1 ; [0.89951263427179018] ; [0.71304367044099681]
791 ; 1 ; 187 ; 2 ; [0.68325803590468337] ; [0.50834095954364622]
791 ; 1 ; 187 ; 5 ; [0.12054820112760981] ; [0.18056619333587851]
791 ; 1 ; 188 ; 0 ; [0.070695145854438424, 0.074539333047818818] ; [0.14368928168834164, 0.079690771264732341]
791 ; 1 ; 188 ; 1 ; [0.074224269732593329] ; [-0.021976604596802063]
791 ; 1 ; 189 ; 0 ; [0.92923266162409535] ; [-0.0065405001686731868]
791 ; 1 ; 189 ; 3 ; [0.59821654521735212] ; [0.92807285676982287]
791 ; 1 ; 190 ; 0 ; [0.69205757925243638] ; [0.51750659426933365]
791 ; 1 ; 190 ; 1 ; [0.49026753212455021] ; [0.52929271840985503]
791 ; 1 ; 190 ; 2 ; [1.3755153778129616] ; [0.63191380105249051]
791 ; 1 ; 190 ; 3 ; [1.5723137681215034] ; [0.3476278971091375]
791 ; 1 ; 190 ; 4 ; [0.17892046893079919] ; [0.33422823632746634]
791 ; 1 ; 190 ; 5 ; [0.10605196491854151] ; [2.3775172182859365]
791 ; 1 ; 191 ; 2 ; [0.49012702652162765] ; [1.0718431200130751]
791 ; 1 ; 192 ; 0 ; [0.035446795244388991] ; [0.059742117573242215]
791 ; 1 ; 192 ; 1 ; [0.0093557970517031321, 0.12473794967188238, -0.011161594548222719] ; [0.13255701343666726, 0.19504844602483754, -0.0091039236555482041]
791 ; 1 ; 193 ; 1 ; [0.6119059529512495] ; [0.96192039401992613]
791 ; 1 ; 193 ; 4 ; [1.0800010928904926] ; [1.8096798946450219]
791 ; 1 ; 194 ; 0 ; [0.31652635899279558] ; [0.23338702818833898]
791 ; 1 ; 195 ; 0 ; [0.14214181496467926] ; [0.20446739354680898]
791 ; 1 ; 196 ; 0 ; [0.20227320628258263, 0.028670280097780877] ; [0.18520301002613362, 0.070123174662554091]
791 ; 1 ; 197 ; 0 ; [0.24514975587822865, 0.14781264309624126] ; [0.53207672208265022, 0.086217593025399206]
791 ; 1 ; 197 ; 1 ; [0.97662729687914762] ; [1.2576476423098431]
791 ; 1 ; 197 ; 4 ; [0.56734109300515356] ; [0.5006553015791515]
791 ; 1 ; 198 ; 0 ; [0.4471046070696244] ; [1.607775585804198]
791 ; 1 ; 198 ; 1 ; [-0.17167277339406695] ; [0.11808832259588034]
791 ; 1 ; 199 ; 0 ; [0.91414077218503109] ; [0.56767024170249814]
791 ; 1 ; 199 ; 34 ; [1.4383730391558318] ; [1.6348697430342001]
791 ; 1 ; 202 ; 0 ; [0.039234839890920248, 0.18474750325673023] ; [0.20821934613041337, 0.34947990641782256]
791 ; 1 ; 202 ; 1 ; [0.20470735736254933] ; [0.031968838582906757]
791 ; 1 ; 202 ; 5 ; [0.20453133645292898] ; [0.5120991618613614]
791 ; 1 ; 202 ; 6 ; [-0.0094785635843049054] ; [0.24838534815860402]
791 ; 1 ; 203 ; 0 ; [0.044678374757813499] ; [-0.003054628837292937]
791 ; 1 ; 203 ; 1 ; [1.2089353614720957] ; [0.65874780554430057]
791 ; 1 ; 203 ; 5 ; [0.84063959386908083] ; [2.143691239779153]
791 ; 1 ; 203 ; 6 ; [3.1218790747719871] ; [0.14043723374257622]
791 ; 1 ; 204 ; 0 ; [0.1746949348817331] ; [0.85898513270378773]
791 ; 1 ; 204 ; 1 ; [-0.15328042083134047] ; [-0.025045954994001054]
791 ; 1 ; 204 ; 2 ; [0.3845301835051837] ; [2.452116266585683]
791 ; 1 ; 204 ; 3 ; [5.734287532215034] ; [1.4036461185157134]
791 ; 1 ; 204 ; 4 ; [0.69494832085398583] ; [0.59937596825262129]
791 ; 1 ; 204 ; 5 ; [4.1632104414692384] ; [0.45969160813529514]
791 ; 1 ; 204 ; 6 ; [8.5468365051065529] ; [0.5934289039560825]
791 ; 1 ; 204 ; 8 ; [2.4886723720167239] ; [3.7732029750243741]
791 ; 1 ; 204 ; 11 ; [0.49054242177347834] ; [0.55327558707781244]
791 ; 1 ; 205 ; 2 ; [0.04078310216303431, 0.20910888748659415, 0.09480924660106993, 0.37432686275698307] ; [0.15766081254347539, 0.22091339689582948, 0.093266699724504729, 0.38833370093313346]
791 ; 1 ; 206 ; 1 ; [1.6331261110215725] ; [0.25644428267970004]
791 ; 1 ; 206 ; 3 ; [1.1481496181914193] ; [2.2132999681940428]
791 ; 1 ; 206 ; 4 ; [2.5485246944436755] ; [2.0326877926071347]
791 ; 1 ; 206 ; 5 ; [1.9438171476482595] ; [0.65521776927453201]
791 ; 1 ; 206 ; 6 ; [1.8365785000628576] ; [1.7595493043444181]
791 ; 1 ; 206 ; 7 ; [1.6546834841986029] ; [2.1952029097475085]
791 ; 1 ; 206 ; 10 ; [2.4301389351103193] ; [2.1553362463052128]
791 ; 1 ; 206 ; 11 ; [1.8147016545055292] ; [2.3056891912007158]
791 ; 1 ; 206 ; 12 ; [1.1196974491170857] ; [0.55021135778272712]
791 ; 1 ; 206 ; 14 ; [0.9140263474669682] ; [2.0570436278057422]
791 ; 1 ; 207 ; 0 ; [1.9178122052815276] ; [1.5312670745780435]
791 ; 1 ; 207 ; 1 ; [1.2841113909118167] ; [0.74711022077432787]
791 ; 1 ; 207 ; 5 ; [0.20099654599584807] ; [0.56145653940815787]
791 ; 1 ; 208 ; 0 ; [0.16838587919284526] ; [0.064484105984928278]
791 ; 1 ; 208 ; 1 ; [0.0164429350121915] ; [0.044416471643924343]
791 ; 1 ; 210 ; 0 ; [1.4818639467814285] ; [0.94524690771431596]
791 ; 1 ; 210 ; 1 ; [3.7872251624744133] ; [0.96154340219562506]
791 ; 1 ; 210 ; 2 ; [1.9854100204857426] ; [0.9383077315195727]
791 ; 1 ; 210 ; 6 ; [1.469318931587243] ; [2.1555324636396396]
791 ; 1 ; 210 ; 9 ; [1.9766986871432977] ; [1.8776292577802136]
791 ; 1 ; 210 ; 10 ; [1.5842957357483507] ; [0.79630016863699649]
791 ; 1 ; 210 ; 11 ; [1.7704166955127307] ; [0.47137387543024056]
791 ; 1 ; 210 ; 13 ; [0.95721837074483773] ; [2.6155063478672855]
791 ; 1 ; 210 ; 14 ; [1.0806366788992581] ; [1.747500366147493]
791 ; 1 ; 210 ; 15 ; [1.7078945495877191] ; [3.5289094412191182]
791 ; 1 ; 210 ; 20 ; [3.5706168115133123] ; [1.6652140237256983]
791 ; 1 ; 210 ; 24 ; [3.4434068028304221] ; [0.66972116356978184]
791 ; 1 ; 210 ; 28 ; [0.52580586717263356] ; [0.38984184369434993]
791 ; 1 ; 210 ; 29 ; [1.4692777032653801] ; [1.8216655464389016]
791 ; 1 ; 212 ; 3 ; [1.1227237580003353] ; [1.8025641226311049]
791 ; 1 ; 213 ; 7 ; [3.6649336481725525] ; [2.0241577529457477]
791 ; 1 ; 215 ; 1 ; [0.3051718408914999] ; [0.24172347723864637]
791 ; 1 ; 216 ; 0 ; [0.086964083839447329, 0.0061838089524481037] ; [0.21114981074014011, 0.12146516173389645]
791 ; 1 ; 217 ; 0 ; [0.085114994195090068] ; [0.084662841371398442]
791 ; 1 ; 217 ; 5 ; [0.09356577779460587] ; [0.028479535155075172]
791 ; 1 ; 218 ; 3 ; [0.32725836440367334, 0.067097611910188495] ; [0.36310223951706094, 0.0032748378078844773]
791 ; 1 ; 219 ; 1 ; [0.10332997252915176, 0.27966037371799107, 0.19978860954980601, 0.24498583502321319] ; [0.13543617104003641, 0.31731630381927406, 0.30442147142113424, 0.40360117449262706]
791 ; 1 ; 220 ; 0 ; [0.085565589403822556, 0.033504112842958046, 0.15080023109554788, 0.039328599993220914, 0.051842864754479821] ; [0.14312739458396506, 0.22348468879817182, 0.24765107361225039, 0.25843523955642111, 0.33002816968258142]
791 ; 1 ; 220 ; 1 ; [-0.010645452745296153] ; [0.11537040487246089]
791 ; 1 ; 221 ; 0 ; [0.1795104923430979, 0.043041159491506546] ; [0.26672280575772545, 0.0076727782950098654]
791 ; 1 ; 222 ; 0 ; [0.4200956954278478, 0.39264744679257413, 0.51019746623046069] ; [0.27226557597051154, 0.81582311692515808, 0.46635310550913089]
791 ; 1 ; 223 ; 0 ; [1.8140891986400001] ; [-0.023824975645666983]
791 ; 1 ; 223 ; 1 ; [1.8276598427349076] ; [0.74690787787648516]
791 ; 1 ; 223 ; 2 ; [0.45424391783008683] ; [3.2239791708709271]
791 ; 1 ; 223 ; 7 ; [1.6098221858390682] ; [0.25744143854028612]
791 ; 1 ; 223 ; 9 ; [0.80823649819328258] ; [8.0242439938479393]
791 ; 1 ; 223 ; 10 ; [1.6431431175218512] ; [1.9672686286266374]
791 ; 1 ; 223 ; 13 ; [2.1560026919779078] ; [1.8502328654446969]
791 ; 1 ; 223 ; 14 ; [2.1429485809477029] ; [1.0732312435342053]
791 ; 1 ; 223 ; 16 ; [0.97232205937162342] ; [1.8474328824665232]
791 ; 1 ; 223 ; 19 ; [2.1522897811133883] ; [2.1782114016529315]
791 ; 1 ; 223 ; 28 ; [2.6168987336354763] ; [1.163992002648371]
791 ; 1 ; 225 ; 0 ; [0.21240640477562464, 0.046254395196930857, 0.056432859249193681] ; [0.16072208460587611, 0.10491019726932485, 0.084368242079148253]
791 ; 1 ; 225 ; 1 ; [0.62931009527055215] ; [0.12048234662825941]
791 ; 1 ; 226 ; 0 ; [0.0048447095837920399, 0.34169605609417958, 0.015484613044148561, -0.01201794058792658] ; [0.13755850666311023, 0.38444341639247787, 0.18955962688484909, -0.053706273016234998]
791 ; 1 ; 227 ; 0 ; [0.16450413931385044] ; [0.012082233790750591]
791 ; 1 ; 227 ; 2 ; [1.6585945276444201] ; [1.4310981977871502]
791 ; 1 ; 228 ; 0 ; [0.16078222485295704, 0.1759305879671054] ; [0.37994952533333354, 0.20404834051875867]
791 ; 1 ; 228 ; 1 ; [0.000541572227424798] ; [0.34039909112083611]
791 ; 1 ; 228 ; 2 ; [0.026519963680061574] ; [-0.00762938293364856]
791 ; 1 ; 230 ; 3 ; [0.78379446805417663] ; [1.8236265288766]
791 ; 1 ; 231 ; 0 ; [1.9255178311699719] ; [0.4450441834704551]
791 ; 1 ; 231 ; 7 ; [1.1528448888168163] ; [2.2021584799312848]
791 ; 1 ; 232 ; 0 ; [0.038941339518537704, 0.046063694250383751, 0.043227978045901561] ; [0.14799917130163301, 0.11879647317817071, 0.047761726987377712]
791 ; 1 ; 233 ; 0 ; [0.10947275945863358] ; [0.059281349579931551]
791 ; 1 ; 233 ; 1 ; [0.48422706195739834] ; [0.3941989330348063]
791 ; 1 ; 233 ; 2 ; [0.55836965925197801] ; [0.3905218332675911]
791 ; 1 ; 233 ; 11 ; [0.69714121525600459] ; [0.95764941507413981]
791 ; 1 ; 234 ; 0 ; [1.1140729110054215] ; [0.91785208904272408]
791 ; 1 ; 235 ; 0 ; [0.0080296435804263575, 0.031587303710324768, -0.0031293494527213023, 0.038609284259184418] ; [0.076040203445437979, 0.10090089575921128, 0.12624230273495207, -0.17461866062392145]
791 ; 1 ; 236 ; 0 ; [0.034426277214650539, 0.012841250757402457] ; [0.46901547083943484, 0.8965856649593632]
791 ; 1 ; 236 ; 1 ; [0.084112397319536139, 0.17263676606454031] ; [0.25040253476508079, 0.22162922404524954]
791 ; 1 ; 236 ; 2 ; [0.24878926110894364] ; [0.13393256522300795]
791 ; 1 ; 237 ; 0 ; [0.64444749097135712] ; [0.14379116869640432]
791 ; 1 ; 237 ; 1 ; [0.56168389995888734] ; [0.033796896058233938]
791 ; 1 ; 238 ; 6 ; [0.87078547407981077] ; [1.5408786621187416]
791 ; 1 ; 238 ; 13 ; [0.62811798686735221] ; [0.21336007986998123]
791 ; 1 ; 239 ; 3 ; [3.0046683641378453] ; [2.5328287866077317]
791 ; 1 ; 239 ; 4 ; [0.85859536478759679] ; [0.5169439675676889]
791 ; 1 ; 240 ; 1 ; [0.83703202854001835] ; [2.11960052257285]
791 ; 1 ; 241 ; 0 ; [0.12200823504573192, 0.97889326441355717] ; [0.33476435225345708, 0.55406363659694446]
791 ; 1 ; 241 ; 1 ; [1.1779018713444969] ; [0.21890880998272486]
791 ; 1 ; 243 ; 0 ; [0.73193757674444271] ; [0.51332314953161262]
791 ; 1 ; 243 ; 1 ; [2.7588412027665301] ; [1.6192037772590955]
791 ; 1 ; 243 ; 2 ; [0.23765587446342248] ; [0.64213797831802433]
791 ; 1 ; 243 ; 5 ; [0.090672815893454078] ; [0.29577635627401494]
791 ; 1 ; 243 ; 6 ; [1.2302894600131224] ; [0.68983510611505483]
791 ; 1 ; 243 ; 13 ; [0.26320804266248077] ; [1.355690334337313]
791 ; 1 ; 243 ; 15 ; [0.45195162910939479] ; [1.2863401995409982]
791 ; 1 ; 243 ; 21 ; [1.1025624381132486] ; [0.78129450784858889]
791 ; 1 ; 243 ; 26 ; [1.021044599133391] ; [0.21786988200312268]
791 ; 1 ; 244 ; 0 ; [0.51790202132208463] ; [0.22995175286235622]
791 ; 1 ; 244 ; 13 ; [1.9738246595856375] ; [0.86151336232297726]
791 ; 1 ; 245 ; 0 ; [0.18475096784831549] ; [0.0097239715316885331]
791 ; 1 ; 245 ; 1 ; [0.17794100804249316] ; [0.014992991503093644]
791 ; 1 ; 245 ; 2 ; [0.056349468389572034, 0.026526663361463435] ; [0.0084608022522803285, 0.03559065442924117]
791 ; 1 ; 246 ; 0 ; [0.072582133690418424] ; [0.006630049232693805]
791 ; 1 ; 247 ; 0 ; [1.1271673415751318] ; [0.05489339264735222]
791 ; 1 ; 247 ; 2 ; [0.41105476127837681] ; [1.4007619381757672]
791 ; 1 ; 248 ; 0 ; [0.15876374688078662, 0.06735206448954581] ; [0.14446729778579848, 0.070552313664160482]
791 ; 1 ; 249 ; 0 ; [0.25531530213494086, 0.016568481548476073, 0.029846050430470693] ; [0.18279546618614592, 0.21624765324940617, 0.016709699047919392]
791 ; 1 ; 250 ; 3 ; [0.17734962758051262] ; [0.39583577229793088]
791 ; 1 ; 251 ; 3 ; [0.72902094453030475] ; [1.2682107272387675]
791 ; 1 ; 251 ; 7 ; [1.1484861182082271] ; [1.4152967619175545]
791 ; 1 ; 251 ; 8 ; [1.6042306120884557] ; [1.6188787405492338]
791 ; 1 ; 252 ; 0 ; [0.4382787736963823, 2.0700488869120588] ; [0.45625919320160635, 0.74742022692789989]
791 ; 1 ; 252 ; 1 ; [0.80957975767054946] ; [0.51150898592900806]
791 ; 1 ; 252 ; 2 ; [1.4846148144377436] ; [0.75687491193793732]
791 ; 1 ; 252 ; 3 ; [0.88364721040124994] ; [0.88875119407621817]
791 ; 1 ; 252 ; 4 ; [0.59315536419594816] ; [0.39237265241595515]
791 ; 1 ; 252 ; 6 ; [3.0763392775988083] ; [0.72901894133342082]
791 ; 1 ; 252 ; 7 ; [0.63862634718586375] ; [0.67207336433778986]
791 ; 1 ; 252 ; 9 ; [0.30241301832668305] ; [0.70329230226459061]
791 ; 1 ; 252 ; 11 ; [3.2783814598129584] ; [1.9615990924635136]
791 ; 1 ; 252 ; 12 ; [1.7226934197984034] ; [0.86723187603655905]
791 ; 1 ; 252 ; 14 ; [0.77398112544720421] ; [0.76635760540801467]
791 ; 1 ; 252 ; 25 ; [1.1022939555074316] ; [1.3584417805158437]
791 ; 1 ; 252 ; 26 ; [1.7201192734968196] ; [1.2478098899671173]
791 ; 1 ; 252 ; 29 ; [3.0260229663478135] ; [1.154434980708555]
791 ; 1 ; 252 ; 32 ; [2.283020047746839] ; [1.4986301218650182]
791 ; 1 ; 252 ; 37 ; [3.7201388936470283] ; [1.6392132674560713]
791 ; 1 ; 252 ; 38 ; [2.0124309008544592] ; [1.6749404477456868]
791 ; 1 ; 252 ; 40 ; [1.8998514453738864] ; [1.720975362819763]
791 ; 1 ; 252 ; 45 ; [1.174104240586344] ; [0.73335934221414556]
791 ; 1 ; 252 ; 48 ; [2.3696244839149587] ; [1.8655224738386569]
791 ; 1 ; 253 ; 0 ; [0.0071113487441920994, 0.031628593396100739, 0.02233201526455009, 0.29248869836042068, 0.065007492421225249] ; [0.081751163396245274, 0.10857216912294015, 0.12417812778454118, 0.20376154714051223, 0.12409592244088441]
791 ; 1 ; 254 ; 0 ; [0.34771523713048413, 0.19945335894830277] ; [0.15666020789030841, 0.087511407962796411]
791 ; 1 ; 256 ; 0 ; [2.0211051557991997] ; [0.38465086805099019]
791 ; 1 ; 256 ; 1 ; [1.2935644257722445] ; [0.34561875458312213]
791 ; 1 ; 256 ; 2 ; [0.977766129848476] ; [2.1720348560395295]
791 ; 1 ; 256 ; 4 ; [2.4253432237484676] ; [0.35753898150606767]
791 ; 1 ; 256 ; 6 ; [1.3164902722830916] ; [0.57661613690313684]
791 ; 1 ; 256 ; 8 ; [3.4175127683116977] ; [0.64564574523616913]
791 ; 1 ; 256 ; 11 ; [1.6631009533621031] ; [1.7299159422772004]
791 ; 1 ; 256 ; 12 ; [1.6434995927305756] ; [1.6288597900766704]
791 ; 1 ; 256 ; 13 ; [1.1585634931689117] ; [1.9532853406305886]
791 ; 1 ; 256 ; 18 ; [1.8048872242854463] ; [0.28310635707445125]
791 ; 1 ; 256 ; 20 ; [1.5439317232631913] ; [0.38907800380291491]
791 ; 1 ; 256 ; 21 ; [1.9496048824408154] ; [1.8080083231086599]
791 ; 1 ; 257 ; 0 ; [0.44290926909826672] ; [1.2012605301127608]
791 ; 1 ; 257 ; 1 ; [0.23864615541362688] ; [2.2279121198088951]
791 ; 1 ; 258 ; 0 ; [0.49136953568393965] ; [0.2662701903501089]
791 ; 1 ; 259 ; 0 ; [0.49636538987665535, 0.66895842709678432] ; [-0.062195870996388965, 0.15036086588474082]
791 ; 1 ; 259 ; 1 ; [0.48963674920961187] ; [0.30385191162805075]
791 ; 1 ; 260 ; 0 ; [0.0032283198858906511] ; [-0.02237376622716792]
791 ; 1 ; 260 ; 2 ; [0.18601880787808381] ; [0.053270134961783726]
791 ; 1 ; 261 ; 0 ; [0.19852388053521203, -0.011988210836301789] ; [0.26700269694197581, 0.07769919595492869]
791 ; 1 ; 262 ; 0 ; [0.29184634505956458, 0.16150797503731112, 0.075897685993456032] ; [0.27225142779732231, 0.09561577443237182, 0.062001696786843925]
791 ; 1 ; 263 ; 1 ; [1.7714874422051241] ; [1.7146252403183027]
791 ; 1 ; 264 ; 0 ; [0.086140726753294247, 0.14684422199820027, 0.041538505092357972] ; [0.13435775086445206, 0.14319849679101182, 0.15266559502876451]
791 ; 1 ; 265 ; 0 ; [1.0993155909554964] ; [1.6010645927051674]
791 ; 1 ; 265 ; 1 ; [1.7317214540461559] ; [2.6469117415661723]
791 ; 1 ; 265 ; 2 ; [2.6322883841989131] ; [0.68564504712597263]
791 ; 1 ; 266 ; 0 ; [0.66228478433773008, 0.4038996119758208] ; [0.2634321592745783, 0.050415809009210076]
791 ; 1 ; 267 ; 0 ; [0.1918928891215293, 0.12531732352693867] ; [0.12991598564493942, 0.10369971084962461]
791 ; 1 ; 268 ; 0 ; [0.039107863863535187] ; [0.059534345077497559]
791 ; 1 ; 269 ; 1 ; [0.62201645710780762] ; [0.047077954981345149]
791 ; 1 ; 270 ; 0 ; [0.45070800776919001] ; [0.19283750610288455]
791 ; 1 ; 270 ; 1 ; [0.3804933755346766] ; [0.1840426707406923]
791 ; 1 ; 270 ; 3 ; [1.1847860024847807] ; [0.13706988383132629]
791 ; 1 ; 270 ; 21 ; [0.53309052893776621] ; [0.79488364469004147]
791 ; 1 ; 271 ; 7 ; [0.10419967785823372, 0.23913213207428133, 0.41544656506305427] ; [0.14037100464599669, 0.2551631367100714, 0.99788738962354451]
791 ; 1 ; 271 ; 8 ; [0.7213688946388197] ; [1.8958587059264906]
791 ; 1 ; 272 ; 0 ; [0.6189133475293892, 0.30492206559867108] ; [0.58779882720082843, 0.40547830689852127]
791 ; 1 ; 273 ; 0 ; [0.074261037819357306, 0.07897897731601583, 0.079072494278036781, 0.075938942490539216] ; [0.089420591674749833, 0.23251710246552748, 0.12881024392624305, 0.061078916200715046]
791 ; 1 ; 274 ; 0 ; [0.77488880420199113] ; [0.61588995585298223]
791 ; 1 ; 274 ; 1 ; [0.2547707920403508] ; [0.33355699215189599]
791 ; 1 ; 274 ; 2 ; [1.4654371763733105] ; [1.8205722009618033]
791 ; 1 ; 274 ; 3 ; [0.5171075141739665] ; [1.7318367250565814]
791 ; 1 ; 274 ; 6 ; [1.4313257762079257] ; [1.2003277248006143]
791 ; 1 ; 274 ; 14 ; [0.65524587954070057] ; [0.48464378162941091]
791 ; 1 ; 274 ; 17 ; [0.88711425592992998] ; [0.54201675745404199]
791 ; 1 ; 274 ; 18 ; [1.1979966364122046] ; [1.7594447608448107]
791 ; 1 ; 275 ; 2 ; [0.32531777304639975] ; [0.51822910008263834]
791 ; 1 ; 276 ; 0 ; [1.1754200650207873, 1.6651923877604586] ; [0.20597620947108422, 0.36462390844234688]
791 ; 1 ; 276 ; 1 ; [1.8598162301586514] ; [0.16079533066891191]
791 ; 1 ; 276 ; 4 ; [1.5784231002199067] ; [0.97831354661810366]
791 ; 1 ; 277 ; 0 ; [0.045247006881410708] ; [0.41760971612280484]
791 ; 1 ; 277 ; 2 ; [0.4680233947593001] ; [0.27015813786807846]
791 ; 1 ; 277 ; 8 ; [0.055579967993828916] ; [1.294122337189743]
791 ; 1 ; 278 ; 0 ; [0.92795645082614031] ; [0.057894080198302687]
791 ; 1 ; 278 ; 3 ; [0.014371243387185588] ; [-0.033735308020502543]
791 ; 1 ; 278 ; 6 ; [1.8990100430955434] ; [2.138007667734211]
791 ; 1 ; 278 ; 8 ; [1.8699197943429047] ; [2.1957005493353394]
791 ; 1 ; 278 ; 10 ; [1.5788363111621364] ; [1.3702906550308198]
791 ; 1 ; 278 ; 12 ; [0.75602466930212819] ; [1.0166559059384677]
791 ; 1 ; 278 ; 14 ; [2.2880530986512628] ; [0.9179300357553678]
791 ; 1 ; 278 ; 15 ; [2.4123806001839494] ; [1.5277146740569432]
791 ; 1 ; 278 ; 17 ; [2.1456425376040045] ; [1.7785103439564927]
791 ; 1 ; 278 ; 20 ; [0.037227738461639154] ; [0.95897450086408309]
791 ; 1 ; 278 ; 23 ; [2.1588074540756441] ; [1.5664417993905162]
791 ; 1 ; 278 ; 24 ; [2.1507221275886694] ; [1.3905743296207833]
791 ; 1 ; 278 ; 26 ; [1.3538901986849265] ; [1.5232121858133474]
791 ; 1 ; 278 ; 28 ; [1.5232948672593576] ; [2.18888550180632]
791 ; 1 ; 279 ; 1 ; [1.5409408062629835] ; [1.5714431581171489]
791 ; 1 ; 279 ; 2 ; [0.98437986615801965] ; [0.7066941770198274]
791 ; 1 ; 280 ; 0 ; [0.25161736025032699] ; [0.10127224209971414]
791 ; 1 ; 280 ; 2 ; [0.67833976959281939] ; [0.80047945002900167]
791 ; 1 ; 280 ; 3 ; [0.17396438183775814] ; [0.073275781713923557]
791 ; 1 ; 280 ; 9 ; [0.89198469113695] ; [0.3652946105343769]
791 ; 1 ; 281 ; 0 ; [0.53880757189521422] ; [0.032403918643789498]
791 ; 1 ; 281 ; 2 ; [0.38133353289031152] ; [0.43087347727291431]
791 ; 1 ; 282 ; 2 ; [0.93242603797740808] ; [1.9228774877417862]
791 ; 1 ; 282 ; 4 ; [0.64085622924004604] ; [2.514709430920139]
791 ; 1 ; 282 ; 10 ; [1.9389422334134823] ; [1.7304966183930606]
791 ; 1 ; 282 ; 11 ; [2.8864970449706799] ; [1.6412269473326293]
791 ; 1 ; 282 ; 17 ; [1.8208486773526642] ; [1.8239282640097669]
791 ; 1 ; 282 ; 18 ; [1.6216685464306742] ; [1.3944795622795332]
791 ; 1 ; 282 ; 24 ; [2.9331663946041266] ; [1.7491107039253715]
791 ; 1 ; 282 ; 25 ; [1.7198026771978299] ; [1.7117519978468372]
791 ; 1 ; 283 ; 0 ; [0.15083912390554743] ; [0.5464270625493064]
791 ; 1 ; 283 ; 1 ; [0.14177429267390634] ; [0.61656204821629235]
791 ; 1 ; 283 ; 3 ; [0.22359764462249504] ; [1.2408517588677841]
791 ; 1 ; 283 ; 7 ; [0.25838503836179277] ; [1.5076489742344992]
791 ; 1 ; 283 ; 11 ; [0.62076593247403233] ; [0.830638144682736]
791 ; 1 ; 284 ; 0 ; [0.089818587111900161, 0.061066355207354296, 0.089129912524391272] ; [0.12699148101939559, 0.13983145459549451, -0.11996638493453583]
791 ; 1 ; 285 ; 0 ; [0.0073825171454871491] ; [0.14817706755433852]
791 ; 1 ; 286 ; 0 ; [0.15843165778048132] ; [0.17857248998265665]
791 ; 1 ; 286 ; 1 ; [2.9496171778056914] ; [1.0291239468089786]
791 ; 1 ; 286 ; 3 ; [0.026750417231713203] ; [0.049943878779963403]
791 ; 1 ; 286 ; 5 ; [1.2453589685049986] ; [0.39213208313250458]
791 ; 1 ; 287 ; 0 ; [0.046098809569988859, 0.029433907629806983, 0.58591821146980394] ; [0.11683859607735221, 0.17630625128970559, 0.091243186204440122]
791 ; 1 ; 289 ; 0 ; [0.38729586487215834, 0.29730828891819, 0.15741540929997552] ; [0.11618037758656465, 0.41542986911360991, 0.096585148544951885]
791 ; 1 ; 289 ; 4 ; [-0.0089711963591963765] ; [0.010512185654237467]
791 ; 1 ; 290 ; 0 ; [0.13148253085079692, 0.31024211163369048, 0.1083792952716717, 0.0057030678117218417] ; [0.18071018300548664, 0.25854225216622095, 0.15488448114840084, 0.015710174194095417]
791 ; 1 ; 290 ; 1 ; [0.16060060768624171] ; [-0.046877241860974271]
791 ; 1 ; 291 ; 0 ; [0.086581880408302614, -0.019268380266922396, -0.028907415409970105] ; [0.2378388869645196, 0.19680790847428908, 0.0062166462747496303]
791 ; 1 ; 291 ; 1 ; [0.10146984093672937] ; [0.69075176930196136]
791 ; 1 ; 291 ; 2 ; [0.11899114088927239] ; [0.29501208103493437]
791 ; 1 ; 292 ; 0 ; [0.65996197590570149] ; [0.84034470682847118]
791 ; 1 ; 292 ; 5 ; [0.029075522993278768, 0.2506023778621137, 1.2267326355247243] ; [0.091827940521711809, 0.38429248793544246, 1.7394564033708491]
791 ; 1 ; 294 ; 0 ; [0.15964915404862293, 0.2641953429851443, 1.7319031359511281] ; [0.16263564944649836, 0.2312236392212253, 0.31417276816652817]
791 ; 1 ; 295 ; 0 ; [0.12172116839799847, 0.059253277040192003, 0.014469181913512364] ; [0.12477030181754616, 0.092424539138852665, 0.0087416522471552519]
791 ; 1 ; 296 ; 0 ; [0.097852627371641243, 0.24133460931673503] ; [0.11940781542763354, 0.21301772612752096]
791 ; 1 ; 296 ; 1 ; [0.20566456789605755] ; [0.84396917303771524]
791 ; 1 ; 297 ; 1 ; [0.31976059104542776] ; [0.61817794049529173]
791 ; 1 ; 297 ; 3 ; [0.69604298940930232] ; [0.62236582057218859]
791 ; 1 ; 297 ; 4 ; [0.065618990739219743] ; [0.36628835849262781]
791 ; 1 ; 298 ; 0 ; [0.28838159422287396] ; [0.13797906534046306]
791 ; 1 ; 298 ; 1 ; [-0.014482839168311839] ; [-0.021039028732117493]
791 ; 1 ; 299 ; 0 ; [0.82116645122223708, 0.23363676441239925] ; [0.37374671354805267, 0.15128211177278841]
791 ; 1 ; 299 ; 1 ; [0.16538203149750785] ; [0.12895410670889809]
791 ; 1 ; 299 ; 2 ; [0.36049729646820688] ; [1.3106721845235088]
791 ; 1 ; 300 ; 0 ; [-0.0048936308660779901, -0.015618219733117958, 0.046722300284521998] ; [0.14721959990635669, 0.15939482589813667, 0.28301006768229542]
791 ; 1 ; 303 ; 0 ; [0.1099375451525612, 0.19740479143932635, 1.5490777955733535, 1.0801150610179984] ; [0.10880974514403549, 0.22235159361888557, 1.576866987794733, 1.3141203015484308]
791 ; 1 ; 303 ; 1 ; [0.21504848457321221] ; [0.049629280597116139]
791 ; 1 ; 304 ; 0 ; [0.16148485658089587, 0.13708813993411434, 0.0095090914946597844] ; [0.16941488742275757, 0.24963392951566046, -0.072808969369281024]
791 ; 1 ; 305 ; 0 ; [0.28417988591424159, 0.17792159464534785, 0.10445723317883908, 0.081710240580137289] ; [0.61249844519993235, 0.18221257819324066, 0.42857087566756147, 0.072716496734479913]
791 ; 1 ; 306 ; 0 ; [1.2225799853488208] ; [0.39405002665904731]
791 ; 1 ; 307 ; 0 ; [0.21489708398547605, 0.19933703900383429, 0.20556593806028656] ; [0.1645073589115959, 0.14080257977711991, 0.11904971264812575]
791 ; 1 ; 308 ; 0 ; [0.15203560703548402, 1.3235009109702212, 0.49856317152702717] ; [0.26201057194634353, 0.56682752778410872, 0.37071887885358473]
791 ; 1 ; 308 ; 1 ; [0.25091577130141601] ; [-0.017189529140153523]
791 ; 1 ; 308 ; 2 ; [1.4108354644262506] ; [0.0060425305802689145]
791 ; 1 ; 308 ; 7 ; [0.96938193915993975] ; [1.4900091863319131]
791 ; 1 ; 309 ; 0 ; [0.088052726475951304, 0.084720930044611328] ; [0.19915143201772462, 0.092284640374934349]
791 ; 1 ; 309 ; 1 ; [0.30792339649125394] ; [0.16650702273574744]
791 ; 1 ; 310 ; 0 ; [0.15183495199696936] ; [0.61389254122830983]
791 ; 1 ; 310 ; 2 ; [0.15711865386618207] ; [6.0670995508005801]
791 ; 1 ; 310 ; 3 ; [0.59906470413403845] ; [0.76597326844552116]
791 ; 1 ; 310 ; 4 ; [0.35215062997975644] ; [18.016714619333374]
791 ; 1 ; 311 ; 0 ; [0.56217999837679233, 0.26465696189295224, 0.30973222157382613, 0.086896844431376699, 0.12556800408056709] ; [0.12719885075653858, 0.40979020247301867, 0.66590597494770243, 0.10878592406897758, 0.22268090417606476]
791 ; 1 ; 312 ; 0 ; [0.5079425973259124] ; [0.21998878283491202]
791 ; 1 ; 312 ; 3 ; [0.062323467243732104] ; [0.1243214829083978]
791 ; 1 ; 313 ; 0 ; [0.89426831321562339] ; [0.8209677269928265]
791 ; 1 ; 313 ; 1 ; [0.61631079569837877] ; [0.79592725811657317]
791 ; 1 ; 313 ; 2 ; [0.93739865463154526] ; [0.63538753338637244]
791 ; 1 ; 314 ; 0 ; [0.055515463264951666, 0.011082687980687206, 0.022707926533938255] ; [0.091527273191921804, 0.11416070480338461, -0.12567514956044223]
791 ; 1 ; 314 ; 1 ; [1.7950155486871353] ; [0.073301521179507903]
791 ; 1 ; 316 ; 0 ; [0.10321231845003113] ; [1.7420435688288471]
791 ; 1 ; 316 ; 1 ; [0.38392735409108186] ; [1.1808226162729998]
791 ; 1 ; 316 ; 2 ; [0.57228587358544492] ; [1.521473594864069]
791 ; 1 ; 316 ; 4 ; [0.70596053107211476] ; [5.3997420034431318]
791 ; 1 ; 316 ; 5 ; [0.20906106275471953] ; [0.94714366699582553]
791 ; 1 ; 316 ; 7 ; [0.36094414238304279] ; [1.2415396059109336]
791 ; 1 ; 316 ; 9 ; [2.265642054586662] ; [1.1416527046042662]
791 ; 1 ; 316 ; 10 ; [0.31383865998711369] ; [0.31448492396501054]
791 ; 1 ; 316 ; 12 ; [0.12255467947887422] ; [0.77439108713753346]
791 ; 1 ; 316 ; 14 ; [1.9936921151720388] ; [1.5388636029812675]
791 ; 1 ; 316 ; 15 ; [1.4859302179587799] ; [2.6939865774432152]
791 ; 1 ; 316 ; 18 ; [1.3791129742601118] ; [1.0413448247376584]
791 ; 1 ; 316 ; 19 ; [2.1629069647433421] ; [0.52130022415860089]
791 ; 1 ; 316 ; 21 ; [0.83393472880278896] ; [2.2350736457397309]
791 ; 1 ; 316 ; 26 ; [1.460150007405292] ; [0.86791911073041139]
791 ; 1 ; 316 ; 28 ; [1.0664638887269606] ; [1.4360456306360523]
791 ; 1 ; 316 ; 30 ; [10.576775739166044] ; [2.5183750788212889]
791 ; 1 ; 316 ; 32 ; [1.4002783578906182] ; [3.3430325324486376]
791 ; 1 ; 316 ; 38 ; [1.2439329545313729] ; [0.72193875111517469]
791 ; 1 ; 316 ; 43 ; [2.637060268140758] ; [0.70240605658607047]
791 ; 1 ; 317 ; 0 ; [0.53761301641312331, 0.38571459012427878, 0.18272846618918992, 0.067991673571895367] ; [0.80003712172829633, 0.54186493021677173, 0.19442078073191194, -0.10869502000972385]
791 ; 1 ; 318 ; 0 ; [0.33321771259139887] ; [0.61465427102859849]
791 ; 1 ; 318 ; 1 ; [0.17419816214944411] ; [0.57416336900462306]
791 ; 1 ; 318 ; 2 ; [0.48735139234999414] ; [0.10830185019666212]
791 ; 1 ; 318 ; 3 ; [0.49994369499215208] ; [0.26804052019448726]
791 ; 1 ; 318 ; 8 ; [0.77899717600535301] ; [0.017124117006716996]
791 ; 1 ; 318 ; 12 ; [1.0248334451306105] ; [0.11508857976374823]
791 ; 1 ; 319 ; 0 ; [0.30787932705222631] ; [0.38007385680493805]
791 ; 1 ; 319 ; 1 ; [0.10725647614965388] ; [0.083535843149075265]
791 ; 1 ; 319 ; 2 ; [0.13052204502340611] ; [0.35227052468063447]
791 ; 1 ; 319 ; 3 ; [1.2357289673354241] ; [0.38955260747414311]
791 ; 1 ; 319 ; 4 ; [0.75954690243132295] ; [0.58481737099777142]
791 ; 1 ; 321 ; 0 ; [0.029405237193672343, 0.013266527200679707, 0.083063910234831451, -0.020445501338314274] ; [0.33591812535662513, 0.18464369834241195, 0.15294804508468962, 0.032040990496114793]
791 ; 1 ; 322 ; 5 ; [0.43145799702683207] ; [0.33464072385772481]
791 ; 1 ; 322 ; 6 ; [1.1036800197755057] ; [0.68108246602870315]
791 ; 1 ; 322 ; 8 ; [2.0684647075030944] ; [1.5989178894157199]
791 ; 1 ; 322 ; 17 ; [2.0743523735727134] ; [0.46134179314018259]
791 ; 1 ; 322 ; 42 ; [1.4565142285450803] ; [0.56491326981622703]
791 ; 1 ; 323 ; 0 ; [0.23575219350583529, 0.45689109925870142, 0.37260918919261421] ; [0.48148566734630677, 0.36147765986555908, 0.30488769634578516]
791 ; 1 ; 325 ; 0 ; [0.091881319288024343, 0.0048911810204767371, 0.074790104159233636] ; [0.1285278651205245, 0.11715674899501037, 0.079189288482076042]
791 ; 1 ; 325 ; 1 ; [0.2415866035104588, 0.0059276621898864158] ; [0.075751294774592026, 0.098542564891205456]
791 ; 1 ; 326 ; 0 ; [2.7227487437604072] ; [0.61992988717504816]
791 ; 1 ; 326 ; 1 ; [1.8915322343887675] ; [0.32149374567540684]
791 ; 1 ; 327 ; 1 ; [0.31642501000567114] ; [1.0647749694827493]
791 ; 1 ; 327 ; 3 ; [2.9322934006079322] ; [-0.0014254026153890872]
791 ; 1 ; 327 ; 5 ; [0.74952135407501819] ; [0.1566871713743215]
791 ; 1 ; 327 ; 6 ; [0.81525746574430202] ; [0.37180962493955533]
791 ; 1 ; 327 ; 16 ; [1.6868353151161761] ; [0.012141439508601339]
791 ; 1 ; 328 ; 9 ; [1.2990972120228794] ; [1.1075496836974759]
791 ; 1 ; 328 ; 11 ; [0.036237733316829862] ; [1.3305197177990413]
791 ; 1 ; 328 ; 15 ; [0.010913056772942822] ; [2.1722970101744798]
791 ; 1 ; 329 ; 0 ; [0.43537947149732414] ; [0.083900324012798816]
791 ; 1 ; 329 ; 1 ; [0.30479505296628018] ; [0.34614880986633723]
791 ; 1 ; 330 ; 0 ; [0.65174814532758962, 0.090930225804337614, 0.011875683473504362] ; [0.78055973924469357, 0.21088745440183335, 0.14273276560465026]
791 ; 1 ; 330 ; 1 ; [0.061310387119721352] ; [0.19289368607157611]
791 ; 1 ; 331 ; 0 ; [0.025376402540616433, 0.047203386912282014, 0.041044366102952402, 0.016674531295621041] ; [0.060611935577279619, 0.12346306827272362, 0.18782453990902154, 0.093893521818279535]
791 ; 1 ; 332 ; 6 ; [5.2201850708925779] ; [2.6866331155404435]
791 ; 1 ; 332 ; 8 ; [1.8099381824723297] ; [1.9677240841332819]
791 ; 1 ; 332 ; 9 ; [1.8294233860950979] ; [0.88274147537598169]
791 ; 1 ; 332 ; 11 ; [1.5548324166703418] ; [2.2334257199788445]
791 ; 1 ; 332 ; 12 ; [1.1271019164799059] ; [0.68863733264425353]
791 ; 1 ; 332 ; 19 ; [4.7694665392354647] ; [0.80829435625938517]
791 ; 1 ; 333 ; 0 ; [0.37543545528547567] ; [0.32288589440423549]
791 ; 1 ; 333 ; 2 ; [0.0085995908614367057] ; [-0.00069304071665300367]
791 ; 1 ; 333 ; 7 ; [0.28600947753883416] ; [1.5275437746912326]
791 ; 1 ; 334 ; 0 ; [-0.0093705929734247302, -0.026896773250381305] ; [0.103859145885216, 0.098040350157349118]
791 ; 1 ; 334 ; 1 ; [0.11214813405960392] ; [0.22043965540729457]