# Run ; Subrun ; Event ; Track ; Charge Ratios View 0 ; Charge Ratios View 1 #
834 ; 1 ; 0 ; 0 ; [0.8181043623284292] ; [9.5724925895822022]
834 ; 1 ; 0 ; 2 ; [0.2367292744053392] ; [2.8541360606654633]
834 ; 1 ; 0 ; 3 ; [2.5065077061082492] ; [2.0950944462699508]
834 ; 1 ; 0 ; 4 ; [1.7646077064596162] ; [6.789145759924418]
834 ; 1 ; 0 ; 5 ; [1.1059697141811451] ; [1.975790692042517]
834 ; 1 ; 0 ; 6 ; [2.3977400323681568] ; [2.3686171377357064]
834 ; 1 ; 0 ; 8 ; [3.2756786813973497] ; [2.6629410550076926]
834 ; 1 ; 0 ; 9 ; [4.3772764575286152] ; [7.3662953614037487]
834 ; 1 ; 0 ; 11 ; [0.046923136771456299] ; [6.3788777315868836]
834 ; 1 ; 0 ; 12 ; [1.3025402566478472] ; [0.34937555864596853]
834 ; 1 ; 0 ; 13 ; [1.1574433267520603] ; [1.4469715813079393]
834 ; 1 ; 0 ; 14 ; [1.6800609867685434] ; [5.3838974654639769]
834 ; 1 ; 0 ; 15 ; [2.3337061133249439] ; [6.1583741979880102]
834 ; 1 ; 0 ; 17 ; [0.005439207303408332] ; [5.5250531104335305]
834 ; 1 ; 0 ; 20 ; [0.22004817110371772] ; [3.5293142261125956]
834 ; 1 ; 0 ; 22 ; [2.5822687859011761] ; [2.9467192724822113]
834 ; 1 ; 0 ; 24 ; [0.16185499820539773] ; [0.78432523149938793]
834 ; 1 ; 1 ; 0 ; [0.036515597834262177, 0.62559985997032042, 0.39078220020229476] ; [0.25404390175897773, 0.97725634957689311, 0.51133609348043141]
834 ; 1 ; 1 ; 1 ; [0.11011414069551782] ; [0.5345087554906236]
834 ; 1 ; 2 ; 0 ; [0.90706928531072051, 0.1518308996931661] ; [0.16057173854052528, 0.028421073288365645]
834 ; 1 ; 2 ; 1 ; [0.78372398951932842] ; [0.29866509773420141]
834 ; 1 ; 2 ; 2 ; [0.16315460346453001] ; [0.147739922036944]
834 ; 1 ; 2 ; 3 ; [1.9069459985573463] ; [0.27494538919541955]
834 ; 1 ; 2 ; 4 ; [0.44365041178409431] ; [0.19086418055900756]
834 ; 1 ; 2 ; 7 ; [1.4099523698884406] ; [-0.057874291532815321]
834 ; 1 ; 2 ; 13 ; [0.95360798930705482] ; [0.32393393167795043]
834 ; 1 ; 3 ; 0 ; [0.51882130432885021] ; [0.62584235134752497]
834 ; 1 ; 4 ; 3 ; [2.5577303550118593] ; [-0.032820841835389122]
834 ; 1 ; 5 ; 1 ; [0.18359924023075369] ; [0.36008277967651398]
834 ; 1 ; 5 ; 2 ; [0.410000447509003] ; [0.4710258829490474]
834 ; 1 ; 5 ; 5 ; [0.81678668795112552] ; [0.088160456698556502]
834 ; 1 ; 6 ; 0 ; [0.24794520768667339] ; [0.050210027864822759]
834 ; 1 ; 6 ; 1 ; [0.24898845132586872] ; [0.43901016227778134]
834 ; 1 ; 6 ; 6 ; [0.26349969934709694] ; [2.8742707721538663]
834 ; 1 ; 7 ; 0 ; [0.11883466835071742, 0.039305478336118478, 0.047653874254096444] ; [0.43038842457316617, 0.24255998640058257, 0.28146250420206753]
834 ; 1 ; 7 ; 1 ; [0.17751402357151541] ; [0.078001965628314615]
834 ; 1 ; 7 ; 2 ; [1.8958101949344401] ; [0.28598025871437238]
834 ; 1 ; 8 ; 0 ; [0.18261380170467795] ; [0.15668955366623075]
834 ; 1 ; 9 ; 0 ; [1.1292512501985055, 0.14103228365734613] ; [0.18899976578688268, -0.0011291084207075564]
834 ; 1 ; 9 ; 1 ; [0.064383969512991468] ; [0.084895396583378885]
834 ; 1 ; 9 ; 2 ; [0.074568653363985424] ; [0.22347537137793932]
834 ; 1 ; 9 ; 3 ; [0.051121017614871082] ; [2.6149359506591301]
834 ; 1 ; 10 ; 0 ; [0.49605498227668576] ; [0.32078296726522915]
834 ; 1 ; 10 ; 2 ; [0.98227519853864598] ; [0.55840166948324832]
834 ; 1 ; 10 ; 3 ; [0.43108796832253005] ; [0.80712672360853521]
834 ; 1 ; 10 ; 4 ; [0.43651386811089782] ; [0.87154718689469002]
834 ; 1 ; 11 ; 1 ; [0.031926647720797167] ; [0.031755701979851482]
834 ; 1 ; 12 ; 0 ; [0.010112187848812201, 0.0040007914237004854, 0.012929844554328098, 0.013513979239044972] ; [0.23172483724577461, 0.18129230286616413, 0.24799838249990439, 0.16052406383756801]
834 ; 1 ; 13 ; 0 ; [0.30217229552573044] ; [0.53024262999031802]
834 ; 1 ; 13 ; 2 ; [0.91663751967025631, 0.46345901616379953, -0.0086485899741410976] ; [0.37186155054259379, 1.2893224908713281, 0.14449261843050351]
834 ; 1 ; 14 ; 1 ; [0.69440903071627358] ; [0.60212297091871181]
834 ; 1 ; 14 ; 2 ; [1.2718904700515334] ; [0.61222364517578176]
834 ; 1 ; 14 ; 3 ; [0.79655683075979167] ; [0.09315039208622182]
834 ; 1 ; 14 ; 6 ; [0.19148256090562743] ; [0.77405495888260378]
834 ; 1 ; 14 ; 7 ; [1.0949721432111563] ; [3.1456702052508416]
834 ; 1 ; 14 ; 13 ; [0.87491983257236605] ; [0.52563890766101962]
834 ; 1 ; 14 ; 15 ; [0.10735752150470113] ; [1.0492324076444386]
834 ; 1 ; 15 ; 0 ; [0.12420390825059392, 0.15067386865165039] ; [0.50652531709834203, 0.21578954474088047]
834 ; 1 ; 15 ; 1 ; [0.89298117287840129] ; [1.108071823271265]
834 ; 1 ; 15 ; 2 ; [0.2005668349236604] ; [0.97288266948955759]
834 ; 1 ; 15 ; 5 ; [2.2860941654023965] ; [1.0327287054399847]
834 ; 1 ; 16 ; 0 ; [0.081667051085368425] ; [0.14190953368554349]
834 ; 1 ; 16 ; 2 ; [0.44807001319437212] ; [0.17963032662649878]
834 ; 1 ; 16 ; 3 ; [2.9619702578298748] ; [0.035507268572502013]
834 ; 1 ; 16 ; 11 ; [0.77514673285307745] ; [1.4073140834835076]
834 ; 1 ; 17 ; 0 ; [-0.0037667727144409455, 0.0010225061597492942, 0.25750622762380315] ; [0.44308727857875752, 0.21396309937246349, 0.044815475283429572]
834 ; 1 ; 18 ; 0 ; [0.61414628458796539] ; [0.35350936328657584]
834 ; 1 ; 18 ; 1 ; [0.076462320196602068] ; [0.085783866986419696]
834 ; 1 ; 18 ; 2 ; [0.10415498556076759] ; [1.721852860596274]
834 ; 1 ; 18 ; 5 ; [0.17602712653937622] ; [-0.007871916480508629]
834 ; 1 ; 18 ; 7 ; [0.014594343607261445] ; [1.0169423423725719]
834 ; 1 ; 18 ; 8 ; [0.020078419096477756] ; [1.2800588423070327]
834 ; 1 ; 19 ; 0 ; [0.074485314669907543] ; [0.49931070835523683]
834 ; 1 ; 19 ; 1 ; [0.2735219994005787] ; [0.09121969226661146]
834 ; 1 ; 20 ; 0 ; [0.31164277544285296, 0.43572488032752221, 0.20440417117502693, 0.10334656627944781] ; [0.25288355888597369, 0.44272698270405986, 0.24802812687966114, 0.062639655321988869]
834 ; 1 ; 21 ; 0 ; [1.0326164456399529] ; [0.34377286343587615]
834 ; 1 ; 21 ; 2 ; [0.58802575245481481] ; [0.84333189931638741]
834 ; 1 ; 21 ; 5 ; [0.36790031939803075] ; [0.25756888324655958]
834 ; 1 ; 21 ; 6 ; [0.57753972846458312] ; [0.021967019664569841]
834 ; 1 ; 21 ; 7 ; [0.23460609616051628] ; [0.6651583182130506]
834 ; 1 ; 22 ; 0 ; [1.9873507287093701] ; [0.42336357480969933]
834 ; 1 ; 22 ; 2 ; [-0.0157445754023589] ; [0.023742003220813639]
834 ; 1 ; 22 ; 3 ; [1.8265936062708004] ; [0.14312048224448545]
834 ; 1 ; 22 ; 4 ; [1.4109378592197375] ; [1.3980989362934888]
834 ; 1 ; 22 ; 5 ; [0.93381676319361229] ; [1.0791279633626636]
834 ; 1 ; 22 ; 6 ; [0.1659749916947808] ; [1.1703263115609772]
834 ; 1 ; 22 ; 10 ; [0.2242181469631235] ; [1.4784081514223546]
834 ; 1 ; 22 ; 14 ; [0.81113625446141779] ; [0.35145451660795785]
834 ; 1 ; 22 ; 15 ; [2.2800282196539436] ; [1.3215771715612976]
834 ; 1 ; 22 ; 16 ; [5.3052211406417911] ; [0.67747282586844448]
834 ; 1 ; 22 ; 19 ; [0.76030243577864565] ; [0.67607494788963085]
834 ; 1 ; 22 ; 20 ; [2.6801783380961184] ; [0.082477710380568475]
834 ; 1 ; 23 ; 0 ; [0.099450038151285433, 0.012324685900590091, 0.19937268378345879] ; [0.42855314713022358, 0.25883278866512671, 0.15455375415900927]
834 ; 1 ; 24 ; 0 ; [0.39810695115994088, 0.339923079929498, 0.26405358006430901, 0.26830283639555519, 0.63791621555311739] ; [0.021595593389899349, 0.19065165629341579, 0.1985584085746333, 0.19623190805657723, 0.13688202257670837]
834 ; 1 ; 25 ; 0 ; [0.21728791383409177, 0.18527359016371964, 0.51785396489959601, 0.13746532593095678] ; [0.2549502982379469, 0.19426381294979289, 0.39042398394297528, 0.19775314885384476]
834 ; 1 ; 25 ; 1 ; [0.25593133911967342, 0.054527370118678142] ; [0.37772969924415034, 0.40685930220724809]
834 ; 1 ; 25 ; 2 ; [0.23049985580838003] ; [0.29715510415423485]
834 ; 1 ; 26 ; 0 ; [0.10169708734590462] ; [0.17768479866975667]
834 ; 1 ; 26 ; 4 ; [0.081200146558763342] ; [0.083601861566289848]
834 ; 1 ; 27 ; 1 ; [0.22732349276638436] ; [0.065962653009874514]
834 ; 1 ; 27 ; 2 ; [0.33721797786792834] ; [0.074015401745544926]
834 ; 1 ; 27 ; 10 ; [0.62290331867613347] ; [0.1547759780056229]
834 ; 1 ; 28 ; 0 ; [0.65856677411871845] ; [1.2084505679523858]
834 ; 1 ; 29 ; 0 ; [0.4677523933450482, 0.2657529694120751, 1.7725021052961809] ; [0.75531034718066103, 0.54290371433229911, 0.10253457447641137]
834 ; 1 ; 30 ; 0 ; [0.35765648111465731] ; [0.1808911270584854]
834 ; 1 ; 30 ; 6 ; [0.039194367140243186] ; [0.0457067434214447]
834 ; 1 ; 31 ; 0 ; [0.23171953054296426, 1.116277064046455] ; [0.6206234463110516, 0.28192406566339351]
834 ; 1 ; 31 ; 1 ; [0.34748090645698448] ; [1.0207337231922569]
834 ; 1 ; 31 ; 2 ; [1.3236489280167838] ; [0.49618086539822576]
834 ; 1 ; 31 ; 3 ; [0.85817997445368022] ; [0.70155838029910622]
834 ; 1 ; 31 ; 4 ; [1.5904578005875525] ; [1.7400840964806867]
834 ; 1 ; 31 ; 6 ; [0.82323654629548637] ; [1.7916505054638761]
834 ; 1 ; 31 ; 9 ; [1.6168520411362792] ; [2.0566158483322035]
834 ; 1 ; 31 ; 13 ; [1.3687130926095064] ; [1.0842544861058834]
834 ; 1 ; 31 ; 16 ; [1.3124198461797849] ; [0.33726547401335039]
834 ; 1 ; 31 ; 17 ; [1.4442276084476455] ; [1.833024348924438]
834 ; 1 ; 31 ; 19 ; [2.1359587009789549] ; [1.1485016996629152]
834 ; 1 ; 32 ; 0 ; [0.83567255158138454] ; [0.0076490026775127458]
834 ; 1 ; 32 ; 1 ; [0.13679029225397121] ; [0.023052011372286824]
834 ; 1 ; 32 ; 7 ; [0.40035062418940948] ; [0.39193959373944276]
834 ; 1 ; 33 ; 0 ; [0.37479169089041281] ; [0.59672641112691704]
834 ; 1 ; 33 ; 3 ; [3.6148032908726853] ; [0.74173666309733233]
834 ; 1 ; 33 ; 4 ; [-0.0067518163430395376] ; [1.0719176100780075]
834 ; 1 ; 33 ; 5 ; [0.18513254649223918] ; [0.54570572245946014]
834 ; 1 ; 34 ; 0 ; [0.11716776383400006] ; [0.0435688454322119]
834 ; 1 ; 35 ; 1 ; [0.27953698969623464] ; [0.4881994973767082]
834 ; 1 ; 35 ; 2 ; [0.70791690532778884] ; [0.198316551022344]
834 ; 1 ; 35 ; 4 ; [0.92830454045401023] ; [1.200086356023073]
834 ; 1 ; 35 ; 13 ; [1.3042492862094042] ; [0.83387083684529495]
834 ; 1 ; 35 ; 22 ; [1.5624082364115923] ; [1.2869736772372788]
834 ; 1 ; 35 ; 23 ; [3.1313113933175001] ; [3.0889932527592241]
834 ; 1 ; 37 ; 0 ; [0.36931877844789829, 0.27294006368535934, 0.37729385067990423, 0.2865659374292418] ; [0.19510639875857644, 0.18512104178663263, 0.19470491922292923, 0.2270984715923596]
834 ; 1 ; 38 ; 0 ; [0.14801682606880287] ; [0.21604921885987272]
834 ; 1 ; 39 ; 0 ; [0.32166482325342943, 0.25586417408652951, 0.11301485688418916, 0.098097265807258235, 0.051801570282236233] ; [0.23145427137032901, 0.65760004342455336, 0.14099617081752214, 0.21203304085893626, 0.36315889386976574]
834 ; 1 ; 39 ; 1 ; [0.069148772443385742] ; [0.32534959010159203]
834 ; 1 ; 39 ; 2 ; [0.12815516261534016] ; [0.23731033141083099]
834 ; 1 ; 39 ; 3 ; [1.0335571271793511] ; [-0.045764724699054973]
834 ; 1 ; 40 ; 1 ; [0.0087803134628064647] ; [0.044211883372649953]
834 ; 1 ; 40 ; 3 ; [2.0269626480258891] ; [0.013418280365656485]
834 ; 1 ; 41 ; 0 ; [0.29329197667543444] ; [1.31322505667431]
834 ; 1 ; 41 ; 1 ; [0.30609670957385077] ; [0.37841515812584842]
834 ; 1 ; 41 ; 3 ; [4.1673670864923356] ; [8.9100711459395896]
834 ; 1 ; 41 ; 4 ; [1.4410654570107428] ; [7.6697890684013199]
834 ; 1 ; 42 ; 0 ; [4.5505639036078573] ; [-0.010258552863911653]
834 ; 1 ; 42 ; 6 ; [1.1491705771255671] ; [0.68402970890159454]
834 ; 1 ; 43 ; 0 ; [0.083659452404148141, 0.043700393007110219, 0.46133392758399849] ; [0.24112590650190063, 0.62451777822284849, 0.25665221806333488]
834 ; 1 ; 43 ; 4 ; [0.078209047556910508] ; [1.1705727738481602]
834 ; 1 ; 44 ; 0 ; [0.39438818827459138] ; [1.5492662639238393]
834 ; 1 ; 44 ; 1 ; [2.0068160244208491] ; [0.48988958949722333]
834 ; 1 ; 44 ; 5 ; [1.5190012760573239] ; [1.6236535917953303]
834 ; 1 ; 44 ; 7 ; [1.5507108493524706] ; [0.55206486415911227]
834 ; 1 ; 44 ; 9 ; [0.97170681476124876] ; [0.59345223347904297]
834 ; 1 ; 44 ; 12 ; [0.41262456451464657] ; [2.188842815406268]
834 ; 1 ; 45 ; 0 ; [0.061519630374936629, 0.4043971747714073] ; [0.94085831004882603, 0.3529158837635652]
834 ; 1 ; 46 ; 0 ; [0.2640518403507468] ; [0.0046723353179162902]
834 ; 1 ; 46 ; 3 ; [0.29193029137158888, 0.39136425381953088, 0.31603804270169289, 0.37888134441920834, 0.36148421289694366, 0.44803946070903039] ; [0.32230513727945864, 0.28027142797340748, 0.18927438065404345, 0.33153797847534738, 0.26280625463528212, 0.075622210256006156]
834 ; 1 ; 47 ; 0 ; [0.13901132300461944, 0.16075431330236414, 0.061264756079965635] ; [0.24098169290670132, 0.2480411318010137, 0.062244766205748932]
834 ; 1 ; 47 ; 1 ; [-0.042813805314957265] ; [-0.0030816522083983869]
834 ; 1 ; 48 ; 0 ; [0.29651239967954529] ; [0.17154606110721166]
834 ; 1 ; 49 ; 0 ; [0.35375579046692501, 1.4620947960281419] ; [0.23891624105441142, 0.36127759566465811]
834 ; 1 ; 49 ; 1 ; [0.10154105079457973, 1.2792601109353032] ; [0.2049822009001715, 0.34127770686317743]
834 ; 1 ; 49 ; 2 ; [0.15423044610187925, 0.74449465102940404] ; [0.33927992118750111, 0.11711280723281531]
834 ; 1 ; 50 ; 2 ; [1.1165859747678206] ; [1.0034261025466737]
834 ; 1 ; 50 ; 3 ; [0.33409703080747849] ; [1.680956802003746]
834 ; 1 ; 50 ; 5 ; [0.035533190574051216] ; [1.8042591355959965]
834 ; 1 ; 51 ; 0 ; [0.13730209032326204, 0.097501086497600142, 0.068593875396024448] ; [0.40350855312151357, 0.41092667282746209, 0.053696749052145366]
834 ; 1 ; 52 ; 1 ; [0.27316344587869057] ; [0.58754640234793021]
834 ; 1 ; 53 ; 0 ; [0.12259860673626385, 1.5042585632878838] ; [0.045523296073511008, 0.1021962435353069]
834 ; 1 ; 53 ; 1 ; [0.021772837618509261, 0.023566912211653739] ; [0.34714822103921, 0.22431562464287794]
834 ; 1 ; 54 ; 0 ; [0.2536366442408608] ; [-0.0082008565607301596]
834 ; 1 ; 54 ; 2 ; [1.5056986809335695] ; [2.109655395211147]
834 ; 1 ; 54 ; 3 ; [-0.0057752250686129948, 0.13755594223897419] ; [1.6331720866297539, 2.4811844214213115]
834 ; 1 ; 54 ; 4 ; [1.4346440548761386] ; [3.0469528879771484]
834 ; 1 ; 54 ; 5 ; [0.021941915093105675] ; [1.10371779135175]
834 ; 1 ; 54 ; 6 ; [1.9549153525392653] ; [1.1434298717166436]
834 ; 1 ; 54 ; 7 ; [0.010301134139744121] ; [0.68663135130068109]
834 ; 1 ; 54 ; 9 ; [1.9632693315809855] ; [1.0482992086401599]
834 ; 1 ; 54 ; 13 ; [0.086168429032776411] ; [1.2333497321272961]
834 ; 1 ; 54 ; 14 ; [4.818283356660169] ; [1.7266384491768529]
834 ; 1 ; 54 ; 17 ; [0.1512983530311359] ; [1.363605149639552]
834 ; 1 ; 54 ; 18 ; [2.5011986572813063] ; [2.701580504882982]
834 ; 1 ; 54 ; 21 ; [0.05436986461923829] ; [2.5948357022318094]
834 ; 1 ; 55 ; 1 ; [0.24439974615031856] ; [0.084356897963555527]
834 ; 1 ; 56 ; 0 ; [0.0070786732359855867, 0.006017072452878058] ; [0.25671110737377734, 0.22826505670378061]
834 ; 1 ; 56 ; 1 ; [0.45486065149834431] ; [-0.0031230116298157497]
834 ; 1 ; 57 ; 0 ; [0.52934764857623384] ; [0.34831139101606123]
834 ; 1 ; 58 ; 0 ; [0.20449752932589732, 0.092783997781947347] ; [0.18048288720894173, -0.020995501029580657]
834 ; 1 ; 59 ; 0 ; [0.0022266071549130548, 0.006553147942454594] ; [0.28970877385609006, 0.21652940699277459]
834 ; 1 ; 62 ; 0 ; [0.25277386218865067, 0.33230707143863447, 0.65938399972982709, 1.3821382856164597] ; [0.1322310539387091, 0.3539160123136661, 0.35834461372504922, 0.44050446302734275]
834 ; 1 ; 63 ; 0 ; [1.6184332933879524] ; [2.5892144330461107]
834 ; 1 ; 63 ; 1 ; [0.20455238047606272] ; [0.94340195868643262]
834 ; 1 ; 63 ; 3 ; [1.6330999692233115] ; [0.18160071207603995]
834 ; 1 ; 63 ; 4 ; [1.6892891063882767] ; [0.20324165397967642]
834 ; 1 ; 63 ; 5 ; [0.90069710502264178] ; [3.2756155321165683]
834 ; 1 ; 63 ; 6 ; [1.2327235730962933] ; [0.37371616225971344]
834 ; 1 ; 63 ; 8 ; [1.246621890967933] ; [4.4236444319648651]
834 ; 1 ; 63 ; 9 ; [1.9261123913344895] ; [1.4602675276974084]
834 ; 1 ; 63 ; 11 ; [1.6116831110022987] ; [3.258974150609498]
834 ; 1 ; 63 ; 17 ; [1.640886152569617] ; [1.5743974943758983]
834 ; 1 ; 63 ; 18 ; [2.1475727431006097] ; [1.377114458483129]
834 ; 1 ; 63 ; 19 ; [1.924418385774451] ; [0.84893150215207702]
834 ; 1 ; 64 ; 0 ; [0.22094992306292946, 0.18454113035038441, 0.16591676961383772, 0.2751564614069536] ; [0.40989962612655551, 0.24160307525342234, 0.25395535772858135, 0.075231054609226397]
834 ; 1 ; 65 ; 0 ; [0.15233692312865429, -0.014841281045698835] ; [0.36293871935491656, 0.12264836444557324]
834 ; 1 ; 65 ; 2 ; [0.32375160362527633] ; [0.33934004743852947]
834 ; 1 ; 66 ; 0 ; [0.60649218034103869] ; [0.15022815700461267]
834 ; 1 ; 66 ; 6 ; [1.2388482680951642] ; [3.1075617458945533]
834 ; 1 ; 67 ; 0 ; [0.38138584931384073, 0.52422794470115219, 0.32682567723600831, 0.3396678354083314, 0.60118724679810021] ; [0.2012026046430502, 0.39280499743954184, 0.28838424536683083, 0.29376247644113251, 0.21387436547378599]
834 ; 1 ; 68 ; 0 ; [0.079784232866209129] ; [0.034004381064789098]
834 ; 1 ; 68 ; 1 ; [1.5248625639790987] ; [1.803657164552869]
834 ; 1 ; 68 ; 2 ; [0.051000399275235975] ; [0.045799802777672892]
834 ; 1 ; 68 ; 4 ; [1.4676590794832884] ; [0.55248363490242414]
834 ; 1 ; 68 ; 6 ; [0.056198995444161765] ; [0.53341924856026446]
834 ; 1 ; 68 ; 7 ; [0.31895438999461939] ; [0.79302231101519327]
834 ; 1 ; 69 ; 0 ; [0.13648070847144772, 0.048455568913231044, 0.070341742580626407, 0.23694375081925753] ; [0.29417526096497598, 0.27267965672101863, 0.22169930188131157, 0.44217514090710969]
834 ; 1 ; 70 ; 2 ; [1.3768715480692308] ; [0.5010818657411471]
834 ; 1 ; 70 ; 3 ; [1.7426386007722976] ; [2.9531552972826107]
834 ; 1 ; 70 ; 4 ; [0.41951367158527941] ; [1.7033515093901996]
834 ; 1 ; 70 ; 7 ; [1.353709166965106] ; [1.6294114388643837]
834 ; 1 ; 70 ; 8 ; [1.9532638169826761] ; [1.3447388920138801]
834 ; 1 ; 70 ; 9 ; [0.49004191552221876] ; [1.2911014116616688]
834 ; 1 ; 70 ; 11 ; [2.4914587450390693] ; [1.6971942881855195]
834 ; 1 ; 70 ; 14 ; [1.5527857112118129] ; [0.44840885873499275]
834 ; 1 ; 70 ; 16 ; [1.9132902648441226] ; [1.5454819323569957]
834 ; 1 ; 70 ; 17 ; [7.0754486092585029] ; [2.2837222635585013]
834 ; 1 ; 70 ; 18 ; [0.32191502607837552] ; [1.3682611699258569]
834 ; 1 ; 70 ; 20 ; [0.023981155029388194] ; [2.3239046523815259]
834 ; 1 ; 70 ; 21 ; [1.0038916305571641] ; [3.0786518355330728]
834 ; 1 ; 70 ; 23 ; [0.19661640149468917] ; [2.5878839215019789]
834 ; 1 ; 70 ; 25 ; [1.5672533923131124] ; [1.8369006229546105]
834 ; 1 ; 70 ; 26 ; [2.2486291348095433] ; [1.4474026635573847]
834 ; 1 ; 70 ; 28 ; [2.179590039126047] ; [1.4723443223451305]
834 ; 1 ; 70 ; 29 ; [3.692078882382245] ; [2.6445789007114122]
834 ; 1 ; 70 ; 33 ; [2.8328538835184434] ; [1.8208992712129441]
834 ; 1 ; 70 ; 34 ; [2.0315442243195623] ; [1.7892561013108912]
834 ; 1 ; 70 ; 35 ; [5.120281013495986] ; [2.7380336164855521]
834 ; 1 ; 70 ; 44 ; [0.16671352258520969] ; [1.0984382308877794]
834 ; 1 ; 71 ; 0 ; [1.0313601315117931] ; [0.50844963667884213]
834 ; 1 ; 71 ; 1 ; [0.36639255650912561] ; [1.0648347123750179]
834 ; 1 ; 71 ; 2 ; [0.0078423676392876864] ; [1.0833218892417746]
834 ; 1 ; 72 ; 0 ; [0.0064761143419415678] ; [0.40035237035204335]
834 ; 1 ; 73 ; 0 ; [0.026005342450429056] ; [1.0445759993527659]
834 ; 1 ; 73 ; 1 ; [0.011465495852728247] ; [0.26925336878163597]
834 ; 1 ; 74 ; 0 ; [0.63787877873044041] ; [0.20074054092149005]
834 ; 1 ; 74 ; 1 ; [0.54719022797781935] ; [0.14565532845654802]
834 ; 1 ; 74 ; 5 ; [0.32067870067079757] ; [0.12372731239916167]
834 ; 1 ; 75 ; 0 ; [0.56779602520522643, 2.1133437330538869] ; [0.23265168843612419, 0.86294056618402615]
834 ; 1 ; 75 ; 1 ; [0.11099732551378452] ; [0.50637501492695647]
834 ; 1 ; 76 ; 0 ; [0.005700125086199625, 0.043518398638858445, -0.0072725263032251668] ; [0.20541394916101183, 0.23744915129824598, 0.24007982009257339]
834 ; 1 ; 77 ; 0 ; [0.37968564340794547, 0.37369485834748534, 0.58926788819310649, 0.40720067484775163, 0.15445975365629766] ; [0.27632669983977054, 0.45710504400450319, 0.41809774472428846, 0.27845044238313338, 0.11814657633859348]
834 ; 1 ; 77 ; 1 ; [0.50965786860052675] ; [0.21902254853080336]
834 ; 1 ; 78 ; 1 ; [0.24443413060201297, 0.13770064130082585] ; [0.84803897661166927, 1.5064143552088725]
834 ; 1 ; 78 ; 2 ; [1.2508800780815363] ; [0.69818026508942765]
834 ; 1 ; 78 ; 7 ; [2.3405937951763551] ; [0.58554389130614459]
834 ; 1 ; 78 ; 16 ; [2.1266903020197754] ; [1.6349111331262516]
834 ; 1 ; 78 ; 17 ; [1.7176957933337487] ; [1.8022625104629146]
834 ; 1 ; 78 ; 19 ; [2.8957890014678114] ; [1.2716727404288599]
834 ; 1 ; 78 ; 23 ; [0.94134271722009499] ; [0.92637796830531582]
834 ; 1 ; 78 ; 31 ; [1.0581828550070307] ; [1.0385921416988502]
834 ; 1 ; 78 ; 37 ; [1.1572253394460046] ; [1.5341402942278479]
834 ; 1 ; 78 ; 41 ; [3.0751305357311542] ; [2.3863042148507678]
834 ; 1 ; 78 ; 42 ; [0.77320796047184792] ; [1.8353482256673173]
834 ; 1 ; 78 ; 48 ; [1.8369189441709748] ; [1.4317858620849477]
834 ; 1 ; 78 ; 50 ; [1.0801629563018609] ; [1.3583378816761895]
834 ; 1 ; 78 ; 54 ; [1.3778053041626237] ; [1.583238773251427]
834 ; 1 ; 78 ; 55 ; [2.5040950088623117] ; [2.3003598926340887]
834 ; 1 ; 78 ; 58 ; [1.2818328527439757] ; [1.4715924743285118]
834 ; 1 ; 78 ; 59 ; [4.2580217232369657] ; [1.534554355802523]
834 ; 1 ; 78 ; 60 ; [1.8311382954212527] ; [1.7577959537940138]
834 ; 1 ; 78 ; 61 ; [2.3285284678569336] ; [1.2285962658722513]
834 ; 1 ; 78 ; 62 ; [0.86895013146150502] ; [1.608726146683926]
834 ; 1 ; 78 ; 63 ; [1.1133638272709045] ; [1.07557663586309]
834 ; 1 ; 79 ; 2 ; [1.0955417073764693] ; [0.83888568619390758]
834 ; 1 ; 79 ; 5 ; [0.20263757463797746] ; [1.6241897967633319]
834 ; 1 ; 80 ; 0 ; [0.34278768824288747] ; [0.72334656054726965]
834 ; 1 ; 80 ; 1 ; [0.22686395326566561] ; [0.26530494251909975]
834 ; 1 ; 80 ; 3 ; [0.80253048549836892] ; [5.7792053304008055]
834 ; 1 ; 80 ; 6 ; [1.1461160360436728] ; [0.96216773498499741]
834 ; 1 ; 80 ; 8 ; [3.0386286458489797] ; [6.8063430551246515]
834 ; 1 ; 80 ; 12 ; [2.7739469356910322] ; [5.6364706746080895]
834 ; 1 ; 81 ; 0 ; [0.65291698765464667, 0.30665937450369413, 0.59085463222127854, 0.25386924717911685] ; [0.58909639795300894, 0.22462700914204128, 0.5914185378007033, 0.4050712025469444]
834 ; 1 ; 82 ; 0 ; [0.26762823344778747] ; [0.3113869270135643]
834 ; 1 ; 82 ; 1 ; [2.7408422785513888] ; [0.24043845389617025]
834 ; 1 ; 82 ; 8 ; [0.55304579307094204] ; [2.1064752605249724]
834 ; 1 ; 82 ; 9 ; [5.3763711577945852] ; [1.8834049868058291]
834 ; 1 ; 82 ; 11 ; [3.1952320998794268] ; [1.7665889359559053]
834 ; 1 ; 83 ; 0 ; [0.26117031382625072, 0.41017413424244625, 0.21001926568485985] ; [0.35680642325458273, 0.31749549087269474, 0.22266685119795568]
834 ; 1 ; 83 ; 1 ; [0.043522377123295278] ; [0.30068884839948717]
834 ; 1 ; 83 ; 2 ; [0.062538649878829192] ; [0.63271351305172574]
834 ; 1 ; 84 ; 0 ; [-0.023982312022137044, 0.014527425557949062, -0.00070206902223357906, 0.021409351818335757] ; [0.36323173473763704, 0.27361316495814691, 0.22567649503674764, 0.17207160523278456]
834 ; 1 ; 85 ; 0 ; [-0.00051948139869048126] ; [0.022831715945961891]
834 ; 1 ; 85 ; 2 ; [1.1423155410498618] ; [0.88588766378704698]
834 ; 1 ; 85 ; 4 ; [0.24078072070212361] ; [1.1099232502948129]
834 ; 1 ; 85 ; 10 ; [3.2288712366622838] ; [1.9388889242859699]
834 ; 1 ; 86 ; 0 ; [0.14989097179294356] ; [0.048222198217516214]
834 ; 1 ; 86 ; 1 ; [0.07740241088659966] ; [0.097805458406393028]
834 ; 1 ; 86 ; 3 ; [0.080619143752830871] ; [0.028103252193602019]
834 ; 1 ; 87 ; 0 ; [0.11512749908432562] ; [0.22715886207391173]
834 ; 1 ; 87 ; 2 ; [0.052823387204571796] ; [0.13988836180629652]
834 ; 1 ; 88 ; 2 ; [1.3375069137739106] ; [1.386251054634775]
834 ; 1 ; 88 ; 3 ; [0.67542618788781961] ; [1.4564787685154668]
834 ; 1 ; 88 ; 4 ; [1.0297260319155981] ; [1.7833975176763088]
834 ; 1 ; 88 ; 9 ; [0.48168064464046484] ; [0.49124650076194154]
834 ; 1 ; 89 ; 0 ; [0.034200696567889627, 0.02977119025487427, 0.016602447222652927] ; [0.32128168241743887, 0.37939130751439432, 0.19306530790989146]
834 ; 1 ; 89 ; 1 ; [1.0828775646854767] ; [0.65789140236086119]
834 ; 1 ; 90 ; 0 ; [1.4421478661238976] ; [0.73864613191463513]
834 ; 1 ; 90 ; 1 ; [0.58977335868864411] ; [1.2029160692548839]
834 ; 1 ; 90 ; 2 ; [1.296330422787255] ; [0.21738297503403836]
834 ; 1 ; 90 ; 5 ; [0.45430519236827838] ; [0.37913816445943888]
834 ; 1 ; 90 ; 9 ; [1.1386619553813095] ; [5.3291516441433417]
834 ; 1 ; 90 ; 10 ; [2.5289581663454106] ; [2.9406427809955233]
834 ; 1 ; 90 ; 11 ; [2.599600110497966] ; [0.25488507239871067]
834 ; 1 ; 90 ; 16 ; [1.874013471958035] ; [3.1685999249034262]
834 ; 1 ; 90 ; 23 ; [2.9153254198497729] ; [0.7379769704782182]
834 ; 1 ; 90 ; 26 ; [0.48823505318451449] ; [0.76438661927672424]
834 ; 1 ; 90 ; 28 ; [1.1044745427610925] ; [0.32818375776072056]
834 ; 1 ; 91 ; 0 ; [0.15444820631601444, 0.04629449751944513] ; [0.23141348067352216, 0.18697167890293398]
834 ; 1 ; 92 ; 0 ; [3.8477122069500034] ; [0.52053969623375584]
834 ; 1 ; 92 ; 1 ; [1.9866113982676983] ; [0.46538805513045484]
834 ; 1 ; 92 ; 9 ; [2.4175164171214245] ; [0.90799134837501616]
834 ; 1 ; 92 ; 11 ; [0.18282894244227649] ; [1.94803619401718]
834 ; 1 ; 92 ; 16 ; [6.3872959067077097] ; [2.3666305973806736]
834 ; 1 ; 92 ; 17 ; [0.059056026088108497] ; [2.7635609163329775]
834 ; 1 ; 93 ; 0 ; [0.35647897930073019] ; [0.35632363425400293]
834 ; 1 ; 93 ; 3 ; [0.97057693716104088] ; [0.62845905289174608]
834 ; 1 ; 93 ; 4 ; [0.25294964824838501] ; [0.60010647101802272]
834 ; 1 ; 94 ; 0 ; [0.24198934758866558, 0.24220882743311889, 0.11559536587546144] ; [0.35043084036335193, 0.29124256821841887, 0.10583597277907938]
834 ; 1 ; 94 ; 1 ; [0.59165284947640828] ; [0.0017935092524582266]
834 ; 1 ; 95 ; 0 ; [0.18919913001099928, 0.18520979229528478, 0.20224420386940484] ; [0.25365384795044882, 0.28023129692231008, 0.31158166027886475]
834 ; 1 ; 95 ; 1 ; [0.13107210955295973] ; [0.3434768358033215]
834 ; 1 ; 96 ; 0 ; [-0.0069971913220889829, -0.0059034858769787943, 0.0044308436140457087] ; [0.22156178577391888, 0.30317263539232164, 0.16286304085505535]
834 ; 1 ; 96 ; 1 ; [-0.024197821887174453] ; [0.060982506225649095]
834 ; 1 ; 96 ; 2 ; [0.070319153879996626] ; [-0.084717712464824138]
834 ; 1 ; 97 ; 0 ; [0.88363599817689098, 0.28424730862247705] ; [0.58465394702158746, 5.477539199505653]
834 ; 1 ; 97 ; 2 ; [0.57882470010633502] ; [1.7967972590852275]
834 ; 1 ; 97 ; 3 ; [1.280826889545488] ; [3.5676769718930701]
834 ; 1 ; 97 ; 4 ; [0.60105785465064421] ; [2.9173071545997478]
834 ; 1 ; 97 ; 8 ; [0.46954799347885356] ; [1.824276369416622]
834 ; 1 ; 98 ; 0 ; [0.37022796651590922] ; [0.33586447823883137]
834 ; 1 ; 98 ; 1 ; [0.14127651632694915] ; [-0.29202177807576835]
834 ; 1 ; 98 ; 2 ; [0.074634650687053092] ; [0.40518345159477626]
834 ; 1 ; 99 ; 0 ; [0.76982432184931826] ; [0.51334315269337905]
834 ; 1 ; 99 ; 1 ; [0.02658038788821121, 1.000878627739334] ; [-8.9348327658457521e-05, 0.29218320337618375]
834 ; 1 ; 99 ; 3 ; [2.0888073121230772] ; [0.36298543061773947]
834 ; 1 ; 100 ; 0 ; [0.44011038281501647, 0.63752313013771222] ; [0.28214448608526949, 0.38993979823476771]
834 ; 1 ; 100 ; 2 ; [0.041219157920108454] ; [0.21654193295634752]
834 ; 1 ; 101 ; 0 ; [0.57818363726964606] ; [-0.0064898389108308877]
834 ; 1 ; 101 ; 1 ; [0.3652163565132287] ; [0.32693657559103578]
834 ; 1 ; 101 ; 2 ; [0.095896291377021228] ; [0.2929982176229472]
834 ; 1 ; 101 ; 9 ; [0.020823079067490164] ; [0.025893787514824129]
834 ; 1 ; 102 ; 0 ; [0.12679100495122644, 0.13391906351226551, 0.038750349746508254] ; [0.30245414081153255, 0.27193712766916572, 0.068105245405582479]
834 ; 1 ; 102 ; 1 ; [1.4707532959227965] ; [0.091245775824140701]
834 ; 1 ; 103 ; 0 ; [0.59187043463950173] ; [0.0051706073605784844]
834 ; 1 ; 103 ; 2 ; [1.0491640117103445] ; [0.97451113709428605]
834 ; 1 ; 103 ; 3 ; [2.319195762482146] ; [0.5577835815569786]
834 ; 1 ; 104 ; 0 ; [0.36651098881045063, 2.1230691287472272] ; [0.49766355996407696, 0.49822759044592063]
834 ; 1 ; 104 ; 1 ; [0.42763410641077992] ; [0.021596034490625495]
834 ; 1 ; 104 ; 2 ; [0.40053156969842474] ; [0.97402379764325075]
834 ; 1 ; 105 ; 0 ; [1.2302164160534035] ; [0.44833125905566751]
834 ; 1 ; 105 ; 3 ; [0.41785279652908047] ; [-0.0064180242102992602]
834 ; 1 ; 105 ; 4 ; [0.44274645094697551] ; [0.084127458576305353]
834 ; 1 ; 106 ; 0 ; [0.1568274113956393] ; [0.53152196673470042]
834 ; 1 ; 106 ; 1 ; [0.09126315747275357] ; [1.3193739218309617]
834 ; 1 ; 106 ; 2 ; [1.3174967913056201] ; [2.1185355512885007]
834 ; 1 ; 106 ; 4 ; [0.18311811516776225] ; [2.1746788038864935]
834 ; 1 ; 106 ; 5 ; [1.0143056638023225] ; [1.4576727730077124]
834 ; 1 ; 106 ; 6 ; [0.0079927131724091618] ; [2.2930047338508368]
834 ; 1 ; 106 ; 7 ; [1.4720595280478697] ; [1.3068001014327735]
834 ; 1 ; 106 ; 8 ; [0.11151908804392571] ; [0.94487569592331055]
834 ; 1 ; 107 ; 0 ; [0.75166452613752099] ; [0.030558156701216969]
834 ; 1 ; 107 ; 1 ; [0.19389617191199071, 0.2880226833775939] ; [0.63849359617464274, 0.20330641794869334]
834 ; 1 ; 108 ; 0 ; [0.50907340486038721, 0.41444676865361108, 0.45218584747881591] ; [0.21701532003403992, 0.3171981829558787, 0.35440637906133587]
834 ; 1 ; 109 ; 0 ; [0.26399618330256969, 0.40359493152665854, 0.28867683805240524, 0.27117911419115648, 0.18273986989417754] ; [0.25701073000977137, 0.42184692590925282, 0.31126049670267636, 0.19652074370869513, 0.1252744542993228]
834 ; 1 ; 110 ; 0 ; [0.084234479865971434, 0.19623825070503989, 0.065722958069069096] ; [0.25992450765309066, 0.28404663248072515, 0.10912156632656529]
834 ; 1 ; 110 ; 1 ; [0.12772027791258919, 1.1408727727075763] ; [0.29082133336844862, 0.15052035883725542]
834 ; 1 ; 110 ; 2 ; [0.74189459492237031] ; [0.40276726729030848]
834 ; 1 ; 110 ; 3 ; [0.52537040532311985] ; [0.52094351344280854]
834 ; 1 ; 110 ; 4 ; [0.37070555644988945] ; [0.096088483259103935]
834 ; 1 ; 111 ; 0 ; [0.2922169795033227, 0.32811682632244049, 0.30453716682185811, 0.13613978307012742] ; [0.24604425398551674, 0.32341066140622182, 0.25684964606030208, 0.071847538714230927]
834 ; 1 ; 112 ; 0 ; [0.25169148861192642, 0.3411660420159926, 0.16848433884217004] ; [0.17505975771047697, 0.26702120544767727, 0.17407538501093681]
834 ; 1 ; 113 ; 0 ; [0.054866327069719882, 0.092917932209552162, 0.11398120423703779, 0.82694399286135156, 0.34387631999598878] ; [0.0821103344609352, 0.21943776473398136, 0.26608966817623231, 0.7429204871186913, 0.35205540287988207]
834 ; 1 ; 114 ; 2 ; [0.21685318696629929] ; [0.11103233501026599]
834 ; 1 ; 115 ; 0 ; [0.14162857943876547] ; [0.12936597496161995]
834 ; 1 ; 115 ; 1 ; [0.12198445001690991] ; [0.35793834584295559]
834 ; 1 ; 115 ; 2 ; [0.66531563087068779] ; [0.55386243489869291]
834 ; 1 ; 116 ; 0 ; [0.51693684980784826] ; [0.48882247389132166]
834 ; 1 ; 116 ; 1 ; [0.22810516273031672] ; [1.1213025977782389]
834 ; 1 ; 116 ; 2 ; [1.0068916626754165] ; [0.71931987977609746]
834 ; 1 ; 116 ; 9 ; [0.46742385540928222] ; [0.85870394831625274]
834 ; 1 ; 117 ; 0 ; [0.27559764763187572] ; [0.47699396067757155]
834 ; 1 ; 118 ; 0 ; [0.12941657444685314, 0.096358008582131963] ; [0.32972714327060715, 0.18144842878007139]
834 ; 1 ; 118 ; 2 ; [0.37114002580983729] ; [0.22452359841860992]
834 ; 1 ; 119 ; 0 ; [0.40790878161692323, 0.25259443095051626] ; [0.29890982235921582, 0.12562008794074711]
834 ; 1 ; 120 ; 0 ; [1.2845464835766156] ; [0.3048979147518332]
834 ; 1 ; 120 ; 1 ; [0.18951257301014152] ; [0.75449069950994363]
834 ; 1 ; 120 ; 2 ; [0.076818317613786893] ; [0.49055147344694622]
834 ; 1 ; 120 ; 6 ; [0.42200372921320578] ; [0.87233555050146305]
834 ; 1 ; 120 ; 8 ; [10.93872899588529] ; [0.3249662250566186]
834 ; 1 ; 120 ; 9 ; [0.84976171715314797] ; [0.87784271850047824]
834 ; 1 ; 120 ; 10 ; [0.065221873386627688] ; [0.58877948789665835]
834 ; 1 ; 120 ; 11 ; [0.53345414614221942] ; [0.29840633003688932]
834 ; 1 ; 122 ; 0 ; [0.1557641353777254] ; [0.2950802633026387]
834 ; 1 ; 122 ; 1 ; [0.0015659043745728275, 0.043319848350003125, 0.050379905813611875, 0.051447376363752406] ; [0.16179706856394968, 0.28912088435187755, 0.36369347978656735, 0.31732568409004114]
834 ; 1 ; 123 ; 3 ; [-0.04811338001881145] ; [1.880231045618312]
834 ; 1 ; 123 ; 4 ; [1.757327962700445] ; [1.4475136423192334]
834 ; 1 ; 124 ; 0 ; [0.50656620479295866] ; [0.18078209846460738]
834 ; 1 ; 124 ; 1 ; [1.9868812611878084] ; [0.56385870560791207]
834 ; 1 ; 125 ; 0 ; [0.82699822961472669] ; [0.7096621173983485]
834 ; 1 ; 125 ; 1 ; [0.49829095836439891] ; [2.1692206991436827]
834 ; 1 ; 126 ; 0 ; [0.37932278547300252, 0.33578228185487285, 0.35527095862201408, 0.35922107748530946, 0.31760902736994479] ; [0.16147090608638182, 0.37821260168296345, 0.28092448688970872, 0.6225574370638991, 0.35767862725741606]
834 ; 1 ; 127 ; 0 ; [0.42260647162378778, 0.0096212578139422723, 0.0042890590568380182] ; [0.64480666088202665, 0.54062569270149119, 0.21028112621928419]
834 ; 1 ; 127 ; 1 ; [0.037426842696663451] ; [0.48000217254303229]
834 ; 1 ; 128 ; 0 ; [0.43393279218850755, 0.13686323717184123] ; [0.25108134531562842, 0.23514083837019373]
834 ; 1 ; 128 ; 1 ; [-0.006248954554101193] ; [0.010914985586400614]
834 ; 1 ; 129 ; 0 ; [0.28489784156913933, 0.35619731220278805, 0.23877213303083811, 0.098026956741885912] ; [0.23363141287210001, 0.25856484890466147, 0.32978529976158855, 0.47066990582286605]
834 ; 1 ; 129 ; 2 ; [0.31924518356006154] ; [0.15809752817037637]
834 ; 1 ; 130 ; 0 ; [1.321698867817461] ; [0.1032047043225843]
834 ; 1 ; 130 ; 1 ; [0.63715778646852883] ; [0.080573033052862689]
834 ; 1 ; 130 ; 10 ; [0.8978840621945734] ; [0.84231746325108148]
834 ; 1 ; 131 ; 0 ; [4.7507780812111324] ; [0.20479988096493187]
834 ; 1 ; 132 ; 3 ; [1.1348139609775707] ; [2.7300437831600566]
834 ; 1 ; 134 ; 0 ; [0.82697921570264465, 0.25572744035456207, 1.6660914625102874] ; [0.30160819582219051, 0.3226187685978647, 0.16791458807313039]
834 ; 1 ; 134 ; 2 ; [0.15303300515227125] ; [0.89637622335852707]
834 ; 1 ; 135 ; 0 ; [1.7243721350050538] ; [0.24658708054218054]
834 ; 1 ; 135 ; 3 ; [1.7875801965408802] ; [0.59339290793801214]
834 ; 1 ; 135 ; 4 ; [0.26485362166369408] ; [2.3233868980880201]
834 ; 1 ; 135 ; 12 ; [1.438496964890424] ; [0.42220183867247824]
834 ; 1 ; 136 ; 0 ; [2.6415051835372738] ; [1.3523898759891977]
834 ; 1 ; 136 ; 11 ; [0.11465726724737135] ; [1.3127048917231177]
834 ; 1 ; 137 ; 2 ; [0.68308447607867528] ; [0.68128643346897977]
834 ; 1 ; 137 ; 3 ; [1.7885225384388093] ; [4.3137578734970914]
834 ; 1 ; 138 ; 0 ; [0.44736640587963361] ; [0.056292319194811091]
834 ; 1 ; 138 ; 1 ; [0.35877900721019595, 0.31269872822438555] ; [0.003350334426308207, -0.0063122931554551974]
834 ; 1 ; 138 ; 2 ; [0.24477326470129102] ; [0.15437794421065815]
834 ; 1 ; 138 ; 3 ; [0.20193820478921651] ; [1.3123737678043841]
834 ; 1 ; 139 ; 0 ; [0.75686261884278183] ; [-0.0068782065041831748]
834 ; 1 ; 139 ; 1 ; [0.16487513650479604] ; [3.483341080502572]
834 ; 1 ; 139 ; 2 ; [0.49888661776719095] ; [0.21771599078079742]
834 ; 1 ; 139 ; 4 ; [0.14124752634626561] ; [3.1904056150325251]
834 ; 1 ; 140 ; 0 ; [2.5621012372248493, 0.7857750950026412, 0.08380071376001029] ; [0.25400088556356065, 0.21927095670548974, 0.44339515798347945]
834 ; 1 ; 142 ; 0 ; [1.8187056279880081] ; [0.39600280707281293]
834 ; 1 ; 143 ; 0 ; [0.40422368380245999, 0.20218800410804547, 0.13045794207201089] ; [0.28862241519326109, 0.44098502746953394, 0.20423596518161033]
834 ; 1 ; 143 ; 1 ; [0.19585973668797887] ; [0.034462615908564052]
834 ; 1 ; 143 ; 2 ; [2.4020369179095535] ; [0.014213053027774099]
834 ; 1 ; 144 ; 0 ; [0.38554458807174141, 2.726533582458492] ; [0.2840506158047133, 0.13595073813057174]
834 ; 1 ; 144 ; 2 ; [0.34605342325518318] ; [0.53260564857014869]
834 ; 1 ; 144 ; 5 ; [0.23140597467308141] ; [0.0011085536378779616]
834 ; 1 ; 145 ; 0 ; [0.067302771033588088, 0.16223187066466774] ; [0.21448465702706385, 0.34247830900282655]
834 ; 1 ; 145 ; 1 ; [0.10354230584292032] ; [0.87513746244271795]
834 ; 1 ; 145 ; 2 ; [0.084935243940029645] ; [0.74791900005360923]
834 ; 1 ; 146 ; 0 ; [0.75094155199093593] ; [1.4685155570675634]
834 ; 1 ; 146 ; 1 ; [0.2257538434119597] ; [1.7660863267390017]
834 ; 1 ; 146 ; 4 ; [1.7903727225118056] ; [2.9637042150575112]
834 ; 1 ; 147 ; 0 ; [0.037397744421198371, 0.31096694748700815, 0.10880835637850574, 0.054512128728748797] ; [0.29713926667509793, 0.33837516413419999, 0.66299459072831235, 0.17119136932741916]
834 ; 1 ; 147 ; 3 ; [0.091112346089878213] ; [-0.065687612918436472]
834 ; 1 ; 148 ; 0 ; [0.091215417939429569] ; [0.4188603989195534]
834 ; 1 ; 149 ; 0 ; [0.26140296836331695, 0.35079407466370105, 0.88542952774336614] ; [0.19349071714754243, 0.22756565517695751, 0.18097271335462223]
834 ; 1 ; 150 ; 0 ; [0.5932344500146266, 0.16358639808676007] ; [0.26650213611557871, 0.12075425820142652]
834 ; 1 ; 150 ; 1 ; [0.21566660840802557] ; [0.36974996246235814]
834 ; 1 ; 151 ; 0 ; [0.25938638205547693, 0.079906644980166697, 0.17971662968713725] ; [0.34667946798558913, 0.34550950980752826, 0.41260568393961011]
834 ; 1 ; 152 ; 0 ; [0.050393587979969769] ; [0.24008915357611932]
834 ; 1 ; 152 ; 1 ; [0.29383061285317247] ; [0.027707775924391057]
834 ; 1 ; 152 ; 3 ; [0.37446456418299895] ; [-0.040854722429103235]
834 ; 1 ; 153 ; 0 ; [1.351333897905054] ; [0.19017510163102688]
834 ; 1 ; 153 ; 1 ; [0.77934426199372109] ; [0.33223167888276017]
834 ; 1 ; 153 ; 4 ; [0.87348490211868091] ; [0.90013347274250655]
834 ; 1 ; 153 ; 5 ; [1.8388717368390843] ; [0.27139205412029327]
834 ; 1 ; 153 ; 6 ; [0.60782141084473207] ; [0.94801308812871055]
834 ; 1 ; 153 ; 8 ; [0.25799419320905215] ; [0.19911429429817382]
834 ; 1 ; 153 ; 10 ; [0.3763979077186404] ; [0.74473138236088565]
834 ; 1 ; 153 ; 21 ; [0.71003660347142572] ; [0.074329316536974527]
834 ; 1 ; 153 ; 31 ; [1.1245175568772028] ; [0.095894075542622095]
834 ; 1 ; 153 ; 32 ; [1.9351705583562091] ; [-0.029888469055598738]
834 ; 1 ; 154 ; 0 ; [0.042061749961178806] ; [0.19416867564379084]
834 ; 1 ; 154 ; 1 ; [0.21544368817533258] ; [-0.006876703000533709]
834 ; 1 ; 154 ; 2 ; [0.4528394450297164] ; [0.2819589829734091]
834 ; 1 ; 154 ; 3 ; [0.59773014051337925] ; [2.9135456504283384]
834 ; 1 ; 155 ; 0 ; [0.29103556693970201, 0.30157259062061637, 0.45345500898205016, 0.33846976913925864, 0.61828770468496486] ; [0.020899827510831817, 0.091032613389818481, 0.24917787617174461, 0.22867433767846118, 0.25037490974928989]
834 ; 1 ; 155 ; 1 ; [0.0058713867908550309, 0.0090704132954223995] ; [0.2743319237319502, 0.18177101475714674]
834 ; 1 ; 156 ; 0 ; [0.39411023232933329] ; [0.01502855672351692]
834 ; 1 ; 156 ; 2 ; [1.0246481719790217] ; [0.31230931608906565]
834 ; 1 ; 156 ; 3 ; [0.69322061011211833] ; [2.2341626401856516]
834 ; 1 ; 156 ; 4 ; [3.9757149837890395] ; [1.6251924566784237]
834 ; 1 ; 156 ; 5 ; [0.74760721188381563] ; [-0.0055396315448551165]
834 ; 1 ; 156 ; 6 ; [0.77776264957844554] ; [4.2060009612001039]
834 ; 1 ; 156 ; 7 ; [2.9722339812137086] ; [2.2988454989017084]
834 ; 1 ; 156 ; 8 ; [0.3456969198690063] ; [0.33813292663333955]
834 ; 1 ; 157 ; 0 ; [0.01048665339889217, 0.052886698721747769] ; [0.24636691174999151, 0.19114138967393182]
834 ; 1 ; 158 ; 0 ; [0.33551848552180807, 0.092771656369840166] ; [0.35001956925909111, 0.054759721854318974]
834 ; 1 ; 159 ; 0 ; [0.033947103153628755, -0.0055296022592919844, 0.0055562728256120996, -0.0062848468901643573] ; [0.14721177729078763, 0.24207919263451314, 0.23035421955405061, -0.0018096377224044709]
834 ; 1 ; 161 ; 1 ; [0.87695848765638629] ; [-0.005806435229636012]
834 ; 1 ; 161 ; 2 ; [0.20722779962079252] ; [0.40978209474759436]
834 ; 1 ; 161 ; 4 ; [0.0064785877432023192] ; [0.47934094234557789]
834 ; 1 ; 162 ; 0 ; [0.071428765874683109] ; [1.1339801151710105]
834 ; 1 ; 163 ; 0 ; [1.3002629100941239] ; [0.67884053090995977]
834 ; 1 ; 163 ; 1 ; [1.215581002860086] ; [1.4313552997096217]
834 ; 1 ; 163 ; 2 ; [0.27934443657975683] ; [1.2201075281004192]
834 ; 1 ; 163 ; 4 ; [1.3624788880912844] ; [0.62575884046547159]
834 ; 1 ; 163 ; 5 ; [0.18920268475408647] ; [0.78034196556541469]
834 ; 1 ; 163 ; 6 ; [2.8175190172011395] ; [3.0619509514090115]
834 ; 1 ; 163 ; 7 ; [1.4354285961417836] ; [2.2143671496977895]
834 ; 1 ; 163 ; 9 ; [0.40526803276626083] ; [0.88792116006422472]
834 ; 1 ; 163 ; 10 ; [1.4072434024963174] ; [1.4213267504177911]
834 ; 1 ; 163 ; 12 ; [1.0620228132435545] ; [6.3682847703907024]
834 ; 1 ; 163 ; 16 ; [5.7027520618353442] ; [2.7848527143308193]
834 ; 1 ; 163 ; 17 ; [2.3631086979506479] ; [1.3315851566328514]
834 ; 1 ; 163 ; 20 ; [2.1377385397054276] ; [3.0385082824180936]
834 ; 1 ; 164 ; 0 ; [0.078056898276910744, 0.0069771348149649708, 0.020767049638608565, 0.058457482283771789] ; [0.23044037351727342, 0.46047847525242935, 0.4362874506493758, 0.19763790673757881]
834 ; 1 ; 164 ; 1 ; [0.0073058931177859407] ; [0.11032426665682452]
834 ; 1 ; 165 ; 0 ; [0.26139939392248002, 0.43131336566303707, 0.65158835616834354] ; [0.20306144430860079, 0.29889960276110628, 0.52520074489696256]
834 ; 1 ; 165 ; 5 ; [0.11668653990922226] ; [-0.095772719866327141]
834 ; 1 ; 165 ; 6 ; [0.098937842047394642] ; [1.3975612484644679]
834 ; 1 ; 166 ; 0 ; [0.24766872348709909] ; [0.10103456698725728]
834 ; 1 ; 166 ; 1 ; [3.480594188786112] ; [3.8430253235002483]
834 ; 1 ; 166 ; 2 ; [1.8885865578697814] ; [2.3950209075928814]
834 ; 1 ; 167 ; 0 ; [0.064621548337054691] ; [0.29732318283845011]
834 ; 1 ; 167 ; 4 ; [0.81370720178435885] ; [0.32305822195316969]
834 ; 1 ; 167 ; 11 ; [10.234644290724514] ; [1.4060722429252086]
834 ; 1 ; 168 ; 0 ; [0.49066352587359191] ; [2.4897449307472796]
834 ; 1 ; 168 ; 1 ; [0.32863115519600145] ; [1.2050731178252221]
834 ; 1 ; 168 ; 5 ; [0.44763527744289505] ; [0.20046561385447134]
834 ; 1 ; 168 ; 11 ; [1.3682446139437996, 0.14160577076508746] ; [1.3707323494573238, 0.58653857502331719]
834 ; 1 ; 168 ; 12 ; [0.34614399621199143] ; [0.2513339044368878]
834 ; 1 ; 169 ; 0 ; [1.1660595871340724] ; [0.33299089791838432]
834 ; 1 ; 169 ; 1 ; [1.3798496355413097] ; [0.83073896989363549]
834 ; 1 ; 169 ; 13 ; [1.3408719382576291] ; [1.1140277694396448]
834 ; 1 ; 169 ; 19 ; [1.6055944140792076] ; [1.9187945215331479]
834 ; 1 ; 169 ; 20 ; [0.11926552580309922] ; [2.1844356455301432]
834 ; 1 ; 173 ; 0 ; [0.89448518563661927, 0.084576977424988403, 0.13517193008091877] ; [0.27023821097108075, 0.21937431937082416, 0.17071511912796772]
834 ; 1 ; 173 ; 1 ; [0.26969932218313047] ; [0.071197740218056596]
834 ; 1 ; 173 ; 2 ; [2.1157226673699427] ; [0.34326360056514965]
834 ; 1 ; 175 ; 0 ; [0.22819631320825801, 0.0072599880572788676] ; [0.48957100783024371, 0.21620841186667142]
834 ; 1 ; 175 ; 3 ; [0.24460199550906733] ; [2.3741610705820198]
834 ; 1 ; 176 ; 0 ; [0.12078344982557694, 0.068084779148426727, 0.032400310652586264] ; [0.29368501029834188, 0.20903492971910842, 0.11231036910305661]
834 ; 1 ; 177 ; 1 ; [0.12379639202513093] ; [0.039191122144885633]
834 ; 1 ; 177 ; 2 ; [0.14236261225932176] ; [0.24249069580565583]
834 ; 1 ; 178 ; 1 ; [0.015805543296325567] ; [-0.013811553124584481]
834 ; 1 ; 178 ; 2 ; [0.68779052231341975] ; [-0.0070288114023432354]
834 ; 1 ; 179 ; 11 ; [4.5844966440086665] ; [1.8214609608914694]
834 ; 1 ; 179 ; 13 ; [2.6192073891811192] ; [3.2843269037788807]
834 ; 1 ; 179 ; 15 ; [4.3597730212089738] ; [1.391462660021302]
834 ; 1 ; 179 ; 16 ; [2.2713428695108404] ; [1.3603689937153904]
834 ; 1 ; 180 ; 5 ; [0.46485047777734684] ; [2.9615172364689291]
834 ; 1 ; 181 ; 0 ; [1.5123088399000875, 0.18980158119671894, 0.30247587021801464] ; [0.29169107027979307, 0.36567645186234349, 0.1575467497379428]
834 ; 1 ; 182 ; 0 ; [0.026304142224536416] ; [0.18495861629028792]
834 ; 1 ; 182 ; 1 ; [0.26264370042119828] ; [0.043970317260606948]
834 ; 1 ; 182 ; 2 ; [1.0131997181351575] ; [0.26550808613313481]
834 ; 1 ; 182 ; 5 ; [0.086378082836839065] ; [0.35963960432452186]
834 ; 1 ; 183 ; 0 ; [0.53919370741260864, 0.16351050437235631, 1.4705355807621023] ; [0.30138972827985377, 0.23414872762583885, 0.46764267698085066]
834 ; 1 ; 183 ; 1 ; [0.27541550974839374] ; [0.34923842872096006]
834 ; 1 ; 183 ; 2 ; [0.14806933906756922, 0.13282555490013825] ; [0.11296811345647258, 0.24055044093038866]
834 ; 1 ; 184 ; 0 ; [0.32642119826212451, 0.34537357419783105, 0.45666069232185308] ; [0.41731187376473888, 0.61572708763273787, 0.30792419927118053]
834 ; 1 ; 184 ; 3 ; [0.83293791311828369] ; [0.81159584067525103]
834 ; 1 ; 185 ; 0 ; [0.2931672111076995] ; [0.40354741491647306]
834 ; 1 ; 185 ; 2 ; [0.12360202884530007] ; [0.070338776775757297]
834 ; 1 ; 186 ; 0 ; [0.16457167160134548, 0.11454670286320408, 0.019514284595450678] ; [0.24670838686259619, 0.2471369786304905, 0.10358572879423696]
834 ; 1 ; 187 ; 0 ; [0.62132837953032816, 0.17460757925616244, 0.081465496203512608] ; [0.2633266418361212, 0.22771939409533504, 0.10330567118767253]
834 ; 1 ; 187 ; 1 ; [0.14620165978416333, 0.011342349637716591] ; [0.32702405615897173, 0.57797540324720365]
834 ; 1 ; 187 ; 2 ; [0.25929536767014594] ; [0.099374154548000873]
834 ; 1 ; 188 ; 0 ; [0.56374348779378702] ; [0.10366510057134461]
834 ; 1 ; 188 ; 2 ; [0.068526226742023327] ; [0.040141214175875697]
834 ; 1 ; 189 ; 0 ; [2.0660106545260026] ; [0.49008606030278246]
834 ; 1 ; 189 ; 1 ; [0.80445291349217618] ; [0.32808457906161009]
834 ; 1 ; 189 ; 2 ; [0.16485848057309213] ; [-0.015922236834394213]
834 ; 1 ; 189 ; 3 ; [1.7953101106184028] ; [0.46726062316886724]
834 ; 1 ; 189 ; 5 ; [0.27966672382672497] ; [4.4494083803807678]
834 ; 1 ; 189 ; 9 ; [1.7090156354533885] ; [0.27284621975744006]
834 ; 1 ; 189 ; 10 ; [2.7674620846046381] ; [1.6585579767067873]
834 ; 1 ; 189 ; 12 ; [0.14221549812287437] ; [0.99357444239044412]
834 ; 1 ; 189 ; 13 ; [1.6469727541427217] ; [1.7644963024740674]
834 ; 1 ; 189 ; 14 ; [2.9342627892309565] ; [1.4157715750770019]
834 ; 1 ; 189 ; 15 ; [2.0312742326034532] ; [4.6942458691665365]
834 ; 1 ; 189 ; 16 ; [1.397541872410708] ; [0.7008867002434761]
834 ; 1 ; 189 ; 17 ; [0.19371053696894189] ; [1.5138681253122315]
834 ; 1 ; 189 ; 18 ; [0.13806494009228759] ; [1.3828309431849832]
834 ; 1 ; 189 ; 20 ; [1.6558280976412882] ; [0.0048136520268617384]
834 ; 1 ; 189 ; 23 ; [2.227180006917596] ; [1.9478983213287842]
834 ; 1 ; 190 ; 0 ; [0.79896217278103621] ; [0.42747699346073714]
834 ; 1 ; 190 ; 1 ; [0.99814566657787152] ; [0.31412483317375239]
834 ; 1 ; 190 ; 5 ; [1.6352986652040851] ; [0.29835310611058874]
834 ; 1 ; 190 ; 6 ; [0.46384688117294964] ; [1.1143767031667982]
834 ; 1 ; 190 ; 7 ; [1.4438603971340305] ; [1.7224438486308604]
834 ; 1 ; 190 ; 8 ; [0.86755013103042888] ; [0.96054904922144224]
834 ; 1 ; 190 ; 11 ; [0.58824861973265785] ; [0.82704633428031793]
834 ; 1 ; 190 ; 14 ; [1.4187505866776366] ; [0.57387858822027316]
834 ; 1 ; 190 ; 15 ; [-0.0063282521412131622] ; [1.9048021078015458]
834 ; 1 ; 191 ; 0 ; [1.0191871251922076, 0.58461553167758096, 0.16940058634361602] ; [1.2143813857957406, 0.6520211885588193, 0.17878363093492872]
834 ; 1 ; 191 ; 1 ; [0.87151169251544103] ; [1.0943541227500804]
834 ; 1 ; 192 ; 0 ; [0.11697235561215263, 0.66354353861509463] ; [0.25815547511124476, 0.18058573000122422]
834 ; 1 ; 192 ; 1 ; [-0.0013036097953923063, 0.0028277294718897406, -0.017351816331919321, 0.099759843653098715] ; [0.11467137395368786, 0.17698099878216736, 0.26427551192953502, 0.098826834790957024]
834 ; 1 ; 194 ; 0 ; [0.29124040880840008, 0.074590928770623871] ; [0.71769861645708111, 0.24426766097949726]
834 ; 1 ; 194 ; 1 ; [0.57014553079808439] ; [1.0313315634177138]
834 ; 1 ; 195 ; 0 ; [0.29552001098604946, 1.1945921031573665] ; [0.26422907056711742, 0.19280896349368698]
834 ; 1 ; 196 ; 0 ; [0.011476524148051104, 0.2765192300580015, 0.25807734239131241] ; [0.29498278003304523, 0.22397914701336691, 0.60107234223470407]
834 ; 1 ; 196 ; 2 ; [0.2406768669425578] ; [0.61330916137762403]
834 ; 1 ; 197 ; 10 ; [0.081754481801709758] ; [0.57475114137792016]
834 ; 1 ; 197 ; 11 ; [0.045493770131771846] ; [0.054279205573777793]
834 ; 1 ; 198 ; 0 ; [3.6642143428937377] ; [0.51298105750501244]
834 ; 1 ; 198 ; 1 ; [0.36515792959471804] ; [2.4719107730751237]
834 ; 1 ; 198 ; 3 ; [0.017589191505232322] ; [1.2672937486163989]
834 ; 1 ; 198 ; 5 ; [1.3722812499507455] ; [1.9918462576097251]
834 ; 1 ; 198 ; 9 ; [0.29313507011652112] ; [0.85762998944967583]
834 ; 1 ; 199 ; 0 ; [0.11645915786262007] ; [0.6061797864663111]
834 ; 1 ; 199 ; 16 ; [1.0543699203475505] ; [2.1774402100629979]
834 ; 1 ; 201 ; 1 ; [0.99512249227692917] ; [0.11389851078096962]
834 ; 1 ; 201 ; 3 ; [1.6313403986642223] ; [2.1378475804165462]
834 ; 1 ; 201 ; 9 ; [0.92305981058237707] ; [0.75865465815717248]
834 ; 1 ; 202 ; 0 ; [0.23457926264087142, 0.35538965688591206, 0.7785787509076717] ; [0.15941831271328252, 0.37655759733252048, 0.49702362385556809]
834 ; 1 ; 202 ; 1 ; [0.1471231812980118] ; [0.0091206077629136396]
834 ; 1 ; 203 ; 1 ; [0.057851844921777175] ; [-0.1161538748514379]
834 ; 1 ; 204 ; 0 ; [0.05195052254613098, 1.0246580517263999] ; [0.89157038887991402, 0.33644358268541841]
834 ; 1 ; 204 ; 1 ; [0.47981379602697105] ; [0.32416869290310041]
834 ; 1 ; 204 ; 3 ; [2.7502673753574323] ; [1.5726786634293]
834 ; 1 ; 204 ; 6 ; [2.7066324418554579] ; [1.0845092636253733]
834 ; 1 ; 206 ; 1 ; [0.54291747192418094] ; [0.35667662310139903]
834 ; 1 ; 207 ; 0 ; [8.4249469918623756] ; [0.077051245366456814]
834 ; 1 ; 207 ; 1 ; [5.4626174432089512] ; [1.1540968319535498]
834 ; 1 ; 207 ; 2 ; [0.8775397274116592] ; [0.49401308544851819]
834 ; 1 ; 207 ; 3 ; [0.77358168489345314] ; [-0.0035568793662548994]
834 ; 1 ; 208 ; 0 ; [0.40468820117820348] ; [0.3625576442293813]
834 ; 1 ; 208 ; 1 ; [-0.023914717020227617] ; [0.033920476528228716]
834 ; 1 ; 208 ; 2 ; [0.1768876270723371] ; [1.147401184400958]
834 ; 1 ; 208 ; 4 ; [0.64382146770482063] ; [1.0951982338864383]
834 ; 1 ; 208 ; 6 ; [0.073855557466694907] ; [2.5490746531541286]
834 ; 1 ; 209 ; 0 ; [0.19575388125172663, 0.81659394719461831] ; [0.17465393579117333, 0.053581905493922007]
834 ; 1 ; 209 ; 16 ; [0.25057188014164611] ; [1.4835339393360609]
834 ; 1 ; 209 ; 18 ; [0.076719212846364626] ; [-0.022205371728862954]
834 ; 1 ; 210 ; 0 ; [0.2109079637225782, 0.016896936029538179] ; [0.32917385986240999, 0.32523020305652023]
834 ; 1 ; 210 ; 1 ; [2.2169772745634231] ; [-0.011332626473858078]
834 ; 1 ; 211 ; 0 ; [0.60471881625459756] ; [2.0537497522565138]
834 ; 1 ; 211 ; 1 ; [0.34908813389506332] ; [0.63530242923619096]
834 ; 1 ; 211 ; 2 ; [0.35255516545256521] ; [0.26771283530084572]
834 ; 1 ; 211 ; 5 ; [0.52289823653807543] ; [1.7716755568613194]
834 ; 1 ; 211 ; 6 ; [1.4536301524507558] ; [1.6763629258606598]
834 ; 1 ; 212 ; 0 ; [0.23767513880074742, 0.30624449073826071, 0.25591458262628719, 0.36765546566712914, 0.079140069969259222] ; [0.15991792394639529, 0.17874722554984979, 0.25917320128354504, 0.22296787296018605, 0.057808542774333019]
834 ; 1 ; 214 ; 0 ; [0.71727708642462551, 0.038768270230983767] ; [0.19057211298995735, 0.033382497776138262]
834 ; 1 ; 214 ; 1 ; [0.72200372793543577] ; [0.39181786264276952]
834 ; 1 ; 215 ; 0 ; [0.34144223106936072] ; [0.23668699544632685]
834 ; 1 ; 215 ; 3 ; [0.65479423188418695] ; [0.26836873233146691]
834 ; 1 ; 215 ; 5 ; [0.14670745618155734] ; [0.96290066716590494]
834 ; 1 ; 215 ; 6 ; [0.40225403697263945] ; [0.86259011023696086]
834 ; 1 ; 215 ; 14 ; [1.0474948199276688] ; [0.19843000227286073]
834 ; 1 ; 216 ; 0 ; [0.21951550058863559, 0.19497872123127652, 1.3105018074349601] ; [0.19036722936210843, 0.19755439581360648, 0.2966506531217627]
834 ; 1 ; 216 ; 1 ; [0.2431292071428014] ; [0.095258946176994194]
834 ; 1 ; 216 ; 2 ; [1.5276012997424862] ; [0.019430930685843659]
834 ; 1 ; 217 ; 0 ; [0.83286162074856196, 0.41509717382405836] ; [0.34558254045770209, 0.22110519446545043]
834 ; 1 ; 217 ; 1 ; [0.073634203978525006] ; [0.060624821938254123]
834 ; 1 ; 217 ; 2 ; [0.064281636247555896] ; [-0.015592129928280568]
834 ; 1 ; 218 ; 0 ; [0.11102177066547878, 0.54624249394144786, 0.1272989199443568] ; [0.28606038536908196, 0.87305747453438176, 0.40476556065010766]
834 ; 1 ; 218 ; 1 ; [0.24552946567666331] ; [0.045670171291896156]
834 ; 1 ; 218 ; 2 ; [0.1018469192775241] ; [0.9619777818909917]
834 ; 1 ; 219 ; 0 ; [1.0325877312379668] ; [0.29827535297908392]
834 ; 1 ; 219 ; 1 ; [0.92832263666189885] ; [0.20145184197015167]
834 ; 1 ; 219 ; 2 ; [1.9932399954976234] ; [0.68421504637300667]
834 ; 1 ; 219 ; 3 ; [0.1767862200187757] ; [-0.0095531171506181654]
834 ; 1 ; 219 ; 4 ; [0.72975675583657551] ; [0.09320953795582991]
834 ; 1 ; 220 ; 0 ; [0.35022911578854909] ; [0.18015830943059843]
834 ; 1 ; 220 ; 1 ; [0.0063404124012886049] ; [0.30721145684605428]
834 ; 1 ; 220 ; 7 ; [0.5237154952749572] ; [1.1628369570064385]
834 ; 1 ; 221 ; 0 ; [0.027856174204846443, 0.010627343738807816] ; [0.17405540767731253, -0.0084391017537113634]
834 ; 1 ; 221 ; 1 ; [0.95563392757333354] ; [0.030940494344875513]
834 ; 1 ; 221 ; 2 ; [0.64791190459452053] ; [0.83865223788582965]
834 ; 1 ; 221 ; 3 ; [1.1653846725647354] ; [0.050602187627120584]
834 ; 1 ; 222 ; 0 ; [0.3147792566305157] ; [0.22582197793459347]
834 ; 1 ; 222 ; 1 ; [0.183877604434624] ; [1.3402753920393882]
834 ; 1 ; 222 ; 2 ; [0.052306001669705747] ; [0.0050610765190629934]
834 ; 1 ; 222 ; 7 ; [0.084589435656132916] ; [0.0582254128056423]
834 ; 1 ; 222 ; 11 ; [2.0102895847598634] ; [2.5723968146969316]
834 ; 1 ; 222 ; 12 ; [1.6569248080102652] ; [0.72489920921951689]
834 ; 1 ; 222 ; 14 ; [0.24978744046669085] ; [1.3729146940624952]
834 ; 1 ; 222 ; 15 ; [0.20745758412260315] ; [2.1350314121238751]
834 ; 1 ; 223 ; 0 ; [1.1437435608993212] ; [0.17018779708501075]
834 ; 1 ; 223 ; 1 ; [5.9864334448478642] ; [0.77079509542039648]
834 ; 1 ; 223 ; 2 ; [-0.015922509808619038] ; [0.013736461994200857]
834 ; 1 ; 224 ; 0 ; [0.06085636358054905] ; [0.1313871443222297]
834 ; 1 ; 224 ; 1 ; [0.23402794606841984] ; [0.22779803656243058]
834 ; 1 ; 224 ; 3 ; [0.12818270259105244] ; [1.0048393493300083]
834 ; 1 ; 224 ; 4 ; [0.099297253873063249] ; [0.56795831525693141]
834 ; 1 ; 225 ; 0 ; [0.43424648591419734] ; [0.75640123144475335]
834 ; 1 ; 225 ; 1 ; [0.11932043479874734] ; [0.05419825532164313]
834 ; 1 ; 225 ; 2 ; [1.0505535449287466] ; [0.7850698639342768]
834 ; 1 ; 225 ; 3 ; [0.23614376063901601] ; [0.96939757267205184]
834 ; 1 ; 225 ; 5 ; [0.33594164581414826] ; [0.79239599436822183]
834 ; 1 ; 225 ; 8 ; [6.1762448348347521] ; [23.95222617788987]
834 ; 1 ; 225 ; 9 ; [0.29453697449693655] ; [0.49189539840864283]
834 ; 1 ; 225 ; 12 ; [1.18834538847298] ; [0.27901104258004972]
834 ; 1 ; 226 ; 0 ; [4.061406392381639] ; [0.64016699477160544]
834 ; 1 ; 226 ; 1 ; [0.017456996001739871] ; [0.060637795809099532]
834 ; 1 ; 226 ; 3 ; [0.54106382648911611] ; [5.4302095181650731]
834 ; 1 ; 226 ; 13 ; [0.46326316021623076] ; [-0.0090261499367018053]
834 ; 1 ; 227 ; 0 ; [0.38466434434242236] ; [0.67150165199319301]
834 ; 1 ; 227 ; 1 ; [0.064752216980934529] ; [0.058451998020977031]
834 ; 1 ; 228 ; 0 ; [1.4456599013739218] ; [0.11305520578705736]
834 ; 1 ; 228 ; 1 ; [1.6216665945889315] ; [2.9873270886473065]
834 ; 1 ; 228 ; 5 ; [0.51236981043783825] ; [1.9987884812782641]
834 ; 1 ; 228 ; 6 ; [0.50685813202991881] ; [1.6941852054302009]
834 ; 1 ; 228 ; 9 ; [1.7427033283992182] ; [2.7342894046860979]
834 ; 1 ; 228 ; 10 ; [0.35159026415673383] ; [2.8767167473102742]
834 ; 1 ; 228 ; 11 ; [1.6255258134326354] ; [2.1007655549153972]
834 ; 1 ; 228 ; 15 ; [0.77954980741070101] ; [2.1364621720527306]
834 ; 1 ; 229 ; 0 ; [0.19915786841148592] ; [1.5032622651418708]
834 ; 1 ; 230 ; 0 ; [2.9870926313165511] ; [0.073776287260678836]
834 ; 1 ; 230 ; 5 ; [1.6127046362905897] ; [1.9220744197455188]
834 ; 1 ; 230 ; 7 ; [0.83935530735572372] ; [1.8972817368040897]
834 ; 1 ; 230 ; 8 ; [2.8868259512572898] ; [1.6858425476702223]
834 ; 1 ; 230 ; 9 ; [1.4770911346026474] ; [1.7249111330915035]
834 ; 1 ; 230 ; 10 ; [2.2672437304161068] ; [1.4760272400447385]
834 ; 1 ; 230 ; 13 ; [3.1481994262410731] ; [2.3094096635380561]
834 ; 1 ; 230 ; 15 ; [4.23947717370819] ; [1.6364676261786775]
834 ; 1 ; 231 ; 0 ; [0.41747654686850816, 0.36095753080443543, 0.32557430163003837, 0.25884927782348421, 0.12983884421527378] ; [0.3899021017266191, 0.17596255097705046, 0.37721496433779189, 0.24335069554565514, 0.27328316009144871]
834 ; 1 ; 232 ; 0 ; [0.048550865326559382, 0.25108700519197191] ; [0.45773296453968659, 0.31163953899682201]
834 ; 1 ; 232 ; 1 ; [0.033411812940351067] ; [0.20063642953528829]
834 ; 1 ; 233 ; 0 ; [4.9399496676745013e-05] ; [0.83547420927751703]
834 ; 1 ; 233 ; 1 ; [0.37218341888814516] ; [0.69161512076449616]
834 ; 1 ; 233 ; 10 ; [1.8947706003691398] ; [0.99485381140689744]
834 ; 1 ; 234 ; 0 ; [0.7881924079250866] ; [0.80151564076128656]
834 ; 1 ; 234 ; 1 ; [1.5132108742570429] ; [0.27829612929724995]
834 ; 1 ; 234 ; 2 ; [0.73820813294352905] ; [0.13148954089399792]
834 ; 1 ; 234 ; 3 ; [0.59470350285260398] ; [0.38730835053707108]
834 ; 1 ; 234 ; 10 ; [5.7388965127905598] ; [0.36617517661962606]
834 ; 1 ; 234 ; 17 ; [0.51826884214148938] ; [0.053008450505370105]
834 ; 1 ; 235 ; 0 ; [0.4317046252829288, 0.32580719012593967, 0.22629969138209097] ; [0.31809062794794668, 0.26391237496757064, 0.43080230706269873]
834 ; 1 ; 235 ; 1 ; [0.36444468406553543] ; [0.21939889470050306]
834 ; 1 ; 236 ; 0 ; [0.46892437596934017] ; [0.9406619394172836]
834 ; 1 ; 236 ; 1 ; [2.5463550043154282] ; [0.43938161945715859]
834 ; 1 ; 236 ; 3 ; [0.0072507646296666945] ; [-0.019120455280239885]
834 ; 1 ; 236 ; 7 ; [0.0058969412537964901] ; [-0.037789226284370606]
834 ; 1 ; 237 ; 0 ; [0.32314553046271072, 0.1613222902538205, 0.060692820942786781] ; [0.45607292322548715, 0.25804854098628632, 0.062270087394936655]
834 ; 1 ; 237 ; 1 ; [0.12264976279572373] ; [0.15239044424967946]
834 ; 1 ; 238 ; 0 ; [0.97675808154526] ; [1.3771625492367927]
834 ; 1 ; 238 ; 1 ; [0.079113726909301879] ; [2.4497292922052454]
834 ; 1 ; 238 ; 2 ; [0.061131073996654975] ; [1.7011018991986142]
834 ; 1 ; 238 ; 3 ; [2.3724719666906435] ; [1.2858274080922536]
834 ; 1 ; 239 ; 0 ; [-0.00061866739663194359, 0.052626964153605606] ; [0.37451537792496686, 0.12220254321929017]
834 ; 1 ; 239 ; 1 ; [1.4760873059887873] ; [-0.020639938739182545]
834 ; 1 ; 239 ; 2 ; [0.24675485248026913] ; [0.1750929493810317]
834 ; 1 ; 239 ; 4 ; [0.0085909945118786742] ; [-0.013313831587375691]
834 ; 1 ; 239 ; 5 ; [0.0051950119227488151] ; [-0.023821427409683488]
834 ; 1 ; 240 ; 0 ; [-0.0076378093152343124, 0.25831434283013899] ; [0.18728818316439264, 0.23424653203725909]
834 ; 1 ; 241 ; 0 ; [0.28316613598411944, 0.28928740009353476, 0.2133217604988113, 0.13533148566780648] ; [0.24351067523704426, 0.22287989363739244, 0.31945531930929477, 0.10935984448418376]
834 ; 1 ; 242 ; 1 ; [0.29298009195247116, 0.21323460506625699, 0.14748405589437416] ; [0.25638987970798699, 0.21509372451937417, 0.26920716852831783]
834 ; 1 ; 243 ; 0 ; [0.43381033309334671] ; [0.059308115472470981]
834 ; 1 ; 243 ; 1 ; [0.32539704395878422, 0.30041205580406438] ; [0.47767748679606592, 0.18831734835735195]
834 ; 1 ; 243 ; 2 ; [0.085039701274829446] ; [0.14663380406360724]
834 ; 1 ; 243 ; 6 ; [0.65656060062930943] ; [-0.034385837729883934]
834 ; 1 ; 244 ; 4 ; [0.97722648883882834] ; [0.94362067822722329]
834 ; 1 ; 244 ; 6 ; [2.4443258305107132] ; [2.5355631610688816]
834 ; 1 ; 245 ; 0 ; [0.69705183316351071] ; [0.32207087246191191]
834 ; 1 ; 246 ; 0 ; [1.0333565560887656] ; [1.3709426943257492]
834 ; 1 ; 246 ; 1 ; [0.57793920758978068] ; [0.056653146951537059]
834 ; 1 ; 247 ; 0 ; [1.128681446977029, 0.33372326741366543, 0.64533057518772674] ; [0.2436606202343283, 0.37548764491854886, 0.15809140692272511]
834 ; 1 ; 248 ; 0 ; [0.026315445549661809] ; [0.35203610499176163]
834 ; 1 ; 248 ; 1 ; [0.37864849066571171] ; [0.9606896083450428]
834 ; 1 ; 248 ; 3 ; [0.097882809114696712] ; [0.30143544515467691]
834 ; 1 ; 249 ; 2 ; [0.49139851190024375] ; [-0.003581906738306273]
834 ; 1 ; 249 ; 5 ; [0.27936317799839239] ; [0.22974658195400968]
834 ; 1 ; 249 ; 7 ; [0.56966702925056467] ; [0.34049798477752646]
834 ; 1 ; 251 ; 0 ; [0.42605408226588692] ; [0.44467169208101492]
834 ; 1 ; 251 ; 14 ; [0.0028653991659785653] ; [0.68217880934611652]
834 ; 1 ; 252 ; 0 ; [0.00029529529725724909, 0.048643395964260823, -0.0098999343321435583] ; [0.27047683844742892, 0.58370594698453826, 0.22482452021970761]
834 ; 1 ; 252 ; 1 ; [0.39176452799565931] ; [0.21105580931872522]
834 ; 1 ; 253 ; 5 ; [0.1393055940565304] ; [1.6703183798422205]
834 ; 1 ; 254 ; 0 ; [0.30212290766219718] ; [0.29120953525708571]
834 ; 1 ; 254 ; 5 ; [0.46564664300762815, 0.30147346439068334, 0.31230081020783834] ; [0.45025080511980414, 0.17007958724458996, 0.20528714871385492]
834 ; 1 ; 255 ; 0 ; [0.71065770817577467, 0.11631291000475646] ; [0.19410332739087374, 0.16266034339201429]
834 ; 1 ; 255 ; 1 ; [0.21823134625778043] ; [0.20150266181110169]
834 ; 1 ; 255 ; 2 ; [0.50541293638201423] ; [0.43503013704005733]
834 ; 1 ; 256 ; 0 ; [0.17442349857820277, 0.10878400223395181, -0.014910226289979796] ; [0.3149036381738507, 0.33300427417472089, 0.098804365009929479]
834 ; 1 ; 257 ; 0 ; [0.5304308190214555] ; [0.2475258572168676]
834 ; 1 ; 257 ; 3 ; [0.89865710819199252] ; [0.71257688370628247]
834 ; 1 ; 257 ; 8 ; [0.44139459340821285] ; [1.0593243584580085]
834 ; 1 ; 257 ; 9 ; [0.19219354994292176] ; [0.99710061552335549]
834 ; 1 ; 257 ; 10 ; [0.12064796962961244] ; [1.1766142473785246]
834 ; 1 ; 257 ; 14 ; [1.4519325836392361] ; [2.069963122419503]
834 ; 1 ; 257 ; 20 ; [1.2834785226542902] ; [4.9082262380133308]
834 ; 1 ; 258 ; 0 ; [0.34575995200552034, 0.3357710491377629] ; [0.70228515430489202, 0.19699874495121691]
834 ; 1 ; 258 ; 2 ; [1.0519312864533541] ; [0.56998112473303664]
834 ; 1 ; 258 ; 3 ; [0.54007344721552453] ; [0.6327741283429158]
834 ; 1 ; 258 ; 4 ; [0.51048650284343167] ; [0.52122842325560037]
834 ; 1 ; 258 ; 5 ; [0.97616755214658957] ; [0.26517329372608162]
834 ; 1 ; 258 ; 16 ; [0.12730695479145435] ; [0.072383301236892739]
834 ; 1 ; 259 ; 0 ; [3.0150091970929065] ; [1.3445750980436113]
834 ; 1 ; 259 ; 2 ; [0.27402097639732798] ; [1.2410339235993852]
834 ; 1 ; 259 ; 5 ; [0.32608057651859429] ; [1.9022488905013342]
834 ; 1 ; 260 ; 0 ; [0.17822214854418908, 0.243308098385081, 0.22163838631117364, 0.26703190715809766, 0.10021958133365214] ; [0.23578570102248633, 0.54888968233889079, 0.31042893170088176, 0.31235611883241765, 0.10107342242043034]
834 ; 1 ; 261 ; 2 ; [0.19762679113815027] ; [1.981075660120079]
834 ; 1 ; 261 ; 3 ; [0.17419857220135837] ; [2.3921985973627065]
834 ; 1 ; 262 ; 0 ; [0.18573664636022755, 0.27389387616320615] ; [0.0084445706420321516, 0.025458386723951204]
834 ; 1 ; 262 ; 13 ; [0.73990084273913614] ; [0.11542624344187624]
834 ; 1 ; 263 ; 0 ; [0.22073908847709237, 0.29596247353549737] ; [0.44767727757856807, 0.23171009190064271]
834 ; 1 ; 263 ; 1 ; [0.73667137426292106] ; [0.16938262142199792]
834 ; 1 ; 263 ; 2 ; [0.23428543833359136] ; [0.089710410510229058]
834 ; 1 ; 263 ; 3 ; [0.87496491696944245] ; [0.19083879121707384]
834 ; 1 ; 263 ; 4 ; [0.30356124777484877] ; [0.19839173737028401]
834 ; 1 ; 263 ; 5 ; [0.64990668612494773] ; [0.22860429940273036]
834 ; 1 ; 264 ; 0 ; [0.069798085599372561, 0.2609739231274012] ; [0.34482125989154044, 0.30943274684300698]
834 ; 1 ; 264 ; 1 ; [0.025633647776356495] ; [0.16802162940434623]
834 ; 1 ; 264 ; 3 ; [0.12628260275749906] ; [0.27258646600506803]
834 ; 1 ; 265 ; 1 ; [1.5461245961269978] ; [0.30574169148657065]
834 ; 1 ; 265 ; 2 ; [0.20445098636884698] ; [0.40040838088179348]
834 ; 1 ; 265 ; 3 ; [0.77582220342877251] ; [0.27481895247337884]
834 ; 1 ; 265 ; 10 ; [0.91543949250110979] ; [0.58096236684184055]
834 ; 1 ; 266 ; 0 ; [0.93908297828604326] ; [0.3856142431699402]
834 ; 1 ; 266 ; 2 ; [0.20504184759798283] ; [1.6464788216833346]
834 ; 1 ; 266 ; 3 ; [0.14321353372882026] ; [1.8147507529825881]
834 ; 1 ; 267 ; 0 ; [0.0057827411428202635, 0.092712704416325079, 0.038666555527621604] ; [0.19395620008730849, 0.23768623460798108, 0.2179889826594254]
834 ; 1 ; 267 ; 1 ; [0.0004759437116488896] ; [0.0068913208911392495]
834 ; 1 ; 267 ; 2 ; [1.8456779884886441] ; [1.0433123723761251]
834 ; 1 ; 268 ; 0 ; [0.45966717070469115] ; [0.65449802300988558]
834 ; 1 ; 268 ; 1 ; [0.67299510250767469] ; [0.19407450951138241]
834 ; 1 ; 268 ; 2 ; [1.6013722780125088] ; [0.84847426492869893]
834 ; 1 ; 269 ; 0 ; [1.7567385720190209] ; [0.37651558377931077]
834 ; 1 ; 269 ; 1 ; [4.7107407389891387] ; [2.2366007322107566]
834 ; 1 ; 269 ; 3 ; [0.073309922714159356] ; [-0.092836252606854089]
834 ; 1 ; 269 ; 4 ; [1.9453104627311424] ; [0.035512829292315883]
834 ; 1 ; 270 ; 0 ; [0.011885869727377832, 0.60096295837153635] ; [0.57667740846972271, 0.46008971196812593]
834 ; 1 ; 271 ; 0 ; [0.1873754600022122] ; [0.12875511652108601]
834 ; 1 ; 271 ; 2 ; [0.10542939631449176, 0.13658748089450981, 0.19637016974750815, 0.28705713903218077] ; [0.2391494547553572, 0.17801060312986833, 0.29510749824559102, 0.26714148451226355]
834 ; 1 ; 272 ; 0 ; [1.6465864224308306] ; [0.69686503708484504]
834 ; 1 ; 272 ; 16 ; [2.1131264600032273] ; [1.8575251785296065]
834 ; 1 ; 272 ; 18 ; [2.4268265629538908] ; [0.5779838940937857]
834 ; 1 ; 272 ; 19 ; [0.45208103749198825] ; [1.3723886574264215]
834 ; 1 ; 272 ; 20 ; [0.33926813689672058] ; [2.4463307025096745]
834 ; 1 ; 272 ; 25 ; [1.9698293255231052] ; [2.0834178544891935]
834 ; 1 ; 272 ; 26 ; [2.1740441638015353] ; [2.0134633122910079]
834 ; 1 ; 273 ; 0 ; [0.20349068532480652] ; [1.4121806328308266]
834 ; 1 ; 273 ; 1 ; [0.43166761241135448] ; [1.9114244191824086]
834 ; 1 ; 274 ; 0 ; [1.4403994085365261] ; [1.4194343909683362]
834 ; 1 ; 274 ; 1 ; [1.1736126206941562] ; [1.658642992591628]
834 ; 1 ; 275 ; 0 ; [1.1681804122382085] ; [0.1399578530571173]
834 ; 1 ; 275 ; 1 ; [0.24836367457851066] ; [0.91323785422782977]
834 ; 1 ; 275 ; 2 ; [1.0168809685444626] ; [0.29965364645556442]
834 ; 1 ; 275 ; 3 ; [0.32909709519829566] ; [0.80216494037661157]
834 ; 1 ; 275 ; 5 ; [2.5505039372239233] ; [1.4313151323646183]
834 ; 1 ; 276 ; 0 ; [0.14917475122668422, 0.12366646571870475, 0.16220129642150433] ; [0.21593538556902234, 0.34790718471738108, 0.2602480476412134]
834 ; 1 ; 277 ; 1 ; [1.1183292034552457] ; [0.25016466099882878]
834 ; 1 ; 278 ; 0 ; [0.33230133375612009, 0.31907294806671738, 0.21819262629266181] ; [0.20611683972768058, 0.22819742829863432, 0.16971481090315158]
834 ; 1 ; 279 ; 0 ; [0.17342618572225166] ; [0.44461531982824631]
834 ; 1 ; 279 ; 1 ; [0.45265299099588646] ; [1.1928309423073913]
834 ; 1 ; 280 ; 2 ; [0.85615765004883038, 0.67938232564412515, 0.53345101011530083, 1.1500424361067614] ; [0.21195870718346932, 0.71523396481995161, 0.43887864391456477, 0.43490800204854951]
834 ; 1 ; 281 ; 0 ; [0.46833895067692838] ; [2.4791687469142087]
834 ; 1 ; 281 ; 1 ; [0.76863155574885589] ; [1.1866896826473712]
834 ; 1 ; 281 ; 2 ; [0.53888586714131548] ; [0.73169750758703633]
834 ; 1 ; 281 ; 8 ; [0.11613565448843707] ; [0.2324622416038423]
834 ; 1 ; 281 ; 9 ; [0.18924449953193906] ; [0.97679640395986145]
834 ; 1 ; 281 ; 14 ; [1.0466508606411999] ; [0.24592885591661962]
834 ; 1 ; 281 ; 18 ; [0.50459615458328644] ; [0.065266138329141216]
834 ; 1 ; 282 ; 0 ; [0.20169438398670222] ; [0.20372937105902203]
834 ; 1 ; 282 ; 3 ; [1.7313479709293451] ; [0.97791877391546422]
834 ; 1 ; 282 ; 6 ; [0.16600337635235621] ; [2.6756750933021967]
834 ; 1 ; 283 ; 0 ; [0.69465291631928605] ; [1.8436592915628112]
834 ; 1 ; 283 ; 1 ; [2.0367085260537809] ; [1.7553406097854787]
834 ; 1 ; 283 ; 2 ; [1.1477658581805035] ; [2.738995193047169]
834 ; 1 ; 283 ; 3 ; [0.74768429302752215] ; [1.8808399884771867]
834 ; 1 ; 283 ; 4 ; [0.033948317334961196] ; [2.7891932814647542]
834 ; 1 ; 283 ; 9 ; [1.5050445814181692] ; [2.2966100305610966]
834 ; 1 ; 283 ; 10 ; [1.0967221880168478] ; [2.1464037041633977]
834 ; 1 ; 283 ; 12 ; [0.77434517608330322] ; [1.894165682956475]
834 ; 1 ; 283 ; 16 ; [1.261085458256227] ; [2.3484096840486202]
834 ; 1 ; 283 ; 17 ; [0.0333621459488848] ; [1.5915299150145679]
834 ; 1 ; 283 ; 24 ; [0.12056027775928935] ; [1.7680095481094988]
834 ; 1 ; 283 ; 25 ; [0.14816128974019335] ; [2.440141593188359]
834 ; 1 ; 283 ; 26 ; [4.1821427607639547] ; [2.156298646634502]
834 ; 1 ; 284 ; 0 ; [0.28731067011759176] ; [0.64619959280139472]
834 ; 1 ; 284 ; 1 ; [0.37220403401215685] ; [0.27858355192122936]
834 ; 1 ; 284 ; 2 ; [0.37560106516971015] ; [1.4387106854003087]
834 ; 1 ; 284 ; 3 ; [1.0492419126467933] ; [0.84929995106475098]
834 ; 1 ; 284 ; 4 ; [1.4170795724619454] ; [6.9280193694453587]
834 ; 1 ; 284 ; 5 ; [1.1716588505748029] ; [1.5571342955476601]
834 ; 1 ; 284 ; 6 ; [0.37635482792103786] ; [1.6514425334490339]
834 ; 1 ; 284 ; 7 ; [1.1879281027489401] ; [4.2695042602540463]
834 ; 1 ; 284 ; 8 ; [1.6698538974827739] ; [1.9172826591679621]
834 ; 1 ; 284 ; 11 ; [2.0148408885286706] ; [0.34971378540542347]
834 ; 1 ; 286 ; 0 ; [0.28264689644415181, 0.00086180325351453311, 0.008191446060068934, 0.2502760709886791] ; [0.22986420678833738, 0.39141142076782215, 0.79830576885008819, 0.25774903966866741]
834 ; 1 ; 286 ; 1 ; [0.087347865041814521] ; [0.11855132441885159]
834 ; 1 ; 287 ; 0 ; [-0.010237192683488038] ; [0.17482445376951938]
834 ; 1 ; 287 ; 1 ; [0.29846475310963261] ; [1.6707265642521607]
834 ; 1 ; 287 ; 2 ; [0.13313519975056345, 0.27405769693125848, 0.16125056524780695, 0.21119711079597375] ; [0.32991425802043711, 0.57285182440384108, 0.27162171471182589, 0.35313514405329782]
834 ; 1 ; 288 ; 0 ; [0.54036659662662123] ; [0.57517807371716134]
834 ; 1 ; 288 ; 1 ; [0.52346274346440125] ; [0.38439871414234728]
834 ; 1 ; 288 ; 5 ; [0.084464551720221159] ; [0.27856832491523842]
834 ; 1 ; 289 ; 1 ; [0.25118020131175056] ; [0.24059539760888249]
834 ; 1 ; 289 ; 2 ; [0.21955189176664835] ; [0.1262475277108058]
834 ; 1 ; 290 ; 0 ; [0.86627516221285528] ; [0.84843680894254991]
834 ; 1 ; 290 ; 3 ; [1.931832047353756] ; [1.7862498962787992]
834 ; 1 ; 290 ; 4 ; [2.4383178358994106] ; [0.019300789430286229]
834 ; 1 ; 290 ; 5 ; [0.27565132842596124] ; [0.68969748928976815]
834 ; 1 ; 290 ; 8 ; [1.5625827975525728] ; [1.5186596404185808]
834 ; 1 ; 290 ; 14 ; [0.93130811517067269] ; [2.2720065440068495]
834 ; 1 ; 291 ; 0 ; [0.15897668573708085, 0.13139797614963272, 0.14777436557594797] ; [0.20984413864494605, 0.39060466485289536, 0.16950092523512872]
834 ; 1 ; 292 ; 1 ; [1.4870490877496081] ; [0.7656289734500914]
834 ; 1 ; 292 ; 2 ; [0.4730648364122168] ; [0.53135244412066929]
834 ; 1 ; 292 ; 3 ; [0.73433982218346772] ; [0.39370138727569626]
834 ; 1 ; 292 ; 4 ; [3.1506389377850952, 1.051592506018791] ; [1.1324485735663943, 0.57949829158980715]
834 ; 1 ; 292 ; 6 ; [1.2000757768050339] ; [0.44320359349316096]
834 ; 1 ; 292 ; 8 ; [0.095367405560379676, 0.08313618313153999] ; [0.91757644802449667, 0.61868859273435106]
834 ; 1 ; 292 ; 10 ; [3.0111315838872086] ; [1.2497296577788313]
834 ; 1 ; 292 ; 12 ; [1.3834543801446244] ; [1.0806715761030119]
834 ; 1 ; 292 ; 16 ; [1.3675675341204641] ; [2.0267963401208071]
834 ; 1 ; 292 ; 17 ; [0.74161209601548772] ; [1.1618209141130817]
834 ; 1 ; 292 ; 18 ; [1.6271165222390953] ; [0.77691908385998609]
834 ; 1 ; 292 ; 22 ; [0.11367555714279956] ; [0.052699243640908215]
834 ; 1 ; 292 ; 25 ; [1.482809253739833] ; [0.81203750673396036]
834 ; 1 ; 292 ; 26 ; [1.6033960954952693] ; [0.7414229005875369]
834 ; 1 ; 292 ; 27 ; [1.0929419668484721] ; [0.32706619768685952]
834 ; 1 ; 292 ; 28 ; [1.5218077142789945] ; [1.0737412420062156]
834 ; 1 ; 293 ; 0 ; [0.54389421833392904, 0.65405989456513691] ; [0.060201084707214837, 0.29293985807973905]
834 ; 1 ; 293 ; 2 ; [0.545061965807351] ; [0.095252088718633582]
834 ; 1 ; 294 ; 0 ; [0.21042810738148462, 0.1698173077798858, 0.27004492005955044, 0.13493161551476335] ; [0.23625238335207904, 0.27656591706198363, 0.37504613224025035, 0.28343214765889946]
834 ; 1 ; 295 ; 1 ; [0.60932287821297415] ; [1.9653490300318879]
834 ; 1 ; 295 ; 2 ; [2.2560291010518938, 0.47302866705570529] ; [1.454859503601774, 1.8407060764862153]
834 ; 1 ; 295 ; 4 ; [0.71432275595272787] ; [1.2646813292932424]
834 ; 1 ; 295 ; 5 ; [1.2023228238934369, 0.64663722356189313] ; [1.6878769079704714, 1.2924699959708419]
834 ; 1 ; 295 ; 6 ; [1.1025081711834266] ; [0.82104316965216084]
834 ; 1 ; 295 ; 7 ; [0.97306958700267077] ; [1.2695934269094122]
834 ; 1 ; 295 ; 8 ; [1.2329493211093363] ; [1.1275570430114659]
834 ; 1 ; 295 ; 10 ; [0.7084989285594302] ; [1.3611890740308745]
834 ; 1 ; 295 ; 11 ; [0.3686253032492362] ; [1.1729477300220499]
834 ; 1 ; 295 ; 12 ; [0.063916699655264128] ; [1.3345146887295809]
834 ; 1 ; 295 ; 13 ; [1.9972079614122562] ; [1.2644120151541907]
834 ; 1 ; 295 ; 14 ; [0.42232388008137062] ; [1.3501921590471913]
834 ; 1 ; 295 ; 15 ; [1.1645646683215314] ; [0.82202605267141871]
834 ; 1 ; 295 ; 17 ; [1.8814503680169303] ; [3.0783494882795241]
834 ; 1 ; 295 ; 22 ; [1.1228578224980279] ; [2.1773451026031925]
834 ; 1 ; 296 ; 0 ; [0.0085695256420037294, 0.16350281515375423, 0.055392839090025757] ; [0.18421507789712718, 0.40504865013312696, 0.12844081109634586]
834 ; 1 ; 297 ; 0 ; [1.1169198622794905] ; [0.23702703207345421]
834 ; 1 ; 297 ; 3 ; [0.0083844341826715962] ; [0.061271495731179425]
834 ; 1 ; 298 ; 0 ; [0.27416178931710189] ; [0.0080930218175667857]
834 ; 1 ; 298 ; 1 ; [0.19540841326355562] ; [1.0331730600751874]
834 ; 1 ; 298 ; 2 ; [0.72099376183542963] ; [0.90502797251115608]
834 ; 1 ; 298 ; 3 ; [0.30116369025397088] ; [0.34215801857055683]
834 ; 1 ; 298 ; 5 ; [3.9143375482369405] ; [0.72951831959963331]
834 ; 1 ; 298 ; 8 ; [0.091222367812455088] ; [0.72839762144171238]
834 ; 1 ; 298 ; 9 ; [3.8609981628754322] ; [0.72569394167290302]
834 ; 1 ; 298 ; 10 ; [1.5801435615745387] ; [2.3530391108633726]
834 ; 1 ; 298 ; 14 ; [2.1025856743698794] ; [2.4022049636421086]
834 ; 1 ; 298 ; 17 ; [0.098208845612082873] ; [2.0977800156943003]
834 ; 1 ; 298 ; 19 ; [1.8538291524436015] ; [1.1166361756011127]
834 ; 1 ; 298 ; 20 ; [8.6871745625401608] ; [2.3268241904212199]
834 ; 1 ; 299 ; 0 ; [0.026272596575444406, -0.0019077358904682784, 0.26119392757285198] ; [0.20413339774336259, 0.43691149419297903, 0.26234605875487071]
834 ; 1 ; 299 ; 1 ; [1.4623054883859823] ; [0.11049977126155627]
834 ; 1 ; 300 ; 0 ; [0.12648339098997968, 0.15619188209289234, 0.35549737724726088, 0.071073177887003888] ; [0.24922878378503749, 0.22096108474437051, 0.6357408004757098, 0.12271043461013648]
834 ; 1 ; 301 ; 0 ; [0.63173673918773332] ; [0.37234811856743344]
834 ; 1 ; 301 ; 1 ; [0.10605763602940696] ; [0.50897019689396783]
834 ; 1 ; 301 ; 2 ; [0.28754607338071275] ; [0.6360902835091703]
834 ; 1 ; 301 ; 7 ; [0.6853632802622861] ; [0.2392483133418094]
834 ; 1 ; 302 ; 0 ; [1.5359713589923321] ; [0.33566172677124512]
834 ; 1 ; 303 ; 0 ; [0.26232465403832061] ; [0.14894923750950279]
834 ; 1 ; 303 ; 1 ; [0.15954044613479287] ; [0.07382149642576151]
834 ; 1 ; 303 ; 2 ; [0.10513418729034339] ; [0.20794750422839542]
834 ; 1 ; 303 ; 3 ; [0.42355726967964108] ; [0.14404019353955197]
834 ; 1 ; 303 ; 6 ; [0.1792608684181054] ; [2.8646815800364522]
834 ; 1 ; 303 ; 9 ; [0.056654285176231889] ; [1.3787575542523163]
834 ; 1 ; 303 ; 10 ; [0.047060020725380576] ; [1.0028414755039547]
834 ; 1 ; 304 ; 0 ; [0.16063795665958752] ; [0.21258916830936719]
834 ; 1 ; 304 ; 1 ; [0.13946392723044726] ; [0.066741876289865748]
834 ; 1 ; 305 ; 0 ; [0.42992120225472108] ; [0.11241216494637093]
834 ; 1 ; 305 ; 6 ; [1.0564228421460222] ; [2.0836881408970407]
834 ; 1 ; 305 ; 9 ; [1.8835744449062153] ; [0.61449908254125529]
834 ; 1 ; 305 ; 11 ; [1.705737150425189] ; [1.8241361732381305]
834 ; 1 ; 305 ; 12 ; [0.38172382687046646] ; [0.86704374936300665]
834 ; 1 ; 305 ; 13 ; [0.41495263845200764] ; [0.9819486618362423]
834 ; 1 ; 305 ; 14 ; [2.6624374695451793] ; [6.3122219499298025]
834 ; 1 ; 305 ; 17 ; [1.2035232588087741] ; [11.730565500740539]
834 ; 1 ; 305 ; 20 ; [1.7997824239244924] ; [0.51561899406884237]
834 ; 1 ; 305 ; 22 ; [0.44924661259784349] ; [0.94291528523139523]
834 ; 1 ; 305 ; 23 ; [0.36789513425939652] ; [0.84421687175113058]
834 ; 1 ; 305 ; 24 ; [1.2708757391336514] ; [1.5289505982958174]
834 ; 1 ; 306 ; 0 ; [0.31855451098172516] ; [0.41466360200756763]
834 ; 1 ; 306 ; 1 ; [2.094169553845227] ; [0.96079801938594978]
834 ; 1 ; 306 ; 4 ; [1.3720781263268111] ; [0.26821668018405542]
834 ; 1 ; 306 ; 5 ; [0.9919961575227334] ; [2.3867900351441582]
834 ; 1 ; 306 ; 11 ; [0.2176049402359925] ; [1.8446967512856807]
834 ; 1 ; 306 ; 13 ; [0.27468159156138494] ; [2.0132686771893313]
834 ; 1 ; 306 ; 17 ; [2.1616282856108979] ; [1.7146085361092549]
834 ; 1 ; 306 ; 18 ; [3.881704939551446] ; [1.5738649253234565]
834 ; 1 ; 307 ; 0 ; [0.53826509819372159, 6.2051971477707948] ; [0.3882653438582791, 0.26073045612321277]
834 ; 1 ; 307 ; 3 ; [0.0065789984790761884] ; [5.3871562933049271]
834 ; 1 ; 308 ; 1 ; [1.6262827873819734] ; [0.52074848507938709]
834 ; 1 ; 309 ; 0 ; [0.19787916632465219, 0.28277881784203235] ; [0.4376591633537994, 0.21367568007625778]
834 ; 1 ; 310 ; 0 ; [2.0531738375585098] ; [0.47255553648842397]
834 ; 1 ; 310 ; 1 ; [0.63807492333418581] ; [0.64149988843943762]
834 ; 1 ; 312 ; 0 ; [0.24149822790549341] ; [0.66256414690952903]
834 ; 1 ; 312 ; 1 ; [0.53201032385919877] ; [0.30740212181159698]
834 ; 1 ; 312 ; 2 ; [1.3151917829122712] ; [0.72488821601960163]
834 ; 1 ; 312 ; 5 ; [1.1767984429607166] ; [-0.069858563156323022]
834 ; 1 ; 312 ; 7 ; [0.034632336603687155] ; [0.32695486459369649]
834 ; 1 ; 312 ; 12 ; [0.53686902118197155] ; [0.32219743635657705]
834 ; 1 ; 313 ; 0 ; [0.20263828454059671] ; [0.14107326638966597]
834 ; 1 ; 314 ; 0 ; [0.29631888863186473, 0.2134086878316028, 0.22234905430118282, 0.15367318537751415] ; [0.24209993049207829, 0.2111161002145516, 0.24629400267083351, 0.19129944947932795]
834 ; 1 ; 315 ; 0 ; [0.098976755217809173, 0.037070769322098178, 0.26556057685154988, 0.36546322995073943, 0.070992089946692774] ; [0.14980512036586618, 0.28216610230635009, 0.45571673955479536, 0.54208387726093732, 0.22088906875263789]
834 ; 1 ; 316 ; 0 ; [1.6684572473268062] ; [1.541100566433417]
834 ; 1 ; 316 ; 1 ; [1.8331672713853442] ; [1.7770808626510279]
834 ; 1 ; 316 ; 4 ; [1.5293668223448638] ; [0.036652965197542443]
834 ; 1 ; 316 ; 8 ; [2.325338829818949] ; [1.3352002221952759]
834 ; 1 ; 316 ; 9 ; [1.4668580396908468] ; [1.2230793239813955]
834 ; 1 ; 316 ; 10 ; [1.4989004139457034] ; [1.8113164033523521]
834 ; 1 ; 316 ; 12 ; [0.40800012634764099] ; [2.8220801866741687]
834 ; 1 ; 316 ; 13 ; [1.0388845780329465] ; [1.050378603219809]
834 ; 1 ; 316 ; 15 ; [0.79248332304563085] ; [2.4673993778293934]
834 ; 1 ; 316 ; 16 ; [3.8676455571519344] ; [1.0880803237617047]
834 ; 1 ; 317 ; 0 ; [0.58798140109484964, 0.88076857753302529] ; [0.20284533905556426, 1.7044895633618133]
834 ; 1 ; 317 ; 3 ; [4.1716390937299881] ; [1.9548118512869344]
834 ; 1 ; 318 ; 0 ; [2.6632499060879682] ; [0.50527627977099265]
834 ; 1 ; 318 ; 1 ; [1.5488534444943454] ; [-0.0084563358732141873]
834 ; 1 ; 318 ; 3 ; [0.25294576621746884] ; [1.5418799550005777]
834 ; 1 ; 319 ; 0 ; [0.18269585012220349] ; [4.3942057696995516]
834 ; 1 ; 319 ; 1 ; [0.53166438212514655] ; [7.9499883867694532]
834 ; 1 ; 319 ; 2 ; [0.39165252913790694] ; [3.668498754511484]
834 ; 1 ; 319 ; 3 ; [0.021681774870027971] ; [0.69202572128391182]
834 ; 1 ; 319 ; 4 ; [0.047391600931480739] ; [1.3635624970791667]
834 ; 1 ; 319 ; 6 ; [1.9359085833589467] ; [2.1875272536057579]
834 ; 1 ; 320 ; 0 ; [0.99036113911898627, 0.70829869940675394] ; [0.67078995117698581, 0.37638084724465726]
834 ; 1 ; 321 ; 0 ; [0.00076605879122250095, -4.5992499016127617e-05, 0.0007151695323305222, 0.037376895528749773] ; [0.36013662246275568, 0.24114807976430763, 0.20521720798016535, 0.21248953822823644]
834 ; 1 ; 321 ; 1 ; [0.27072953524919685, 0.91511853729148618] ; [0.17158871779590087, 0.04424169341620781]
834 ; 1 ; 322 ; 0 ; [1.2153505225442434] ; [0.28364907734435968]
834 ; 1 ; 322 ; 1 ; [0.36136684038035027] ; [0.55361758251890492]
834 ; 1 ; 323 ; 0 ; [1.0386922267990759] ; [0.089130991735872953]
834 ; 1 ; 323 ; 2 ; [1.2913612839015938] ; [1.3471396345707143]
834 ; 1 ; 323 ; 8 ; [0.075683408156662593] ; [1.8637354395890244]
834 ; 1 ; 323 ; 9 ; [0.022282906263045278] ; [0.7504826804114646]
834 ; 1 ; 324 ; 0 ; [0.25986968674174316, 0.062351740503055759, 0.0041481443545123607] ; [0.2656730089801223, 0.28174647781739781, 0.23053687737388731]
834 ; 1 ; 325 ; 0 ; [0.21444306866387555] ; [0.29523883708656135]
834 ; 1 ; 325 ; 1 ; [0.52694471278888189] ; [0.60734864584406256]
834 ; 1 ; 325 ; 2 ; [1.1961687654064497] ; [0.70655656410353573]
834 ; 1 ; 325 ; 5 ; [0.29983577043809234] ; [-0.075661215216237088]
834 ; 1 ; 326 ; 0 ; [0.41029340369083489] ; [1.442274245586125]
834 ; 1 ; 326 ; 1 ; [0.71372288672276996] ; [1.2781368797608494]
834 ; 1 ; 326 ; 2 ; [5.87453727666239] ; [0.39810352454760528]
834 ; 1 ; 326 ; 3 ; [0.4045795467720073] ; [0.67849794401545627]
834 ; 1 ; 326 ; 4 ; [0.40639704805862653] ; [0.28166284688502552]
834 ; 1 ; 326 ; 5 ; [1.5961844407789834] ; [0.36711379587976306]
834 ; 1 ; 326 ; 10 ; [1.136327474368487] ; [1.3710584726639659]
834 ; 1 ; 326 ; 11 ; [4.6805710491154642] ; [0.60651471687707048]
834 ; 1 ; 326 ; 16 ; [0.0018491783966758791] ; [0.97530660374232203]
834 ; 1 ; 326 ; 21 ; [0.93352469369280189] ; [1.637602185292484]
834 ; 1 ; 327 ; 1 ; [0.058996339058641351] ; [0.0076593242416041424]
834 ; 1 ; 327 ; 2 ; [0.44388094367580161] ; [2.507334467849947]
834 ; 1 ; 327 ; 3 ; [11.472234990913762] ; [0.69932817763914901]
834 ; 1 ; 327 ; 4 ; [0.56008072949511001] ; [0.67276822230972066]
834 ; 1 ; 327 ; 8 ; [0.74811964422663657] ; [1.3653890526148427]
834 ; 1 ; 328 ; 0 ; [0.52893818758995947] ; [0.44547424616437453]
834 ; 1 ; 328 ; 2 ; [0.22768269099766608] ; [-0.057818590619459674]
834 ; 1 ; 330 ; 0 ; [0.050693152810286538] ; [0.31637123049769317]
834 ; 1 ; 331 ; 0 ; [0.46146149411475473] ; [0.36081165298260248]
834 ; 1 ; 331 ; 4 ; [3.4610960356403226] ; [1.455983331229417]
834 ; 1 ; 331 ; 5 ; [3.9725272568334637] ; [0.19665796513443831]
834 ; 1 ; 331 ; 8 ; [1.078718453939026] ; [2.5733385832489883]
834 ; 1 ; 331 ; 9 ; [0.77948974316926256] ; [0.75157379546628655]
834 ; 1 ; 331 ; 10 ; [1.9330613955777711] ; [0.98363200437748366]
834 ; 1 ; 331 ; 11 ; [1.4003677189258468] ; [1.5615268442400454]
834 ; 1 ; 331 ; 13 ; [4.3288068306976992] ; [1.7769055689843201]
834 ; 1 ; 331 ; 22 ; [0.38864511821522746] ; [1.7953898907930381]
834 ; 1 ; 331 ; 23 ; [0.0041054655020200974] ; [0.023396019262987462]
834 ; 1 ; 332 ; 0 ; [0.29587911367773445, 0.36441453152663594, 0.12147481017517854] ; [0.63748439463240525, 0.24475809840179374, 0.2681055585487096]
834 ; 1 ; 332 ; 1 ; [0.011154188643770662] ; [0.46713869889231024]
834 ; 1 ; 332 ; 2 ; [0.84232774885374484] ; [0.66904347396285591]
834 ; 1 ; 333 ; 0 ; [0.38279161391003341, 0.46191076072376802] ; [0.23263817007602591, 0.47229293505989245]
834 ; 1 ; 333 ; 2 ; [1.8298668739559429] ; [0.28041816980769668]
834 ; 1 ; 333 ; 3 ; [0.18001874638181861] ; [0.41991713070521919]
834 ; 1 ; 333 ; 6 ; [0.47801523910005456] ; [6.0015940939210672]
834 ; 1 ; 333 ; 8 ; [0.22192701567065315] ; [0.091910890528592651]
834 ; 1 ; 333 ; 13 ; [0.97392990251567357] ; [2.1013178607880998]
834 ; 1 ; 333 ; 19 ; [0.034584165281856767] ; [-0.033873998632787068]
834 ; 1 ; 334 ; 0 ; [0.093956419163211916, 0.17008918071981843, 0.034771470817231788] ; [0.53416045533644163, 0.62999294602496569, 0.046172337086955811]