# Run ; Subrun ; Event ; Track ; Charge Ratios View 0 ; Charge Ratios View 1 #
788 ; 1 ; 0 ; 0 ; [0.093018008110848066, 0.20933973086064395, 0.12701833376990315, 0.050285438448238358] ; [0.16865306784968048, 0.15697972202103624, 0.22871016775532352, -0.087652244914825511]
788 ; 1 ; 3 ; 0 ; [0.51969241122517507, 0.23296171453219883, 0.27907518463468084, 0.20072916391493761, 0.073733910516190784] ; [0.17315130801194076, 0.18714700583919955, 0.24610047024298934, 0.33485980532676629, 0.085452368617571092]
788 ; 1 ; 3 ; 1 ; [0.34392239250415113] ; [0.20873046412798965]
788 ; 1 ; 4 ; 0 ; [0.28023199085147349, 0.037816464428005396, 2.1089818042660164] ; [0.49256499818936694, 0.1782202066889266, 0.057946858564715993]
788 ; 1 ; 6 ; 0 ; [3.5067585966366703] ; [0.54246290897101035]
788 ; 1 ; 6 ; 1 ; [-0.011658698639491752] ; [-0.15112334487844536]
788 ; 1 ; 6 ; 12 ; [0.44983988765982758] ; [0.64482709620075818]
788 ; 1 ; 7 ; 0 ; [0.054633757282519256, -0.00090461644336125126, 0.00095191459731522787, -0.0040171675452376557, 0.06967266075942731] ; [0.34498881721788738, 0.40798745888106885, 0.16556226366544377, 0.13739612803053752, 0.031607258176185822]
788 ; 1 ; 7 ; 1 ; [-0.021022321777704283] ; [0.028426504909844771]
788 ; 1 ; 8 ; 0 ; [0.084126693023901855, 0.28231268085879296, 0.51839345088584809] ; [0.47038218489186823, 0.32292603780660839, 0.6827725509835878]
788 ; 1 ; 8 ; 1 ; [-0.0065795427923606049, 0.33505297543655044] ; [0.15614151965636752, 0.042931288361403371]
788 ; 1 ; 10 ; 0 ; [0.89607390868174874] ; [0.40278278676802715]
788 ; 1 ; 10 ; 1 ; [0.17861202470492901] ; [0.33422110822151824]
788 ; 1 ; 11 ; 0 ; [0.36771590519986591, 0.1926388958475376, 0.31360230056398969] ; [0.21635736203515968, 0.22717987398064912, 0.15295293128054105]
788 ; 1 ; 11 ; 4 ; [0.11109942427297217] ; [-0.027513514145603518]
788 ; 1 ; 12 ; 0 ; [0.06293764854594755] ; [0.1604609206800498]
788 ; 1 ; 13 ; 0 ; [1.4183048051574265] ; [0.89882665650473681]
788 ; 1 ; 13 ; 4 ; [2.0956482680450028] ; [0.22084301449727745]
788 ; 1 ; 13 ; 7 ; [2.2055851785887688] ; [1.4984535494248088]
788 ; 1 ; 14 ; 0 ; [0.12199857448634746] ; [0.049868042869779153]
788 ; 1 ; 14 ; 2 ; [0.55793091250471327] ; [0.60737091206371008]
788 ; 1 ; 14 ; 3 ; [0.4213765412711708] ; [0.28124857743170995]
788 ; 1 ; 14 ; 7 ; [0.042144521836750985] ; [0.0016110747927039759]
788 ; 1 ; 15 ; 1 ; [0.29896752617465688] ; [0.099110289157517545]
788 ; 1 ; 15 ; 2 ; [0.11171732333994981] ; [0.068407805828658283]
788 ; 1 ; 16 ; 0 ; [1.0458598217228181] ; [0.12913279530391783]
788 ; 1 ; 16 ; 1 ; [1.7374764586097271] ; [0.71112377549952543]
788 ; 1 ; 16 ; 3 ; [0.79646041993700367] ; [1.6273660940522647]
788 ; 1 ; 16 ; 6 ; [0.79799061606132604] ; [0.78451663078235334]
788 ; 1 ; 16 ; 7 ; [2.7644475315152781] ; [3.9252981383608594]
788 ; 1 ; 16 ; 9 ; [2.0633716023907143] ; [1.5203302294463961]
788 ; 1 ; 16 ; 11 ; [0.91238189934444047] ; [2.7926691902638732]
788 ; 1 ; 17 ; 0 ; [1.7166817432634001] ; [0.16475535822173179]
788 ; 1 ; 17 ; 1 ; [1.5693619075268628] ; [0.80556117805515359]
788 ; 1 ; 17 ; 2 ; [2.0418219199974259] ; [1.5354988770357667]
788 ; 1 ; 17 ; 3 ; [0.61735349385542582] ; [0.61214511862381671]
788 ; 1 ; 17 ; 7 ; [0.65651683021768636] ; [1.3737190340273797]
788 ; 1 ; 17 ; 17 ; [2.0568004419327273] ; [0.66101026723723044]
788 ; 1 ; 17 ; 18 ; [1.7780859659547319] ; [1.1611839092552603]
788 ; 1 ; 17 ; 24 ; [1.8479945432902707] ; [2.1171913990334894]
788 ; 1 ; 17 ; 27 ; [0.64852902092591691] ; [6.0723199997746997]
788 ; 1 ; 17 ; 28 ; [0.096262128083447765] ; [2.9482905320917387]
788 ; 1 ; 18 ; 0 ; [1.1856724670951642] ; [0.75032880359225695]
788 ; 1 ; 18 ; 1 ; [0.92806169090150947] ; [0.31282417838887849]
788 ; 1 ; 18 ; 4 ; [0.55362737077447033, 0.40075517722531223] ; [1.5565629241023529, 0.43724683124705555]
788 ; 1 ; 18 ; 6 ; [0.64882173302148327] ; [0.65347554143991626]
788 ; 1 ; 19 ; 1 ; [0.10759400776880314] ; [0.024068147376496384]
788 ; 1 ; 19 ; 3 ; [-0.14118672998134571] ; [0.23647765292674999]
788 ; 1 ; 20 ; 5 ; [3.5733356926327557] ; [0.49703733461776323]
788 ; 1 ; 20 ; 6 ; [3.1550969508561395] ; [1.2371444359096664]
788 ; 1 ; 21 ; 0 ; [0.13303823845134916, 0.25777757839523346] ; [0.16558300919966332, 0.31014036110187887]
788 ; 1 ; 21 ; 2 ; [0.13736196780632129] ; [0.15881296949536841]
788 ; 1 ; 22 ; 1 ; [0.10566456532255596, 0.1470248433754251, 0.13902367178281339] ; [0.2334695001984142, 0.2017382430425983, 0.12547607188454624]
788 ; 1 ; 23 ; 0 ; [0.38389929386887878] ; [-0.036914070554508197]
788 ; 1 ; 23 ; 1 ; [-0.01188559911065932] ; [0.019957079610987426]
788 ; 1 ; 23 ; 3 ; [1.7983333349881063] ; [1.1915482108138016]
788 ; 1 ; 23 ; 6 ; [1.6119320014624257] ; [0.71348462613117192]
788 ; 1 ; 24 ; 0 ; [0.39965875949835428] ; [0.24650059330978888]
788 ; 1 ; 24 ; 1 ; [0.13317077089076843] ; [0.088194181387848791]
788 ; 1 ; 26 ; 0 ; [0.08358107459660423, 0.10223830330976096, 0.88666024354601891] ; [0.12181774155655811, 0.12960456125541503, 0.05689729442082371]
788 ; 1 ; 27 ; 0 ; [1.6216185446113862] ; [0.42029898523292442]
788 ; 1 ; 30 ; 0 ; [-0.0459607100090592, 0.11293109597560058] ; [-0.030412060445562109, 0.14649403494344629]
788 ; 1 ; 30 ; 1 ; [0.36398886708158523] ; [-0.015960784019106611]
788 ; 1 ; 30 ; 2 ; [0.76545008420319249] ; [0.70213598981721193]
788 ; 1 ; 30 ; 3 ; [0.81288847530968555] ; [0.85929574293372057]
788 ; 1 ; 30 ; 11 ; [0.63370139661806713] ; [0.10183164230723103]
788 ; 1 ; 31 ; 0 ; [1.4258820379966193] ; [0.96713355646316235]
788 ; 1 ; 31 ; 2 ; [0.79373171022649491] ; [2.9751456516917405]
788 ; 1 ; 33 ; 0 ; [0.79535802349337803] ; [0.58404735498865279]
788 ; 1 ; 33 ; 1 ; [0.17118383100387183] ; [0.27875589124856109]
788 ; 1 ; 33 ; 3 ; [0.58793150753604473] ; [0.62601922471072013]
788 ; 1 ; 33 ; 7 ; [2.2530069353945588] ; [1.2662670985916114]
788 ; 1 ; 35 ; 0 ; [0.12032263273414527, 0.058986466769154214] ; [0.35721959995890235, 0.30922372866775133]
788 ; 1 ; 35 ; 1 ; [0.032168450233503065] ; [0.13320273305181882]
788 ; 1 ; 36 ; 0 ; [1.7163732356336781] ; [0.41811287699428101]
788 ; 1 ; 36 ; 1 ; [0.61480799201515279] ; [1.1043082168273575]
788 ; 1 ; 36 ; 3 ; [0.26934377323084935] ; [0.95392686115983427]
788 ; 1 ; 36 ; 6 ; [2.0849766303871617] ; [0.92800407977356802]
788 ; 1 ; 36 ; 8 ; [2.7161563327799807] ; [0.68516222906630408]
788 ; 1 ; 36 ; 9 ; [0.014329050333440096] ; [4.1295024052356473]
788 ; 1 ; 37 ; 0 ; [0.016227240990223563, 0.023628506787062797, 0.050099744698140367, 0.0084613993977157125, 0.015265559827444573] ; [0.039103355719629508, 0.18158133527906062, 0.15923588546139222, 0.39765453602622264, 0.18992284854920236]
788 ; 1 ; 38 ; 0 ; [0.017198022307476777, 1.3434497008298281] ; [0.058907609205989017, 0.7164426235474517]
788 ; 1 ; 38 ; 1 ; [0.82657016836844599] ; [0.54497350035624337]
788 ; 1 ; 38 ; 2 ; [0.14725523933392545] ; [0.1677375778264725]
788 ; 1 ; 38 ; 4 ; [1.0114270534000518] ; [0.34453459174542533]
788 ; 1 ; 38 ; 11 ; [0.12353191307356334] ; [0.98849655277078985]
788 ; 1 ; 39 ; 0 ; [1.237251568482681] ; [2.5337016558627403]
788 ; 1 ; 39 ; 2 ; [1.9346216076824172] ; [2.9626766377730447]
788 ; 1 ; 39 ; 3 ; [1.9311052697509268] ; [1.0629879927521511]
788 ; 1 ; 39 ; 5 ; [1.674795740566591] ; [1.8664738753359331]
788 ; 1 ; 39 ; 6 ; [1.8912680298029465] ; [1.3700565188984402]
788 ; 1 ; 39 ; 7 ; [1.4429870431051672] ; [1.1674461562745067]
788 ; 1 ; 39 ; 8 ; [1.6852122115573074] ; [2.7324173263951814]
788 ; 1 ; 39 ; 9 ; [0.13653830010678999] ; [1.9992297212554377]
788 ; 1 ; 39 ; 12 ; [3.000473368235073] ; [1.609686921478128]
788 ; 1 ; 41 ; 0 ; [0.28594905469992743] ; [3.108654116728236]
788 ; 1 ; 41 ; 2 ; [0.52246205578265115] ; [0.57834363632576258]
788 ; 1 ; 41 ; 3 ; [1.2770854179222708] ; [0.088514816121243262]
788 ; 1 ; 42 ; 0 ; [-0.00082665419040503171, -0.0046693913314517308, -0.02242634148945007] ; [0.25912966865786313, 0.28261148057005858, -0.025541544781028162]
788 ; 1 ; 42 ; 1 ; [0.055263555606228865] ; [0.046050846289901609]
788 ; 1 ; 43 ; 0 ; [0.0017771924169122379, 0.28695905245323428] ; [0.15476047168366894, 0.045894568113072888]
788 ; 1 ; 43 ; 1 ; [0.056883569014025422, 0.21337211462936154] ; [0.16533576686478427, 0.096482923147423974]
788 ; 1 ; 44 ; 0 ; [0.48258271667072572] ; [0.18321960089825864]
788 ; 1 ; 44 ; 2 ; [0.08037089050452717] ; [0.05169042687615618]
788 ; 1 ; 45 ; 0 ; [0.17936673723308358] ; [0.91222822279654792]
788 ; 1 ; 45 ; 1 ; [0.19915858774041031] ; [1.380687387984332]
788 ; 1 ; 45 ; 2 ; [0.91665109001927048, 3.37108740393339] ; [0.034529224602111573, -0.0090570283388634529]
788 ; 1 ; 45 ; 3 ; [0.20694481508382101] ; [2.9864816531481844]
788 ; 1 ; 45 ; 4 ; [0.52345463722358787] ; [2.1197942519605166]
788 ; 1 ; 45 ; 10 ; [1.5070933224198702] ; [1.9623565997756602]
788 ; 1 ; 45 ; 12 ; [1.4954805691142625] ; [0.12890388727553803]
788 ; 1 ; 45 ; 13 ; [-0.0036449004545589638] ; [1.4512700797773763]
788 ; 1 ; 46 ; 0 ; [0.15207586204290854] ; [0.31385431786869444]
788 ; 1 ; 47 ; 0 ; [0.0023019398422070322, 0.27363536323637583, 0.042555276673285167] ; [0.28849601921950957, 0.21932213394776817, 0.12846457331119585]
788 ; 1 ; 47 ; 1 ; [0.29580469561720729] ; [-0.036830378341593771]
788 ; 1 ; 48 ; 0 ; [0.16182938175218461, 0.20059709638229278, 0.22376991387361903, 0.17881434392128101, 0.17157449799718646] ; [0.15138729260862974, 0.14004800486305027, 0.21235194429342971, 0.14260694335820781, 0.096522287879594604]
788 ; 1 ; 49 ; 0 ; [-0.0007998453639687799, -0.013258719256193234] ; [0.17451582562000675, -0.038993718777515701]
788 ; 1 ; 50 ; 0 ; [0.17053417761620457, 0.034963846113978549, 1.0820674442100606] ; [0.19451000847968372, 0.12179595126708, 0.021495657459065988]
788 ; 1 ; 51 ; 0 ; [0.81214186388704346, 0.089639460128474263] ; [0.22823773497136252, 0.10068924178175923]
788 ; 1 ; 51 ; 1 ; [0.16793920794068479] ; [0.047589045386346555]
788 ; 1 ; 52 ; 0 ; [0.20645122012575481, 0.15895911222723938, 0.31939877021145502, 0.089842757267846976] ; [0.12123892474430865, 0.21160067755520379, 0.30541964689939927, -0.00081389857658327783]
788 ; 1 ; 53 ; 1 ; [0.16257018463141668] ; [0.11539508965011459]
788 ; 1 ; 54 ; 0 ; [0.93586343508099223, 0.46841375056137863, 0.54057504860319427] ; [0.31345629659548974, 0.71916538356397897, 1.7870997920894378]
788 ; 1 ; 54 ; 1 ; [0.47832262469332815] ; [0.88428398337235237]
788 ; 1 ; 54 ; 2 ; [0.57339669958558848] ; [0.95537547444441795]
788 ; 1 ; 55 ; 0 ; [0.12587917877043123] ; [0.1944537111529038]
788 ; 1 ; 55 ; 1 ; [0.60244510667976148] ; [0.00020035860820007703]
788 ; 1 ; 56 ; 0 ; [0.39816473235760602, 0.26122367461110196, 0.20727378086772014] ; [0.20376209975072179, 0.12684496184474903, 0.087831704264906205]
788 ; 1 ; 56 ; 1 ; [0.16970973074067139] ; [0.13252603059007723]
788 ; 1 ; 56 ; 2 ; [-0.058849990407768102] ; [-0.037531410996780507]
788 ; 1 ; 56 ; 3 ; [-0.080369889102419559] ; [-0.04069103834338407]
788 ; 1 ; 58 ; 0 ; [0.056988711742160351] ; [0.11329931298414919]
788 ; 1 ; 58 ; 1 ; [0.33224936926479237] ; [0.08759259985044765]
788 ; 1 ; 59 ; 0 ; [0.0022071807142085833] ; [0.21209812595636024]
788 ; 1 ; 60 ; 0 ; [0.0039383005871832999, -0.0097742771196842135, -0.018541959488828995, -0.021091596837714353] ; [0.21305183228443766, 0.2008847776153446, 0.14741602278634763, -0.0088569608897458504]
788 ; 1 ; 61 ; 0 ; [0.30138012624469473, 0.074493434371429815] ; [0.47312922089373116, 0.20246529679716815]
788 ; 1 ; 61 ; 6 ; [0.27973150027385663] ; [0.36424852914111289]
788 ; 1 ; 62 ; 0 ; [0.13290235556876923, 0.19437456017659108] ; [0.13766284275571711, 0.1553029629650218]
788 ; 1 ; 64 ; 0 ; [0.4956457088493596] ; [0.23662876764991378]
788 ; 1 ; 64 ; 1 ; [0.59066939201960678] ; [0.21662049198439101]
788 ; 1 ; 64 ; 5 ; [0.82668022708870792] ; [0.56706512997927927]
788 ; 1 ; 65 ; 0 ; [0.081694602009682607, 0.60290752799129077] ; [-0.011911108572127202, 0.043691631586476536]
788 ; 1 ; 66 ; 0 ; [0.43361664852310655, 0.92897346290555982] ; [0.41006440539087902, 0.21117243506338615]
788 ; 1 ; 66 ; 1 ; [1.7753009325379057] ; [2.2668528215814412]
788 ; 1 ; 66 ; 4 ; [1.8669990712132882] ; [0.53461650343832101]
788 ; 1 ; 67 ; 0 ; [0.84241096153452555] ; [0.00033878996858629292]
788 ; 1 ; 67 ; 2 ; [0.51762643475586756] ; [0.24062654379344681]
788 ; 1 ; 67 ; 3 ; [0.13448053880817071] ; [0.6832268122981896]
788 ; 1 ; 67 ; 15 ; [0.60185368236199233, 0.12306034336179454] ; [0.31377728232408963, 0.24458384711324083]
788 ; 1 ; 67 ; 16 ; [0.55666909043398261] ; [0.27883706235346395]
788 ; 1 ; 68 ; 0 ; [0.94520225119799628] ; [0.55573559747755985]
788 ; 1 ; 68 ; 1 ; [1.0571006333343174] ; [0.19574712576397707]
788 ; 1 ; 68 ; 2 ; [0.32933020077395619] ; [0.070814164336803945]
788 ; 1 ; 68 ; 3 ; [0.27768397488799135] ; [0.47857341437834622]
788 ; 1 ; 71 ; 0 ; [0.002962755759043876, 0.10440886962443192, 0.26656796433641378] ; [0.19311818676979212, 0.20438408569464475, 0.021181447726530415]
788 ; 1 ; 71 ; 1 ; [0.73400298076618509] ; [0.030254750627106444]
788 ; 1 ; 72 ; 0 ; [0.22205065151629097, 0.38951237778387671, 0.36792225082802821, 0.1681977236217414] ; [0.21938525852824856, 0.25461718482299756, 0.20735544585730098, 0.10184584485079723]
788 ; 1 ; 73 ; 0 ; [0.12220638195672746] ; [0.29842969429672916]
788 ; 1 ; 73 ; 1 ; [1.0425898636825568] ; [0.36556749348260964]
788 ; 1 ; 73 ; 2 ; [0.32303903511976956] ; [0.099171539985453347]
788 ; 1 ; 73 ; 5 ; [1.8719095604785434] ; [0.90467852673855076]
788 ; 1 ; 73 ; 6 ; [0.22919815880522054] ; [0.6667026813519441]
788 ; 1 ; 73 ; 9 ; [1.126640835802903] ; [1.036760596416213]
788 ; 1 ; 74 ; 0 ; [0.0082664867330711454] ; [0.14853931241925319]
788 ; 1 ; 74 ; 2 ; [0.83751208768149488] ; [0.63989939279235919]
788 ; 1 ; 76 ; 1 ; [0.38270585237199473] ; [0.11566493347709679]
788 ; 1 ; 76 ; 9 ; [4.9516661447438306] ; [0.47890443953590955]
788 ; 1 ; 77 ; 0 ; [2.6638786635063205] ; [0.17674722489270797]
788 ; 1 ; 77 ; 2 ; [0.0073243604155575235] ; [0.20401374206746437]
788 ; 1 ; 77 ; 3 ; [0.98628779853850679] ; [1.0261112244981039]
788 ; 1 ; 77 ; 4 ; [2.5005979633301538] ; [0.21779418076885976]
788 ; 1 ; 77 ; 12 ; [0.46242168771972042] ; [4.399618713850395]
788 ; 1 ; 77 ; 17 ; [1.1116056169944075] ; [0.56318041051278345]
788 ; 1 ; 77 ; 30 ; [1.2461615379178148] ; [0.3013769578546131]
788 ; 1 ; 77 ; 31 ; [2.1168483265189142] ; [0.51237294281170509]
788 ; 1 ; 77 ; 51 ; [0.3503876126361225] ; [0.84479100028257648]
788 ; 1 ; 78 ; 0 ; [0.28826791339697383, 0.25178494188578215, 0.068380890863718444] ; [0.21281323016653925, 0.40347488021501704, 0.18585824966203851]
788 ; 1 ; 79 ; 0 ; [0.41868803654617148] ; [0.56896513236304824]
788 ; 1 ; 79 ; 2 ; [0.50793125443165332] ; [0.59018887429213351]
788 ; 1 ; 79 ; 3 ; [-0.15592945596236646] ; [0.15667828629629632]
788 ; 1 ; 79 ; 4 ; [1.0584852263445896] ; [0.30398731069298807]
788 ; 1 ; 80 ; 0 ; [0.11736313943927584] ; [0.11863319871744453]
788 ; 1 ; 80 ; 1 ; [1.1667903481935318] ; [0.88169783869550122]
788 ; 1 ; 81 ; 1 ; [0.037757771666815307] ; [0.52672293618273813]
788 ; 1 ; 81 ; 2 ; [0.058464562857391981] ; [0.63529081997381864]
788 ; 1 ; 82 ; 4 ; [0.28550009834636808, 1.1056472352520499] ; [0.30736702078766553, 0.63142440637007824]
788 ; 1 ; 83 ; 2 ; [0.85138461405083854] ; [1.8686984749570679]
788 ; 1 ; 83 ; 4 ; [0.79352290714932328] ; [1.746312851534854]
788 ; 1 ; 83 ; 5 ; [1.6357184694338676] ; [2.0075228215870906]
788 ; 1 ; 83 ; 6 ; [1.903555603915617] ; [0.83356936373665658]
788 ; 1 ; 83 ; 8 ; [0.50030656453693811] ; [1.1476787448555381]
788 ; 1 ; 84 ; 0 ; [2.330086416584821] ; [2.6666685393977385]
788 ; 1 ; 84 ; 4 ; [1.9299904603234104] ; [1.8244462662051939]
788 ; 1 ; 85 ; 0 ; [0.55382222162421324] ; [3.1969314232929031]
788 ; 1 ; 85 ; 1 ; [0.44262889809786382] ; [1.2491414164194907]
788 ; 1 ; 85 ; 2 ; [0.72136617814325044] ; [1.478162369063047]
788 ; 1 ; 85 ; 6 ; [0.91526546485875171] ; [0.078636220369593515]
788 ; 1 ; 85 ; 8 ; [0.94285594972279141] ; [1.7709343548823284]
788 ; 1 ; 85 ; 13 ; [2.4082250715616786] ; [2.8659204497824997]
788 ; 1 ; 85 ; 14 ; [4.0232856176006555] ; [2.6872929676436152]
788 ; 1 ; 85 ; 17 ; [4.693574522646963] ; [0.71213718628801848]
788 ; 1 ; 85 ; 19 ; [0.99654755627255098] ; [1.6572798610454258]
788 ; 1 ; 86 ; 0 ; [0.94830517120293745] ; [0.40774914899391079]
788 ; 1 ; 86 ; 1 ; [1.5016760318586311] ; [1.1431741469772678]
788 ; 1 ; 86 ; 4 ; [1.2532210058555815] ; [1.3147361699278879]
788 ; 1 ; 86 ; 6 ; [1.6238341732427035] ; [0.89781359035437591]
788 ; 1 ; 86 ; 17 ; [1.9549688501820066] ; [1.0331849470735526]
788 ; 1 ; 86 ; 27 ; [-0.0045377164729688019] ; [0.53915531644267944]
788 ; 1 ; 86 ; 31 ; [0.80738637261958113, 2.1834353516096652] ; [0.33704861508543799, 1.8757436449032443]
788 ; 1 ; 86 ; 35 ; [2.0547867011416336] ; [0.8273642901321433]
788 ; 1 ; 87 ; 0 ; [0.25838899575531543] ; [0.37525443282420062]
788 ; 1 ; 87 ; 1 ; [0.70389018844065721] ; [0.30166289286030629]
788 ; 1 ; 87 ; 2 ; [0.3518906501541727] ; [0.14655555235553924]
788 ; 1 ; 88 ; 0 ; [0.083376131186225708] ; [0.009543980756788039]
788 ; 1 ; 88 ; 1 ; [0.027545436456659203] ; [0.090692684010627883]
788 ; 1 ; 88 ; 4 ; [0.24216161069045167] ; [0.15100698917775726]
788 ; 1 ; 89 ; 0 ; [0.27926325868504359] ; [0.24440987486649893]
788 ; 1 ; 89 ; 1 ; [0.16815475378042144] ; [0.37131655488485216]
788 ; 1 ; 89 ; 2 ; [0.068498260168164876] ; [0.16298499581650364]
788 ; 1 ; 89 ; 3 ; [0.055085618776443385, 0.031643430611754522, 0.0026704719789825185, -0.046825565766578529] ; [0.22758526635457155, 0.3938891623616661, 0.21756836640568458, -0.14383157596843305]
788 ; 1 ; 91 ; 0 ; [0.5877714839489302] ; [0.17084885053582241]
788 ; 1 ; 91 ; 2 ; [0.062578071928533111] ; [0.17930683472461248]
788 ; 1 ; 92 ; 0 ; [0.014984037359901179, 0.012012349283462296, -0.010732931313307407] ; [0.49163813740465745, 0.19771898991212902, 0.066371941759178085]
788 ; 1 ; 93 ; 1 ; [0.30154020100762302] ; [0.49387185732297284]
788 ; 1 ; 93 ; 2 ; [0.10702109549449508] ; [0.033014915578711043]
788 ; 1 ; 93 ; 3 ; [0.41433275596845048] ; [1.7776621750415111]
788 ; 1 ; 94 ; 0 ; [2.3448881672584618] ; [1.2624368757655484]
788 ; 1 ; 94 ; 1 ; [4.19326998526265] ; [1.351893045047051]
788 ; 1 ; 94 ; 3 ; [0.84677772686892505] ; [1.7353047258719978]
788 ; 1 ; 94 ; 5 ; [2.0540464648488923] ; [2.344796524205611]
788 ; 1 ; 94 ; 6 ; [0.85158785380801938] ; [1.9894020961136616]
788 ; 1 ; 95 ; 1 ; [1.1763380268574808] ; [1.8522109350321643]
788 ; 1 ; 95 ; 3 ; [5.5383849914003829] ; [1.0370868498432086]
788 ; 1 ; 95 ; 5 ; [0.92047408942280673] ; [2.9626258936261771]
788 ; 1 ; 96 ; 0 ; [0.51316465227325059, 0.25306684774564192] ; [0.54059528200839824, 0.42292886058873491]
788 ; 1 ; 96 ; 1 ; [2.0978357343327585] ; [0.12488309704065771]
788 ; 1 ; 96 ; 9 ; [0.082668543555902987] ; [0.01581210359490736]
788 ; 1 ; 97 ; 0 ; [0.33364389703982666] ; [0.2355375501268569]
788 ; 1 ; 98 ; 0 ; [0.68686850225433793, 0.5879889284620391] ; [0.63366146059642448, 0.6771945940419003]
788 ; 1 ; 98 ; 1 ; [0.31347483332899734] ; [-0.12209740211702373]
788 ; 1 ; 99 ; 0 ; [0.1937173136032409, 0.143018523467702, 0.099652818491377443] ; [0.10591946438721814, 0.18903146792961883, 0.029133734699684655]
788 ; 1 ; 100 ; 0 ; [0.31967476182343102] ; [0.64861880936703453]
788 ; 1 ; 100 ; 3 ; [0.74731433652220014] ; [0.66740393446907964]
788 ; 1 ; 100 ; 8 ; [0.24188770526898662] ; [0.17489132623532985]
788 ; 1 ; 101 ; 0 ; [0.46339074106783096] ; [0.39872946241960877]
788 ; 1 ; 102 ; 0 ; [0.99607777127818686, 0.38266715982905669] ; [0.70345990777174539, 0.48320740520548999]
788 ; 1 ; 103 ; 0 ; [0.021981561545690989, 0.044411722332178639, 0.13718747063065767] ; [0.38412405015138962, 0.20147528007125162, 0.071584837432122447]
788 ; 1 ; 104 ; 0 ; [0.12598362847082387] ; [0.10209521442376709]
788 ; 1 ; 104 ; 1 ; [0.10661338804782459] ; [0.26849020838435372]
788 ; 1 ; 105 ; 0 ; [0.066180215072117077] ; [-0.010329424894539425]
788 ; 1 ; 107 ; 0 ; [0.11413253975564018, 0.074818315540590194, 0.033661308104679648] ; [0.18456108424061429, 0.18848900698842697, -0.10300946928670449]
788 ; 1 ; 108 ; 0 ; [0.013309364552352128] ; [0.33508752989026408]
788 ; 1 ; 109 ; 0 ; [0.56054866443457074] ; [0.37795451232789867]
788 ; 1 ; 109 ; 3 ; [0.42511945839598525] ; [0.76443426160827377]
788 ; 1 ; 109 ; 8 ; [0.84303132661795355] ; [2.2243280238946359]
788 ; 1 ; 109 ; 11 ; [-0.045067488971787174] ; [0.15460458533060156]
788 ; 1 ; 109 ; 12 ; [1.5929040104693903] ; [0.31267451858548545]
788 ; 1 ; 109 ; 13 ; [0.84338858861770949] ; [0.63339958398628549]
788 ; 1 ; 109 ; 15 ; [0.8405619022879337] ; [0.41613606933620811]
788 ; 1 ; 109 ; 16 ; [2.5966078849808656] ; [1.4754299797478723]
788 ; 1 ; 110 ; 0 ; [1.2465076230023124] ; [0.19507306434314395]
788 ; 1 ; 110 ; 9 ; [0.95467829710493923] ; [2.5638435982368111]
788 ; 1 ; 110 ; 13 ; [1.5119074443620986] ; [0.68401644270620443]
788 ; 1 ; 110 ; 15 ; [1.7118179643051226] ; [1.1526408770720631]
788 ; 1 ; 111 ; 4 ; [1.4171406055986937] ; [0.57077756274510461]
788 ; 1 ; 111 ; 8 ; [1.8595267532351576] ; [1.334480177708337]
788 ; 1 ; 111 ; 11 ; [2.2449164641262445] ; [0.52746835401773984]
788 ; 1 ; 111 ; 12 ; [0.84408695513844423] ; [0.79537179413922254]
788 ; 1 ; 112 ; 0 ; [0.18835078525787466, 0.19920682120179312, 0.1340929930705477] ; [0.18650192073602065, 0.17443202674262565, 0.15315035746077693]
788 ; 1 ; 112 ; 3 ; [0.017043242380825475, 0.060424381189014373] ; [0.085482009950802587, 0.11238803399551332]
788 ; 1 ; 112 ; 4 ; [0.099750886509734252] ; [-0.062320743554722113]
788 ; 1 ; 113 ; 0 ; [-0.0048356322163336865, -0.0039974997600867382, 0.0066506272158801923, 0.10433372840745776] ; [0.35931732834603647, 0.22474854771219493, 0.16835228576126823, 0.23378651873894973]
788 ; 1 ; 113 ; 1 ; [0.047488253005696104] ; [0.28826414863845884]
788 ; 1 ; 114 ; 0 ; [0.33450239074626481] ; [0.63668067184238897]
788 ; 1 ; 114 ; 3 ; [1.1312786901070166] ; [1.0330376606209675]
788 ; 1 ; 114 ; 5 ; [2.1559333534423324] ; [0.13766931927176987]
788 ; 1 ; 114 ; 9 ; [0.0065045965586273272] ; [0.38932817379372886]
788 ; 1 ; 115 ; 1 ; [1.7272431299181372] ; [0.59856621300437463]
788 ; 1 ; 115 ; 2 ; [1.685291617831602] ; [2.7950595629315877]
788 ; 1 ; 115 ; 3 ; [0.090782588430243338, 0.835155855811753] ; [0.39441229231570274, 0.61826409213569722]
788 ; 1 ; 116 ; 0 ; [0.26825186361700104] ; [0.57757708779489003]
788 ; 1 ; 117 ; 0 ; [0.19468936162661135, 0.34310137130501289, 0.8029163633798152, 0.83328772690454078, 0.48846249592488283] ; [0.22305886172637446, 0.49388541977420669, 0.53784311683917807, 0.70951297028147642, 0.58922384586881449]
788 ; 1 ; 118 ; 0 ; [0.11446399755474898, 0.12876014328637339, 1.6844214947352791] ; [0.19228941982387512, 0.26872826560014973, 0.18742976553447094]
788 ; 1 ; 119 ; 0 ; [0.19509129504142003] ; [-0.021226714593510113]
788 ; 1 ; 119 ; 1 ; [1.6438349044092833] ; [0.73002642421752928]
788 ; 1 ; 119 ; 4 ; [0.18092667741318108] ; [0.39600938377222716]
788 ; 1 ; 119 ; 5 ; [1.7692891585580186] ; [0.7056808137441386]
788 ; 1 ; 119 ; 6 ; [1.9506151541789978] ; [9.5938791834711434]
788 ; 1 ; 119 ; 8 ; [0.93330849544718664] ; [3.4151243930295494]
788 ; 1 ; 120 ; 0 ; [2.3125174064726934] ; [0.6160784379812948]
788 ; 1 ; 121 ; 0 ; [0.75857500039184056, 0.27111766332828729, 0.28634846103586337, 0.23321054275651235, 0.091829089715692175] ; [0.13039051158488879, 0.12993432039857855, 0.16798382684371499, 0.1368028806928083, 0.39413266414413056]
788 ; 1 ; 121 ; 1 ; [1.4353003896949394] ; [0.16690650491063655]
788 ; 1 ; 122 ; 0 ; [0.2489438679995124, 0.24842139997316856, 0.31927811351854157] ; [0.17694747416227058, 0.20857111048206595, 0.18505762446357779]
788 ; 1 ; 123 ; 0 ; [0.15992991422388389, 0.071129860109884979, 0.022733692161619592] ; [0.31819168839499806, 0.1519880188931152, -0.06599737283531415]
788 ; 1 ; 124 ; 0 ; [-0.00039947892159534657, 0.036919479451265051, 0.19430908818754611] ; [0.29296787396257051, 0.2912006653209519, 0.23459333102322216]
788 ; 1 ; 126 ; 0 ; [0.37547500804726702] ; [0.97764867734447436]
788 ; 1 ; 126 ; 1 ; [0.24835278558917193] ; [0.036137196347850627]
788 ; 1 ; 126 ; 2 ; [1.7332964351334883] ; [0.069226697924638009]
788 ; 1 ; 126 ; 3 ; [0.40149044691740315] ; [0.4544309942723806]
788 ; 1 ; 127 ; 0 ; [0.11316077875800232, 0.44744862984365336] ; [0.23606837703496114, 0.19744638810799578]
788 ; 1 ; 131 ; 0 ; [0.56810585870305974] ; [0.29328855746316473]
788 ; 1 ; 132 ; 0 ; [2.7447641150113689] ; [0.58585314779650266]
788 ; 1 ; 132 ; 1 ; [0.1982197032385665, 0.048099457950885799] ; [0.93737333257212851, 1.8982636993858124]
788 ; 1 ; 132 ; 2 ; [1.2600668583748333] ; [0.96067749799901747]
788 ; 1 ; 132 ; 3 ; [0.63614991870087068] ; [1.5301261922855265]
788 ; 1 ; 132 ; 5 ; [1.0978342307392253] ; [0.021937806578424607]
788 ; 1 ; 132 ; 6 ; [1.8258395934050613] ; [0.82027877812056005]
788 ; 1 ; 132 ; 7 ; [1.2659734140808188] ; [0.5715427666444558]
788 ; 1 ; 132 ; 9 ; [1.2566591089040184] ; [0.99560514137588862]
788 ; 1 ; 132 ; 15 ; [2.9611914466429239] ; [1.5933506083123465]
788 ; 1 ; 132 ; 19 ; [1.5520950747145961] ; [2.105081703813926]
788 ; 1 ; 133 ; 0 ; [0.159294027217592, 0.2065974121583426, 0.14758068862532031, 0.093507213191874675] ; [0.20748249570376021, 0.20460354615946058, 0.18194922429883784, 0.029933283407451772]
788 ; 1 ; 134 ; 2 ; [0.014667042524485837] ; [1.4749640152030599]
788 ; 1 ; 135 ; 0 ; [0.14235136692455211] ; [1.5740105576426642]
788 ; 1 ; 136 ; 0 ; [0.055129096615839354, 0.099294573384643564] ; [0.12449212711721322, 0.43906729191307808]
788 ; 1 ; 136 ; 4 ; [0.4451346181732278] ; [0.67800933995629664]
788 ; 1 ; 137 ; 0 ; [0.39728928294306759] ; [0.39339818940897781]
788 ; 1 ; 137 ; 1 ; [0.36888470882916141] ; [0.24087162096554038]
788 ; 1 ; 138 ; 0 ; [0.78691954506518913, 1.7911746420771455] ; [0.43115802214636534, 0.8052262789278376]
788 ; 1 ; 138 ; 4 ; [1.9565816707947576] ; [1.2450235409391819]
788 ; 1 ; 139 ; 0 ; [0.10866686151566841] ; [0.14232803279735609]
788 ; 1 ; 139 ; 1 ; [1.3783576090541902, 0.29299845306107436] ; [0.58034059406546612, 0.25935006455761728]
788 ; 1 ; 139 ; 3 ; [2.8000184959839149] ; [3.5942869938382671]
788 ; 1 ; 139 ; 5 ; [10.260339292262641] ; [12.317614479391013]
788 ; 1 ; 139 ; 6 ; [4.6195134267848195] ; [2.344218065090637]
788 ; 1 ; 139 ; 7 ; [7.2656188584451753] ; [4.3269426841735408]
788 ; 1 ; 139 ; 8 ; [0.075975958675556385] ; [6.5819060102618545]
788 ; 1 ; 140 ; 4 ; [0.21676548371605572] ; [1.0309871817300404]
788 ; 1 ; 140 ; 5 ; [0.80476445389798357] ; [1.2328765742831331]
788 ; 1 ; 141 ; 0 ; [0.1050606060508347, 0.086515148212647483, 0.12357161281230915, 0.026526246874656323] ; [0.16814710634869046, 0.11303907003054128, 0.12495741044412138, -0.02551020379391903]
788 ; 1 ; 142 ; 0 ; [0.016967855808678173, 0.088580406860684649, 0.01285434228392051] ; [0.20247146294569709, 0.31405399524844596, 0.21517925031923035]
788 ; 1 ; 143 ; 0 ; [2.0395216541431607] ; [0.33423053508322981]
788 ; 1 ; 144 ; 0 ; [0.81814007107124775] ; [0.088229023537046203]
788 ; 1 ; 144 ; 10 ; [0.16639485110894747] ; [0.87435182269990963]
788 ; 1 ; 145 ; 0 ; [1.0523587083412616] ; [1.2668771487267394]
788 ; 1 ; 146 ; 0 ; [0.18896456720551508] ; [0.15315168369093443]
788 ; 1 ; 146 ; 1 ; [0.10325920277851761] ; [0.22037474840114454]
788 ; 1 ; 146 ; 3 ; [0.32699961665789973] ; [1.3177488177581855]
788 ; 1 ; 146 ; 7 ; [0.35710919297326554] ; [0.30595248551872817]
788 ; 1 ; 147 ; 0 ; [0.40021254157195374] ; [0.016482972213582973]
788 ; 1 ; 147 ; 1 ; [1.8426888705436668] ; [1.2765718089422595]
788 ; 1 ; 148 ; 0 ; [0.34359608779149181, 0.46911586932509319, 0.65291562366271061] ; [0.22228002682249304, 0.42316759176844154, 0.56042259489923352]
788 ; 1 ; 148 ; 2 ; [0.20336584182831863] ; [0.039882663105463616]
788 ; 1 ; 149 ; 0 ; [0.28136341784928243, 0.1695726621800078, 0.29763115143779284] ; [0.21489101850707171, 0.2190001625271904, 0.37736550370390803]
788 ; 1 ; 150 ; 0 ; [0.13236142947113064, 0.082860307117815613, 0.0582469098751352] ; [0.16924208278523048, -0.12705028319329698, -0.26917108591701172]
788 ; 1 ; 150 ; 1 ; [0.077324089133874604] ; [0.040679333937686503]
788 ; 1 ; 151 ; 1 ; [0.28582047752345197] ; [0.61416910167574545]
788 ; 1 ; 151 ; 2 ; [0.72197968283207803] ; [0.78999703602738214]
788 ; 1 ; 151 ; 4 ; [1.0095541852245493] ; [1.8617724541437932]
788 ; 1 ; 151 ; 15 ; [0.7569315699959146] ; [0.92761050431950487]
788 ; 1 ; 153 ; 0 ; [1.611956525511419] ; [0.12899426812314346]
788 ; 1 ; 154 ; 0 ; [1.123014057404049] ; [0.99331281729632803]
788 ; 1 ; 155 ; 0 ; [0.98484498500314577] ; [0.90277166339643611]
788 ; 1 ; 157 ; 1 ; [0.54485999003532193] ; [0.56795642064932994]
788 ; 1 ; 157 ; 2 ; [2.6314717718986209] ; [1.551786909991731]
788 ; 1 ; 157 ; 3 ; [1.1000912321483145] ; [0.3422629426928977]
788 ; 1 ; 157 ; 4 ; [1.4112138007157469] ; [0.38402485754947485]
788 ; 1 ; 157 ; 5 ; [0.50886481237385961] ; [0.20686837620623372]
788 ; 1 ; 157 ; 7 ; [1.2589905733585873] ; [0.27627841259805491]
788 ; 1 ; 157 ; 11 ; [0.65183319380909999] ; [0.55683057071307296]
788 ; 1 ; 157 ; 12 ; [1.4528489330794423] ; [2.1163042806704042]
788 ; 1 ; 157 ; 14 ; [2.2912613890930831] ; [0.38019341928580846]
788 ; 1 ; 157 ; 15 ; [0.82399343673940972] ; [0.50759825198152819]
788 ; 1 ; 157 ; 16 ; [0.81750592134596789] ; [2.6677968051006982]
788 ; 1 ; 157 ; 17 ; [1.9734508024809856] ; [1.0110545611433401]
788 ; 1 ; 157 ; 18 ; [0.73419048023004962] ; [0.87982898380153973]
788 ; 1 ; 157 ; 19 ; [1.8544374256037521] ; [1.1309987966132318]
788 ; 1 ; 157 ; 20 ; [1.9204747856447093] ; [0.50845844112837846]
788 ; 1 ; 157 ; 23 ; [0.21278411728502075] ; [0.60216412791092511]
788 ; 1 ; 157 ; 30 ; [3.8237837903216856] ; [0.73375479771769547]
788 ; 1 ; 157 ; 34 ; [0.090872824792923801] ; [1.0901439146269025]
788 ; 1 ; 157 ; 54 ; [1.6632410408119096] ; [1.6018762039954777]
788 ; 1 ; 157 ; 56 ; [0.10676968857173519] ; [1.5926828374006579]
788 ; 1 ; 158 ; 0 ; [0.27623048276730516] ; [0.31219275949406039]
788 ; 1 ; 158 ; 1 ; [0.52438885458358409] ; [0.76544162361815504]
788 ; 1 ; 158 ; 3 ; [0.11442294816232776] ; [0.50297854103121276]
788 ; 1 ; 158 ; 8 ; [1.3453479197684977] ; [1.0653432442745199]
788 ; 1 ; 158 ; 11 ; [0.44412992207598373] ; [1.5607938585411842]
788 ; 1 ; 159 ; 0 ; [0.066833711958921557, 0.050867021729771707, 0.017047918588786522] ; [0.39634967509540392, 0.16829014145349017, 0.050602882847922567]
788 ; 1 ; 160 ; 1 ; [1.2818709545544043] ; [1.8377727684742897]
788 ; 1 ; 160 ; 8 ; [1.4579842685964284] ; [0.0028942975896755628]
788 ; 1 ; 161 ; 0 ; [0.24638663974924641] ; [0.12450606022595521]
788 ; 1 ; 162 ; 0 ; [0.7637362300849585] ; [1.9595088247000525]
788 ; 1 ; 162 ; 1 ; [1.2630913639035926] ; [0.60337670563041346]
788 ; 1 ; 162 ; 3 ; [0.16985711894149863] ; [1.6681643883221919]
788 ; 1 ; 162 ; 4 ; [0.46727210901508903] ; [0.61360025490008607]
788 ; 1 ; 162 ; 6 ; [1.6429630303245839] ; [2.3241609094493842]
788 ; 1 ; 162 ; 7 ; [0.14329129710994101] ; [1.9363569726753658]
788 ; 1 ; 162 ; 8 ; [1.7855355449971821] ; [3.5556438106842712]
788 ; 1 ; 162 ; 9 ; [3.4678005703204322] ; [1.6600891575868892]
788 ; 1 ; 162 ; 10 ; [3.8530522124495716] ; [1.7276685575990431]
788 ; 1 ; 162 ; 12 ; [4.217954825886407] ; [1.6566141882005092]
788 ; 1 ; 162 ; 13 ; [0.9914650896263032] ; [2.0034461502846326]
788 ; 1 ; 162 ; 15 ; [0.89505461073112336] ; [1.5531114667759061]
788 ; 1 ; 162 ; 24 ; [1.5886763075555284] ; [0.19643308702044654]
788 ; 1 ; 162 ; 27 ; [0.59542168023748054] ; [0.53631566581217205]
788 ; 1 ; 162 ; 28 ; [1.2011853066735336] ; [1.2452778370889572]
788 ; 1 ; 162 ; 29 ; [0.46996158829069018] ; [1.2059501939941921]
788 ; 1 ; 163 ; 0 ; [0.47564833401518086, 0.24904981968389281, 0.13481531694430798, 0.092828698796596776, 0.0076839970722974152] ; [0.27405926432885774, 0.529336809788022, 0.30180834238773363, 0.3048948899514512, 0.6757345980953342]
788 ; 1 ; 164 ; 0 ; [0.14623218844877098, 0.61521570400565073, 0.18399989642691941] ; [0.25709133707152637, 0.56912457367201053, 0.15966745248742628]
788 ; 1 ; 165 ; 0 ; [0.053495097204242149] ; [0.26413338361738276]
788 ; 1 ; 165 ; 1 ; [0.31822197344290643] ; [0.00014532929953239615]
788 ; 1 ; 165 ; 2 ; [0.31085798154397498] ; [1.0631071170450608]
788 ; 1 ; 166 ; 0 ; [2.9516139676235049, 7.1094664909539045] ; [-0.016451839913730049, 0.038463460393578515]
788 ; 1 ; 166 ; 1 ; [1.2253589355981986] ; [1.1725044727345368]
788 ; 1 ; 166 ; 3 ; [0.17188315101611609] ; [0.25452901802830946]
788 ; 1 ; 166 ; 8 ; [0.591849919666111] ; [0.20447017087944142]
788 ; 1 ; 167 ; 2 ; [0.41692969593359458] ; [0.77173366536160992]
788 ; 1 ; 168 ; 1 ; [0.2628640831221678] ; [0.52688262063405178]
788 ; 1 ; 168 ; 2 ; [0.57871095781519266] ; [0.31286656384533762]
788 ; 1 ; 168 ; 4 ; [0.6807350512784982] ; [0.010987465390611207]
788 ; 1 ; 168 ; 14 ; [0.12763084862608587] ; [1.3047656470188653]
788 ; 1 ; 168 ; 23 ; [0.086363495025041995] ; [0.068214217622297846]
788 ; 1 ; 168 ; 27 ; [0.06394885799121984] ; [0.19892312427246106]
788 ; 1 ; 169 ; 1 ; [0.89784904395904597] ; [1.1522869937588163]
788 ; 1 ; 169 ; 2 ; [0.26301351648286325] ; [0.45456351984020815]
788 ; 1 ; 169 ; 10 ; [1.5921491920058062] ; [0.32964863334022071]
788 ; 1 ; 169 ; 11 ; [0.24393131262856763] ; [3.7987528847780965]
788 ; 1 ; 170 ; 0 ; [-0.013501162993158129, 0.0035892623996399693, 0.0072140053996252599] ; [0.16783469627511965, 0.18331556651934219, -0.024666683789479053]
788 ; 1 ; 170 ; 1 ; [0.49731918667414465] ; [0.009991900105297458]
788 ; 1 ; 171 ; 1 ; [0.49807058606791937] ; [2.4934186708877113]
788 ; 1 ; 171 ; 4 ; [0.81863093880726256] ; [1.0479194196337163]
788 ; 1 ; 171 ; 5 ; [1.3629800242080967] ; [0.8158936787500074]
788 ; 1 ; 171 ; 8 ; [0.52782638453096087] ; [0.15010294051693807]
788 ; 1 ; 172 ; 3 ; [0.028250033049879338] ; [0.09283906135537115]
788 ; 1 ; 172 ; 4 ; [0.65699008987726992] ; [1.9060077362690073]
788 ; 1 ; 173 ; 0 ; [0.21778571153331355, 0.20420808629143203, 0.1146412140452104, 0.12022134288424591, -0.043101253334729792] ; [0.22699109055033168, 0.27456642746996784, 0.15284897117995264, 0.12534164898015571, 0.095517605099843861]
788 ; 1 ; 174 ; 0 ; [0.22285005424028809, 0.27281081014792091, 0.63147116375805445] ; [0.13998056526363301, 0.15528552965468165, 0.073488757570793206]
788 ; 1 ; 175 ; 0 ; [0.75327630126955936, 0.44773838951028599] ; [0.74319173529148275, 0.46832473371812627]
788 ; 1 ; 176 ; 0 ; [0.47359233752838054, 0.56565209493119384] ; [0.26393007588414696, 0.30407515811870567]
788 ; 1 ; 177 ; 0 ; [0.48925401203932156] ; [1.5123395775061503]
788 ; 1 ; 178 ; 0 ; [0.177872588081255] ; [0.17281396448185682]
788 ; 1 ; 179 ; 0 ; [-0.0051074650417975371, 0.13151071422357705, 0.22180619813926378] ; [0.18375066672844784, 0.86744121765862159, 0.47389024396542478]
788 ; 1 ; 180 ; 0 ; [0.83916126082404841] ; [0.58466458505426899]
788 ; 1 ; 180 ; 1 ; [0.5450657169039127] ; [0.11953606473349247]
788 ; 1 ; 180 ; 2 ; [0.48321232073757242] ; [0.59865627564835311]
788 ; 1 ; 181 ; 0 ; [0.28384180584864055] ; [0.14412615611596263]
788 ; 1 ; 181 ; 1 ; [0.33862411383340452] ; [0.5019268606203684]
788 ; 1 ; 181 ; 2 ; [2.4192561917848723] ; [0.5072951781411974]
788 ; 1 ; 181 ; 6 ; [-0.47645588854443793] ; [1.078660746767595]
788 ; 1 ; 181 ; 7 ; [1.4687060325972461] ; [0.88650767678338993]
788 ; 1 ; 181 ; 9 ; [1.6931707923643486] ; [1.0864440999655292]
788 ; 1 ; 182 ; 1 ; [1.8075684423417773] ; [0.63578602881939905]
788 ; 1 ; 182 ; 2 ; [0.5959797163728644] ; [0.41808893356191573]
788 ; 1 ; 182 ; 3 ; [1.620954421883972] ; [0.77713096819322625]
788 ; 1 ; 182 ; 4 ; [1.8993525725779463] ; [1.0770155715112528]
788 ; 1 ; 182 ; 5 ; [1.4584637542377943] ; [0.21045062405228401]
788 ; 1 ; 182 ; 6 ; [1.7643889675129636] ; [0.31466121364589539]
788 ; 1 ; 182 ; 10 ; [0.56286425537811091] ; [0.69490258836400631]
788 ; 1 ; 182 ; 11 ; [0.96723990081602795] ; [1.5762558199998298]
788 ; 1 ; 182 ; 12 ; [1.7069026871311104] ; [1.5403945495825553]
788 ; 1 ; 182 ; 14 ; [1.2822669478195707] ; [2.0309592979884656]
788 ; 1 ; 182 ; 18 ; [1.0302210924069424] ; [2.9518632875961193]
788 ; 1 ; 182 ; 22 ; [1.7127354409526834] ; [0.1269807803072952]
788 ; 1 ; 182 ; 23 ; [1.7034603159393709] ; [2.5108485967551828]
788 ; 1 ; 183 ; 2 ; [0.74580350783787031] ; [0.43283563284255461]
788 ; 1 ; 183 ; 6 ; [0.10240204286113846] ; [0.13968518736079039]
788 ; 1 ; 183 ; 7 ; [0.28051016202853862] ; [0.082555890204138629]
788 ; 1 ; 183 ; 8 ; [0.86491249360008982] ; [0.82906477605628326]
788 ; 1 ; 183 ; 11 ; [0.26244206631568884] ; [0.46621955486659383]
788 ; 1 ; 185 ; 0 ; [0.013259249578427239, 0.038017790845512017, 0.019735292164093123, -0.056928703331548786] ; [0.16986509594428098, 0.17374723691034322, 0.22426110244979636, 0.0061948897716733228]
788 ; 1 ; 186 ; 2 ; [0.043677408203020955] ; [0.074191884143851777]
788 ; 1 ; 187 ; 0 ; [0.025888398531095775] ; [0.16473122393009829]
788 ; 1 ; 188 ; 0 ; [0.19624029412596319, 2.0996887804853999] ; [0.49787353350715036, 0.67532048623168517]
788 ; 1 ; 188 ; 1 ; [0.098711437943742458] ; [0.31673159411832097]
788 ; 1 ; 188 ; 2 ; [0.6514649569397134] ; [1.3967825543775565]
788 ; 1 ; 188 ; 6 ; [0.2604088217785625] ; [0.36173723202857921]
788 ; 1 ; 189 ; 0 ; [0.67276227515082476] ; [0.36247837130835076]
788 ; 1 ; 189 ; 3 ; [0.37269079318888082] ; [0.28628356110986464]
788 ; 1 ; 190 ; 0 ; [-0.0024320972370648255, -0.0057503265701812339, -0.013793992481923752] ; [0.19117904945998046, 0.2694106417348448, 0.0042281534885268302]
788 ; 1 ; 190 ; 1 ; [0.058072618142535636] ; [0.060336031721791132]
788 ; 1 ; 190 ; 2 ; [-0.038248880127830572] ; [-0.016950215240830093]
788 ; 1 ; 191 ; 0 ; [0.017846957095809635, 0.032992358286286237, 0.24824933584261441] ; [0.20317444889365915, 0.25556868479247458, 0.46251526794529041]
788 ; 1 ; 191 ; 1 ; [-0.031715535803968686] ; [-0.0043627254066597471]
788 ; 1 ; 192 ; 0 ; [0.42954678867568802] ; [-0.012949925971024106]
788 ; 1 ; 192 ; 1 ; [0.57990610367898487] ; [0.20756242658780663]
788 ; 1 ; 193 ; 0 ; [0.63792457164076921] ; [0.76421111900223115]
788 ; 1 ; 193 ; 1 ; [0.048703842320343201] ; [0.10740899220175792]
788 ; 1 ; 193 ; 2 ; [0.26376969862648941] ; [0.25743602002812255]
788 ; 1 ; 194 ; 0 ; [0.061343248972535874] ; [1.8726296809552334]
788 ; 1 ; 195 ; 0 ; [0.038745128056171869] ; [0.16886468329511559]
788 ; 1 ; 195 ; 3 ; [0.079633394411159519, 0.099732155772117984, 0.090529666608307677, 0.12261343811487301, 0.063961790920106606] ; [0.083671884131688384, 0.19738225018524563, 0.10137863385784861, 0.30046503242417871, 0.21232487491085147]
788 ; 1 ; 197 ; 0 ; [0.26849845809867423] ; [0.28325277206438881]
788 ; 1 ; 197 ; 2 ; [0.72790506036540925] ; [0.71892278111100261]
788 ; 1 ; 198 ; 0 ; [0.088688365629868621] ; [0.15395795273009036]
788 ; 1 ; 198 ; 3 ; [0.092292391097248461] ; [2.7529838657230039]
788 ; 1 ; 199 ; 0 ; [0.70924716051964609, 0.20075035045738115, 0.2778297015787643] ; [0.50750038876576131, 0.42285287459352061, 0.13794887618099488]
788 ; 1 ; 199 ; 1 ; [0.17744383765261437] ; [0.28767784367951199]
788 ; 1 ; 200 ; 0 ; [0.061117215099400393] ; [0.14222875420080752]
788 ; 1 ; 200 ; 2 ; [0.2600241392286306] ; [1.6818353567121305]
788 ; 1 ; 200 ; 5 ; [0.10050201955162437] ; [0.43274644586049815]
788 ; 1 ; 200 ; 6 ; [0.34378967191060644] ; [2.4860520789277087]
788 ; 1 ; 200 ; 8 ; [-0.0021025265079589591] ; [3.2423346171515677]
788 ; 1 ; 201 ; 0 ; [-9.5445605799895984e-05, 0.0066277922711518262, -0.031456562335743066] ; [0.20621942840127783, 0.1865898247557701, 0.081699169227114621]
788 ; 1 ; 202 ; 8 ; [0.18148561251863729] ; [0.59573262803081983]
788 ; 1 ; 203 ; 0 ; [0.30730341428027569, 0.068048125782399452, 0.23490272945290319] ; [0.12989466300921865, 0.18159403016187289, 0.2176122076021656]
788 ; 1 ; 203 ; 1 ; [-0.013340925398933116] ; [0.23490808290688162]
788 ; 1 ; 203 ; 2 ; [-0.040192728636898351] ; [0.087174213519984153]
788 ; 1 ; 204 ; 0 ; [0.2642567872132236] ; [1.4447038358155257]
788 ; 1 ; 205 ; 0 ; [0.12535505259045709] ; [0.14089656069800349]
788 ; 1 ; 205 ; 3 ; [1.9579390662242078] ; [0.47952317237333936]
788 ; 1 ; 206 ; 0 ; [0.48744148397037346] ; [0.40655978696230832]
788 ; 1 ; 206 ; 1 ; [1.1765690813223784] ; [0.81204611172793784]
788 ; 1 ; 206 ; 2 ; [0.0088510752264137384] ; [0.42121785336978179]
788 ; 1 ; 206 ; 6 ; [0.05894058207326032] ; [0.26265091009106872]
788 ; 1 ; 207 ; 1 ; [0.049134023411541633, 0.089185872542798875, 0.534994722642958] ; [0.20947537097813587, 0.59462809179977572, 1.6761902928903083]
788 ; 1 ; 208 ; 0 ; [0.82507568141316845] ; [0.16976541171919526]
788 ; 1 ; 209 ; 0 ; [0.19699927369582859, 0.14975102338072754, 0.12909308826200308] ; [0.29136982743840428, 0.17646181447574619, 0.11875083975530652]
788 ; 1 ; 210 ; 0 ; [0.069173910940507816, 0.033052163780554387, 0.054693669311712816, 0.021582169633347831, -0.0032350455797297184] ; [-0.0039610046527770535, 0.1869481913682596, 0.13955654069190446, 0.34732097226632297, 0.26783599357096438]
788 ; 1 ; 212 ; 0 ; [-0.00054575499239673713, 0.015253139212876153, 0.0011929148117319575] ; [0.18213440210850287, 0.16582165843925623, 0.14177602406647394]
788 ; 1 ; 213 ; 0 ; [0.36889737770835257] ; [0.47795678752492055]
788 ; 1 ; 213 ; 1 ; [0.35259849204721083] ; [1.6816010861055757]
788 ; 1 ; 214 ; 0 ; [0.15719185361658647] ; [0.29003635457615701]
788 ; 1 ; 214 ; 1 ; [0.57172463750699787] ; [1.2112818613193583]
788 ; 1 ; 214 ; 2 ; [0.56373238931373137] ; [1.0098143487924047]
788 ; 1 ; 214 ; 3 ; [0.27446493363750069] ; [13.02833157954792]
788 ; 1 ; 214 ; 4 ; [0.87532683486205276] ; [0.31621861204200857]
788 ; 1 ; 215 ; 0 ; [0.0053070976169280288, -0.012086618850266198, 0.040016418664829002] ; [0.27168253092909661, 0.1747494060630494, 0.054137305737245706]
788 ; 1 ; 216 ; 0 ; [0.12853810832137455, 0.11284912557062096, 0.12243354887190441] ; [0.20970822002666376, 0.19246375459319706, 0.18737841890259949]
788 ; 1 ; 217 ; 0 ; [0.028114104106887902, 1.3207277117310916, 0.90030889192030783] ; [0.20205058506878912, 0.43208537391779323, 0.46711260957758488]
788 ; 1 ; 217 ; 1 ; [0.37720545952143353] ; [0.2040837336641517]
788 ; 1 ; 218 ; 0 ; [0.042014935667149762, 0.0060502603200616682] ; [0.098319135737608226, 0.1649435480564882]
788 ; 1 ; 218 ; 1 ; [0.031442901578022618, 0.016259230515988824, 0.16541824659845619] ; [0.10243545020193857, 0.16980096255336832, -0.15631776080754906]
788 ; 1 ; 221 ; 0 ; [0.75169962579996308] ; [1.2289606602764598]
788 ; 1 ; 221 ; 3 ; [0.88203380789310692] ; [0.026258035185592336]
788 ; 1 ; 221 ; 4 ; [1.8484530236563543] ; [0.020389794654580549]
788 ; 1 ; 221 ; 5 ; [0.019696558890833847] ; [0.066928003653128509]
788 ; 1 ; 221 ; 6 ; [0.55695792106355457] ; [2.1581607081366441]
788 ; 1 ; 221 ; 12 ; [0.68555412262835558] ; [1.4714034892605774]
788 ; 1 ; 222 ; 0 ; [0.0047404881094886813, 0.052948989427996272, 0.011080322372732146, 0.055221342138084724] ; [0.16919227748471025, 0.16593233938773988, 0.26800120303751745, 0.10244529146933884]
788 ; 1 ; 223 ; 2 ; [0.017852647210516524] ; [0.018258131885787666]
788 ; 1 ; 224 ; 0 ; [0.11638990353532122] ; [0.067152791297050665]
788 ; 1 ; 224 ; 1 ; [0.17816906716401981, 0.21114997286366022, 0.25960973689684597, 0.18818944311750294] ; [0.14241403378296094, 0.15852168209990133, 0.23281648550072825, 0.019611773854043647]
788 ; 1 ; 225 ; 0 ; [1.5051137473859673, 3.8596623946386601] ; [0.081043804661424787, 0.050437905694344885]
788 ; 1 ; 225 ; 1 ; [0.34588046882866291] ; [0.12938661863055947]
788 ; 1 ; 225 ; 3 ; [1.5756743367441624] ; [0.56697395350441526]
788 ; 1 ; 225 ; 11 ; [1.2628811253099959] ; [0.79176066938428225]
788 ; 1 ; 225 ; 12 ; [1.9649285832438215] ; [0.43463787875557713]
788 ; 1 ; 225 ; 25 ; [0.73424633773734305] ; [0.57283206791010177]
788 ; 1 ; 226 ; 0 ; [-0.0075494092368940998, -0.012166960683702025] ; [0.26915747405976687, 0.30617965213251297]
788 ; 1 ; 226 ; 1 ; [0.11225494261394688] ; [0.033650720109377114]
788 ; 1 ; 227 ; 0 ; [0.48435166680967057] ; [0.90128403401015178]
788 ; 1 ; 227 ; 3 ; [3.5808638469886671] ; [1.7569531380848922]
788 ; 1 ; 227 ; 4 ; [1.3305731166416119] ; [1.7636054041305678]
788 ; 1 ; 228 ; 1 ; [0.75554278991156953] ; [0.73001162912388129]
788 ; 1 ; 228 ; 6 ; [0.74042506380228024] ; [6.180467517067405]
788 ; 1 ; 228 ; 7 ; [1.2362267606915411] ; [0.71698219837125354]
788 ; 1 ; 229 ; 0 ; [0.42692896274614672, 0.40134376183371395, 0.34694876631998778, 0.18325144423487408] ; [0.26187546476191215, 0.37906719540119099, 0.34349077904424774, 0.1102909777114128]
788 ; 1 ; 229 ; 1 ; [0.69798872286801661] ; [0.2058609833625544]
788 ; 1 ; 229 ; 4 ; [0.57111186781780188] ; [-0.042348519764421354]
788 ; 1 ; 231 ; 0 ; [0.11347638006129755, 0.040598838623787242, 0.028284084901119257] ; [0.20537002011071009, 0.17892940040463287, 0.099131272763113037]
788 ; 1 ; 232 ; 0 ; [0.34237937708737964] ; [0.30524928666849249]
788 ; 1 ; 232 ; 1 ; [0.072194098781360835] ; [0.039901094563778432]
788 ; 1 ; 232 ; 2 ; [0.74508752580502768] ; [0.00021592334407622546]
788 ; 1 ; 233 ; 0 ; [0.17599994971067678] ; [0.083817530618332775]
788 ; 1 ; 233 ; 1 ; [0.38437465592208131] ; [0.77201588571536517]
788 ; 1 ; 234 ; 0 ; [0.17798471379196162, 0.17620199469960671] ; [0.206959464657819, 0.20618202117559631]
788 ; 1 ; 234 ; 1 ; [4.1874741224994798] ; [0.040386727597372114]
788 ; 1 ; 235 ; 0 ; [-0.0084586512267972574] ; [0.25694011903951758]
788 ; 1 ; 236 ; 1 ; [0.16429369863726478, 0.20083876430675057, 0.21306961184949891] ; [0.29250380604886278, 0.20184365424854916, 0.18555275814251818]
788 ; 1 ; 237 ; 0 ; [0.11161303001137816, 0.068588159193076176] ; [0.53396111492573539, 0.16368971592260509]
788 ; 1 ; 238 ; 0 ; [0.27017838606979372] ; [0.53414867808102495]
788 ; 1 ; 238 ; 1 ; [0.25617207060148989] ; [0.53494457375085414]
788 ; 1 ; 239 ; 0 ; [0.20367953088067334, 0.2559817863708061, 0.26015315105522752, 0.18040927217297698, 0.66566357660218978] ; [0.15457685136377436, 0.16744406919824509, 0.17673594029616632, 0.19503458814482585, -0.0085316220048894716]
788 ; 1 ; 240 ; 0 ; [0.29493206430686858, 0.13236659844727733, 0.054636911781869447] ; [0.17025830196852046, 0.17688962416309131, -0.16501692754475675]
788 ; 1 ; 241 ; 0 ; [0.056307199816445608, 0.10208689780634654] ; [0.84505115148220544, 0.3394041745399457]
788 ; 1 ; 241 ; 1 ; [1.0076453187735666] ; [0.60269932819280936]
788 ; 1 ; 241 ; 2 ; [0.096758567871727874] ; [0.39523439958524381]
788 ; 1 ; 242 ; 1 ; [0.010156701509956522] ; [0.099825941517210415]
788 ; 1 ; 243 ; 0 ; [0.049214735909737843] ; [0.36015473291501837]
788 ; 1 ; 243 ; 7 ; [1.4415985992937679] ; [1.3164269470298733]
788 ; 1 ; 243 ; 15 ; [1.5719032421676722] ; [0.72995046874428582]
788 ; 1 ; 243 ; 20 ; [4.8727553386342413] ; [0.86502355587916446]
788 ; 1 ; 243 ; 21 ; [1.8760699951324755] ; [0.81817646470229366]
788 ; 1 ; 244 ; 0 ; [0.17267935275580315, 0.42865983683610576, 0.17918087287538773, 0.079225635288268439] ; [0.12158041406379326, 0.33578745093065332, 0.20765347917896038, 0.025702681530261281]
788 ; 1 ; 245 ; 0 ; [0.37490398067753267, 0.30003545312098751, 0.34341063849618481] ; [0.3452464144417754, 0.20487914351505165, 0.08073943651497148]
788 ; 1 ; 246 ; 0 ; [0.0070611793279252103, 0.053141872987830907, 0.042260026364843363, 0.012272619087579265] ; [0.21161974356015467, 0.16434964477600997, 0.1713688416160121, 0.35550447221750492]
788 ; 1 ; 246 ; 1 ; [0.021941317176880519, -0.027616528803539896] ; [0.063840085595423757, 0.44125737149153677]
788 ; 1 ; 247 ; 0 ; [0.18077132701404272] ; [0.20656876658722159]
788 ; 1 ; 247 ; 2 ; [0.069986600474097327] ; [0.096954145266603814]
788 ; 1 ; 247 ; 3 ; [0.18995030297763074] ; [0.15984944355283909]
788 ; 1 ; 247 ; 4 ; [0.26532327679651946] ; [0.28979936777047205]
788 ; 1 ; 247 ; 5 ; [0.40827937763278044] ; [0.017208138477782544]
788 ; 1 ; 249 ; 0 ; [0.03088251930412066, 0.07086307587052125, 0.0039467102258088221] ; [0.21542342349716981, 0.1867151400751412, -0.0075815170309692396]
788 ; 1 ; 250 ; 1 ; [0.19270822662913939] ; [0.32138163343325576]
788 ; 1 ; 251 ; 0 ; [0.16468507043547059] ; [0.12738145479016194]
788 ; 1 ; 251 ; 1 ; [0.45908886649670616] ; [0.96290317689648308]
788 ; 1 ; 251 ; 2 ; [1.1208306901770768] ; [0.66256780220085731]
788 ; 1 ; 252 ; 0 ; [0.56691598472913607] ; [0.18070551391539599]
788 ; 1 ; 252 ; 2 ; [0.3195002717560998] ; [0.33755696255703921]
788 ; 1 ; 252 ; 7 ; [0.088715912396547719] ; [0.077430965995774315]
788 ; 1 ; 253 ; 0 ; [-0.050514408435314594] ; [-0.032708216594788425]
788 ; 1 ; 253 ; 1 ; [2.885903133204776] ; [0.21522991717912668]
788 ; 1 ; 253 ; 2 ; [0.22108026877694373] ; [0.59700002467217528]
788 ; 1 ; 253 ; 3 ; [1.9612683504861463] ; [0.79564789516227996]
788 ; 1 ; 253 ; 8 ; [1.8605700993628564] ; [1.3978959259754706]
788 ; 1 ; 253 ; 9 ; [1.0583047877508822] ; [1.6935640544644854]
788 ; 1 ; 253 ; 10 ; [1.7983688609607917] ; [0.44409385956758468]
788 ; 1 ; 253 ; 13 ; [4.0606497726547088] ; [2.4783437479293133]
788 ; 1 ; 253 ; 15 ; [2.6127631456494207] ; [1.7671969484920833]
788 ; 1 ; 253 ; 16 ; [3.4595218006905393] ; [2.5072390337674682]
788 ; 1 ; 253 ; 18 ; [1.7338764741638046] ; [1.4832300595604642]
788 ; 1 ; 255 ; 0 ; [0.0017085770585426759, 0.069909110188239601] ; [0.29152411611987017, 0.13977410798547582]
788 ; 1 ; 256 ; 0 ; [0.17187040161589021] ; [-0.0029009836494798789]
788 ; 1 ; 256 ; 3 ; [0.35223066506913969] ; [0.40877667646941335]
788 ; 1 ; 256 ; 4 ; [0.22124979162971767] ; [0.4249000408260164]
788 ; 1 ; 257 ; 0 ; [0.19134883578770628] ; [0.032363906907310953]
788 ; 1 ; 258 ; 0 ; [0.32074950965057564, 0.18248088042141394, 0.047001143353857924, 0.52754801429683917] ; [0.13089013696176502, 0.19166417237063307, 0.16949000875966577, -0.069347093138033236]
788 ; 1 ; 258 ; 1 ; [0.13528811710587663] ; [0.0078763906253028239]
788 ; 1 ; 259 ; 0 ; [1.308577464802104] ; [0.7994895320498222]
788 ; 1 ; 259 ; 1 ; [0.52668306032461976] ; [0.58363935504025244]
788 ; 1 ; 259 ; 2 ; [1.8149336865696064] ; [0.93155437191635426]
788 ; 1 ; 260 ; 0 ; [0.22673882676592932, 1.1369312686685848] ; [0.26307129133768209, 0.24025481649154318]
788 ; 1 ; 260 ; 2 ; [0.40025236294325267] ; [0.49918678830633745]
788 ; 1 ; 260 ; 4 ; [1.9451748514252385] ; [0.49753696982095169]
788 ; 1 ; 260 ; 5 ; [0.75706282499993205] ; [0.59421230865030583]
788 ; 1 ; 261 ; 0 ; [0.11588727902441495, 0.086073065536475785, 0.036575215781830504] ; [0.15984976996074299, 0.18663733531849153, -0.05707265670136609]
788 ; 1 ; 262 ; 0 ; [0.10974757918080072] ; [0.10792293856865927]
788 ; 1 ; 263 ; 0 ; [0.25099272149661522, 0.28608217975644901, 0.25522629611520714, 0.17136883246640747] ; [0.24617443619100743, 0.1626267915025959, 0.22635310148387458, 0.13687313760185729]
788 ; 1 ; 264 ; 0 ; [0.15325055171262839, 0.14328059559384573, 0.10846027396605976, 0.4452874049074606, 0.69847385551538843] ; [0.16511269476446777, 0.1780941876521219, 0.25283547899917252, 0.42526277795632655, 0.20711883362896419]
788 ; 1 ; 264 ; 1 ; [1.156874697107952] ; [-0.12173997987702678]
788 ; 1 ; 264 ; 2 ; [0.27736769455472032] ; [0.17186593965186336]
788 ; 1 ; 265 ; 0 ; [0.2001022126023114] ; [0.40025695978775844]
788 ; 1 ; 266 ; 1 ; [0.078158484355958763] ; [-0.00060562122788395301]
788 ; 1 ; 267 ; 0 ; [0.27769349780091251, 0.078581885821368658, 0.16402560655264134, 0.079974525495693408, 0.0582528424312386] ; [0.075908310385827849, 0.1207932099964085, 0.1463881682323081, 0.3811490585187331, 0.15165580298343739]
788 ; 1 ; 267 ; 1 ; [0.084085488457677521, 0.065466778711628509, 0.45038314797860418] ; [1.0872733871710236, 0.3877396686439234, 0.12705155313032748]
788 ; 1 ; 268 ; 0 ; [0.17218514498987011, 0.08336160976177133, 0.14368057993190758, 0.4592336656896846] ; [0.19050618895659691, 0.17956263595040944, 0.18079212922833843, 0.30914416208322942]
788 ; 1 ; 269 ; 0 ; [1.2565897288960826] ; [0.14114901472951374]
788 ; 1 ; 269 ; 1 ; [0.27908212597609039] ; [0.16340127403558427]
788 ; 1 ; 269 ; 2 ; [2.488676286872062] ; [1.4963486758086715]
788 ; 1 ; 269 ; 6 ; [1.7816208522517356] ; [1.4937654014615049]
788 ; 1 ; 269 ; 8 ; [2.0091396289997427] ; [1.3671846088077493]
788 ; 1 ; 269 ; 10 ; [-0.020358200478032138] ; [1.4475518130350185]
788 ; 1 ; 269 ; 13 ; [0.70421579576744442] ; [3.0697997258285881]
788 ; 1 ; 270 ; 0 ; [0.77971949634739268] ; [1.8613984899360734]
788 ; 1 ; 270 ; 1 ; [0.032223891670978236] ; [1.0073963390185996]
788 ; 1 ; 270 ; 3 ; [0.056773965309079633] ; [1.6581767777012479]
788 ; 1 ; 271 ; 0 ; [0.79227388461967529, 0.53836018983297473] ; [0.12692506361607991, 0.15580646408889431]
788 ; 1 ; 271 ; 3 ; [1.2298335279586454] ; [4.3520391166078349]
788 ; 1 ; 271 ; 4 ; [1.6682373357784948] ; [2.1531882634785107]
788 ; 1 ; 271 ; 6 ; [2.7003712763123948] ; [2.4589053435928916]
788 ; 1 ; 271 ; 7 ; [0.80463007337161463] ; [1.5015964264426103]
788 ; 1 ; 271 ; 8 ; [1.843474633738756] ; [1.3938329121230439]
788 ; 1 ; 271 ; 9 ; [0.64712597514133441] ; [1.6472845244784302]
788 ; 1 ; 271 ; 11 ; [3.0232903584418191] ; [0.90853481140579373]
788 ; 1 ; 271 ; 13 ; [3.13483579065299] ; [1.5646250155775039]
788 ; 1 ; 271 ; 14 ; [1.672982203368049] ; [2.0261869320170329]
788 ; 1 ; 271 ; 16 ; [4.1190102980975087] ; [1.6948456344190717]
788 ; 1 ; 271 ; 17 ; [0.83291914733098371] ; [2.3007947615419204]
788 ; 1 ; 271 ; 19 ; [1.1509342344583799] ; [1.0698111371693066]
788 ; 1 ; 271 ; 21 ; [2.2252009053293782] ; [1.536492594344242]
788 ; 1 ; 271 ; 26 ; [4.7515875234998672] ; [1.701374773832856]
788 ; 1 ; 271 ; 27 ; [1.6824849485211788, 2.4584116111503787] ; [4.5579336589723081, 6.8295726417639875]
788 ; 1 ; 271 ; 28 ; [1.8194165188713221] ; [3.7514535385405607]
788 ; 1 ; 271 ; 32 ; [1.1071571149926211] ; [3.4252642378928866]
788 ; 1 ; 272 ; 0 ; [0.29926225962119707, 0.42835346054109841] ; [0.24389159234602209, 0.08462052367319213]
788 ; 1 ; 273 ; 0 ; [0.11219050548956555] ; [0.0018008764088349018]
788 ; 1 ; 276 ; 1 ; [0.18944389577189658] ; [-0.016667428997447688]
788 ; 1 ; 276 ; 2 ; [2.6141845265406567] ; [4.4437098029388729]
788 ; 1 ; 276 ; 5 ; [1.6350483264593396] ; [0.87977770351414997]
788 ; 1 ; 276 ; 14 ; [1.5952273250995945] ; [2.4137094257018625]
788 ; 1 ; 276 ; 15 ; [2.1479039591046245] ; [5.1206345488329257]
788 ; 1 ; 277 ; 3 ; [0.092638319264262511] ; [0.014269941369130863]
788 ; 1 ; 278 ; 0 ; [0.033885680387873783] ; [0.27183097482875046]
788 ; 1 ; 278 ; 1 ; [0.63581031298483137] ; [0.12660747154603488]
788 ; 1 ; 278 ; 3 ; [1.7249024269587852] ; [1.9691252914875552]
788 ; 1 ; 278 ; 4 ; [1.7630043772907149] ; [0.94320929444789814]
788 ; 1 ; 278 ; 8 ; [0.48179545343107461] ; [1.6972769412692161]
788 ; 1 ; 279 ; 0 ; [0.085635318474920813, 0.29592010893128856, 0.21036532936105456] ; [0.17812475467720068, 0.38695705779325251, 0.20822636487942617]
788 ; 1 ; 280 ; 0 ; [0.53272393675066976, 0.54042884465916163] ; [0.51638318322689991, 0.35160770561809174]
788 ; 1 ; 283 ; 0 ; [2.0814146449441524] ; [0.49977448044400052]
788 ; 1 ; 283 ; 1 ; [3.3099976046899475] ; [0.43155809501251602]
788 ; 1 ; 283 ; 18 ; [1.4348179284338642] ; [1.5847681466092967]
788 ; 1 ; 284 ; 0 ; [0.44409385328424444] ; [0.50727124062882023]
788 ; 1 ; 284 ; 7 ; [2.5105764739548073] ; [1.514554110844571]
788 ; 1 ; 285 ; 0 ; [0.0096876587729241414, 0.0014744625621731331] ; [0.0021935984920441643, -0.0075251029801313681]
788 ; 1 ; 286 ; 0 ; [0.0695613590810399, 0.48851030946854057] ; [-0.0068463520130495137, -0.022705299431270018]
788 ; 1 ; 286 ; 1 ; [0.2976600158591084] ; [0.40699889966567637]
788 ; 1 ; 286 ; 2 ; [0.10652696839149865] ; [0.12135420830035493]
788 ; 1 ; 287 ; 0 ; [0.48785603733201566] ; [0.33287299063781173]
788 ; 1 ; 288 ; 6 ; [2.4795473856534755] ; [0.86208425828630075]
788 ; 1 ; 289 ; 0 ; [0.0074796113159722516, -0.0036483225058354962, -0.0062739657292962461] ; [0.32239392312336357, 0.27944303725760311, 0.013315675440926907]
788 ; 1 ; 289 ; 1 ; [0.039853124938090463, 0.038232389752580184] ; [0.11266935385435389, -0.0011968427066163718]
788 ; 1 ; 291 ; 0 ; [0.12210649262592697, 0.005420990245989364, -0.013119879438391836] ; [0.16838101328777613, 0.21292083191310543, 0.10786968355069988]
788 ; 1 ; 292 ; 0 ; [0.33261749759177267, 0.22699754420794985, 0.65131600511801457] ; [0.36675399980530315, 0.19280657234524751, 0.37226569837104023]
788 ; 1 ; 294 ; 0 ; [0.089977172810606298, 0.058413235599773496] ; [0.16048624920876151, 0.12178849718811512]
788 ; 1 ; 294 ; 1 ; [0.011183914927586944] ; [0.015149992353187765]
788 ; 1 ; 295 ; 0 ; [-0.0049439468874540133] ; [-0.012883518113217701]
788 ; 1 ; 295 ; 2 ; [2.673254086670362] ; [1.1081274365096829]
788 ; 1 ; 295 ; 3 ; [0.33543463844338584] ; [0.2420050586207943]
788 ; 1 ; 295 ; 5 ; [-0.014602091427027017] ; [0.18653774522251185]
788 ; 1 ; 296 ; 0 ; [0.80917376757286896] ; [-0.026455831283359547]
788 ; 1 ; 296 ; 2 ; [0.19238778441989787] ; [0.79761882358191638]
788 ; 1 ; 296 ; 9 ; [0.21684095335522197] ; [0.71114506330160365]
788 ; 1 ; 297 ; 1 ; [0.16563899876179547] ; [0.21265189385217742]
788 ; 1 ; 297 ; 5 ; [-0.0032986458569436283] ; [1.1852710164696723]
788 ; 1 ; 298 ; 0 ; [0.25628704854896733, 0.26703013178383378] ; [0.2285084962564343, 0.26136114265714666]
788 ; 1 ; 298 ; 1 ; [0.069646484613992352] ; [-0.02376496679430715]
788 ; 1 ; 299 ; 0 ; [0.086258917161529503, 0.17196757912481023, 0.22813132660395724, 0.18480544028199775, 0.392828118252669] ; [0.12428360582138642, 0.16353444362213246, 0.13690968692730876, 0.15667079202836087, 0.016611318809470459]
788 ; 1 ; 299 ; 1 ; [0.059861790773752047] ; [-0.0062428947442586379]
788 ; 1 ; 300 ; 0 ; [0.43131457517384819] ; [0.23186534527135705]
788 ; 1 ; 301 ; 0 ; [0.13732500986362134, 0.10907496219967025] ; [2.396648199429074, 0.71212483941004223]
788 ; 1 ; 301 ; 2 ; [0.078688865309090666] ; [2.1094171882410153]
788 ; 1 ; 301 ; 5 ; [0.75951342741106287] ; [0.048762174923004602]
788 ; 1 ; 301 ; 6 ; [9.9720941701250592] ; [1.3025692672528115]
788 ; 1 ; 302 ; 0 ; [0.0162190381298573, 0.072540671167924717, 0.0058959088725758693, -0.0058722036619042808, 0.01103580876152682] ; [0.2923213326836186, 0.4775233537309212, 0.14652156732483657, 0.20821832492373851, -0.13380260394758298]
788 ; 1 ; 303 ; 0 ; [0.01315938376429349, 0.017128862151157866, 0.0072116333340505904, 0.01224001788640715] ; [0.10698149828686257, 0.6222817291098709, 0.15204269713388077, 0.047410840493867047]
788 ; 1 ; 304 ; 0 ; [0.072152651837828305, 0.16594639142435857, 0.5127699783127242] ; [0.17929934194945896, 0.16462288913694251, 0.11666676506855184]
788 ; 1 ; 306 ; 0 ; [0.0010417248391748955, -0.0051584009042413255, -0.0073450140773498387, -0.00013369030704493202] ; [0.34387372123007343, 0.25217839895396998, 0.074905487257341169, 0.093617100201086531]
788 ; 1 ; 309 ; 0 ; [0.1116779062934318] ; [-0.0073083929930150785]
788 ; 1 ; 311 ; 0 ; [0.68975833088233163] ; [1.9780715159376758]
788 ; 1 ; 311 ; 1 ; [-0.034019544739428677] ; [0.25431708188288793]
788 ; 1 ; 311 ; 2 ; [0.015772666245573292] ; [1.3084880091811768]
788 ; 1 ; 311 ; 5 ; [1.2325667140417143] ; [2.0642347317178533]
788 ; 1 ; 311 ; 6 ; [1.8265323223306524] ; [1.6967147389442956]
788 ; 1 ; 311 ; 7 ; [0.36016036814482938] ; [0.13630737139849253]
788 ; 1 ; 311 ; 9 ; [2.2962258490909067] ; [6.9867035677239171]
788 ; 1 ; 311 ; 14 ; [2.028518862649733] ; [2.2181735814031196]
788 ; 1 ; 311 ; 16 ; [1.9390173839638056] ; [1.433576043841281]
788 ; 1 ; 311 ; 17 ; [1.3973026141842642] ; [1.1831040204033172]
788 ; 1 ; 311 ; 18 ; [1.7137284675182793] ; [2.0987797431439379]
788 ; 1 ; 311 ; 19 ; [0.62172684408087076] ; [1.5781041925167565]
788 ; 1 ; 311 ; 22 ; [3.1343438039658551] ; [0.27380773307171324]
788 ; 1 ; 311 ; 23 ; [4.1932076767007498] ; [1.9088300831148159]
788 ; 1 ; 311 ; 27 ; [2.329969404347588] ; [1.2484919766756046]
788 ; 1 ; 311 ; 28 ; [3.9909473830604818] ; [1.710832808113987]
788 ; 1 ; 312 ; 0 ; [0.14929091531672414, 0.19982104812069304] ; [0.19565674829438079, 0.45172454925860045]
788 ; 1 ; 312 ; 2 ; [0.013202414864639859] ; [0.0026052137672459091]
788 ; 1 ; 313 ; 0 ; [0.0036107960614040389, 0.02003458046923446, 0.0063342216704773179] ; [0.197074158871369, 0.18801937676042077, 0.11735451069574188]
788 ; 1 ; 314 ; 0 ; [0.036968570874568757] ; [0.021003827350609801]
788 ; 1 ; 314 ; 1 ; [0.363131016417234] ; [0.27944987491393675]
788 ; 1 ; 314 ; 2 ; [0.81082500352961018] ; [0.087784190871478554]
788 ; 1 ; 314 ; 3 ; [0.12758513142432004] ; [0.20540413303525451]
788 ; 1 ; 315 ; 0 ; [0.17569157057229545, 0.19059615805329677, 0.039953091059407773] ; [0.24298271424163659, 0.16717607286993377, 0.048093082972869391]
788 ; 1 ; 316 ; 0 ; [-0.0097522167475961943, 0.00041030648781719629, 0.0099440137673310093] ; [0.34419966338702196, 0.16041154305715011, -0.10506088397138337]
788 ; 1 ; 317 ; 0 ; [0.053770308921200743, 0.059671964315057745, 0.047669900034093736] ; [0.28239120971414622, 0.5464527625458252, 0.21595336060144918]
788 ; 1 ; 319 ; 0 ; [0.11945256454466907] ; [0.4584689663993663]
788 ; 1 ; 319 ; 1 ; [0.36359082881704818] ; [0.16917775166837942]
788 ; 1 ; 319 ; 2 ; [0.042030575469590881] ; [0.12232546915592264]
788 ; 1 ; 319 ; 5 ; [0.89812942749282487] ; [0.43018870607479032]
788 ; 1 ; 320 ; 0 ; [0.21648309286599671, 0.54523694185511051, 0.32224168359413641, 0.08714375327254642] ; [0.25686741873645863, 0.53012624574770906, 0.29161835813074188, 1.1534716625513866]
788 ; 1 ; 322 ; 0 ; [0.057962509397985064, 0.10719171951397112, 0.19712374117939807] ; [0.18125595269888634, 0.16745625058165023, 0.12612333467336267]
788 ; 1 ; 323 ; 0 ; [0.19524622034527955] ; [0.20920089185309859]
788 ; 1 ; 324 ; 0 ; [0.25688179530092559, 0.021187330658290791] ; [0.39107418810556099, 0.17315106494845692]
788 ; 1 ; 325 ; 0 ; [0.0045054691081618812, 0.022859619953331838, -0.01658854164095434] ; [0.15056938390232924, 0.39675880986014134, 0.25250624067416549]
788 ; 1 ; 325 ; 1 ; [0.14417835429672402] ; [0.10858465976164751]
788 ; 1 ; 325 ; 2 ; [0.25920853967510127] ; [0.2072475469706471]
788 ; 1 ; 326 ; 0 ; [0.26389573113987502, 0.027668484994322683, 0.11508098552785977, -0.013309612629094655] ; [0.48732672834189905, 0.17703918342502339, 0.20391081218464499, 0.12516816792882984]
788 ; 1 ; 326 ; 1 ; [0.089680155969507194] ; [0.0075673965838264651]
788 ; 1 ; 327 ; 0 ; [0.11758350965834369, 0.13138901176094181, 0.023639764273898675, 0.043496182516224148] ; [0.29755399168754582, 0.3200261953548274, 0.3316677723993281, 0.46428466336728091]
788 ; 1 ; 328 ; 0 ; [0.0019396719564173698, -0.0032319421352272064, 0.026071281031921353] ; [0.097556999754446969, 0.39206903079620298, 0.19508261447747521]
788 ; 1 ; 330 ; 0 ; [0.11770067849338198, 0.10259557935978456, 0.096805221514172257, 0.10691933643244492, 0.020314077280415361] ; [0.12735132760841644, 0.27228684313461776, 0.14753463555838722, 0.12091600551819758, 0.024485329003425701]
788 ; 1 ; 331 ; 0 ; [0.31057020657628415] ; [0.4559443905753115]
788 ; 1 ; 331 ; 1 ; [0.039645079035903259, -0.0055361489124321423] ; [0.0029316810991625126, 0.0095550420286854617]
788 ; 1 ; 331 ; 3 ; [0.0074396700641746281] ; [0.79564236620993201]
788 ; 1 ; 331 ; 5 ; [0.75127657778308921] ; [0.98275968732164032]
788 ; 1 ; 332 ; 0 ; [1.3352365191889572] ; [0.088126779441430728]
788 ; 1 ; 332 ; 1 ; [0.64621796265083475] ; [0.11138009752937014]
788 ; 1 ; 332 ; 2 ; [0.61780263466612728] ; [0.57939835967300723]
788 ; 1 ; 332 ; 3 ; [0.39254202797658116] ; [0.25635786331587035]
788 ; 1 ; 332 ; 7 ; [0.30963975721547865] ; [0.19941728408923146]
788 ; 1 ; 332 ; 13 ; [1.7281856762608072] ; [0.19311093662660037]
788 ; 1 ; 332 ; 15 ; [0.15835660471015633] ; [-0.16365226763834595]
788 ; 1 ; 333 ; 0 ; [0.35005798069512928, 0.30184766558092091, 0.20549691979214382] ; [0.21930530888458638, 0.16742328524654465, 0.4085869125056425]
788 ; 1 ; 333 ; 1 ; [0.026621392151024274] ; [0.0047232084380113403]
788 ; 1 ; 334 ; 1 ; [1.5949073352470444] ; [4.1567826216805255]