# Run ; Subrun ; Event ; Track ; Charge Ratios View 0 ; Charge Ratios View 1 #
789 ; 1 ; 0 ; 0 ; [1.5207568056340588] ; [-0.053892309451270479]
789 ; 1 ; 0 ; 1 ; [0.9374550408926412] ; [-0.014450403863498773]
789 ; 1 ; 0 ; 7 ; [0.047412819433231591] ; [0.90718571967401551]
789 ; 1 ; 0 ; 9 ; [0.12483112829449099] ; [-0.016247827414166437]
789 ; 1 ; 0 ; 10 ; [0.033051043186712731] ; [0.53084020643132812]
789 ; 1 ; 0 ; 11 ; [0.79555147143422988] ; [1.1977289139419005]
789 ; 1 ; 1 ; 0 ; [0.045078777013796839, 0.035300368340089608, 0.029411787552557318] ; [0.27872174175620718, 0.16147714860590379, -0.17679040234738172]
789 ; 1 ; 2 ; 0 ; [-0.017489121474833041, 0.027868577971236382, 0.026474161080776097, -0.027327932863035836] ; [0.11287408278757853, 0.17604521988026356, 0.2134101718560526, 0.11664009255519088]
789 ; 1 ; 4 ; 0 ; [0.072414070968132738, 0.17550192172086168, -0.058028033799567107] ; [0.22429775552749354, 0.42814355633050177, 0.00048154524080983843]
789 ; 1 ; 5 ; 0 ; [1.3467921678472237] ; [0.24455002390431976]
789 ; 1 ; 5 ; 1 ; [2.1576014183426016] ; [0.34773197903896852]
789 ; 1 ; 5 ; 2 ; [0.42532154458703492] ; [0.15790019796248031]
789 ; 1 ; 6 ; 2 ; [0.10934366795531078] ; [-0.0080844540589878194]
789 ; 1 ; 6 ; 3 ; [0.016194626833687789] ; [2.5289608499209821]
789 ; 1 ; 6 ; 5 ; [0.072571178461894523, 0.20944514516680651] ; [0.3313067594124024, 0.17446465430057181]
789 ; 1 ; 7 ; 0 ; [0.042873263279909868, 0.10761208684070264] ; [0.28450539801539459, 0.26719431963241652]
789 ; 1 ; 8 ; 0 ; [0.26404348010021117, 0.1988867315595288, 0.12478566188108929] ; [0.21319628597604334, 0.1638464863548155, 0.144556194243184]
789 ; 1 ; 9 ; 0 ; [0.057387699924001889] ; [0.33071434714281489]
789 ; 1 ; 9 ; 1 ; [0.14847282106804985] ; [0.09914560547112003]
789 ; 1 ; 9 ; 3 ; [0.22468833727021256] ; [0.022520404136146723]
789 ; 1 ; 9 ; 6 ; [0.41623602793532466] ; [0.4572755755598793]
789 ; 1 ; 9 ; 7 ; [0.28043397173939266] ; [2.5545627208030015]
789 ; 1 ; 10 ; 1 ; [0.90217120584378896] ; [0.39892499236870782]
789 ; 1 ; 11 ; 0 ; [0.2744955651149309, 0.090639774519339883] ; [0.31023455379073417, 0.16973222434508861]
789 ; 1 ; 11 ; 1 ; [0.12246356260837987] ; [0.057518678558859018]
789 ; 1 ; 12 ; 0 ; [0.05564550344860502] ; [0.076355715757947251]
789 ; 1 ; 13 ; 0 ; [0.015595265914168059, 0.00099664496174190257, 0.033768399166275574, 0.1621709392529064] ; [0.50356300066584103, 0.63089495338205004, 0.20084586804292442, 0.29831634839468951]
789 ; 1 ; 14 ; 0 ; [0.49123471904175581] ; [2.7209159581463975]
789 ; 1 ; 14 ; 3 ; [3.1824180964805082] ; [0.51924830818122869]
789 ; 1 ; 14 ; 6 ; [1.6603300134654539] ; [3.6350892734599882]
789 ; 1 ; 15 ; 0 ; [-0.012603515238670236, -0.025642154027621541, 0.026356088031686632] ; [0.15526740733171468, 0.17999264833420506, 0.14544848060915588]
789 ; 1 ; 16 ; 0 ; [0.29296834910026376] ; [1.7070724753262783]
789 ; 1 ; 16 ; 1 ; [0.30044474331986809] ; [0.093331605501287579]
789 ; 1 ; 16 ; 2 ; [1.8795003010995237] ; [0.90655101447729824]
789 ; 1 ; 16 ; 9 ; [2.6501231667164067] ; [0.68510778507648362]
789 ; 1 ; 16 ; 11 ; [2.4878535627919809] ; [0.96792049263501845]
789 ; 1 ; 16 ; 13 ; [2.328617030531539] ; [2.134570557745973]
789 ; 1 ; 16 ; 14 ; [1.5458512549239967] ; [1.7641573554108834]
789 ; 1 ; 16 ; 18 ; [1.7758132897872285] ; [2.1669094074369983]
789 ; 1 ; 16 ; 20 ; [2.8876476260373125] ; [2.2303625590474532]
789 ; 1 ; 16 ; 21 ; [1.0250680378684141] ; [2.0550606022159372]
789 ; 1 ; 17 ; 0 ; [1.189000330763432] ; [1.3480763748319611]
789 ; 1 ; 17 ; 2 ; [0.49674311044632147] ; [0.5105321391532055]
789 ; 1 ; 17 ; 3 ; [0.62316208856598077] ; [1.1524135777293323]
789 ; 1 ; 17 ; 5 ; [1.272284016119233] ; [2.0691138160293985]
789 ; 1 ; 17 ; 9 ; [1.62619563819002] ; [0.39287304154930658]
789 ; 1 ; 17 ; 10 ; [2.1696121567678914] ; [1.7306719898828125]
789 ; 1 ; 17 ; 12 ; [1.1943214197904994] ; [1.7217991868525517]
789 ; 1 ; 17 ; 14 ; [1.7138468935808213] ; [2.3786661300579968]
789 ; 1 ; 17 ; 16 ; [1.3090194576334906] ; [1.0159341887174005]
789 ; 1 ; 17 ; 18 ; [1.8415409456533844] ; [1.8554765881942392]
789 ; 1 ; 18 ; 0 ; [0.051748516978435931] ; [1.3835139819808266]
789 ; 1 ; 18 ; 1 ; [0.41866306777567358] ; [0.5994173948765491]
789 ; 1 ; 18 ; 2 ; [0.49285274549757419] ; [1.4803685441741528]
789 ; 1 ; 18 ; 3 ; [3.0007973405994468] ; [1.3197469462342495]
789 ; 1 ; 18 ; 6 ; [0.16685962767572737] ; [1.7820214188605366]
789 ; 1 ; 18 ; 7 ; [0.782018433366369] ; [1.5577596382739498]
789 ; 1 ; 18 ; 8 ; [0.15792895138563445] ; [2.2233817152636055]
789 ; 1 ; 18 ; 9 ; [1.5786362334250332] ; [1.5054600001310836]
789 ; 1 ; 18 ; 10 ; [0.85926047123229277] ; [1.7056998555346241]
789 ; 1 ; 18 ; 13 ; [2.3969846786214215] ; [1.7155109344723207]
789 ; 1 ; 19 ; 1 ; [0.18412855518641391] ; [0.69966999997190138]
789 ; 1 ; 20 ; 0 ; [0.43903905821239292] ; [0.82828170620259722]
789 ; 1 ; 20 ; 1 ; [0.19451101036481477] ; [0.3913673557353553]
789 ; 1 ; 20 ; 3 ; [0.23080195037245535] ; [0.33549590862449108]
789 ; 1 ; 20 ; 6 ; [0.13375599369214414] ; [1.7437376260249704]
789 ; 1 ; 20 ; 10 ; [0.048550904582488424] ; [1.3170594470458425]
789 ; 1 ; 22 ; 0 ; [0.26707155515271502, 0.75347406873290723] ; [0.22848761672525145, 0.26964089631028715]
789 ; 1 ; 22 ; 1 ; [0.48293723094520624] ; [0.17268021386794818]
789 ; 1 ; 23 ; 0 ; [0.075085214662802519] ; [0.1601374996354879]
789 ; 1 ; 23 ; 1 ; [1.6234883815447014] ; [1.3626284523851333]
789 ; 1 ; 23 ; 2 ; [3.312923426830801] ; [0.68733326498357816]
789 ; 1 ; 24 ; 0 ; [0.23904911366157344, 0.14673610624610064, 0.59324811403328914, 0.30572917303316843, 0.18194496058601098] ; [0.13836219761808158, 0.18915124300746466, 0.77064494732934108, 0.32191083880401855, 0.13891577364098381]
789 ; 1 ; 25 ; 0 ; [1.2633836868848483] ; [1.8143957280060741]
789 ; 1 ; 25 ; 2 ; [0.87448693991134019] ; [0.30084940722335052]
789 ; 1 ; 25 ; 3 ; [0.0020927776006831387] ; [0.25027006807527552]
789 ; 1 ; 26 ; 0 ; [0.0020246698684316623, 0.0056617074787436968, -0.016928234030445861] ; [0.15638558446317144, 0.17494484701058655, 0.026013335519121095]
789 ; 1 ; 27 ; 0 ; [0.0027734735555453097, -0.0084478617053596657] ; [0.17333888132732009, 0.1080607871419985]
789 ; 1 ; 28 ; 0 ; [0.063184624621825308, 0.20844825298472169, 0.070820694945515128, 0.061332562495786405] ; [0.12144857445231254, 0.22838212557876195, 0.29204306278667302, -0.0050330551862062473]
789 ; 1 ; 28 ; 1 ; [0.3304879790132717, 0.11014129345180029] ; [0.0065822800681198954, 0.11188184008704842]
789 ; 1 ; 29 ; 0 ; [0.25519167864936243, 0.3658961037388892] ; [1.326246631611218, 0.13180361273691879]
789 ; 1 ; 29 ; 1 ; [0.32843303024209936, 0.16791948533255563] ; [0.45186189087485362, 0.26385785830527964]
789 ; 1 ; 29 ; 2 ; [0.59708038190914225, 0.43882792671973481] ; [0.3126006994953936, 0.10737470176821376]
789 ; 1 ; 29 ; 3 ; [0.020442021901233089] ; [0.16202803887844303]
789 ; 1 ; 29 ; 4 ; [0.11092696607665951] ; [-0.075476336244717154]
789 ; 1 ; 30 ; 0 ; [0.38863510710735738, 0.079258076544761108] ; [0.2201381258757652, 0.16127436930684147]
789 ; 1 ; 31 ; 0 ; [0.52603675086082891] ; [0.15612386135443562]
789 ; 1 ; 31 ; 1 ; [0.25672414848353092] ; [0.67795758941069928]
789 ; 1 ; 31 ; 2 ; [0.44855134224229049] ; [1.5528956245860022]
789 ; 1 ; 31 ; 4 ; [0.027673325766216436] ; [0.018762243271835649]
789 ; 1 ; 33 ; 0 ; [0.15651700254803935] ; [0.023561754691782597]
789 ; 1 ; 33 ; 2 ; [0.0061811362355026394] ; [1.8169332383909147]
789 ; 1 ; 34 ; 0 ; [0.02326390165435761, 0.059550197158325949, 0.18393392279967594, 0.094245931494325821] ; [0.20541648485148517, 0.35694904644487208, 0.4584438771983772, 0.28017811042764551]
789 ; 1 ; 35 ; 0 ; [0.12435910461001806, 0.18348118075139286, 0.30575728540349356, 0.35943088097623477] ; [0.15264390679159545, 0.16338390188872126, 0.36966224505851492, 0.32320563406821767]
789 ; 1 ; 36 ; 0 ; [0.19461271379942868] ; [0.52362367489478756]
789 ; 1 ; 37 ; 0 ; [0.50322250729343598] ; [0.40650812098864852]
789 ; 1 ; 37 ; 1 ; [0.047894948590711334] ; [0.3292397303111706]
789 ; 1 ; 37 ; 2 ; [0.069073615353348036] ; [-0.027856476357965555]
789 ; 1 ; 38 ; 0 ; [0.087614370655239096] ; [0.065691621850491502]
789 ; 1 ; 38 ; 1 ; [0.25389622544933577] ; [0.21268672769224808]
789 ; 1 ; 39 ; 0 ; [0.46494095041748956] ; [0.13292002315659154]
789 ; 1 ; 40 ; 0 ; [0.21297505623307186, 0.0036273729891763439] ; [0.48997802215208702, -0.045052240277938686]
789 ; 1 ; 41 ; 0 ; [0.079425206196886325, 0.067588016841204981, 0.049171509576449113] ; [0.16472589375812349, 0.14792084801421071, 0.095223767126883033]
789 ; 1 ; 42 ; 0 ; [0.83160420364686427] ; [0.033537715614129569]
789 ; 1 ; 42 ; 1 ; [0.7751093235385923] ; [0.33805855416373515]
789 ; 1 ; 42 ; 2 ; [0.30973104858849304] ; [1.6451160000055669]
789 ; 1 ; 42 ; 4 ; [0.081009160506046049] ; [-0.028750668845644943]
789 ; 1 ; 42 ; 8 ; [0.65784556821469009] ; [0.35117822207425575]
789 ; 1 ; 43 ; 0 ; [0.070380271923896842] ; [0.2713523851398868]
789 ; 1 ; 43 ; 1 ; [0.11663655981999449, 0.099155243864246179, 0.093278808844421648, 0.049294441596530923] ; [0.37447766225348711, 0.15651838473425106, 0.16278979971319307, 0.010908192953200434]
789 ; 1 ; 44 ; 0 ; [0.10396816323165756, 0.14875062177088633, 0.087799771002162366, 0.12017661668525709] ; [0.18762966779089324, 0.15406770785960494, 0.26802115213192607, -0.044438880586450326]
789 ; 1 ; 45 ; 0 ; [2.9455904004434159] ; [1.839704358553212]
789 ; 1 ; 45 ; 4 ; [0.84686728236313857] ; [1.2284990847521575]
789 ; 1 ; 45 ; 6 ; [1.616968848187472] ; [1.6522667144604402]
789 ; 1 ; 45 ; 7 ; [3.3432941543835035] ; [1.3674016497734274]
789 ; 1 ; 45 ; 12 ; [1.7009262228846838] ; [1.270377664070065]
789 ; 1 ; 46 ; 0 ; [0.21163671605457623] ; [0.29422775628525788]
789 ; 1 ; 47 ; 0 ; [0.11217653879845464, 0.001797098634265529, 0.0775535623405708, -0.0012954501191636593] ; [0.24050290894021104, 0.1319541848643728, 0.14319053549981475, -0.030855399315646372]
789 ; 1 ; 47 ; 1 ; [0.02518393499540551] ; [0.1294660749706629]
789 ; 1 ; 48 ; 0 ; [0.31648294329711296] ; [0.36303615105342463]
789 ; 1 ; 48 ; 1 ; [0.13310579385712903] ; [-0.043294106105094481]
789 ; 1 ; 49 ; 0 ; [-0.015637439271778367] ; [0.01490355511839043]
789 ; 1 ; 49 ; 1 ; [0.47621404144803497] ; [0.86297139308554338]
789 ; 1 ; 49 ; 2 ; [2.4649171398836089] ; [0.6776157099248743]
789 ; 1 ; 51 ; 0 ; [0.89803229406720608, 1.5762423111943562, 0.15583946701610679] ; [0.52422245237137488, 0.39116691607507958, 0.32286541354158665]
789 ; 1 ; 52 ; 0 ; [0.59583091158658197, 0.017061191917278222] ; [2.0346775825399108, 0.018863530051712075]
789 ; 1 ; 52 ; 2 ; [1.6807515118671672] ; [0.26175254119629082]
789 ; 1 ; 53 ; 0 ; [0.10720403715198215, 0.18711397277432909] ; [0.28663238079809111, 0.60592652238707478]
789 ; 1 ; 53 ; 1 ; [0.20464768424810797] ; [0.97007195071453445]
789 ; 1 ; 53 ; 2 ; [0.021037116054442702] ; [0.20193918974027861]
789 ; 1 ; 53 ; 4 ; [1.028238262486546] ; [-0.0108180992456506]
789 ; 1 ; 54 ; 3 ; [0.0060245847769156259] ; [1.3825584334282404]
789 ; 1 ; 55 ; 0 ; [5.4538884155411331] ; [1.6093205364377661]
789 ; 1 ; 55 ; 1 ; [4.1906777440407614] ; [0.029596033179153304]
789 ; 1 ; 55 ; 2 ; [0.56683803878482919] ; [1.8133289012598592]
789 ; 1 ; 55 ; 3 ; [0.22332640709955826] ; [3.5231358322899404]
789 ; 1 ; 55 ; 4 ; [3.4609999431119944] ; [1.9013869838587478]
789 ; 1 ; 55 ; 5 ; [3.2361241688677587] ; [0.6138492257538245]
789 ; 1 ; 55 ; 6 ; [4.8028319451359014] ; [2.1629169396091052]
789 ; 1 ; 55 ; 8 ; [3.0797068322183194] ; [5.2544491524399399]
789 ; 1 ; 55 ; 10 ; [0.791468458273478] ; [1.3692744219627551]
789 ; 1 ; 55 ; 11 ; [2.6676874365515588] ; [2.241738123186944]
789 ; 1 ; 55 ; 12 ; [7.6751712648917971] ; [3.5191497867373607]
789 ; 1 ; 55 ; 13 ; [3.6311612860890379] ; [1.9081027860442132]
789 ; 1 ; 55 ; 14 ; [0.43823854969006815] ; [2.6903192692295543]
789 ; 1 ; 55 ; 15 ; [0.1525568677166593] ; [5.1073803148911541]
789 ; 1 ; 55 ; 16 ; [2.6085956319155708] ; [5.1102362796057719]
789 ; 1 ; 55 ; 20 ; [0.070452657033553218] ; [1.3413089263850346]
789 ; 1 ; 55 ; 22 ; [2.5843782621404192] ; [0.79777672857500881]
789 ; 1 ; 55 ; 25 ; [3.8855600914188595] ; [2.2341653811458722]
789 ; 1 ; 55 ; 26 ; [4.878346394473918] ; [1.5322083961546902]
789 ; 1 ; 55 ; 30 ; [3.3490714956952088] ; [3.9739020854209905]
789 ; 1 ; 56 ; 0 ; [0.18190961589618679, 0.20800862236021075, 0.09771673743600752] ; [0.196498190578552, 0.15094675032807414, 0.17561981106968816]
789 ; 1 ; 57 ; 0 ; [0.50860057769053613, 0.58494316641559485, 0.32620603780704438] ; [0.30919798309042962, 0.59282803680179053, 0.25741234369449867]
789 ; 1 ; 58 ; 0 ; [0.042958034999679783, -0.00050717331164113193, 0.69221206518145673] ; [0.26014857786317552, 0.26672480760027872, 0.11700139367566748]
789 ; 1 ; 59 ; 0 ; [0.77686666712800378, 0.75007131522052839, 0.85262249232905929, 0.3872621293083946] ; [0.16570528606129456, 0.33196028334203148, 0.974208801100379, 0.54630718050344973]
789 ; 1 ; 59 ; 2 ; [0.27857137817018146] ; [0.015168491245757131]
789 ; 1 ; 60 ; 0 ; [1.8993276073095116] ; [0.0053511031748320476]
789 ; 1 ; 60 ; 4 ; [0.75498729026013378] ; [0.46989258119735622]
789 ; 1 ; 60 ; 5 ; [1.5369449636277528] ; [0.4365863082478002]
789 ; 1 ; 60 ; 7 ; [1.7120700975383483] ; [0.87817050960482901]
789 ; 1 ; 60 ; 18 ; [1.699610025033806] ; [1.6333053725519995]
789 ; 1 ; 60 ; 23 ; [1.3091061328475961] ; [0.33044763252815684]
789 ; 1 ; 60 ; 24 ; [1.8224196398926407] ; [2.0951588282980738]
789 ; 1 ; 60 ; 27 ; [1.3770832357778873] ; [1.7493180099453378]
789 ; 1 ; 60 ; 33 ; [1.6650346949862274] ; [1.4016073500523334]
789 ; 1 ; 60 ; 34 ; [0.83016102057774654] ; [1.2837923922345573]
789 ; 1 ; 60 ; 35 ; [1.7580401916167674] ; [1.9807085009556311]
789 ; 1 ; 60 ; 36 ; [2.0044138709245063] ; [1.834252419637743]
789 ; 1 ; 60 ; 45 ; [1.7549778031774828] ; [2.4425555910775243]
789 ; 1 ; 60 ; 46 ; [1.6710418366690465] ; [1.3049763610239096]
789 ; 1 ; 60 ; 49 ; [0.88405421433266984] ; [1.7797341683030983]
789 ; 1 ; 61 ; 0 ; [0.34844465398169239] ; [0.27295068195041283]
789 ; 1 ; 61 ; 1 ; [0.055333307360725004] ; [-0.048066243650029275]
789 ; 1 ; 61 ; 3 ; [0.56116948438054115] ; [0.1282667147288474]
789 ; 1 ; 61 ; 6 ; [0.51903783267865311] ; [1.6703887110304037]
789 ; 1 ; 62 ; 0 ; [0.34508712406664188] ; [0.34537754466441106]
789 ; 1 ; 62 ; 1 ; [0.87079669519327341] ; [0.13424995748254662]
789 ; 1 ; 62 ; 5 ; [0.0048278917624277875] ; [0.42944729763981482]
789 ; 1 ; 62 ; 6 ; [0.035560060106380596] ; [0.71383982825237069]
789 ; 1 ; 63 ; 0 ; [0.021406096672592936] ; [0.55467229457766187]
789 ; 1 ; 63 ; 1 ; [0.041636933226179118] ; [0.69295468814930683]
789 ; 1 ; 63 ; 4 ; [3.0328521999607845] ; [1.2678175957084186]
789 ; 1 ; 63 ; 5 ; [0.13808111211429638] ; [0.20300273226182236]
789 ; 1 ; 64 ; 0 ; [0.048024899285540351] ; [-0.036080078441818236]
789 ; 1 ; 64 ; 9 ; [0.04405689563963875] ; [1.42890491858556]
789 ; 1 ; 64 ; 12 ; [0.050725683123854344] ; [1.6832357683122638]
789 ; 1 ; 64 ; 14 ; [0.093704530777359754] ; [1.5660654023502527]
789 ; 1 ; 64 ; 15 ; [0.024027809778050354] ; [2.2500150213607406]
789 ; 1 ; 65 ; 0 ; [0.29519808820974758, 0.066243474563948745] ; [0.22864513709897002, 0.28188576368276858]
789 ; 1 ; 66 ; 0 ; [0.013102602342122434, -0.0039326793262926566, 0.13174552611248905] ; [0.18829284296668175, 0.35477991326240915, 0.42211618872018181]
789 ; 1 ; 66 ; 1 ; [0.18793905950261075] ; [-0.0046584619775943718]
789 ; 1 ; 66 ; 4 ; [0.078997182990400622] ; [-0.09830292003288997]
789 ; 1 ; 67 ; 0 ; [0.14889940103717997] ; [0.90100694723458408]
789 ; 1 ; 67 ; 3 ; [0.25292437413419583] ; [0.049538267049920745]
789 ; 1 ; 67 ; 13 ; [0.093062780248544447] ; [0.83374666778869522]
789 ; 1 ; 68 ; 0 ; [1.4550371227699039] ; [0.34756461102977293]
789 ; 1 ; 68 ; 2 ; [3.6465994430766266] ; [0.28701482345611001]
789 ; 1 ; 68 ; 4 ; [0.26734244158509685] ; [1.7149967045686174]
789 ; 1 ; 69 ; 0 ; [0.018863549825387883, 0.22303970727423023] ; [0.063414394283798858, 0.59586139363888579]
789 ; 1 ; 69 ; 1 ; [0.067213218253155835] ; [0.16361164655060551]
789 ; 1 ; 69 ; 2 ; [0.63809906280260387] ; [0.67973425087479977]
789 ; 1 ; 70 ; 1 ; [0.7426787141192347] ; [0.44630017159836793]
789 ; 1 ; 70 ; 4 ; [0.034386517917711835] ; [0.85366147100989731]
789 ; 1 ; 70 ; 5 ; [0.091956974079600337] ; [0.83214283964889857]
789 ; 1 ; 70 ; 8 ; [0.2411270298546932] ; [0.4871673221490353]
789 ; 1 ; 70 ; 10 ; [0.14834437518768842] ; [0.49991942879758894]
789 ; 1 ; 70 ; 11 ; [0.031856311495381796] ; [0.17471493402342578]
789 ; 1 ; 70 ; 14 ; [0.89063426755582387] ; [1.4611503622888256]
789 ; 1 ; 72 ; 1 ; [0.40766467116099953, 0.30275409522108249] ; [0.46561619153515538, 0.14204568872869311]
789 ; 1 ; 73 ; 0 ; [9.8810800303793496] ; [1.2922829770883972]
789 ; 1 ; 73 ; 1 ; [0.14992807215895479] ; [0.18369996039569775]
789 ; 1 ; 73 ; 2 ; [1.3278555393414888] ; [0.12950776492895544]
789 ; 1 ; 73 ; 4 ; [1.9224624915200634] ; [2.1574506667086646]
789 ; 1 ; 73 ; 5 ; [0.72959686440953075] ; [3.1246994518621118]
789 ; 1 ; 73 ; 6 ; [2.4354319181089399] ; [0.44741193233172993]
789 ; 1 ; 73 ; 7 ; [0.41923530968675488] ; [3.9198033364791369]
789 ; 1 ; 73 ; 8 ; [3.4196016602185684] ; [2.6844464165261317]
789 ; 1 ; 73 ; 9 ; [1.7182316562225868] ; [1.5345482542424798]
789 ; 1 ; 73 ; 12 ; [4.559908622138324] ; [2.2583724895456219]
789 ; 1 ; 73 ; 13 ; [4.9640206146067642] ; [3.4530971910501682]
789 ; 1 ; 73 ; 14 ; [0.10030476409523909] ; [0.40943891367893198]
789 ; 1 ; 73 ; 15 ; [7.086716808481559] ; [1.9978651320264951]
789 ; 1 ; 73 ; 16 ; [2.1332507869342927] ; [2.5824522162191546]
789 ; 1 ; 73 ; 17 ; [1.462884332052679] ; [2.6212773904439834]
789 ; 1 ; 73 ; 19 ; [0.1982168414665926] ; [0.82750578946336117]
789 ; 1 ; 74 ; 0 ; [0.32509354886796538, 0.25409179127782666, 0.39601737173242235] ; [0.2420081285152246, 0.15395798559107529, 0.31649690843087847]
789 ; 1 ; 75 ; 0 ; [0.4916343379537837] ; [0.1930921491242483]
789 ; 1 ; 75 ; 1 ; [0.29947654073759838] ; [0.29014635406022804]
789 ; 1 ; 75 ; 2 ; [1.0513232648546473] ; [0.74860881239667942]
789 ; 1 ; 76 ; 0 ; [0.04232777021909833] ; [-0.011627513675814431]
789 ; 1 ; 76 ; 1 ; [0.23102417568871497, 0.098254293997563386] ; [0.3016588692108586, 0.020559059702439285]
789 ; 1 ; 77 ; 0 ; [0.95245709328826544] ; [0.20546985837501427]
789 ; 1 ; 78 ; 0 ; [0.07973921477994704] ; [0.23349577915769615]
789 ; 1 ; 78 ; 1 ; [0.56249977985471711] ; [0.41100278747230468]
789 ; 1 ; 79 ; 0 ; [0.14589704794447894] ; [0.94698078762994253]
789 ; 1 ; 80 ; 1 ; [2.2076090659073886] ; [0.60664236603002863]
789 ; 1 ; 80 ; 2 ; [2.8646680366535491] ; [0.63994801622774555]
789 ; 1 ; 81 ; 0 ; [0.27620581910641168, -0.00061548216253839755, -0.0039206661264088354, 0.014627435320673791] ; [0.22869654880660198, 0.14110196384933066, 0.27929420835883906, 0.10233278556372606]
789 ; 1 ; 82 ; 1 ; [0.27034776802909288] ; [0.45395245980092164]
789 ; 1 ; 82 ; 2 ; [0.76011337142196411] ; [1.11981711642794]
789 ; 1 ; 82 ; 4 ; [0.58351109224129649] ; [1.1651449042775668]
789 ; 1 ; 82 ; 5 ; [0.67284124208696428] ; [0.98182816902908499]
789 ; 1 ; 82 ; 6 ; [0.24794038793243997] ; [1.1455888466376012]
789 ; 1 ; 82 ; 8 ; [0.027101375299161578] ; [0.051692263872332979]
789 ; 1 ; 84 ; 0 ; [0.16549248235436581, 0.1990605805634601, 0.047323932537000471] ; [0.16408687303489541, 0.17755838374701399, 0.049683402755842251]
789 ; 1 ; 85 ; 0 ; [0.92476074020888366] ; [0.14374950491998101]
789 ; 1 ; 85 ; 1 ; [1.0626320501609989] ; [4.7413470558354245]
789 ; 1 ; 85 ; 2 ; [2.185324020511406] ; [0.72143106210055363]
789 ; 1 ; 85 ; 3 ; [0.60574716896159186] ; [0.28099624751036689]
789 ; 1 ; 85 ; 4 ; [0.9258720166181228] ; [-0.00066021381675491152]
789 ; 1 ; 85 ; 6 ; [1.9035374538463212] ; [0.32961778072229736]
789 ; 1 ; 86 ; 0 ; [1.4805250687816582] ; [0.13371658227002733]
789 ; 1 ; 86 ; 5 ; [0.083714627522018831, 0.046399327645513203, 0.052031527851477896] ; [0.17644341064373623, 0.1919802828497621, 0.47257879857937329]
789 ; 1 ; 87 ; 0 ; [0.0092458938357588318] ; [0.0076306551505578683]
789 ; 1 ; 88 ; 0 ; [-0.015690584926461731, 0.043655372583342809, -0.0043546599516569133, 0.0067925355631409598, 0.033235852031621937] ; [0.19632211062366908, 0.25731695793135706, 0.21284617967518257, 0.18195309871073773, -0.11911429383710706]
789 ; 1 ; 89 ; 1 ; [0.035810857910970474] ; [0.045854847894571435]
789 ; 1 ; 89 ; 5 ; [0.18419396873747965] ; [1.207438343910008]
789 ; 1 ; 89 ; 8 ; [0.19285058093777022] ; [2.8416387632577709]
789 ; 1 ; 91 ; 0 ; [0.011784252331057498, 0.15999012375719326, 0.0048685407321719665] ; [0.31323013259322785, 0.24745512700129496, -0.039477983033462477]
789 ; 1 ; 91 ; 1 ; [0.054369402347361262, 0.08944455119016069] ; [0.14755682039833332, -0.0032735220895992955]
789 ; 1 ; 92 ; 0 ; [0.63632214653298913] ; [0.57067965632898132]
789 ; 1 ; 92 ; 1 ; [1.1308506953247062] ; [0.15172999941484672]
789 ; 1 ; 92 ; 4 ; [0.833378376994234] ; [0.050135188083937146]
789 ; 1 ; 93 ; 0 ; [0.17142787425874345, 0.13236022368139658] ; [0.7190317223113718, 0.29395831001390937]
789 ; 1 ; 93 ; 1 ; [-0.00046941848471064969] ; [0.55869701726650067]
789 ; 1 ; 93 ; 2 ; [0.088868200471466638] ; [-0.028834218509365395]
789 ; 1 ; 93 ; 3 ; [0.13163815779645963] ; [0.70335137174825035]
789 ; 1 ; 94 ; 0 ; [0.24745139613769612, 0.091521379799670247] ; [0.41927780681028487, 0.23054265143503233]
789 ; 1 ; 94 ; 2 ; [-0.0024187113713739013] ; [4.9462360924786841]
789 ; 1 ; 94 ; 3 ; [0.020802325575425735] ; [1.8448765482575573]
789 ; 1 ; 95 ; 0 ; [0.036002610836066651, 0.24286421362573563, 0.02982040369545761, -0.0091810336085861449] ; [0.1529913980713406, 0.40763068644962563, 0.38500502041751189, -0.009633783168183762]
789 ; 1 ; 96 ; 0 ; [0.20993857167659044] ; [0.50902310763940828]
789 ; 1 ; 96 ; 1 ; [0.24173964728368286] ; [0.30662858367909757]
789 ; 1 ; 97 ; 0 ; [0.069881357266053115, 0.084734571532680325, 0.022965901616767894, 0.087991891071742545] ; [0.14088190577065934, 0.15722183467673193, 0.30473795106063079, 0.1100380538961577]
789 ; 1 ; 98 ; 0 ; [0.11410469743372555] ; [0.76158301195120703]
789 ; 1 ; 98 ; 6 ; [1.8342481711241818] ; [0.95950448334659899]
789 ; 1 ; 98 ; 10 ; [2.4349463429928533] ; [2.1462999660186628]
789 ; 1 ; 98 ; 12 ; [1.0335559995307408] ; [0.035348249112989255]
789 ; 1 ; 98 ; 13 ; [0.55390911134291221] ; [0.14023152845839143]
789 ; 1 ; 98 ; 14 ; [0.51898804584623681] ; [1.0842235079118328]
789 ; 1 ; 98 ; 15 ; [0.1486743662227496] ; [0.96047616848356121]
789 ; 1 ; 99 ; 0 ; [0.16870857938004463, 0.072744645989963622, 0.10453588447087361, 0.021028043771847763] ; [0.3135470078213965, 0.13031771684655588, 0.22333131844024273, 0.24022234339527415]
789 ; 1 ; 100 ; 0 ; [0.50215270018456049] ; [1.6601095909804495]
789 ; 1 ; 100 ; 2 ; [2.0447853434401] ; [0.012993045664600758]
789 ; 1 ; 101 ; 0 ; [2.304944474747546] ; [1.8142533396986638]
789 ; 1 ; 101 ; 1 ; [4.351574048130769] ; [1.871755235516229]
789 ; 1 ; 101 ; 2 ; [2.1671937400029466] ; [1.9240244529640909]
789 ; 1 ; 101 ; 3 ; [1.9924854434023775] ; [1.9905502084038653]
789 ; 1 ; 101 ; 4 ; [1.067686357318147] ; [3.3866302520341747]
789 ; 1 ; 101 ; 5 ; [3.1022742703589032] ; [3.2981186279097527]
789 ; 1 ; 101 ; 6 ; [1.9725477247205976] ; [0.15554919891653687]
789 ; 1 ; 101 ; 7 ; [4.5878810759095439] ; [1.3860236299022997]
789 ; 1 ; 101 ; 8 ; [1.1140001543202926] ; [1.3650291599333413]
789 ; 1 ; 101 ; 9 ; [0.5914771499768644] ; [2.3534270718977925]
789 ; 1 ; 101 ; 10 ; [1.5516107133056378] ; [2.1962295452003979]
789 ; 1 ; 101 ; 11 ; [1.6137968343498013] ; [0.17067799892185617]
789 ; 1 ; 101 ; 12 ; [1.4472935292889892] ; [1.5653274454264603]
789 ; 1 ; 101 ; 14 ; [3.0319222965819161] ; [1.6465796440164966]
789 ; 1 ; 101 ; 16 ; [1.8185918961115166] ; [0.65411918401121827]
789 ; 1 ; 101 ; 17 ; [1.6912854264041646] ; [1.7355175118186306]
789 ; 1 ; 101 ; 18 ; [3.7836395138748191] ; [2.2071481936256077]
789 ; 1 ; 101 ; 19 ; [3.0355112055573077] ; [4.2523254804660118]
789 ; 1 ; 101 ; 20 ; [3.2416531078588799] ; [1.313916998851506]
789 ; 1 ; 101 ; 21 ; [1.5547726239439672] ; [2.2506876251581733]
789 ; 1 ; 101 ; 22 ; [1.6441168604896252] ; [0.21524129159413008]
789 ; 1 ; 101 ; 24 ; [1.3910336529627056] ; [2.1471483246198853]
789 ; 1 ; 101 ; 25 ; [2.5474903410831904] ; [0.76054611270479022]
789 ; 1 ; 101 ; 26 ; [3.3949839664764858] ; [0.33043864912918369]
789 ; 1 ; 101 ; 27 ; [4.2507765919555345] ; [1.9516185419463998]
789 ; 1 ; 101 ; 28 ; [1.3086686095108451] ; [1.8471785921739456]
789 ; 1 ; 101 ; 30 ; [0.68457882822570204] ; [2.6480464039649343]
789 ; 1 ; 101 ; 31 ; [4.3068918498288644] ; [1.3388715189903435]
789 ; 1 ; 101 ; 32 ; [3.9204994049880959] ; [2.1996863691742794]
789 ; 1 ; 101 ; 33 ; [1.5445866302194697] ; [3.9776929202732894]
789 ; 1 ; 101 ; 34 ; [0.9427008351835674] ; [2.1548423314976795]
789 ; 1 ; 101 ; 35 ; [0.70591804413621984] ; [1.4278800953790662]
789 ; 1 ; 101 ; 36 ; [1.4482398459965269] ; [1.122299045153103]
789 ; 1 ; 101 ; 39 ; [1.6488341746130977] ; [2.19580508771074]
789 ; 1 ; 101 ; 40 ; [1.1756810338785004] ; [1.658163188742759]
789 ; 1 ; 101 ; 41 ; [2.774624501123319] ; [2.7850804957925628]
789 ; 1 ; 101 ; 43 ; [2.7435697543127562] ; [2.4576304965162898]
789 ; 1 ; 101 ; 44 ; [1.8827463252241565] ; [1.6553395809040898]
789 ; 1 ; 101 ; 45 ; [3.9637094649147877] ; [1.4877720898982951]
789 ; 1 ; 101 ; 46 ; [2.2030103079346062] ; [1.6350052984236396]
789 ; 1 ; 101 ; 47 ; [2.4411425355950533] ; [2.2764794649431668]
789 ; 1 ; 101 ; 50 ; [2.2743608691984529] ; [3.4139559141725622]
789 ; 1 ; 101 ; 52 ; [2.5027463353432919] ; [1.6902211844437598]
789 ; 1 ; 101 ; 54 ; [0.73629407282308168] ; [4.8173226775713616]
789 ; 1 ; 101 ; 55 ; [6.1104092266264232] ; [2.661318171118479]
789 ; 1 ; 101 ; 59 ; [1.3857029459866741] ; [1.6646819464613658]
789 ; 1 ; 101 ; 60 ; [0.85059710713620318] ; [0.69078836526926901]
789 ; 1 ; 101 ; 61 ; [2.1181846464414624] ; [1.2716898516881807]
789 ; 1 ; 101 ; 62 ; [1.698602996324567] ; [1.5707034416112304]
789 ; 1 ; 101 ; 63 ; [2.7161508755859112] ; [1.9305388632506133]
789 ; 1 ; 101 ; 64 ; [2.8327980348103425] ; [1.5142582421974149]
789 ; 1 ; 102 ; 0 ; [0.11562751172039254, 0.16165910293376698, 0.49927128097272377, 0.33815282655964546] ; [0.11773199620534801, 0.12567359080921303, 0.29402227129949832, -0.11259168377562452]
789 ; 1 ; 102 ; 3 ; [0.081272229655783998] ; [-0.0099286688847763371]
789 ; 1 ; 102 ; 5 ; [0.53801678033576217] ; [0.095587702699519897]
789 ; 1 ; 103 ; 2 ; [1.1059822495499769] ; [0.9236885484922821]
789 ; 1 ; 104 ; 0 ; [2.3474788599968348] ; [1.8010262477104084]
789 ; 1 ; 104 ; 1 ; [2.2830713819141897] ; [1.1662643953011174]
789 ; 1 ; 104 ; 2 ; [0.93919243360276938] ; [0.75716810108375376]
789 ; 1 ; 104 ; 7 ; [1.9721066192656576] ; [1.1587668934059003]
789 ; 1 ; 104 ; 8 ; [0.21483695111571552] ; [0.20781332054475823]
789 ; 1 ; 104 ; 10 ; [4.8557387499034812] ; [1.9733704928459634]
789 ; 1 ; 104 ; 16 ; [2.8988335207894638] ; [0.70604399422938191]
789 ; 1 ; 104 ; 20 ; [0.2208459897228244] ; [1.3922048944334451]
789 ; 1 ; 104 ; 21 ; [0.22059032026112166] ; [1.4026854273743268]
789 ; 1 ; 105 ; 0 ; [0.54169145834000754] ; [-0.029011759793469254]
789 ; 1 ; 105 ; 1 ; [1.9785992617359105, 0.80759810398167864] ; [0.56185653345239661, 0.44346235107307214]
789 ; 1 ; 105 ; 2 ; [0.38737403989734476] ; [0.75043855221999667]
789 ; 1 ; 105 ; 3 ; [0.30145986263974228] ; [-0.018705186247630963]
789 ; 1 ; 105 ; 4 ; [0.56679684356388804] ; [1.7771336820734021]
789 ; 1 ; 105 ; 5 ; [0.49682622762837475] ; [0.077813315156295471]
789 ; 1 ; 106 ; 0 ; [0.22999356395876935, 0.40897527467471212, 0.14319867792920543, 0.11669530877535914] ; [0.17468426376781876, 0.22225261911351199, 0.11810108852517719, 0.15757292640733939]
789 ; 1 ; 107 ; 0 ; [0.74078931021787298] ; [0.82390305417961363]
789 ; 1 ; 108 ; 0 ; [0.59637500322803128] ; [0.53535162849221818]
789 ; 1 ; 108 ; 1 ; [0.2194809535874572] ; [-0.031842065723107257]
789 ; 1 ; 108 ; 2 ; [0.80407891984617086] ; [0.13030287901124635]
789 ; 1 ; 108 ; 4 ; [0.049184471281571385] ; [0.10102477076577726]
789 ; 1 ; 108 ; 8 ; [0.57175999575097303] ; [0.16232426908084369]
789 ; 1 ; 109 ; 0 ; [0.16385111614057524, 0.0051045628625430899] ; [0.17131037874527502, 0.27729540906671812]
789 ; 1 ; 110 ; 0 ; [2.2241152119519496] ; [1.8363476236434144]
789 ; 1 ; 110 ; 1 ; [2.3239993052552874, 2.1261204861707381] ; [1.1707438240589165, 5.2554672852602824]
789 ; 1 ; 110 ; 3 ; [1.5155587980505076] ; [0.95464115337290556]
789 ; 1 ; 110 ; 5 ; [0.70919398517607324] ; [2.5325531331576117]
789 ; 1 ; 110 ; 6 ; [0.66815151003970497] ; [1.773832713594045]
789 ; 1 ; 110 ; 7 ; [1.9088587172054392] ; [1.4669663904410917]
789 ; 1 ; 110 ; 8 ; [0.64818293269290861] ; [1.1759249063675765]
789 ; 1 ; 110 ; 9 ; [1.3986020466742255] ; [-0.23421637341109622]
789 ; 1 ; 110 ; 12 ; [2.753289266525595] ; [1.6387106266212792]
789 ; 1 ; 110 ; 13 ; [0.31510893156048381] ; [5.7087901347601102]
789 ; 1 ; 110 ; 14 ; [1.7640162065535263] ; [2.2061695707177442]
789 ; 1 ; 110 ; 15 ; [1.9115024838810089] ; [1.2788545469163015]
789 ; 1 ; 111 ; 0 ; [0.69569168677610072] ; [1.0568547519263276]
789 ; 1 ; 111 ; 2 ; [0.30793022831232947] ; [0.22378811891121964]
789 ; 1 ; 111 ; 3 ; [0.23925647494525093] ; [0.57452256868691631]
789 ; 1 ; 112 ; 0 ; [0.086120076083736966, -0.012944864655440966] ; [0.2459494930564986, 0.054446860581006139]
789 ; 1 ; 113 ; 0 ; [-0.0017534976823560654, -0.0015694766309162986, 0.03120447549465968, 1.3632271704486876] ; [0.1073930872796376, 0.63795380791384748, 0.23396992410467884, 0.45953892529050766]
789 ; 1 ; 114 ; 0 ; [0.29595913752161584] ; [3.210437670688735]
789 ; 1 ; 115 ; 0 ; [0.072016652846154758] ; [0.062308727725524066]
789 ; 1 ; 115 ; 1 ; [0.67060223598907653] ; [0.11129535177277224]
789 ; 1 ; 115 ; 10 ; [1.9040710517805299] ; [0.35596128159167278]
789 ; 1 ; 115 ; 28 ; [0.57027291972334937, 1.1051852542487781] ; [0.3682973444991251, 0.1324547839927967]
789 ; 1 ; 116 ; 0 ; [0.004226680006150528, 0.34298510684336536] ; [0.31960795721157925, 0.27033567919007012]
789 ; 1 ; 116 ; 1 ; [0.014824184826932976] ; [0.0053735270191884654]
789 ; 1 ; 116 ; 2 ; [1.0962958721639073] ; [0.024454599770220527]
789 ; 1 ; 117 ; 2 ; [-0.15539969365712533] ; [-0.011068255312277966]
789 ; 1 ; 118 ; 0 ; [0.16143542724207829, 0.2130026522761278] ; [0.1983044620556767, 0.24518309284403536]
789 ; 1 ; 118 ; 1 ; [1.5596545750993505] ; [0.17079654571751599]
789 ; 1 ; 118 ; 6 ; [0.068254533985538657] ; [1.0234762323244115]
789 ; 1 ; 119 ; 0 ; [0.015556966039025661, 0.0092548394359856494] ; [0.49314807300508634, 0.19553626046403716]
789 ; 1 ; 120 ; 1 ; [0.80900067483467308, 0.31608785935404482, 0.3020213691266142, 0.069652185514920639] ; [0.60957768116947042, 0.30643540932688607, 0.27619384727560714, 0.27228876896474702]
789 ; 1 ; 121 ; 0 ; [0.33122132626064543, 0.31120371125654051] ; [1.2051858253610537, 0.31860773141111759]
789 ; 1 ; 121 ; 1 ; [0.025277638407579749] ; [0.36552272455350254]
789 ; 1 ; 121 ; 6 ; [0.047279623446760864] ; [1.9163673164254105]
789 ; 1 ; 122 ; 0 ; [0.40410943896768137] ; [0.30557944035563184]
789 ; 1 ; 122 ; 1 ; [0.055490642536619901] ; [0.47536126170585863]
789 ; 1 ; 122 ; 2 ; [1.4975401777672652] ; [0.98904843598103676]
789 ; 1 ; 122 ; 4 ; [7.2546285496507208] ; [10.465985022579389]
789 ; 1 ; 122 ; 6 ; [4.9034370006715813] ; [1.0909008919420609]
789 ; 1 ; 123 ; 0 ; [1.190775053798113] ; [2.5362117237780417]
789 ; 1 ; 123 ; 2 ; [0.22519229639097824] ; [1.8700279342659187]
789 ; 1 ; 123 ; 4 ; [0.21774707883660824] ; [1.767504817345491]
789 ; 1 ; 124 ; 0 ; [2.5765179268310114] ; [0.48160577459349002]
789 ; 1 ; 124 ; 1 ; [0.82984527470733938, -0.0022240727215066276] ; [0.057087331994985467, 0.030522394298714291]
789 ; 1 ; 125 ; 0 ; [0.29048009139204684] ; [0.16977531926180889]
789 ; 1 ; 125 ; 1 ; [0.12632098427758934] ; [-0.0021130832154503563]
789 ; 1 ; 125 ; 2 ; [0.23746214843614011] ; [0.19636706554343311]
789 ; 1 ; 126 ; 0 ; [0.063515718196741774] ; [0.00019173212139171793]
789 ; 1 ; 126 ; 1 ; [0.23719193790779727] ; [0.96030628968938503]
789 ; 1 ; 126 ; 2 ; [0.2882044753524175] ; [3.6243000062586193]
789 ; 1 ; 127 ; 0 ; [0.087784723387888092, 0.064769140899786706] ; [0.11596084073978315, 0.0041806100268382655]
789 ; 1 ; 127 ; 1 ; [0.15638687507798651] ; [0.01969441817805891]
789 ; 1 ; 127 ; 2 ; [0.28441515972545733] ; [0.068655429811723179]
789 ; 1 ; 128 ; 0 ; [0.095498906971446612] ; [0.19111461044348943]
789 ; 1 ; 128 ; 1 ; [0.12517991817907689] ; [-0.019746264625677315]
789 ; 1 ; 128 ; 3 ; [0.56510423388709885] ; [1.2669512713391564]
789 ; 1 ; 128 ; 8 ; [0.010175351165164282] ; [0.45191916139774191]
789 ; 1 ; 129 ; 0 ; [0.23304887816204584, 1.5466923308286182] ; [0.66047871830741134, 0.12622404776629823]
789 ; 1 ; 130 ; 0 ; [0.39818266579381106] ; [0.63693183681397492]
789 ; 1 ; 131 ; 0 ; [0.32101928327759177] ; [0.33050426349336498]
789 ; 1 ; 131 ; 2 ; [0.005798991998654344] ; [0.0036053027956937339]
789 ; 1 ; 132 ; 0 ; [0.33646955541074169, 0.23568175320773566] ; [0.25069412546041292, 0.13196698143099236]
789 ; 1 ; 132 ; 1 ; [0.16592233428675934] ; [4.408892389691645]
789 ; 1 ; 132 ; 2 ; [0.096596023580631796] ; [2.2066841768885057]
789 ; 1 ; 133 ; 0 ; [0.06143745104490763, 0.25066495532415567, 0.0084066794942851859] ; [0.26819617091076264, 0.35810062892643602, 0.26130956932779653]
789 ; 1 ; 134 ; 0 ; [0.22762915268928702, 0.66007787137107088] ; [0.33786224029731193, 0.14422671556824704]
789 ; 1 ; 134 ; 1 ; [0.092135265976417441] ; [-0.38016894210939256]
789 ; 1 ; 135 ; 0 ; [2.6817555622139597, 0.95973043758443133] ; [0.6381210154931366, 0.36068548202524953]
789 ; 1 ; 135 ; 2 ; [0.41378996150790875] ; [1.2186215622462375]
789 ; 1 ; 136 ; 0 ; [0.35272943184042344, 1.0347431625445258, 0.26331070608844481] ; [0.34831832620399789, 0.92645757943108942, 0.40720228016203425]
789 ; 1 ; 136 ; 1 ; [-0.0055145909609689552] ; [-0.0061055999886718178]
789 ; 1 ; 137 ; 0 ; [-0.0060710118063831489, -0.0035012636108127998] ; [0.24907085500182549, 0.1705147430939162]
789 ; 1 ; 137 ; 1 ; [0.036801510756353004] ; [0.059504348208670448]
789 ; 1 ; 138 ; 0 ; [0.054636951304220076, 0.18576025255819018, 0.43645955970036204, 1.4176436277032765] ; [0.081068953499082969, 0.88451065353749669, 0.68475622259159963, 0.13987668135287501]
789 ; 1 ; 138 ; 1 ; [0.14770485021164459] ; [0.21735448129725879]
789 ; 1 ; 139 ; 0 ; [0.247460934526679, 0.0092323472998057012, -0.029823799517333511] ; [0.35024850316435574, 0.22553660531261707, 0.060637517254192135]
789 ; 1 ; 140 ; 0 ; [0.18224321947831651, 0.18308651299964579, 1.5101629601611721] ; [0.21606344893934015, 0.32858708178820972, 0.1441406714090476]
789 ; 1 ; 140 ; 2 ; [0.033068900080507731] ; [0.62869257660442623]
789 ; 1 ; 141 ; 0 ; [0.057520518424408106, 0.086311569754259396, 0.04627253249666189] ; [0.1890199928882903, 0.22285193710835419, 0.011705137406094565]
789 ; 1 ; 143 ; 0 ; [1.3786451413154506, 0.20727897789749336, 0.20688063496850695, 0.20306776856586822, 0.15745094243620975] ; [0.10767520467040635, 0.15343335621586751, 0.11841562456433102, 0.31048995686502523, 0.1367488147111493]
789 ; 1 ; 143 ; 1 ; [1.0621173549858536] ; [0.099093875680267868]
789 ; 1 ; 143 ; 3 ; [0.013008432425896171] ; [0.13525069206799079]
789 ; 1 ; 144 ; 0 ; [0.018995813953952768, 0.068149578738989969, 0.025853417113580426] ; [0.19366404374438534, 0.25237022443473206, 0.50060023595824144]
789 ; 1 ; 145 ; 1 ; [1.3617067954578381] ; [0.31769157951076687]
789 ; 1 ; 145 ; 3 ; [0.61896231896684417, 0.3892084975970545] ; [0.57228274348354158, 0.39728697580978034]
789 ; 1 ; 146 ; 1 ; [0.15344393586416832] ; [0.12921213905851514]
789 ; 1 ; 146 ; 2 ; [0.67031107189556749] ; [0.64748905408170676]
789 ; 1 ; 147 ; 0 ; [0.27108202196818321, 0.12075391340014441, 0.13581799458931035, 0.065036001339392913, 0.018413981081212037] ; [0.1645130764821966, 0.14755644153972181, 0.12710464730825444, 0.11014622368394542, 0.20535414414597905]
789 ; 1 ; 147 ; 1 ; [0.0018975762972370243, 0.41939641117943605] ; [0.16976262167206146, 0.22047862936982243]
789 ; 1 ; 148 ; 0 ; [1.5666536674694345] ; [0.59218414093104199]
789 ; 1 ; 148 ; 6 ; [0.55067722784292106] ; [-0.0076362709023567567]
789 ; 1 ; 148 ; 10 ; [1.9747978819893883] ; [0.76602700596975404]
789 ; 1 ; 148 ; 11 ; [1.1967058411309146] ; [0.84054827175720803]
789 ; 1 ; 148 ; 16 ; [1.0646004291488889] ; [4.7015359324246102]
789 ; 1 ; 148 ; 17 ; [0.58405591276730984] ; [0.38106329331413802]
789 ; 1 ; 148 ; 18 ; [2.4506536196095756] ; [0.95092112211693736]
789 ; 1 ; 148 ; 19 ; [0.002783751177351388] ; [0.70929477446607825]
789 ; 1 ; 148 ; 21 ; [0.0017212972024504784] ; [0.33294243176143329]
789 ; 1 ; 148 ; 22 ; [0.00085243747665247015] ; [1.9524912975752384]
789 ; 1 ; 148 ; 27 ; [1.34231664176346] ; [1.4207944342545713]
789 ; 1 ; 149 ; 0 ; [0.71849133169476764, 19.5961557893622] ; [0.15611858251903912, 0.25710781722992876]
789 ; 1 ; 149 ; 1 ; [0.19725417930868475] ; [0.15633276964521228]
789 ; 1 ; 150 ; 5 ; [1.1822261018179987] ; [0.58686383705479572]
789 ; 1 ; 150 ; 10 ; [1.1719153116199827] ; [0.9463936949162387]
789 ; 1 ; 150 ; 16 ; [0.0169682512738192] ; [2.8851147220931317]
789 ; 1 ; 150 ; 17 ; [0.035280450059616678] ; [0.53923659667760226]
789 ; 1 ; 151 ; 0 ; [0.15247530623124367] ; [1.449678080531033]
789 ; 1 ; 151 ; 2 ; [0.29508635577954817] ; [0.63489784105404368]
789 ; 1 ; 151 ; 3 ; [1.8062144806171825] ; [1.4401304260732324]
789 ; 1 ; 151 ; 4 ; [0.83692748220632174] ; [0.76685226594306066]
789 ; 1 ; 151 ; 5 ; [1.8992713295041621] ; [0.32952363784565414]
789 ; 1 ; 151 ; 8 ; [1.9621199764567194] ; [0.3351721976800876]
789 ; 1 ; 152 ; 0 ; [0.42764716413052356] ; [0.43512266150748663]
789 ; 1 ; 152 ; 2 ; [0.0071446606329526128] ; [1.7826934049018943]
789 ; 1 ; 153 ; 0 ; [0.052822724429813596, 0.009877709877168411, 0.053489788708545857, 0.11476854463995716, 0.0076311164168297264] ; [0.35706358777172553, 0.12539611959430602, 0.19634126781211209, 0.26807635339877156, 0.090943488033127115]
789 ; 1 ; 153 ; 1 ; [1.7878876288474994] ; [0.092627777841537681]
789 ; 1 ; 153 ; 2 ; [-3.6465527048872045e-05] ; [0.027348154268362349]
789 ; 1 ; 154 ; 0 ; [0.0057113960645976047] ; [-0.0017016473176943666]
789 ; 1 ; 155 ; 0 ; [3.2407390496503989] ; [0.46136493550134777]
789 ; 1 ; 155 ; 1 ; [0.13069182513250027] ; [0.95184905466045655]
789 ; 1 ; 155 ; 3 ; [6.2423302397784264] ; [1.6697082153408367]
789 ; 1 ; 155 ; 4 ; [0.28847587666430935] ; [3.511798156635439]
789 ; 1 ; 155 ; 7 ; [1.5024633228145519] ; [2.5803431931624758]
789 ; 1 ; 155 ; 9 ; [0.020607322593934475] ; [0.94408699778208927]
789 ; 1 ; 156 ; 0 ; [0.24198048742677544, 0.04220865854083046, 0.042715117243630932, 0.026369195799701876] ; [0.33278714070483234, 0.17086470928955785, 0.17580967562331309, 0.077108703760919911]
789 ; 1 ; 157 ; 0 ; [0.27435219434631419, 0.48339836300606681] ; [0.28139890985345223, 0.53147911531737202]
789 ; 1 ; 157 ; 2 ; [1.3890029925101472] ; [0.94704499026545053]
789 ; 1 ; 158 ; 0 ; [0.08444562186385135, 0.10548716423446121, 0.062342491172881834] ; [0.17299327999506139, 0.27239466556691455, 0.09758717143813142]
789 ; 1 ; 158 ; 1 ; [0.85329994018472966] ; [0.017817872423731486]
789 ; 1 ; 159 ; 1 ; [0.40902694310921217] ; [0.10208955036125753]
789 ; 1 ; 159 ; 2 ; [0.12759102074903828] ; [0.030170681531882685]
789 ; 1 ; 160 ; 0 ; [0.70315341997247816, 0.32140188862568198, 0.28861014707549909, 0.19824642385319011] ; [0.27530843844004504, 0.21423264199548286, 0.11342740974588159, 0.18081221460068123]
789 ; 1 ; 161 ; 0 ; [1.7854843668548701, 1.1378993377336655] ; [1.3834576516289745, 1.6013166830172629]
789 ; 1 ; 161 ; 2 ; [4.1181330264235232] ; [1.3800483054813386]
789 ; 1 ; 162 ; 0 ; [0.24149040082008319] ; [0.47997011263130118]
789 ; 1 ; 162 ; 9 ; [0.47365003661725474] ; [2.6234598967396896]
789 ; 1 ; 162 ; 11 ; [0.33549065894933361] ; [1.952259919670686]
789 ; 1 ; 162 ; 13 ; [0.33590291646126508] ; [2.5430080356558018]
789 ; 1 ; 162 ; 17 ; [1.2271217860164869] ; [2.7749448858409744]
789 ; 1 ; 162 ; 20 ; [1.6596800164252556] ; [1.4072692091721422]
789 ; 1 ; 163 ; 0 ; [0.19669830216766376, 0.35114273991829004, 0.31582581572326729, 0.064669783076086867] ; [0.18883086258659493, 0.27210452594719525, 0.56432160029223721, 0.37298793182155671]
789 ; 1 ; 164 ; 1 ; [0.10740806403907482] ; [0.61793962408235659]
789 ; 1 ; 164 ; 2 ; [0.48988313690394747] ; [2.4147228919300256]
789 ; 1 ; 164 ; 7 ; [0.014913130419681606] ; [1.7199955371468749]
789 ; 1 ; 165 ; 0 ; [0.26063613592090912] ; [0.059776182161699311]
789 ; 1 ; 165 ; 1 ; [2.0092373047474203] ; [2.3586818406058798]
789 ; 1 ; 165 ; 2 ; [0.32585275606078901] ; [1.5069329942863157]
789 ; 1 ; 165 ; 3 ; [6.3603952547478038] ; [1.7763876627387005]
789 ; 1 ; 165 ; 4 ; [1.0715964523022263] ; [1.559403794414969]
789 ; 1 ; 165 ; 10 ; [0.68046948189322021] ; [1.65145731031295]
789 ; 1 ; 166 ; 0 ; [0.0077150726529706445] ; [0.15688380954842476]
789 ; 1 ; 166 ; 1 ; [0.30252281277606069, 0.33167325990610047] ; [0.46790897916354934, 0.11049455501160499]
789 ; 1 ; 166 ; 2 ; [0.098876031061199021] ; [0.26204692468024882]
789 ; 1 ; 166 ; 3 ; [-0.0005220134149798093] ; [0.09616907694161736]
789 ; 1 ; 167 ; 0 ; [0.81285285274405283] ; [0.27832781393499983]
789 ; 1 ; 167 ; 1 ; [0.0033946811526186253] ; [0.30765830478076278]
789 ; 1 ; 168 ; 0 ; [0.30808356212663929, 0.14613909701133726, 0.14975468947424586, 0.20865758545066168, 0.4512598426629601] ; [0.0506652928400734, 0.16886953106172095, 0.28526336571569555, 0.093899480371624031, 0.45806075564190851]
789 ; 1 ; 168 ; 1 ; [0.14228385965599691] ; [0.0021490812799945811]
789 ; 1 ; 168 ; 2 ; [0.30945474270358547] ; [0.018191038723154758]
789 ; 1 ; 168 ; 3 ; [0.094265285528532097] ; [0.0051200701055619854]
789 ; 1 ; 169 ; 0 ; [0.092149577001330668, 0.089290662701110773, 0.042930442920468527] ; [0.1697728165328142, 0.1801545461743668, 0.13096647996130664]
789 ; 1 ; 170 ; 0 ; [0.15329047660396117, 0.14405594144814096, 0.094679568809666312] ; [0.18893906206404867, 0.26862775914849518, 0.055855199120309361]
789 ; 1 ; 171 ; 0 ; [0.16920969739715605, 0.72128317554121635] ; [0.54196958220952607, 0.39170291123997386]
789 ; 1 ; 171 ; 1 ; [0.47893148666202473] ; [0.22425903645498774]
789 ; 1 ; 172 ; 0 ; [0.058630059695507331, 0.056205145788794722] ; [0.066313122220829496, 0.06605539692654154]
789 ; 1 ; 172 ; 1 ; [0.54125284964591647] ; [0.77301583620798953]
789 ; 1 ; 172 ; 5 ; [0.31952379349151855] ; [0.43918921766917374]
789 ; 1 ; 173 ; 0 ; [0.027268186748841523, 0.092650840170323642] ; [0.19718682842433372, 0.23856596913612366]
789 ; 1 ; 173 ; 1 ; [0.018595555802032659] ; [0.022092750273694423]
789 ; 1 ; 174 ; 0 ; [0.0070010939093662471, 0.029167550893387229, 0.089674237982850097] ; [0.30371283220583711, 0.23350820795406474, 0.031826424961486396]
789 ; 1 ; 174 ; 2 ; [0.10180350465306777] ; [-0.0091844941939316985]
789 ; 1 ; 175 ; 0 ; [1.1859098648547675] ; [1.0154122423318932]
789 ; 1 ; 175 ; 2 ; [1.7928828018778959] ; [0.71306474387550001]
789 ; 1 ; 175 ; 5 ; [4.8246238738717029] ; [2.0256134416233742]
789 ; 1 ; 175 ; 13 ; [1.5317375589747981] ; [1.8548271806404595]
789 ; 1 ; 175 ; 16 ; [1.0442229283878972] ; [1.5433608343425409]
789 ; 1 ; 175 ; 17 ; [0.2071395433292739] ; [-0.36723196805696168]
789 ; 1 ; 176 ; 0 ; [0.080978835483727196] ; [0.48007439908256638]
789 ; 1 ; 176 ; 2 ; [0.058922489110795916] ; [0.38199672972529225]
789 ; 1 ; 176 ; 4 ; [1.2187915894521291] ; [1.2877344337514478]
789 ; 1 ; 176 ; 7 ; [0.76607738708173378] ; [0.012618891404106535]
789 ; 1 ; 176 ; 8 ; [0.1048278919357301] ; [1.2380651417215687]
789 ; 1 ; 177 ; 0 ; [0.22678381027133226, 0.13802250682071235] ; [0.23199580195543149, 0.12374738464881287]
789 ; 1 ; 178 ; 0 ; [0.28414444327639632] ; [0.16747398978801881]
789 ; 1 ; 178 ; 3 ; [-0.0017808400098031445] ; [1.9245463495977835]
789 ; 1 ; 178 ; 4 ; [0.89845238615067002] ; [1.0419734243295291]
789 ; 1 ; 179 ; 0 ; [2.2662439028865005] ; [0.47955923648928689]
789 ; 1 ; 179 ; 1 ; [0.23715739733626229] ; [0.086185823405207737]
789 ; 1 ; 179 ; 2 ; [1.9592696189317709] ; [0.28379972708141288]
789 ; 1 ; 179 ; 3 ; [0.91335845410707095] ; [1.9001233093566308]
789 ; 1 ; 179 ; 4 ; [0.028420067441317341] ; [0.54827794943745134]
789 ; 1 ; 179 ; 5 ; [2.2288445668326942] ; [1.5521704240144092]
789 ; 1 ; 179 ; 6 ; [1.9728031324440858] ; [1.0899457465838656]
789 ; 1 ; 179 ; 11 ; [1.6600687168899328] ; [2.4522065779818201]
789 ; 1 ; 179 ; 12 ; [1.4869980377294285] ; [3.1163879135945276]
789 ; 1 ; 179 ; 16 ; [1.1038092001596442] ; [3.5296155257327775]
789 ; 1 ; 179 ; 17 ; [2.4971987490459226] ; [1.5093617393979044]
789 ; 1 ; 182 ; 0 ; [0.37239871540889857, 0.1583853979885628, 0.36735952537635785] ; [0.42963788506853201, 0.098669370829490677, 0.13805231316090755]
789 ; 1 ; 183 ; 0 ; [-0.016671946257668768] ; [-0.051773917377220591]
789 ; 1 ; 183 ; 2 ; [1.675300463425154] ; [0.38207825835769704]
789 ; 1 ; 183 ; 3 ; [0.32929798941373745] ; [0.91293413235409748]
789 ; 1 ; 184 ; 0 ; [0.58403558673277667] ; [0.61480522360079504]
789 ; 1 ; 184 ; 2 ; [0.64386233917799673] ; [0.83340804263721191]
789 ; 1 ; 184 ; 5 ; [0.14750918505204938] ; [0.64713406168005461]
789 ; 1 ; 185 ; 0 ; [0.62217391927935561] ; [0.39939876944183622]
789 ; 1 ; 185 ; 3 ; [0.7233017463094179] ; [0.075214076835840749]
789 ; 1 ; 185 ; 5 ; [0.019080789291360114] ; [0.58245476518129913]
789 ; 1 ; 186 ; 0 ; [-0.0023095379320012088, 0.11047218551962951, 0.2217883409654976] ; [0.14964215822907059, 0.21016439534944595, 0.28938786970809965]
789 ; 1 ; 186 ; 1 ; [0.17190223638312277] ; [0.042474707320191409]
789 ; 1 ; 187 ; 0 ; [0.27992809465303475] ; [0.20656835526221348]
789 ; 1 ; 187 ; 2 ; [0.36757720061457799] ; [1.6173937385392092]
789 ; 1 ; 187 ; 6 ; [2.0016415942463222] ; [0.87298519418027754]
789 ; 1 ; 188 ; 0 ; [0.17028916614031794, 0.16682850295930188, -0.00094562542167303813] ; [0.15483447399843361, 0.21338938410561836, 0.10515623798936893]
789 ; 1 ; 189 ; 0 ; [0.0022513893417676956, 0.0081504018533635758] ; [0.2488544534930987, 0.15673006829328076]
789 ; 1 ; 190 ; 0 ; [0.22927645060966031, 0.033894481258872511] ; [0.28652527445648973, 0.22567411599953072]
789 ; 1 ; 191 ; 1 ; [0.13589732483849642, 0.021007762871278993, 0.0040096190434897221] ; [0.3325763598844893, 0.14296064247833506, 0.2361378514173342]
789 ; 1 ; 192 ; 0 ; [0.97079955070621038] ; [0.79610616375830101]
789 ; 1 ; 192 ; 1 ; [1.8368604250562546] ; [0.99038051827118057]
789 ; 1 ; 193 ; 0 ; [0.13980427970172085, 0.13604095268957972, 0.15905655627205939] ; [0.3323342582282397, 0.25834656711765253, 0.041368888315960001]
789 ; 1 ; 194 ; 9 ; [0.28806303404463945] ; [1.4618047180487137]
789 ; 1 ; 194 ; 10 ; [1.8707385450428364] ; [0.66409853649035133]
789 ; 1 ; 195 ; 0 ; [0.80001973463321352, 0.24309906216142818] ; [1.2534218982366607, 0.36079441491850489]
789 ; 1 ; 195 ; 1 ; [0.020706471453144634, 0.013186833345684785] ; [0.44061792784861159, 0.17063388471895136]
789 ; 1 ; 196 ; 0 ; [0.44795616352828455, 0.30657399214308256, 1.2321199424727671] ; [0.35828909501060713, 0.23532444415462961, 0.1327689813112507]
789 ; 1 ; 197 ; 0 ; [0.039123183120885967, 0.049398197505827537, 0.088769420477165031, -0.018981657717138729] ; [0.13673550667745923, 0.13942992954018552, 0.29449103761977874, 0.11744929193399588]
789 ; 1 ; 198 ; 0 ; [0.025775316875366452, 0.57633457953743561] ; [0.3174479205417422, 0.12413526033606892]
789 ; 1 ; 199 ; 0 ; [0.13047600710601642, 0.12795544146466153, 0.083170578284874869, 0.0079259032066663418] ; [0.11744053366071859, 0.19168941659502367, 0.21710464898112686, 0.12135310245935785]
789 ; 1 ; 200 ; 0 ; [0.29336180985383675, 0.33346331574562149, 0.333903852571454, 0.24062558062968334] ; [0.13164829536310244, 0.28517927435169371, 0.18744442770318018, 0.27869665715822789]
789 ; 1 ; 200 ; 1 ; [0.76930981945779275] ; [-0.003249745777061489]
789 ; 1 ; 201 ; 1 ; [0.1840337034020714] ; [0.24859735316612841]
789 ; 1 ; 201 ; 3 ; [0.16432246115034657] ; [0.1215743035252367]
789 ; 1 ; 202 ; 0 ; [0.084228901076361759, 0.091398585308056932, 0.011814914959024781] ; [0.14400633966501825, 0.1526474177539654, 0.076305365027608082]
789 ; 1 ; 202 ; 1 ; [0.74820798630502094, -0.042116151521980054] ; [0.038583015346196285, 0.2005596711836885]
789 ; 1 ; 203 ; 0 ; [1.6888070615523436, 19.536760839717974] ; [-0.017451355952725359, 0.66987644512255251]
789 ; 1 ; 203 ; 1 ; [0.35323978614525076] ; [0.0081392974203103631]
789 ; 1 ; 203 ; 2 ; [1.3199607049808266] ; [0.079062841721153923]
789 ; 1 ; 203 ; 3 ; [0.16215951868683329] ; [0.34867611319494002]
789 ; 1 ; 203 ; 8 ; [0.86488612771696083] ; [0.26003719834886663]
789 ; 1 ; 204 ; 0 ; [0.17639633771584967, 0.15347465988878295, 0.12011296414010712] ; [0.16627412871057495, 0.11759091726179717, 0.20663618234386122]
789 ; 1 ; 205 ; 0 ; [1.1027691475325325] ; [0.8671535037637419]
789 ; 1 ; 205 ; 1 ; [0.42303411702770205] ; [0.45412378852492441]
789 ; 1 ; 205 ; 2 ; [1.3501085817915741] ; [0.15183279019543761]
789 ; 1 ; 205 ; 3 ; [0.33286268847588901] ; [0.025961590163619964]
789 ; 1 ; 205 ; 9 ; [0.18831459367354295] ; [1.5355363790197576]
789 ; 1 ; 205 ; 13 ; [0.14985112295190522] ; [1.5625694682183007]
789 ; 1 ; 205 ; 16 ; [0.76730137093312589] ; [1.0085218543036216]
789 ; 1 ; 205 ; 18 ; [0.44715659132468794] ; [0.62524721541562045]
789 ; 1 ; 206 ; 0 ; [0.23012237587213333] ; [0.011609845866741969]
789 ; 1 ; 206 ; 1 ; [0.057327795654398717] ; [0.062813075053620215]
789 ; 1 ; 207 ; 1 ; [1.0086869723986314] ; [0.39429029290447243]
789 ; 1 ; 207 ; 2 ; [0.89020160629340717] ; [0.89780311695859816]
789 ; 1 ; 207 ; 3 ; [0.31234694483069281] ; [0.86781538133460656]
789 ; 1 ; 207 ; 4 ; [0.80454320877712837] ; [0.36067017566948623]
789 ; 1 ; 208 ; 0 ; [0.56199391747703831] ; [2.1387659423414953]
789 ; 1 ; 208 ; 2 ; [0.18891715506736431] ; [1.9106106292137881]
789 ; 1 ; 208 ; 4 ; [0.19842749904080234] ; [0.74440786253471114]
789 ; 1 ; 208 ; 8 ; [0.41837092430007761] ; [3.4771882778994536]
789 ; 1 ; 208 ; 9 ; [0.4156790559547755] ; [1.9984652926878219]
789 ; 1 ; 209 ; 0 ; [0.053582015154286913, -0.0079929015982206485] ; [0.21677775856215678, 0.014649431382334084]
789 ; 1 ; 210 ; 0 ; [0.056418319160150457] ; [0.36139528439931762]
789 ; 1 ; 211 ; 0 ; [1.1996531356982894, 0.28896065518241715, 0.065653725275898592, 0.05275042528605968, 0.41434143098106918] ; [0.21039052314422085, 0.18460477955352414, 0.31295282350524389, 0.27962299196439849, 0.16392478040563427]
789 ; 1 ; 212 ; 0 ; [0.073195324320174074] ; [0.87047717502887723]
789 ; 1 ; 212 ; 3 ; [1.4988910787082204] ; [1.3672168622081928]
789 ; 1 ; 212 ; 6 ; [1.2282808837475949] ; [2.4661951362133689]
789 ; 1 ; 212 ; 9 ; [1.8163419277865331] ; [0.63469893125315968]
789 ; 1 ; 212 ; 13 ; [1.9512541958516973] ; [1.7089933798515582]
789 ; 1 ; 212 ; 14 ; [0.45914787892056125] ; [2.3988016735399662]
789 ; 1 ; 212 ; 16 ; [4.3582612163823731] ; [4.7193390782911626]
789 ; 1 ; 213 ; 0 ; [-0.0025552018726651918, -0.0063941927755104778, -0.047680523577066952] ; [0.25892683093011404, 0.19423080147300625, -0.090588018238657045]
789 ; 1 ; 214 ; 0 ; [1.1612554415377587] ; [0.73224917910845644]
789 ; 1 ; 214 ; 4 ; [0.33350369890612491] ; [0.22931173820969913]
789 ; 1 ; 215 ; 0 ; [0.13170851299304684] ; [0.46063536979926151]
789 ; 1 ; 215 ; 2 ; [1.2682866125243666] ; [-0.010857794731401818]
789 ; 1 ; 215 ; 3 ; [0.44633334789857276] ; [1.4632554164437257]
789 ; 1 ; 215 ; 4 ; [1.8858395280828573] ; [0.32633104671742047]
789 ; 1 ; 216 ; 0 ; [0.20294772708225198, 0.49319006215450445] ; [0.2692281442895435, 0.29795151673116937]
789 ; 1 ; 216 ; 1 ; [0.0072734343133966902] ; [0.029540465552351194]
789 ; 1 ; 219 ; 1 ; [0.48446604990948428] ; [0.61605815217399185]
789 ; 1 ; 219 ; 2 ; [0.17142071478729284] ; [0.0088564020607482304]
789 ; 1 ; 219 ; 8 ; [-0.0022902901103578613] ; [-0.010957018580510942]
789 ; 1 ; 220 ; 0 ; [0.10573105409817594, 0.10761675604540015, 0.024864939421255849] ; [0.16637665522507941, 0.1789314800980257, 0.1689174766861935]
789 ; 1 ; 221 ; 0 ; [0.014155529163208761, 0.019960766669418616, -0.032035028395445878] ; [0.19194449626087723, 0.16695551856020577, 0.067607867504070218]
789 ; 1 ; 222 ; 0 ; [0.086635763095449209] ; [0.0034746845457665817]
789 ; 1 ; 222 ; 1 ; [0.12803834068478478, 1.0307148560748378] ; [0.14106019858598756, 0.19189542392436512]
789 ; 1 ; 222 ; 2 ; [0.09037834108406545] ; [0.25122999141262853]
789 ; 1 ; 223 ; 0 ; [0.32266797117184726, 0.42261119521169233, 0.24880710380357146, 0.39581254383806558] ; [0.17072094097225088, 0.1683376259246917, 0.21196552042239336, 0.087783596277017387]
789 ; 1 ; 224 ; 0 ; [0.25266072544726287, 0.14362138813497444, 0.23528827940097158, 0.30118372853624936, 0.10600256408609988] ; [0.22271076697125361, 0.16557081318032033, 0.13042556595830154, 0.21703732859176836, 0.26527677825455981]
789 ; 1 ; 225 ; 0 ; [1.3814566194614044] ; [1.7958713958348211]
789 ; 1 ; 225 ; 1 ; [0.0031384161708275958] ; [0.93953664266820569]
789 ; 1 ; 225 ; 4 ; [0.47714993344590723] ; [2.5299747416528469]
789 ; 1 ; 225 ; 8 ; [0.2903956290971435] ; [1.7703706727420516]
789 ; 1 ; 225 ; 10 ; [1.4013987570790074] ; [2.0895432985730711]
789 ; 1 ; 225 ; 15 ; [0.022970050239105849] ; [1.281656173000117]
789 ; 1 ; 226 ; 0 ; [0.12174552165998721] ; [0.1837106003669304]
789 ; 1 ; 226 ; 3 ; [0.20495365109219918] ; [0.086258435620499799]
789 ; 1 ; 227 ; 0 ; [3.3063795732818537] ; [0.48010486148435533]
789 ; 1 ; 227 ; 1 ; [0.031800817185076997] ; [1.0603650238532756]
789 ; 1 ; 228 ; 0 ; [0.21614327105700082] ; [0.71208529938424969]
789 ; 1 ; 228 ; 1 ; [-0.0060450111235678559] ; [1.0101288449461685]
789 ; 1 ; 228 ; 2 ; [1.0420931457874287] ; [2.061297464400131]
789 ; 1 ; 228 ; 3 ; [0.2796264378100039] ; [0.064387440567936438]
789 ; 1 ; 228 ; 8 ; [0.015039514958169518] ; [0.64080062455953135]
789 ; 1 ; 228 ; 10 ; [0.051123959297920428] ; [0.076750333639900206]
789 ; 1 ; 228 ; 11 ; [0.046900537665865071] ; [0.0010984217553175585]
789 ; 1 ; 229 ; 0 ; [0.094893243020746254, 0.13498926930448776, 0.25604787929323075] ; [0.22481422003753682, 0.31327351122041075, -0.072087898793242969]
789 ; 1 ; 229 ; 1 ; [0.23040466678281796] ; [0.10976765598915326]
789 ; 1 ; 229 ; 4 ; [0.32780483850770864] ; [-0.016755910910137971]
789 ; 1 ; 230 ; 0 ; [0.071889129635757276] ; [0.15802525045113974]
789 ; 1 ; 230 ; 1 ; [0.66861022462365904] ; [0.30476623062124397]
789 ; 1 ; 230 ; 2 ; [1.4576431563123655] ; [1.4938983708215661]
789 ; 1 ; 231 ; 0 ; [0.031910569247418558] ; [0.10146572652196356]
789 ; 1 ; 231 ; 2 ; [0.097483175632434069] ; [0.0011462087878136012]
789 ; 1 ; 231 ; 3 ; [-0.1211088910242468] ; [0.089109251399398057]
789 ; 1 ; 231 ; 5 ; [0.44329320260019578] ; [0.14288178169911492]
789 ; 1 ; 231 ; 7 ; [0.039854817702757797] ; [0.15659698949826506]
789 ; 1 ; 232 ; 0 ; [-0.0080267592164082868] ; [0.0050683066868611815]
789 ; 1 ; 232 ; 1 ; [0.25991734370393849] ; [0.10493988223349725]
789 ; 1 ; 232 ; 2 ; [0.1273158151588763] ; [1.657468408980791]
789 ; 1 ; 233 ; 0 ; [-0.0036234589770647342, -0.011310198401228114] ; [0.17294435747246481, 0.026368809021547191]
789 ; 1 ; 234 ; 0 ; [0.029764257147215697] ; [0.054286907096789613]
789 ; 1 ; 234 ; 1 ; [0.93600627113743373] ; [0.52658256696452233]
789 ; 1 ; 234 ; 6 ; [0.050595599514509169] ; [0.26716809268763791]
789 ; 1 ; 234 ; 12 ; [0.61128889653055274] ; [0.97326524542310167]
789 ; 1 ; 235 ; 0 ; [0.3064576483298988] ; [0.21502794598080036]
789 ; 1 ; 235 ; 6 ; [0.097599689011329774] ; [2.4304620076534333]
789 ; 1 ; 237 ; 0 ; [0.51090065677174024] ; [0.33975679402544079]
789 ; 1 ; 237 ; 1 ; [0.62882281223269032] ; [0.81267403917640213]
789 ; 1 ; 239 ; 0 ; [0.0003846064384972414, -0.010466610539734387] ; [0.14153014896511909, 0.093830450313848138]
789 ; 1 ; 239 ; 1 ; [0.44437931369706329] ; [-0.027250181509342063]
789 ; 1 ; 239 ; 2 ; [0.28131461167468674] ; [-0.022491937609351774]
789 ; 1 ; 239 ; 3 ; [0.076743426803122239] ; [0.0073775081231844614]
789 ; 1 ; 240 ; 0 ; [1.7239466172845508] ; [-0.0092634692959088598]
789 ; 1 ; 240 ; 1 ; [1.5879668777497602] ; [-0.0087896031120765789]
789 ; 1 ; 240 ; 2 ; [0.57097203631731908] ; [-0.0091323808965546507]
789 ; 1 ; 240 ; 3 ; [0.21622188734005343, 0.0033648634984455271] ; [0.1553377871117092, 0.15765864643825087]
789 ; 1 ; 241 ; 0 ; [0.33863529280699872] ; [1.4772052002167688]
789 ; 1 ; 241 ; 1 ; [0.39142767840084125] ; [0.29702075658203791]
789 ; 1 ; 241 ; 4 ; [0.38772815074063138] ; [0.15110235940153138]
789 ; 1 ; 241 ; 6 ; [0.15299557330371005] ; [0.17019430028987281]
789 ; 1 ; 243 ; 0 ; [0.49411180328577115] ; [0.89051032042372402]
789 ; 1 ; 243 ; 4 ; [0.32032978261220313] ; [0.57607976922625548]
789 ; 1 ; 243 ; 6 ; [2.153430555335345] ; [-0.0058791070554699877]
789 ; 1 ; 244 ; 0 ; [1.7500603423492951] ; [0.41594846272230801]
789 ; 1 ; 244 ; 1 ; [1.2974518300499043] ; [1.1543178543563379]
789 ; 1 ; 244 ; 8 ; [3.599256981439853] ; [0.45923551490791709]
789 ; 1 ; 244 ; 11 ; [0.091396324779839722] ; [0.44185871384434183]
789 ; 1 ; 244 ; 12 ; [0.051196068643183261] ; [0.80531427090535745]
789 ; 1 ; 245 ; 0 ; [1.0864604734161694] ; [-0.0032228973355256452]
789 ; 1 ; 245 ; 1 ; [0.12329797180173167] ; [0.79362485519668891]
789 ; 1 ; 245 ; 2 ; [1.7512325679808276] ; [0.99474166267414821]
789 ; 1 ; 245 ; 3 ; [0.057611206077808189] ; [0.024947712683953856]
789 ; 1 ; 245 ; 5 ; [0.10968631611280255] ; [0.13693490878066047]
789 ; 1 ; 245 ; 6 ; [1.6538401247372547] ; [2.1646696277105977]
789 ; 1 ; 246 ; 3 ; [0.4305232993139414] ; [0.17944575873105265]
789 ; 1 ; 246 ; 5 ; [0.5158190769793245] ; [0.16652484050244934]
789 ; 1 ; 246 ; 8 ; [2.380435193003331] ; [0.013397871896421396]
789 ; 1 ; 247 ; 0 ; [0.61352136829992243] ; [0.49606188354908376]
789 ; 1 ; 247 ; 2 ; [0.14517073501644323] ; [0.016973103838135342]
789 ; 1 ; 248 ; 0 ; [0.047583873896012041, 0.095527668334204632, 0.061288823153501856, 0.014630721291790117, 0.018892786257692123] ; [0.12612991289972514, 0.25330333373910285, 0.22635599884145413, 0.22895032175213426, -0.003341204737467613]
789 ; 1 ; 249 ; 0 ; [0.11239228345068436, 0.15755794967561271, 0.1515969456346779, 0.089228405643475103] ; [0.16915477557287512, 0.25971990488540919, 0.24854011871313961, 0.16507579786655338]
789 ; 1 ; 249 ; 1 ; [0.15311773426155709] ; [0.078584553744782085]
789 ; 1 ; 250 ; 0 ; [1.0309309624355054] ; [0.99213212006546159]
789 ; 1 ; 250 ; 1 ; [0.16984018309973103] ; [0.10812833536784067]
789 ; 1 ; 250 ; 4 ; [0.55866728665716514] ; [0.70129077858309385]
789 ; 1 ; 251 ; 0 ; [0.093467022384394263] ; [0.25566139372560553]
789 ; 1 ; 251 ; 2 ; [5.5277758014008631] ; [-0.010358721300305409]
789 ; 1 ; 251 ; 3 ; [0.46173387211123862] ; [0.038595999681834338]
789 ; 1 ; 251 ; 11 ; [0.43993231397709137, 0.56276375939437939] ; [0.36062702101691485, 0.14527146258792448]
789 ; 1 ; 253 ; 1 ; [0.75185151352068536] ; [0.95343026746523418]
789 ; 1 ; 255 ; 0 ; [0.12506156822686332, 0.067766948220194884, 0.04746730983963697] ; [0.16809124214617119, 0.18992313014004519, -0.044565966792354937]
789 ; 1 ; 255 ; 1 ; [0.043871299220638843] ; [-0.0058105422101363451]
789 ; 1 ; 256 ; 1 ; [1.1383513971635284] ; [0.29008310535745602]
789 ; 1 ; 257 ; 2 ; [0.65872038418467382, 0.20666358225993889, -0.028830011066574741] ; [0.41445695991972947, 0.30225896037084127, -0.11189063302338559]
789 ; 1 ; 258 ; 0 ; [0.0028771613048861589] ; [-0.10409703748096057]
789 ; 1 ; 258 ; 1 ; [0.07075740133119994, -0.0093744324128876722, 0.037942437034597383, -0.025732492170906944] ; [0.10424330548692023, 0.12175262796439883, 0.16929121073940823, -0.010582514188691022]
789 ; 1 ; 258 ; 2 ; [0.56552809848628982] ; [0.2457719110823729]
789 ; 1 ; 259 ; 0 ; [0.0099611710183259809, -0.0010126162225443461, -0.0011025831980239415] ; [0.16432518191033757, 0.18027031037846913, -0.054566415039851553]
789 ; 1 ; 260 ; 0 ; [0.42119354252739616] ; [0.14844870119075493]
789 ; 1 ; 260 ; 1 ; [0.44246153025748342] ; [0.36479971797128169]
789 ; 1 ; 260 ; 4 ; [0.14222181552948965, 0.21683562231876979] ; [0.25195311034767981, 0.58700936623576083]
789 ; 1 ; 263 ; 0 ; [0.22556249385307628, 0.47471437637603575, 0.30797790404739017] ; [0.19445998925682184, 0.59398789989939837, 0.29095273814482631]
789 ; 1 ; 264 ; 0 ; [0.16783132394617808] ; [0.47230322974275518]
789 ; 1 ; 264 ; 1 ; [2.1486888987019648] ; [1.6761133841982361]
789 ; 1 ; 264 ; 3 ; [1.5004787626010203] ; [0.3979372726170638]
789 ; 1 ; 264 ; 8 ; [0.151763127209669] ; [0.22608697484661158]
789 ; 1 ; 264 ; 13 ; [3.3079401078700834] ; [1.7010715169312935]
789 ; 1 ; 265 ; 0 ; [0.37665779402874588, 0.1348240092364911, 0.062576877049562912, 0.042745342093560811] ; [0.17777364024307696, 0.13624453566750772, 0.053594723216589785, -0.037029282481476286]
789 ; 1 ; 265 ; 1 ; [0.13165320043240247] ; [0.10630407048900047]
789 ; 1 ; 265 ; 2 ; [0.09931888489032023] ; [0.12534050061097238]
789 ; 1 ; 266 ; 0 ; [0.15502069924594461, 0.074969027859897605] ; [0.17430215245552902, 0.14382362510197783]
789 ; 1 ; 266 ; 1 ; [-0.018967998861782159] ; [-0.024398309247144059]
789 ; 1 ; 267 ; 0 ; [0.9874224395104495] ; [0.81914469237096865]
789 ; 1 ; 267 ; 1 ; [0.23013299193377443] ; [1.7283704249457921]
789 ; 1 ; 267 ; 3 ; [0.47229806872834151] ; [0.62351681408184167]
789 ; 1 ; 267 ; 6 ; [1.7373818528716558] ; [2.127297270366153]
789 ; 1 ; 267 ; 8 ; [1.7793135677977976] ; [1.842422436679749]
789 ; 1 ; 267 ; 12 ; [3.0299009303004674] ; [1.739372593679696]
789 ; 1 ; 267 ; 13 ; [0.42805659291355624] ; [1.7246598394927799]
789 ; 1 ; 267 ; 16 ; [1.8004962582194453] ; [2.0317409695650466]
789 ; 1 ; 267 ; 17 ; [0.069259699689693061] ; [2.541571114475226]
789 ; 1 ; 267 ; 18 ; [0.31678779278771496] ; [2.3306180079888428]
789 ; 1 ; 268 ; 0 ; [1.1477999494312319] ; [0.39333845642898374]
789 ; 1 ; 268 ; 2 ; [0.028092965437471945] ; [1.1869915352697538]
789 ; 1 ; 268 ; 11 ; [0.11224802725154133] ; [-0.05231122294535609]
789 ; 1 ; 268 ; 17 ; [0.014168319854320953] ; [1.2526086253344182]
789 ; 1 ; 268 ; 19 ; [0.0084558741190044109] ; [0.57964697331005688]
789 ; 1 ; 269 ; 1 ; [0.016993737650081938] ; [0.21713578027486397]
789 ; 1 ; 270 ; 0 ; [0.07484849520177797, 0.37951451573102285] ; [1.24893376207096, 0.37753793729934704]
789 ; 1 ; 270 ; 1 ; [0.036613117099636779] ; [0.63184624642873777]
789 ; 1 ; 270 ; 2 ; [0.0084665639927582956] ; [0.36052087104921043]
789 ; 1 ; 270 ; 3 ; [0.001984266424169098] ; [-0.039050259648601732]
789 ; 1 ; 270 ; 5 ; [0.0049110408864898817] ; [0.85169182461910742]
789 ; 1 ; 272 ; 0 ; [0.063788943113558358, 0.075772837627399545] ; [0.20248456252769084, -0.018868170996637228]
789 ; 1 ; 273 ; 0 ; [0.017564136089158095, 0.017669079163790249, 0.089975847718549815] ; [0.17388669855453839, 0.11577106216038099, 0.34514216477182219]
789 ; 1 ; 274 ; 0 ; [1.2489160082842357] ; [0.90801396060596284]
789 ; 1 ; 274 ; 1 ; [0.30619763653937421] ; [0.7122963022348161]
789 ; 1 ; 274 ; 2 ; [1.2549687629548749] ; [0.38689439703989448]
789 ; 1 ; 274 ; 5 ; [1.2465588792056113] ; [0.35940932723319258]
789 ; 1 ; 274 ; 6 ; [3.2430614321969102] ; [0.76762845424893733]
789 ; 1 ; 274 ; 8 ; [-0.00088472795524918788] ; [0.059983093689699576]
789 ; 1 ; 274 ; 15 ; [1.0586327653018353] ; [0.44815494543499862]
789 ; 1 ; 274 ; 21 ; [0.25583239417213927] ; [0.75084257601851867]
789 ; 1 ; 274 ; 22 ; [0.46685809860019506] ; [1.4152363411047981]
789 ; 1 ; 275 ; 3 ; [0.65342731565091994, 1.071066426888023, 0.19117747530426824, 0.66526259469194027] ; [0.34390592436725703, 0.69039443998996131, 0.41849054238764954, 0.16504839307873947]
789 ; 1 ; 276 ; 0 ; [0.13500150450969528] ; [0.22849680574971479]
789 ; 1 ; 276 ; 1 ; [1.7322383976941189] ; [0.26388650259615704]
789 ; 1 ; 276 ; 4 ; [1.7137258406198623] ; [1.739239457521961]
789 ; 1 ; 276 ; 5 ; [0.14607984312464778] ; [1.5389180357586003]
789 ; 1 ; 276 ; 6 ; [0.27859057348284577] ; [2.6514704139331937]
789 ; 1 ; 276 ; 10 ; [4.4373090300622886] ; [2.1369471331587642]
789 ; 1 ; 276 ; 11 ; [0.83095265333227331] ; [0.10620674823112151]
789 ; 1 ; 276 ; 13 ; [0.25643914485225078] ; [1.4622143118153408]
789 ; 1 ; 276 ; 14 ; [0.11504602704763146] ; [2.9192170332229965]
789 ; 1 ; 277 ; 0 ; [0.027179672440530614, 0.45022502793458408] ; [0.087959551022123592, 0.064263148329987266]
789 ; 1 ; 278 ; 0 ; [0.59695415520031214] ; [0.81207999557184551]
789 ; 1 ; 278 ; 2 ; [1.346561932926553] ; [0.76894238106385993]
789 ; 1 ; 278 ; 4 ; [2.3064881423509056] ; [0.45076143309963662]
789 ; 1 ; 278 ; 5 ; [0.51412139890366948] ; [0.65476201765768649]
789 ; 1 ; 278 ; 7 ; [0.28256401318675545] ; [0.26273246772158848]
789 ; 1 ; 279 ; 0 ; [0.23719423051012378] ; [0.46303825183359554]
789 ; 1 ; 279 ; 6 ; [0.72059734139706244] ; [1.4710795144661628]
789 ; 1 ; 279 ; 11 ; [0.62248191083467908] ; [0.62767589491658615]
789 ; 1 ; 279 ; 12 ; [2.8419103210338372] ; [0.5546504717118057]
789 ; 1 ; 279 ; 13 ; [0.50777583008420635] ; [1.2347566183475125]
789 ; 1 ; 280 ; 0 ; [0.062254889321989464, 0.65813754363483901, -0.0031341669053379421] ; [0.19945405444677725, 0.16948944311982014, 0.12427857552911543]
789 ; 1 ; 280 ; 1 ; [1.850153406923533] ; [0.14927732447225273]
789 ; 1 ; 281 ; 0 ; [0.0017716735805357511] ; [0.17955157650562772]
789 ; 1 ; 282 ; 0 ; [-0.01191287416511346] ; [0.065212118689806267]
789 ; 1 ; 283 ; 0 ; [0.47046900478586412] ; [0.23785763590236761]
789 ; 1 ; 283 ; 1 ; [0.24595505981400498] ; [0.00010514914540835854]
789 ; 1 ; 283 ; 7 ; [0.30086651325052627] ; [0.7562920062667341]
789 ; 1 ; 283 ; 9 ; [-0.045928523334876466] ; [0.35999335565172469]
789 ; 1 ; 285 ; 0 ; [0.5926951578815346] ; [0.8573068180744956]
789 ; 1 ; 285 ; 1 ; [0.54420081741656567] ; [1.7505928217449829]
789 ; 1 ; 285 ; 3 ; [0.066853342075049005] ; [0.88712538026154053]
789 ; 1 ; 286 ; 0 ; [-0.0047600990704084953, -0.0065224369183949742, 0.021086041807458468, -0.020141564173016161, 0.015907671942789713] ; [0.27227207511894091, 0.1428110582481997, 0.20434572380960894, 0.20971973716905085, -0.024885048305629549]
789 ; 1 ; 286 ; 1 ; [0.33613746411941103] ; [-0.0068606691445691958]
789 ; 1 ; 287 ; 0 ; [0.6095229486984951, 0.37554862574684572] ; [0.65958461227774778, 0.4283471295836988]
789 ; 1 ; 287 ; 4 ; [0.86681490507959846] ; [1.3355069215740432]
789 ; 1 ; 287 ; 5 ; [0.31448302626382002] ; [1.1208690361084983]
789 ; 1 ; 288 ; 0 ; [0.25217399384268019, 0.16752607069991954] ; [0.2993282394615549, 0.32813174203118867]
789 ; 1 ; 288 ; 1 ; [0.7483271670536471] ; [0.011028640787747318]
789 ; 1 ; 290 ; 0 ; [0.19160237260057317, 0.053923683036126116, 0.077314479509206308, 0.020606121478976891] ; [0.28260313755060751, 0.12615222653862054, 0.17635454207626194, 0.023712869589341254]
789 ; 1 ; 290 ; 1 ; [0.027191367295159554] ; [0.073096045469473972]
789 ; 1 ; 293 ; 0 ; [0.38214345545882977, 0.1883132177259321] ; [0.58514159250097331, 0.15340823549119179]
789 ; 1 ; 293 ; 1 ; [6.3635545949981136] ; [7.5085544200484771]
789 ; 1 ; 294 ; 0 ; [0.063204601260439822] ; [0.21641080490890077]
789 ; 1 ; 295 ; 0 ; [0.40269777062179318] ; [0.072680846600354718]
789 ; 1 ; 295 ; 1 ; [0.1427638009977257] ; [0.33664848060570285]
789 ; 1 ; 295 ; 2 ; [0.16096188061783057] ; [0.48923346283179536]
789 ; 1 ; 296 ; 0 ; [0.15443339959276339, 0.11898831098468274] ; [0.14926971572962888, 0.13602326231146655]
789 ; 1 ; 297 ; 0 ; [0.37237764511531901] ; [2.2514892479786859]
789 ; 1 ; 297 ; 1 ; [0.16609438165254847] ; [0.83558320397713892]
789 ; 1 ; 298 ; 0 ; [1.207272884032593] ; [2.8442922262876542]
789 ; 1 ; 298 ; 1 ; [1.361335199320955] ; [0.42896760713347892]
789 ; 1 ; 298 ; 2 ; [0.58611723974549523] ; [2.9596601810933731]
789 ; 1 ; 298 ; 3 ; [1.2952887928179835] ; [3.6571076370389326]
789 ; 1 ; 298 ; 5 ; [0.88619390701183876] ; [4.3706583191417767]
789 ; 1 ; 298 ; 6 ; [4.8072160648893369] ; [4.1604925948028173]
789 ; 1 ; 298 ; 8 ; [4.3895287614851126] ; [2.5909549052940721]
789 ; 1 ; 298 ; 9 ; [0.44570198832922964] ; [3.1696818687331088]
789 ; 1 ; 298 ; 10 ; [7.1381496939241558] ; [13.160132181940671]
789 ; 1 ; 298 ; 13 ; [0.61455211168403578] ; [4.6291420338211928]
789 ; 1 ; 298 ; 14 ; [1.1084439773468313] ; [5.135051548677473]
789 ; 1 ; 299 ; 0 ; [0.34333496026193777] ; [1.1058641103796079]
789 ; 1 ; 299 ; 4 ; [0.49558827412548095] ; [1.1020555037403923]
789 ; 1 ; 299 ; 5 ; [0.081674575415212128] ; [2.2044468404850397]
789 ; 1 ; 299 ; 6 ; [0.24253740702160462] ; [-0.011552830167586913]
789 ; 1 ; 299 ; 8 ; [0.13370363126871457] ; [1.1622244644996973]
789 ; 1 ; 299 ; 9 ; [0.13311380890578742] ; [0.43882845589019892]
789 ; 1 ; 301 ; 0 ; [0.15677620747571669] ; [0.63101969151429915]
789 ; 1 ; 301 ; 1 ; [0.75555711293425887] ; [0.51571641453920236]
789 ; 1 ; 301 ; 2 ; [2.4202635002868993] ; [0.69752521798991807]
789 ; 1 ; 301 ; 3 ; [0.30221107091003102, 0.19006224949938477] ; [0.031475409480569788, -0.037257184573149839]
789 ; 1 ; 302 ; 0 ; [0.71044241916624384, 0.014034119403565498, 0.021400864188749699, 0.062408449348731056, 0.17296466747531547] ; [0.28113905107467829, 0.20514372356011554, 0.20185485477670551, 0.38369368161880563, 0.60252256613830479]
789 ; 1 ; 302 ; 1 ; [0.12895864208040272, 0.11702893637847629] ; [0.17254662298891402, 0.08817776331129222]
789 ; 1 ; 302 ; 6 ; [0.13330629587043338] ; [5.2776572841102611]
789 ; 1 ; 303 ; 0 ; [0.1193281061544028, 0.12939788175036906] ; [0.54900484797533045, 0.81808652461010489]
789 ; 1 ; 303 ; 3 ; [0.53378978522658416] ; [0.17993437129674808]
789 ; 1 ; 304 ; 0 ; [0.66076439716040714] ; [0.74507130317561654]
789 ; 1 ; 304 ; 1 ; [-0.0012658064642204489] ; [0.18021976506654805]
789 ; 1 ; 304 ; 3 ; [0.19547602814907894] ; [1.0168946309917288]
789 ; 1 ; 304 ; 10 ; [0.25472977827330318] ; [0.74674934652902802]
789 ; 1 ; 304 ; 11 ; [0.68196702376964891] ; [1.5573961174055913]
789 ; 1 ; 306 ; 0 ; [0.56218345016464821] ; [-0.0010228636677164112]
789 ; 1 ; 306 ; 2 ; [-0.048788916917147714] ; [-0.0020877574030416218]
789 ; 1 ; 306 ; 9 ; [0.028461594301787674] ; [1.4823140867570963]
789 ; 1 ; 307 ; 0 ; [0.013983628701988993, 0.019508122000654004, -0.021352849167000733] ; [0.23448632367798647, 0.18085953659026707, -0.15687268339632127]
789 ; 1 ; 308 ; 0 ; [0.05020791508115767] ; [0.019723083549509839]
789 ; 1 ; 309 ; 0 ; [0.21877846644272686] ; [0.24046596062707001]
789 ; 1 ; 310 ; 3 ; [0.030009147882377744] ; [0.61876063380625479]
789 ; 1 ; 311 ; 0 ; [0.0070337505758641481, 0.0032508232061553757, 0.038731398198020073, 0.059306139988246881] ; [0.12875376328443514, 0.10495961986427291, 0.15555186043271482, 0.027251794547104496]
789 ; 1 ; 312 ; 0 ; [0.02539551638044945, 0.2364449218283757] ; [0.19780732793288511, 0.1182551538444213]
789 ; 1 ; 313 ; 0 ; [0.013769957421988282, 0.05662741545494631] ; [0.21622560304918567, 0.18953542147773478]
789 ; 1 ; 313 ; 1 ; [0.017818540478274258] ; [0.0052878592951207245]
789 ; 1 ; 314 ; 0 ; [0.044469984748091017] ; [-0.067638723115246879]
789 ; 1 ; 314 ; 1 ; [2.0818442702034283] ; [4.1528304438863071]
789 ; 1 ; 315 ; 0 ; [-0.0087649744836271175, -0.0082803969192302759, 0.014519804750130779] ; [0.15208996025301685, 0.21614488896226072, 0.062753539411852133]
789 ; 1 ; 316 ; 0 ; [0.13368742350373974, 0.10344392158362951] ; [0.18960371755013694, 0.19113698609936075]
789 ; 1 ; 317 ; 0 ; [0.1645565442935773, 0.085312010118919715, 1.3756871016658383] ; [0.43099332934031187, 0.15312800123892556, 0.093327406402998123]
789 ; 1 ; 317 ; 1 ; [0.11346394050192549] ; [0.11509471312886732]
789 ; 1 ; 318 ; 0 ; [1.5571462677333674] ; [0.50770615210920234]
789 ; 1 ; 318 ; 1 ; [1.2464544656422949] ; [1.3733477892425112]
789 ; 1 ; 318 ; 3 ; [1.0033518636119862] ; [1.866582808821877]
789 ; 1 ; 318 ; 4 ; [0.29413347216049363] ; [1.8020431885570594]
789 ; 1 ; 318 ; 5 ; [1.520986443131725] ; [1.4764555955298524]
789 ; 1 ; 318 ; 6 ; [0.47028135385110742] ; [2.2600463677015483]
789 ; 1 ; 318 ; 8 ; [0.33897814578950092] ; [1.6619896624581247]
789 ; 1 ; 318 ; 9 ; [1.2245775666887695] ; [1.9917353437217011]
789 ; 1 ; 318 ; 10 ; [0.39813688204635483] ; [1.8393404448730806]
789 ; 1 ; 319 ; 0 ; [0.14008661521698595, 0.42150747161479207] ; [0.16371191078414268, -0.064047479032595778]
789 ; 1 ; 319 ; 1 ; [0.072671215986925261] ; [0.039075921441183541]
789 ; 1 ; 321 ; 0 ; [0.5196726811786252] ; [1.0080856667851184]
789 ; 1 ; 321 ; 2 ; [2.0411142139371434] ; [4.2593353557644784]
789 ; 1 ; 321 ; 3 ; [1.5214820688549548] ; [4.4135077915555652]
789 ; 1 ; 321 ; 7 ; [1.5448048623619128] ; [2.1204697579963225]
789 ; 1 ; 321 ; 8 ; [1.8399572114004832] ; [2.0710658778744633]
789 ; 1 ; 321 ; 9 ; [0.48202942523609721] ; [0.8839032881572525]
789 ; 1 ; 322 ; 0 ; [0.23092069592553174] ; [0.16778101747975949]
789 ; 1 ; 322 ; 1 ; [0.25173907510183657] ; [0.84412319703451655]
789 ; 1 ; 322 ; 2 ; [0.78464417107089335] ; [0.52102465472906967]
789 ; 1 ; 322 ; 5 ; [6.6265076061476407] ; [0.72300598959547868]
789 ; 1 ; 322 ; 18 ; [0.046101963338079067] ; [0.86854826559806908]
789 ; 1 ; 323 ; 0 ; [0.58702937112449294] ; [0.76413851281210932]
789 ; 1 ; 323 ; 1 ; [0.13873286211586164] ; [0.65691822282288792]
789 ; 1 ; 324 ; 0 ; [1.5758762789221954, 0.83703695264821543] ; [0.66528594529495022, 0.6360772673520475]
789 ; 1 ; 324 ; 1 ; [0.043871067101890107] ; [0.4904913114874046]
789 ; 1 ; 325 ; 0 ; [1.4903915803801087] ; [0.76746187457557824]
789 ; 1 ; 326 ; 0 ; [0.23193091104612606, 0.1837759890069002, 0.15568553163297796] ; [0.092242230638159825, 0.11839064956535865, 0.069594013938791902]
789 ; 1 ; 327 ; 0 ; [0.011247059215052219, 0.0092447893420542302, -0.0015992355081810828] ; [0.19882830493272213, 0.24204896493982159, 0.20106695233554714]
789 ; 1 ; 328 ; 0 ; [0.32990366687175904, 0.15089733597330723, 0.078515741330665009] ; [0.12085006690417165, 0.26361811256602385, -0.06986474836561124]
789 ; 1 ; 328 ; 1 ; [0.98974451193740043] ; [0.0070155748093855327]
789 ; 1 ; 329 ; 0 ; [0.20890369683137819, 0.038175705318812057] ; [0.24557883874048289, 0.15652768254012125]
789 ; 1 ; 330 ; 0 ; [0.036161755613819686] ; [0.16722026111608435]
789 ; 1 ; 330 ; 1 ; [0.032879736333161769] ; [0.055979470931906999]
789 ; 1 ; 331 ; 0 ; [0.11078713942430313, 0.16057216165119101, 0.098507952970294729, 0.020508152414418727] ; [0.16417247740659396, 0.27332269919687013, 0.17415722077914228, -0.0043201425914226122]
789 ; 1 ; 332 ; 0 ; [0.017567020929525778, -0.0066898277942227238, 0.034909031181093897, 0.070601876417292667] ; [0.20510151126923482, 0.20175344596920453, 0.26156820969289457, 0.28945900331599678]
789 ; 1 ; 332 ; 1 ; [0.098128277747850615] ; [-0.023108525094457578]
789 ; 1 ; 333 ; 0 ; [0.052340213274635339] ; [0.092523359552842993]
789 ; 1 ; 333 ; 1 ; [0.14745095512802564] ; [1.0977352180695927]
789 ; 1 ; 334 ; 0 ; [0.089874657179596931, 0.10330065242084796, 0.067567823388280587, 0.89671569681904062] ; [0.19997130435083538, 0.14136018759376567, 0.12500954665479438, 0.12152739495986653]
789 ; 1 ; 334 ; 1 ; [0.28265326803878266] ; [-0.0035046876504098794]
789 ; 1 ; 334 ; 3 ; [10.363713735917262] ; [-0.039585008194841426]