# Run ; Subrun ; Event ; Track ; Charge Ratios View 0 ; Charge Ratios View 1 #
771 ; 23 ; 1 ; 0 ; [0.32283208973468785] ; [0.02558753225736575]
771 ; 23 ; 1 ; 1 ; [0.23276996063812469] ; [0.0033945340406571381]
771 ; 23 ; 1 ; 2 ; [1.2675602421109875] ; [-0.066507941479874585]
771 ; 23 ; 2 ; 0 ; [0.13899227700123348] ; [0.0012773095001803883]
771 ; 23 ; 4 ; 0 ; [-0.0070045666258877473] ; [0.008953789295322272]
771 ; 23 ; 4 ; 3 ; [0.040595874019503063] ; [2.4137527486774877]
771 ; 23 ; 4 ; 4 ; [0.012161451659726433] ; [0.16973731350359897]
771 ; 23 ; 4 ; 6 ; [-0.00045362817447905379] ; [1.3121922534669803]
771 ; 23 ; 5 ; 0 ; [0.20658275423106073] ; [-0.0015622491850043512]
771 ; 23 ; 5 ; 1 ; [0.37376757408661376] ; [0.034859379946418925]
771 ; 23 ; 5 ; 4 ; [0.21173432511144905] ; [0.068517096019953511]
771 ; 23 ; 6 ; 0 ; [-0.048227218437419735] ; [0.95583884429808263]
771 ; 23 ; 6 ; 2 ; [1.9521944618618983] ; [0.36254391707698541]
771 ; 23 ; 9 ; 0 ; [0.14316099417058575] ; [0.035856486827712378]
771 ; 23 ; 11 ; 0 ; [0.16584202187425467] ; [0.079060733289590013]
771 ; 23 ; 11 ; 3 ; [3.3190800704076375] ; [0.81751248421150935]
771 ; 23 ; 12 ; 0 ; [0.061322731790967346] ; [0.15071620192533872]
771 ; 23 ; 12 ; 1 ; [0.20043000517630505] ; [0.18738592493623543]
771 ; 23 ; 14 ; 1 ; [6.9541416925623372] ; [1.6285809257509025]
771 ; 23 ; 14 ; 4 ; [0.79709980077457887] ; [0.8598845258321085]
771 ; 23 ; 15 ; 0 ; [0.95060464186552618] ; [1.4333439573430122]
771 ; 23 ; 15 ; 1 ; [2.6611282816439119] ; [1.5022582549376455]
771 ; 23 ; 15 ; 9 ; [1.4445949424264781] ; [0.46772670195410504]
771 ; 23 ; 17 ; 1 ; [0.053077192991612211] ; [1.8283808455332367]
771 ; 23 ; 18 ; 0 ; [0.15948132072299007] ; [0.2784237773536013]
771 ; 23 ; 20 ; 0 ; [1.3420528622937762] ; [0.18705187421977512]
771 ; 23 ; 21 ; 0 ; [0.17178931820496465] ; [0.29894191337919962]
771 ; 23 ; 23 ; 1 ; [3.0843228941876926] ; [1.641190650306126]
771 ; 23 ; 23 ; 3 ; [0.017038510374805187] ; [0.93930734377214387]
771 ; 23 ; 23 ; 6 ; [2.0089204266976957] ; [1.8833717545482442]
771 ; 23 ; 24 ; 0 ; [0.1317670523678641, 0.089164164397832077] ; [0.12347675721995195, 0.0048488990237170702]
771 ; 23 ; 25 ; 0 ; [0.60729069177149797] ; [0.4726569114132595]
771 ; 23 ; 25 ; 1 ; [0.50072606096050454] ; [3.5235343858100427]
771 ; 23 ; 25 ; 2 ; [0.11706775710817235] ; [1.4094832550614258]
771 ; 23 ; 25 ; 3 ; [0.12722334245683667] ; [1.1412759145510984]
771 ; 23 ; 25 ; 4 ; [0.20286930634163741] ; [6.019299658152776]
771 ; 23 ; 27 ; 2 ; [0.053251074808897451] ; [1.1072800240343943]
771 ; 23 ; 30 ; 0 ; [0.019479350014567673] ; [0.2143892942352377]
771 ; 23 ; 30 ; 1 ; [0.084299974961758506] ; [0.2335717089925797]
771 ; 23 ; 31 ; 0 ; [0.38420851901207265] ; [0.5753708866705568]
771 ; 23 ; 32 ; 0 ; [0.089007422347423079] ; [0.24918871767495507]
771 ; 23 ; 32 ; 1 ; [0.015640635881882636] ; [0.047969723925746041]
771 ; 23 ; 33 ; 2 ; [1.1982604181380474] ; [-0.13301143216800726]
771 ; 23 ; 36 ; 0 ; [0.3758492084018818] ; [0.13558566842332023]
771 ; 23 ; 36 ; 2 ; [0.15661256195553583] ; [0.33221042556719405]
771 ; 23 ; 37 ; 1 ; [0.13324998815291397] ; [1.5132042688527481]
771 ; 23 ; 38 ; 0 ; [0.73344470101562598] ; [1.9754445845347635]
771 ; 23 ; 38 ; 2 ; [0.40250913469842642] ; [2.8570546819405207]
771 ; 23 ; 38 ; 5 ; [0.60283758250009489] ; [2.1191065038318166]
771 ; 23 ; 38 ; 9 ; [0.21423662474444694] ; [1.215119940846151]
771 ; 23 ; 39 ; 0 ; [0.13274967752415018] ; [1.695815831326813]
771 ; 23 ; 39 ; 2 ; [2.1749335293786616] ; [5.996074621686847]
771 ; 23 ; 39 ; 5 ; [1.6375034916263529] ; [3.2890759371422855]
771 ; 23 ; 40 ; 0 ; [15.250223838550163] ; [0.83205705063028479]
771 ; 23 ; 40 ; 1 ; [2.0271497404373124] ; [1.0855930662783719]
771 ; 23 ; 42 ; 0 ; [0.12701242830479834] ; [0.27378985842821568]
771 ; 23 ; 42 ; 1 ; [0.26177180665904343] ; [0.065169359729040255]
771 ; 23 ; 42 ; 2 ; [2.4237734894755909] ; [0.45798647263036668]
771 ; 23 ; 44 ; 0 ; [0.79050411682705568] ; [0.014460795587374609]
771 ; 23 ; 44 ; 1 ; [0.54269977044412643] ; [0.099704434029258035]
771 ; 23 ; 45 ; 0 ; [2.1342476403384882] ; [0.7527968607046035]
771 ; 23 ; 45 ; 1 ; [1.7477997211802874] ; [0.15553364962397748]
771 ; 23 ; 45 ; 2 ; [1.661187897511941] ; [1.2904622865314377]
771 ; 23 ; 48 ; 1 ; [1.0997136935962502] ; [1.9257934335181874]
771 ; 23 ; 48 ; 2 ; [1.6728706586417457] ; [1.5991585168411138]
771 ; 23 ; 51 ; 0 ; [0.51532211696660468] ; [0.10418707900711391]
771 ; 23 ; 51 ; 2 ; [0.21266848479499129] ; [0.079292990720686102]
771 ; 23 ; 52 ; 0 ; [0.10001929983851705] ; [-0.16344211518424884]
771 ; 23 ; 53 ; 0 ; [0.0074380134390553462] ; [0.19875189657787676]
771 ; 23 ; 53 ; 1 ; [0.095741197938895947] ; [0.22515776229569787]
771 ; 23 ; 53 ; 2 ; [0.34076656589614596] ; [0.3958862940848244]
771 ; 23 ; 53 ; 3 ; [0.00049105093223618347] ; [0.1817727241461187]
771 ; 23 ; 55 ; 0 ; [0.67406392739012866] ; [0.42535715442963112]
771 ; 23 ; 55 ; 1 ; [0.68148757554311612] ; [0.25789865305375109]
771 ; 23 ; 55 ; 2 ; [0.30346334754228099] ; [0.19863304959873082]
771 ; 23 ; 55 ; 3 ; [0.66961947974492297] ; [0.67898247530331046]
771 ; 23 ; 55 ; 5 ; [0.18981438941390333] ; [0.13598230985147849]
771 ; 23 ; 55 ; 7 ; [1.6046104257234974] ; [1.1462189847156934]
771 ; 23 ; 56 ; 0 ; [-0.077306518268742491] ; [-0.048358118869198427]
771 ; 23 ; 56 ; 1 ; [1.3630213646150331] ; [2.265444547180357]
771 ; 23 ; 56 ; 2 ; [1.4045298968230411] ; [1.2532071608464443]
771 ; 23 ; 56 ; 3 ; [1.0753681502239287] ; [1.2087190453501158]
771 ; 23 ; 56 ; 4 ; [2.1008553125576008] ; [8.0728546374925507]
771 ; 23 ; 57 ; 0 ; [4.1358258463680677] ; [1.2959329849697476]
771 ; 23 ; 57 ; 1 ; [3.4204552017815621] ; [1.7517291189092392]
771 ; 23 ; 57 ; 5 ; [3.2885071688869125] ; [1.6794977344688682]
771 ; 23 ; 57 ; 6 ; [2.7310100661580679] ; [2.0679033301312026]
771 ; 23 ; 57 ; 9 ; [0.54225750349744084] ; [1.5418357269705205]
771 ; 23 ; 57 ; 10 ; [1.3803310450299588] ; [0.75013794104454401]
771 ; 23 ; 57 ; 11 ; [1.8896521491280787] ; [3.6942776848547432]
771 ; 23 ; 57 ; 12 ; [2.9586089056046188] ; [1.5737923633580497]
771 ; 23 ; 57 ; 14 ; [1.2634873817747987] ; [1.6281076113082797]
771 ; 23 ; 58 ; 0 ; [1.4299546510822474, 0.50132389890320239] ; [0.52278714791711345, 0.36086736918296192]
771 ; 23 ; 58 ; 1 ; [0.67526008390604753] ; [0.896984426099947]
771 ; 23 ; 58 ; 2 ; [0.05871598872432076] ; [0.23179980236305578]
771 ; 23 ; 58 ; 5 ; [0.71148822972938952] ; [1.2823742924603299]
771 ; 23 ; 58 ; 7 ; [0.81024010811996816] ; [0.040152839407715302]
771 ; 23 ; 58 ; 8 ; [0.44733961232337216] ; [0.93495755579732942]
771 ; 23 ; 58 ; 10 ; [2.4994893093140931] ; [0.48456955552450248]
771 ; 23 ; 61 ; 0 ; [0.15464530805947241, 0.058423725104270428] ; [0.23609758363112837, 0.27010032317272947]
771 ; 23 ; 61 ; 1 ; [0.59262928962537209] ; [0.81810274775222813]
771 ; 23 ; 61 ; 2 ; [0.73461890674735864, 0.55462052608126367] ; [-0.011083388671806121, 0.12369911146814477]
771 ; 23 ; 61 ; 3 ; [0.33896163944995178] ; [0.38305016111117141]
771 ; 23 ; 61 ; 8 ; [4.2296115287110352] ; [1.5687130043134054]
771 ; 23 ; 62 ; 2 ; [0.058828195852168821] ; [2.4333954709288608]
771 ; 23 ; 64 ; 0 ; [0.32090556078788224] ; [-0.012286731793668799]
771 ; 23 ; 66 ; 0 ; [0.38017219518162554] ; [0.083160515965502113]
771 ; 23 ; 66 ; 1 ; [1.853168441378696] ; [-0.12033005590184898]
771 ; 23 ; 67 ; 0 ; [0.16465690875448494] ; [0.26685642923864]
771 ; 23 ; 69 ; 0 ; [0.22128191868461292] ; [0.16470023103083792]
771 ; 23 ; 69 ; 1 ; [1.1547091828256906] ; [-0.024203890598737478]
771 ; 23 ; 69 ; 3 ; [0.35869489613446509] ; [0.29880966501043443]
771 ; 23 ; 69 ; 6 ; [0.15946745280344737] ; [0.089971146025588172]
771 ; 23 ; 71 ; 0 ; [0.021722053201826838] ; [0.013468066867469814]
771 ; 23 ; 72 ; 0 ; [0.18570644370815653] ; [0.03744112085689872]
771 ; 23 ; 73 ; 0 ; [0.50227752534309755] ; [0.97120522875172011]
771 ; 23 ; 74 ; 0 ; [0.0039230706550509153] ; [0.027479071588702393]
771 ; 23 ; 74 ; 1 ; [0.17957018133490876] ; [-0.044535014763414503]
771 ; 23 ; 75 ; 0 ; [0.62755961318867381] ; [0.12725264179696452]
771 ; 23 ; 75 ; 1 ; [3.1788531128435058] ; [0.80275024186749488]
771 ; 23 ; 75 ; 8 ; [0.60143835249300404] ; [0.34078137902174316]
771 ; 23 ; 79 ; 0 ; [0.074786290527418739] ; [0.36776323108798031]
771 ; 23 ; 80 ; 0 ; [0.1032685867491152] ; [0.093558124173754947]
771 ; 23 ; 81 ; 0 ; [0.12798692871011072] ; [0.3479818174057181]
771 ; 23 ; 81 ; 1 ; [0.48282998137018046] ; [0.35382018776657631]
771 ; 23 ; 81 ; 2 ; [0.43735180093181514] ; [0.73838692949183926]
771 ; 23 ; 81 ; 3 ; [0.31135342302658137] ; [0.061769044317238682]
771 ; 23 ; 81 ; 4 ; [0.14652158790210304] ; [0.17286743814556388]
771 ; 23 ; 81 ; 6 ; [0.60120278304443087] ; [0.016892403757013463]
771 ; 23 ; 81 ; 7 ; [0.73676456172917237] ; [0.064117498351319469]
771 ; 23 ; 84 ; 0 ; [0.31455757946248808] ; [0.50146102400229908]
771 ; 23 ; 85 ; 0 ; [0.21965623548153926] ; [0.32533346882290781]
771 ; 23 ; 85 ; 1 ; [0.1593048058817855] ; [0.44106284444256794]
771 ; 23 ; 86 ; 0 ; [0.0058061328377907138] ; [0.047616810029398507]
771 ; 23 ; 90 ; 0 ; [-0.012879606860671924] ; [-0.0070425437156503394]
771 ; 23 ; 91 ; 1 ; [0.094134348206195512] ; [0.00036536078895199294]
771 ; 23 ; 92 ; 0 ; [0.17075425376070008] ; [0.042509507978279404]
771 ; 23 ; 93 ; 3 ; [5.556820653631056] ; [1.4912289814171362]
771 ; 23 ; 94 ; 2 ; [2.4352179176288309] ; [2.8291686946925751]
771 ; 23 ; 95 ; 0 ; [0.08557761934357018] ; [0.05186161758516189]
771 ; 23 ; 95 ; 1 ; [2.7396409931909211] ; [0.3254805916454856]
771 ; 23 ; 95 ; 2 ; [2.5266172725531697] ; [0.42896921200087684]
771 ; 23 ; 95 ; 3 ; [0.79677100299066472] ; [0.096834911741052035]
771 ; 23 ; 95 ; 6 ; [0.22727366987305109] ; [0.13936285117497932]
771 ; 23 ; 95 ; 9 ; [0.10589724038263687] ; [0.23218067088035774]
771 ; 23 ; 96 ; 1 ; [0.0021464701763777424] ; [0.33354283390542605]
771 ; 23 ; 98 ; 0 ; [0.47293228113354496] ; [0.043699663220011981]
771 ; 23 ; 98 ; 3 ; [0.16437381839162055] ; [0.10752361451884748]
771 ; 23 ; 100 ; 0 ; [0.08842833731457711] ; [1.246264175349453]
771 ; 23 ; 100 ; 1 ; [0.24750235229888748] ; [0.48080874004354629]
771 ; 23 ; 100 ; 2 ; [0.026825859178939801] ; [0.051781433776259454]
771 ; 23 ; 100 ; 7 ; [2.5725127034141599] ; [1.6821607992125034]
771 ; 23 ; 100 ; 9 ; [0.44326032852972086] ; [0.46397940413595745]
771 ; 23 ; 101 ; 0 ; [0.086831727083982194] ; [0.44889359975490573]
771 ; 23 ; 101 ; 1 ; [0.22777542446610047] ; [0.059556017070804892]
771 ; 23 ; 101 ; 3 ; [0.17345704529239606] ; [4.3236757637653529]
771 ; 23 ; 103 ; 1 ; [1.3814393629770541] ; [3.3778338029011423]
771 ; 23 ; 104 ; 0 ; [2.2089465985369694] ; [2.0411604426790895]
771 ; 23 ; 104 ; 2 ; [0.17089759380932859] ; [1.802427646719114]
771 ; 23 ; 104 ; 3 ; [0.032557124594187525] ; [2.4073540603109502]
771 ; 23 ; 105 ; 0 ; [0.32523994665785466] ; [0.18106828819027621]
771 ; 23 ; 105 ; 1 ; [0.24643312257443054] ; [0.33444753421314494]
771 ; 23 ; 105 ; 4 ; [0.12511529642085284] ; [0.15122654948492409]
771 ; 23 ; 109 ; 0 ; [0.3300459461457681] ; [0.27630596846789601]
771 ; 23 ; 110 ; 0 ; [1.5529685438992442] ; [-0.025416455102890659]
771 ; 23 ; 110 ; 1 ; [0.14450102811813426] ; [0.021906529344934297]
771 ; 23 ; 110 ; 2 ; [1.4348194877925291] ; [0.54674565407256448]
771 ; 23 ; 110 ; 3 ; [1.5561966995948608] ; [2.2777138964751695]
771 ; 23 ; 110 ; 5 ; [0.78690538061856441] ; [0.14462791311392079]
771 ; 23 ; 110 ; 7 ; [1.851202644560191] ; [0.3073544183640583]
771 ; 23 ; 110 ; 8 ; [1.8471355916708105] ; [0.61055164430611186]
771 ; 23 ; 110 ; 9 ; [0.78063810384060239] ; [7.4289710075298157]
771 ; 23 ; 110 ; 12 ; [1.7536903296173307] ; [0.76346109450063215]
771 ; 23 ; 110 ; 13 ; [1.3381482087386303] ; [9.6164499951894626]
771 ; 23 ; 114 ; 0 ; [-0.015467944591669398] ; [0.046638769559990016]
771 ; 23 ; 114 ; 1 ; [2.3747122782903602] ; [3.4338099049896278]
771 ; 23 ; 114 ; 2 ; [2.7669700205002954] ; [4.902835760208843]
771 ; 23 ; 114 ; 4 ; [1.3632967244979377] ; [0.98869727300351029]
771 ; 23 ; 114 ; 5 ; [0.93689653738750334] ; [7.4670657284948465]
771 ; 23 ; 114 ; 6 ; [1.713443146935141] ; [3.4644689428585078]
771 ; 23 ; 114 ; 10 ; [1.778427826648862] ; [3.2193846358384959]
771 ; 23 ; 115 ; 0 ; [-0.17575014549206014] ; [0.0015991331397201916]
771 ; 23 ; 116 ; 0 ; [0.018650851991972858] ; [0.1880872495863023]
771 ; 23 ; 116 ; 4 ; [1.0310111922354233] ; [0.019505521212003395]
771 ; 23 ; 116 ; 7 ; [2.6006792723745327] ; [1.9358681445397048]
771 ; 23 ; 116 ; 8 ; [1.6195405340580795] ; [2.22707324565607]
771 ; 23 ; 116 ; 11 ; [0.56937208956939622] ; [1.7114037823172181]
771 ; 23 ; 116 ; 13 ; [2.8652193937719761] ; [1.2136057747196058]
771 ; 23 ; 117 ; 0 ; [0.63989618502148182] ; [0.19474695988633856]
771 ; 23 ; 117 ; 1 ; [0.28162092493180663] ; [0.097333945375786227]
771 ; 23 ; 117 ; 4 ; [0.6752299240822226] ; [0.38474996278778895]
771 ; 23 ; 121 ; 0 ; [0.13532354207969255] ; [0.025785940138897255]
771 ; 23 ; 121 ; 1 ; [0.036222130143141469] ; [-0.01628164138377873]
771 ; 23 ; 122 ; 3 ; [0.21850413388753068] ; [-0.013274093008752295]
771 ; 23 ; 122 ; 4 ; [0.43611858829794853] ; [0.0036977611820667054]
771 ; 23 ; 123 ; 3 ; [0.32216239494261595] ; [1.5746851742336283]
771 ; 23 ; 123 ; 7 ; [0.52929875343935362] ; [0.66865999927412312]
771 ; 23 ; 124 ; 0 ; [0.24507318913588871] ; [0.41405725285863021]
771 ; 23 ; 125 ; 0 ; [2.2955193156314744] ; [0.2852318685842602]
771 ; 23 ; 125 ; 1 ; [0.013117028911246362] ; [-0.0063191410634903687]
771 ; 23 ; 125 ; 2 ; [-0.13754922396048488] ; [0.0071135714644590163]
771 ; 23 ; 127 ; 0 ; [0.098156037297726553] ; [0.29437786752101625]
771 ; 23 ; 128 ; 0 ; [-0.062549279624457388] ; [-0.014520653655232536]
771 ; 23 ; 129 ; 0 ; [0.55781011445020334] ; [0.24267190722355034]
771 ; 23 ; 129 ; 2 ; [1.3196150891817564] ; [0.14763846288595142]
771 ; 23 ; 131 ; 1 ; [1.0618424706901743] ; [4.0464239418283876]
771 ; 23 ; 131 ; 2 ; [6.3837888867384196] ; [1.4445948314286718]
771 ; 23 ; 131 ; 3 ; [1.3532825951879723] ; [2.8455845920108622]
771 ; 23 ; 131 ; 4 ; [1.1089377580395339] ; [1.9305269984464455]
771 ; 23 ; 133 ; 0 ; [0.36801795120996184] ; [0.11263918540419646]
771 ; 23 ; 133 ; 1 ; [0.25090232102300447] ; [1.8529625167519859]
771 ; 23 ; 133 ; 4 ; [0.84146083780523528] ; [2.0949189513000035]
771 ; 23 ; 133 ; 5 ; [2.140792984554245] ; [2.126713829371881]
771 ; 23 ; 135 ; 0 ; [0.97399524098117596] ; [0.84843985369586639]
771 ; 23 ; 136 ; 1 ; [1.4468460869404207] ; [0.21593606142943642]
771 ; 23 ; 136 ; 2 ; [2.1247527385913325] ; [1.544560730925254]
771 ; 23 ; 136 ; 5 ; [0.73611899015733662] ; [1.7478727278348767]
771 ; 23 ; 136 ; 6 ; [1.2095723689253428] ; [1.525933046029377]
771 ; 23 ; 136 ; 7 ; [1.4521680177763572] ; [2.1829312682382582]
771 ; 23 ; 136 ; 8 ; [2.4034934794353684] ; [1.4493834454891963]
771 ; 23 ; 136 ; 9 ; [1.5912451464805795] ; [1.4787814187277348]
771 ; 23 ; 136 ; 10 ; [1.8546492098343335] ; [1.4436865099326097]
771 ; 23 ; 136 ; 12 ; [0.9182090067533597] ; [1.3696210367350907]
771 ; 23 ; 136 ; 13 ; [1.7761679118832829] ; [2.8791632228031379]
771 ; 23 ; 136 ; 14 ; [0.55252353729302028] ; [1.8029463614914933]
771 ; 23 ; 136 ; 16 ; [7.4663784659604717] ; [3.7319118552167918]
771 ; 23 ; 136 ; 19 ; [0.80209935688180944] ; [2.7032775126910105]
771 ; 23 ; 136 ; 20 ; [2.106413332987227] ; [2.6968323798273577]
771 ; 23 ; 136 ; 21 ; [1.6978224330880152] ; [1.7138285559928099]
771 ; 23 ; 136 ; 22 ; [2.9785616882602177] ; [1.9173834673954708]
771 ; 23 ; 136 ; 23 ; [2.9327215957678381] ; [1.8610943674826419]
771 ; 23 ; 136 ; 26 ; [2.2190200598595338] ; [0.27442488596546122]
771 ; 23 ; 136 ; 27 ; [2.7007357861417201] ; [1.9747575555258532]
771 ; 23 ; 136 ; 28 ; [3.4756790997120621] ; [-0.036526834976844356]
771 ; 23 ; 136 ; 29 ; [0.52421853496711501] ; [1.6486520915644574]
771 ; 23 ; 136 ; 30 ; [0.77781282306767929] ; [1.3003373176360684]
771 ; 23 ; 136 ; 31 ; [1.4297505305752454] ; [1.2254670850098195]
771 ; 23 ; 137 ; 0 ; [0.0012817665692830089] ; [0.10573675343261361]
771 ; 23 ; 139 ; 0 ; [0.31417837340643584] ; [0.34744400008758142]
771 ; 23 ; 139 ; 1 ; [0.038607423462120739] ; [0.17536232326358039]
771 ; 23 ; 140 ; 0 ; [0.49473347219617336] ; [0.40603291630687194]
771 ; 23 ; 140 ; 1 ; [1.3768989615172478] ; [1.1139500211562126]
771 ; 23 ; 140 ; 2 ; [1.5823502384393608] ; [0.81162736823106518]
771 ; 23 ; 140 ; 4 ; [0.96993315081382636] ; [0.031730909460967148]
771 ; 23 ; 140 ; 5 ; [0.24948021823699035] ; [2.3996853720793183]
771 ; 23 ; 140 ; 6 ; [0.84976010833424187] ; [0.5502322378691562]
771 ; 23 ; 140 ; 13 ; [3.6984842878379989] ; [0.0083961506197429182]
771 ; 23 ; 142 ; 0 ; [0.4014938906364599] ; [0.1460638952304838]
771 ; 23 ; 143 ; 0 ; [1.3587981722095126] ; [0.090117155932463611]
771 ; 23 ; 143 ; 2 ; [0.1380096822477086] ; [0.20875887304023349]
771 ; 23 ; 144 ; 0 ; [-0.029927017498924333] ; [-0.065713903235441878]
771 ; 23 ; 145 ; 0 ; [0.18381789439755469] ; [0.088159443266146317]
771 ; 23 ; 146 ; 0 ; [1.0519034284201976] ; [0.050172268747055611]
771 ; 23 ; 146 ; 1 ; [0.69564324865736094] ; [1.7245104181875461]
771 ; 23 ; 147 ; 1 ; [0.0060323390981159367] ; [1.8589319220861678]
771 ; 23 ; 148 ; 0 ; [0.080586877070742427] ; [0.43773356428346805]
771 ; 23 ; 149 ; 0 ; [0.3793596793162915] ; [0.20714229735825379]
771 ; 23 ; 149 ; 2 ; [0.024876477602251725] ; [0.94877618694612553]
771 ; 23 ; 150 ; 0 ; [0.0059184307404502867, 1.2698250721075701] ; [0.045595531561397513, 1.5149105055018592]
771 ; 23 ; 150 ; 1 ; [0.84492904685783665] ; [1.1566917068036713]
771 ; 23 ; 150 ; 3 ; [0.18129718930029937] ; [0.074835575941341215]
771 ; 23 ; 150 ; 5 ; [1.2632831573780061] ; [2.3551348248389981]
771 ; 23 ; 150 ; 6 ; [4.9518681039922798] ; [2.3499340122667234]
771 ; 23 ; 150 ; 8 ; [1.1706326706615446] ; [1.7232486981441539]
771 ; 23 ; 151 ; 0 ; [0.069266144221511505] ; [0.2050825006607114]
771 ; 23 ; 151 ; 1 ; [0.069643128228504506] ; [0.17780785175459601]
771 ; 23 ; 151 ; 2 ; [0.023890102071307873] ; [0.16204346515155335]
771 ; 23 ; 152 ; 0 ; [0.021698223537557411] ; [0.1958905459582605]
771 ; 23 ; 152 ; 1 ; [0.74960727410730521] ; [0.78686874513489025]
771 ; 23 ; 152 ; 3 ; [0.6055103702881901] ; [0.80516568446341963]
771 ; 23 ; 152 ; 4 ; [-0.030327414306015876] ; [0.15124062815355396]
771 ; 23 ; 153 ; 0 ; [0.19517346185675682] ; [0.8329900099752966]
771 ; 23 ; 154 ; 0 ; [0.2187564006211771] ; [0.508899752795547]
771 ; 23 ; 156 ; 0 ; [0.71369851612896085, 0.92203152282687506] ; [0.05569403979997075, 0.48047158213172397]
771 ; 23 ; 156 ; 1 ; [0.3966490634754099] ; [0.58624852717666665]
771 ; 23 ; 156 ; 3 ; [0.44963391748057602] ; [-0.015422316500008392]
771 ; 23 ; 157 ; 1 ; [0.067803478163268899] ; [1.0473093838824077]
771 ; 23 ; 157 ; 2 ; [0.56767867845500553] ; [0.35448373769929653]
771 ; 23 ; 157 ; 3 ; [0.84477861328586989] ; [0.63849785955878258]
771 ; 23 ; 157 ; 4 ; [0.513886040129512] ; [0.8304397083094669]
771 ; 23 ; 157 ; 5 ; [1.0941435546117351] ; [0.55094861300380227]
771 ; 23 ; 158 ; 5 ; [0.59946225769491146] ; [0.67132318496342713]
771 ; 23 ; 160 ; 1 ; [0.75539466776853925] ; [0.61966640788983851]
771 ; 23 ; 160 ; 3 ; [1.6293378328199652] ; [1.0883575761783357]
771 ; 23 ; 160 ; 8 ; [1.4939659617200542] ; [1.7118441234240838]
771 ; 23 ; 160 ; 13 ; [0.97930620378726752] ; [0.80918593479243817]
771 ; 23 ; 162 ; 0 ; [0.28985826737236065] ; [0.045203601366788478]
771 ; 23 ; 162 ; 1 ; [-0.0077176379615298907] ; [0.0046237097593915281]
771 ; 23 ; 162 ; 2 ; [1.1496706231972456] ; [1.5773086867011334]
771 ; 23 ; 162 ; 3 ; [1.6731940850149865] ; [0.30465905759911138]
771 ; 23 ; 162 ; 4 ; [2.6097691427790601] ; [0.76613440366651164]
771 ; 23 ; 163 ; 0 ; [0.37530725713834034] ; [0.064774350188076688]
771 ; 23 ; 163 ; 1 ; [0.47570645933104683] ; [0.0020451491210398257]
771 ; 23 ; 164 ; 0 ; [0.29880849147364053] ; [0.29001445136445292]
771 ; 23 ; 167 ; 0 ; [0.039643905237352693] ; [0.27218784103680232]
771 ; 23 ; 168 ; 0 ; [2.0341727998226027] ; [0.095193503396813053]
771 ; 23 ; 168 ; 1 ; [0.18396855711758225] ; [0.35433574168202686]
771 ; 23 ; 169 ; 1 ; [1.5741545290012748] ; [0.83165177415005065]
771 ; 23 ; 169 ; 8 ; [1.0368638046885827] ; [1.8647803262436171]
771 ; 23 ; 170 ; 0 ; [0.040192105817444618] ; [0.33000081959985295]
771 ; 23 ; 171 ; 0 ; [0.53313850202424784] ; [0.24995786737888417]
771 ; 23 ; 171 ; 1 ; [0.27251207450925424] ; [0.19051892886324137]
771 ; 23 ; 171 ; 2 ; [0.069184462349912559] ; [0.40254398747901782]
771 ; 23 ; 171 ; 3 ; [0.27389725240924601] ; [0.22654043744710611]
771 ; 23 ; 172 ; 0 ; [0.22949012486272244] ; [0.28661035459606393]
771 ; 23 ; 173 ; 0 ; [0.7053999315449403] ; [0.16023365643240961]
771 ; 23 ; 173 ; 1 ; [0.45491266131134328] ; [0.32763572325643803]
771 ; 23 ; 173 ; 7 ; [0.050302282983931294] ; [0.96442674172421339]
771 ; 23 ; 174 ; 0 ; [0.19305913820933313] ; [0.33592248065764335]
771 ; 23 ; 174 ; 1 ; [0.10206301437157772] ; [1.0465248169547494]
771 ; 23 ; 174 ; 3 ; [1.3760182451871033] ; [0.25998929782170793]
771 ; 23 ; 175 ; 0 ; [0.017811825245235949] ; [0.077867601135348782]
771 ; 23 ; 175 ; 1 ; [2.8118405300941474] ; [0.17283695255753984]
771 ; 23 ; 176 ; 0 ; [0.060546924186777325, 0.19708690459241737] ; [-0.011461463410874211, 0.022068242709911284]
771 ; 23 ; 176 ; 1 ; [0.6147490437357529] ; [0.38591695561231826]
771 ; 23 ; 176 ; 2 ; [0.30999792419154254] ; [0.86006828145573644]
771 ; 23 ; 176 ; 4 ; [4.0918621121388812] ; [3.2170850785584792]
771 ; 23 ; 178 ; 0 ; [0.31424072272847275] ; [0.45091584183316291]
771 ; 23 ; 179 ; 1 ; [0.42511588546556056] ; [-0.0090936891263258095]
771 ; 23 ; 180 ; 0 ; [0.029416075665803242] ; [0.059900779821571513]
771 ; 23 ; 181 ; 0 ; [0.52386753643231299] ; [0.28391010911960468]
771 ; 23 ; 181 ; 1 ; [0.89925435738586712] ; [0.55234800116073302]
771 ; 23 ; 181 ; 3 ; [0.53818685296046631] ; [0.63033505328467243]
771 ; 23 ; 182 ; 0 ; [0.017238548933091458, 0.011649946238818515] ; [0.036422445860709647, 0.034623925987213429]
771 ; 23 ; 182 ; 1 ; [0.62821006371366062] ; [1.1794281634425394]
771 ; 23 ; 182 ; 2 ; [1.0671260207206967] ; [0.3285179333101248]
771 ; 23 ; 187 ; 0 ; [0.30115822785373542] ; [0.21047285464115456]
771 ; 23 ; 187 ; 2 ; [1.279943581336964] ; [1.2928317573672408]
771 ; 23 ; 187 ; 3 ; [0.6323589580323673] ; [1.0351628495079632]
771 ; 23 ; 187 ; 4 ; [3.9204398420627067] ; [1.9729047454966628]
771 ; 23 ; 187 ; 5 ; [1.3979232227502401] ; [3.2560819949954594]
771 ; 23 ; 187 ; 7 ; [1.3875441132910513] ; [2.5958032777397508]
771 ; 23 ; 187 ; 9 ; [0.26930996335670493] ; [0.32644518480236079]
771 ; 23 ; 188 ; 0 ; [-0.0010830292125524022] ; [1.1093931563277601]
771 ; 23 ; 189 ; 0 ; [0.23341569926273728] ; [1.4817003929359942]
771 ; 23 ; 189 ; 1 ; [0.35758455386899307] ; [0.38031646071382247]
771 ; 23 ; 189 ; 3 ; [0.030153563194912109] ; [0.26603405719517281]
771 ; 23 ; 189 ; 5 ; [0.43530159882285435] ; [1.6158914726041189]
771 ; 23 ; 189 ; 7 ; [0.082113723528664917] ; [2.4446561600313577]
771 ; 23 ; 191 ; 0 ; [0.13342390420349554] ; [0.092672682279466179]
771 ; 23 ; 191 ; 1 ; [0.27402894735897165] ; [0.27114615643294482]
771 ; 23 ; 191 ; 2 ; [0.032238571966815205] ; [0.12120881136264389]
771 ; 23 ; 191 ; 3 ; [0.070133858958791345] ; [0.15449690767390573]
771 ; 23 ; 192 ; 0 ; [0.1678788457136258] ; [-0.01382519338005123]
771 ; 23 ; 193 ; 0 ; [-0.058073360453822775] ; [0.018644863506451451]
771 ; 23 ; 193 ; 1 ; [-0.037015255783521731] ; [-0.038354966344094028]
771 ; 23 ; 193 ; 2 ; [0.0028825338298060052] ; [0.096394735820281519]
771 ; 23 ; 195 ; 6 ; [1.2221014094316227] ; [0.7997175462618541]
771 ; 23 ; 198 ; 0 ; [-0.020586516082805938] ; [0.063694103585557035]
771 ; 23 ; 199 ; 0 ; [0.70719005748536801] ; [0.36068056372995094]
771 ; 23 ; 199 ; 1 ; [0.053024744730999988] ; [0.038899122642788962]
771 ; 23 ; 199 ; 2 ; [0.084689861587504259] ; [-0.0072914689270861706]
771 ; 23 ; 199 ; 3 ; [0.38422168273205526] ; [0.12921008500481515]
771 ; 23 ; 200 ; 0 ; [0.043093142305090738] ; [0.45310590599183032]
771 ; 23 ; 200 ; 1 ; [-0.016664379708476545] ; [0.022646223451752028]
771 ; 23 ; 200 ; 2 ; [0.92576226818357232] ; [0.76322351706027769]
771 ; 23 ; 202 ; 0 ; [-0.18597928371860603] ; [-0.083408811637030483]
771 ; 23 ; 202 ; 2 ; [1.2171149778676034] ; [0.026919886468632109]
771 ; 23 ; 203 ; 0 ; [0.13735708244428316] ; [0.042022694677809877]
771 ; 23 ; 203 ; 5 ; [1.0319027767891102] ; [3.2173605307766735]
771 ; 23 ; 203 ; 7 ; [0.89362425981283899] ; [1.2752548893148519]
771 ; 23 ; 204 ; 0 ; [0.043407671620724383] ; [0.33153519604113219]
771 ; 23 ; 204 ; 1 ; [1.592632733855734] ; [4.5016609224795667]
771 ; 23 ; 204 ; 2 ; [0.093380349722952033] ; [2.4603895239111697]
771 ; 23 ; 204 ; 3 ; [0.071687061671352567] ; [2.5059334889931031]
771 ; 23 ; 205 ; 0 ; [0.28111461017486017] ; [0.20495501746632355]
771 ; 23 ; 206 ; 1 ; [0.47650258110812055] ; [1.3220183939944152]
771 ; 23 ; 206 ; 2 ; [1.3575412912973241] ; [1.0328697600606445]
771 ; 23 ; 206 ; 3 ; [1.3068073029015714] ; [1.3554422934934787]
771 ; 23 ; 206 ; 4 ; [0.66908846440249425] ; [2.5756030148051772]
771 ; 23 ; 206 ; 8 ; [1.6605836117923993] ; [1.380815091545152]
771 ; 23 ; 206 ; 9 ; [1.9034112225723612] ; [2.2806519358097916]
771 ; 23 ; 206 ; 13 ; [0.59006021236593176] ; [1.1770098144809753]
771 ; 23 ; 207 ; 0 ; [0.062453984636249231, 0.17678357358432203] ; [0.019848333522646956, -0.017895228378914697]
771 ; 23 ; 207 ; 1 ; [1.2974551518056805] ; [-0.03466234924178762]
771 ; 23 ; 208 ; 0 ; [1.1952308462943049] ; [0.33068929828797283]
771 ; 23 ; 208 ; 1 ; [0.4816559380782594] ; [0.43386011793641754]
771 ; 23 ; 208 ; 2 ; [0.23122706668041651] ; [0.3050353507477927]
771 ; 23 ; 208 ; 3 ; [0.3129198311023712] ; [0.48352182598948418]
771 ; 23 ; 208 ; 6 ; [0.18194704963873345] ; [0.28351379776732932]
771 ; 23 ; 208 ; 9 ; [0.54419980368904897] ; [2.6258674863372722]
771 ; 23 ; 208 ; 21 ; [0.44372124726727552] ; [0.47992159708264043]
771 ; 23 ; 208 ; 22 ; [0.15053771829940316] ; [0.87339447868411568]
771 ; 23 ; 209 ; 0 ; [0.097447372437941618] ; [0.43561179535397998]
771 ; 23 ; 211 ; 0 ; [0.23512455433171761] ; [0.36390891700237565]
771 ; 23 ; 211 ; 1 ; [0.65678753594395012] ; [1.5456386372210527]
771 ; 23 ; 212 ; 0 ; [0.4712927704540133] ; [0.013688130327189582]
771 ; 23 ; 213 ; 0 ; [1.6059514926619058] ; [0.068524191376083357]
771 ; 23 ; 213 ; 1 ; [0.30732782420395099] ; [1.2493178393637538]
771 ; 23 ; 213 ; 2 ; [0.17299152850805941] ; [1.6945622350469149]
771 ; 23 ; 213 ; 3 ; [0.086946879626953799] ; [1.4059953161608856]
771 ; 23 ; 213 ; 4 ; [1.3318875542849979] ; [1.034392639234222]
771 ; 23 ; 213 ; 5 ; [0.08609835463751335] ; [0.78035874136350469]
771 ; 23 ; 213 ; 6 ; [0.11558147711352994] ; [0.42624980786823802]
771 ; 23 ; 213 ; 7 ; [1.4565145730443934] ; [4.3495727924168186]
771 ; 23 ; 214 ; 0 ; [0.43859636093319787] ; [0.19731704869681899]
771 ; 23 ; 214 ; 1 ; [0.11609467612172435] ; [0.037574757552313549]
771 ; 23 ; 214 ; 2 ; [1.0359897058716225] ; [0.19008468649429883]
771 ; 23 ; 214 ; 17 ; [0.41908674468807727] ; [0.32796788985134478]
771 ; 23 ; 214 ; 22 ; [0.20572771932389072] ; [0.72285066879628734]
771 ; 23 ; 215 ; 0 ; [0.10364359706109386] ; [0.17896169019937927]
771 ; 23 ; 216 ; 0 ; [0.0638847461100049] ; [0.33200954491959439]
771 ; 23 ; 216 ; 1 ; [0.54350013106475803] ; [0.43521652014355322]
771 ; 23 ; 216 ; 2 ; [0.094422441410087807] ; [0.027280471505259425]
771 ; 23 ; 216 ; 7 ; [0.031919119857041843] ; [1.4020034259782213]
771 ; 23 ; 217 ; 0 ; [0.32862334706647339] ; [0.14846436328143933]
771 ; 23 ; 217 ; 1 ; [0.21815263641814525] ; [-0.021898620762226824]
771 ; 23 ; 217 ; 3 ; [7.4731651018562344] ; [7.4336558848806646]
771 ; 23 ; 221 ; 2 ; [1.1575446852185978] ; [0.29174534249785267]
771 ; 23 ; 221 ; 3 ; [1.1445862760554588] ; [1.3639533355480082]
771 ; 23 ; 221 ; 9 ; [0.26674033916843437] ; [2.2280120454903147]
771 ; 23 ; 221 ; 11 ; [0.083514469770127511] ; [0.57439176597785169]
771 ; 23 ; 221 ; 12 ; [1.2924218751567516] ; [0.88484201347851565]
771 ; 23 ; 224 ; 0 ; [0.40669645063668497] ; [0.014814333978171276]
771 ; 23 ; 225 ; 0 ; [0.62569431657710262] ; [0.38343751301871015]
771 ; 23 ; 226 ; 0 ; [1.2609637185356553] ; [1.2226626842768367]
771 ; 23 ; 226 ; 4 ; [0.013145892742173797] ; [0.50252907962979576]
771 ; 23 ; 227 ; 0 ; [0.42254009288094824] ; [0.2461748015621493]
771 ; 23 ; 227 ; 1 ; [0.57552621897748302] ; [0.094349404300318421]
771 ; 23 ; 229 ; 2 ; [0.42228725488544688] ; [0.13695045152979007]
771 ; 23 ; 231 ; 1 ; [1.5743703886253226] ; [1.713158359630641]
771 ; 23 ; 231 ; 4 ; [1.1581342359828368] ; [0.56989958597565438]
771 ; 23 ; 231 ; 5 ; [5.1812091420846498] ; [2.4205108049136772]
771 ; 23 ; 231 ; 6 ; [3.9943292773587258] ; [0.97851814987564389]
771 ; 23 ; 231 ; 8 ; [2.8886885831120792] ; [1.7111169535007569]
771 ; 23 ; 232 ; 0 ; [0.19521600753962623] ; [0.047758056919572321]
771 ; 23 ; 233 ; 1 ; [2.1741864729233669] ; [1.4185276292741895]
771 ; 23 ; 233 ; 5 ; [0.34702361855219221] ; [0.12730325558735617]
771 ; 23 ; 233 ; 6 ; [2.8370286010031962] ; [0.45046751825058756]
771 ; 23 ; 235 ; 0 ; [0.091181021621709532] ; [0.40730085520184872]
771 ; 23 ; 236 ; 0 ; [0.28882559300171307] ; [0.61091554965361627]
771 ; 23 ; 239 ; 0 ; [0.97287581560857495] ; [1.6967475209905358]
771 ; 23 ; 239 ; 3 ; [1.7576500031916278] ; [2.7594249563297786]
771 ; 23 ; 239 ; 10 ; [1.702310197927476] ; [2.3474629804608647]
771 ; 23 ; 240 ; 0 ; [2.8776450899097319] ; [1.5018723982327682]
771 ; 23 ; 240 ; 1 ; [1.9138017124214612] ; [1.0891540354012654]
771 ; 23 ; 240 ; 3 ; [0.74249420731075866] ; [1.3235807484303688]
771 ; 23 ; 240 ; 4 ; [4.1860098104852774] ; [1.4307305848866592]
771 ; 23 ; 240 ; 6 ; [1.6946925048413619] ; [1.4564956488802154]
771 ; 23 ; 241 ; 1 ; [2.4601742414743821] ; [0.030871579392369432]
771 ; 23 ; 241 ; 2 ; [2.5748781372377358] ; [0.96811172156144687]
771 ; 23 ; 241 ; 4 ; [0.11155031712690903] ; [0.37365166363493379]
771 ; 23 ; 242 ; 0 ; [0.69609011501584284] ; [1.4435486699999218]
771 ; 23 ; 242 ; 1 ; [0.03360815279539639] ; [-0.0072428389985851171]
771 ; 23 ; 242 ; 2 ; [0.37915665518815511] ; [1.0008991754825711]
771 ; 23 ; 242 ; 4 ; [0.50838132134650327] ; [0.69076469489786785]
771 ; 23 ; 242 ; 5 ; [0.19809221425502535] ; [0.68064714811817451]
771 ; 23 ; 243 ; 0 ; [0.22317593146225898] ; [0.78913749083098705]
771 ; 23 ; 245 ; 0 ; [0.6169663386882337] ; [0.45402169738930953]
771 ; 23 ; 245 ; 2 ; [1.0452981894512761] ; [0.44237434186310992]
771 ; 23 ; 245 ; 6 ; [0.058219350152748116] ; [0.035652199469119093]
771 ; 23 ; 246 ; 1 ; [0.41618075709326496] ; [0.016787298319902583]
771 ; 23 ; 246 ; 3 ; [4.5810814668456281] ; [0.25966449867412161]
771 ; 23 ; 247 ; 0 ; [1.7069219443462356] ; [0.90593960075563729]
771 ; 23 ; 247 ; 1 ; [1.4769390029688676] ; [0.76111271329611352]
771 ; 23 ; 247 ; 2 ; [-0.99152366645652401] ; [3.3054517386155351]
771 ; 23 ; 248 ; 0 ; [0.21704910590378124] ; [0.19937410460711083]
771 ; 23 ; 248 ; 3 ; [0.69829312326061632] ; [0.97450925588325499]
771 ; 23 ; 248 ; 4 ; [5.1640329007759718] ; [1.5468469532678379]
771 ; 23 ; 248 ; 5 ; [2.4204152407743904] ; [0.93340214337762639]
771 ; 23 ; 250 ; 0 ; [2.4369402652606382] ; [0.27746020251568349]
771 ; 23 ; 250 ; 1 ; [0.66740713127741502] ; [0.43140456645270786]
771 ; 23 ; 250 ; 2 ; [2.0153284984224595] ; [0.34968104053822291]
771 ; 23 ; 250 ; 4 ; [1.3958625214657951] ; [1.3530076248802014]
771 ; 23 ; 250 ; 5 ; [2.4534978460988737] ; [1.3445307000615536]
771 ; 23 ; 250 ; 9 ; [1.822599802180934] ; [5.0538132094011248]
771 ; 23 ; 250 ; 10 ; [0.023745105606020694] ; [1.7170657255983295]
771 ; 23 ; 253 ; 0 ; [1.1627318268248457] ; [0.39356309614141155]
771 ; 23 ; 253 ; 1 ; [0.2437401628179231] ; [2.1605699806917587]
771 ; 23 ; 253 ; 2 ; [3.3064346787940528] ; [1.1358116256918147]
771 ; 23 ; 253 ; 3 ; [5.5307038599308065] ; [2.448919968169776]
771 ; 23 ; 253 ; 4 ; [2.406392538496358] ; [2.2178252561987786]
771 ; 23 ; 253 ; 5 ; [0.7033808321264835] ; [2.2446842213264659]
771 ; 23 ; 253 ; 7 ; [2.7080933968469885] ; [2.6185102707476759]
771 ; 23 ; 253 ; 8 ; [0.25328498329320404] ; [1.8263389497879032]
771 ; 23 ; 253 ; 9 ; [0.1938894753908128] ; [2.335430458209204]
771 ; 23 ; 255 ; 0 ; [0.3436555457394001, -0.038393085318597385] ; [0.49743946013766849, -0.07349188471006815]
771 ; 23 ; 255 ; 4 ; [0.13705770071598894] ; [-0.0082830407346961635]
771 ; 23 ; 255 ; 5 ; [0.34392433247856552] ; [0.38402366686752065]
771 ; 23 ; 256 ; 0 ; [2.7987247115407285] ; [1.3871087139109741]
771 ; 23 ; 256 ; 1 ; [0.25231596471197049] ; [0.16593015142534667]
771 ; 23 ; 256 ; 4 ; [3.8112360213347891] ; [3.3244834447113467]
771 ; 23 ; 257 ; 0 ; [0.41863905026547471] ; [1.6958235798294921]
771 ; 23 ; 258 ; 0 ; [0.65131231497466247] ; [0.85216653464184955]
771 ; 23 ; 258 ; 2 ; [0.19412447329670768] ; [-0.0025698536460625736]
771 ; 23 ; 258 ; 3 ; [-0.15558347020001781] ; [1.4234916532727575]
771 ; 23 ; 258 ; 5 ; [1.575371745196525] ; [1.9831950693827294]
771 ; 23 ; 258 ; 6 ; [1.265961569342217] ; [0.82920403897776673]
771 ; 23 ; 258 ; 8 ; [0.96829122251724431] ; [1.5058006088913172]
771 ; 23 ; 259 ; 2 ; [0.99676613059245822] ; [1.1907232044014968]
771 ; 23 ; 259 ; 3 ; [15.22066450457416] ; [1.7917743537822299]
771 ; 23 ; 259 ; 4 ; [0.40358854152246737] ; [1.2810077691071087]
771 ; 23 ; 259 ; 5 ; [3.3415752558282659] ; [1.25656584753765]
771 ; 23 ; 259 ; 6 ; [0.99483566201061235] ; [2.5249294697176836]
771 ; 23 ; 259 ; 7 ; [0.12837776061267986] ; [1.4508100276765374]
771 ; 23 ; 260 ; 0 ; [0.59266607674364047, -0.018693258799760974] ; [0.33279333910243492, 0.0067114445607676073]
771 ; 23 ; 260 ; 1 ; [0.032044830845652537] ; [0.048130842403107131]
771 ; 23 ; 261 ; 0 ; [1.6596741003425948, 0.48345708978791335] ; [-0.051797229775409306, -0.052017881291987283]
771 ; 23 ; 261 ; 1 ; [1.8185213439282282] ; [2.3891528286843946]
771 ; 23 ; 261 ; 4 ; [2.8658314215030054] ; [0.78614987358196675]
771 ; 23 ; 261 ; 5 ; [0.52552214651932649] ; [0.12323625621686422]
771 ; 23 ; 261 ; 6 ; [1.9363928220590942] ; [1.6780983099351969]
771 ; 23 ; 261 ; 10 ; [1.4252177015812593] ; [1.8834056658092304]
771 ; 23 ; 261 ; 11 ; [1.0838342829464025] ; [1.4542603364943956]
771 ; 23 ; 261 ; 15 ; [0.6661001395866526] ; [5.7216411957167068]
771 ; 23 ; 261 ; 18 ; [1.1142601674187593] ; [1.1239890881284424]
771 ; 23 ; 261 ; 27 ; [7.4923122538623721] ; [2.4544751601438568]
771 ; 23 ; 263 ; 2 ; [0.28816841038267904] ; [1.1394316669370219]
771 ; 23 ; 264 ; 0 ; [0.27013601563742451] ; [1.255879827680138]
771 ; 23 ; 264 ; 1 ; [0.13905610042695529] ; [0.81703634101936362]
771 ; 23 ; 265 ; 0 ; [0.23311415084446876] ; [0.35977107361548083]
771 ; 23 ; 265 ; 1 ; [0.22953730499996866] ; [0.70472712987241448]
771 ; 23 ; 266 ; 0 ; [0.57065934589511536] ; [0.68166451603490064]
771 ; 23 ; 266 ; 1 ; [0.23470547810965969] ; [0.68731994027816234]
771 ; 23 ; 266 ; 2 ; [0.98262233420490408] ; [1.7930254472606684]
771 ; 23 ; 269 ; 0 ; [0.15012676710882558] ; [0.47239398554587902]
771 ; 23 ; 269 ; 2 ; [0.87655772629889783] ; [0.40224047955573605]
771 ; 23 ; 269 ; 3 ; [0.29851661425069242] ; [1.467031075709436]
771 ; 23 ; 269 ; 4 ; [1.1197660571051991] ; [1.5834276186011849]
771 ; 23 ; 269 ; 7 ; [9.8504902407351373] ; [0.5224579621609472]
771 ; 23 ; 269 ; 8 ; [3.0551610007921575] ; [0.5207414529116019]
771 ; 23 ; 269 ; 9 ; [1.7024527605364661] ; [0.052141202571803005]
771 ; 23 ; 269 ; 11 ; [0.69249935038077959] ; [2.4301918505077893]
771 ; 23 ; 269 ; 12 ; [1.6186223090214584] ; [2.8188623712269765]
771 ; 23 ; 269 ; 15 ; [0.53933327732983505] ; [1.5346449731703191]
771 ; 23 ; 269 ; 16 ; [2.6520281753634691] ; [0.27780220501321912]
771 ; 23 ; 269 ; 19 ; [0.65263267684495585] ; [0.33429011669127606]
771 ; 23 ; 271 ; 0 ; [-0.028575627796089378] ; [0.14066169549526211]
771 ; 23 ; 273 ; 2 ; [1.3345987338416729] ; [2.65464647058351]
771 ; 23 ; 273 ; 3 ; [1.7318392457977769] ; [-0.0035761710643666994]
771 ; 23 ; 273 ; 6 ; [1.3935288708839386] ; [1.2435872742079874]
771 ; 23 ; 274 ; 0 ; [0.076168283069571477, 0.33929874584040776] ; [0.076290977818187458, 0.037497888098668899]
771 ; 23 ; 274 ; 2 ; [0.067276582013272843] ; [0.074344916830396013]
771 ; 23 ; 276 ; 0 ; [0.17655758768962274] ; [0.073542964950718479]
771 ; 23 ; 276 ; 3 ; [2.774060277758855] ; [1.3663888302767742]
771 ; 23 ; 277 ; 0 ; [0.14774414154258608] ; [0.31472146681494823]
771 ; 23 ; 277 ; 1 ; [0.63037768090279123] ; [0.0041806373160254368]
771 ; 23 ; 278 ; 0 ; [0.012316629480634375] ; [0.5332089312731243]
771 ; 23 ; 278 ; 1 ; [0.15692044451290363] ; [0.12444383028064931]
771 ; 23 ; 278 ; 2 ; [0.068940133631895398] ; [0.31707067585789939]
771 ; 23 ; 280 ; 1 ; [2.0575162409004104] ; [1.2994138751639499]
771 ; 23 ; 281 ; 0 ; [0.058532591122929474] ; [0.077004440122860923]
771 ; 23 ; 281 ; 1 ; [0.41808630083665205] ; [0.093740666424983424]
771 ; 23 ; 281 ; 2 ; [0.15408885968804559] ; [0.098322579552965847]
771 ; 23 ; 282 ; 0 ; [0.25687420761229357, 0.29263503549525688] ; [0.56668525721702534, 0.24898492437317882]
771 ; 23 ; 282 ; 1 ; [1.1211410132531692] ; [1.7903217454742317]
771 ; 23 ; 282 ; 4 ; [0.00079233665682682756] ; [0.26208763254207357]
771 ; 23 ; 282 ; 5 ; [0.0026484733939355475] ; [1.6539050717330563]
771 ; 23 ; 283 ; 0 ; [2.2290931961105254] ; [1.3200203725419868]
771 ; 23 ; 283 ; 1 ; [1.4129089215230159] ; [2.1541908897114603]
771 ; 23 ; 283 ; 2 ; [0.89699571410622581] ; [3.8377115804356436]
771 ; 23 ; 283 ; 3 ; [4.3172138401547588] ; [6.6000658047713303]
771 ; 23 ; 283 ; 4 ; [4.8679399395115253] ; [0.64561396258692916]
771 ; 23 ; 283 ; 5 ; [2.0014869758354834] ; [4.257077559949396]
771 ; 23 ; 284 ; 0 ; [0.30721711115254369] ; [0.031124853152503417]
771 ; 23 ; 284 ; 1 ; [0.010496992745732875] ; [0.26838842688659886]
771 ; 23 ; 284 ; 4 ; [0.095700413991611777] ; [-0.065324675210904015]
771 ; 23 ; 286 ; 0 ; [0.014552703992879883] ; [0.58842396967616406]
771 ; 23 ; 286 ; 1 ; [0.011506201716786443] ; [0.21311125130673608]
771 ; 23 ; 287 ; 0 ; [0.082996660027350858] ; [-0.016641046829938281]
771 ; 23 ; 288 ; 12 ; [0.071455346300721354] ; [0.70888917787797245]
771 ; 23 ; 290 ; 0 ; [1.0293507133778432] ; [0.27658178479842738]
771 ; 23 ; 290 ; 2 ; [0.85194991625356864] ; [0.03349111361706536]
771 ; 23 ; 290 ; 3 ; [0.40201396634521375] ; [0.26204011221941109]
771 ; 23 ; 290 ; 4 ; [0.86051493071415597] ; [1.3734424798612201]
771 ; 23 ; 290 ; 5 ; [0.11656869154676598] ; [0.61204521080628671]
771 ; 23 ; 290 ; 6 ; [1.0882824159034945] ; [2.9770488111692486]
771 ; 23 ; 290 ; 8 ; [2.9486844134650263] ; [0.41298442910434019]
771 ; 23 ; 290 ; 9 ; [0.43388148544371602] ; [2.514113233429931]
771 ; 23 ; 292 ; 0 ; [2.4538754386929882] ; [0.2391988198873824]
771 ; 23 ; 292 ; 1 ; [1.162251704531029] ; [1.5805993956792568]
771 ; 23 ; 292 ; 2 ; [3.1972597111056964] ; [0.28738432797355651]
771 ; 23 ; 292 ; 3 ; [1.6695041901356862] ; [1.4652841788390503]
771 ; 23 ; 292 ; 6 ; [1.1568686585318202] ; [0.77308672094320774]
771 ; 23 ; 292 ; 8 ; [2.0547096713642201] ; [1.7467308177166154]
771 ; 23 ; 292 ; 9 ; [2.6266922321122479] ; [1.0345210345749327]
771 ; 23 ; 292 ; 10 ; [2.0837813288189482] ; [2.951572540125234]
771 ; 23 ; 292 ; 11 ; [2.4685397719688487] ; [1.9369687208151751]
771 ; 23 ; 292 ; 17 ; [2.8473565910999494] ; [2.3744183037268192]
771 ; 23 ; 292 ; 19 ; [0.13848781391122758] ; [0.19515674852503193]
771 ; 23 ; 292 ; 20 ; [0.90006116332252828] ; [0.13742636109814774]
771 ; 23 ; 292 ; 21 ; [1.9714540910973304] ; [2.7703509285873289]
771 ; 23 ; 292 ; 22 ; [1.3742982659380711] ; [3.7484205835501112]
771 ; 23 ; 292 ; 26 ; [1.2752964508299309] ; [2.7676889753353713]
771 ; 23 ; 292 ; 27 ; [2.339996883225179] ; [2.3730073394956013]
771 ; 23 ; 292 ; 31 ; [-0.063829620499938136] ; [0.6470585274220132]
771 ; 23 ; 292 ; 32 ; [1.5109669146211899] ; [2.6908849133445027]
771 ; 23 ; 292 ; 33 ; [-0.029754116212064429] ; [1.5504086225751912]
771 ; 23 ; 292 ; 35 ; [2.2980372567473082] ; [0.70836132999918144]
771 ; 23 ; 292 ; 37 ; [1.3372857037584081] ; [1.4232877588382238]
771 ; 23 ; 292 ; 39 ; [2.8222870805649789] ; [1.393995751629141]
771 ; 23 ; 292 ; 41 ; [2.467024442005497] ; [0.63067163370657731]
771 ; 23 ; 292 ; 42 ; [1.520988857273851] ; [2.0259379166213258]
771 ; 23 ; 292 ; 45 ; [2.9489008151123874] ; [4.0503752220308122]
771 ; 23 ; 294 ; 0 ; [0.071901229733005681] ; [0.18949216886049255]
771 ; 23 ; 294 ; 4 ; [-0.020054642870716385] ; [0.076843322908916253]
771 ; 23 ; 295 ; 1 ; [0.19392892782799243, 0.10441982113796856] ; [0.32034145275479664, 0.062566397948642133]
771 ; 23 ; 295 ; 2 ; [1.336649955537534] ; [0.35393197749370409]
771 ; 23 ; 295 ; 3 ; [1.8323161552591591] ; [0.14951913888693233]
771 ; 23 ; 296 ; 0 ; [1.3898369672761208] ; [0.88741943740293039]
771 ; 23 ; 296 ; 1 ; [2.6246152115082322] ; [1.6883248303752174]
771 ; 23 ; 296 ; 2 ; [1.4261945242721137] ; [1.1478945899785187]
771 ; 23 ; 298 ; 0 ; [0.023963042085930371] ; [0.30674685801461116]
771 ; 23 ; 300 ; 0 ; [2.1029991941280648] ; [0.6500937569055385]
771 ; 23 ; 301 ; 0 ; [0.01657770455889845, -0.02958001224738285] ; [0.26165007794027129, -0.040693772268396829]
771 ; 23 ; 302 ; 1 ; [2.1707910520037612] ; [0.39513269562840708]
771 ; 23 ; 302 ; 2 ; [0.12494045989922026] ; [1.0969900326220374]
771 ; 23 ; 302 ; 5 ; [0.74101070941609992] ; [3.0064444393061875]
771 ; 23 ; 302 ; 7 ; [0.20530264254407071] ; [1.1411619333410761]
771 ; 23 ; 302 ; 8 ; [0.95418852448984559] ; [0.078787721963806137]
771 ; 23 ; 302 ; 11 ; [3.3539389558392889] ; [0.95337051067436618]
771 ; 23 ; 303 ; 0 ; [0.078546751758110947] ; [0.47051993346717025]
771 ; 23 ; 303 ; 1 ; [0.1998411849573748] ; [0.0037326179804422254]
771 ; 23 ; 304 ; 0 ; [0.30673119130252746] ; [0.060073923468104501]
771 ; 23 ; 304 ; 1 ; [0.55375444447965327] ; [0.050729821040023881]
771 ; 23 ; 304 ; 4 ; [0.027353553841008665] ; [0.039004296972305126]
771 ; 23 ; 304 ; 8 ; [0.081642238511412224] ; [0.082796679758570163]
771 ; 23 ; 305 ; 0 ; [0.023914289971383472] ; [0.30697030976502615]
771 ; 23 ; 305 ; 1 ; [0.47179295039791119] ; [0.45346476462142188]
771 ; 23 ; 305 ; 2 ; [0.13850267632801475] ; [0.22207810938734016]
771 ; 23 ; 305 ; 4 ; [1.6333455115379505] ; [1.7334112090736533]
771 ; 23 ; 310 ; 0 ; [0.046746771721616474] ; [0.025288282889336152]
771 ; 23 ; 314 ; 0 ; [0.34187188239533001] ; [0.0045391443193408794]
771 ; 23 ; 314 ; 1 ; [0.27793374759072842] ; [0.88136712653815419]
771 ; 23 ; 314 ; 2 ; [-0.12295964851076049] ; [-0.056671043673748069]
771 ; 23 ; 315 ; 0 ; [0.26162382512805166] ; [0.42637011123100627]
771 ; 23 ; 315 ; 3 ; [-0.10708377484408603] ; [0.65370695013607405]
771 ; 23 ; 316 ; 0 ; [11.401543462093802] ; [1.9884817208404322]
771 ; 23 ; 316 ; 3 ; [5.7729567211781134] ; [1.5399257649685354]
771 ; 23 ; 316 ; 4 ; [1.3233465063165875] ; [0.73042413258807193]
771 ; 23 ; 316 ; 7 ; [2.105651498539939] ; [2.1605563098345026]
771 ; 23 ; 316 ; 8 ; [0.23985251659778897] ; [1.610457087932835]
771 ; 23 ; 316 ; 10 ; [13.416156913720018] ; [3.021731933711334]
771 ; 23 ; 316 ; 11 ; [6.5984017654962388] ; [3.6009134154565263]
771 ; 23 ; 316 ; 14 ; [3.7183455048463165] ; [2.6320570085369654]
771 ; 23 ; 316 ; 17 ; [3.7045418995146413] ; [0.96975232344980467]
771 ; 23 ; 316 ; 18 ; [2.3414500226824542] ; [0.94816650118710644]
771 ; 23 ; 316 ; 20 ; [0.38489157668397589] ; [3.3389082631776725]
771 ; 23 ; 316 ; 23 ; [1.1852502609208548] ; [2.2939371568786115]
771 ; 23 ; 316 ; 29 ; [4.3307869491369519] ; [1.6526477125068035]
771 ; 23 ; 316 ; 30 ; [5.2783427479015774] ; [1.4614691368650536]
771 ; 23 ; 316 ; 31 ; [0.22456077436530003] ; [1.7724111843859336]
771 ; 23 ; 316 ; 32 ; [5.5305783445803476] ; [1.8091514599062479]
771 ; 23 ; 317 ; 0 ; [-0.033353934294891668] ; [0.32241876223839494]
771 ; 23 ; 317 ; 1 ; [-0.20822848234087424] ; [0.38246199625431293]
771 ; 23 ; 320 ; 0 ; [0.25134769214191383] ; [0.010609242535317618]
771 ; 23 ; 321 ; 0 ; [0.0023742149779547445, -0.0022368439838224394] ; [0.1489967269730588, 0.16569577511441083]
771 ; 23 ; 323 ; 0 ; [0.20209406718365391] ; [0.5262245765458764]
771 ; 23 ; 323 ; 1 ; [1.405553986428582] ; [0.90746850611078023]
771 ; 23 ; 324 ; 0 ; [0.19904101030690968] ; [0.21939485844360279]
771 ; 23 ; 324 ; 2 ; [0.077110855710832579] ; [0.076995695032288328]
771 ; 23 ; 328 ; 0 ; [0.87084789515276639] ; [0.91190063029096891]
771 ; 23 ; 328 ; 1 ; [0.87306145381068423] ; [1.2516428505084207]
771 ; 23 ; 328 ; 2 ; [0.4759800607504186] ; [0.73217405803647395]
771 ; 23 ; 328 ; 4 ; [0.43877749378300879] ; [0.41007947811029094]
771 ; 23 ; 328 ; 9 ; [2.3272174121847269] ; [1.3256678354310565]
771 ; 23 ; 328 ; 10 ; [1.2306801096618354] ; [0.54925991052251666]
771 ; 23 ; 328 ; 15 ; [0.66284854493533452] ; [2.0489653679952382]
771 ; 23 ; 328 ; 19 ; [2.2218006213388257] ; [0.53817969206369376]
771 ; 23 ; 328 ; 41 ; [1.3260175983136369] ; [1.0656071927176136]
771 ; 23 ; 328 ; 42 ; [1.485434238224622] ; [1.3741990421262702]