# Run ; Subrun ; Event ; Track ; Charge Ratios View 0 ; Charge Ratios View 1 #
771 ; 22 ; 0 ; 0 ; [0.36495746982057714] ; [2.0953509638582526]
771 ; 22 ; 1 ; 0 ; [0.44560912757573279] ; [1.2036918237255618]
771 ; 22 ; 1 ; 1 ; [0.41134710049724754] ; [0.023153616465046947]
771 ; 22 ; 1 ; 3 ; [0.41832511810375023] ; [5.5823976006789069]
771 ; 22 ; 2 ; 0 ; [0.26003286346422783] ; [0.29751534800616136]
771 ; 22 ; 2 ; 1 ; [0.67243623464169855, 1.3846946891055332] ; [0.68133389233159147, 0.51840865691427107]
771 ; 22 ; 2 ; 4 ; [0.66392990773150062] ; [0.079679789077289093]
771 ; 22 ; 2 ; 6 ; [-0.017208717554869905] ; [0.55288120927831408]
771 ; 22 ; 3 ; 1 ; [2.1757364090453337] ; [0.63653646228112348]
771 ; 22 ; 3 ; 2 ; [0.47260658068482281] ; [1.3354755977121704]
771 ; 22 ; 3 ; 6 ; [1.7093124275584437] ; [2.0411153249617446]
771 ; 22 ; 3 ; 7 ; [1.2961579339161282] ; [1.2524568381792909]
771 ; 22 ; 3 ; 10 ; [1.7498838585000753] ; [1.5945126386760846]
771 ; 22 ; 3 ; 11 ; [2.1180206701152624] ; [2.5638519326406306]
771 ; 22 ; 3 ; 12 ; [2.4807927440074491] ; [2.457868002227213]
771 ; 22 ; 3 ; 15 ; [1.2270695286642344] ; [1.666401102447689]
771 ; 22 ; 3 ; 18 ; [2.1544256980935503] ; [1.6551006782989217]
771 ; 22 ; 3 ; 21 ; [3.751979231681621] ; [1.5392122191471695]
771 ; 22 ; 3 ; 22 ; [1.2412596063130854] ; [1.1795139184426173]
771 ; 22 ; 3 ; 24 ; [1.9632031465666344] ; [1.6371830319671432]
771 ; 22 ; 3 ; 25 ; [1.4893835464716596] ; [0.13560080801588334]
771 ; 22 ; 5 ; 0 ; [0.26992091572786614] ; [0.79125175350485299]
771 ; 22 ; 5 ; 1 ; [0.10338730721286624] ; [0.50334510700169122]
771 ; 22 ; 8 ; 1 ; [2.6073938772668455] ; [0.48481080386024089]
771 ; 22 ; 8 ; 2 ; [3.6115669917414452] ; [0.60619762694385648]
771 ; 22 ; 8 ; 4 ; [1.8226620071345627] ; [2.8763111339027319]
771 ; 22 ; 8 ; 7 ; [0.29468057933152841] ; [1.8728896217841986]
771 ; 22 ; 8 ; 11 ; [0.67240062089912855] ; [1.4143204728313477]
771 ; 22 ; 8 ; 12 ; [1.7227107138836601] ; [1.7308758113555318]
771 ; 22 ; 9 ; 0 ; [0.44612637990979576] ; [0.0023319266143635217]
771 ; 22 ; 14 ; 3 ; [2.4480266436033595] ; [1.4445673141973634]
771 ; 22 ; 14 ; 4 ; [1.5374337737388577] ; [2.1418215136731722]
771 ; 22 ; 14 ; 6 ; [2.9107646408546075] ; [2.9528134353584408]
771 ; 22 ; 14 ; 9 ; [0.0034534465358106352] ; [1.8393877844180397]
771 ; 22 ; 15 ; 0 ; [1.8582931005651873] ; [2.2865202536048566]
771 ; 22 ; 15 ; 2 ; [1.9782078201297173] ; [2.0268312888820836]
771 ; 22 ; 15 ; 3 ; [1.3179623552390753] ; [0.64971304209148339]
771 ; 22 ; 15 ; 5 ; [0.75349151989540974] ; [1.771881650602557]
771 ; 22 ; 15 ; 6 ; [3.6893584433268209] ; [2.5846097947925317]
771 ; 22 ; 15 ; 7 ; [1.456598632625814] ; [1.4553623193617378]
771 ; 22 ; 15 ; 8 ; [1.6940837484803228] ; [1.8562470714493706]
771 ; 22 ; 15 ; 11 ; [2.2568257041782087] ; [1.3596036008741725]
771 ; 22 ; 15 ; 13 ; [2.1224665198687127] ; [1.7414084254484632]
771 ; 22 ; 15 ; 14 ; [1.8805246115845504] ; [0.95939788998220432]
771 ; 22 ; 15 ; 16 ; [4.0552845197311855] ; [1.1128768419921864]
771 ; 22 ; 15 ; 17 ; [1.4846267653932461] ; [0.49606340256380832]
771 ; 22 ; 15 ; 20 ; [0.97792337731195256] ; [0.51023691406402394]
771 ; 22 ; 15 ; 21 ; [2.1254573342574621] ; [1.3356471629945834]
771 ; 22 ; 15 ; 22 ; [2.5501763708026615] ; [2.2111617167719904]
771 ; 22 ; 15 ; 26 ; [2.0161769675182315] ; [1.74461874444536]
771 ; 22 ; 15 ; 29 ; [1.6000757603305498] ; [1.5923410546652141]
771 ; 22 ; 15 ; 34 ; [0.37867481028014571] ; [1.4527044102716458]
771 ; 22 ; 15 ; 39 ; [1.347053035253885] ; [2.4737544079720837]
771 ; 22 ; 17 ; 0 ; [0.15520861478952871] ; [0.13574903699322696]
771 ; 22 ; 17 ; 2 ; [0.1441372561813854] ; [2.5612125143164794]
771 ; 22 ; 20 ; 0 ; [0.83480001430162976] ; [0.20136147289127579]
771 ; 22 ; 20 ; 4 ; [0.72677777560121737] ; [0.44640875608683656]
771 ; 22 ; 21 ; 0 ; [0.14711980262309643, 0.070850780262929625] ; [0.10390136940819161, -0.015069891273288897]
771 ; 22 ; 21 ; 1 ; [-0.026495331513856836] ; [0.02797646565783116]
771 ; 22 ; 21 ; 2 ; [0.10590791654244232] ; [3.2810573414978723]
771 ; 22 ; 21 ; 3 ; [4.6959775680814557] ; [-0.0035714322690647672]
771 ; 22 ; 22 ; 0 ; [0.7491496260842393, 0.428046110718866] ; [0.60814385027467988, 0.23944941182117521]
771 ; 22 ; 24 ; 0 ; [1.0979203251497049] ; [1.0265261366056735]
771 ; 22 ; 24 ; 1 ; [0.59670053839480541] ; [0.56067347140397916]
771 ; 22 ; 26 ; 1 ; [0.56031480279736834] ; [0.0082919957229377998]
771 ; 22 ; 27 ; 0 ; [0.25488566417188213] ; [0.020825578837268266]
771 ; 22 ; 28 ; 0 ; [0.2667792741615011] ; [0.10147879031323989]
771 ; 22 ; 29 ; 0 ; [0.6408942942518332] ; [0.02606131999879787]
771 ; 22 ; 29 ; 1 ; [0.20383331404524607] ; [0.086796414163946498]
771 ; 22 ; 29 ; 3 ; [1.8214879421978512] ; [2.0470034894940783]
771 ; 22 ; 29 ; 4 ; [0.28534351239847333] ; [1.1455431726656702]
771 ; 22 ; 30 ; 0 ; [2.5587894375422433] ; [1.052131623563616]
771 ; 22 ; 30 ; 2 ; [3.348773552754349] ; [0.41756655479821259]
771 ; 22 ; 30 ; 3 ; [2.459980614068213] ; [3.1686572707093537]
771 ; 22 ; 30 ; 4 ; [1.1116327327096491] ; [2.0159262961773003]
771 ; 22 ; 30 ; 5 ; [1.1718341008465811] ; [0.89000896153068831]
771 ; 22 ; 30 ; 6 ; [1.854807526366606] ; [0.46106160114664219]
771 ; 22 ; 31 ; 0 ; [0.2339209491997786] ; [-0.0084964386116560819]
771 ; 22 ; 31 ; 1 ; [0.091127920139814453] ; [0.049426578955594561]
771 ; 22 ; 31 ; 2 ; [-0.0016230816807986936] ; [0.0075196272868290892]
771 ; 22 ; 33 ; 0 ; [0.10279541703292182, 0.50374260874364118] ; [0.26913293049356474, -0.092060643988494395]
771 ; 22 ; 33 ; 1 ; [0.6767704741427838] ; [0.00041957689238980724]
771 ; 22 ; 33 ; 6 ; [0.27960205727005438] ; [0.01104542206227627]
771 ; 22 ; 34 ; 0 ; [0.59367126370832424] ; [0.10963122081587554]
771 ; 22 ; 35 ; 0 ; [1.1711349298163027] ; [0.13354889097106945]
771 ; 22 ; 35 ; 1 ; [2.2042187142729226] ; [1.9669898693004078]
771 ; 22 ; 35 ; 2 ; [1.0994085991775489] ; [1.8156891219288596]
771 ; 22 ; 35 ; 4 ; [1.2273695115673451] ; [5.1792772213976388]
771 ; 22 ; 35 ; 5 ; [2.5001027154293203] ; [0.54405958789816955]
771 ; 22 ; 35 ; 6 ; [0.018562815521199341] ; [1.3952907952104419]
771 ; 22 ; 35 ; 7 ; [1.3193415490258202] ; [1.9511502601187747]
771 ; 22 ; 37 ; 0 ; [0.045341425863259656] ; [0.32542875858104825]
771 ; 22 ; 38 ; 0 ; [0.065402535431360848] ; [0.2470185046585007]
771 ; 22 ; 38 ; 1 ; [0.088216490102618769] ; [0.25297913747301404]
771 ; 22 ; 38 ; 2 ; [0.96145987834465285] ; [0.42203094759118875]
771 ; 22 ; 38 ; 3 ; [0.15826843875007168] ; [0.085259566740832723]
771 ; 22 ; 38 ; 4 ; [0.079467371453820712] ; [0.51356892850832936]
771 ; 22 ; 38 ; 5 ; [0.49822421249301146] ; [0.45170819142440571]
771 ; 22 ; 38 ; 6 ; [1.0632375560542933] ; [0.071771479225236676]
771 ; 22 ; 38 ; 8 ; [4.0068780996859683] ; [2.1857781831500209]
771 ; 22 ; 38 ; 9 ; [0.37106762135303545] ; [2.0378091622386245]
771 ; 22 ; 38 ; 12 ; [2.8948734524147399] ; [0.96254668880975836]
771 ; 22 ; 38 ; 15 ; [0.48932674816867106] ; [0.55118435774531849]
771 ; 22 ; 38 ; 16 ; [0.10358884656197291] ; [1.5458405766927998]
771 ; 22 ; 40 ; 0 ; [1.9922059473928295] ; [1.7325790309639439]
771 ; 22 ; 42 ; 0 ; [4.7684335113868359] ; [0.17603655129299453]
771 ; 22 ; 42 ; 3 ; [0.058455371297117614] ; [1.6818422277564251]
771 ; 22 ; 42 ; 4 ; [0.86995417584178814] ; [1.5130773202146688]
771 ; 22 ; 42 ; 5 ; [0.49066760739140941] ; [0.34424450264406786]
771 ; 22 ; 42 ; 6 ; [1.4764445212695272] ; [0.46394852552473448]
771 ; 22 ; 42 ; 7 ; [-0.074503006702627439] ; [1.8026581775065578]
771 ; 22 ; 42 ; 9 ; [7.853032595822933] ; [0.40772037170457576]
771 ; 22 ; 42 ; 12 ; [0.99183653412308348] ; [25.663815726916475]
771 ; 22 ; 42 ; 13 ; [1.3990745512604985] ; [3.0321446981248346]
771 ; 22 ; 42 ; 14 ; [0.7009690340185919] ; [1.2299866088862368]
771 ; 22 ; 42 ; 16 ; [0.32477080074479642] ; [1.055093505669177]
771 ; 22 ; 42 ; 20 ; [0.18413826436442282] ; [0.58832330100348207]
771 ; 22 ; 43 ; 1 ; [0.34650788833774127] ; [0.66723946470130446]
771 ; 22 ; 43 ; 2 ; [1.3240722053451053] ; [1.6329454713532008]
771 ; 22 ; 43 ; 3 ; [0.76785079593000505] ; [1.1603728023332189]
771 ; 22 ; 43 ; 4 ; [0.2816951575461773] ; [1.4109272054965307]
771 ; 22 ; 43 ; 5 ; [3.732927964101644] ; [1.3092039248759231]
771 ; 22 ; 43 ; 6 ; [1.0173941309863013] ; [1.1056063929740103]
771 ; 22 ; 43 ; 7 ; [0.087953236763601991] ; [0.68424249968938167]
771 ; 22 ; 43 ; 8 ; [0.97942977258415787] ; [1.3161164696479528]
771 ; 22 ; 43 ; 10 ; [0.83834114169882301] ; [2.4441466065383102]
771 ; 22 ; 45 ; 0 ; [0.73164533751660776] ; [3.3831223850169665]
771 ; 22 ; 45 ; 1 ; [0.041935491041214218] ; [-0.0052195977409248227]
771 ; 22 ; 47 ; 0 ; [0.095165410481297688] ; [0.35632314560704903]
771 ; 22 ; 47 ; 1 ; [0.21544439488138387] ; [0.14243708114483514]
771 ; 22 ; 47 ; 2 ; [0.068549836489448221] ; [0.022457181976359757]
771 ; 22 ; 47 ; 3 ; [-0.0051230720896436183] ; [0.13967343989577261]
771 ; 22 ; 48 ; 0 ; [0.22613022397165444, 0.077259445695838008] ; [-0.012868745798921048, -0.0067535075996583713]
771 ; 22 ; 48 ; 1 ; [1.2744175314697475] ; [0.041471974086366839]
771 ; 22 ; 50 ; 0 ; [1.5292049154060809] ; [0.10892403288999132]
771 ; 22 ; 51 ; 0 ; [0.072317118651393925] ; [0.19704011250621328]
771 ; 22 ; 51 ; 1 ; [2.6150088637547255] ; [1.5506238213520016]
771 ; 22 ; 51 ; 3 ; [1.0754518040778056] ; [0.66080232883880097]
771 ; 22 ; 51 ; 4 ; [9.6696752955399692] ; [1.2738181057190139]
771 ; 22 ; 51 ; 5 ; [-0.00283314662003546] ; [1.3093969626115849]
771 ; 22 ; 51 ; 6 ; [0.25099034294228662] ; [3.8568814577561557]
771 ; 22 ; 52 ; 0 ; [0.03462366184204254] ; [0.15932421692031934]
771 ; 22 ; 55 ; 0 ; [0.49448788231783225] ; [0.39596510862877848]
771 ; 22 ; 56 ; 0 ; [1.0591817793412182] ; [2.7224782773795004]
771 ; 22 ; 58 ; 0 ; [0.16977766842559031] ; [0.61020982814292002]
771 ; 22 ; 58 ; 1 ; [0.61462318987481124] ; [0.37263298937217343]
771 ; 22 ; 58 ; 2 ; [0.19582262268368519] ; [0.027225161061346204]
771 ; 22 ; 59 ; 0 ; [0.27625052105382891] ; [0.23576750131050161]
771 ; 22 ; 60 ; 0 ; [2.8592076473947543] ; [1.0438889518801771]
771 ; 22 ; 60 ; 3 ; [0.050263170397491189] ; [3.1287724596543915]
771 ; 22 ; 60 ; 4 ; [0.046555006554692073] ; [5.2065350944894346]
771 ; 22 ; 63 ; 0 ; [0.69763383945230972] ; [1.1300868243837987]
771 ; 22 ; 63 ; 1 ; [0.012676471965534784] ; [0.073405302480085741]
771 ; 22 ; 64 ; 0 ; [0.47414109508995433] ; [0.29410895448189606]
771 ; 22 ; 64 ; 1 ; [0.87704688950202159] ; [0.38852445072751418]
771 ; 22 ; 64 ; 3 ; [1.8417345958587823] ; [1.0345349821139078]
771 ; 22 ; 64 ; 8 ; [1.8844127992575668] ; [1.5285074164614731]
771 ; 22 ; 64 ; 10 ; [2.0887288913557285] ; [1.0152346371313736]
771 ; 22 ; 64 ; 11 ; [2.7172915965413944] ; [2.5466486665693844]
771 ; 22 ; 65 ; 1 ; [1.839411006096896] ; [4.1979145916096581]
771 ; 22 ; 65 ; 3 ; [-0.018950020648086905] ; [1.1197729907377838]
771 ; 22 ; 65 ; 4 ; [0.86051556029212262] ; [0.8068702010924631]
771 ; 22 ; 65 ; 6 ; [-0.011669671640258596] ; [0.59321336258923596]
771 ; 22 ; 65 ; 8 ; [2.0654910712374752] ; [6.237467636095233]
771 ; 22 ; 66 ; 0 ; [0.83539080115173192] ; [0.45598007941000018]
771 ; 22 ; 66 ; 1 ; [0.26533687675160728] ; [0.41828489264861629]
771 ; 22 ; 68 ; 1 ; [0.0038468171337542783] ; [-0.013320363337981388]
771 ; 22 ; 70 ; 0 ; [1.1128121230734527] ; [0.25693374251568141]
771 ; 22 ; 70 ; 1 ; [0.018879249996073398] ; [0.72780969548463936]
771 ; 22 ; 71 ; 0 ; [0.060932274437695937] ; [0.20919689073786255]
771 ; 22 ; 71 ; 1 ; [0.92033917546385102] ; [0.44328596113481195]
771 ; 22 ; 73 ; 0 ; [1.1004458766741951] ; [0.83927122946908084]
771 ; 22 ; 73 ; 1 ; [0.0099162188214494754] ; [0.21108733784674669]
771 ; 22 ; 74 ; 0 ; [0.34896688160805717] ; [0.15248090793789376]
771 ; 22 ; 75 ; 0 ; [0.041975529776824505] ; [0.50262216498530798]
771 ; 22 ; 75 ; 1 ; [0.44881939699396339] ; [0.44210331963634242]
771 ; 22 ; 75 ; 5 ; [0.12123426673559928] ; [-0.1631582566310722]
771 ; 22 ; 77 ; 0 ; [0.12052322815409026] ; [0.23672379314353717]
771 ; 22 ; 77 ; 1 ; [0.17414467526562979] ; [0.34303979326320799]
771 ; 22 ; 77 ; 2 ; [1.1584812315724919] ; [0.44099728146969369]
771 ; 22 ; 77 ; 6 ; [-0.039048233488476289] ; [-0.152898693416924]
771 ; 22 ; 77 ; 8 ; [0.61266893650611942] ; [0.98119288767398072]
771 ; 22 ; 77 ; 9 ; [0.14993973748927863] ; [0.093040756063997518]
771 ; 22 ; 78 ; 0 ; [1.7503868644913718] ; [2.6285371742464556]
771 ; 22 ; 78 ; 1 ; [1.5863635714847182] ; [0.72454971214967911]
771 ; 22 ; 81 ; 0 ; [0.46147287856582925] ; [0.29069925443129935]
771 ; 22 ; 82 ; 0 ; [0.079817340088591718] ; [0.38637492385955968]
771 ; 22 ; 83 ; 0 ; [2.9400181042259206] ; [0.32871033303919672]
771 ; 22 ; 83 ; 1 ; [0.14796262998584134] ; [0.27997708235876645]
771 ; 22 ; 83 ; 2 ; [0.064678313203343371] ; [0.91135331628418315]
771 ; 22 ; 83 ; 4 ; [0.91519943406463056] ; [4.9570677901257048]
771 ; 22 ; 83 ; 6 ; [1.742320604061486] ; [2.4170917920310582]
771 ; 22 ; 83 ; 8 ; [0.1976052466351132] ; [3.9653218684587257]
771 ; 22 ; 85 ; 1 ; [0.050612802647661916] ; [-0.034236304686381946]
771 ; 22 ; 86 ; 0 ; [0.024638808177876413] ; [0.096288414366381303]
771 ; 22 ; 87 ; 0 ; [0.54521419272554306] ; [0.11292890644026958]
771 ; 22 ; 88 ; 0 ; [0.01666755439491515] ; [0.088634497483432925]
771 ; 22 ; 88 ; 1 ; [0.19876764629442634] ; [0.35834370018205486]
771 ; 22 ; 88 ; 2 ; [1.2060623527913485] ; [1.1751779873797237]
771 ; 22 ; 88 ; 3 ; [0.29378040137133582] ; [0.27712447707734633]
771 ; 22 ; 88 ; 4 ; [1.3966078682421068] ; [1.9454221783625802]
771 ; 22 ; 88 ; 6 ; [0.36287097084966097] ; [0.29930130430902474]
771 ; 22 ; 89 ; 1 ; [0.13471883233926921] ; [0.18241264507318725]
771 ; 22 ; 92 ; 0 ; [0.95137116717800463] ; [0.5455726301993854]
771 ; 22 ; 92 ; 1 ; [1.2867594789335763] ; [1.8523090612447302]
771 ; 22 ; 93 ; 0 ; [0.27981998984128575] ; [0.44497456889901105]
771 ; 22 ; 94 ; 0 ; [0.12661859659976782] ; [-0.17358301280456426]
771 ; 22 ; 96 ; 0 ; [0.16208893969276575] ; [0.063358508195961755]
771 ; 22 ; 96 ; 1 ; [0.086956013640742263] ; [0.086575944390221968]
771 ; 22 ; 96 ; 2 ; [0.94182991081236245] ; [0.035916269408329822]
771 ; 22 ; 96 ; 4 ; [0.60651268997351249] ; [0.032601229052738143]
771 ; 22 ; 97 ; 0 ; [0.11687556924571295] ; [0.23542706521857237]
771 ; 22 ; 97 ; 1 ; [0.41269128395084403] ; [0.6250767208311967]
771 ; 22 ; 98 ; 0 ; [0.32075009497687867] ; [1.2924812419657601]
771 ; 22 ; 98 ; 2 ; [1.0754131419529478] ; [3.7552353952294419]
771 ; 22 ; 102 ; 0 ; [1.5865869197752858] ; [0.32407356460119363]
771 ; 22 ; 102 ; 4 ; [0.67236561646140758] ; [0.27069590226743068]
771 ; 22 ; 104 ; 0 ; [0.56493215780379691] ; [1.4090153578983657]
771 ; 22 ; 104 ; 1 ; [1.6010245730547747] ; [1.3172528408797217]
771 ; 22 ; 105 ; 2 ; [0.075821126818825163] ; [0.99175551574348542]
771 ; 22 ; 105 ; 3 ; [0.60355262128193821] ; [0.019798244945779881]
771 ; 22 ; 106 ; 1 ; [1.2448025539462757] ; [2.0883903066363922]
771 ; 22 ; 106 ; 5 ; [0.799402981712932] ; [1.665771157103761]
771 ; 22 ; 106 ; 8 ; [1.4943297714339314] ; [2.0482569355086473]
771 ; 22 ; 108 ; 0 ; [2.7544194749961211] ; [0.42644558067737226]
771 ; 22 ; 108 ; 1 ; [0.84940694757898338] ; [0.7844550382197002]
771 ; 22 ; 108 ; 2 ; [2.4713639811965082] ; [1.3358667717319013]
771 ; 22 ; 108 ; 3 ; [2.3476758197798366] ; [2.2359715592348803]
771 ; 22 ; 108 ; 4 ; [0.74803551560631154] ; [1.5795833142120972]
771 ; 22 ; 108 ; 5 ; [1.1835890021844524] ; [0.31351801330588736]
771 ; 22 ; 108 ; 7 ; [1.0620627897525994] ; [2.275806320370835]
771 ; 22 ; 108 ; 8 ; [6.2300800104643681] ; [1.5707921898201909]
771 ; 22 ; 108 ; 9 ; [3.4955365543815238] ; [2.1329872814786701]
771 ; 22 ; 108 ; 10 ; [2.7485943101604735] ; [0.37039807570428507]
771 ; 22 ; 108 ; 11 ; [0.90118933027525427] ; [1.9764192584846434]
771 ; 22 ; 108 ; 12 ; [1.7178393252577291] ; [1.3645616241908327]
771 ; 22 ; 108 ; 13 ; [1.6971429253545733] ; [0.60217665309566426]
771 ; 22 ; 108 ; 14 ; [1.6779821197441982] ; [-0.0077008071974434943]
771 ; 22 ; 108 ; 16 ; [4.1267307305736596] ; [1.4638168208604621]
771 ; 22 ; 108 ; 17 ; [1.0604878246690992] ; [0.97807773224967587]
771 ; 22 ; 108 ; 18 ; [3.1228366538495549] ; [1.1256568716650717]
771 ; 22 ; 108 ; 19 ; [2.1934074468830347] ; [0.43845715329469226]
771 ; 22 ; 108 ; 20 ; [1.8151359411088785] ; [0.90264291870383739]
771 ; 22 ; 108 ; 21 ; [0.69441915709268687] ; [0.90729932004784564]
771 ; 22 ; 108 ; 27 ; [0.95216261688747117] ; [0.25091916564476957]
771 ; 22 ; 108 ; 29 ; [0.45738160695642149] ; [3.4450237944460618]
771 ; 22 ; 108 ; 30 ; [1.9229827018691008] ; [1.0525968871779992]
771 ; 22 ; 108 ; 32 ; [2.044980330017927] ; [0.37551135080525488]
771 ; 22 ; 108 ; 33 ; [1.4692843482422855] ; [0.89357788473098121]
771 ; 22 ; 108 ; 38 ; [1.303661287966623] ; [0.71988316898055427]
771 ; 22 ; 108 ; 42 ; [2.8034783101491696] ; [10.196593532636774]
771 ; 22 ; 108 ; 43 ; [2.5782596090472438] ; [2.0759136938137606]
771 ; 22 ; 108 ; 48 ; [8.6062732813517577] ; [0.66910114441840918]
771 ; 22 ; 110 ; 0 ; [-0.032504522904198217] ; [0.069098481233867928]
771 ; 22 ; 110 ; 1 ; [-5.4302834084814504e-05] ; [0.13738885394560604]
771 ; 22 ; 113 ; 0 ; [0.74212560388477755] ; [1.4260485511654397]
771 ; 22 ; 113 ; 1 ; [0.83002363736826046] ; [1.7240649884879025]
771 ; 22 ; 114 ; 0 ; [0.029221358382982822] ; [0.2357739891354185]
771 ; 22 ; 115 ; 1 ; [0.34257774131382346, -0.016827695606936567] ; [0.15676589335936894, 0.32246661194350773]
771 ; 22 ; 117 ; 0 ; [1.0846793786691298] ; [0.059646222457688788]
771 ; 22 ; 117 ; 1 ; [2.881661960994585] ; [0.30253675213650644]
771 ; 22 ; 117 ; 4 ; [1.0400215154914509] ; [2.2832651458585587]
771 ; 22 ; 117 ; 9 ; [1.7736231812079648] ; [1.2723892365629903]
771 ; 22 ; 118 ; 0 ; [-0.047247003674725639] ; [0.052867506993137338]
771 ; 22 ; 118 ; 1 ; [2.4829150758333212] ; [0.28992912274113114]
771 ; 22 ; 118 ; 6 ; [0.28377776304330782] ; [0.21766435782039331]
771 ; 22 ; 119 ; 0 ; [0.26979174917880122] ; [0.11929434487807627]
771 ; 22 ; 120 ; 0 ; [0.97542142587311198] ; [0.61547785154699364]
771 ; 22 ; 120 ; 1 ; [0.52914464059781297] ; [0.27332290557197214]
771 ; 22 ; 120 ; 2 ; [0.92102473922169414] ; [0.23281126352498965]
771 ; 22 ; 120 ; 3 ; [3.46335556111692] ; [5.5291881283927458]
771 ; 22 ; 120 ; 4 ; [0.67261360593036967] ; [2.786399717478599]
771 ; 22 ; 120 ; 5 ; [1.2312219788620387] ; [2.2125235132396845]
771 ; 22 ; 120 ; 6 ; [0.38535740867157009] ; [0.84009289212988458]
771 ; 22 ; 120 ; 8 ; [2.1657058878932935] ; [0.28127866001001994]
771 ; 22 ; 120 ; 9 ; [2.6004056252701573] ; [2.1534133552827934]
771 ; 22 ; 123 ; 2 ; [0.21257642280313707] ; [-0.034231161163355048]
771 ; 22 ; 124 ; 0 ; [0.38470794379743883] ; [0.64230814741114461]
771 ; 22 ; 125 ; 0 ; [2.8370187985500395] ; [1.9109418627392469]
771 ; 22 ; 126 ; 0 ; [0.073333343789624694] ; [-0.034740657225914184]
771 ; 22 ; 127 ; 0 ; [0.69320041458757975] ; [2.3358265877818809]
771 ; 22 ; 128 ; 0 ; [0.0047534315527815695] ; [0.60212010582735742]
771 ; 22 ; 128 ; 1 ; [-0.00080175932919008977] ; [1.2618953621623041]
771 ; 22 ; 129 ; 0 ; [0.40774055488478655] ; [0.38912416218012857]
771 ; 22 ; 129 ; 1 ; [1.364459884235691] ; [-0.0075266737027234066]
771 ; 22 ; 131 ; 0 ; [0.63897133099429959] ; [2.1378420678947787]
771 ; 22 ; 132 ; 0 ; [2.1343653920010137] ; [2.2945395265716364]
771 ; 22 ; 134 ; 0 ; [1.4009032156155119] ; [0.17712461696614634]
771 ; 22 ; 134 ; 1 ; [0.15527002988756025] ; [1.7401499769799211]
771 ; 22 ; 134 ; 2 ; [-0.039273300010513608] ; [1.9131171529270921]
771 ; 22 ; 134 ; 3 ; [0.57057260928496079] ; [1.3355734274820212]
771 ; 22 ; 134 ; 4 ; [0.89489347809867614] ; [0.45235710278379798]
771 ; 22 ; 134 ; 5 ; [1.2537501661977557] ; [0.085251874370639774]
771 ; 22 ; 134 ; 7 ; [0.84932386884633748] ; [2.782678140731893]
771 ; 22 ; 134 ; 8 ; [2.7631349019372284] ; [1.7548266749565626]
771 ; 22 ; 134 ; 9 ; [5.3074377696561417] ; [4.6049174178602268]
771 ; 22 ; 134 ; 10 ; [0.14934548176046306] ; [4.0778136648754906]
771 ; 22 ; 134 ; 12 ; [1.6305999229713559] ; [0.90571724835413014]
771 ; 22 ; 134 ; 13 ; [2.6697036212467973] ; [1.5621917274791275]
771 ; 22 ; 134 ; 14 ; [0.26166240600353241] ; [0.26865322754256271]
771 ; 22 ; 134 ; 15 ; [0.0040673249848607353] ; [1.1058709029714404]
771 ; 22 ; 135 ; 0 ; [-0.041476899091478982] ; [0.039443839046658796]
771 ; 22 ; 138 ; 0 ; [0.089458201691032815] ; [0.15853797540185957]
771 ; 22 ; 139 ; 0 ; [0.60015595674487943] ; [0.71749874400955393]
771 ; 22 ; 139 ; 5 ; [0.39459542655424457] ; [0.077269967847648516]
771 ; 22 ; 142 ; 0 ; [0.0085847160822962749] ; [0.13881745778128401]
771 ; 22 ; 143 ; 1 ; [0.04501589053066328] ; [-0.042141050092225255]
771 ; 22 ; 144 ; 0 ; [0.35264598135040581] ; [0.25115392834446998]
771 ; 22 ; 145 ; 0 ; [0.097398973711129572] ; [0.3285899038357446]
771 ; 22 ; 146 ; 0 ; [3.0951679867865218] ; [0.9112763052979298]
771 ; 22 ; 146 ; 1 ; [0.50854138949711591] ; [2.1921988991459846]
771 ; 22 ; 146 ; 2 ; [6.1992182192945142] ; [5.9347667928289498]
771 ; 22 ; 146 ; 4 ; [0.42834491212717746] ; [3.3979722858247654]
771 ; 22 ; 146 ; 5 ; [4.6306186024112694] ; [0.61537789435361046]
771 ; 22 ; 146 ; 6 ; [2.2017178034481346] ; [1.9511329597121403]
771 ; 22 ; 146 ; 8 ; [4.7169038326435739] ; [3.5983362743835006]
771 ; 22 ; 147 ; 0 ; [0.0012111884425145911, 0.19164702040308473] ; [0.40659412833058634, 0.11689734483072525]
771 ; 22 ; 147 ; 1 ; [0.0037990244644816743] ; [1.4370221596279387]
771 ; 22 ; 148 ; 0 ; [-0.056389876639603452] ; [0.026076889519083001]
771 ; 22 ; 149 ; 0 ; [0.29263779285418823] ; [0.25640846559909003]
771 ; 22 ; 149 ; 1 ; [2.3241982866222952] ; [-0.17928342181295207]
771 ; 22 ; 149 ; 3 ; [0.080766270386772129] ; [0.62358456464712997]
771 ; 22 ; 149 ; 5 ; [1.4358222454292413] ; [0.0021457175993317419]
771 ; 22 ; 152 ; 0 ; [0.077807604991852478] ; [-0.026301070457005294]
771 ; 22 ; 153 ; 1 ; [0.43216849211329106] ; [0.4067797887830914]
771 ; 22 ; 154 ; 0 ; [0.011653615613405079] ; [0.067039763878429429]
771 ; 22 ; 156 ; 1 ; [6.650719503737446] ; [0.4397270441525527]
771 ; 22 ; 156 ; 2 ; [0.1729095636291117] ; [0.60030104836389431]
771 ; 22 ; 157 ; 0 ; [0.50116726043733695, 0.056119929529023609] ; [0.0050758098020065295, 0.45233205477878008]
771 ; 22 ; 157 ; 4 ; [1.9706685565047308] ; [2.4788962712330496]
771 ; 22 ; 157 ; 9 ; [0.17210244518109663] ; [2.2250357989121428]
771 ; 22 ; 157 ; 14 ; [0.021821972113845574] ; [0.034304008196574517]
771 ; 22 ; 158 ; 0 ; [2.4147621494529381] ; [1.1515029111908888]
771 ; 22 ; 158 ; 1 ; [1.0399247196165751] ; [0.32613205033364673]
771 ; 22 ; 158 ; 2 ; [0.47451627883339265] ; [0.06831834110457935]
771 ; 22 ; 158 ; 4 ; [1.13791223898392] ; [0.84413654848527808]
771 ; 22 ; 158 ; 7 ; [0.83054589791505617] ; [0.63492856912251894]
771 ; 22 ; 158 ; 10 ; [2.6311725072381003] ; [4.2449682205596293]
771 ; 22 ; 158 ; 13 ; [0.54325660118131003] ; [1.9118867933334425]
771 ; 22 ; 158 ; 14 ; [1.1012303691114607] ; [4.5147777221461132]
771 ; 22 ; 158 ; 15 ; [1.2031901993846754] ; [0.36972362471419257]
771 ; 22 ; 158 ; 23 ; [2.1127268407042181] ; [0.71150631824615762]
771 ; 22 ; 158 ; 26 ; [2.1621386924666894] ; [1.7118049264571351]
771 ; 22 ; 158 ; 27 ; [3.6627007640342555] ; [3.3616302609283788]
771 ; 22 ; 159 ; 3 ; [2.0289698152427791] ; [23.090265535938734]
771 ; 22 ; 161 ; 0 ; [0.37807548250036577, 0.18560115982995851] ; [0.29365696342803482, 0.3735711051802334]
771 ; 22 ; 161 ; 1 ; [2.6894788689932012] ; [0.67270323457203074]
771 ; 22 ; 162 ; 0 ; [0.88976646709989826] ; [1.016879199766771]
771 ; 22 ; 162 ; 1 ; [2.4831862947683971] ; [0.91865990193547087]
771 ; 22 ; 162 ; 3 ; [0.69077737643255466] ; [1.0195882679969757]
771 ; 22 ; 163 ; 0 ; [0.16596653126945346] ; [0.064923886833193722]
771 ; 22 ; 163 ; 1 ; [0.99914185337595607] ; [0.31472723100028499]
771 ; 22 ; 163 ; 3 ; [0.037940039838845654] ; [0.11635514058885757]
771 ; 22 ; 166 ; 3 ; [0.059242058587806581] ; [-0.029020921154417324]
771 ; 22 ; 166 ; 4 ; [0.0022949689263092954] ; [0.0009139882959630347]
771 ; 22 ; 167 ; 0 ; [0.55224168531050921] ; [0.11715664226459963]
771 ; 22 ; 167 ; 1 ; [0.16149222398020804] ; [1.35046390205477]
771 ; 22 ; 167 ; 2 ; [0.069803273080911388] ; [0.028431773841750375]
771 ; 22 ; 169 ; 1 ; [0.96475519047071856] ; [0.18416306629719173]
771 ; 22 ; 169 ; 9 ; [1.7613814793799984] ; [1.6811218779347794]
771 ; 22 ; 170 ; 0 ; [0.61103281690401823, 1.0519014426786861] ; [0.11070518035451074, 0.0763162843663166]
771 ; 22 ; 171 ; 0 ; [0.17492682897387135] ; [0.038285428670152201]
771 ; 22 ; 171 ; 2 ; [-0.029638002352734297] ; [0.33819577104396054]
771 ; 22 ; 173 ; 0 ; [-0.017467473776989928, -0.023852181026580314] ; [0.17001514975348006, 0.078099486405641488]
771 ; 22 ; 174 ; 0 ; [1.2402058456256142] ; [0.065325711493975189]
771 ; 22 ; 174 ; 1 ; [0.3704760928091852] ; [0.47706146322070386]
771 ; 22 ; 174 ; 2 ; [0.10339359473042295] ; [0.16231817398728335]
771 ; 22 ; 175 ; 0 ; [0.84179435727205032] ; [0.53324904700427012]
771 ; 22 ; 175 ; 1 ; [0.5387931548868734] ; [1.6983343519485656]
771 ; 22 ; 175 ; 4 ; [0.47834393347110166] ; [0.63598930486370242]
771 ; 22 ; 175 ; 6 ; [0.59561508148411246] ; [1.0011437681749986]
771 ; 22 ; 178 ; 0 ; [1.1696668330358087] ; [0.33178354134304144]
771 ; 22 ; 178 ; 1 ; [0.54958406484729694, 0.50216710551971933] ; [-0.07583013276846079, 0.32611250122377139]
771 ; 22 ; 178 ; 2 ; [0.43585471180956942] ; [0.14623522953990803]
771 ; 22 ; 178 ; 3 ; [0.00052154931690961731] ; [0.39508928754555422]
771 ; 22 ; 178 ; 8 ; [0.48532983760197623] ; [-0.53720243834308123]
771 ; 22 ; 178 ; 10 ; [0.90311213622250475] ; [0.71678760530610486]
771 ; 22 ; 178 ; 18 ; [0.064151977268712204] ; [0.33862228231517916]
771 ; 22 ; 178 ; 22 ; [0.099546710417557333] ; [0.95895812252964507]
771 ; 22 ; 179 ; 0 ; [0.44903610139388445] ; [0.61564929611113306]
771 ; 22 ; 180 ; 0 ; [0.034915430270983053] ; [0.31515649250157718]
771 ; 22 ; 180 ; 1 ; [-0.22645092619347768] ; [0.15249825195038125]
771 ; 22 ; 180 ; 4 ; [0.61165464634448463] ; [-0.010696159527593058]
771 ; 22 ; 182 ; 1 ; [0.13943306862882751] ; [-0.06271108897777479]
771 ; 22 ; 182 ; 3 ; [0.12337617762277998] ; [2.0850687971644954]
771 ; 22 ; 182 ; 6 ; [0.009875729479506953] ; [2.9497930717183336]
771 ; 22 ; 182 ; 7 ; [0.0012427181604597699] ; [0.74874379517381817]
771 ; 22 ; 184 ; 0 ; [0.033451778976209781] ; [1.9122470934624143]
771 ; 22 ; 185 ; 0 ; [1.5617406391162352] ; [0.64365608690974918]
771 ; 22 ; 185 ; 1 ; [1.0749259489143044] ; [2.8701710303121613]
771 ; 22 ; 185 ; 2 ; [0.74177112438028714] ; [2.828763249742237]
771 ; 22 ; 185 ; 3 ; [0.6868929693820478] ; [1.3882742231216925]
771 ; 22 ; 185 ; 6 ; [2.5807900778003154] ; [1.1306569814711138]
771 ; 22 ; 185 ; 9 ; [1.2932551904212415] ; [2.8255389494319574]
771 ; 22 ; 185 ; 11 ; [1.7031017585348545] ; [0.2412708968430172]
771 ; 22 ; 186 ; 0 ; [1.5041763268791264] ; [0.18955472561434267]
771 ; 22 ; 186 ; 1 ; [1.2713692470821218] ; [0.64603444359388196]
771 ; 22 ; 186 ; 2 ; [0.2966287261821105] ; [0.047114391845721852]
771 ; 22 ; 186 ; 3 ; [1.6955871450957329] ; [1.9345994387099625]
771 ; 22 ; 186 ; 5 ; [0.64803438073552644] ; [2.0486818285926023]
771 ; 22 ; 188 ; 0 ; [0.13805456837772687] ; [0.32669566262795929]
771 ; 22 ; 188 ; 1 ; [0.17397399923942738] ; [0.3276680679712678]
771 ; 22 ; 188 ; 2 ; [0.17624799328231067] ; [0.22161241040170512]
771 ; 22 ; 188 ; 4 ; [0.079977868616962322] ; [0.0096268919509726759]
771 ; 22 ; 189 ; 0 ; [1.02274653724669] ; [1.3215661831224246]
771 ; 22 ; 189 ; 1 ; [0.076674007656570689] ; [0.14255197783463272]
771 ; 22 ; 189 ; 2 ; [0.11090969744713311] ; [1.148046802539209]
771 ; 22 ; 189 ; 3 ; [0.018658317305111461] ; [2.9775893369628896]
771 ; 22 ; 190 ; 0 ; [0.3644526441420603, 0.2870227890112107] ; [0.054047284763724682, 0.07548453130794025]
771 ; 22 ; 190 ; 1 ; [8.9111492974191666] ; [0.17461951342870066]
771 ; 22 ; 190 ; 2 ; [6.4015908068851015] ; [-0.0059351620560054042]
771 ; 22 ; 190 ; 4 ; [4.9276073908911062] ; [6.695766489503348]
771 ; 22 ; 190 ; 5 ; [7.9633132301671408] ; [9.1513828153391881]
771 ; 22 ; 191 ; 0 ; [0.76081151098612598] ; [0.17968586336468889]
771 ; 22 ; 192 ; 0 ; [-0.044884698665665239] ; [0.015767446992975973]
771 ; 22 ; 193 ; 0 ; [-0.019515871259435977, 0.30655086050516633] ; [0.11456379074903097, 0.037640572514734988]
771 ; 22 ; 195 ; 5 ; [2.1321451033795258] ; [2.1716556417527997]
771 ; 22 ; 197 ; 0 ; [0.51265318188581976] ; [0.94814746545925288]
771 ; 22 ; 197 ; 1 ; [0.34469916038271869] ; [2.21130797114325]
771 ; 22 ; 198 ; 0 ; [0.12939084607342072] ; [0.82505565212431498]
771 ; 22 ; 198 ; 3 ; [0.10275047509153476] ; [2.2311151848008484]
771 ; 22 ; 199 ; 0 ; [0.12688907675953981] ; [0.89486333140409169]
771 ; 22 ; 199 ; 1 ; [1.5380319382112635] ; [0.64108692650499011]
771 ; 22 ; 199 ; 3 ; [2.2936291962137467] ; [1.0879177673731903]
771 ; 22 ; 199 ; 6 ; [10.543513710132656] ; [1.0572138544339575]
771 ; 22 ; 199 ; 9 ; [1.6453224787190812] ; [1.915233435518781]
771 ; 22 ; 199 ; 10 ; [4.3635497557865381] ; [1.4917396094891153]
771 ; 22 ; 202 ; 0 ; [0.081007684497124019] ; [0.28303404456617115]
771 ; 22 ; 203 ; 0 ; [0.14482659659297864] ; [-0.0077917598531427896]
771 ; 22 ; 204 ; 0 ; [0.45864505141347206] ; [0.4210364967003335]
771 ; 22 ; 205 ; 0 ; [0.71919578019876473] ; [1.3659981916408772]
771 ; 22 ; 206 ; 0 ; [0.27301416676225443] ; [1.6405717074388455]
771 ; 22 ; 206 ; 1 ; [0.52720819416460907] ; [1.7073628269381147]
771 ; 22 ; 206 ; 2 ; [1.8532268181525915] ; [1.1798994373503864]
771 ; 22 ; 210 ; 0 ; [0.56919780743804893] ; [0.11142060523402343]
771 ; 22 ; 210 ; 2 ; [-0.023727296621963115] ; [0.028111485694294856]
771 ; 22 ; 211 ; 0 ; [7.2532596871160653] ; [1.0878210293744777]
771 ; 22 ; 211 ; 4 ; [0.043401620538432079] ; [1.2735768245037236]
771 ; 22 ; 214 ; 0 ; [2.6316888001102781] ; [0.017914116514404457]
771 ; 22 ; 214 ; 1 ; [0.59568821556163531] ; [3.6145952725856674]
771 ; 22 ; 214 ; 2 ; [3.1954470639070593] ; [1.7505500026914316]
771 ; 22 ; 214 ; 3 ; [3.3759953771223765] ; [3.6416298196410857]
771 ; 22 ; 214 ; 6 ; [6.1222207038223697] ; [9.3774007372577035]
771 ; 22 ; 214 ; 7 ; [3.0690754755314962] ; [0.61619846889229135]
771 ; 22 ; 214 ; 9 ; [0.3195563330442604] ; [1.4124415441454756]
771 ; 22 ; 214 ; 11 ; [2.44253333918717] ; [3.0535585653353721]
771 ; 22 ; 214 ; 13 ; [2.1977079753308599] ; [1.7800029497942809]
771 ; 22 ; 214 ; 14 ; [4.546002874041708] ; [5.8659618690241047]
771 ; 22 ; 215 ; 0 ; [0.39145245607806606] ; [0.30550660063815394]
771 ; 22 ; 216 ; 0 ; [0.93369698596442741] ; [0.47127112464326565]
771 ; 22 ; 216 ; 1 ; [1.5190225764461394] ; [1.8669733384122886]
771 ; 22 ; 217 ; 0 ; [0.42055696109769464] ; [0.59183244167187898]
771 ; 22 ; 217 ; 2 ; [0.0068352840794603884] ; [1.2112593337513038]
771 ; 22 ; 217 ; 3 ; [0.55247015014060574] ; [0.11145518415103649]
771 ; 22 ; 218 ; 0 ; [0.89435737919071789] ; [3.0343736624488793]
771 ; 22 ; 218 ; 2 ; [0.81877009819959234] ; [2.3726972951045653]
771 ; 22 ; 220 ; 0 ; [0.060792718928672905, 0.050428922631413992] ; [-0.0011412072050387906, 0.01453807906184458]
771 ; 22 ; 222 ; 0 ; [0.13646623767249816] ; [0.62869640807047367]
771 ; 22 ; 222 ; 1 ; [0.30898185433888875] ; [0.053186695737225877]
771 ; 22 ; 222 ; 3 ; [1.0089348014124997] ; [2.3181775222488055]
771 ; 22 ; 223 ; 0 ; [0.50790712771228319] ; [0.39388126183760747]
771 ; 22 ; 223 ; 2 ; [0.35886863940019836] ; [0.83829280007740503]
771 ; 22 ; 223 ; 3 ; [0.56989480928197989] ; [0.71925876391583687]
771 ; 22 ; 223 ; 7 ; [0.86281426803056915] ; [0.99035126704571719]
771 ; 22 ; 223 ; 8 ; [0.095923747574802404] ; [0.0137661572804394]
771 ; 22 ; 223 ; 9 ; [0.087169115907620165] ; [1.1837055436342261]
771 ; 22 ; 227 ; 0 ; [0.56816547997863287, 0.23910558075929458] ; [0.12766422471209385, -0.059021125766383603]
771 ; 22 ; 227 ; 1 ; [0.0069549052525742939] ; [0.84601328480582971]
771 ; 22 ; 227 ; 3 ; [0.020352362444021766] ; [1.3589899310545905]
771 ; 22 ; 227 ; 8 ; [0.0047937637453571956] ; [0.47101195878246488]
771 ; 22 ; 227 ; 11 ; [0.079038050373110832] ; [0.6105344892534379]
771 ; 22 ; 227 ; 13 ; [0.0037508059595904955] ; [2.0786043188579506]
771 ; 22 ; 228 ; 0 ; [0.73471638472014233] ; [0.43221804626822419]
771 ; 22 ; 228 ; 2 ; [0.28089558100051493] ; [0.040752092029830211]
771 ; 22 ; 228 ; 5 ; [4.7888000753153914] ; [2.629297906659648]
771 ; 22 ; 228 ; 6 ; [0.73116172406002877] ; [1.3764191831187567]
771 ; 22 ; 228 ; 7 ; [0.35362825026231687] ; [1.0979063431916414]
771 ; 22 ; 229 ; 0 ; [0.56166554216389053] ; [-0.0049908680841714223]
771 ; 22 ; 230 ; 0 ; [1.9577374965297256] ; [0.19353661379635753]
771 ; 22 ; 230 ; 1 ; [2.3390470042229325] ; [0.46569058014237225]
771 ; 22 ; 230 ; 4 ; [1.755109139671388] ; [3.2829611516870481]
771 ; 22 ; 231 ; 0 ; [0.33916748652888151] ; [0.030519786606075894]
771 ; 22 ; 233 ; 1 ; [1.701015585441652] ; [2.1413854479429917]
771 ; 22 ; 233 ; 2 ; [4.0927906578391191] ; [2.7751205942009673]
771 ; 22 ; 233 ; 3 ; [0.78289113757216056] ; [1.7442145676918916]
771 ; 22 ; 233 ; 6 ; [4.5651584827245397] ; [1.9000750094897521]
771 ; 22 ; 233 ; 10 ; [4.5889665256863923] ; [2.3741128094626909]
771 ; 22 ; 234 ; 0 ; [0.034964440292847149, 0.051524488616031004] ; [0.10220048125055124, 0.091140063197229088]
771 ; 22 ; 234 ; 1 ; [0.14991064124468587, 0.18707954343999478] ; [0.040824016124621908, 0.022400595422420972]
771 ; 22 ; 235 ; 0 ; [2.2141718592594217] ; [-0.044150693767808946]
771 ; 22 ; 235 ; 1 ; [0.079189603671728503] ; [0.10926597548757792]
771 ; 22 ; 235 ; 7 ; [0.20189110537823729] ; [0.38570680876432528]
771 ; 22 ; 235 ; 8 ; [0.038761496599874913] ; [1.789467940612792]
771 ; 22 ; 235 ; 9 ; [1.1301652611742843] ; [1.8403618528362824]
771 ; 22 ; 235 ; 10 ; [0.075669071621993558] ; [1.3687658439652424]
771 ; 22 ; 235 ; 14 ; [2.6835559069885431] ; [2.4760001010902739]
771 ; 22 ; 235 ; 18 ; [0.05271621464822842] ; [1.3177386777472788]
771 ; 22 ; 235 ; 19 ; [0.033933438588825852] ; [1.5971529159050344]
771 ; 22 ; 236 ; 0 ; [0.45940178551345773] ; [0.56182899921056551]
771 ; 22 ; 237 ; 0 ; [0.0051744155538151863, 0.13637380599942206] ; [0.072373407795472078, -0.025851612849304317]
771 ; 22 ; 239 ; 0 ; [0.024076891867989635] ; [0.065556670048897384]
771 ; 22 ; 240 ; 0 ; [3.9774126035444746] ; [1.270240966324919]
771 ; 22 ; 240 ; 3 ; [0.19730565890355947] ; [3.8405191207022642]
771 ; 22 ; 242 ; 0 ; [0.35000018049098114, -0.0053952228039246073] ; [0.21848640418716145, 0.010069890766216274]
771 ; 22 ; 242 ; 1 ; [0.029198383663928244] ; [0.43768286078374635]
771 ; 22 ; 243 ; 0 ; [0.06900568972630837] ; [0.1690010687372468]
771 ; 22 ; 244 ; 0 ; [0.01354775378102111] ; [0.031416671433544374]
771 ; 22 ; 244 ; 1 ; [0.23813288207185571] ; [1.0891649863732802]
771 ; 22 ; 244 ; 2 ; [0.22507241394110078] ; [2.3272907732166614]
771 ; 22 ; 245 ; 0 ; [0.43477601435766638] ; [0.11270207599728357]
771 ; 22 ; 246 ; 0 ; [1.5635950696383683] ; [-0.05752992324575102]
771 ; 22 ; 247 ; 0 ; [1.9033802864638159] ; [2.3177158120659036]
771 ; 22 ; 247 ; 1 ; [1.341208238269658] ; [5.3250239150000009]
771 ; 22 ; 247 ; 2 ; [1.8830687164224158] ; [2.5761623866290533]
771 ; 22 ; 247 ; 3 ; [0.84761454881385079] ; [3.1725608877009472]
771 ; 22 ; 247 ; 4 ; [0.3428056963160756] ; [1.6704080478704548]
771 ; 22 ; 249 ; 1 ; [0.91328761607816011] ; [0.53885327350097079]
771 ; 22 ; 249 ; 2 ; [1.8142189578693766] ; [5.7245680401303591]
771 ; 22 ; 249 ; 4 ; [1.1623702859785261] ; [0.89037998350575398]
771 ; 22 ; 249 ; 5 ; [1.9938073097067437] ; [2.4112587991234427]
771 ; 22 ; 249 ; 6 ; [1.7686313515553487] ; [8.6300230176681065]
771 ; 22 ; 250 ; 0 ; [0.00067267204610479254, -0.0098977887897368291] ; [0.11479964108785362, 0.011916895089865657]
771 ; 22 ; 250 ; 1 ; [-0.019880365402455337] ; [0.032598575740169639]
771 ; 22 ; 250 ; 2 ; [0.0016309281569790632] ; [-0.0037076885917544083]
771 ; 22 ; 251 ; 0 ; [1.0606530225918396] ; [-0.040540130018442401]
771 ; 22 ; 251 ; 1 ; [0.4261193369057994] ; [0.36360167418424499]
771 ; 22 ; 251 ; 2 ; [0.85246516559997954] ; [0.45044786353249716]
771 ; 22 ; 251 ; 3 ; [0.11836630644090829] ; [0.23756502634172758]
771 ; 22 ; 251 ; 5 ; [0.0770513547248729] ; [0.3487395076839796]
771 ; 22 ; 252 ; 0 ; [1.3249072278138452] ; [1.8734724076434572]
771 ; 22 ; 252 ; 2 ; [0.48495124723987804] ; [1.0057247714720801]
771 ; 22 ; 252 ; 4 ; [2.1847659631340166] ; [3.6467813785595014]
771 ; 22 ; 252 ; 5 ; [1.2726208301053088] ; [0.28855732293049863]
771 ; 22 ; 252 ; 9 ; [0.34396457846340561] ; [9.1610361181643718]
771 ; 22 ; 253 ; 0 ; [0.6385811588794128, 0.56205123291832482] ; [0.11111045561014936, 0.011506897134219438]
771 ; 22 ; 254 ; 0 ; [1.0298561444504026] ; [0.35287192093780767]
771 ; 22 ; 254 ; 1 ; [-0.020963375289118704] ; [0.066391654424863791]
771 ; 22 ; 254 ; 2 ; [0.69337758733267985] ; [0.067517478511559093]
771 ; 22 ; 254 ; 4 ; [0.037559680013841371] ; [1.4394600115598961]
771 ; 22 ; 255 ; 0 ; [2.2647679948789601] ; [0.25542149661382796]
771 ; 22 ; 255 ; 1 ; [2.8946381439045843] ; [1.239921813753782]
771 ; 22 ; 255 ; 4 ; [1.7715199262427905] ; [5.0906667187008479]
771 ; 22 ; 255 ; 5 ; [1.8592414183675074] ; [0.96014439667226603]
771 ; 22 ; 255 ; 8 ; [3.9766401011256436] ; [5.3400892133062419]
771 ; 22 ; 255 ; 9 ; [0.35736941725965865] ; [0.93663945637429202]
771 ; 22 ; 255 ; 10 ; [1.7617197728898946] ; [1.1045107574507285]
771 ; 22 ; 255 ; 13 ; [1.4956033433405838] ; [3.1261399596765278]
771 ; 22 ; 255 ; 15 ; [2.763618747566118] ; [6.4456082456633359]
771 ; 22 ; 255 ; 16 ; [2.9238686967200924] ; [1.873141783779068]
771 ; 22 ; 255 ; 18 ; [0.97091583896811606] ; [1.9218093639498086]
771 ; 22 ; 256 ; 0 ; [0.47851114038110509] ; [0.13601045327353997]
771 ; 22 ; 256 ; 1 ; [4.7139346277854983] ; [0.32528050599591163]
771 ; 22 ; 256 ; 2 ; [2.2979789503261991] ; [0.7841294966156841]
771 ; 22 ; 256 ; 3 ; [1.0940340910817896] ; [0.86924571241585602]
771 ; 22 ; 256 ; 4 ; [0.70658399901594759] ; [3.0599163258327344]
771 ; 22 ; 256 ; 6 ; [7.8663914674552426] ; [1.1405200846568349]
771 ; 22 ; 256 ; 9 ; [1.2276600087762508] ; [2.1155999198090685]
771 ; 22 ; 257 ; 0 ; [0.23418505297165043] ; [0.1425027370540268]
771 ; 22 ; 257 ; 1 ; [0.53954433423153314] ; [0.26813795791147843]
771 ; 22 ; 257 ; 2 ; [0.1287612072589393] ; [0.24265135464785767]
771 ; 22 ; 258 ; 0 ; [0.18006399965089714] ; [0.39499981204512935]
771 ; 22 ; 259 ; 0 ; [0.45254403678013422] ; [0.16560728715462242]
771 ; 22 ; 259 ; 4 ; [0.16016460206563837] ; [0.1805254220793909]
771 ; 22 ; 260 ; 0 ; [0.22619457005575783] ; [0.21710135899076899]
771 ; 22 ; 261 ; 0 ; [0.22533487683246992] ; [0.28705552817783103]
771 ; 22 ; 261 ; 1 ; [0.090996011237440638] ; [0.06082650658304023]
771 ; 22 ; 264 ; 0 ; [0.075063188649501345] ; [0.17371762242757263]
771 ; 22 ; 264 ; 1 ; [0.84368034131014003] ; [1.4536672265611841]
771 ; 22 ; 265 ; 0 ; [0.2053680451243996] ; [0.083981041303503146]
771 ; 22 ; 265 ; 2 ; [1.5408674763837884] ; [0.061812995830048123]
771 ; 22 ; 265 ; 3 ; [0.01301459491013914] ; [0.40986188971144311]
771 ; 22 ; 266 ; 0 ; [0.68618803801298356] ; [0.36642241580735518]
771 ; 22 ; 266 ; 3 ; [-0.04196786292871401] ; [0.20443638743815873]
771 ; 22 ; 267 ; 0 ; [0.40650581644949246] ; [0.52504344767291933]
771 ; 22 ; 267 ; 1 ; [0.34298422416159308] ; [3.6288512031724491]
771 ; 22 ; 267 ; 2 ; [2.1515982096778408] ; [1.0053716164492006]
771 ; 22 ; 268 ; 0 ; [0.46256603233695504] ; [0.059502976408282143]
771 ; 22 ; 269 ; 0 ; [-0.024079492922227535] ; [-0.070562628288010618]
771 ; 22 ; 271 ; 0 ; [0.29700990007367012] ; [0.57752078083789915]
771 ; 22 ; 271 ; 1 ; [0.094617691553618197] ; [0.0037746631449448865]
771 ; 22 ; 271 ; 2 ; [0.07071125427370839] ; [0.20164292462688252]
771 ; 22 ; 271 ; 3 ; [-0.12000032031042239] ; [0.14689038429926629]
771 ; 22 ; 271 ; 7 ; [1.4739158256625378] ; [-0.03754572084690061]
771 ; 22 ; 274 ; 0 ; [0.0092764768181695604] ; [2.8978101537918732]
771 ; 22 ; 275 ; 0 ; [0.031597779160805334] ; [0.013194608608231434]
771 ; 22 ; 275 ; 1 ; [0.10088498192059056] ; [0.20504684857896913]
771 ; 22 ; 276 ; 0 ; [0.29352977073335212] ; [0.23166057690212508]
771 ; 22 ; 277 ; 0 ; [0.35965292663277143] ; [0.85500766119554883]
771 ; 22 ; 277 ; 3 ; [1.4923486550774669] ; [2.9439805713871476]
771 ; 22 ; 277 ; 4 ; [1.7924772498092878] ; [1.2673578555912746]
771 ; 22 ; 280 ; 0 ; [1.5357585366461386] ; [0.84730809349738745]
771 ; 22 ; 281 ; 0 ; [1.5190604175355291] ; [2.447267098763283]
771 ; 22 ; 281 ; 2 ; [0.10143243029496123] ; [1.2226712384483838]
771 ; 22 ; 281 ; 3 ; [0.13484227513276478] ; [3.4942216104434287]
771 ; 22 ; 282 ; 0 ; [0.099950143481924131] ; [1.401756651143456]
771 ; 22 ; 282 ; 1 ; [0.38132874704877484] ; [1.1684113308085071]
771 ; 22 ; 282 ; 3 ; [0.61221632159110395] ; [2.8168464053757654]
771 ; 22 ; 282 ; 4 ; [2.3216075147088575] ; [1.1159078107382521]
771 ; 22 ; 282 ; 5 ; [0.0099257756180899017] ; [0.75840874595861485]
771 ; 22 ; 282 ; 9 ; [0.58523798413895411] ; [4.6369363262942471]
771 ; 22 ; 283 ; 0 ; [0.015103005327083746] ; [-0.018780532926015548]
771 ; 22 ; 284 ; 0 ; [0.0050805107828359192, 0.20293380838008512] ; [0.41754754922923393, 0.45865364742934461]
771 ; 22 ; 284 ; 1 ; [0.22432764997947727] ; [0.055237756123642984]
771 ; 22 ; 285 ; 0 ; [0.67728581456144366] ; [0.080549184103285654]
771 ; 22 ; 285 ; 3 ; [0.0088297516865177596] ; [0.0051335362513447993]
771 ; 22 ; 286 ; 0 ; [0.20909152024406583] ; [0.18091107424569844]
771 ; 22 ; 286 ; 5 ; [0.02764093551107509] ; [1.0840562322395062]
771 ; 22 ; 286 ; 6 ; [0.54100126760154132] ; [2.0686391536489621]
771 ; 22 ; 286 ; 14 ; [0.10161572129169816] ; [1.8645527819147751]
771 ; 22 ; 286 ; 17 ; [1.8702456625614723] ; [2.1766005335001766]
771 ; 22 ; 286 ; 18 ; [1.0876777382154041] ; [0.2592804903931315]
771 ; 22 ; 287 ; 0 ; [0.33306785810137579] ; [0.019316418966844346]
771 ; 22 ; 288 ; 0 ; [0.36749004944371166] ; [0.2632156307667412]
771 ; 22 ; 288 ; 1 ; [1.7712712700192887] ; [0.24602756762794759]
771 ; 22 ; 289 ; 0 ; [0.21101696535969619] ; [0.050966828738260576]
771 ; 22 ; 293 ; 2 ; [0.82026371420409883] ; [-0.30262142355865673]
771 ; 22 ; 294 ; 0 ; [0.024268670928032213] ; [0.033184804090540469]
771 ; 22 ; 295 ; 0 ; [0.059677773448715055] ; [0.34062012868761804]
771 ; 22 ; 295 ; 3 ; [0.80520864487860544] ; [0.7416327186045828]
771 ; 22 ; 296 ; 0 ; [0.022751385478242622] ; [0.41471957785426422]
771 ; 22 ; 296 ; 1 ; [0.14250669834292873] ; [0.053784168447828129]
771 ; 22 ; 296 ; 2 ; [1.16108304630791] ; [0.40936389982753529]
771 ; 22 ; 296 ; 4 ; [3.326130208408888] ; [0.077875596025971036]
771 ; 22 ; 296 ; 15 ; [1.2168000881414975] ; [0.051194476530432777]
771 ; 22 ; 297 ; 0 ; [0.41180698728611453] ; [1.0615311867540322]
771 ; 22 ; 297 ; 1 ; [0.598911112707043] ; [3.838389199173236]
771 ; 22 ; 297 ; 2 ; [0.083909940141282474] ; [2.2466754333336434]
771 ; 22 ; 297 ; 3 ; [3.2048171858603576] ; [0.54335977160063931]
771 ; 22 ; 297 ; 4 ; [0.12618491039150567] ; [0.52502585382557698]
771 ; 22 ; 297 ; 5 ; [0.060552716063540117] ; [3.2688513827282795]
771 ; 22 ; 297 ; 6 ; [7.7109899505052946] ; [5.3023992929142656]
771 ; 22 ; 297 ; 7 ; [0.45062886163698868] ; [0.47392659750258065]
771 ; 22 ; 297 ; 9 ; [4.470416884809187] ; [1.8437572528203747]
771 ; 22 ; 297 ; 13 ; [6.3792607289071741] ; [3.1024983811460127]
771 ; 22 ; 298 ; 1 ; [0.097919442204240315] ; [1.1000725777983338]
771 ; 22 ; 300 ; 0 ; [0.034983938016876652] ; [-0.053679784753246605]
771 ; 22 ; 302 ; 0 ; [-3.9586550017148603e-05] ; [0.25166024863912434]
771 ; 22 ; 303 ; 0 ; [1.5420423522953162] ; [1.5787931851945429]
771 ; 22 ; 305 ; 0 ; [0.28760969220153931] ; [0.33993999016197718]
771 ; 22 ; 306 ; 0 ; [0.70944735161216377] ; [1.9725508815463422]
771 ; 22 ; 306 ; 1 ; [0.55776073867752729] ; [0.69779051041122253]
771 ; 22 ; 306 ; 3 ; [0.32668483613562749] ; [0.15847081835296373]
771 ; 22 ; 307 ; 0 ; [0.23738208244533521] ; [0.53147045702578155]
771 ; 22 ; 307 ; 2 ; [0.56718785853630649] ; [2.2417194508629157]
771 ; 22 ; 307 ; 3 ; [1.8278510188524284] ; [-0.020682930808454833]
771 ; 22 ; 309 ; 0 ; [0.047028360599446366] ; [0.0023940355603974135]
771 ; 22 ; 312 ; 0 ; [0.20155638655739511] ; [0.78258144668284091]
771 ; 22 ; 312 ; 2 ; [0.33456745091739587] ; [0.050988621249212267]
771 ; 22 ; 313 ; 0 ; [0.067946022568009357, 0.47567883696254187] ; [-0.0046077547351447146, -0.0094104354501653997]
771 ; 22 ; 313 ; 1 ; [0.96925158139374834] ; [0.031359409446259028]
771 ; 22 ; 314 ; 0 ; [0.35458042225342795] ; [0.5170374461058308]
771 ; 22 ; 314 ; 1 ; [0.78384524465386762] ; [0.40142021331887856]
771 ; 22 ; 314 ; 2 ; [-0.044829408124923149] ; [0.003162035055891028]
771 ; 22 ; 315 ; 0 ; [0.31970708324907621, 0.31919159959627563] ; [0.50997709147794656, 1.2547619506371999]
771 ; 22 ; 315 ; 1 ; [0.98391911483020911] ; [1.2828908300514723]
771 ; 22 ; 315 ; 2 ; [0.56962696679430258] ; [0.52130151799855284]
771 ; 22 ; 315 ; 3 ; [1.4030947982305759] ; [2.1541392569137505]
771 ; 22 ; 315 ; 4 ; [0.89072560110425825] ; [1.6627310415835357]
771 ; 22 ; 315 ; 6 ; [4.0598933467711094] ; [5.429380590757984]
771 ; 22 ; 315 ; 8 ; [1.2183266064368643] ; [3.5148397530048658]
771 ; 22 ; 315 ; 9 ; [1.3336636438010396] ; [1.9504087421277456]
771 ; 22 ; 315 ; 11 ; [0.83100177976136314] ; [3.1907297466881035]
771 ; 22 ; 315 ; 15 ; [3.0282554580747063] ; [1.9809679993829501]
771 ; 22 ; 315 ; 19 ; [0.72567354070737267] ; [3.2030810006149095]
771 ; 22 ; 315 ; 23 ; [4.7027857473633619] ; [0.54182449392211762]
771 ; 22 ; 317 ; 0 ; [0.7446928462998057] ; [0.039511419860019194]
771 ; 22 ; 317 ; 2 ; [1.6140104574305192] ; [2.5973391951991167]
771 ; 22 ; 317 ; 5 ; [12.857417749636019] ; [0.81306851389965773]
771 ; 22 ; 317 ; 6 ; [5.9375404534632148] ; [0.29477741529600759]
771 ; 22 ; 320 ; 0 ; [0.38578941139490064] ; [0.44062615334404853]
771 ; 22 ; 321 ; 0 ; [1.3457652751327469] ; [2.3125892968690214]
771 ; 22 ; 321 ; 2 ; [0.68167060313055794] ; [2.1005766389769756]
771 ; 22 ; 321 ; 6 ; [0.6888348969270276] ; [0.92910330172827305]
771 ; 22 ; 322 ; 0 ; [1.3122214113778998] ; [1.5276427210308712]
771 ; 22 ; 322 ; 1 ; [2.0446006205191196] ; [2.0853180894539065]
771 ; 22 ; 322 ; 2 ; [0.046572846250827006] ; [1.1326188996197166]
771 ; 22 ; 322 ; 3 ; [1.906863554338903] ; [3.08871252635939]
771 ; 22 ; 322 ; 4 ; [1.9583151419698386] ; [1.5331772448002681]
771 ; 22 ; 322 ; 5 ; [1.7392972287628972] ; [2.2725553415124167]
771 ; 22 ; 323 ; 0 ; [0.032544365361315684] ; [0.28725057041027591]
771 ; 22 ; 323 ; 1 ; [0.033826918111191893] ; [0.17487220685306287]
771 ; 22 ; 324 ; 0 ; [0.55986651842104873, -0.021717356568261407] ; [-0.0073088374651056479, -0.034833405594934017]
771 ; 22 ; 325 ; 0 ; [0.43620157534287274] ; [1.9021459948729778]
771 ; 22 ; 325 ; 3 ; [1.3224965319582032] ; [0.81498779567478719]
771 ; 22 ; 326 ; 0 ; [0.16120822226701198] ; [0.14088100813676613]
771 ; 22 ; 326 ; 1 ; [0.041846424162985882] ; [-0.18283077735390385]
771 ; 22 ; 326 ; 2 ; [0.0024430395252462004] ; [-0.0055761695367171384]
771 ; 22 ; 328 ; 0 ; [0.37807958513454498] ; [0.34227481551218047]
771 ; 22 ; 328 ; 1 ; [1.1958549198866553] ; [0.13695743463837015]
771 ; 22 ; 328 ; 2 ; [0.10144759334010876] ; [0.20540075712152256]
771 ; 22 ; 328 ; 4 ; [1.3774674914271392] ; [0.31204600066676946]
771 ; 22 ; 329 ; 0 ; [15.348679159620824] ; [2.4369229405666517]
771 ; 22 ; 329 ; 1 ; [0.97574041978292836] ; [0.3211956336751941]
771 ; 22 ; 329 ; 2 ; [1.3140767571413736] ; [1.6631176206536966]
771 ; 22 ; 329 ; 5 ; [1.6755366953101203] ; [1.9846102563302881]
771 ; 22 ; 329 ; 7 ; [1.6827915103451474] ; [3.5041251402867268]
771 ; 22 ; 329 ; 15 ; [0.66144536640721918] ; [3.306287557070827]
771 ; 22 ; 329 ; 16 ; [0.69732000021335883] ; [2.0637581474920834]
771 ; 22 ; 331 ; 0 ; [0.3769063637288636] ; [0.1058890047213488]
771 ; 22 ; 331 ; 2 ; [0.63040034004310896] ; [0.99401303668201568]
771 ; 22 ; 331 ; 3 ; [1.9151856712984068] ; [1.4765669831332877]
771 ; 22 ; 333 ; 0 ; [0.10867803260813402, 0.50552802018147358] ; [0.94095810374719446, -0.0055500795577940023]
771 ; 22 ; 333 ; 1 ; [0.49170233619194714] ; [-0.020541424097565295]
771 ; 22 ; 333 ; 2 ; [2.5412408187142814] ; [0.20483225293438076]
771 ; 22 ; 333 ; 3 ; [0.070946025627661016] ; [2.0690459317589869]