# Run ; Subrun ; Event ; Track ; Charge Ratios View 0 ; Charge Ratios View 1 #
771 ; 21 ; 2 ; 0 ; [0.53001099276942265] ; [0.8818304301040063]
771 ; 21 ; 2 ; 1 ; [1.4769466666074755] ; [0.76822229467652259]
771 ; 21 ; 2 ; 3 ; [1.6904696957550338] ; [1.2856429209518345]
771 ; 21 ; 2 ; 5 ; [1.1861008089864444] ; [1.2193336534309684]
771 ; 21 ; 4 ; 2 ; [1.7321912777813766] ; [0.77818430500690972]
771 ; 21 ; 4 ; 4 ; [2.0006288050902681] ; [0.44524903436083341]
771 ; 21 ; 4 ; 6 ; [-0.36318132657883173] ; [0.60707492026728649]
771 ; 21 ; 5 ; 0 ; [1.7298296927699244] ; [1.1940660799116458]
771 ; 21 ; 5 ; 1 ; [0.63250196162110073] ; [0.47644894092418011]
771 ; 21 ; 5 ; 2 ; [0.47857596339171454] ; [0.55255696171140212]
771 ; 21 ; 5 ; 3 ; [0.22092706339436877] ; [0.61291565003547976]
771 ; 21 ; 5 ; 4 ; [0.84704823619909009] ; [1.2925614394799216]
771 ; 21 ; 5 ; 6 ; [0.3404761920059724] ; [1.4034076235873527]
771 ; 21 ; 5 ; 11 ; [6.8001686369832237] ; [0.11927322259459437]
771 ; 21 ; 5 ; 13 ; [0.10280367498651991] ; [1.7868373955844161]
771 ; 21 ; 5 ; 16 ; [0.089986760221567874] ; [0.57569209701757385]
771 ; 21 ; 5 ; 21 ; [0.54190432711131031] ; [1.9414600398171629]
771 ; 21 ; 5 ; 22 ; [1.2146954346448386] ; [0.82126586139550029]
771 ; 21 ; 5 ; 25 ; [4.6010277077592221] ; [0.43772522523749541]
771 ; 21 ; 5 ; 26 ; [0.93652119613904394] ; [1.7703212091924199]
771 ; 21 ; 6 ; 0 ; [0.82462524657599778] ; [0.84417774366428711]
771 ; 21 ; 6 ; 1 ; [1.0848570546702268] ; [1.2939575690493172]
771 ; 21 ; 6 ; 2 ; [4.1571005217100501] ; [1.6319959973639175]
771 ; 21 ; 6 ; 6 ; [0.63517872356205685] ; [0.12262533041973506]
771 ; 21 ; 6 ; 7 ; [0.0029555689798703437] ; [-0.071049458138292526]
771 ; 21 ; 7 ; 0 ; [0.1158088376010275, 0.083387048004808853] ; [0.3036422337938276, 0.21745786380879115]
771 ; 21 ; 7 ; 1 ; [3.7100728055866234] ; [1.6619735148224102]
771 ; 21 ; 8 ; 0 ; [0.65665290521372854] ; [5.6676877236547858]
771 ; 21 ; 8 ; 1 ; [0.89854446787637343] ; [2.8188848093595644]
771 ; 21 ; 8 ; 2 ; [1.7025047618913907] ; [0.62983594533854725]
771 ; 21 ; 9 ; 0 ; [1.8394356873051851] ; [0.47725086031096392]
771 ; 21 ; 9 ; 1 ; [1.8299722062850876] ; [3.0803737365946016]
771 ; 21 ; 12 ; 0 ; [0.48561345661621463] ; [1.1590565499695078]
771 ; 21 ; 12 ; 2 ; [0.38043276581929075] ; [0.97454673615188714]
771 ; 21 ; 14 ; 0 ; [1.3791302759945134] ; [0.05499206157291555]
771 ; 21 ; 14 ; 1 ; [1.6371450892327091] ; [0.18194293874656142]
771 ; 21 ; 14 ; 2 ; [2.2257414737872949] ; [0.15159113109992503]
771 ; 21 ; 15 ; 0 ; [3.6629672864663188] ; [-0.0047921487396717912]
771 ; 21 ; 16 ; 0 ; [0.42729141069923937] ; [0.22923143379915564]
771 ; 21 ; 19 ; 1 ; [0.029670270152094898] ; [0.24715604048792089]
771 ; 21 ; 19 ; 10 ; [0.035996522326921271] ; [1.7933177157673719]
771 ; 21 ; 19 ; 11 ; [0.2170172402040354] ; [-0.1018051574093848]
771 ; 21 ; 20 ; 1 ; [0.017757951762160124] ; [0.056836430452738937]
771 ; 21 ; 20 ; 2 ; [0.23047141420636161] ; [0.0084107547239906828]
771 ; 21 ; 20 ; 3 ; [0.22542873301370092] ; [0.19637255217774274]
771 ; 21 ; 20 ; 5 ; [-0.00011534768247953693] ; [0.65489896529498282]
771 ; 21 ; 22 ; 0 ; [1.9615657503280091] ; [0.81485735541798832]
771 ; 21 ; 22 ; 2 ; [1.7846584654533735] ; [0.25649204574694551]
771 ; 21 ; 22 ; 3 ; [2.199606618763311] ; [1.0652970494822684]
771 ; 21 ; 22 ; 6 ; [1.0621177246974736] ; [1.2110799940032271]
771 ; 21 ; 22 ; 9 ; [0.72758898883001089] ; [0.17548541359718875]
771 ; 21 ; 22 ; 13 ; [3.4792730211128173] ; [1.1987078578237329]
771 ; 21 ; 24 ; 0 ; [0.16752201626386784] ; [0.28344848150575175]
771 ; 21 ; 24 ; 1 ; [0.25579710708021369] ; [0.16728578908657477]
771 ; 21 ; 24 ; 2 ; [0.22689477111965173] ; [0.20203429890215796]
771 ; 21 ; 26 ; 0 ; [1.0158096126302003] ; [1.764470212490904]
771 ; 21 ; 26 ; 4 ; [2.6570507766936715] ; [1.9236003264365327]
771 ; 21 ; 28 ; 0 ; [0.10166111464721198] ; [0.27966809673303594]
771 ; 21 ; 28 ; 3 ; [0.11797844028142782] ; [0.14108593195094005]
771 ; 21 ; 28 ; 4 ; [1.3344513047312783] ; [0.57473134157477579]
771 ; 21 ; 30 ; 0 ; [0.043098802686732322] ; [0.17463871979161974]
771 ; 21 ; 30 ; 1 ; [0.0020052025328497784] ; [0.016873847814176449]
771 ; 21 ; 30 ; 5 ; [-0.00033627810492971685] ; [0.5061919213052104]
771 ; 21 ; 31 ; 0 ; [0.18119540153031449] ; [0.11544059494422051]
771 ; 21 ; 31 ; 1 ; [0.092864299121308863] ; [-0.034917650217362588]
771 ; 21 ; 34 ; 0 ; [0.76719712711332888] ; [0.39093766087539972]
771 ; 21 ; 34 ; 4 ; [0.55341940918177479] ; [1.0037471553888853]
771 ; 21 ; 34 ; 10 ; [6.9094123760515567] ; [0.70554111770154526]
771 ; 21 ; 35 ; 0 ; [2.1860220100868215] ; [0.55557776463369879]
771 ; 21 ; 35 ; 1 ; [0.57848331024640609] ; [0.50373335387717888]
771 ; 21 ; 35 ; 2 ; [-0.0020834604822621582] ; [0.70707346450904862]
771 ; 21 ; 35 ; 4 ; [0.95354190230219016] ; [0.035423214169379109]
771 ; 21 ; 35 ; 5 ; [2.0036535193821079] ; [1.1626908617244107]
771 ; 21 ; 35 ; 9 ; [3.0300363095835232] ; [2.0841794806355014]
771 ; 21 ; 35 ; 10 ; [0.98445518183628122] ; [0.48280234507984432]
771 ; 21 ; 35 ; 14 ; [0.26130747686136474] ; [0.37333743222691718]
771 ; 21 ; 36 ; 0 ; [0.77139860186919307] ; [0.094948832214079709]
771 ; 21 ; 37 ; 0 ; [1.9346535348990344] ; [1.348710270349454]
771 ; 21 ; 37 ; 1 ; [2.9798251610035402] ; [0.93986476106832628]
771 ; 21 ; 38 ; 1 ; [0.25612842844539568] ; [0.38461142246184093]
771 ; 21 ; 39 ; 0 ; [0.0054065604898058464, -0.01938484581852732] ; [0.011092451319475545, 0.053179781304047234]
771 ; 21 ; 39 ; 2 ; [0.0031568105757068545] ; [1.6565011161344183]
771 ; 21 ; 40 ; 1 ; [3.3131032313417026] ; [0.45184531928063787]
771 ; 21 ; 40 ; 2 ; [2.6395965597081239] ; [1.3406992075406905]
771 ; 21 ; 40 ; 5 ; [2.3252088742103938] ; [2.5533212271184689]
771 ; 21 ; 40 ; 6 ; [1.0492231935101533] ; [2.4476203809938384]
771 ; 21 ; 40 ; 7 ; [12.761312604255131] ; [0.63052433961845333]
771 ; 21 ; 40 ; 9 ; [0.587019122552775] ; [1.7625206309169852]
771 ; 21 ; 40 ; 11 ; [2.1773564134602204] ; [0.87855802757051482]
771 ; 21 ; 40 ; 13 ; [3.0334315071158815] ; [1.5615011635436908]
771 ; 21 ; 41 ; 0 ; [0.019696419999187052] ; [0.094328585443967494]
771 ; 21 ; 41 ; 3 ; [0.48420575093296025] ; [0.04558709511870853]
771 ; 21 ; 42 ; 0 ; [0.48967722067056085] ; [0.65496204229963462]
771 ; 21 ; 42 ; 1 ; [0.77410260518628937] ; [0.19533243023544733]
771 ; 21 ; 42 ; 2 ; [0.10414703176059915] ; [0.36115565194188115]
771 ; 21 ; 42 ; 3 ; [0.22177004627196689] ; [0.285268374044162]
771 ; 21 ; 42 ; 4 ; [0.0055840046350399304] ; [0.089974550210924875]
771 ; 21 ; 42 ; 5 ; [0.56192752141408597] ; [0.20800425244407086]
771 ; 21 ; 42 ; 6 ; [0.27507093058714999] ; [1.054886215883835]
771 ; 21 ; 42 ; 13 ; [0.30903948778184775] ; [2.8923489928569994]
771 ; 21 ; 43 ; 1 ; [0.45136342950403807] ; [1.2660270891753596]
771 ; 21 ; 44 ; 0 ; [-0.033756775455928173] ; [-0.069426974166361066]
771 ; 21 ; 44 ; 2 ; [3.4305658682787339] ; [4.2809332073173803]
771 ; 21 ; 44 ; 3 ; [2.4069987604076744] ; [1.1492336491619775]
771 ; 21 ; 46 ; 0 ; [0.21654517270894694, 0.26800405734875915] ; [0.26599565640381889, 0.32554714673089863]
771 ; 21 ; 46 ; 1 ; [0.33617449257769177] ; [0.54448891507932784]
771 ; 21 ; 46 ; 3 ; [0.09788324698796011] ; [1.1055865078343927]
771 ; 21 ; 49 ; 0 ; [0.17260129629524754, 0.020109992766263362] ; [0.29082849607635181, 0.0846438069076937]
771 ; 21 ; 49 ; 1 ; [2.0353875827700207] ; [1.5061399148252879]
771 ; 21 ; 52 ; 0 ; [0.065942090806320589, 0.37676665716812624] ; [0.4453424087245263, 0.62471926564354474]
771 ; 21 ; 52 ; 1 ; [0.52224881251995248] ; [0.61632143601111145]
771 ; 21 ; 53 ; 0 ; [1.2612013836231624] ; [0.039986464195498443]
771 ; 21 ; 53 ; 1 ; [0.4257286296129314] ; [0.80191427496117673]
771 ; 21 ; 53 ; 2 ; [0.1359670011321388] ; [0.45374959157066636]
771 ; 21 ; 53 ; 3 ; [0.66375839045326746] ; [1.1548288602068026]
771 ; 21 ; 56 ; 0 ; [0.044710575346683185] ; [0.22655251244625796]
771 ; 21 ; 56 ; 2 ; [0.0078377446791676186] ; [0.22366872978222488]
771 ; 21 ; 57 ; 0 ; [2.8923421878579112] ; [0.84171806473599453]
771 ; 21 ; 58 ; 1 ; [-0.044204579376510934] ; [0.20147400783900574]
771 ; 21 ; 59 ; 0 ; [0.33888419318705187, 0.32313529628105297] ; [0.083127904770022881, -0.018671417735849228]
771 ; 21 ; 59 ; 2 ; [0.69713419014735678] ; [1.1228066637312826]
771 ; 21 ; 59 ; 4 ; [0.015810133613488642] ; [0.4363190505120873]
771 ; 21 ; 60 ; 0 ; [0.0059567286838657883] ; [0.41864211019401898]
771 ; 21 ; 60 ; 1 ; [0.46056023329705975] ; [4.0303263159152989]
771 ; 21 ; 60 ; 2 ; [0.023912903550773353] ; [0.070116138985661811]
771 ; 21 ; 60 ; 5 ; [0.16452354210139372] ; [2.9110390858802537]
771 ; 21 ; 60 ; 7 ; [4.6509849474150862] ; [3.8168748229736682]
771 ; 21 ; 60 ; 8 ; [18.442794446709364] ; [2.8333955743019712]
771 ; 21 ; 61 ; 1 ; [0.67641768765181964] ; [2.0913202625370979]
771 ; 21 ; 62 ; 0 ; [0.15945903988244461] ; [0.12036583013246269]
771 ; 21 ; 62 ; 1 ; [0.35717998860042149] ; [0.44966153160828531]
771 ; 21 ; 62 ; 3 ; [1.2431325875927628] ; [0.066789753164650162]
771 ; 21 ; 62 ; 4 ; [0.25241227132218746] ; [0.37538060184396449]
771 ; 21 ; 62 ; 7 ; [0.014279045165977854] ; [1.3650227416808853]
771 ; 21 ; 64 ; 0 ; [0.15044104816026585, 0.27650864092262628] ; [-0.0013623156765388983, 0.1889706040828201]
771 ; 21 ; 64 ; 1 ; [0.83767084459048025] ; [0.023397190282810447]
771 ; 21 ; 64 ; 4 ; [0.2912163379008692] ; [0.16381557954467182]
771 ; 21 ; 64 ; 9 ; [0.087295367695521708] ; [3.5669963610509838]
771 ; 21 ; 65 ; 0 ; [0.35463965878448533] ; [-0.024287585002299234]
771 ; 21 ; 67 ; 1 ; [0.19434546714676323] ; [0.26946385542377999]
771 ; 21 ; 68 ; 0 ; [0.94401207098712392] ; [1.3426285515489003]
771 ; 21 ; 68 ; 1 ; [1.0460979540366626] ; [1.3524126375144905]
771 ; 21 ; 68 ; 2 ; [1.0883318788310845] ; [0.4911655550672287]
771 ; 21 ; 68 ; 3 ; [0.065078700551243471] ; [1.5989884776215912]
771 ; 21 ; 68 ; 4 ; [1.4207263382759863] ; [0.53186891131670111]
771 ; 21 ; 68 ; 6 ; [0.23924928858628861] ; [1.269716763905048]
771 ; 21 ; 68 ; 9 ; [1.8670662077805376] ; [1.1507750836356216]
771 ; 21 ; 68 ; 11 ; [3.3043128550957768] ; [0.77613256211959825]
771 ; 21 ; 68 ; 12 ; [1.6682135580806439] ; [1.5592005888616176]
771 ; 21 ; 68 ; 20 ; [1.1488599703994036] ; [1.7734338076817107]
771 ; 21 ; 68 ; 23 ; [0.36925804218536379] ; [0.93680448359097923]
771 ; 21 ; 70 ; 0 ; [0.0072565826979376401] ; [-0.0075121078317310647]
771 ; 21 ; 72 ; 0 ; [0.1769805261535336] ; [0.277423516101028]
771 ; 21 ; 72 ; 4 ; [-0.042116367305546652] ; [1.4780762791797322]
771 ; 21 ; 72 ; 5 ; [2.0751968231452333] ; [1.1242341441984292]
771 ; 21 ; 73 ; 0 ; [0.40727179758190607, 0.084552101191384399] ; [0.10164201832832521, -0.0051357412780943636]
771 ; 21 ; 76 ; 0 ; [2.7719833062328316] ; [1.5097070936863979]
771 ; 21 ; 76 ; 1 ; [0.90495764036265824] ; [-0.019976388313083029]
771 ; 21 ; 76 ; 3 ; [1.249542512107074] ; [1.7477057858268641]
771 ; 21 ; 78 ; 0 ; [0.049447493485568178] ; [0.16912908633323978]
771 ; 21 ; 78 ; 1 ; [0.019050718777018038] ; [0.15359234983756265]
771 ; 21 ; 79 ; 0 ; [1.1730566157948277, 3.7855441691895639] ; [0.2259039809252856, 0.93021510623987491]
771 ; 21 ; 79 ; 4 ; [0.97566879590654076] ; [0.10598008525853778]
771 ; 21 ; 79 ; 6 ; [0.83135031521996994] ; [0.60085328537461125]
771 ; 21 ; 85 ; 0 ; [2.2315067830307451] ; [0.92811701190980544]
771 ; 21 ; 85 ; 1 ; [1.0838352488567904] ; [1.4663573190828754]
771 ; 21 ; 85 ; 2 ; [0.26407381596607271] ; [0.13130664234324493]
771 ; 21 ; 85 ; 4 ; [2.1493301305514212] ; [1.7202373760009573]
771 ; 21 ; 85 ; 5 ; [1.0067990579524488] ; [0.24461676599223403]
771 ; 21 ; 85 ; 6 ; [0.28681356828827126] ; [0.21991740853464706]
771 ; 21 ; 85 ; 8 ; [1.3802905228768767] ; [1.7487727266904582]
771 ; 21 ; 85 ; 9 ; [1.7899442269325856] ; [0.10971620824668737]
771 ; 21 ; 85 ; 10 ; [3.2253411188378274] ; [1.9777179205316542]
771 ; 21 ; 86 ; 0 ; [0.035173778420368292] ; [0.090214123781349048]
771 ; 21 ; 86 ; 1 ; [0.26042647597057578] ; [0.03115286263823373]
771 ; 21 ; 86 ; 4 ; [0.20580611234412527] ; [0.21461079241714812]
771 ; 21 ; 86 ; 5 ; [8.3691517347232391] ; [0.43813192037132875]
771 ; 21 ; 88 ; 0 ; [0.08115334372714253] ; [-0.0090976304164731812]
771 ; 21 ; 88 ; 1 ; [0.18938698558754408] ; [0.94034505614303776]
771 ; 21 ; 88 ; 6 ; [3.8914477119799935] ; [0.27186576752480196]
771 ; 21 ; 88 ; 7 ; [0.36591173355714818] ; [-0.01208020775336114]
771 ; 21 ; 89 ; 1 ; [5.4904756486695252] ; [6.9215109366009884]
771 ; 21 ; 89 ; 2 ; [2.958164708737629] ; [0.63379383180983073]
771 ; 21 ; 89 ; 3 ; [3.5129849666640629] ; [2.5949766751980881]
771 ; 21 ; 89 ; 4 ; [1.9487931853470191] ; [1.2321945241723193]
771 ; 21 ; 89 ; 8 ; [2.0320783608381681] ; [1.0510147691463354]
771 ; 21 ; 89 ; 10 ; [2.1483365702206596] ; [3.7677842613561143]
771 ; 21 ; 90 ; 0 ; [0.51887710867109282] ; [-0.011745229707511042]
771 ; 21 ; 91 ; 0 ; [0.7154381929214344] ; [2.241864935675884]
771 ; 21 ; 91 ; 2 ; [1.2341248069326174] ; [1.6552666357248069]
771 ; 21 ; 91 ; 3 ; [1.8678549081021205] ; [1.8135603418578199]
771 ; 21 ; 92 ; 0 ; [0.18524925296670303] ; [0.17202060670043609]
771 ; 21 ; 92 ; 1 ; [0.22033845562112567] ; [-0.09013624296548832]
771 ; 21 ; 92 ; 2 ; [0.093354359110471338] ; [0.2323612816601974]
771 ; 21 ; 93 ; 0 ; [0.16830391074654374] ; [0.5026381147949639]
771 ; 21 ; 93 ; 1 ; [0.5185240961509362] ; [0.51665884920700056]
771 ; 21 ; 93 ; 3 ; [0.19275619596884463] ; [2.0941546336212724]
771 ; 21 ; 93 ; 4 ; [0.61014853590713825] ; [0.1507603340802077]
771 ; 21 ; 95 ; 0 ; [0.42113507521235255] ; [-0.080396034290587379]
771 ; 21 ; 96 ; 1 ; [1.2194715358767039] ; [0.35719763255960774]
771 ; 21 ; 96 ; 2 ; [3.3010395103135499] ; [1.0627801218480513]
771 ; 21 ; 97 ; 0 ; [0.0017355517863514517] ; [-0.002016731750589364]
771 ; 21 ; 98 ; 0 ; [0.15253507598200561] ; [-0.016789302583303932]
771 ; 21 ; 99 ; 0 ; [-0.021636673606512998] ; [-0.12355002623007454]
771 ; 21 ; 99 ; 1 ; [2.6368684733869849] ; [0.13740609570465043]
771 ; 21 ; 100 ; 0 ; [2.509905130754694] ; [-0.042287708254640129]
771 ; 21 ; 100 ; 2 ; [1.8379524496428368] ; [1.3133236900270284]
771 ; 21 ; 100 ; 4 ; [1.7413218370727868] ; [0.874446318049376]
771 ; 21 ; 100 ; 6 ; [1.8430353306361804] ; [1.392367182862347]
771 ; 21 ; 102 ; 0 ; [0.18570745140990746] ; [0.26588898922128412]
771 ; 21 ; 102 ; 1 ; [0.33202554343302748] ; [0.37026257820401198]
771 ; 21 ; 104 ; 0 ; [0.071469254396776621] ; [0.56452346727515257]
771 ; 21 ; 104 ; 1 ; [0.075020256929335075] ; [0.1411623675368327]
771 ; 21 ; 104 ; 2 ; [3.5000082851700869] ; [0.25684480494989831]
771 ; 21 ; 106 ; 0 ; [0.26223191036649113] ; [-0.25967121847189117]
771 ; 21 ; 106 ; 1 ; [0.0644964569191704] ; [0.39674101287571861]
771 ; 21 ; 107 ; 0 ; [0.27104521157834044] ; [0.13267846599327632]
771 ; 21 ; 108 ; 0 ; [0.22851848564263447] ; [0.0010250629818718768]
771 ; 21 ; 110 ; 0 ; [0.0088313672666390352] ; [0.3158631147687545]
771 ; 21 ; 110 ; 3 ; [2.4705812244729395] ; [2.3343656052421995]
771 ; 21 ; 111 ; 0 ; [0.12851378907988095] ; [0.226403568396396]
771 ; 21 ; 111 ; 1 ; [0.10651635515566701] ; [0.67387234521407979]
771 ; 21 ; 111 ; 6 ; [2.2491199879006376] ; [1.7523844135085949]
771 ; 21 ; 111 ; 9 ; [0.091159684542155714] ; [1.1764011852846223]
771 ; 21 ; 113 ; 0 ; [0.71272147386687812] ; [0.28433948180883839]
771 ; 21 ; 115 ; 0 ; [0.099879171173893153] ; [0.34169236413216003]
771 ; 21 ; 116 ; 0 ; [0.41692523646809915] ; [0.095628458315348858]
771 ; 21 ; 116 ; 1 ; [0.63211260186630047] ; [1.6932052241263251]
771 ; 21 ; 116 ; 2 ; [2.2201533662819823] ; [0.9875808656919125]
771 ; 21 ; 118 ; 0 ; [0.26200811821737613] ; [0.22392745409901624]
771 ; 21 ; 118 ; 1 ; [0.10242898620336456] ; [0.17126819345217478]
771 ; 21 ; 118 ; 4 ; [0.052236948870794608] ; [1.3090452916160444]
771 ; 21 ; 120 ; 0 ; [0.13118446970880634, 0.48051212313373032] ; [0.25558882327166077, 0.52956908450618301]
771 ; 21 ; 120 ; 1 ; [0.19202943638573586] ; [0.46892324488938047]
771 ; 21 ; 120 ; 2 ; [0.44237807453700062] ; [2.6454242423025529]
771 ; 21 ; 120 ; 3 ; [0.036693482710050282] ; [0.38422375442674256]
771 ; 21 ; 121 ; 0 ; [0.27831208023148746] ; [0.41986135559682453]
771 ; 21 ; 121 ; 1 ; [1.4184747623342036] ; [1.4109377464614385]
771 ; 21 ; 123 ; 0 ; [0.16656384204777258, -0.0088836856273866865] ; [0.0052899133862835696, 0.0028435445614900133]
771 ; 21 ; 124 ; 0 ; [0.038872118303840054] ; [0.065241761646776392]
771 ; 21 ; 125 ; 0 ; [1.1926423172642859] ; [0.18676457198342258]
771 ; 21 ; 125 ; 1 ; [1.4031300916103766] ; [1.5199759442791254]
771 ; 21 ; 125 ; 2 ; [0.26032286873046362] ; [0.014534990917925364]
771 ; 21 ; 125 ; 3 ; [2.1044970931923772] ; [2.3260838848972658]
771 ; 21 ; 125 ; 5 ; [2.0174195516582403] ; [0.37282442392826459]
771 ; 21 ; 125 ; 6 ; [1.1504630699647573] ; [1.4406920988738035]
771 ; 21 ; 125 ; 8 ; [-0.51127924086698895] ; [0.22347920367475044]
771 ; 21 ; 126 ; 0 ; [0.11652729539590977] ; [0.4000592443164358]
771 ; 21 ; 126 ; 1 ; [0.069556118654258856] ; [-0.01025966971123494]
771 ; 21 ; 128 ; 0 ; [0.42262985688544824] ; [0.4781493343472234]
771 ; 21 ; 130 ; 0 ; [0.31866210088482588] ; [0.4682846201080671]
771 ; 21 ; 133 ; 0 ; [1.0371931173723612] ; [-0.0079622567841901287]
771 ; 21 ; 133 ; 1 ; [1.2998459162765246] ; [0.86028630284260943]
771 ; 21 ; 133 ; 4 ; [2.0609877632759406] ; [0.10666742537832843]
771 ; 21 ; 133 ; 5 ; [2.0285840828223307] ; [0.75217824109317777]
771 ; 21 ; 133 ; 6 ; [1.4423109133266452] ; [1.3157692371587311]
771 ; 21 ; 137 ; 0 ; [0.23146348510401563] ; [0.38357054524307904]
771 ; 21 ; 139 ; 0 ; [0.10820060805529566] ; [-0.018090352527254158]
771 ; 21 ; 140 ; 0 ; [0.7772008414011975] ; [0.79733984796494251]
771 ; 21 ; 140 ; 1 ; [0.13171567026389322] ; [0.48862824657031506]
771 ; 21 ; 140 ; 2 ; [0.049632770988840696] ; [0.13787165490342301]
771 ; 21 ; 141 ; 0 ; [0.03484016086446063, -0.057134861747668055] ; [-0.028079660754748631, 0.0069851548006338755]
771 ; 21 ; 142 ; 0 ; [1.4667851374801131] ; [0.88636179148724481]
771 ; 21 ; 142 ; 1 ; [0.61506465074601324] ; [0.8567921948252839]
771 ; 21 ; 143 ; 0 ; [1.691858684533923] ; [0.71168697675857528]
771 ; 21 ; 143 ; 1 ; [1.8710273303959093] ; [1.2296803509824126]
771 ; 21 ; 143 ; 2 ; [2.6817735383984558] ; [1.8269827754964725]
771 ; 21 ; 144 ; 0 ; [0.53120324130009033] ; [0.071313780185572412]
771 ; 21 ; 144 ; 1 ; [0.46070351203028126] ; [0.85606849696219045]
771 ; 21 ; 144 ; 3 ; [0.84488277589597605] ; [2.9556940678031469]
771 ; 21 ; 144 ; 6 ; [2.2718585891104635] ; [1.8448623566585141]
771 ; 21 ; 145 ; 0 ; [-0.0019619099025356304] ; [0.39792024450584934]
771 ; 21 ; 145 ; 1 ; [0.0011273872364468964] ; [0.36602863586645118]
771 ; 21 ; 146 ; 0 ; [0.4472624879759251] ; [0.31470517422826283]
771 ; 21 ; 146 ; 1 ; [0.056228593346982499] ; [0.91431305758718984]
771 ; 21 ; 146 ; 12 ; [0.10477700157350474] ; [0.71964008027014725]
771 ; 21 ; 146 ; 13 ; [0.28526266978065384] ; [1.066738410576475]
771 ; 21 ; 149 ; 0 ; [2.7380155683539207] ; [0.71160942306269626]
771 ; 21 ; 149 ; 1 ; [0.49125524303957713] ; [1.0430507854903572]
771 ; 21 ; 150 ; 0 ; [0.16463975076333434] ; [0.0092329636801568808]
771 ; 21 ; 150 ; 1 ; [0.02195519974374717] ; [0.0052066633258422701]
771 ; 21 ; 151 ; 1 ; [0.025331590256856815] ; [-0.0022715251679639417]
771 ; 21 ; 151 ; 2 ; [0.13064991520707772] ; [0.044749744730911957]
771 ; 21 ; 152 ; 0 ; [0.52539637940460437] ; [0.021916071552271234]
771 ; 21 ; 152 ; 1 ; [-0.017269076848684197] ; [0.33540038520709553]
771 ; 21 ; 152 ; 7 ; [-0.0068348829364489362] ; [0.018847655556652451]
771 ; 21 ; 160 ; 0 ; [0.040792053212879036] ; [0.14484417648116471]
771 ; 21 ; 160 ; 1 ; [2.8175413206370936] ; [4.8872471164295836]
771 ; 21 ; 160 ; 4 ; [1.1918562932030812] ; [0.12871596529557647]
771 ; 21 ; 164 ; 1 ; [0.79730919755439877] ; [0.18915031122280759]
771 ; 21 ; 164 ; 2 ; [0.083431687563024257] ; [3.8905438709818712]
771 ; 21 ; 164 ; 4 ; [1.6191098272481195] ; [1.9951039798430836]
771 ; 21 ; 164 ; 6 ; [1.4550380660681757] ; [1.4701711574592748]
771 ; 21 ; 164 ; 8 ; [1.8827008534033451] ; [2.0660859985897977]
771 ; 21 ; 164 ; 10 ; [3.1081837251694062] ; [3.704768338485346]
771 ; 21 ; 164 ; 11 ; [0.7780639042450348] ; [17.556746568131125]
771 ; 21 ; 164 ; 13 ; [0.39425117599871234] ; [0.25063351812815726]
771 ; 21 ; 165 ; 0 ; [0.032061558737514394] ; [0.20106364894477977]
771 ; 21 ; 165 ; 1 ; [0.52467961495475168] ; [0.24987365354290619]
771 ; 21 ; 165 ; 2 ; [0.022546866540940385] ; [-0.011236077400486507]
771 ; 21 ; 167 ; 0 ; [2.7069853542902118] ; [0.35843072286247935]
771 ; 21 ; 167 ; 1 ; [0.75668108354813324] ; [0.30108619740770171]
771 ; 21 ; 167 ; 2 ; [1.8590167743180788] ; [0.50844001398187044]
771 ; 21 ; 167 ; 3 ; [5.5364205847792274] ; [0.39268250227903323]
771 ; 21 ; 167 ; 4 ; [1.3889652324296267] ; [1.4178583439517127]
771 ; 21 ; 167 ; 5 ; [1.7142874211464194] ; [2.3325842163254364]
771 ; 21 ; 167 ; 6 ; [2.0743870109308524] ; [2.1528311586764048]
771 ; 21 ; 167 ; 8 ; [1.8971372226645313] ; [1.44129124569916]
771 ; 21 ; 167 ; 11 ; [3.1976510298980836] ; [1.6958161279829662]
771 ; 21 ; 167 ; 14 ; [1.6869015438276767] ; [1.2577860590022638]
771 ; 21 ; 167 ; 15 ; [1.3706382749819528] ; [1.5411041986195377]
771 ; 21 ; 168 ; 0 ; [0.063856724259900396] ; [0.090074772017991162]
771 ; 21 ; 168 ; 1 ; [0.032825521031284666] ; [1.0606004687838289]
771 ; 21 ; 168 ; 2 ; [0.22756075384091601] ; [0.40278703590354897]
771 ; 21 ; 168 ; 3 ; [0.084741906935102959] ; [0.00068184837387905346]
771 ; 21 ; 168 ; 4 ; [0.5076487700509198] ; [1.3000570458718759]
771 ; 21 ; 168 ; 5 ; [0.075323312867651676] ; [0.75929012612724889]
771 ; 21 ; 168 ; 6 ; [0.28104886242687183] ; [0.3582399858674617]
771 ; 21 ; 169 ; 0 ; [0.36406126290607732] ; [0.40175022462085719]
771 ; 21 ; 169 ; 1 ; [0.40727479373996445] ; [0.4488754426815596]
771 ; 21 ; 170 ; 0 ; [0.10236296446728448] ; [2.1224555538484084]
771 ; 21 ; 170 ; 2 ; [2.4323877292358937] ; [1.9933685761391322]
771 ; 21 ; 170 ; 4 ; [0.17733634754614452] ; [0.0013446671418757571]
771 ; 21 ; 170 ; 6 ; [1.0658108087262916] ; [2.1655750503249118]
771 ; 21 ; 170 ; 10 ; [4.0819249511322218] ; [1.7858799110940895]
771 ; 21 ; 171 ; 0 ; [0.8295372345350801] ; [0.25920096935265535]
771 ; 21 ; 171 ; 1 ; [4.7122983136260732] ; [0.82368251750112997]
771 ; 21 ; 171 ; 2 ; [2.2589982816305527] ; [2.4285873282574619]
771 ; 21 ; 171 ; 4 ; [3.1563025291343019] ; [1.7057515624621613]
771 ; 21 ; 171 ; 5 ; [1.3148951281901593] ; [2.6439388218018878]
771 ; 21 ; 171 ; 6 ; [1.250076723085886] ; [1.184881965440449]
771 ; 21 ; 171 ; 7 ; [3.8620487969486232] ; [3.8169256508801475]
771 ; 21 ; 171 ; 8 ; [3.8867570285704578] ; [1.5191700540900916]
771 ; 21 ; 171 ; 9 ; [4.8813239054328434] ; [2.5373477260764199]
771 ; 21 ; 171 ; 10 ; [1.1079121933664131] ; [1.7131590215658992]
771 ; 21 ; 171 ; 11 ; [3.0182898345216] ; [0.11375042136981467]
771 ; 21 ; 171 ; 13 ; [2.4792026771291411] ; [1.8790476512775691]
771 ; 21 ; 171 ; 14 ; [6.5314882432574271] ; [2.1986508471010815]
771 ; 21 ; 171 ; 16 ; [1.6858810889975215] ; [1.9235439245090025]
771 ; 21 ; 171 ; 17 ; [8.338752958503024] ; [0.99140044548276762]
771 ; 21 ; 171 ; 19 ; [1.8733803696485116] ; [0.91403633631511172]
771 ; 21 ; 171 ; 22 ; [2.1510762269465409] ; [1.527881985917829]
771 ; 21 ; 171 ; 23 ; [0.45432668904571682] ; [2.824054574878943]
771 ; 21 ; 171 ; 26 ; [1.1074482500991958] ; [2.8115560281157577]
771 ; 21 ; 171 ; 29 ; [1.9455575286022773] ; [3.4903508090292186]
771 ; 21 ; 171 ; 33 ; [3.931503208328456] ; [2.9603782801174661]
771 ; 21 ; 172 ; 0 ; [0.082394544475485526] ; [0.060262902226248978]
771 ; 21 ; 172 ; 1 ; [0.089615087791627746] ; [0.12751231572972604]
771 ; 21 ; 172 ; 2 ; [0.14844568794344795] ; [0.25964824642740936]
771 ; 21 ; 172 ; 6 ; [0.13185364870511992] ; [0.076923654535927574]
771 ; 21 ; 172 ; 8 ; [0.61824142015792383] ; [2.5669044932400329]
771 ; 21 ; 173 ; 0 ; [1.3803672379982839] ; [0.94118384225717355]
771 ; 21 ; 173 ; 2 ; [1.1504452256840927] ; [1.2021496047926121]
771 ; 21 ; 173 ; 3 ; [5.1053263183576911] ; [2.3009597011526859]
771 ; 21 ; 173 ; 6 ; [1.9095739915257453] ; [2.5394482436802646]
771 ; 21 ; 173 ; 7 ; [1.8576663595895202] ; [0.8149919894625981]
771 ; 21 ; 175 ; 3 ; [1.9822563761696201] ; [0.88390286501746396]
771 ; 21 ; 176 ; 0 ; [0.76515245080409089] ; [-0.0077431168478843725]
771 ; 21 ; 176 ; 6 ; [0.80220335935162845] ; [0.60877275868752967]
771 ; 21 ; 177 ; 0 ; [0.16043376199265111] ; [0.015411004538242349]
771 ; 21 ; 177 ; 1 ; [0.54319433229802971] ; [0.04635491287969732]
771 ; 21 ; 177 ; 2 ; [0.19295211372072554] ; [0.79237665093779552]
771 ; 21 ; 178 ; 0 ; [0.030284365341735883] ; [0.44817823991058547]
771 ; 21 ; 178 ; 1 ; [0.23851177582524188] ; [0.256391142778509]
771 ; 21 ; 178 ; 2 ; [-0.025349214092924725] ; [-0.083961698750032634]
771 ; 21 ; 179 ; 0 ; [1.4335779229828844] ; [0.48763028922900542]
771 ; 21 ; 180 ; 0 ; [5.2624244444592145] ; [2.9555480801367824]
771 ; 21 ; 180 ; 1 ; [2.8175763696451788] ; [0.42110428133118799]
771 ; 21 ; 180 ; 3 ; [1.6209910923321134] ; [2.5501694457691695]
771 ; 21 ; 180 ; 4 ; [0.12484582998630062] ; [8.176716515168275]
771 ; 21 ; 180 ; 5 ; [1.5169121841883957] ; [3.0536411831658636]
771 ; 21 ; 180 ; 10 ; [10.07322057018907] ; [0.29560370105124734]
771 ; 21 ; 180 ; 11 ; [6.9070669687017183] ; [2.1672943691475748]
771 ; 21 ; 181 ; 0 ; [0.0089979723862512045, 0.011624146412384559] ; [-0.02123026309466456, 0.0012565594441205092]
771 ; 21 ; 181 ; 1 ; [0.37689587078638404] ; [1.2375288212119666]
771 ; 21 ; 181 ; 2 ; [0.44230536602075615] ; [0.4794191271966321]
771 ; 21 ; 181 ; 3 ; [0.25620967533938777] ; [1.1815534976319018]
771 ; 21 ; 181 ; 4 ; [0.34355496266930863] ; [0.71384655313414225]
771 ; 21 ; 181 ; 5 ; [0.583765217709864] ; [1.0240966980800881]
771 ; 21 ; 182 ; 0 ; [0.73168642360917446] ; [2.8031745468994851]
771 ; 21 ; 182 ; 2 ; [0.47958001257681021] ; [0.60765034935911977]
771 ; 21 ; 182 ; 4 ; [1.7869229721374233] ; [1.0855697264356714]
771 ; 21 ; 182 ; 5 ; [0.036140258897517499] ; [3.0368320041944514]
771 ; 21 ; 185 ; 1 ; [0.96570934495978589] ; [0.53651515678156514]
771 ; 21 ; 185 ; 4 ; [0.24292540551158945] ; [6.8596920106891623]
771 ; 21 ; 186 ; 0 ; [0.024497918969500314] ; [-0.0038319174249978167]
771 ; 21 ; 187 ; 2 ; [1.7691235618211383] ; [1.9334972769716776]
771 ; 21 ; 187 ; 3 ; [0.0085963899032770845] ; [3.1629044678016243]
771 ; 21 ; 188 ; 0 ; [0.23036188091503496] ; [-0.0210004402620542]
771 ; 21 ; 188 ; 1 ; [1.3941255607659744] ; [0.23278217487285416]
771 ; 21 ; 188 ; 2 ; [0.85650887898620898] ; [0.18473710430505086]
771 ; 21 ; 188 ; 3 ; [0.36516536309604447] ; [2.9167141382258932]
771 ; 21 ; 188 ; 4 ; [1.031712071919404] ; [0.16940472516501554]
771 ; 21 ; 188 ; 5 ; [1.4635367650669679] ; [0.26229407619016298]
771 ; 21 ; 188 ; 7 ; [0.02783723812319263] ; [0.02855298455201951]
771 ; 21 ; 188 ; 13 ; [0.21188962619604856] ; [-0.02600722700077137]
771 ; 21 ; 189 ; 0 ; [1.0248653627363717] ; [0.4582957258841418]
771 ; 21 ; 189 ; 3 ; [0.038449725830989698] ; [1.046406226909592]
771 ; 21 ; 189 ; 9 ; [2.1114866287885854] ; [1.3569465197695669]
771 ; 21 ; 189 ; 10 ; [1.7370886959444027] ; [1.2699972007926861]
771 ; 21 ; 189 ; 11 ; [1.5963162371477173] ; [4.4233096559250953]
771 ; 21 ; 189 ; 12 ; [3.6561213004454953] ; [1.8278855075484719]
771 ; 21 ; 189 ; 13 ; [0.79648124805047404] ; [2.6320588820973572]
771 ; 21 ; 189 ; 14 ; [0.094062078798138368] ; [2.5508423447229887]
771 ; 21 ; 189 ; 15 ; [3.0137843308271339] ; [1.3894182630147696]
771 ; 21 ; 189 ; 18 ; [7.0059176788331978] ; [1.79787215149358]
771 ; 21 ; 191 ; 0 ; [0.2696813434896479] ; [3.874046387814178]
771 ; 21 ; 191 ; 1 ; [0.95768260146593998] ; [0.60624594986184399]
771 ; 21 ; 191 ; 2 ; [0.43861439721541606] ; [1.8472572139468471]
771 ; 21 ; 191 ; 5 ; [2.4197301401084328] ; [0.25069774301975273]
771 ; 21 ; 191 ; 6 ; [0.5185479924642703] ; [1.1879120050146963]
771 ; 21 ; 191 ; 7 ; [0.63092833231956347] ; [2.1071074951288549]
771 ; 21 ; 192 ; 0 ; [0.058655888678072796] ; [0.0076499900611610838]
771 ; 21 ; 193 ; 0 ; [0.33883428210537325] ; [0.83106119560649172]
771 ; 21 ; 193 ; 2 ; [0.11988459768022705] ; [1.0960505414864012]
771 ; 21 ; 193 ; 3 ; [0.2231895187401047] ; [0.18886495168819056]
771 ; 21 ; 194 ; 0 ; [0.31346957441526996, 0.96415838577243917] ; [0.18932535021996461, 0.072836534660136842]
771 ; 21 ; 194 ; 1 ; [0.12975063834514086] ; [0.078660981902415147]
771 ; 21 ; 194 ; 4 ; [0.28820286797682443] ; [1.6981095599506331]
771 ; 21 ; 196 ; 0 ; [1.5775634742156817] ; [0.074671551820474469]
771 ; 21 ; 196 ; 1 ; [0.22165785476946592] ; [0.25533688910844016]
771 ; 21 ; 196 ; 2 ; [0.43546854044457994] ; [0.33255521355723006]
771 ; 21 ; 196 ; 4 ; [0.52733575263262589] ; [1.0759417746542133]
771 ; 21 ; 196 ; 7 ; [0.024179857565058759] ; [1.4706799117700895]
771 ; 21 ; 197 ; 0 ; [0.18592004804931991] ; [-0.023207608149291573]
771 ; 21 ; 197 ; 1 ; [0.0017468917870098004] ; [0.21647190862799487]
771 ; 21 ; 199 ; 0 ; [0.66529270461847179] ; [0.62349767624068586]
771 ; 21 ; 201 ; 0 ; [0.65583145320827196] ; [0.072816505293563566]
771 ; 21 ; 201 ; 1 ; [1.5037048187282112] ; [0.32019635383824385]
771 ; 21 ; 201 ; 3 ; [0.65599388288210736] ; [0.38076029991818044]
771 ; 21 ; 201 ; 4 ; [0.78955509261128909] ; [0.37399064942153276]
771 ; 21 ; 201 ; 5 ; [2.6366230369020252] ; [0.35797568444662503]
771 ; 21 ; 201 ; 6 ; [7.8187541129654843] ; [0.40068809277223849]
771 ; 21 ; 201 ; 14 ; [3.5228772351829316] ; [1.9243675483484619]
771 ; 21 ; 202 ; 0 ; [0.38547583654900519] ; [0.36198857450259236]
771 ; 21 ; 202 ; 1 ; [1.9818462231771294] ; [0.41605173472156048]
771 ; 21 ; 202 ; 3 ; [0.065332607686115346] ; [0.58061039602734554]
771 ; 21 ; 202 ; 7 ; [0.061822570921937645] ; [1.5523940425544585]
771 ; 21 ; 203 ; 0 ; [0.48952262283606063] ; [0.9969085806481105]
771 ; 21 ; 204 ; 0 ; [0.13544569542756321] ; [0.11735513837945387]
771 ; 21 ; 204 ; 1 ; [1.3854313066228909] ; [0.18536832733751948]
771 ; 21 ; 204 ; 2 ; [0.2914387632932009] ; [0.048160347917498632]
771 ; 21 ; 204 ; 3 ; [0.17946448395241058] ; [-0.087433606948683656]
771 ; 21 ; 204 ; 5 ; [0.16003666434193742] ; [0.091528514056057705]
771 ; 21 ; 205 ; 0 ; [0.73516950293949312] ; [0.34150464341996695]
771 ; 21 ; 206 ; 1 ; [2.1972971088647366] ; [1.6056635857612087]
771 ; 21 ; 206 ; 3 ; [0.088292530729768448] ; [0.079955933200729509]
771 ; 21 ; 206 ; 4 ; [1.5771102119273561] ; [1.26509295843657]
771 ; 21 ; 206 ; 8 ; [1.935803191133614] ; [1.7850785618733169]
771 ; 21 ; 206 ; 14 ; [1.8018120485689106] ; [2.272956334381353]
771 ; 21 ; 209 ; 1 ; [0.097025056895655409] ; [1.6781459560653533]
771 ; 21 ; 210 ; 0 ; [-0.026180162245616475] ; [0.26579690274495199]
771 ; 21 ; 210 ; 1 ; [0.66673666299213141] ; [2.1175263383737848]
771 ; 21 ; 212 ; 0 ; [0.47993316300778066] ; [0.19462945265092213]
771 ; 21 ; 212 ; 1 ; [0.78189836556653813, 2.120616318343397] ; [0.20274764117810376, 0.19779531466372791]
771 ; 21 ; 212 ; 2 ; [0.72229914935285544] ; [0.18326491604309172]
771 ; 21 ; 212 ; 3 ; [0.44734151124478838] ; [0.15937306186050446]
771 ; 21 ; 212 ; 6 ; [0.39265660067634078] ; [0.53524267921723478]
771 ; 21 ; 212 ; 8 ; [0.39379281216877826] ; [0.11508883664137408]
771 ; 21 ; 212 ; 14 ; [0.34681192382734821] ; [1.565659171878713]
771 ; 21 ; 212 ; 16 ; [0.29043964075150003] ; [0.36102284678890328]
771 ; 21 ; 214 ; 0 ; [0.25302229624546424] ; [0.45006973542744488]
771 ; 21 ; 214 ; 1 ; [-0.011003743118532706] ; [0.99034970995347127]
771 ; 21 ; 215 ; 0 ; [0.44836226595269246] ; [-0.021216254225834459]
771 ; 21 ; 215 ; 1 ; [-0.03046869779072808] ; [0.034158408741664023]
771 ; 21 ; 215 ; 2 ; [0.29853240035624107] ; [1.3589560021545133]
771 ; 21 ; 219 ; 0 ; [2.1528549351130524] ; [0.59047943195214025]
771 ; 21 ; 219 ; 1 ; [0.26581496340914362] ; [0.42372481677624024]
771 ; 21 ; 219 ; 2 ; [0.45636260537388318] ; [1.5157629763149161]
771 ; 21 ; 219 ; 3 ; [0.27781839228935262] ; [1.6206780917850478]
771 ; 21 ; 219 ; 4 ; [0.046295694239546353] ; [0.9935481303389313]
771 ; 21 ; 221 ; 0 ; [0.53614779365637466] ; [3.5665845678040515]
771 ; 21 ; 221 ; 1 ; [1.4820717659833753] ; [0.18635280295174117]
771 ; 21 ; 222 ; 0 ; [0.89070537211901801] ; [-0.050451528282824065]
771 ; 21 ; 223 ; 0 ; [0.013167479933841019] ; [0.47891609409627534]
771 ; 21 ; 223 ; 12 ; [-0.0022419387429009905] ; [2.5262675171818638]
771 ; 21 ; 224 ; 0 ; [0.40343772811295453] ; [0.56210115967500363]
771 ; 21 ; 224 ; 1 ; [0.14679469304741719] ; [0.54621170186261259]
771 ; 21 ; 225 ; 1 ; [1.038558557557635] ; [0.74401113852238066]
771 ; 21 ; 227 ; 0 ; [-0.01772735856694432] ; [0.027296629836955504]
771 ; 21 ; 228 ; 0 ; [0.074330499338331316] ; [0.36960489371908534]
771 ; 21 ; 228 ; 1 ; [0.54562987546593256] ; [1.1567483354420542]
771 ; 21 ; 228 ; 2 ; [0.045554645243831682] ; [1.2378018317970729]
771 ; 21 ; 228 ; 3 ; [0.39672446403489331] ; [1.2835324026945396]
771 ; 21 ; 228 ; 4 ; [0.18363349214408151] ; [0.92356432113406084]
771 ; 21 ; 230 ; 0 ; [0.012238272179466915, 0.0076648448754460183] ; [0.45290769316809426, 0.86703375440598229]
771 ; 21 ; 230 ; 1 ; [2.7084758849113908] ; [1.3509367373050205]
771 ; 21 ; 232 ; 0 ; [0.37047204428367697] ; [0.34198024562058627]
771 ; 21 ; 232 ; 1 ; [-0.0029591853339851239] ; [-0.044627911115870583]
771 ; 21 ; 232 ; 5 ; [0.58469133819879615] ; [0.02842254868553732]
771 ; 21 ; 233 ; 0 ; [0.4359056268791795] ; [1.9394129679134433]
771 ; 21 ; 233 ; 2 ; [1.0058889128915227] ; [0.28197282751438035]
771 ; 21 ; 233 ; 4 ; [0.042640902408453044] ; [1.4403354071069268]
771 ; 21 ; 234 ; 0 ; [0.15891954913007444, 0.09868330494699494] ; [0.47310580969023369, 0.18616635380102775]
771 ; 21 ; 234 ; 1 ; [0.097055975233889868] ; [0.20113219230938015]
771 ; 21 ; 234 ; 2 ; [0.11748111521560867] ; [0.23770642761407781]
771 ; 21 ; 235 ; 1 ; [0.087878699916748071] ; [0.18022403705867207]
771 ; 21 ; 236 ; 0 ; [0.46436695381429072, 1.5891287408853545] ; [0.20381141366097238, 0.13834118604509535]
771 ; 21 ; 236 ; 2 ; [0.45299152329812209] ; [0.0075819946653288518]
771 ; 21 ; 236 ; 4 ; [0.13294641323365827] ; [0.04437723132174709]
771 ; 21 ; 236 ; 5 ; [0.39306905445045875] ; [0.0098995126486651486]
771 ; 21 ; 236 ; 6 ; [0.62579671154181493] ; [1.4760244958512825]
771 ; 21 ; 237 ; 0 ; [0.69135997578689701] ; [0.11824561065386879]
771 ; 21 ; 239 ; 0 ; [0.6735655430772044] ; [0.3568252642836493]
771 ; 21 ; 239 ; 1 ; [1.9814518086487198] ; [0.62230386344119681]
771 ; 21 ; 239 ; 2 ; [0.42727486276614446] ; [0.62366337252674087]
771 ; 21 ; 239 ; 3 ; [1.3641844864838424] ; [0.8257949748403336]
771 ; 21 ; 239 ; 4 ; [0.3483298595570386] ; [0.33964215109369988]
771 ; 21 ; 239 ; 5 ; [0.93177670810742441] ; [0.17109524693581762]
771 ; 21 ; 239 ; 8 ; [0.4349280372467268] ; [0.011465104191679808]
771 ; 21 ; 239 ; 9 ; [1.0502531448660239] ; [0.19182665345437686]
771 ; 21 ; 239 ; 15 ; [2.2214184939872057] ; [1.1519530538878147]
771 ; 21 ; 239 ; 16 ; [1.4038578643159416] ; [0.59867203648879974]
771 ; 21 ; 239 ; 18 ; [2.1118132241524923] ; [0.40304726648118011]
771 ; 21 ; 240 ; 0 ; [0.096231772068346336] ; [0.051128899695962494]
771 ; 21 ; 240 ; 3 ; [0.0016583593537650332] ; [0.57744020196585744]
771 ; 21 ; 241 ; 0 ; [0.7502379200386291, 1.5331482163083678] ; [0.25172927168735304, 0.92764207478742455]
771 ; 21 ; 241 ; 3 ; [1.0554099849432854] ; [0.05213711307452109]
771 ; 21 ; 242 ; 0 ; [2.548040699092208] ; [0.71309725020921866]
771 ; 21 ; 242 ; 1 ; [-0.1358864447816891] ; [-0.048293873644581674]
771 ; 21 ; 242 ; 2 ; [0.80128831871644246] ; [0.81443951821484639]
771 ; 21 ; 242 ; 3 ; [0.25498828059488599] ; [1.5737645887488094]
771 ; 21 ; 243 ; 0 ; [0.52860394086002027] ; [0.024969333684378574]
771 ; 21 ; 243 ; 1 ; [0.1816130490686691] ; [0.11911998392032341]
771 ; 21 ; 243 ; 2 ; [0.16456224584951187] ; [0.0117235972204748]
771 ; 21 ; 244 ; 1 ; [1.6009420192580028] ; [0.17368749502520733]
771 ; 21 ; 244 ; 2 ; [0.77148708685018175] ; [2.0435477442062226]
771 ; 21 ; 244 ; 4 ; [0.52955658243924297] ; [0.40330381901687867]
771 ; 21 ; 244 ; 8 ; [1.1496617164159237] ; [0.066250275318980312]
771 ; 21 ; 244 ; 9 ; [0.007726962315847543] ; [1.0649545730234529]
771 ; 21 ; 244 ; 10 ; [-0.010240528179895623] ; [0.59382329529076072]
771 ; 21 ; 244 ; 15 ; [0.11312407180050897] ; [2.1570594847507083]
771 ; 21 ; 246 ; 0 ; [0.23857590413516849] ; [0.85282980168617328]
771 ; 21 ; 246 ; 1 ; [0.041120924802926749] ; [0.23110062603000908]
771 ; 21 ; 247 ; 0 ; [0.078392217598362984] ; [1.1563011870913078]
771 ; 21 ; 248 ; 1 ; [0.21058433743554597] ; [0.27940830958695101]
771 ; 21 ; 250 ; 0 ; [0.35287187650851071] ; [0.1115830841574698]
771 ; 21 ; 250 ; 1 ; [0.092588746718653858] ; [0.084420975921043279]
771 ; 21 ; 250 ; 2 ; [2.6187261738902294] ; [1.4728947294622405]
771 ; 21 ; 251 ; 1 ; [4.2269510611183794] ; [1.7773923240616478]
771 ; 21 ; 252 ; 0 ; [0.83419444926146602] ; [0.85578069795309619]
771 ; 21 ; 252 ; 1 ; [2.5349846673580152] ; [3.2048208354400449]
771 ; 21 ; 252 ; 3 ; [1.5282177054078865] ; [-0.1071071990721026]
771 ; 21 ; 253 ; 0 ; [0.029541380738910928] ; [0.10061198379453583]
771 ; 21 ; 253 ; 1 ; [1.7788990198055925] ; [1.6491566686119639]
771 ; 21 ; 254 ; 0 ; [0.17935890638443563] ; [1.1621486194570749]
771 ; 21 ; 254 ; 1 ; [0.413255531878295] ; [0.3779307685790379]
771 ; 21 ; 254 ; 2 ; [0.038661805310108377] ; [1.531646229165756]
771 ; 21 ; 255 ; 0 ; [-0.0023931631670147543] ; [0.079745821198755604]
771 ; 21 ; 257 ; 0 ; [0.11592649975879461] ; [0.0096076085823530912]
771 ; 21 ; 257 ; 1 ; [-0.10264164201962697] ; [0.9539768432126402]
771 ; 21 ; 258 ; 3 ; [-0.0015994250838485423] ; [0.93035790754812642]
771 ; 21 ; 264 ; 0 ; [0.045679497585212434] ; [0.37144108216335459]
771 ; 21 ; 264 ; 2 ; [1.5338798040841193] ; [1.1854582074681015]
771 ; 21 ; 266 ; 0 ; [-0.11995151547660643] ; [1.491641770001241]
771 ; 21 ; 266 ; 1 ; [0.096519923366279875] ; [0.59035149777902884]
771 ; 21 ; 267 ; 1 ; [0.25124976387635223] ; [0.18822138081573092]
771 ; 21 ; 267 ; 3 ; [0.063073806485462861] ; [0.20741193703598917]
771 ; 21 ; 267 ; 6 ; [0.062708893451233996] ; [0.49115504951652073]
771 ; 21 ; 268 ; 0 ; [0.042950772924931775] ; [0.009324978914936102]
771 ; 21 ; 268 ; 3 ; [0.10873469763789419] ; [0.059630732643984712]
771 ; 21 ; 268 ; 9 ; [0.47162683809578382] ; [0.3365101511866897]
771 ; 21 ; 268 ; 10 ; [0.37936866552269694] ; [0.25205606503969413]
771 ; 21 ; 270 ; 0 ; [0.52177771419454788] ; [0.23645305370230185]
771 ; 21 ; 270 ; 1 ; [1.338757981746834] ; [0.56915277972291478]
771 ; 21 ; 270 ; 3 ; [0.24624089086817702] ; [1.0012687328789007]
771 ; 21 ; 270 ; 4 ; [1.5642937249786193] ; [0.0096598253159921616]
771 ; 21 ; 270 ; 7 ; [0.059016992846174135] ; [0.099063840363167371]
771 ; 21 ; 271 ; 0 ; [0.12171426538017963, 0.01376787556373186] ; [0.32805743874511639, 0.089152292054145002]
771 ; 21 ; 271 ; 1 ; [0.5782238304699191] ; [0.016707851919270454]
771 ; 21 ; 271 ; 2 ; [9.2208342720736525] ; [7.073495344709098]
771 ; 21 ; 274 ; 0 ; [0.049040970765577563] ; [-0.080828096148646278]
771 ; 21 ; 275 ; 0 ; [0.22511140930540549] ; [0.34927021885044429]
771 ; 21 ; 275 ; 1 ; [0.011040770042764683] ; [0.082156766883191318]
771 ; 21 ; 275 ; 2 ; [0.33573964423768959] ; [0.11620363708489814]
771 ; 21 ; 276 ; 0 ; [0.57843684744042478] ; [1.509259167062069]
771 ; 21 ; 276 ; 1 ; [0.30942751693492149] ; [0.21661170813247049]
771 ; 21 ; 276 ; 4 ; [0.24633635405621956] ; [0.15620278895110887]
771 ; 21 ; 276 ; 7 ; [0.49910051896906421] ; [1.4574320473257312]
771 ; 21 ; 276 ; 8 ; [1.3371669947431282] ; [2.6584754271025477]
771 ; 21 ; 276 ; 10 ; [1.7995163042272457] ; [1.1930711083150782]
771 ; 21 ; 276 ; 14 ; [0.87733616691408378] ; [1.0176961374985718]
771 ; 21 ; 279 ; 0 ; [0.057647081497574762] ; [-0.065937594411707642]
771 ; 21 ; 281 ; 0 ; [2.6089849257189393] ; [0.38975201692949007]
771 ; 21 ; 281 ; 3 ; [1.8962323371640715] ; [1.2564947448293449]
771 ; 21 ; 281 ; 10 ; [1.1670619699803597] ; [1.5806967583857643]
771 ; 21 ; 281 ; 12 ; [0.87399040636837699] ; [1.7043834107690563]
771 ; 21 ; 282 ; 0 ; [0.027165909982568605] ; [-0.15803920197782087]
771 ; 21 ; 283 ; 0 ; [0.1541665234689108] ; [0.47018445314226665]
771 ; 21 ; 283 ; 1 ; [2.157599554288633] ; [1.7365295023223228]
771 ; 21 ; 285 ; 0 ; [0.71345386912729369] ; [0.38069547101108275]
771 ; 21 ; 285 ; 1 ; [0.69451506471726776] ; [0.59426427436629736]
771 ; 21 ; 285 ; 2 ; [1.0050662570477409] ; [0.83109424310649749]
771 ; 21 ; 285 ; 3 ; [0.86303086363718651] ; [0.65472344744245414]
771 ; 21 ; 285 ; 4 ; [0.79783448835246495] ; [1.2080358407243994]
771 ; 21 ; 285 ; 6 ; [0.42023214231242956] ; [1.5462353124927553]
771 ; 21 ; 285 ; 8 ; [2.9125186181580505] ; [1.5997985951182669]
771 ; 21 ; 286 ; 0 ; [0.20268808212315792] ; [0.027194438420367346]
771 ; 21 ; 287 ; 1 ; [1.0414243529084646] ; [0.92039987468313966]
771 ; 21 ; 288 ; 0 ; [1.7957525223824433] ; [1.5105324805146756]
771 ; 21 ; 288 ; 5 ; [1.6590762149116416] ; [1.9703847792551472]
771 ; 21 ; 288 ; 6 ; [2.1584425499197102] ; [1.7080643713386932]
771 ; 21 ; 288 ; 7 ; [1.7722221256028041] ; [1.6605928385697426]
771 ; 21 ; 289 ; 0 ; [2.6842190836281348] ; [2.6059070417328383]
771 ; 21 ; 289 ; 1 ; [0.63659442265234534, 6.9575010068394159] ; [-0.011322724491431395, 0.059865417983422278]
771 ; 21 ; 289 ; 2 ; [13.352184238579266] ; [2.0132410545004391]
771 ; 21 ; 289 ; 3 ; [0.48634042909311831] ; [0.81135088397957034]
771 ; 21 ; 289 ; 4 ; [1.6686154788794589] ; [0.97793232453535084]
771 ; 21 ; 289 ; 5 ; [1.5708974381438034] ; [1.1349006593440218]
771 ; 21 ; 289 ; 7 ; [0.37003349969797705] ; [1.478201615270933]
771 ; 21 ; 289 ; 8 ; [2.7679143079426001] ; [2.5229592246578032]
771 ; 21 ; 289 ; 12 ; [0.096109489447925842] ; [0.82215030394640731]
771 ; 21 ; 289 ; 16 ; [0.3680710715843733] ; [1.6940257872799851]
771 ; 21 ; 289 ; 17 ; [0.40038873572308925] ; [1.6361174321094649]
771 ; 21 ; 293 ; 1 ; [0.30854982492791894] ; [0.67523019578852406]
771 ; 21 ; 293 ; 2 ; [0.12063726782924068] ; [0.43599530730913943]
771 ; 21 ; 295 ; 1 ; [1.7532107613606969] ; [1.5221268033803761]
771 ; 21 ; 295 ; 2 ; [1.5975453131403634] ; [0.4902798055338457]
771 ; 21 ; 296 ; 0 ; [5.8315170186156209] ; [1.1419570080582422]
771 ; 21 ; 296 ; 1 ; [4.7715911269118862] ; [1.4687916516632893]
771 ; 21 ; 297 ; 0 ; [0.16584214218802126] ; [0.098330168120989631]
771 ; 21 ; 297 ; 1 ; [0.4198660115003679] ; [0.032174564225667904]
771 ; 21 ; 298 ; 0 ; [0.071030590942449331] ; [0.024114106741953693]
771 ; 21 ; 298 ; 1 ; [0.19857663753109608] ; [-0.015043227779089476]
771 ; 21 ; 301 ; 0 ; [0.48326325187199959] ; [0.41869214112659064]
771 ; 21 ; 301 ; 3 ; [0.61929370530616212] ; [0.3231734132916278]
771 ; 21 ; 302 ; 0 ; [0.11957893969989408] ; [0.042930290140549783]
771 ; 21 ; 303 ; 0 ; [0.22926271854266667] ; [0.26661675502986815]
771 ; 21 ; 303 ; 1 ; [0.014849077557292579] ; [1.0076350915165622]
771 ; 21 ; 303 ; 2 ; [1.9249518779169321] ; [0.32650924279013827]
771 ; 21 ; 304 ; 1 ; [0.22044759518394599] ; [0.20765009135224327]
771 ; 21 ; 304 ; 2 ; [0.0014693858202019805] ; [0.3226639958666177]
771 ; 21 ; 304 ; 3 ; [0.65042562267731219] ; [0.15796735047241281]
771 ; 21 ; 304 ; 4 ; [-0.001279037980888212] ; [0.31677295279253903]
771 ; 21 ; 304 ; 6 ; [0.89698672163132698] ; [-0.033810648454430874]
771 ; 21 ; 305 ; 1 ; [0.2074116096374751] ; [0.93728972590176451]
771 ; 21 ; 305 ; 4 ; [0.19620943127538215] ; [-0.013984221598823699]
771 ; 21 ; 306 ; 0 ; [1.9722979813683794] ; [0.10306944708187851]
771 ; 21 ; 306 ; 1 ; [0.91488979394062908] ; [0.43392312996648985]
771 ; 21 ; 306 ; 2 ; [1.445703898219435] ; [1.2397637848859502]
771 ; 21 ; 306 ; 7 ; [0.0076038523875509188] ; [2.4041293301404267]
771 ; 21 ; 308 ; 1 ; [0.027184789376388654] ; [0.052493048231759709]
771 ; 21 ; 309 ; 0 ; [0.228805312962509, 0.047263375824491742] ; [0.035682669114634698, 0.22918978454702849]
771 ; 21 ; 310 ; 0 ; [2.1543518033861719] ; [2.3081983437607194]
771 ; 21 ; 311 ; 0 ; [0.095247215312454864] ; [0.22755926091918974]
771 ; 21 ; 312 ; 0 ; [0.32169980004234999] ; [0.16182008402660447]
771 ; 21 ; 312 ; 1 ; [0.22413311243131837] ; [0.3254179212690515]
771 ; 21 ; 312 ; 3 ; [0.69633794709793551] ; [0.54485376914395856]
771 ; 21 ; 312 ; 7 ; [1.2846023969135685] ; [0.062106372303546792]
771 ; 21 ; 314 ; 0 ; [0.048597540421488644] ; [0.43204244391141]
771 ; 21 ; 314 ; 1 ; [0.27628858142604601] ; [0.99967232559523655]
771 ; 21 ; 315 ; 0 ; [0.768083068728595] ; [0.48808218253527713]
771 ; 21 ; 315 ; 1 ; [0.24923043700900069] ; [0.017427571140467248]
771 ; 21 ; 315 ; 4 ; [2.9131972305908476] ; [2.5920232967460648]
771 ; 21 ; 317 ; 0 ; [0.4271812329325142] ; [0.14364501503249361]
771 ; 21 ; 317 ; 1 ; [0.4897281797185149] ; [0.027122344260324564]
771 ; 21 ; 317 ; 3 ; [0.60335753254883395] ; [0.062019935313672607]
771 ; 21 ; 317 ; 4 ; [0.22853247022437054] ; [0.27744390802073238]
771 ; 21 ; 317 ; 10 ; [0.086095089692395294] ; [0.26692447434003463]
771 ; 21 ; 320 ; 0 ; [0.81120116601521897] ; [1.2361323096642305]
771 ; 21 ; 320 ; 1 ; [0.45513288071745089] ; [2.7811167598876643]
771 ; 21 ; 320 ; 4 ; [1.9001992339195404] ; [3.4809200674000764]
771 ; 21 ; 320 ; 5 ; [2.169415403275174] ; [1.9594648405614004]
771 ; 21 ; 321 ; 0 ; [0.075696770111769535] ; [0.34244770997939639]
771 ; 21 ; 322 ; 0 ; [0.09384026793197936] ; [0.19192167800755716]
771 ; 21 ; 323 ; 0 ; [0.75585802289000192] ; [0.34790088089698656]
771 ; 21 ; 324 ; 0 ; [0.017684987993415498] ; [0.36103954609607042]
771 ; 21 ; 324 ; 1 ; [0.30773061574340077] ; [0.049015555701572948]
771 ; 21 ; 324 ; 2 ; [0.28995058081384295] ; [0.3849762517770221]
771 ; 21 ; 324 ; 3 ; [0.59272898411744068] ; [2.678126776796482]
771 ; 21 ; 324 ; 4 ; [0.18932648354383713] ; [1.4977451620593663]
771 ; 21 ; 324 ; 6 ; [0.05858670408431145] ; [0.46534268748552043]
771 ; 21 ; 324 ; 7 ; [0.099585047988755976] ; [0.84022589311402862]
771 ; 21 ; 325 ; 0 ; [4.8977823364411073] ; [0.37331566030399749]
771 ; 21 ; 325 ; 1 ; [1.9617709710487437] ; [1.7826186404887112]
771 ; 21 ; 325 ; 2 ; [1.780606276219328] ; [3.6246476386168345]
771 ; 21 ; 325 ; 4 ; [1.9157096440778758] ; [0.86254538464713593]
771 ; 21 ; 325 ; 6 ; [1.7967986858884046] ; [0.010604356062105616]
771 ; 21 ; 325 ; 8 ; [1.4017560320512144] ; [4.6216572683474784]
771 ; 21 ; 326 ; 0 ; [2.0241719601488857] ; [0.46285938694212148]
771 ; 21 ; 326 ; 1 ; [0.081588985250016455] ; [0.013467292358190283]
771 ; 21 ; 327 ; 0 ; [0.095262154610587069] ; [0.36950660598603063]
771 ; 21 ; 328 ; 1 ; [0.21276290438025888] ; [0.27829204500351495]
771 ; 21 ; 328 ; 2 ; [0.045939535871188729] ; [2.6482518628147464]
771 ; 21 ; 329 ; 0 ; [0.45002221646512858] ; [0.2747547022247272]
771 ; 21 ; 329 ; 1 ; [1.7913535165317165] ; [0.17650126290778645]
771 ; 21 ; 329 ; 3 ; [1.0130360410074664] ; [0.36891995959793478]
771 ; 21 ; 329 ; 10 ; [0.60534079315016998] ; [0.5347146627313385]
771 ; 21 ; 329 ; 11 ; [2.5015906056460353] ; [0.36214624505669057]
771 ; 21 ; 329 ; 17 ; [1.3686731808041719] ; [0.010599576912979487]
771 ; 21 ; 330 ; 0 ; [0.048543832828450477] ; [0.35608601540711421]
771 ; 21 ; 331 ; 0 ; [-0.02311396909946534, 0.01039198256001145] ; [0.039387069544381231, -0.020222131304175887]
771 ; 21 ; 332 ; 0 ; [0.0086009869316372809] ; [0.12380962100710974]
771 ; 21 ; 333 ; 0 ; [1.2775285861509011, 0.033316985552759935] ; [-0.010161786980850367, 0.055487980742688452]
771 ; 21 ; 334 ; 0 ; [0.49218887587675886, 0.097137873574034181] ; [0.55920978878149363, 0.18033694590448199]