# Run ; Subrun ; Event ; Track ; Charge Ratios View 0 ; Charge Ratios View 1 #
771 ; 24 ; 0 ; 0 ; [1.5357561808431819] ; [4.2437292243239808]
771 ; 24 ; 0 ; 2 ; [0.12035051344298471] ; [1.7947319639780384]
771 ; 24 ; 2 ; 0 ; [0.46181733028635558] ; [1.6001555884934782]
771 ; 24 ; 2 ; 1 ; [2.235616760220426] ; [0.94707302754744671]
771 ; 24 ; 2 ; 2 ; [2.9028201705513395] ; [0.91127479978532566]
771 ; 24 ; 2 ; 7 ; [2.3989107914715602] ; [2.2998600810376368]
771 ; 24 ; 2 ; 8 ; [2.029703109867528] ; [2.1195779207223779]
771 ; 24 ; 2 ; 11 ; [2.6119868676128197] ; [2.9921163037095448]
771 ; 24 ; 2 ; 16 ; [2.2023640514796816] ; [3.5653028547720456]
771 ; 24 ; 3 ; 0 ; [0.14694376694893221] ; [0.58221943106165031]
771 ; 24 ; 4 ; 0 ; [0.13405016057006069] ; [0.094222565538997716]
771 ; 24 ; 4 ; 1 ; [0.17050980398768215] ; [0.060369283803735227]
771 ; 24 ; 4 ; 3 ; [3.3093142665251278] ; [1.5118084480355614]
771 ; 24 ; 4 ; 4 ; [1.0200742156929463] ; [1.3952878616314683]
771 ; 24 ; 4 ; 5 ; [1.5833657425360472] ; [1.7852991944795984]
771 ; 24 ; 4 ; 8 ; [2.2631549806751279] ; [1.237547681866072]
771 ; 24 ; 4 ; 10 ; [0.14216066849567235] ; [1.3876438757738123]
771 ; 24 ; 4 ; 13 ; [0.075237236099101157] ; [0.62631194255029177]
771 ; 24 ; 4 ; 17 ; [1.800200500075378] ; [1.0124676709999467]
771 ; 24 ; 5 ; 1 ; [0.12828647426470272] ; [0.47779792084967104]
771 ; 24 ; 9 ; 0 ; [-0.045310184794011908] ; [0.013452453195531266]
771 ; 24 ; 10 ; 1 ; [4.8020678233912468] ; [1.3525562165322096]
771 ; 24 ; 10 ; 2 ; [3.5831164989809885] ; [1.839142627984907]
771 ; 24 ; 10 ; 4 ; [-0.060597998889256197] ; [2.8873839471219536]
771 ; 24 ; 10 ; 11 ; [-0.037443617136342727] ; [0.76693624452876086]
771 ; 24 ; 11 ; 0 ; [0.15661500873042136] ; [0.35277514348771566]
771 ; 24 ; 12 ; 0 ; [0.25666471949737224] ; [0.57294312940919057]
771 ; 24 ; 12 ; 1 ; [3.1970409337287187] ; [0.19516306893670868]
771 ; 24 ; 13 ; 0 ; [0.0039906353317785224] ; [-0.14868068682389651]
771 ; 24 ; 14 ; 0 ; [0.44640306899362775] ; [0.11566541731044318]
771 ; 24 ; 18 ; 0 ; [0.015182627129367516] ; [0.38705973794901083]
771 ; 24 ; 18 ; 1 ; [0.13374611168229836] ; [1.5268477246894967]
771 ; 24 ; 19 ; 0 ; [0.48707608737796004] ; [0.92217228597775303]
771 ; 24 ; 19 ; 1 ; [0.04836812443335782] ; [0.66568969032975112]
771 ; 24 ; 19 ; 4 ; [0.49653547577356227] ; [6.0845811145415132]
771 ; 24 ; 20 ; 0 ; [0.39138395726414993] ; [0.11990496887734674]
771 ; 24 ; 23 ; 0 ; [0.0090223634991774045] ; [-0.015101301254898071]
771 ; 24 ; 24 ; 0 ; [0.42165387633265433] ; [-0.044475965121012623]
771 ; 24 ; 24 ; 1 ; [0.20111514419518611] ; [0.61181975145286183]
771 ; 24 ; 24 ; 2 ; [0.26975778059200139] ; [1.3836046299439675]
771 ; 24 ; 25 ; 0 ; [0.81460766526669648] ; [0.069955204964183504]
771 ; 24 ; 25 ; 1 ; [1.1191404164972047] ; [0.36427912419835884]
771 ; 24 ; 25 ; 4 ; [1.301793303344259] ; [0.57030493304264007]
771 ; 24 ; 25 ; 5 ; [2.5610438151219364] ; [0.24144131741390318]
771 ; 24 ; 25 ; 6 ; [1.1563257123865376] ; [1.2000629548624429]
771 ; 24 ; 25 ; 8 ; [1.1811766470639102] ; [1.6174485032790362]
771 ; 24 ; 25 ; 9 ; [0.65839884584524722] ; [0.17497720843329323]
771 ; 24 ; 30 ; 0 ; [0.52586328948202532] ; [0.19776086678420515]
771 ; 24 ; 30 ; 2 ; [1.5768334858338282] ; [0.0013321661499275225]
771 ; 24 ; 30 ; 3 ; [4.069906678403223] ; [0.39770724422300474]
771 ; 24 ; 30 ; 4 ; [2.0762405458383828] ; [1.8998446451769528]
771 ; 24 ; 30 ; 7 ; [0.34397229272719826] ; [0.95099191800902816]
771 ; 24 ; 30 ; 8 ; [0.031535139630300649] ; [0.02949734816374884]
771 ; 24 ; 33 ; 0 ; [2.5148607030360819] ; [0.13755560214668897]
771 ; 24 ; 33 ; 1 ; [1.9731324908589518] ; [2.5913976280372051]
771 ; 24 ; 33 ; 2 ; [0.21356580360111901] ; [0.15013818186750205]
771 ; 24 ; 33 ; 3 ; [-0.00066603784312073617] ; [0.35566102139027289]
771 ; 24 ; 33 ; 4 ; [0.36140439337072539] ; [1.1663658098535985]
771 ; 24 ; 34 ; 0 ; [-0.020153293901170554] ; [-0.15507552644740188]
771 ; 24 ; 37 ; 0 ; [0.00068943271879801386] ; [2.5003862809588645e-05]
771 ; 24 ; 37 ; 1 ; [0.011814640126140611] ; [-0.0014518202538641161]
771 ; 24 ; 37 ; 2 ; [0.048251506445925831] ; [0.0039722856477175618]
771 ; 24 ; 39 ; 1 ; [0.78840952928952102] ; [0.63549143786470585]
771 ; 24 ; 39 ; 2 ; [0.41325516026103104] ; [0.15169249769486998]
771 ; 24 ; 39 ; 3 ; [-0.019783885873823372] ; [0.35118181305206092]
771 ; 24 ; 39 ; 7 ; [3.8145724588925867] ; [5.8423076053370933]
771 ; 24 ; 42 ; 0 ; [0.21423182662216822] ; [-0.016219755135205051]
771 ; 24 ; 43 ; 0 ; [-0.018627996955775428] ; [0.25556806713884356]
771 ; 24 ; 43 ; 1 ; [0.43546343784385616] ; [0.74156390717564091]
771 ; 24 ; 44 ; 0 ; [0.026622898867034322] ; [0.23348056980474444]
771 ; 24 ; 45 ; 1 ; [0.98532711534337181] ; [9.3778656310937283]
771 ; 24 ; 45 ; 2 ; [1.4889268898315189, 1.6482298325529945] ; [2.2776797563319819, 0.7016204147414683]
771 ; 24 ; 45 ; 3 ; [1.6936283638335246] ; [0.21640014471541555]
771 ; 24 ; 45 ; 4 ; [2.9702704784092551] ; [1.2540417148780216]
771 ; 24 ; 45 ; 6 ; [0.81459493553152273] ; [0.60065718155706027]
771 ; 24 ; 45 ; 8 ; [1.1453038823979171] ; [0.86443168127772219]
771 ; 24 ; 45 ; 9 ; [3.3625497662951664] ; [0.72991179595207201]
771 ; 24 ; 45 ; 10 ; [1.8313592810526091] ; [1.9435375556769514]
771 ; 24 ; 45 ; 11 ; [1.0180434008105854] ; [0.73562826130814474]
771 ; 24 ; 45 ; 12 ; [1.7145083060960302] ; [1.3879787564227766]
771 ; 24 ; 45 ; 17 ; [1.1209850505479115] ; [0.94678271767527222]
771 ; 24 ; 45 ; 18 ; [0.96149009499895755] ; [0.68352001290170117]
771 ; 24 ; 48 ; 0 ; [0.005356733899007044] ; [-0.053980849323034569]
771 ; 24 ; 50 ; 0 ; [2.1818320763010073] ; [3.1700453183073485]
771 ; 24 ; 52 ; 0 ; [1.5943277128268991] ; [0.76228649258906578]
771 ; 24 ; 52 ; 1 ; [0.75236453869201314] ; [0.79823999418073754]
771 ; 24 ; 52 ; 3 ; [0.23664641578762194] ; [0.80798656647964495]
771 ; 24 ; 52 ; 4 ; [0.079940088628142017, -0.010856097105914521] ; [0.37597804855845635, 0.002694382978287261]
771 ; 24 ; 52 ; 6 ; [5.704811273165622] ; [1.2761638370200719]
771 ; 24 ; 55 ; 0 ; [0.11844970386251703] ; [0.38518484252342988]
771 ; 24 ; 55 ; 1 ; [0.37915005836586868] ; [0.072350966800251659]
771 ; 24 ; 55 ; 5 ; [3.2171815285925383] ; [2.8887799903133518]
771 ; 24 ; 56 ; 0 ; [0.0078003200321695547] ; [-0.071039388692109184]
771 ; 24 ; 57 ; 0 ; [0.061696544473901278] ; [0.077050145491075028]
771 ; 24 ; 58 ; 0 ; [0.49205224293000405] ; [0.11030805303959763]
771 ; 24 ; 58 ; 1 ; [0.24867421187621358] ; [0.73935499809524607]
771 ; 24 ; 58 ; 2 ; [0.73263560249331205] ; [0.3298776754840545]
771 ; 24 ; 58 ; 4 ; [1.3033125847192502] ; [0.30620127510413736]
771 ; 24 ; 58 ; 5 ; [0.017463001434904965] ; [-0.030947901963055545]
771 ; 24 ; 58 ; 6 ; [0.80206945498671101] ; [2.2796041906117201]
771 ; 24 ; 61 ; 0 ; [0.77737302370955408] ; [1.5639507011436642]
771 ; 24 ; 61 ; 1 ; [0.35446958204089396] ; [0.23191534417363796]
771 ; 24 ; 61 ; 3 ; [0.70365898608070265] ; [0.92349949883675919]
771 ; 24 ; 61 ; 5 ; [1.2675448007297401] ; [1.1500565446980038]
771 ; 24 ; 61 ; 11 ; [-0.0019232767900645349] ; [-0.0096276822488729433]
771 ; 24 ; 62 ; 0 ; [0.41371935081827771] ; [0.039288298009843743]
771 ; 24 ; 62 ; 1 ; [0.077129730963117885] ; [0.27072219992325103]
771 ; 24 ; 63 ; 1 ; [0.13018297077182608] ; [0.13135390638971517]
771 ; 24 ; 63 ; 2 ; [-0.021688057950058674] ; [0.056776595740633706]
771 ; 24 ; 63 ; 4 ; [0.15912502673736903] ; [0.24848048674288667]
771 ; 24 ; 65 ; 0 ; [2.9171305281445097] ; [0.42852360391345623]
771 ; 24 ; 66 ; 0 ; [0.14301440478042748] ; [0.44338390034991393]
771 ; 24 ; 66 ; 1 ; [0.028119914598837822] ; [0.96593150989887122]
771 ; 24 ; 66 ; 2 ; [0.31503242981930835] ; [0.079197765618304716]
771 ; 24 ; 67 ; 0 ; [0.043259524526182903] ; [0.07215089326267804]
771 ; 24 ; 67 ; 1 ; [0.29890273410528256] ; [-0.030021719808956224]
771 ; 24 ; 68 ; 0 ; [2.306371810146759] ; [0.63515255253463021]
771 ; 24 ; 68 ; 4 ; [1.0447076414297958] ; [2.527738602148065]
771 ; 24 ; 69 ; 0 ; [0.39902132948675584] ; [0.19246750043015101]
771 ; 24 ; 71 ; 2 ; [0.043874412442253832] ; [1.3345995738772074]
771 ; 24 ; 72 ; 0 ; [0.72162855813234317] ; [0.25062336438893512]
771 ; 24 ; 72 ; 2 ; [0.54686424406659451] ; [1.6032110868866991]
771 ; 24 ; 74 ; 0 ; [0.38956678130038003] ; [0.17047622820844446]
771 ; 24 ; 74 ; 3 ; [-0.0049656988121635649] ; [0.03697604181521346]
771 ; 24 ; 74 ; 4 ; [0.068440224594273083] ; [0.82435301805445849]
771 ; 24 ; 74 ; 6 ; [0.2017865707748191] ; [0.15661148878417833]
771 ; 24 ; 74 ; 16 ; [0.036597392917193397] ; [0.25628098686476003]
771 ; 24 ; 75 ; 0 ; [0.26018065131471857] ; [-0.012627730267657393]
771 ; 24 ; 76 ; 0 ; [1.9232297102048677] ; [0.50028484686810792]
771 ; 24 ; 76 ; 1 ; [0.60387651616159888, 1.0762426524074757] ; [1.717321587948341, 4.0873508937986545]
771 ; 24 ; 76 ; 2 ; [2.3821152733508635] ; [0.42965755271266265]
771 ; 24 ; 76 ; 3 ; [1.7207317225388012] ; [1.8837280249114201]
771 ; 24 ; 76 ; 4 ; [4.4625160876102612] ; [2.285536728395491]
771 ; 24 ; 76 ; 5 ; [2.1605837948268718] ; [2.6448224971428824]
771 ; 24 ; 76 ; 6 ; [0.6205013554062071] ; [3.4620143364371962]
771 ; 24 ; 76 ; 7 ; [1.3749226497813014] ; [2.0585104240799437]
771 ; 24 ; 76 ; 9 ; [2.4696669845314259] ; [2.3872547241334936]
771 ; 24 ; 76 ; 10 ; [2.5735218230797403] ; [0.73897539177614269]
771 ; 24 ; 76 ; 11 ; [1.7122725882674874] ; [3.1791748111580298]
771 ; 24 ; 76 ; 12 ; [2.686126759463165] ; [0.69844418215644222]
771 ; 24 ; 76 ; 14 ; [2.6038874545484658] ; [3.0034823538593893]
771 ; 24 ; 76 ; 18 ; [5.4287178328067114] ; [5.0765131085912536]
771 ; 24 ; 76 ; 20 ; [1.0934829765844472] ; [4.7987499492362851]
771 ; 24 ; 76 ; 21 ; [1.5712097965984992] ; [1.0565186637096853]
771 ; 24 ; 76 ; 25 ; [6.3477817907044143] ; [2.0427404964052527]
771 ; 24 ; 76 ; 27 ; [2.9260046032609295] ; [1.0768896514306265]
771 ; 24 ; 76 ; 30 ; [1.3015847426184726] ; [0.72198444753064139]
771 ; 24 ; 76 ; 31 ; [2.5236692633965045] ; [0.8150892063543802]
771 ; 24 ; 76 ; 32 ; [1.1907806003141481] ; [2.0946635768226809]
771 ; 24 ; 76 ; 33 ; [2.3212560093068411] ; [1.1746967829433588]
771 ; 24 ; 76 ; 34 ; [2.4376368237635084] ; [4.3281146641290498]
771 ; 24 ; 76 ; 35 ; [2.1141584730743603] ; [5.5327537463194085]
771 ; 24 ; 76 ; 36 ; [1.9067478545310206] ; [0.37677105646514786]
771 ; 24 ; 76 ; 37 ; [1.884551422653246] ; [2.0795663355621059]
771 ; 24 ; 76 ; 38 ; [2.465203435282016] ; [4.4158541949251902]
771 ; 24 ; 76 ; 39 ; [3.9569294403276949] ; [2.1772056758929765]
771 ; 24 ; 76 ; 41 ; [1.2333521813995996] ; [3.9038401843189696]
771 ; 24 ; 76 ; 47 ; [3.4982682757900272] ; [2.7349366354627223]
771 ; 24 ; 76 ; 52 ; [2.0444180717501887] ; [1.2564616254901493]
771 ; 24 ; 76 ; 53 ; [1.9434682399668519] ; [2.8858514862413625]
771 ; 24 ; 77 ; 0 ; [1.9500345807515875] ; [1.7367326054009118]
771 ; 24 ; 77 ; 1 ; [0.20153677915566662] ; [1.3318007725970049]
771 ; 24 ; 77 ; 2 ; [0.06536680610038996] ; [1.7784109340891541]
771 ; 24 ; 77 ; 3 ; [0.92789070171519694] ; [3.0522403012670036]
771 ; 24 ; 77 ; 4 ; [0.16671762951935007] ; [1.9420959450162838]
771 ; 24 ; 77 ; 5 ; [-0.029977355547820474] ; [1.527846634718403]
771 ; 24 ; 78 ; 1 ; [1.7917633552581524] ; [0.98724169471605383]
771 ; 24 ; 78 ; 2 ; [0.79369973516048631] ; [0.30396514488593479]
771 ; 24 ; 78 ; 3 ; [0.019945065702118257] ; [0.040715156028883544]
771 ; 24 ; 78 ; 5 ; [0.27656476522035589] ; [3.9468643246043764]
771 ; 24 ; 78 ; 6 ; [1.4298123390517574] ; [2.6075548097549834]
771 ; 24 ; 80 ; 0 ; [0.69082453569662261] ; [0.072639597321007943]
771 ; 24 ; 80 ; 1 ; [0.18737540210863954] ; [0.03148358209108295]
771 ; 24 ; 80 ; 2 ; [0.35597568739470148] ; [0.61702924909321999]
771 ; 24 ; 80 ; 3 ; [0.28187739338088219] ; [0.2408571457674667]
771 ; 24 ; 80 ; 4 ; [0.54374037311109269] ; [0.012875594811490983]
771 ; 24 ; 80 ; 5 ; [0.15461593094186701] ; [0.14090232641663217]
771 ; 24 ; 80 ; 6 ; [0.56384216169872792] ; [0.015815580761078234]
771 ; 24 ; 80 ; 9 ; [0.033740411738835359] ; [0.11727576527225959]
771 ; 24 ; 84 ; 0 ; [-0.012422070222322674] ; [-0.021291981033149249]
771 ; 24 ; 84 ; 1 ; [1.1540633204099748] ; [0.53654727130331048]
771 ; 24 ; 84 ; 2 ; [0.28395109346885905] ; [1.3445464726804226]
771 ; 24 ; 84 ; 4 ; [0.27222415441255854] ; [1.0178248573582152]
771 ; 24 ; 85 ; 0 ; [0.19824654661675362] ; [0.14435759182927752]
771 ; 24 ; 85 ; 1 ; [0.53665478294535063] ; [0.30117324243643212]
771 ; 24 ; 85 ; 2 ; [0.66808319354060652] ; [0.061978693791714765]
771 ; 24 ; 89 ; 0 ; [1.3119515914430728] ; [0.037083479317800386]
771 ; 24 ; 89 ; 1 ; [0.4150032546848938] ; [0.13541668022619624]
771 ; 24 ; 89 ; 2 ; [0.00097850621813368351] ; [0.063104262849363282]
771 ; 24 ; 89 ; 3 ; [1.1776801846062879] ; [0.48903128659681117]
771 ; 24 ; 89 ; 6 ; [-0.02334370001145597] ; [0.4072635354683698]
771 ; 24 ; 91 ; 0 ; [1.8374338824296763] ; [1.0886074645366268]
771 ; 24 ; 91 ; 1 ; [1.940628451672423] ; [0.53421631347665488]
771 ; 24 ; 91 ; 2 ; [2.9919144707562095] ; [2.6300062077970456]
771 ; 24 ; 91 ; 3 ; [1.7340931605788794] ; [1.4792151773366162]
771 ; 24 ; 91 ; 4 ; [2.0664627932216053] ; [2.5460196060472011]
771 ; 24 ; 91 ; 5 ; [3.3128742142736289] ; [1.9588074060356206]
771 ; 24 ; 91 ; 6 ; [2.0238894270382786] ; [3.1587561226872194]
771 ; 24 ; 91 ; 8 ; [1.6517238907163825] ; [3.0683985138771681]
771 ; 24 ; 91 ; 9 ; [1.0028322595327086] ; [2.3815813343522727]
771 ; 24 ; 91 ; 10 ; [1.5066569121029092] ; [1.1633314249762505]
771 ; 24 ; 91 ; 11 ; [6.0346614192970014] ; [1.6330576023064984]
771 ; 24 ; 91 ; 12 ; [1.6011505225823708, 1.490460268973463] ; [0.81191989555034438, 2.6130913322004914]
771 ; 24 ; 91 ; 13 ; [0.80845250912373678] ; [1.6256186034837201]
771 ; 24 ; 91 ; 14 ; [1.2048049795332223] ; [1.890000364206794]
771 ; 24 ; 91 ; 15 ; [1.1701444193997448] ; [1.8508443492914521]
771 ; 24 ; 91 ; 18 ; [6.565391827767658] ; [1.7688811708308125]
771 ; 24 ; 91 ; 19 ; [1.0467956432996393] ; [2.5292121706351285]
771 ; 24 ; 91 ; 20 ; [1.7837581269039384] ; [1.7069304559203806]
771 ; 24 ; 91 ; 22 ; [1.2979732778004207] ; [2.0001731572788586]
771 ; 24 ; 91 ; 23 ; [2.3943824075338664] ; [2.5183363586062182]
771 ; 24 ; 91 ; 26 ; [3.0196541928376739] ; [2.0074354977249271]
771 ; 24 ; 91 ; 28 ; [1.1300892888968219] ; [0.58412491906982333]
771 ; 24 ; 91 ; 30 ; [4.0453542535359546] ; [2.060958719680738]
771 ; 24 ; 91 ; 34 ; [2.7168050707877591] ; [2.9660507071679714]
771 ; 24 ; 91 ; 38 ; [0.99310532026016729] ; [2.5661489567430089]
771 ; 24 ; 91 ; 40 ; [3.2672703006908739] ; [1.8196688987327536]
771 ; 24 ; 91 ; 42 ; [1.315643500195677] ; [0.16516525535496315]
771 ; 24 ; 91 ; 48 ; [2.6702781753507026] ; [0.84542466873375233]
771 ; 24 ; 91 ; 58 ; [0.77846435115699963] ; [2.9053436660318748]
771 ; 24 ; 91 ; 59 ; [1.4415364939808026, 1.0043650958856232] ; [1.8785909523668729, 1.3017145943693962]
771 ; 24 ; 91 ; 60 ; [4.5243878693276169] ; [1.5177433448733164]
771 ; 24 ; 92 ; 0 ; [0.52241694489928725] ; [0.093253894046124053]
771 ; 24 ; 92 ; 1 ; [0.29919624169833758] ; [0.001394559654114249]
771 ; 24 ; 92 ; 3 ; [1.2795508061670873] ; [0.049096306648037956]
771 ; 24 ; 92 ; 12 ; [1.5721689460371926] ; [0.0092337689567108545]
771 ; 24 ; 94 ; 0 ; [0.38325900805256857] ; [5.1461851048667961]
771 ; 24 ; 94 ; 2 ; [1.0208412675712264] ; [2.8183363909646655]
771 ; 24 ; 94 ; 3 ; [4.4941560288710622] ; [0.19117994760108178]
771 ; 24 ; 94 ; 5 ; [1.2255386281527907] ; [6.8975704583557826]
771 ; 24 ; 94 ; 6 ; [1.945168164581959] ; [4.8527104479796517]
771 ; 24 ; 94 ; 7 ; [0.2451686150684122] ; [1.9153461384428851]
771 ; 24 ; 94 ; 8 ; [0.28578537742994109] ; [1.0871609347552773]
771 ; 24 ; 94 ; 9 ; [1.8729263312736744] ; [9.9088976434406462]
771 ; 24 ; 94 ; 10 ; [7.1444845898163125] ; [0.72563271869162971]
771 ; 24 ; 95 ; 0 ; [0.39618793882644487] ; [-0.029367135721348976]
771 ; 24 ; 95 ; 1 ; [0.0055738132394263671] ; [-0.20648364312035045]
771 ; 24 ; 95 ; 2 ; [0.97526010345448944] ; [1.3880350128811967]
771 ; 24 ; 96 ; 0 ; [0.25935325093928885] ; [-0.018592111737367883]
771 ; 24 ; 96 ; 3 ; [0.47346170815497413] ; [0.47996018192713896]
771 ; 24 ; 96 ; 4 ; [0.064763927080524114] ; [0.79131454098461795]
771 ; 24 ; 96 ; 7 ; [0.1652517030050665] ; [0.071273914716897369]
771 ; 24 ; 96 ; 9 ; [0.86996943779104496] ; [0.94363101992873399]
771 ; 24 ; 96 ; 13 ; [0.00075491873007963535] ; [2.2027558663608202]
771 ; 24 ; 99 ; 1 ; [0.44681516223176743] ; [0.20454208568999235]
771 ; 24 ; 99 ; 2 ; [0.23981119407949367] ; [0.062691392925106962]
771 ; 24 ; 99 ; 3 ; [0.33302895391253495] ; [0.20599008571162988]
771 ; 24 ; 100 ; 0 ; [0.26215298587073571] ; [0.39074776137860201]
771 ; 24 ; 101 ; 0 ; [1.2366199755112326] ; [1.1672810471037112]
771 ; 24 ; 101 ; 2 ; [0.66386846434596047] ; [2.3258016716858751]
771 ; 24 ; 101 ; 3 ; [1.0348210920578202] ; [0.012755640548696417]
771 ; 24 ; 101 ; 7 ; [0.31544156151356934] ; [1.168941336111041]
771 ; 24 ; 101 ; 8 ; [1.0445097518335698] ; [1.6431049622475056]
771 ; 24 ; 101 ; 14 ; [2.4925977728814375] ; [2.0032364747277533]
771 ; 24 ; 101 ; 18 ; [0.31776453963941392] ; [0.39054405092323452]
771 ; 24 ; 102 ; 1 ; [0.27399178203101027] ; [1.0768107696156699]
771 ; 24 ; 102 ; 2 ; [2.6593522868266839] ; [2.4186683534236768]
771 ; 24 ; 105 ; 0 ; [0.29574917322532135] ; [0.40124200141585692]
771 ; 24 ; 105 ; 1 ; [6.0111040691644337] ; [0.25769458174848819]
771 ; 24 ; 105 ; 2 ; [0.097247655677397668] ; [0.25394353922707941]
771 ; 24 ; 107 ; 0 ; [0.3855956419824676] ; [0.15647436653019511]
771 ; 24 ; 107 ; 4 ; [0.80884569741335488] ; [0.63110640525417305]
771 ; 24 ; 107 ; 5 ; [1.9010699390026373] ; [0.10878773412703831]
771 ; 24 ; 107 ; 6 ; [0.99986355355278034] ; [-0.16869726680900754]
771 ; 24 ; 107 ; 11 ; [1.8480375618235345] ; [1.1037795284826379]
771 ; 24 ; 107 ; 12 ; [1.0198196028252848] ; [1.4446539121073563]
771 ; 24 ; 110 ; 0 ; [0.23151889582618509] ; [-0.036763845119995905]
771 ; 24 ; 111 ; 0 ; [0.21523431968582629, -0.0032660454672249167] ; [0.20005967674559411, 0.018091557188580687]
771 ; 24 ; 113 ; 0 ; [0.69295411381509531] ; [-0.0097020166944998976]
771 ; 24 ; 113 ; 1 ; [3.3648100931273097] ; [-0.050544893974135349]
771 ; 24 ; 113 ; 2 ; [-0.012510961021119203] ; [0.13448017291426984]
771 ; 24 ; 113 ; 3 ; [0.42347288448083925] ; [0.36099370455696428]
771 ; 24 ; 113 ; 4 ; [2.2895725467574399] ; [1.2418265765312118]
771 ; 24 ; 113 ; 8 ; [0.72612405832221383] ; [0.85306852632581276]
771 ; 24 ; 113 ; 9 ; [0.57683685757026237] ; [0.64973473331940068]
771 ; 24 ; 113 ; 10 ; [0.17144847203710623] ; [0.24025994203913978]
771 ; 24 ; 113 ; 12 ; [1.3609195819340967] ; [0.52300150401178669]
771 ; 24 ; 113 ; 19 ; [0.013628305194910817] ; [-0.036942111276370149]
771 ; 24 ; 114 ; 0 ; [0.066720127712097455] ; [0.15904163125497389]
771 ; 24 ; 114 ; 2 ; [0.016855312152572851] ; [2.115095992324417]
771 ; 24 ; 114 ; 3 ; [1.1090141744199646] ; [1.9121126159468296]
771 ; 24 ; 114 ; 6 ; [2.6568525101688372] ; [0.23014004349954043]
771 ; 24 ; 114 ; 9 ; [1.826471664285894] ; [0.6163018609878127]
771 ; 24 ; 115 ; 0 ; [0.015399506683693786] ; [0.74956245042488823]
771 ; 24 ; 115 ; 2 ; [1.475353779420056] ; [0.35564845634047781]
771 ; 24 ; 115 ; 3 ; [1.9456359606268452] ; [0.34807126768409158]
771 ; 24 ; 115 ; 6 ; [2.5348273533525156] ; [3.4381586137969018]
771 ; 24 ; 115 ; 7 ; [0.062639034875680635] ; [3.2686403735694065]
771 ; 24 ; 115 ; 8 ; [1.1642097656186308] ; [1.7592018321201492]
771 ; 24 ; 115 ; 11 ; [2.673505227675113] ; [1.1947861439708016]
771 ; 24 ; 115 ; 12 ; [1.3476063188241416] ; [0.78367125507185231]
771 ; 24 ; 115 ; 14 ; [2.1589656890727666] ; [1.2949964769027025]
771 ; 24 ; 115 ; 19 ; [0.036860753737835247] ; [2.185379504387857]
771 ; 24 ; 115 ; 22 ; [1.1054966293956328] ; [1.5189205012293188]
771 ; 24 ; 115 ; 23 ; [0.51803576874286228] ; [6.4342153451389663]
771 ; 24 ; 115 ; 26 ; [1.3513420838996846] ; [1.615863615169135]
771 ; 24 ; 115 ; 27 ; [3.4206787208420275] ; [2.0540309185438295]
771 ; 24 ; 116 ; 1 ; [1.366300394845902] ; [1.4433799475707265]
771 ; 24 ; 116 ; 2 ; [0.11683103441519149] ; [0.7581492740297322]
771 ; 24 ; 119 ; 0 ; [2.1662716134210638] ; [0.85178116897119316]
771 ; 24 ; 119 ; 4 ; [1.4144186744141538] ; [-0.03545319069363595]
771 ; 24 ; 120 ; 0 ; [0.053752695522527226] ; [0.47586066503366775]
771 ; 24 ; 120 ; 2 ; [0.04712689662652074] ; [-0.077766864994451526]
771 ; 24 ; 121 ; 0 ; [0.066092813405941184] ; [0.73829621025341141]
771 ; 24 ; 123 ; 0 ; [0.78288632178286843] ; [0.53128403769167498]
771 ; 24 ; 123 ; 1 ; [0.14361855355297681] ; [0.46451057319272387]
771 ; 24 ; 126 ; 1 ; [0.36164736431303107] ; [0.21913434360218523]
771 ; 24 ; 126 ; 2 ; [0.032932060169274233] ; [0.059703014248862117]
771 ; 24 ; 126 ; 3 ; [-0.0032688352388124562] ; [0.27244173419033102]
771 ; 24 ; 126 ; 6 ; [0.85020713590116104] ; [0.96429742599292656]
771 ; 24 ; 126 ; 9 ; [0.0053626360624885192] ; [-0.0062544615250906188]
771 ; 24 ; 126 ; 10 ; [0.26935020709417973] ; [0.14184477590785083]
771 ; 24 ; 127 ; 0 ; [0.99694074951987566] ; [0.71411290518360637]
771 ; 24 ; 127 ; 2 ; [0.26197195352185337] ; [5.8466898356601398]
771 ; 24 ; 128 ; 0 ; [0.047178674513361406] ; [0.25215591151261052]
771 ; 24 ; 129 ; 0 ; [0.014355751402624581] ; [0.053284474728341538]
771 ; 24 ; 130 ; 0 ; [0.22767328301091458] ; [0.08449950024626883]
771 ; 24 ; 131 ; 0 ; [0.4315423722682562] ; [0.42942323159879353]
771 ; 24 ; 131 ; 2 ; [0.33039216605715271] ; [-0.024522504991872068]
771 ; 24 ; 131 ; 3 ; [0.34410505366774885] ; [1.2458627505878097]
771 ; 24 ; 131 ; 4 ; [3.605003521120671] ; [0.79829428550851567]
771 ; 24 ; 131 ; 6 ; [0.44125450691403839] ; [0.20298428720926195]
771 ; 24 ; 132 ; 3 ; [0.32481475286157369] ; [0.24350197106149435]
771 ; 24 ; 134 ; 0 ; [3.168811069095224] ; [1.5754738828278223]
771 ; 24 ; 134 ; 1 ; [7.2864803306247605] ; [1.6903357998201864]
771 ; 24 ; 134 ; 6 ; [2.9161293934293062] ; [1.3287977097295851]
771 ; 24 ; 134 ; 7 ; [2.1682698347194735] ; [2.7200143597751762]
771 ; 24 ; 134 ; 8 ; [3.618138273890616] ; [0.28845450261907829]
771 ; 24 ; 134 ; 9 ; [2.1074127750825831] ; [2.1752037208715551]
771 ; 24 ; 134 ; 11 ; [3.1707271617176875] ; [3.058409930135932]
771 ; 24 ; 134 ; 12 ; [2.9983299244852071] ; [2.247700962761586]
771 ; 24 ; 134 ; 17 ; [3.9270601340273559] ; [2.6314049296428523]
771 ; 24 ; 134 ; 20 ; [5.1956492908659921] ; [2.2183707640898533]
771 ; 24 ; 135 ; 1 ; [0.562463860785125] ; [1.1849787064169468]
771 ; 24 ; 135 ; 2 ; [0.47392384849349178] ; [2.3687822343208533]
771 ; 24 ; 135 ; 5 ; [0.46964464468923578] ; [0.91062272908996544]
771 ; 24 ; 135 ; 6 ; [0.95425143390456801] ; [0.18773749028351591]
771 ; 24 ; 136 ; 0 ; [0.051777766004035046] ; [0.054650034191751878]
771 ; 24 ; 136 ; 2 ; [1.2480584260665826] ; [0.49214714114030522]
771 ; 24 ; 139 ; 0 ; [1.1118522024484141] ; [0.071431883757588355]
771 ; 24 ; 139 ; 1 ; [0.74484110125040848] ; [0.60288441969692363]
771 ; 24 ; 139 ; 2 ; [0.61538824882477683] ; [1.1524387632713387]
771 ; 24 ; 139 ; 4 ; [0.95873088380311156] ; [0.42672597163477477]
771 ; 24 ; 140 ; 2 ; [1.2658936946513011] ; [3.1524846529785271]
771 ; 24 ; 140 ; 3 ; [2.9252408874014075] ; [0.58148680103906791]
771 ; 24 ; 142 ; 0 ; [-0.0092601937662180993] ; [0.059990121221584279]
771 ; 24 ; 143 ; 0 ; [1.7535600795555188, 0.11948681843716352] ; [0.03787159392846523, -0.023885618053965094]
771 ; 24 ; 143 ; 2 ; [0.22452940474062108] ; [1.099776031373799]
771 ; 24 ; 143 ; 6 ; [0.59200959832734945] ; [1.0784570557846986]
771 ; 24 ; 143 ; 7 ; [0.30766071289970559] ; [2.3535160441303162]
771 ; 24 ; 144 ; 0 ; [0.75118902858455217] ; [0.57393351393803227]
771 ; 24 ; 144 ; 1 ; [1.0867746940957315] ; [1.5401815163947263]
771 ; 24 ; 145 ; 0 ; [0.48095038451084154] ; [0.49035359802202172]
771 ; 24 ; 149 ; 0 ; [0.38987509965939615, 0.49396523590886993] ; [0.11215377571089333, 0.31369358445692841]
771 ; 24 ; 149 ; 1 ; [1.369925336521107] ; [0.19271644747801522]
771 ; 24 ; 149 ; 2 ; [1.5514807590216511] ; [0.81432905346549456]
771 ; 24 ; 149 ; 3 ; [0.36252864411631391] ; [0.11032284809723716]
771 ; 24 ; 149 ; 5 ; [0.16874572014262182] ; [0.20286106807196796]
771 ; 24 ; 149 ; 6 ; [0.65229710852638778] ; [0.63035975215788664]
771 ; 24 ; 149 ; 18 ; [1.9524482579460978] ; [6.0241957156264316]
771 ; 24 ; 151 ; 0 ; [-0.015450860568045713] ; [0.34360862033020767]
771 ; 24 ; 152 ; 0 ; [-0.009161267624145087] ; [-0.156996820487115]
771 ; 24 ; 153 ; 0 ; [0.4889895017856386] ; [0.13555626365020634]
771 ; 24 ; 153 ; 1 ; [0.30417390729687455] ; [0.41855055746557301]
771 ; 24 ; 153 ; 2 ; [5.2845082407340103] ; [0.21643686474575588]
771 ; 24 ; 153 ; 3 ; [1.1300925637795134] ; [0.062279649806916151]
771 ; 24 ; 153 ; 4 ; [0.0097211808660724753] ; [3.2674979066097438]
771 ; 24 ; 153 ; 8 ; [0.013147011955366886] ; [0.43095658212142007]
771 ; 24 ; 153 ; 9 ; [1.202316333954099] ; [5.7722426335285508]
771 ; 24 ; 153 ; 11 ; [0.010881855528174885] ; [1.5099122527268933]
771 ; 24 ; 153 ; 12 ; [0.0026766888666225706] ; [1.2537840920875898]
771 ; 24 ; 155 ; 0 ; [0.56973554219024425] ; [0.062812954321694259]
771 ; 24 ; 155 ; 1 ; [0.2703760956106363] ; [0.3824036385446285]
771 ; 24 ; 157 ; 0 ; [2.1920194583819024] ; [0.5115213948020827]
771 ; 24 ; 157 ; 1 ; [0.80993363683109243] ; [0.32791415307374983]
771 ; 24 ; 157 ; 3 ; [0.94727354576014333] ; [2.6492329349706143]
771 ; 24 ; 158 ; 0 ; [1.7863624249028109] ; [0.9400944009489417]
771 ; 24 ; 158 ; 1 ; [1.9095235079155781] ; [2.6580833213447712]
771 ; 24 ; 158 ; 2 ; [1.8533126239527755] ; [3.4653263417115365]
771 ; 24 ; 158 ; 3 ; [1.7653269044632989] ; [3.0660887951699882]
771 ; 24 ; 158 ; 4 ; [1.7276205975172694] ; [1.9480322244270005]
771 ; 24 ; 158 ; 5 ; [1.5885420130761236] ; [0.77987568721336065]
771 ; 24 ; 158 ; 6 ; [1.6145642690122133] ; [2.4262428921781951]
771 ; 24 ; 158 ; 7 ; [2.1863185038590851] ; [3.0323069011399402]
771 ; 24 ; 158 ; 10 ; [1.6712335378457781] ; [2.7397640795767422]
771 ; 24 ; 158 ; 11 ; [1.8661134997658635] ; [2.026567825709813]
771 ; 24 ; 158 ; 12 ; [1.9046187656245726] ; [1.5860414381975285]
771 ; 24 ; 158 ; 13 ; [1.6702741696521362] ; [0.387687173247943]
771 ; 24 ; 158 ; 15 ; [2.0328712326264027] ; [2.1776996518163028]
771 ; 24 ; 158 ; 17 ; [1.6646144185149625] ; [1.5629393427586751]
771 ; 24 ; 158 ; 19 ; [2.0452885863220449] ; [0.57798837608371278]
771 ; 24 ; 158 ; 20 ; [2.6180549881685939] ; [3.1309414705063041]
771 ; 24 ; 158 ; 24 ; [1.8572687130605852] ; [2.2811911940412388]
771 ; 24 ; 158 ; 25 ; [1.7347097620057226] ; [2.7790172722841904]
771 ; 24 ; 158 ; 27 ; [1.8796348490767731] ; [1.6774695263048434]
771 ; 24 ; 158 ; 28 ; [1.5877865360298542] ; [1.5569330682703102]
771 ; 24 ; 159 ; 0 ; [1.2303515911553442] ; [0.089361917411585501]
771 ; 24 ; 160 ; 0 ; [0.21179453188513647] ; [-0.033939385009249777]
771 ; 24 ; 161 ; 0 ; [1.206530158981852] ; [-0.025525785385091749]
771 ; 24 ; 161 ; 1 ; [0.11781061290799882, 0.34289543319988158] ; [0.048919063433491623, 0.63696436222274444]
771 ; 24 ; 161 ; 2 ; [-0.077232544745891418] ; [0.30553439192048487]
771 ; 24 ; 161 ; 3 ; [2.9294321607062952] ; [0.2949041118627132]
771 ; 24 ; 161 ; 6 ; [0.077855371780233218] ; [0.34637880524598891]
771 ; 24 ; 161 ; 7 ; [3.6957870280858582] ; [0.23064493295426866]
771 ; 24 ; 162 ; 0 ; [0.62832157262161437] ; [0.39578465075061214]
771 ; 24 ; 162 ; 3 ; [0.05450531014506739] ; [0.6630702224617433]
771 ; 24 ; 163 ; 0 ; [0.33188652797962642] ; [0.37253970606441944]
771 ; 24 ; 166 ; 0 ; [0.39843687761588059, 0.0928222434080931] ; [0.46019737053280801, 0.33403288877892912]
771 ; 24 ; 167 ; 0 ; [86.887025818203469] ; [0.33692160085132161]
771 ; 24 ; 167 ; 1 ; [0.78500583620006947] ; [1.2319501678741445]
771 ; 24 ; 167 ; 2 ; [1.7975017176439003] ; [1.826036608661008]
771 ; 24 ; 168 ; 0 ; [0.56097618727249765] ; [0.92300922878499425]
771 ; 24 ; 168 ; 1 ; [0.069328825123762899] ; [0.20926935995844212]
771 ; 24 ; 168 ; 2 ; [1.0225328147149713] ; [0.51257866521747764]
771 ; 24 ; 168 ; 3 ; [1.135260810428034] ; [2.3583079072720259]
771 ; 24 ; 169 ; 4 ; [1.0463693090578057] ; [0.16162026756661743]
771 ; 24 ; 170 ; 0 ; [0.13540743297463809] ; [0.29748806532665245]
771 ; 24 ; 170 ; 1 ; [0.68914178177848506] ; [0.38529625802175105]
771 ; 24 ; 170 ; 3 ; [0.3691381920273612] ; [0.22062886406053292]
771 ; 24 ; 170 ; 5 ; [0.66311345290759849] ; [0.11507572585965939]
771 ; 24 ; 174 ; 0 ; [0.2624736770856102] ; [0.27685674129694382]
771 ; 24 ; 174 ; 2 ; [-0.035512384140243346] ; [0.070066535721397774]
771 ; 24 ; 175 ; 2 ; [0.18927385331376612] ; [0.31574047124760074]
771 ; 24 ; 175 ; 3 ; [0.079182115019286958] ; [0.25738298090280243]
771 ; 24 ; 175 ; 5 ; [2.7993688480526657] ; [0.13106104889208939]
771 ; 24 ; 178 ; 3 ; [0.78531330173166791] ; [2.2588368915127091]
771 ; 24 ; 178 ; 6 ; [1.7233118816430639] ; [1.6461538399220104]
771 ; 24 ; 178 ; 7 ; [0.55925085318074297] ; [3.1546524249143397]
771 ; 24 ; 178 ; 13 ; [0.78794553055174099] ; [3.5069765532100323]
771 ; 24 ; 179 ; 0 ; [-0.073007348602049923] ; [-0.020668641563419646]
771 ; 24 ; 181 ; 0 ; [0.75376416557229764, 0.01249410635175952] ; [0.38536446991421819, 0.18644927633767838]
771 ; 24 ; 182 ; 1 ; [0.76629726914215957] ; [1.5527062545836954]
771 ; 24 ; 182 ; 2 ; [1.2300468224785222] ; [0.0079215625395554438]
771 ; 24 ; 182 ; 4 ; [0.44316590757086366] ; [0.6657065292315788]
771 ; 24 ; 185 ; 0 ; [-0.013108577718311783] ; [-0.005107480750472927]
771 ; 24 ; 187 ; 1 ; [0.2657769051080438] ; [0.23859045391463907]
771 ; 24 ; 187 ; 2 ; [0.13119449129719993] ; [0.045060676103175538]
771 ; 24 ; 187 ; 3 ; [0.055286939369722905] ; [0.2892751285820393]
771 ; 24 ; 187 ; 11 ; [2.4041351048726338] ; [0.57709550252986219]
771 ; 24 ; 187 ; 15 ; [0.81006187182042955] ; [0.18521872878482451]
771 ; 24 ; 187 ; 19 ; [1.7983160747357041] ; [0.050488567024960664]
771 ; 24 ; 187 ; 20 ; [0.66966197293592167] ; [0.21020542859699815]
771 ; 24 ; 190 ; 0 ; [0.13155814683457812] ; [-0.031730721877767883]
771 ; 24 ; 191 ; 0 ; [0.91659145181164892] ; [1.9790691996086942]
771 ; 24 ; 191 ; 1 ; [3.1494236357142902] ; [1.1858579676451733]
771 ; 24 ; 191 ; 2 ; [0.32531998705524351] ; [1.3645931606930775]
771 ; 24 ; 192 ; 0 ; [0.42071360589447454, 0.15879161078662646] ; [0.51964436859600383, 0.090300646130536802]
771 ; 24 ; 192 ; 1 ; [1.7618964286224525] ; [2.5496704590248256]
771 ; 24 ; 193 ; 0 ; [1.3414304231772944] ; [0.28386580654589766]
771 ; 24 ; 193 ; 2 ; [0.15026856429232208] ; [0.05453558073988627]
771 ; 24 ; 194 ; 0 ; [1.0786294059315436] ; [0.070510382909888661]
771 ; 24 ; 196 ; 0 ; [0.24028850737794336] ; [0.39857830297701646]
771 ; 24 ; 196 ; 2 ; [1.859277519926078] ; [1.0745881888926683]
771 ; 24 ; 197 ; 0 ; [0.023702548692132414, 0.83358601499735452] ; [-0.067061560367207118, 0.031191772644886127]
771 ; 24 ; 197 ; 1 ; [0.12582192166591766] ; [0.15271598839421216]
771 ; 24 ; 197 ; 2 ; [0.72210902982141989] ; [0.14048393829289485]
771 ; 24 ; 197 ; 8 ; [2.5737587203982337] ; [0.85123743758364423]
771 ; 24 ; 197 ; 12 ; [0.069267723355617247] ; [-0.025860809374049814]
771 ; 24 ; 200 ; 0 ; [0.65689355185131937] ; [0.29541158013838859]
771 ; 24 ; 201 ; 0 ; [0.23978696849326916] ; [0.002523532856141578]
771 ; 24 ; 201 ; 2 ; [0.14603643955608964] ; [0.053490317559882199]
771 ; 24 ; 201 ; 3 ; [0.0096134872946553249] ; [0.019890376757911853]
771 ; 24 ; 202 ; 0 ; [2.2404488988452465, 1.3787067503229489] ; [1.5500510116193686, 1.5494612918470363]
771 ; 24 ; 202 ; 1 ; [1.5598432770750756] ; [0.18863702939269245]
771 ; 24 ; 202 ; 2 ; [0.95701923065064476] ; [3.4634501413712164]
771 ; 24 ; 202 ; 3 ; [1.3683162992475384] ; [0.098429284919259091]
771 ; 24 ; 202 ; 4 ; [1.9064190559262848] ; [0.41713602243217973]
771 ; 24 ; 202 ; 5 ; [0.65856925123366228] ; [2.5474976232390736]
771 ; 24 ; 202 ; 6 ; [2.0336783369544351] ; [0.54489227996576184]
771 ; 24 ; 202 ; 8 ; [1.7498773182367009] ; [1.1531788392846909]
771 ; 24 ; 202 ; 10 ; [1.146404768772967] ; [1.1686039383102211]
771 ; 24 ; 202 ; 11 ; [0.62582648437068356] ; [1.9030887170180899]
771 ; 24 ; 202 ; 12 ; [1.4040101840533539] ; [0.60229363387014534]
771 ; 24 ; 202 ; 14 ; [2.0784586560766871] ; [1.4629552280830724]
771 ; 24 ; 202 ; 16 ; [1.2879484485083372] ; [0.73968279767142042]
771 ; 24 ; 202 ; 17 ; [4.2314500219824547] ; [1.670466332335625]
771 ; 24 ; 202 ; 18 ; [1.7532819683318273] ; [1.6272599601192339]
771 ; 24 ; 202 ; 19 ; [1.5104533362654875] ; [1.4068236084811068]
771 ; 24 ; 202 ; 20 ; [3.3140123562658661] ; [0.5309754393039321]
771 ; 24 ; 202 ; 23 ; [1.0972136074759948] ; [1.5915934728806189]
771 ; 24 ; 202 ; 24 ; [3.6766561984762318] ; [0.41277892407433026]
771 ; 24 ; 202 ; 27 ; [1.645608402371697] ; [0.50200662273099139]
771 ; 24 ; 202 ; 28 ; [1.4546170337548447] ; [1.0658226403179858]
771 ; 24 ; 202 ; 30 ; [1.8403079320314986] ; [1.3832384440413812]
771 ; 24 ; 202 ; 32 ; [4.9703486311273704] ; [0.87549727435625813]
771 ; 24 ; 202 ; 36 ; [1.3516232874015246] ; [1.1510016803198042]
771 ; 24 ; 202 ; 38 ; [0.98025038285046817] ; [0.26250723286936967]
771 ; 24 ; 202 ; 40 ; [1.9628152280819247] ; [0.6585591160645401]
771 ; 24 ; 202 ; 42 ; [1.1021501711244446] ; [2.5326627812079123]
771 ; 24 ; 202 ; 43 ; [2.5232905350228072] ; [0.67123539125316578]
771 ; 24 ; 202 ; 44 ; [0.70292949421322648] ; [1.0377787489071362]
771 ; 24 ; 202 ; 48 ; [1.329799860064762] ; [1.6016542166342422]
771 ; 24 ; 203 ; 1 ; [0.11131288233683116] ; [3.1300790982507904]
771 ; 24 ; 203 ; 5 ; [0.40533255836981236] ; [1.6262079008087742]
771 ; 24 ; 205 ; 0 ; [0.36401860937239039] ; [1.128516215955758]
771 ; 24 ; 205 ; 1 ; [0.0021789886929341625] ; [1.3897770038908224]
771 ; 24 ; 205 ; 2 ; [3.1841517534653412] ; [1.4918856483167839]
771 ; 24 ; 207 ; 0 ; [1.0577198035726527] ; [1.4782339537287477]
771 ; 24 ; 207 ; 2 ; [1.3408027129592743] ; [3.3182892299816107]
771 ; 24 ; 207 ; 3 ; [2.5128723891429767] ; [1.5911045179211307]
771 ; 24 ; 210 ; 1 ; [0.66851131051690504] ; [0.41962175721916739]
771 ; 24 ; 211 ; 0 ; [0.073529881616919687] ; [0.345584367647357]
771 ; 24 ; 212 ; 0 ; [0.52803226199040809] ; [0.55114185834209584]
771 ; 24 ; 212 ; 1 ; [0.17673849663572166] ; [0.23283660620856511]
771 ; 24 ; 215 ; 2 ; [0.5728014754696632] ; [1.3695512346212617]
771 ; 24 ; 215 ; 3 ; [1.6049868348867171] ; [2.3024261318807913]
771 ; 24 ; 215 ; 4 ; [1.9359415654882983] ; [1.4429824774735391]
771 ; 24 ; 216 ; 1 ; [-0.017865163256395363] ; [0.03933228580540693]
771 ; 24 ; 216 ; 3 ; [0.32848091587074052] ; [0.9787722056621847]
771 ; 24 ; 216 ; 4 ; [0.76178598880835136] ; [0.3157039072051866]
771 ; 24 ; 216 ; 6 ; [0.33754933730904818] ; [0.25242896767132894]
771 ; 24 ; 217 ; 0 ; [0.78996011430217661] ; [0.80813405623249768]
771 ; 24 ; 217 ; 4 ; [0.42209702705538016] ; [1.1142844455382952]
771 ; 24 ; 217 ; 5 ; [0.4200314209905745] ; [1.9988007305501481]
771 ; 24 ; 217 ; 9 ; [0.60695780359504459] ; [0.8284806720030462]
771 ; 24 ; 217 ; 10 ; [0.38452005326018762] ; [1.0421014132542596]
771 ; 24 ; 219 ; 0 ; [-0.025996936898403031] ; [-0.20407946635744995]
771 ; 24 ; 220 ; 0 ; [0.38958735962264096] ; [0.38210587357757897]
771 ; 24 ; 220 ; 1 ; [0.027267100875873015] ; [0.13953194854617956]
771 ; 24 ; 223 ; 0 ; [0.053456750117400337, 0.51996429530625432] ; [0.39452559185417924, 0.37573202542531436]
771 ; 24 ; 223 ; 1 ; [0.33285493569699848] ; [0.5567678046402682]
771 ; 24 ; 224 ; 0 ; [0.39894284543670416] ; [0.95609623350533501]
771 ; 24 ; 224 ; 1 ; [0.20884129745312671] ; [0.013236336076694869]
771 ; 24 ; 226 ; 4 ; [-0.00037497760020146413] ; [1.5079165784348136]
771 ; 24 ; 227 ; 0 ; [0.14645100055573249] ; [0.5107290913668977]
771 ; 24 ; 228 ; 0 ; [3.2393430869055875] ; [0.8185654244313505]
771 ; 24 ; 228 ; 2 ; [0.14408629776190426] ; [1.2010652826007264]
771 ; 24 ; 229 ; 0 ; [0.21626658865834208] ; [0.76529110115445254]
771 ; 24 ; 229 ; 3 ; [1.2530467986119238] ; [1.0658496799129005]
771 ; 24 ; 230 ; 0 ; [-0.048456925580116793] ; [0.014418834487772572]
771 ; 24 ; 232 ; 0 ; [0.41672723645031012] ; [0.048239043347818013]
771 ; 24 ; 232 ; 2 ; [0.65599968969076849] ; [0.20034294173982237]
771 ; 24 ; 232 ; 3 ; [0.26695971478336533] ; [0.41161972184736617]
771 ; 24 ; 232 ; 4 ; [-0.027109205415885615] ; [0.14610099023483997]
771 ; 24 ; 232 ; 7 ; [1.3925602087617384] ; [0.30812264547142126]
771 ; 24 ; 233 ; 0 ; [0.98785401569845543] ; [1.3801859223011343]
771 ; 24 ; 233 ; 1 ; [-0.14199274001948484] ; [0.49052676569078818]
771 ; 24 ; 233 ; 6 ; [2.6980310160110186] ; [0.54311144533850197]
771 ; 24 ; 233 ; 7 ; [0.057265173263085126] ; [1.3443728789120086]
771 ; 24 ; 233 ; 11 ; [3.7236623332146874] ; [1.4832850844094096]
771 ; 24 ; 234 ; 0 ; [2.3422285867331869] ; [3.002241722029892]
771 ; 24 ; 234 ; 1 ; [1.4646725084928809] ; [1.3824136896000643]
771 ; 24 ; 234 ; 2 ; [1.9280847233318468] ; [2.3763304775776333]
771 ; 24 ; 237 ; 0 ; [1.861039747902437] ; [1.7933499332833891]
771 ; 24 ; 238 ; 7 ; [2.4754067581004722] ; [4.4717411620469836]
771 ; 24 ; 240 ; 0 ; [1.3803881270945557] ; [0.33630590563671758]
771 ; 24 ; 240 ; 3 ; [1.0960546481884257] ; [1.8875424820160867]
771 ; 24 ; 242 ; 0 ; [1.5550286601917114] ; [2.8516714580545237]
771 ; 24 ; 242 ; 1 ; [0.57570692686102498] ; [1.4944906853533086]
771 ; 24 ; 242 ; 2 ; [2.9945277576786018] ; [2.0663803527758549]
771 ; 24 ; 242 ; 4 ; [3.0661454107059605] ; [2.4208432831524935]
771 ; 24 ; 242 ; 7 ; [1.9207695494803745] ; [2.1361964935545661]
771 ; 24 ; 242 ; 8 ; [4.4184092765081591] ; [1.2867576884046936]
771 ; 24 ; 242 ; 10 ; [2.5727259720161233] ; [1.7689288724923899]
771 ; 24 ; 243 ; 0 ; [0.42171789302992974] ; [0.13682183187635075]
771 ; 24 ; 244 ; 0 ; [7.2863158460259037, 534.22996966836433] ; [0.37572843492094993, 0.24277800089636747]
771 ; 24 ; 245 ; 0 ; [0.28828680457552008] ; [0.2809601322834494]
771 ; 24 ; 246 ; 0 ; [1.143429009564646] ; [1.1984922962548297]
771 ; 24 ; 246 ; 2 ; [1.6709362677479962] ; [1.7010608255962336]
771 ; 24 ; 246 ; 4 ; [1.1716818942198626] ; [5.4369750755310902]
771 ; 24 ; 246 ; 6 ; [0.3245806383434241] ; [2.4881818456200797]
771 ; 24 ; 246 ; 11 ; [1.26210047330785] ; [1.9351767939435065]
771 ; 24 ; 248 ; 0 ; [0.26531110259310314] ; [0.86386270102575979]
771 ; 24 ; 248 ; 1 ; [0.0042216585503541603] ; [0.17102752260296911]
771 ; 24 ; 250 ; 0 ; [0.14930855829475206] ; [-0.13492395889952791]
771 ; 24 ; 251 ; 6 ; [0.43219964591625348] ; [-1.2162099768985644]
771 ; 24 ; 251 ; 7 ; [1.6055931071498069] ; [0.64090654533133673]