# Run ; Subrun ; Event ; Track ; Charge Ratios View 0 ; Charge Ratios View 1 #
771 ; 9 ; 0 ; 1 ; [0.10663687963335979, 0.41440932505684086] ; [0.12686115587694086, 0.34229940364307782]
771 ; 9 ; 2 ; 0 ; [1.4335816414837752] ; [1.0937775326204791]
771 ; 9 ; 2 ; 1 ; [0.88182976076283592] ; [0.82846728649250145]
771 ; 9 ; 2 ; 4 ; [2.344115215060973] ; [0.6564741518959949]
771 ; 9 ; 2 ; 7 ; [0.18689545506799141] ; [1.0512531097999511]
771 ; 9 ; 2 ; 8 ; [0.58350098582919363] ; [0.43265944790208416]
771 ; 9 ; 2 ; 9 ; [0.10431149156661461] ; [3.0587673893793474]
771 ; 9 ; 3 ; 1 ; [0.74738222453286374] ; [1.6745049262573688]
771 ; 9 ; 3 ; 3 ; [0.013772304547319616] ; [2.9522860786189411]
771 ; 9 ; 5 ; 1 ; [0.01297921784034705] ; [3.0236364501517228]
771 ; 9 ; 6 ; 0 ; [-0.012855334245660922] ; [0.05221179232926796]
771 ; 9 ; 9 ; 0 ; [0.079938223614945444] ; [0.13878772732290934]
771 ; 9 ; 9 ; 2 ; [0.44615641924721633] ; [0.45901757275348343]
771 ; 9 ; 10 ; 0 ; [1.5321508465763942] ; [0.19060735399923034]
771 ; 9 ; 10 ; 1 ; [0.57520476743647431] ; [0.51656474614514658]
771 ; 9 ; 10 ; 3 ; [1.6096112078108187] ; [-0.027769931494896691]
771 ; 9 ; 12 ; 1 ; [-0.024521037519635542] ; [2.2111854190201288]
771 ; 9 ; 13 ; 0 ; [0.044595660497581874] ; [0.30369023331763245]
771 ; 9 ; 13 ; 1 ; [0.10608141553982703] ; [-0.069250830822211951]
771 ; 9 ; 13 ; 2 ; [-0.0015314470918664968] ; [0.27382422423443648]
771 ; 9 ; 15 ; 1 ; [0.62712266485466206] ; [2.1155479434614608]
771 ; 9 ; 15 ; 2 ; [2.6676676372865513] ; [2.7983613099138118]
771 ; 9 ; 15 ; 3 ; [0.18818917898965948] ; [1.9993872165834683]
771 ; 9 ; 15 ; 4 ; [0.11040379013245523] ; [1.3182383054598399]
771 ; 9 ; 15 ; 5 ; [0.69257090238852825] ; [2.0883864925360442]
771 ; 9 ; 16 ; 0 ; [0.20429572375427713] ; [-0.038748824981134695]
771 ; 9 ; 19 ; 0 ; [-0.002710870410682352] ; [0.018635276945426101]
771 ; 9 ; 19 ; 1 ; [0.12646582319990685] ; [1.3184287679784821]
771 ; 9 ; 20 ; 0 ; [0.73869452028060145] ; [0.36921596827007147]
771 ; 9 ; 20 ; 1 ; [2.3077724470144032] ; [0.80793762330524432]
771 ; 9 ; 20 ; 2 ; [0.10921915164508945] ; [-0.053290862022922061]
771 ; 9 ; 20 ; 3 ; [0.44956298317717142] ; [1.0197552140496553]
771 ; 9 ; 20 ; 8 ; [0.19424857660851308] ; [0.015352676358930529]
771 ; 9 ; 21 ; 0 ; [0.085132099391260777] ; [0.052183089271839726]
771 ; 9 ; 24 ; 0 ; [0.66066682734574] ; [0.11980978052658854]
771 ; 9 ; 24 ; 1 ; [0.26008122142549955] ; [0.26476925799416617]
771 ; 9 ; 24 ; 2 ; [1.0607826137179923] ; [0.96093606540386989]
771 ; 9 ; 25 ; 0 ; [0.027333815972168045] ; [0.048052645983041792]
771 ; 9 ; 25 ; 1 ; [0.25282321952010817] ; [2.2056189618172324]
771 ; 9 ; 26 ; 0 ; [0.52527528353886499] ; [0.53164413729948579]
771 ; 9 ; 27 ; 0 ; [2.1708772416664397] ; [1.0680490218773904]
771 ; 9 ; 27 ; 1 ; [2.3190182495610165, 1.3640236327408219] ; [2.7078228346641713, 0.80641841617908738]
771 ; 9 ; 27 ; 3 ; [2.3350257201270863] ; [5.4802247383218559]
771 ; 9 ; 27 ; 4 ; [2.4154781337940054, 3.630660117051816] ; [1.5667994063632593, 7.8429114624713607]
771 ; 9 ; 27 ; 6 ; [2.8229724814123718] ; [1.9046032304710785]
771 ; 9 ; 27 ; 7 ; [1.8111322483332382] ; [0.70963330812417424]
771 ; 9 ; 27 ; 8 ; [1.0888673175127497] ; [1.1134773618202385]
771 ; 9 ; 27 ; 9 ; [0.63628643195645485] ; [0.91548793019399233]
771 ; 9 ; 27 ; 10 ; [0.49917764227456596] ; [5.6826313933182666]
771 ; 9 ; 27 ; 11 ; [1.9962010418191123] ; [5.5252900286725248]
771 ; 9 ; 27 ; 12 ; [2.2417119554255756] ; [1.8228475030056317]
771 ; 9 ; 27 ; 13 ; [1.12847054310578] ; [1.1662827424918116]
771 ; 9 ; 27 ; 14 ; [0.98518039048485884] ; [2.6131809268199442]
771 ; 9 ; 27 ; 15 ; [1.0118425804070621] ; [3.5645893010396943]
771 ; 9 ; 27 ; 17 ; [0.96641383564907379] ; [1.6741448615745738]
771 ; 9 ; 27 ; 18 ; [2.2519537763722632] ; [1.9243758024377635]
771 ; 9 ; 27 ; 21 ; [1.8283725947919935] ; [3.0181128602786735]
771 ; 9 ; 30 ; 0 ; [0.12502817560233975] ; [0.016252437603223764]
771 ; 9 ; 31 ; 0 ; [0.070430449899605299] ; [0.55836484150896482]
771 ; 9 ; 31 ; 1 ; [0.30266436289989807] ; [0.09065859013947801]
771 ; 9 ; 31 ; 2 ; [0.1904414490540226] ; [0.21065606253464281]
771 ; 9 ; 31 ; 3 ; [0.26680116128843817] ; [0.9249722113921427]
771 ; 9 ; 31 ; 4 ; [0.14967109923445457] ; [0.032544738974479348]
771 ; 9 ; 31 ; 7 ; [0.21636760558436788] ; [0.20806273709709805]
771 ; 9 ; 33 ; 0 ; [0.087708397635470281] ; [0.027944178875204707]
771 ; 9 ; 33 ; 1 ; [0.21445456772899285] ; [0.1755867674846773]
771 ; 9 ; 33 ; 2 ; [0.12869036236046599] ; [0.15167358097449929]
771 ; 9 ; 36 ; 0 ; [1.1126863005668053] ; [0.56624543630999824]
771 ; 9 ; 36 ; 5 ; [0.24357916283933415] ; [0.58719591669039461]
771 ; 9 ; 37 ; 0 ; [-0.048077062919269456] ; [-0.0060758882769836346]
771 ; 9 ; 39 ; 0 ; [0.67144280764189779] ; [0.19027663398594499]
771 ; 9 ; 39 ; 2 ; [0.0020886721554590369] ; [0.86603034733774242]
771 ; 9 ; 41 ; 0 ; [0.64462412326788632] ; [0.43868529619561758]
771 ; 9 ; 41 ; 1 ; [2.0912972155796665] ; [1.4370242983055452]
771 ; 9 ; 41 ; 5 ; [3.3406396903697395] ; [0.87964458851799565]
771 ; 9 ; 43 ; 1 ; [0.13133017290475643] ; [0.094581924526404584]
771 ; 9 ; 44 ; 0 ; [0.28856376629749153] ; [0.04681867638814987]
771 ; 9 ; 47 ; 0 ; [0.1185539593498129] ; [0.42857111055663122]
771 ; 9 ; 47 ; 1 ; [0.1049698992848381] ; [0.00016377143868978296]
771 ; 9 ; 47 ; 3 ; [0.032578921904582163] ; [0.033825914554430778]
771 ; 9 ; 48 ; 3 ; [0.12844306268235214] ; [1.7149465852978076]
771 ; 9 ; 50 ; 0 ; [0.25213276077893171] ; [0.24906169724278074]
771 ; 9 ; 50 ; 1 ; [5.2725720330145135e-05] ; [0.1358547201233489]
771 ; 9 ; 50 ; 3 ; [0.04767793423560137] ; [0.032560191606174703]
771 ; 9 ; 51 ; 0 ; [0.78849823408255915] ; [0.45051887322438289]
771 ; 9 ; 51 ; 1 ; [0.18853906602461384] ; [2.2296742704056438]
771 ; 9 ; 51 ; 2 ; [2.3147564752282106] ; [0.38014480264036438]
771 ; 9 ; 51 ; 3 ; [0.60488615890589548] ; [0.87274999795891772]
771 ; 9 ; 51 ; 5 ; [0.2275307075822447] ; [1.3145020710178663]
771 ; 9 ; 51 ; 10 ; [0.022663402610973247] ; [1.3951458318845376]
771 ; 9 ; 54 ; 0 ; [0.14862515415478569] ; [0.2374444889298773]
771 ; 9 ; 55 ; 0 ; [0.025152480071862417] ; [-0.013649033588582186]
771 ; 9 ; 58 ; 0 ; [2.2990502507317583] ; [0.17345267366059705]
771 ; 9 ; 58 ; 3 ; [3.014487234842619] ; [4.0174422858934111]
771 ; 9 ; 58 ; 5 ; [0.28611541494021614] ; [2.5788648202411117]
771 ; 9 ; 59 ; 0 ; [0.0017401620480856582] ; [0.3383814991217225]
771 ; 9 ; 59 ; 1 ; [0.0033282847169066464] ; [2.6779208527151641]
771 ; 9 ; 61 ; 1 ; [0.59464311095774824] ; [2.895516210364439]
771 ; 9 ; 61 ; 2 ; [0.79090303003671791] ; [0.78344901391571831]
771 ; 9 ; 62 ; 4 ; [1.6982224532178194] ; [0.98156113982790538]
771 ; 9 ; 63 ; 0 ; [0.16103174661314526] ; [0.36520553617262391]
771 ; 9 ; 63 ; 1 ; [0.95325055893011379] ; [0.24341293843699646]
771 ; 9 ; 63 ; 2 ; [1.392240507918225] ; [1.5929578762379084]
771 ; 9 ; 63 ; 3 ; [1.9085700743334759] ; [1.7572591195044214]
771 ; 9 ; 63 ; 4 ; [1.190629948334839] ; [0.26807816253885808]
771 ; 9 ; 63 ; 6 ; [0.4336265118155827] ; [7.5719311530632156]
771 ; 9 ; 63 ; 8 ; [-0.003026539034599836] ; [0.14738305471122409]
771 ; 9 ; 64 ; 0 ; [0.11296128500212965, 0.1637355700899143] ; [0.091980043163057967, -0.0044887874674810401]
771 ; 9 ; 64 ; 1 ; [0.094241806945887435] ; [0.2705842927436003]
771 ; 9 ; 64 ; 5 ; [3.5898898864718776] ; [2.3301085845848402]
771 ; 9 ; 65 ; 0 ; [0.4041158507258415] ; [0.60943491697003349]
771 ; 9 ; 65 ; 1 ; [0.15572006952829689] ; [-0.030784516519594855]
771 ; 9 ; 65 ; 2 ; [0.1054769626807027] ; [0.27550600866084268]
771 ; 9 ; 65 ; 3 ; [-0.10025326565617335] ; [0.77545421645041934]
771 ; 9 ; 65 ; 5 ; [0.044339743002727451] ; [0.37183193973116518]
771 ; 9 ; 66 ; 0 ; [0.45346981036966061] ; [0.1577569468551295]
771 ; 9 ; 66 ; 1 ; [4.6581222720408206] ; [0.41705417213234891]
771 ; 9 ; 66 ; 3 ; [0.037203319684266711] ; [0.14396521538712104]
771 ; 9 ; 66 ; 5 ; [0.9564308835741554] ; [0.63283944592353014]
771 ; 9 ; 66 ; 7 ; [0.10284872456928788] ; [2.5651058796854187]
771 ; 9 ; 66 ; 9 ; [1.4821516756164737] ; [0.60650517879958343]
771 ; 9 ; 66 ; 13 ; [0.75930139095577076] ; [0.22744585299050607]
771 ; 9 ; 66 ; 14 ; [1.2719654074265749] ; [0.31207027419666405]
771 ; 9 ; 67 ; 3 ; [2.1576425075895846] ; [0.12773649929572908]
771 ; 9 ; 68 ; 0 ; [0.92120221256116841] ; [-0.059505163701346259]
771 ; 9 ; 68 ; 1 ; [0.13999696737725537] ; [1.0079153318082497]
771 ; 9 ; 68 ; 2 ; [0.92412028271544766] ; [0.88890587497724294]
771 ; 9 ; 68 ; 7 ; [0.0020697307613829303] ; [-0.07900901491137835]
771 ; 9 ; 70 ; 0 ; [0.074750022298335592] ; [0.25640339510501664]
771 ; 9 ; 70 ; 1 ; [-0.015366574104675347, 0.094857077397750608] ; [0.001691702260685661, -0.023567185793898219]
771 ; 9 ; 71 ; 0 ; [3.6780418784373081] ; [0.64787535274609376]
771 ; 9 ; 71 ; 1 ; [1.6395448317079977] ; [0.74782970245910263]
771 ; 9 ; 71 ; 6 ; [0.74091403230111241] ; [0.26849777149060755]
771 ; 9 ; 71 ; 7 ; [1.0202085915720362] ; [4.5456501161800178]
771 ; 9 ; 71 ; 8 ; [2.3375750110164941] ; [0.36289352422964188]
771 ; 9 ; 71 ; 9 ; [1.3279380824364986] ; [3.9238045287322132]
771 ; 9 ; 71 ; 10 ; [1.8675905558284049] ; [0.51980856338211168]
771 ; 9 ; 72 ; 0 ; [0.36999993602806941] ; [0.25085343724894638]
771 ; 9 ; 72 ; 1 ; [0.098075079783771474, 0.17135786350828286] ; [1.2630743583902695, 2.6513573762824172]
771 ; 9 ; 72 ; 2 ; [1.3063669258069082] ; [0.45418957867713805]
771 ; 9 ; 72 ; 6 ; [1.677838299948726] ; [4.4628382034979426]
771 ; 9 ; 72 ; 7 ; [0.26421262933323703] ; [3.8254180252516221]
771 ; 9 ; 74 ; 0 ; [0.12328668398833452] ; [0.14813822574761518]
771 ; 9 ; 74 ; 1 ; [0.087395406753110569] ; [0.0036247405177665514]
771 ; 9 ; 76 ; 0 ; [0.36778712308855488, 0.080094421930190118] ; [1.0289869869654615, 0.56205936305998105]
771 ; 9 ; 79 ; 0 ; [1.4556816004521145] ; [1.3929092200719078]
771 ; 9 ; 79 ; 1 ; [0.13154238518582778] ; [0.47301461332757472]
771 ; 9 ; 79 ; 2 ; [1.7420448704964546] ; [2.5478951851619609]
771 ; 9 ; 79 ; 3 ; [2.8114127175929791] ; [0.58012469267056188]
771 ; 9 ; 79 ; 4 ; [0.85337214031251341] ; [2.81239318430561]
771 ; 9 ; 79 ; 5 ; [1.9942980603713309] ; [4.1875817907498325]
771 ; 9 ; 79 ; 7 ; [1.5232406836222889] ; [1.3181083322753142]
771 ; 9 ; 79 ; 8 ; [1.6568199327502331] ; [1.6033287848986091]
771 ; 9 ; 79 ; 10 ; [2.0712009810920797] ; [3.9081244307509455]
771 ; 9 ; 79 ; 11 ; [2.0222175054190799] ; [2.3644477445542331]
771 ; 9 ; 79 ; 13 ; [2.6998282163692697] ; [1.8716955615783324]
771 ; 9 ; 79 ; 16 ; [0.059791383272595221] ; [1.1496329074509166]
771 ; 9 ; 79 ; 17 ; [1.7869294562967084] ; [3.0463329506110632]
771 ; 9 ; 79 ; 21 ; [1.5912071189095551] ; [2.4016837743214507]
771 ; 9 ; 80 ; 0 ; [2.9343108161323954] ; [1.3077592362500747]
771 ; 9 ; 80 ; 1 ; [1.5493078066177703] ; [0.5625997017545834]
771 ; 9 ; 80 ; 5 ; [1.3146266587247073] ; [2.5123282612451834]
771 ; 9 ; 80 ; 6 ; [5.2684921894691294] ; [2.3281159410289245]
771 ; 9 ; 80 ; 13 ; [0.29542429444314855] ; [0.5432852310795645]
771 ; 9 ; 81 ; 0 ; [0.50745898912212306] ; [0.99093527117758107]
771 ; 9 ; 84 ; 1 ; [1.8445959000864847] ; [1.4791994435758162]
771 ; 9 ; 85 ; 0 ; [0.0028845205119606265] ; [0.074807497843271106]
771 ; 9 ; 85 ; 1 ; [1.4182155737000479] ; [1.0462929601172595]
771 ; 9 ; 85 ; 2 ; [-0.0014889318342062032] ; [0.44585926294775641]
771 ; 9 ; 85 ; 4 ; [0.08368068347953371] ; [0.90857526928541266]
771 ; 9 ; 86 ; 0 ; [0.97127709163777365] ; [0.89814561147212391]
771 ; 9 ; 86 ; 2 ; [0.81384805464066301] ; [1.9772521562251892]
771 ; 9 ; 86 ; 5 ; [1.2515612305347217] ; [2.284444386462785]
771 ; 9 ; 86 ; 6 ; [0.029039738336989647] ; [2.6460500305631616]
771 ; 9 ; 86 ; 8 ; [2.2199736373171857] ; [2.0036664935853237]
771 ; 9 ; 86 ; 12 ; [0.021487479483677952] ; [2.1920530865241039]
771 ; 9 ; 86 ; 13 ; [0.27026010865380012] ; [1.6750793700667583]
771 ; 9 ; 86 ; 18 ; [5.5594124562022964] ; [0.975583762966448]
771 ; 9 ; 87 ; 4 ; [0.74544555068310636] ; [0.35262232255678222]
771 ; 9 ; 88 ; 0 ; [1.5576993504452936] ; [1.3054933350911031]
771 ; 9 ; 88 ; 1 ; [0.53568092165070791] ; [2.1724663947003742]
771 ; 9 ; 88 ; 3 ; [0.94090920510667486] ; [0.8917672177610545]
771 ; 9 ; 90 ; 0 ; [3.4217484646920626] ; [2.4341440460075821]
771 ; 9 ; 90 ; 3 ; [1.0210312153910417] ; [1.29879535620014]
771 ; 9 ; 91 ; 0 ; [0.70936821721144194] ; [0.31857724752552646]
771 ; 9 ; 94 ; 0 ; [0.35918576804290653] ; [0.0060988653289731163]
771 ; 9 ; 94 ; 1 ; [0.073808238030642515] ; [0.092491799348004597]
771 ; 9 ; 95 ; 0 ; [0.28943632869994784] ; [0.89047046876094893]
771 ; 9 ; 96 ; 0 ; [0.30293463043011193] ; [2.1357096901772197]
771 ; 9 ; 97 ; 0 ; [1.6570927440806866] ; [1.3318522940817568]
771 ; 9 ; 97 ; 2 ; [1.1166299093153809] ; [3.5047856325737299]
771 ; 9 ; 101 ; 1 ; [0.42250530076341536] ; [0.15492300466317352]
771 ; 9 ; 102 ; 1 ; [0.34605742922908272] ; [0.35198367793586904]
771 ; 9 ; 102 ; 2 ; [0.18139742394387362] ; [0.39338853459025086]
771 ; 9 ; 102 ; 6 ; [0.18333807576072619] ; [0.065490415633429735]
771 ; 9 ; 102 ; 23 ; [0.14894332190354206] ; [0.17647728148625799]
771 ; 9 ; 102 ; 24 ; [0.5332837790527567] ; [0.3218818803940679]
771 ; 9 ; 103 ; 0 ; [1.0105595379490238] ; [0.052148129670838358]
771 ; 9 ; 103 ; 1 ; [0.29811833212779365] ; [0.45532780320196892]
771 ; 9 ; 103 ; 5 ; [0.10429860355056131] ; [1.0874068767587546]
771 ; 9 ; 103 ; 6 ; [0.52073234555182135] ; [1.0715118825058498]
771 ; 9 ; 104 ; 0 ; [0.1071237400764284] ; [-0.032812249240396156]
771 ; 9 ; 105 ; 0 ; [1.3856385915638783, -0.029939779231638375] ; [0.42475579911013633, 0.041757530664809105]
771 ; 9 ; 106 ; 1 ; [0.62918159709996602] ; [1.3520417898004653]
771 ; 9 ; 106 ; 3 ; [0.29244309866311019] ; [0.3373982489076236]
771 ; 9 ; 107 ; 0 ; [0.019296997177597457] ; [0.05498197867467202]
771 ; 9 ; 107 ; 1 ; [0.0048925016836059354] ; [-0.021868677518346903]
771 ; 9 ; 108 ; 0 ; [0.74453674793748825] ; [-0.027092820449251129]
771 ; 9 ; 108 ; 1 ; [0.053154145536934226, -0.0086760530633309633] ; [0.07217260432421764, 0.021173508749727458]
771 ; 9 ; 109 ; 0 ; [-0.015006876223636598] ; [0.028216041984990042]
771 ; 9 ; 112 ; 0 ; [0.37771929666214832] ; [1.2135310987644194]
771 ; 9 ; 112 ; 3 ; [6.3861682706597556] ; [1.0846123990475076]
771 ; 9 ; 114 ; 1 ; [0.56508855412929448] ; [-0.004146864320648716]
771 ; 9 ; 114 ; 3 ; [0.28858066376866798] ; [1.7899981007718555]
771 ; 9 ; 114 ; 5 ; [0.013277429271437734] ; [0.039814240067848401]
771 ; 9 ; 114 ; 6 ; [0.29999337657811037] ; [1.2066726501726612]
771 ; 9 ; 116 ; 0 ; [0.34262019331404869] ; [0.25088846145843935]
771 ; 9 ; 116 ; 1 ; [1.3216269713218711] ; [0.28125155112068473]
771 ; 9 ; 116 ; 3 ; [0.21365230709163158] ; [-0.03400741646374715]
771 ; 9 ; 116 ; 4 ; [1.0129871880645267] ; [0.22724866712356581]
771 ; 9 ; 116 ; 5 ; [0.48072807315662802] ; [0.61595571305214503]
771 ; 9 ; 116 ; 8 ; [0.75379669121460402] ; [0.77836465818263989]
771 ; 9 ; 116 ; 14 ; [0.52783019469518522] ; [1.7746892165263777]
771 ; 9 ; 117 ; 0 ; [0.74896402244176474] ; [0.15563110075075784]
771 ; 9 ; 117 ; 1 ; [0.26990923215844304] ; [0.27357657536877628]
771 ; 9 ; 118 ; 0 ; [0.09249117309409205] ; [0.29639921346547959]
771 ; 9 ; 118 ; 1 ; [0.58933006925021303] ; [0.95800099102158587]
771 ; 9 ; 118 ; 2 ; [1.8899801189726322] ; [0.12621246253686774]
771 ; 9 ; 118 ; 6 ; [4.5195115179669481] ; [3.6513194426081865]
771 ; 9 ; 123 ; 0 ; [0.2470015580610872] ; [0.083371239896455285]
771 ; 9 ; 124 ; 0 ; [0.63262180646646993] ; [0.43939516913309468]
771 ; 9 ; 124 ; 1 ; [0.28636155955500342] ; [0.65818390592875542]
771 ; 9 ; 124 ; 3 ; [1.5804058081198038] ; [0.87679999139661924]
771 ; 9 ; 125 ; 0 ; [2.4678310265745553] ; [0.045213274128692742]
771 ; 9 ; 127 ; 0 ; [0.20405758316976211] ; [2.7599051600302071]
771 ; 9 ; 128 ; 0 ; [-0.014435817303021301] ; [0.025463964058095149]
771 ; 9 ; 130 ; 1 ; [0.069406938911862684] ; [1.1621200446827977]
771 ; 9 ; 132 ; 0 ; [0.26375349212510624] ; [0.19147267785594826]
771 ; 9 ; 136 ; 0 ; [0.033347835966698033, 0.76438506498780157] ; [0.093909687505609407, 0.016036517982360592]
771 ; 9 ; 136 ; 1 ; [-0.024440694107703876] ; [0.065905362901949316]
771 ; 9 ; 137 ; 0 ; [0.39387588676391577] ; [-0.15901186760354222]
771 ; 9 ; 138 ; 0 ; [0.021352809885049499] ; [0.18511493767991011]
771 ; 9 ; 138 ; 4 ; [0.0077442969539076945] ; [0.37848453204071797]
771 ; 9 ; 140 ; 0 ; [0.076667244436665671] ; [0.31518598422110888]
771 ; 9 ; 140 ; 1 ; [0.20144583523619394] ; [0.18570203016325243]
771 ; 9 ; 140 ; 2 ; [0.13278878429345617] ; [0.32390171902465609]
771 ; 9 ; 141 ; 1 ; [0.60373947786288851] ; [0.53203112004930952]
771 ; 9 ; 141 ; 5 ; [0.026334632659822402] ; [0.025028177701668059]
771 ; 9 ; 144 ; 0 ; [0.4010058249077435] ; [0.59422347373469686]
771 ; 9 ; 146 ; 1 ; [0.053235812244760448] ; [0.19123362730072987]
771 ; 9 ; 147 ; 0 ; [-0.034575163993018472] ; [0.22388115993418287]
771 ; 9 ; 148 ; 0 ; [1.1308377066348356] ; [0.48528029104554682]
771 ; 9 ; 148 ; 1 ; [0.21947405676020637, 0.33238771104267312] ; [0.29066785456508726, 0.0053419727321287304]
771 ; 9 ; 148 ; 2 ; [0.23891774198998242] ; [0.177144786768691]
771 ; 9 ; 148 ; 3 ; [0.0067254711264881145] ; [0.42043870795876354]
771 ; 9 ; 148 ; 8 ; [0.43742007393779142] ; [1.3905006866419352]
771 ; 9 ; 148 ; 9 ; [0.042646968890145034] ; [0.3562567473926852]
771 ; 9 ; 148 ; 10 ; [0.43220507137298719] ; [6.1825748777096567]
771 ; 9 ; 148 ; 14 ; [0.55433242624892343] ; [0.13789231364171406]
771 ; 9 ; 148 ; 15 ; [0.038792280703668365] ; [0.70376563313843354]
771 ; 9 ; 150 ; 0 ; [0.30008242161888365] ; [3.6176234951915522]
771 ; 9 ; 150 ; 3 ; [0.55756665989501042] ; [0.51212561718253979]
771 ; 9 ; 150 ; 4 ; [2.16405917991443] ; [1.9467281406903181]
771 ; 9 ; 151 ; 0 ; [0.68200275203674132] ; [0.54418872503258353]
771 ; 9 ; 151 ; 1 ; [0.90011811898638727] ; [2.3023360203728207]
771 ; 9 ; 151 ; 2 ; [0.6201203161920007] ; [0.67419607184868602]
771 ; 9 ; 151 ; 3 ; [1.9826792728327332] ; [0.4082295864843275]
771 ; 9 ; 151 ; 5 ; [0.63572618944714143] ; [3.4665023019876764]
771 ; 9 ; 151 ; 6 ; [1.8020538209944053] ; [1.1297756751467918]
771 ; 9 ; 151 ; 9 ; [3.8620426912654304] ; [2.5801630673777716]
771 ; 9 ; 152 ; 0 ; [0.03226136994317344, -0.020233680127766503] ; [0.16152691695381563, 0.0004906258059733258]
771 ; 9 ; 154 ; 0 ; [0.29774948263977519] ; [0.083243462769175158]
771 ; 9 ; 154 ; 4 ; [0.3266872662912183] ; [0.19240604994886315]
771 ; 9 ; 155 ; 0 ; [1.204222014613358] ; [0.70775511100190058]
771 ; 9 ; 155 ; 1 ; [0.41897859382965674] ; [0.37366845551095063]
771 ; 9 ; 155 ; 3 ; [0.3344659256593765] ; [1.0512753424841266]
771 ; 9 ; 155 ; 4 ; [0.046785697105309602] ; [-0.03756753998756255]
771 ; 9 ; 155 ; 20 ; [1.2034831399168722] ; [0.0066076797735986738]
771 ; 9 ; 155 ; 21 ; [0.63461829129752023] ; [-0.0065584669366193973]
771 ; 9 ; 157 ; 0 ; [-0.11236989619628064] ; [0.49005579266289034]
771 ; 9 ; 157 ; 1 ; [0.0044828099364688581] ; [0.13540690954490173]
771 ; 9 ; 160 ; 0 ; [1.5809992344968715] ; [0.58069117335060372]
771 ; 9 ; 160 ; 2 ; [0.27687054861666438] ; [-0.038372079808460816]
771 ; 9 ; 160 ; 3 ; [2.5573439148533663] ; [0.94574266056105927]
771 ; 9 ; 160 ; 10 ; [0.18076780667661421] ; [1.1767010426149493]
771 ; 9 ; 160 ; 18 ; [3.7773002501713524] ; [1.4316645708863425]
771 ; 9 ; 160 ; 19 ; [4.0816500729262932] ; [1.409030141586552]
771 ; 9 ; 161 ; 0 ; [0.29648287913833188] ; [0.069405980893379779]
771 ; 9 ; 161 ; 1 ; [0.024276404322281252] ; [-0.0057820895366949236]
771 ; 9 ; 162 ; 0 ; [0.85797699697224883, 0.41173777484091556] ; [0.051449647830478562, 0.17922064416426689]
771 ; 9 ; 162 ; 1 ; [2.1003414003496159] ; [0.084429157625759726]
771 ; 9 ; 162 ; 13 ; [0.11803965915941261] ; [0.03887222841190581]
771 ; 9 ; 164 ; 1 ; [0.73084976352259556] ; [3.2749961612960106]
771 ; 9 ; 166 ; 0 ; [1.6101283157547905] ; [-0.054642381951459019]
771 ; 9 ; 167 ; 0 ; [0.17056764245121969] ; [-0.040347481640673116]
771 ; 9 ; 168 ; 0 ; [0.17474139954498472] ; [0.023954312334686267]
771 ; 9 ; 169 ; 0 ; [0.061437341473627394] ; [0.19299853938389919]
771 ; 9 ; 169 ; 1 ; [0.0068417279499692974] ; [0.35042139465536626]
771 ; 9 ; 173 ; 0 ; [0.13767696947517899] ; [0.11818333911247629]
771 ; 9 ; 173 ; 1 ; [0.094962707135135938] ; [0.14520729498500351]
771 ; 9 ; 173 ; 2 ; [0.10738127385503857] ; [0.31873863576170958]
771 ; 9 ; 173 ; 3 ; [0.15832444617469993] ; [1.3477771618927685]
771 ; 9 ; 173 ; 7 ; [0.11448825754735775] ; [0.35721705085551131]
771 ; 9 ; 174 ; 0 ; [-0.00067939059040720011] ; [0.048970326483105578]
771 ; 9 ; 174 ; 1 ; [0.18402972644923507] ; [0.57241639851601034]
771 ; 9 ; 175 ; 0 ; [0.28427392583484179] ; [2.2060221169899328]
771 ; 9 ; 175 ; 2 ; [1.8480155542133294] ; [1.4972357673191363]
771 ; 9 ; 175 ; 5 ; [2.7720779398180175] ; [3.0797922581993755]
771 ; 9 ; 177 ; 2 ; [0.904405679365897] ; [0.11987871113205535]
771 ; 9 ; 179 ; 0 ; [0.020318910994409321] ; [0.089049557132361457]
771 ; 9 ; 179 ; 1 ; [0.19559606620280306] ; [0.23499093220796793]
771 ; 9 ; 180 ; 0 ; [0.11106920774281845] ; [-0.1090097642532679]
771 ; 9 ; 180 ; 1 ; [0.049696315070972032] ; [-0.024195002256572607]
771 ; 9 ; 181 ; 0 ; [1.6554125462576681] ; [0.37747767441406688]
771 ; 9 ; 182 ; 0 ; [0.50125766382018921] ; [0.48285960288989394]
771 ; 9 ; 183 ; 0 ; [0.38548773674122122, 0.24203268105748643] ; [0.59830279627386695, 0.71673395756932123]
771 ; 9 ; 183 ; 1 ; [0.11708299030489025] ; [-0.00072068083474401384]
771 ; 9 ; 183 ; 3 ; [0.34444770519061929] ; [0.093032792333030787]
771 ; 9 ; 183 ; 4 ; [0.16459517176882876] ; [-0.018672276758059176]
771 ; 9 ; 184 ; 0 ; [0.036636771084237477] ; [-0.23934403622392444]
771 ; 9 ; 185 ; 0 ; [0.42384921597878789] ; [0.19602170297889754]
771 ; 9 ; 188 ; 1 ; [0.13876058926728568] ; [0.31105211000415633]
771 ; 9 ; 189 ; 0 ; [0.086417246231398376] ; [0.085221163213635584]
771 ; 9 ; 189 ; 1 ; [1.7538350832982592] ; [2.9178347912723597]
771 ; 9 ; 189 ; 2 ; [0.38125537238773521] ; [3.7275660931212258]
771 ; 9 ; 191 ; 0 ; [-0.0020393706511242305] ; [0.67514585287122664]
771 ; 9 ; 192 ; 1 ; [0.056053666229892996] ; [1.0893332289809154]
771 ; 9 ; 193 ; 1 ; [1.3818450373561666] ; [1.3448629532075396]
771 ; 9 ; 194 ; 0 ; [0.18941633028835594] ; [0.33754255707187658]
771 ; 9 ; 194 ; 5 ; [0.23524683868291904] ; [0.372405654970481]
771 ; 9 ; 195 ; 0 ; [-0.0071705294260515761, -0.011435598733518994] ; [0.0071980831278077341, -0.020824441709123721]
771 ; 9 ; 195 ; 1 ; [0.15859776703958067] ; [0.069390867735647663]
771 ; 9 ; 196 ; 0 ; [0.0041956090763556825] ; [0.36240916541654988]
771 ; 9 ; 196 ; 1 ; [4.4100614179135613] ; [0.3273586234174608]
771 ; 9 ; 196 ; 2 ; [0.54652116387806449] ; [-0.0078810772907950948]
771 ; 9 ; 197 ; 0 ; [0.78833170773144368] ; [0.068946790599913862]
771 ; 9 ; 197 ; 1 ; [0.14426864251493848] ; [0.023128975467818617]
771 ; 9 ; 198 ; 0 ; [0.14310941875457747] ; [0.010339243498577792]
771 ; 9 ; 199 ; 0 ; [0.3507002050913044] ; [0.24626037289679714]
771 ; 9 ; 199 ; 1 ; [0.13293948555737309] ; [1.6475002984657987]
771 ; 9 ; 199 ; 2 ; [0.052242297878367344] ; [3.6654920516746077]
771 ; 9 ; 199 ; 8 ; [-0.0029817786648364329] ; [0.066826581666907178]
771 ; 9 ; 201 ; 0 ; [0.34387819453814084] ; [0.94092862801321742]
771 ; 9 ; 203 ; 4 ; [0.54862781541048489] ; [0.59296636621778787]
771 ; 9 ; 204 ; 0 ; [4.2532333545911829] ; [0.26569942796150386]
771 ; 9 ; 204 ; 2 ; [0.81122526798650074] ; [1.76297660522333]
771 ; 9 ; 204 ; 3 ; [0.1468673191195469] ; [1.2225070984560871]
771 ; 9 ; 206 ; 0 ; [0.64378130512282017] ; [0.4084090158312042]
771 ; 9 ; 208 ; 0 ; [0.10073345384045887] ; [0.020610175562859726]
771 ; 9 ; 208 ; 1 ; [1.1997852237689357] ; [2.7486681218403777]
771 ; 9 ; 208 ; 3 ; [1.6099855555944977] ; [1.5102847462785913]
771 ; 9 ; 208 ; 4 ; [1.4244833164442285] ; [1.3987266887952139]
771 ; 9 ; 208 ; 5 ; [1.396519043913945] ; [0.0032779394438088921]
771 ; 9 ; 209 ; 0 ; [0.054966599563094673, -0.043787095757814788] ; [0.008135784079940098, -0.032612062261743131]
771 ; 9 ; 210 ; 0 ; [0.48742560307516886] ; [0.06151203308014596]
771 ; 9 ; 210 ; 1 ; [0.48256268972007738] ; [0.10627621920426256]
771 ; 9 ; 210 ; 2 ; [0.2871822970759379] ; [0.14678772310741578]
771 ; 9 ; 210 ; 3 ; [1.1232306216749044] ; [0.31510346704955122]
771 ; 9 ; 210 ; 4 ; [0.77068411301817452] ; [0.14786915238536627]
771 ; 9 ; 210 ; 5 ; [0.43724316391116047] ; [0.26348316799470439]
771 ; 9 ; 210 ; 6 ; [0.42449526601331172] ; [0.11940009720451687]
771 ; 9 ; 211 ; 0 ; [0.93180151086626151] ; [0.062221467033374396]
771 ; 9 ; 211 ; 1 ; [0.48566975801079887] ; [0.10874172519389674]
771 ; 9 ; 211 ; 2 ; [0.16116936310793223] ; [0.57798285434627106]
771 ; 9 ; 211 ; 7 ; [0.39822476179186583] ; [0.34102006610498209]
771 ; 9 ; 212 ; 0 ; [0.43838034773886553] ; [0.17789895182250082]
771 ; 9 ; 213 ; 0 ; [0.39308201383412639] ; [0.043140509082180492]
771 ; 9 ; 214 ; 0 ; [-0.029806485175135459] ; [-0.040997417419259927]
771 ; 9 ; 214 ; 1 ; [0.040035107487672916] ; [0.52301344263720195]
771 ; 9 ; 215 ; 0 ; [0.10010841890346589] ; [0.27508053403223393]
771 ; 9 ; 216 ; 0 ; [0.078993489626071389] ; [0.87891071312892477]
771 ; 9 ; 216 ; 1 ; [0.92503923325997939] ; [2.6339823409989194]
771 ; 9 ; 217 ; 2 ; [-0.020163156636448076] ; [0.045322565641362132]
771 ; 9 ; 218 ; 0 ; [0.64479650512711284] ; [0.03819770392807862]
771 ; 9 ; 218 ; 1 ; [0.0025668306506915362] ; [0.32633716257041873]
771 ; 9 ; 218 ; 5 ; [1.5304561072520366] ; [0.69059848128267354]
771 ; 9 ; 219 ; 0 ; [0.19758852341085931] ; [0.28606450722479065]
771 ; 9 ; 219 ; 1 ; [0.17296944609476] ; [0.016384140648039201]
771 ; 9 ; 219 ; 2 ; [1.3699073450514569] ; [2.3139661578880268]
771 ; 9 ; 219 ; 4 ; [0.12270046930853624] ; [0.026256030756314934]
771 ; 9 ; 220 ; 2 ; [1.9812565734505645] ; [0.73424634080880824]
771 ; 9 ; 220 ; 3 ; [1.4129838935458239] ; [3.4155609366451665]
771 ; 9 ; 222 ; 0 ; [-0.13943679585586408] ; [-0.066412771257161801]
771 ; 9 ; 222 ; 5 ; [0.043580015325056537] ; [0.24288838564108703]
771 ; 9 ; 222 ; 6 ; [0.046661950274526416] ; [1.5261789394525749]
771 ; 9 ; 223 ; 1 ; [0.082087639961478262] ; [0.14424227689063951]
771 ; 9 ; 223 ; 12 ; [1.0384353180031918] ; [1.0930133265906297]
771 ; 9 ; 224 ; 1 ; [0.1080459669696945] ; [0.083432925878182573]
771 ; 9 ; 224 ; 2 ; [0.23314059261908604] ; [1.9778478009417717]
771 ; 9 ; 224 ; 4 ; [1.106539294471993] ; [0.68088918135916976]
771 ; 9 ; 225 ; 0 ; [0.18552267414235074] ; [0.020572161648653227]
771 ; 9 ; 225 ; 4 ; [0.062280564666906381] ; [0.77050124410609311]
771 ; 9 ; 225 ; 6 ; [0.48823226593947394] ; [0.45047824262572783]
771 ; 9 ; 227 ; 1 ; [1.8377690353536302] ; [2.8319876547190037]
771 ; 9 ; 227 ; 2 ; [0.018690933593305335] ; [0.79244081717614046]
771 ; 9 ; 227 ; 3 ; [1.2529033927503899] ; [3.1546580004281002]
771 ; 9 ; 227 ; 4 ; [1.283102887332823] ; [0.48897391063849704]
771 ; 9 ; 227 ; 11 ; [1.4859207743427565] ; [0.47506694688719991]
771 ; 9 ; 227 ; 15 ; [0.675032172178755] ; [0.33358017208733148]
771 ; 9 ; 229 ; 0 ; [-0.092400001559209813] ; [0.11696187312129072]
771 ; 9 ; 229 ; 1 ; [2.0762519707271916] ; [3.2893450990167508]
771 ; 9 ; 229 ; 4 ; [1.3753545923658457] ; [1.6210128055109179]
771 ; 9 ; 229 ; 7 ; [0.23025597732126971] ; [0.16874208475936162]
771 ; 9 ; 230 ; 0 ; [0.508916721963525] ; [0.53103565567689937]
771 ; 9 ; 230 ; 2 ; [0.70754246115068431] ; [4.0641171645468548]
771 ; 9 ; 230 ; 4 ; [0.072331391623760927] ; [0.71584322278845602]
771 ; 9 ; 231 ; 0 ; [0.18450591640630148, 0.14412625834207066] ; [0.6098716402461094, 0.52733899426104858]
771 ; 9 ; 232 ; 0 ; [0.085103457839065408] ; [0.094001551357762794]
771 ; 9 ; 232 ; 1 ; [0.048078018823350721] ; [1.1198365459637571]
771 ; 9 ; 234 ; 0 ; [1.2005374594837521] ; [0.036088558897691067]
771 ; 9 ; 234 ; 1 ; [0.98365212755894138] ; [0.23973004407506451]
771 ; 9 ; 234 ; 2 ; [0.28633664864874014] ; [0.082537771816980229]
771 ; 9 ; 234 ; 3 ; [0.68540351448951775] ; [0.87221202999700209]
771 ; 9 ; 234 ; 4 ; [0.64232969792817696] ; [0.39682172548598893]
771 ; 9 ; 234 ; 12 ; [0.10808717907231515] ; [0.60123968906210501]
771 ; 9 ; 234 ; 15 ; [0.7020942426139809] ; [0.78644402457854257]
771 ; 9 ; 236 ; 0 ; [0.1427453798694488] ; [-0.012049245742693445]
771 ; 9 ; 237 ; 1 ; [0.10802371151468922] ; [0.36005155652799842]
771 ; 9 ; 237 ; 6 ; [0.036941481491103045] ; [-0.018068931803006907]
771 ; 9 ; 239 ; 0 ; [-0.018656242090210589] ; [0.011931719002009894]
771 ; 9 ; 241 ; 0 ; [0.56363220636210198] ; [1.3780482156786136]
771 ; 9 ; 243 ; 0 ; [0.45849405395350074] ; [0.085365382173224161]
771 ; 9 ; 244 ; 0 ; [1.7605489697044836] ; [0.59094060461544518]
771 ; 9 ; 244 ; 1 ; [0.025201504071603886] ; [1.6012087242385868]
771 ; 9 ; 245 ; 0 ; [0.081940151042875622] ; [0.17782226359428091]
771 ; 9 ; 245 ; 1 ; [0.10013338162422132] ; [-0.014087815589403828]
771 ; 9 ; 245 ; 5 ; [-0.041489874147044886] ; [0.20712989810379184]
771 ; 9 ; 246 ; 0 ; [0.43452187642528156] ; [0.65223795695544962]
771 ; 9 ; 247 ; 0 ; [0.57700930786317672] ; [0.14897864752596679]
771 ; 9 ; 247 ; 2 ; [0.048724179305685865] ; [0.27456059811644945]
771 ; 9 ; 247 ; 3 ; [0.34996785754885046] ; [0.24493779811550059]
771 ; 9 ; 250 ; 0 ; [0.33006887690816317] ; [0.059033382108701744]
771 ; 9 ; 250 ; 1 ; [0.13951898947436536] ; [0.11977164547579532]
771 ; 9 ; 250 ; 2 ; [0.39346957573933139] ; [0.0015705613825934023]
771 ; 9 ; 250 ; 4 ; [-0.048512991712267715] ; [1.3944944406615967]
771 ; 9 ; 253 ; 0 ; [0.1514845966188676] ; [0.18452702151895203]
771 ; 9 ; 256 ; 0 ; [-0.0063752083382579107] ; [0.049453511998960968]
771 ; 9 ; 257 ; 0 ; [0.2938884589328784] ; [0.1060863022501667]
771 ; 9 ; 257 ; 3 ; [0.32750144591646252] ; [0.4994022364376195]
771 ; 9 ; 259 ; 0 ; [0.26614847788295148] ; [0.0076379456459635111]
771 ; 9 ; 260 ; 0 ; [0.24937065690495894] ; [1.1037205376084853]
771 ; 9 ; 261 ; 0 ; [0.25438840098552584] ; [0.30496002342357448]
771 ; 9 ; 263 ; 7 ; [0.069272297418387072] ; [0.65280119968976014]
771 ; 9 ; 264 ; 0 ; [0.24157219155364038] ; [-0.0032616317302362704]
771 ; 9 ; 265 ; 0 ; [-0.055814596488876163] ; [0.10145715375685938]
771 ; 9 ; 266 ; 0 ; [0.45535845651713264] ; [0.38226788146436602]
771 ; 9 ; 266 ; 1 ; [0.006979072368050945] ; [0.15887519535093353]
771 ; 9 ; 268 ; 1 ; [0.80763668519984877] ; [0.67635381326123356]
771 ; 9 ; 268 ; 4 ; [1.0618070503090087] ; [2.47951197569959]
771 ; 9 ; 269 ; 0 ; [0.25852568900675565] ; [0.21336945706523086]
771 ; 9 ; 270 ; 0 ; [0.40623882495024732, 0.26388695368670329] ; [0.024252074332837478, 0.0030070956781953944]
771 ; 9 ; 270 ; 4 ; [0.14862518685506007] ; [2.4435649468052256]
771 ; 9 ; 271 ; 0 ; [0.46950055168511717] ; [0.40844196299202151]
771 ; 9 ; 271 ; 1 ; [0.08175880176908952] ; [0.16985528748018566]
771 ; 9 ; 271 ; 2 ; [0.068546063520588396] ; [0.13390882423117098]
771 ; 9 ; 271 ; 4 ; [1.1314212222515112] ; [0.75420951337625708]
771 ; 9 ; 271 ; 8 ; [0.37025166255528635] ; [0.17628003607167311]
771 ; 9 ; 272 ; 0 ; [0.8410344909061318] ; [0.017435444415966631]
771 ; 9 ; 273 ; 0 ; [0.46342575182879708] ; [0.55802705373084127]
771 ; 9 ; 273 ; 1 ; [0.054110745303275989] ; [-0.0040449335702532627]
771 ; 9 ; 273 ; 4 ; [0.064566655774865686] ; [-0.028801150916048995]
771 ; 9 ; 281 ; 0 ; [0.67638253723377739] ; [0.32400247488838929]
771 ; 9 ; 281 ; 1 ; [1.0747553349027754] ; [2.5014118047756004]
771 ; 9 ; 281 ; 3 ; [2.3372682518074135] ; [1.8995640228343389]
771 ; 9 ; 281 ; 5 ; [0.14635816398174931] ; [2.283679542588319]
771 ; 9 ; 284 ; 1 ; [2.213435359280723] ; [0.99532028234337722]
771 ; 9 ; 284 ; 4 ; [0.17904195693386998] ; [1.2281727341752318]
771 ; 9 ; 285 ; 0 ; [0.33573791719263402] ; [-0.0071261480412428586]
771 ; 9 ; 285 ; 1 ; [0.21280167255023688] ; [0.1695983943979486]
771 ; 9 ; 285 ; 2 ; [0.14659683682369701] ; [0.3985821578168926]
771 ; 9 ; 285 ; 3 ; [0.59719862416937175] ; [0.13087590579535466]
771 ; 9 ; 285 ; 5 ; [0.095978151429560482] ; [0.25935931020327702]
771 ; 9 ; 286 ; 0 ; [1.5574025541243683] ; [0.085939230104299616]
771 ; 9 ; 286 ; 2 ; [1.4076778427557575] ; [2.5058866417155561]
771 ; 9 ; 286 ; 5 ; [4.4349115473691638] ; [0.22946165781138719]
771 ; 9 ; 286 ; 6 ; [0.99362843769472864] ; [1.22897482653606]
771 ; 9 ; 286 ; 9 ; [2.3607265143433955] ; [0.8638184501432099]
771 ; 9 ; 287 ; 0 ; [0.24877067766161445] ; [0.64595462888924349]
771 ; 9 ; 287 ; 1 ; [0.024004868390794489] ; [0.49612883737766794]
771 ; 9 ; 287 ; 2 ; [0.23089414889191942] ; [3.2358166591458652]
771 ; 9 ; 287 ; 3 ; [0.34081985304535595] ; [-0.015044963777933861]
771 ; 9 ; 288 ; 0 ; [0.68712493914694817] ; [0.4967889865287678]
771 ; 9 ; 288 ; 2 ; [0.033788870866067536] ; [-0.0031639365146426961]
771 ; 9 ; 292 ; 0 ; [1.1357011979893432] ; [2.1066576790308189]
771 ; 9 ; 292 ; 1 ; [-0.078855787427173696] ; [-0.018739483332059225]
771 ; 9 ; 292 ; 2 ; [0.10768906829183104] ; [1.2011320112656769]
771 ; 9 ; 294 ; 0 ; [0.27874068775367106, -0.011791665434461487] ; [0.15282928226225115, 0.16764902797593317]
771 ; 9 ; 294 ; 1 ; [0.39603923767492982] ; [0.25822240640776223]
771 ; 9 ; 294 ; 2 ; [0.76178671142519661] ; [0.93651848205354493]
771 ; 9 ; 294 ; 4 ; [0.36891634300471526] ; [0.16540148430613449]
771 ; 9 ; 294 ; 9 ; [0.2083201618049603] ; [0.23654038137566305]
771 ; 9 ; 294 ; 10 ; [0.15287578275309255] ; [0.10553553151761139]
771 ; 9 ; 295 ; 0 ; [2.9350430691296361] ; [1.3580899460765763]
771 ; 9 ; 295 ; 2 ; [1.1977224570398131] ; [2.5889435521998974]
771 ; 9 ; 295 ; 3 ; [2.1737689598101366] ; [2.3640407312360359]
771 ; 9 ; 295 ; 5 ; [1.8955189296974073] ; [2.3269386530174687]
771 ; 9 ; 295 ; 10 ; [1.601143451452731] ; [1.774804418171722]
771 ; 9 ; 295 ; 12 ; [3.7426159207878378] ; [1.9069106740012625]
771 ; 9 ; 295 ; 14 ; [3.8203197796630048] ; [1.2493075070162651]
771 ; 9 ; 295 ; 16 ; [1.0658085394937] ; [0.56839928571589149]
771 ; 9 ; 296 ; 0 ; [0.56534959701142506] ; [0.66432692858150544]
771 ; 9 ; 296 ; 2 ; [0.20195421205870587] ; [0.78268105710681479]
771 ; 9 ; 296 ; 13 ; [0.16244732029717165] ; [0.74340049655361096]
771 ; 9 ; 298 ; 0 ; [0.28450735123426724] ; [0.021871637290412783]
771 ; 9 ; 298 ; 1 ; [0.38845291629969925] ; [0.058059706520067464]
771 ; 9 ; 300 ; 0 ; [0.15372242451242715] ; [0.21600153507247261]
771 ; 9 ; 300 ; 1 ; [2.0408298567968584] ; [0.67127014483227077]
771 ; 9 ; 300 ; 2 ; [0.8595583229116075] ; [0.80008165734391101]
771 ; 9 ; 300 ; 3 ; [0.20720004585858204] ; [0.6045013354528096]
771 ; 9 ; 301 ; 0 ; [0.22742768298941571] ; [-0.0058098545902922219]
771 ; 9 ; 301 ; 1 ; [0.54339555391774452] ; [0.36097114301169558]
771 ; 9 ; 302 ; 0 ; [0.38035551687479785] ; [3.5300415652091148]
771 ; 9 ; 302 ; 1 ; [2.4830350491604678] ; [0.12433307312708723]
771 ; 9 ; 302 ; 2 ; [0.28982588293331946] ; [0.093685032254362699]
771 ; 9 ; 302 ; 4 ; [1.052712615454497] ; [0.11300575278061786]
771 ; 9 ; 302 ; 5 ; [1.7861591257952933] ; [0.2326152580658771]
771 ; 9 ; 302 ; 6 ; [-0.071499410881118622] ; [1.4669776391478588]
771 ; 9 ; 302 ; 7 ; [6.8641062657673055] ; [0.19925004602180274]
771 ; 9 ; 302 ; 9 ; [2.6132430900726105] ; [1.8080024362131277]
771 ; 9 ; 302 ; 14 ; [-0.00092759663351130726] ; [1.6246749897708892]
771 ; 9 ; 302 ; 17 ; [0.92938682273437323] ; [0.26539541183305432]
771 ; 9 ; 303 ; 1 ; [0.75138853174865194] ; [1.2363828961396603]
771 ; 9 ; 303 ; 2 ; [3.0645006888288111] ; [0.45471774716118135]
771 ; 9 ; 303 ; 8 ; [0.01512365965503773] ; [0.82575532001863183]
771 ; 9 ; 303 ; 9 ; [3.8074047566562674] ; [1.9386012698796]
771 ; 9 ; 305 ; 0 ; [0.11231866853753131] ; [0.17219903918088894]
771 ; 9 ; 305 ; 1 ; [2.1896128810508495] ; [1.9124460304105009]
771 ; 9 ; 305 ; 2 ; [0.70946036546346258] ; [0.15649454817881236]
771 ; 9 ; 305 ; 3 ; [1.5514733060030648] ; [0.50757165220353617]
771 ; 9 ; 306 ; 1 ; [0.01165897516167801] ; [3.4102667417560859]
771 ; 9 ; 306 ; 2 ; [0.11656486881972392] ; [1.3557960664443756]
771 ; 9 ; 306 ; 3 ; [0.014267808048737448] ; [1.2772306644792275]
771 ; 9 ; 306 ; 4 ; [2.0592590262301345] ; [2.1681468230457304]
771 ; 9 ; 306 ; 7 ; [2.0778827526645438] ; [1.9569566965178016]
771 ; 9 ; 307 ; 0 ; [0.95824956326774868] ; [0.95300654273445939]
771 ; 9 ; 307 ; 1 ; [0.064363685041611232] ; [0.49879417931299586]
771 ; 9 ; 309 ; 4 ; [-0.0017661495891547385] ; [0.060497724538404025]
771 ; 9 ; 312 ; 0 ; [0.56494573299425865] ; [-0.046740724087475025]
771 ; 9 ; 312 ; 1 ; [0.0033568081075888339] ; [0.35023282964193569]
771 ; 9 ; 312 ; 2 ; [2.6633293364792996] ; [1.8538121613835037]
771 ; 9 ; 312 ; 3 ; [-0.048663925668978189] ; [0.97741309951165101]
771 ; 9 ; 314 ; 0 ; [0.4408735248775173] ; [0.018513542242909513]
771 ; 9 ; 314 ; 1 ; [0.31471575843490079] ; [0.4163248124499731]
771 ; 9 ; 314 ; 5 ; [0.096928224585422731] ; [-0.048605536239364255]
771 ; 9 ; 316 ; 0 ; [0.10780889606985884, 0.062564739523880239] ; [0.24844015372317099, 0.20043941103250271]
771 ; 9 ; 316 ; 1 ; [0.00055511220023948165, -0.013568352161190787] ; [0.26104533572836952, 0.17192116683119157]
771 ; 9 ; 317 ; 0 ; [0.39715249689106952] ; [0.0095929333909204589]
771 ; 9 ; 318 ; 0 ; [6.3574443552240592] ; [2.0968910254870941]
771 ; 9 ; 318 ; 3 ; [0.61974068103778635] ; [-0.20460778897175935]
771 ; 9 ; 319 ; 0 ; [0.85289699833276933] ; [0.34388370745350344]
771 ; 9 ; 319 ; 1 ; [0.2434898350206661] ; [0.82520497089220235]
771 ; 9 ; 319 ; 2 ; [0.91091989599049117] ; [0.29281768938346781]
771 ; 9 ; 319 ; 4 ; [0.047091088497922103] ; [0.53423900567978988]
771 ; 9 ; 319 ; 5 ; [0.49664932705420678] ; [0.53718688564964101]
771 ; 9 ; 319 ; 7 ; [0.63234496409095897] ; [0.87490434448855758]
771 ; 9 ; 320 ; 0 ; [0.22209044100255287] ; [0.062640972612019619]
771 ; 9 ; 321 ; 3 ; [-0.012476586595869149] ; [-0.0048072754195437866]
771 ; 9 ; 322 ; 0 ; [1.1539720323897511] ; [0.30711328568907048]
771 ; 9 ; 326 ; 0 ; [1.1510502800110523] ; [1.8420040754438995]
771 ; 9 ; 326 ; 1 ; [0.83857094570867752] ; [0.80263000927879991]
771 ; 9 ; 326 ; 2 ; [0.71975094292870323] ; [0.84029896022679063]
771 ; 9 ; 326 ; 3 ; [1.6043303717012116] ; [1.3788295443958369]
771 ; 9 ; 326 ; 4 ; [2.7033184680934532] ; [2.0306027587392168]
771 ; 9 ; 326 ; 5 ; [2.4705561450330449] ; [3.921410492873477]
771 ; 9 ; 326 ; 6 ; [0.77822093790753877] ; [2.0949014058054214]
771 ; 9 ; 326 ; 7 ; [2.2958727803945336] ; [2.5378392682985584]
771 ; 9 ; 326 ; 8 ; [2.3090085863339147] ; [3.6841938847024869]
771 ; 9 ; 326 ; 10 ; [2.4308926412194829] ; [2.2734465803786268]
771 ; 9 ; 326 ; 13 ; [1.6163905091955142] ; [2.6734641222636526]
771 ; 9 ; 326 ; 14 ; [0.72610645810673713] ; [1.0553805173612762]
771 ; 9 ; 326 ; 15 ; [1.0613193422272966] ; [1.2150017491913867]
771 ; 9 ; 326 ; 16 ; [1.6220597741556082] ; [2.0490307785074631]
771 ; 9 ; 327 ; 0 ; [0.62892435081977205, 1.0774308070956045] ; [1.6155013747312612, 1.3687443138234625]
771 ; 9 ; 327 ; 1 ; [1.1122094987685931] ; [1.1008558950341047]
771 ; 9 ; 327 ; 2 ; [0.67718100224072086] ; [2.8779722761769437]
771 ; 9 ; 327 ; 3 ; [0.56075298598432433] ; [0.39917517986271467]
771 ; 9 ; 327 ; 5 ; [1.9512589758317034] ; [1.9950565874311317]
771 ; 9 ; 327 ; 6 ; [3.617625950911914] ; [2.9661887582910507]
771 ; 9 ; 327 ; 9 ; [0.39978361264248846] ; [3.5103228294595703]
771 ; 9 ; 327 ; 13 ; [2.0098670049029752] ; [1.5823390746619606]
771 ; 9 ; 327 ; 14 ; [2.0893357080849286] ; [1.2990318954931821]
771 ; 9 ; 327 ; 15 ; [19.150973478213139] ; [1.3422091765576523]
771 ; 9 ; 327 ; 29 ; [0.45629688717031791] ; [1.9698999072200822]
771 ; 9 ; 327 ; 30 ; [0.25081768823356976] ; [1.7081324433707898]
771 ; 9 ; 327 ; 31 ; [0.11718935074971704] ; [2.0342707278655623]
771 ; 9 ; 327 ; 32 ; [0.0065612512373288516] ; [1.4923990586245015]
771 ; 9 ; 330 ; 0 ; [0.26893501532284841] ; [0.41390940623017364]
771 ; 9 ; 334 ; 0 ; [2.0492099099029208] ; [0.092669464185862652]
771 ; 9 ; 334 ; 1 ; [0.19195838143038191] ; [0.047954766685444135]