# Run ; Subrun ; Event ; Track ; Charge Ratios View 0 ; Charge Ratios View 1 #
771 ; 1 ; 1 ; 0 ; [1.0350003802162639, 3.4480027886595321] ; [1.1925676429013023, 0.063859729580011682]
771 ; 1 ; 1 ; 1 ; [0.43039367098828274] ; [0.33174983418421122]
771 ; 1 ; 1 ; 2 ; [0.95885606739980866] ; [0.21600813061565158]
771 ; 1 ; 1 ; 4 ; [1.57031226087552] ; [0.17737060053562134]
771 ; 1 ; 1 ; 11 ; [3.284030570059592] ; [1.2958564027546475]
771 ; 1 ; 2 ; 0 ; [0.73313928832693109] ; [0.31675857031135818]
771 ; 1 ; 2 ; 1 ; [0.51049846000439747] ; [0.27783391283474945]
771 ; 1 ; 2 ; 2 ; [0.080217331980540402] ; [0.47345133243268539]
771 ; 1 ; 2 ; 3 ; [3.3717153099505612] ; [0.98799913739186229]
771 ; 1 ; 2 ; 4 ; [0.28169278659204372] ; [0.6740299202273311]
771 ; 1 ; 2 ; 5 ; [5.0969790403799298] ; [2.8406741095911623]
771 ; 1 ; 2 ; 7 ; [0.73790472353441705] ; [1.7061411912114519]
771 ; 1 ; 2 ; 8 ; [2.5648931444495231] ; [2.1694255763687655]
771 ; 1 ; 5 ; 0 ; [0.14224351614196304] ; [0.42173712197300933]
771 ; 1 ; 5 ; 2 ; [0.00099528249626270509] ; [0.40200765220834656]
771 ; 1 ; 8 ; 1 ; [1.4084131939347813] ; [1.4765476195047544]
771 ; 1 ; 8 ; 2 ; [0.31969677181773426] ; [1.5669931301300615]
771 ; 1 ; 8 ; 3 ; [1.4073623270596627] ; [0.990437016424773]
771 ; 1 ; 8 ; 6 ; [2.643356450093346] ; [1.597339839355032]
771 ; 1 ; 10 ; 0 ; [0.055213450783159326] ; [-0.0092172799827329246]
771 ; 1 ; 10 ; 4 ; [1.7944993605827089] ; [1.0989887901099789]
771 ; 1 ; 12 ; 0 ; [0.22239286566674007] ; [0.18488156780491699]
771 ; 1 ; 12 ; 1 ; [0.22145482101770139] ; [0.15395704879302655]
771 ; 1 ; 13 ; 0 ; [0.27436680364396882] ; [0.26877488909092445]
771 ; 1 ; 15 ; 0 ; [1.3669758495529236] ; [0.53891171609521793]
771 ; 1 ; 15 ; 1 ; [0.26773891412543022] ; [0.49631276245102918]
771 ; 1 ; 15 ; 2 ; [0.43213940759717551] ; [1.2801792498566307]
771 ; 1 ; 16 ; 0 ; [0.88949380059969496] ; [0.075486867097315724]
771 ; 1 ; 16 ; 2 ; [2.6150770490010751] ; [0.44421439850929079]
771 ; 1 ; 16 ; 6 ; [1.6089984379996727] ; [0.76370680873941343]
771 ; 1 ; 16 ; 7 ; [1.3446192620292625] ; [2.181551910223241]
771 ; 1 ; 16 ; 9 ; [1.2272424396218589] ; [2.5135531385730747]
771 ; 1 ; 17 ; 0 ; [3.1993687593519007] ; [0.073551918126051843]
771 ; 1 ; 17 ; 5 ; [2.7121134416016157] ; [1.6724279461368761]
771 ; 1 ; 18 ; 0 ; [0.092018924196390059] ; [0.30886939313110584]
771 ; 1 ; 18 ; 2 ; [0.61485167347845682] ; [0.60242860353558136]
771 ; 1 ; 18 ; 3 ; [4.2498913612739733] ; [0.48991803200565126]
771 ; 1 ; 18 ; 7 ; [0.02529390791536534] ; [1.3265414949020387]
771 ; 1 ; 19 ; 0 ; [0.8391540531909838] ; [0.33549975663046883]
771 ; 1 ; 19 ; 1 ; [0.51022991433304965] ; [0.1771422258612966]
771 ; 1 ; 19 ; 2 ; [1.2687837896588763] ; [0.36872940720131209]
771 ; 1 ; 19 ; 5 ; [0.59687474529362106] ; [1.3833139843290072]
771 ; 1 ; 20 ; 0 ; [0.067545803563781634] ; [0.0062101054518159133]
771 ; 1 ; 20 ; 1 ; [0.68676110575407723] ; [0.029351845444700604]
771 ; 1 ; 20 ; 2 ; [0.30951820307065775] ; [0.09662904962473845]
771 ; 1 ; 21 ; 1 ; [0.26924838706631088] ; [0.37256219839259519]
771 ; 1 ; 21 ; 2 ; [0.0046197306006684176] ; [1.2640360884916695]
771 ; 1 ; 22 ; 0 ; [0.029001514537751027] ; [0.38475170873589093]
771 ; 1 ; 23 ; 0 ; [0.24659805846241153] ; [0.016167607719082693]
771 ; 1 ; 24 ; 0 ; [0.13692751548628371] ; [0.14094575786921204]
771 ; 1 ; 25 ; 0 ; [0.70274323982809028] ; [0.60134092761298874]
771 ; 1 ; 25 ; 3 ; [0.45694216897340578] ; [2.4993607314641997]
771 ; 1 ; 25 ; 7 ; [2.4748704154718499] ; [0.89149697050892807]
771 ; 1 ; 25 ; 8 ; [1.3719343581579924] ; [0.94172155899247623]
771 ; 1 ; 25 ; 9 ; [0.011671433163238373] ; [1.192789259173402]
771 ; 1 ; 25 ; 11 ; [2.0750620797618011] ; [0.64762119308631472]
771 ; 1 ; 26 ; 0 ; [1.0890816708297304] ; [1.9008298803443584]
771 ; 1 ; 27 ; 0 ; [1.4503990672331311] ; [0.40462117362616162]
771 ; 1 ; 27 ; 1 ; [1.1030299362745053] ; [1.9271229020059557]
771 ; 1 ; 27 ; 2 ; [2.0588413269019763] ; [3.8871485098434126]
771 ; 1 ; 29 ; 0 ; [0.3778137146412166] ; [5.9451933283213281]
771 ; 1 ; 29 ; 1 ; [4.6442782609536319] ; [1.9393998203384137]
771 ; 1 ; 29 ; 2 ; [0.03193570769341425] ; [0.37285483129933944]
771 ; 1 ; 29 ; 4 ; [1.6576038885930522] ; [1.6334178645364203]
771 ; 1 ; 29 ; 5 ; [0.88443223951372918] ; [4.9876931667013249]
771 ; 1 ; 29 ; 6 ; [2.0937504017422945] ; [1.4866368756229114]
771 ; 1 ; 29 ; 7 ; [1.7774047589624122] ; [3.0366502073488819]
771 ; 1 ; 29 ; 8 ; [0.80237917647227286] ; [0.96688514440850959]
771 ; 1 ; 29 ; 9 ; [0.78263259747116076] ; [1.0004196834743797]
771 ; 1 ; 29 ; 10 ; [1.8475671543278249] ; [-0.10226063955944584]
771 ; 1 ; 29 ; 11 ; [2.2875830249767275] ; [2.7142885474377123]
771 ; 1 ; 29 ; 12 ; [0.21192697512389214] ; [1.2152874660358721]
771 ; 1 ; 29 ; 16 ; [0.057154432102724938] ; [0.29883747238299824]
771 ; 1 ; 29 ; 17 ; [0.033314456856938096] ; [1.6680163100553995]
771 ; 1 ; 29 ; 18 ; [0.87507687930709221] ; [4.1891399095695911]
771 ; 1 ; 30 ; 0 ; [3.4033842713290245] ; [1.3650761586617481]
771 ; 1 ; 30 ; 1 ; [1.5470218747314954] ; [2.9327554136166856]
771 ; 1 ; 30 ; 2 ; [1.5218181922394101] ; [1.7328347549645247]
771 ; 1 ; 30 ; 3 ; [2.1009643546553849] ; [2.3682774283702597]
771 ; 1 ; 30 ; 4 ; [3.1236254820377645] ; [-0.15838535884873062]
771 ; 1 ; 30 ; 8 ; [2.6410860842967487] ; [1.5783380873392998]
771 ; 1 ; 30 ; 9 ; [1.4353048053621906] ; [2.1442388308933169]
771 ; 1 ; 32 ; 0 ; [2.7698933057014909] ; [1.1528525938539929]
771 ; 1 ; 32 ; 1 ; [1.9937735392484579] ; [1.6303598162042265]
771 ; 1 ; 32 ; 2 ; [0.00777166032223042] ; [0.075651316826736426]
771 ; 1 ; 32 ; 3 ; [0.64518929827389504] ; [2.212013385917142]
771 ; 1 ; 32 ; 4 ; [1.6440003345252499] ; [1.0526379646010218]
771 ; 1 ; 32 ; 6 ; [0.04025714804755328] ; [1.9880090772079437]
771 ; 1 ; 33 ; 0 ; [1.2938103640880574] ; [0.0075710217077829987]
771 ; 1 ; 34 ; 0 ; [0.46193653349840108, 0.13144406183089921] ; [0.64576668640495183, 0.50451136124091212]
771 ; 1 ; 34 ; 1 ; [-0.043041038698836437, 1.0771809175735063] ; [-0.028619765930272552, -0.090055151325612356]
771 ; 1 ; 35 ; 0 ; [0.31986777883345396] ; [0.49243873331967664]
771 ; 1 ; 35 ; 1 ; [2.7878867965788272] ; [1.5815599674707257]
771 ; 1 ; 36 ; 0 ; [0.96084022583093776] ; [0.63532737832725417]
771 ; 1 ; 36 ; 1 ; [0.039126441962256273] ; [0.8615902665333125]
771 ; 1 ; 36 ; 4 ; [0.40254659080725236] ; [0.11013197700586078]
771 ; 1 ; 36 ; 5 ; [0.69016391984240821] ; [1.0394046395195071]
771 ; 1 ; 36 ; 6 ; [0.40979440513043319] ; [0.45218114176673357]
771 ; 1 ; 37 ; 0 ; [2.9183022755888812, 1.5052864240258828] ; [1.0432724756557448, 7.2326785047296456]
771 ; 1 ; 37 ; 1 ; [0.45693778985077987] ; [2.6084298806611228]
771 ; 1 ; 37 ; 2 ; [2.6209432346954054] ; [0.41327159876811626]
771 ; 1 ; 37 ; 4 ; [2.2079646656714695, 1.8803219264111921] ; [1.4225043989209547, 2.4755942619474038]
771 ; 1 ; 37 ; 5 ; [0.71952784793221891] ; [2.1223258715258084]
771 ; 1 ; 37 ; 6 ; [4.2415308965075509] ; [0.99559740458529489]
771 ; 1 ; 37 ; 7 ; [0.63676701639897459] ; [1.1510019464870545]
771 ; 1 ; 37 ; 8 ; [0.99225792961765058] ; [0.66226572459997912]
771 ; 1 ; 37 ; 9 ; [3.6406003013915424] ; [4.830327721473636]
771 ; 1 ; 37 ; 10 ; [1.9709262768633171] ; [4.5604496402861336]
771 ; 1 ; 37 ; 13 ; [0.42872157523587384] ; [0.4929096846333158]
771 ; 1 ; 37 ; 14 ; [2.0767150164987891] ; [0.017232752724364669]
771 ; 1 ; 37 ; 15 ; [2.9387576581682313] ; [2.0656637330968883]
771 ; 1 ; 37 ; 17 ; [1.2165885208425398] ; [3.8748345176064305]
771 ; 1 ; 37 ; 20 ; [1.3616986434363609] ; [0.83743291791740559]
771 ; 1 ; 37 ; 21 ; [0.4113546000833338] ; [0.31108190874114378]
771 ; 1 ; 37 ; 23 ; [0.74050244100773333] ; [1.1002915479440696]
771 ; 1 ; 37 ; 24 ; [1.3802605666057037] ; [3.6919419158092328]
771 ; 1 ; 37 ; 28 ; [3.4170958090609496] ; [1.2305481070652551]
771 ; 1 ; 37 ; 41 ; [0.67021203211352021] ; [6.7672485237614657]
771 ; 1 ; 37 ; 42 ; [1.6041195193321298] ; [5.2920062839281545]
771 ; 1 ; 39 ; 2 ; [2.1692944329034414] ; [2.1851349201563059]
771 ; 1 ; 39 ; 3 ; [1.4922467283012486] ; [7.1907361199648161]
771 ; 1 ; 39 ; 4 ; [0.76388334675314384] ; [2.3939382324410836]
771 ; 1 ; 39 ; 6 ; [1.6905405343556434] ; [3.1889464544358357]
771 ; 1 ; 39 ; 7 ; [0.96244247039157171] ; [2.188961437224199]
771 ; 1 ; 39 ; 8 ; [5.2597116020332555] ; [2.0075361526253284]
771 ; 1 ; 39 ; 9 ; [1.7125384817958047] ; [1.8335873023237215]
771 ; 1 ; 39 ; 10 ; [2.2835873076772417] ; [1.515077893323006]
771 ; 1 ; 39 ; 11 ; [0.34080540856603231] ; [2.3428442345260603]
771 ; 1 ; 39 ; 15 ; [1.6354541188054794] ; [2.4149265672089331]
771 ; 1 ; 40 ; 0 ; [0.068640810773834826] ; [0.18852954776311581]
771 ; 1 ; 40 ; 3 ; [0.10100804588701263] ; [-0.029356061614154879]
771 ; 1 ; 41 ; 0 ; [0.65649171567370146] ; [0.016851427267330129]
771 ; 1 ; 42 ; 0 ; [1.8709574940342355] ; [4.8819479724874784]
771 ; 1 ; 43 ; 0 ; [0.37720792501124512] ; [-0.11931975747302924]
771 ; 1 ; 45 ; 0 ; [0.1660870225874114] ; [0.15336248899675167]
771 ; 1 ; 45 ; 1 ; [3.161786287126116] ; [1.4044394808166347]
771 ; 1 ; 45 ; 2 ; [1.0420524946208995] ; [0.1244640576537033]
771 ; 1 ; 45 ; 5 ; [0.94147523751236595] ; [2.7877651151999947]
771 ; 1 ; 45 ; 7 ; [1.2969410705561331] ; [0.91826181928172312]
771 ; 1 ; 45 ; 9 ; [0.31028796268268272] ; [2.7263737454467907]
771 ; 1 ; 45 ; 10 ; [0.30664973995890971] ; [1.9369799756855643]
771 ; 1 ; 45 ; 11 ; [2.5851521566330797] ; [3.670102769846614]
771 ; 1 ; 45 ; 12 ; [4.8116168318377843] ; [2.7915145178989351]
771 ; 1 ; 45 ; 20 ; [4.3852326504482662] ; [3.1189101288229422]
771 ; 1 ; 47 ; 0 ; [0.072477554854500442] ; [0.30746819463628206]
771 ; 1 ; 47 ; 2 ; [1.6531281996484908] ; [-0.037796742439082397]
771 ; 1 ; 47 ; 7 ; [1.3781402268347218] ; [0.48294003289390797]
771 ; 1 ; 47 ; 9 ; [2.1195151549663458] ; [0.64060650686460374]
771 ; 1 ; 47 ; 10 ; [2.5637404661527441] ; [4.0828900261656127]
771 ; 1 ; 47 ; 19 ; [1.2235606274796349] ; [1.4004811019080157]
771 ; 1 ; 48 ; 0 ; [0.362044307890314] ; [-0.010072057139102975]
771 ; 1 ; 50 ; 0 ; [0.00081004687328223215] ; [-0.046618428010665583]
771 ; 1 ; 50 ; 1 ; [-0.011819350501559633] ; [-0.17096905345917318]
771 ; 1 ; 51 ; 1 ; [0.12414182805332789, 1.6775763353742985] ; [0.0022163900086963001, 0.4827251227051948]
771 ; 1 ; 51 ; 2 ; [0.15127652729275023] ; [1.2213758390330685]
771 ; 1 ; 52 ; 2 ; [0.87834857954117218] ; [0.6078153724896479]
771 ; 1 ; 52 ; 5 ; [0.016889937867230927] ; [1.6709503204945229]
771 ; 1 ; 52 ; 6 ; [2.2168090348166047] ; [1.0284384394705091]
771 ; 1 ; 52 ; 7 ; [0.050096260608474066] ; [5.2958382222545595]
771 ; 1 ; 52 ; 8 ; [0.00078101096498814078] ; [1.8105919991004265]
771 ; 1 ; 52 ; 9 ; [0.00074458995821440879] ; [1.4443799336130834]
771 ; 1 ; 52 ; 11 ; [0.85273871451049665] ; [0.47879951967732476]
771 ; 1 ; 54 ; 0 ; [0.040014484864744071, 0.11505614624990672] ; [0.23892701132085523, 0.65187282969378602]
771 ; 1 ; 55 ; 0 ; [-0.010596024726564285, -0.035518733391877805] ; [0.12674946159949602, 0.13070882531402167]
771 ; 1 ; 56 ; 2 ; [0.23251089999602692] ; [-0.065993632018321161]
771 ; 1 ; 61 ; 0 ; [0.15224688520452725] ; [-0.0080200946672677569]
771 ; 1 ; 62 ; 1 ; [0.064346047535814854, 0.19230578778482113] ; [0.20534277959859687, 0.16493237816042547]
771 ; 1 ; 63 ; 0 ; [2.3225315092841812] ; [-0.027798125862256363]
771 ; 1 ; 63 ; 1 ; [1.7713887305282889] ; [0.009206843994844404]
771 ; 1 ; 63 ; 3 ; [1.1076244894167153] ; [0.037854550628390229]
771 ; 1 ; 63 ; 4 ; [1.0607791012570946] ; [0.13673876032618551]
771 ; 1 ; 63 ; 5 ; [2.2752686676286613] ; [0.46175330252614127]
771 ; 1 ; 63 ; 6 ; [0.76587513503001692] ; [1.4188262317124907]
771 ; 1 ; 63 ; 8 ; [0.95314546371231257] ; [0.81708045248453676]
771 ; 1 ; 63 ; 9 ; [1.3493240135119864] ; [2.5341694249447038]
771 ; 1 ; 63 ; 10 ; [1.1078666751177968] ; [0.74497051200106768]
771 ; 1 ; 63 ; 12 ; [1.9789640177789005] ; [4.3611017125288098]
771 ; 1 ; 63 ; 13 ; [2.4508650980302176] ; [1.0618408238808388]
771 ; 1 ; 63 ; 14 ; [0.31524541921194055] ; [1.4519571155233026]
771 ; 1 ; 63 ; 17 ; [1.0421100134056669] ; [3.3870616170028529]
771 ; 1 ; 63 ; 19 ; [0.80556566926846251] ; [1.9489189144559007]
771 ; 1 ; 63 ; 24 ; [1.1656361155978745] ; [1.2983913591182676]
771 ; 1 ; 64 ; 0 ; [0.14059775656311585] ; [0.43147696460069246]
771 ; 1 ; 65 ; 1 ; [0.076149907928911714] ; [0.13421104271930931]
771 ; 1 ; 65 ; 3 ; [0.26342381734415454] ; [0.0058639305982017831]
771 ; 1 ; 65 ; 10 ; [0.22237529422840535] ; [0.037141216711496949]
771 ; 1 ; 66 ; 5 ; [0.47400802152429589] ; [0.7902931318730233]
771 ; 1 ; 66 ; 7 ; [0.32052041498244876] ; [0.93474860152046779]
771 ; 1 ; 67 ; 0 ; [0.38479024977042969] ; [0.37056925368090804]
771 ; 1 ; 67 ; 1 ; [0.14927463251090436] ; [0.43657269523867087]
771 ; 1 ; 69 ; 0 ; [2.0612002803952523] ; [1.9770187218938]
771 ; 1 ; 69 ; 1 ; [1.7263484799261033] ; [1.4631359531553265]
771 ; 1 ; 69 ; 3 ; [1.5196779695131981] ; [1.9733912004573195]
771 ; 1 ; 69 ; 4 ; [3.6294396905622346] ; [1.8251805886160535]
771 ; 1 ; 70 ; 0 ; [2.7413125965612153] ; [0.51863949676403942]
771 ; 1 ; 70 ; 1 ; [1.187431760062275] ; [2.0767289077902005]
771 ; 1 ; 70 ; 2 ; [1.4573759582112709] ; [1.3393945593222807]
771 ; 1 ; 70 ; 3 ; [1.1592529430322067] ; [1.190089201991394]
771 ; 1 ; 70 ; 4 ; [0.88492244810421328] ; [0.51641527100066242]
771 ; 1 ; 70 ; 6 ; [0.35009470196961168] ; [1.1873486878649033]
771 ; 1 ; 70 ; 7 ; [0.78219048897682231] ; [0.6855772075290022]
771 ; 1 ; 70 ; 9 ; [0.24758589359133804] ; [1.3742056141534984]
771 ; 1 ; 70 ; 10 ; [1.1904461355763043] ; [3.0091182440616988]
771 ; 1 ; 70 ; 11 ; [0.39300257082497997] ; [0.71651573630213061]
771 ; 1 ; 70 ; 13 ; [1.1167042459528744] ; [0.66382916238001533]
771 ; 1 ; 70 ; 14 ; [1.5323011312900692] ; [0.49222982079798133]
771 ; 1 ; 70 ; 15 ; [1.9412247068102508] ; [1.0648614121373201]
771 ; 1 ; 70 ; 16 ; [1.9190201941108904] ; [0.40676131193919002]
771 ; 1 ; 70 ; 17 ; [1.13533420561945] ; [1.0688095881349791]
771 ; 1 ; 70 ; 18 ; [2.2850709638237561] ; [0.17907045777027863]
771 ; 1 ; 70 ; 19 ; [0.94255380478900552] ; [1.1472342133641706]
771 ; 1 ; 70 ; 22 ; [1.6280986624999816] ; [1.1087722429837954]
771 ; 1 ; 70 ; 23 ; [0.4485751603206044] ; [2.7806205975997869]
771 ; 1 ; 70 ; 25 ; [1.2262107283057377] ; [3.5621021414125238]
771 ; 1 ; 70 ; 29 ; [1.395163742730529] ; [1.3652131203125868]
771 ; 1 ; 70 ; 32 ; [1.8867168881065872] ; [0.79812744201082264]
771 ; 1 ; 70 ; 34 ; [0.62904549624383621] ; [0.40457441095833374]
771 ; 1 ; 70 ; 38 ; [1.382994960202192] ; [0.97428111842236165]
771 ; 1 ; 70 ; 39 ; [0.77987139493951063] ; [-0.21203006999751756]
771 ; 1 ; 70 ; 46 ; [1.5895494092039451] ; [1.3502594763994116]
771 ; 1 ; 70 ; 48 ; [2.0871504954750546] ; [1.5047564145066659]
771 ; 1 ; 70 ; 49 ; [2.9249873744416903] ; [1.7174477085827164]
771 ; 1 ; 70 ; 51 ; [3.8744404302292255] ; [1.1612538767748761]
771 ; 1 ; 70 ; 60 ; [1.651645255124591] ; [0.81623798256216218]
771 ; 1 ; 71 ; 0 ; [0.12146515874645475] ; [0.0049130806814823239]
771 ; 1 ; 71 ; 1 ; [0.19056688969974392] ; [0.73415691906414371]
771 ; 1 ; 71 ; 5 ; [0.014212410636975576] ; [-0.010022775885123526]
771 ; 1 ; 73 ; 0 ; [0.69471233702588331] ; [5.0276317400886557]
771 ; 1 ; 73 ; 1 ; [0.023359376344714234] ; [1.2243779494848648]
771 ; 1 ; 73 ; 2 ; [0.15571906292201432] ; [1.4315292877503485]
771 ; 1 ; 75 ; 0 ; [-0.069476879384489473] ; [-0.041751067695905655]
771 ; 1 ; 77 ; 0 ; [1.6983861500662598] ; [1.6074205497055036]
771 ; 1 ; 77 ; 1 ; [1.4932463953633344] ; [2.41663400042115]
771 ; 1 ; 77 ; 2 ; [0.10172591948831508] ; [0.97141394892986432]
771 ; 1 ; 77 ; 3 ; [1.0678734648418446] ; [1.7605658116913385]
771 ; 1 ; 78 ; 0 ; [1.2941765652385215] ; [0.34745427254313355]
771 ; 1 ; 78 ; 1 ; [0.63741379435953127] ; [0.15083312789067055]
771 ; 1 ; 78 ; 2 ; [0.22154953833675453] ; [0.39348681913884359]
771 ; 1 ; 78 ; 3 ; [0.24880168457197799] ; [0.27648535107655808]
771 ; 1 ; 78 ; 6 ; [0.13438512689080653] ; [-0.0096101990885463662]
771 ; 1 ; 78 ; 9 ; [1.0660905884052339] ; [3.3482814297546715]
771 ; 1 ; 79 ; 0 ; [-0.00026053090146220678] ; [0.24800943036065254]
771 ; 1 ; 81 ; 0 ; [0.013962890113402163] ; [-0.057608797760111338]
771 ; 1 ; 82 ; 0 ; [0.443873492174091] ; [0.41162739293146855]
771 ; 1 ; 83 ; 0 ; [0.017266753582260368] ; [1.1402323991808796]
771 ; 1 ; 83 ; 1 ; [0.028854091375142134] ; [0.59956213576786943]
771 ; 1 ; 83 ; 3 ; [8.4287157206885031] ; [1.0928741411084446]
771 ; 1 ; 84 ; 0 ; [1.4348901317615357, 0.063058937936440004] ; [0.1798976445869836, 0.043432251866008451]
771 ; 1 ; 85 ; 0 ; [0.084798971204568196] ; [0.041563483456642507]
771 ; 1 ; 86 ; 0 ; [0.97959799936472902] ; [0.60025345102718197]
771 ; 1 ; 87 ; 0 ; [0.42797759475658831] ; [0.34667320828535925]
771 ; 1 ; 87 ; 1 ; [0.77749004829608648] ; [0.6347073458364676]
771 ; 1 ; 87 ; 2 ; [0.74424240029907052] ; [0.36908911594872074]
771 ; 1 ; 87 ; 4 ; [0.87733734708032829] ; [0.51981841186355304]
771 ; 1 ; 87 ; 5 ; [2.5128020320359115] ; [3.6475472256385855]
771 ; 1 ; 87 ; 9 ; [3.0561035568038646] ; [9.91209397127224]
771 ; 1 ; 87 ; 10 ; [4.9514132485111162] ; [0.48747490195731824]
771 ; 1 ; 87 ; 12 ; [0.91243312474388572] ; [1.7520897969373832]
771 ; 1 ; 87 ; 16 ; [0.81419630013391708] ; [0.4836527112523018]
771 ; 1 ; 87 ; 17 ; [1.3671313699108074] ; [2.219549998108818]
771 ; 1 ; 87 ; 18 ; [3.5479408492430635] ; [3.1786183174146165]
771 ; 1 ; 87 ; 20 ; [1.306451195798872] ; [1.4429959139792223]
771 ; 1 ; 87 ; 21 ; [4.3975624386833623] ; [2.731635607404955]
771 ; 1 ; 90 ; 0 ; [0.40411603236875721] ; [0.35689754898843373]
771 ; 1 ; 91 ; 0 ; [4.7016910791302022] ; [0.11816096829730921]
771 ; 1 ; 91 ; 1 ; [1.489009360505168] ; [0.13035915522731184]
771 ; 1 ; 91 ; 2 ; [0.011318316824279936] ; [-0.0079451044896505715]
771 ; 1 ; 91 ; 4 ; [0.053652648175972005] ; [1.5886764940954554]
771 ; 1 ; 91 ; 7 ; [0.007660996925648954] ; [0.13874507638014474]
771 ; 1 ; 92 ; 0 ; [2.0470555985312755] ; [2.2099238241046328]
771 ; 1 ; 92 ; 1 ; [0.98305446523093765] ; [0.8835030691025284]
771 ; 1 ; 92 ; 2 ; [1.7241219742732374] ; [0.65131082743568092]
771 ; 1 ; 92 ; 3 ; [0.36541964135484778] ; [2.1836615410721389]
771 ; 1 ; 92 ; 5 ; [0.85365183965616587] ; [1.911400932816151]
771 ; 1 ; 93 ; 4 ; [1.7078761253876824] ; [1.7600496078427801]
771 ; 1 ; 93 ; 5 ; [0.029190318016767754] ; [2.2442605801637825]
771 ; 1 ; 94 ; 0 ; [0.63009440873967759] ; [0.55380355599464548]
771 ; 1 ; 95 ; 3 ; [-0.1797034873017036] ; [0.052098107602507514]
771 ; 1 ; 96 ; 0 ; [-0.0066777548475557384] ; [0.1183455557664774]
771 ; 1 ; 97 ; 0 ; [0.22995437961284987] ; [0.25440868042396642]
771 ; 1 ; 97 ; 1 ; [0.58969176551757652] ; [0.19638077733729861]
771 ; 1 ; 97 ; 2 ; [0.23242196564379042] ; [0.25341360103507687]
771 ; 1 ; 97 ; 4 ; [3.5232625990380892, 1.2805789648282502] ; [0.63194498639947361, 0.57000036336267834]
771 ; 1 ; 97 ; 5 ; [0.55552969540461772] ; [0.17993033717009435]
771 ; 1 ; 97 ; 11 ; [8.7068021485157754] ; [2.2645000301545593]
771 ; 1 ; 97 ; 15 ; [0.57202747365002338] ; [0.32689455017137692]
771 ; 1 ; 100 ; 0 ; [0.0092290730253142151] ; [0.20975562897847011]
771 ; 1 ; 100 ; 1 ; [0.85889589192900007] ; [0.17814527036174999]
771 ; 1 ; 100 ; 4 ; [0.075851510371768599] ; [0.086109527923701315]
771 ; 1 ; 101 ; 0 ; [0.077526365086635962] ; [0.28897008164756538]
771 ; 1 ; 103 ; 0 ; [0.83403269658094958, -0.0081233680390411598] ; [0.018293180303297404, -0.028727929639175011]
771 ; 1 ; 104 ; 0 ; [-0.091353864112955763] ; [0.27174176566342478]
771 ; 1 ; 106 ; 2 ; [0.5524275869134021] ; [0.0026371485294774824]
771 ; 1 ; 107 ; 0 ; [0.020268872325386638] ; [0.43054217912982601]
771 ; 1 ; 107 ; 1 ; [-0.063936473050331455] ; [0.42150665237245366]
771 ; 1 ; 108 ; 0 ; [1.4210985890043757] ; [-0.020859136385920941]
771 ; 1 ; 108 ; 1 ; [0.12507574888636161] ; [0.0045121932630367689]
771 ; 1 ; 108 ; 5 ; [0.039443910404093771] ; [0.29653997550806582]
771 ; 1 ; 110 ; 0 ; [-0.012617825485052268] ; [0.15908281163570309]
771 ; 1 ; 111 ; 0 ; [0.063835941902023768] ; [0.45553238378291616]
771 ; 1 ; 111 ; 4 ; [0.048607085531561095] ; [0.43908985279932011]
771 ; 1 ; 115 ; 0 ; [1.2341800681905153] ; [-8.1408760334062669e-05]
771 ; 1 ; 115 ; 2 ; [0.079529273715160526] ; [0.57609731935666431]
771 ; 1 ; 116 ; 0 ; [0.0032569414415229234] ; [0.23136799323168167]
771 ; 1 ; 116 ; 5 ; [0.043465422087469049] ; [0.026294774684367306]
771 ; 1 ; 116 ; 6 ; [0.023719958471507072] ; [0.03489438545032017]
771 ; 1 ; 118 ; 0 ; [0.54137923356176776] ; [0.5674682596980446]
771 ; 1 ; 118 ; 1 ; [0.95178454224666698, 2.2044127139730922] ; [0.022750884774858794, 0.043981200052742822]
771 ; 1 ; 118 ; 2 ; [2.6570079666581754] ; [0.4324700963879004]
771 ; 1 ; 118 ; 4 ; [1.0200885199230985] ; [1.3902113412083628]
771 ; 1 ; 118 ; 8 ; [3.4527289745245406] ; [0.57073682257560376]
771 ; 1 ; 118 ; 9 ; [1.8728452678162411] ; [5.5699538351662241]
771 ; 1 ; 118 ; 10 ; [0.41331192268317474] ; [2.2184293308027394]
771 ; 1 ; 118 ; 13 ; [1.4787755069243542] ; [3.0378284925591106]
771 ; 1 ; 118 ; 14 ; [1.2321829260682737] ; [2.4440945586575049]
771 ; 1 ; 118 ; 15 ; [1.7252897715875679] ; [16.19183691582457]
771 ; 1 ; 119 ; 0 ; [0.83528920534591] ; [0.74205614944314158]
771 ; 1 ; 119 ; 1 ; [0.37667991730293449] ; [2.0701782814792815]
771 ; 1 ; 119 ; 2 ; [7.8174616886424042] ; [1.7701029163203656]
771 ; 1 ; 120 ; 0 ; [-0.063539547986562014] ; [0.079600881089612399]
771 ; 1 ; 121 ; 0 ; [0.097548674916628234] ; [0.33500237070695937]
771 ; 1 ; 123 ; 0 ; [0.51625841999333033] ; [0.23758484125760701]
771 ; 1 ; 123 ; 2 ; [0.33773422700256972] ; [0.29646515474174207]
771 ; 1 ; 125 ; 0 ; [1.1279849497806476] ; [0.37992018871278022]
771 ; 1 ; 125 ; 1 ; [1.0852485326318475] ; [1.3552617760245824]
771 ; 1 ; 126 ; 0 ; [0.42497156607626113] ; [-0.027013736615518508]
771 ; 1 ; 126 ; 4 ; [0.27384309759131337] ; [4.0390026467873721]
771 ; 1 ; 126 ; 8 ; [0.40024875827600925] ; [3.7275883363915314]
771 ; 1 ; 128 ; 5 ; [0.177340017848999] ; [0.35630799985457678]
771 ; 1 ; 129 ; 1 ; [1.7713338685635858] ; [3.0367261890461958]
771 ; 1 ; 129 ; 3 ; [1.7558623105508873] ; [1.4634676964042452]
771 ; 1 ; 129 ; 4 ; [1.2706262060180422] ; [1.958398521392495]
771 ; 1 ; 129 ; 8 ; [1.8839549330479195] ; [2.6870495397263272]
771 ; 1 ; 132 ; 0 ; [0.055581107319111735, 0.17139002693417785] ; [0.078119807373122005, 0.37691680173901815]
771 ; 1 ; 132 ; 1 ; [1.5375066251105509] ; [3.2832110587151311]
771 ; 1 ; 132 ; 2 ; [1.279739222516737] ; [0.65316694097205963]
771 ; 1 ; 132 ; 3 ; [0.16443895179212339] ; [1.664380054147264]
771 ; 1 ; 132 ; 4 ; [1.6114572979889699] ; [6.1115177686922149]
771 ; 1 ; 132 ; 5 ; [0.7390950782632002] ; [4.8946437082688421]
771 ; 1 ; 132 ; 9 ; [2.175269122463547] ; [0.81976541443402073]
771 ; 1 ; 133 ; 1 ; [1.1450130018449782] ; [0.26607825606492475]
771 ; 1 ; 134 ; 0 ; [0.80050100628525578] ; [0.59817385134125423]
771 ; 1 ; 134 ; 1 ; [0.3926949803790154] ; [0.075445635629106972]
771 ; 1 ; 137 ; 0 ; [0.59918351021883409] ; [0.24166551651280549]
771 ; 1 ; 138 ; 0 ; [0.41621209818567656] ; [0.19806750867442799]
771 ; 1 ; 138 ; 1 ; [0.015702321016242051] ; [0.43613250253403146]
771 ; 1 ; 139 ; 1 ; [0.56691655675778452] ; [0.46345288134106793]
771 ; 1 ; 139 ; 2 ; [1.1226248669357701] ; [0.045983298687234955]
771 ; 1 ; 140 ; 0 ; [-0.0050122309556543208] ; [0.051375729012721499]
771 ; 1 ; 142 ; 0 ; [0.65121088318208042] ; [0.42251052785383092]
771 ; 1 ; 143 ; 0 ; [0.28721005970307711] ; [0.46121634281289814]
771 ; 1 ; 143 ; 1 ; [0.026360215360941502] ; [0.22336300059364356]
771 ; 1 ; 143 ; 2 ; [0.09486870413971854] ; [1.6954885170375076]
771 ; 1 ; 144 ; 0 ; [0.85713687059190458] ; [1.339152120070852]
771 ; 1 ; 144 ; 1 ; [0.64993691330445413] ; [1.2222103411413605]
771 ; 1 ; 146 ; 0 ; [0.55560224179929774] ; [0.47493893278060567]
771 ; 1 ; 146 ; 1 ; [0.56134808413833026] ; [5.2281764930047974]
771 ; 1 ; 147 ; 0 ; [-0.055153860641446721] ; [-0.026236124280644514]
771 ; 1 ; 148 ; 0 ; [0.47714169767104614] ; [0.76182211257809718]
771 ; 1 ; 148 ; 1 ; [0.50587473745408618] ; [0.63888906338334839]
771 ; 1 ; 148 ; 2 ; [1.3567691425358877] ; [0.99321622149644617]
771 ; 1 ; 148 ; 5 ; [9.6892859071646988] ; [1.0584394809509481]
771 ; 1 ; 149 ; 0 ; [1.9349278450078773] ; [0.07076692466379704]
771 ; 1 ; 149 ; 1 ; [1.8093546716311] ; [1.3600829790967044]
771 ; 1 ; 149 ; 2 ; [2.0955541884210169] ; [2.5595997523162666]
771 ; 1 ; 149 ; 5 ; [2.5719595525128658] ; [1.7837586843368691]
771 ; 1 ; 149 ; 6 ; [2.290268718150215] ; [1.8164035410510073]
771 ; 1 ; 149 ; 8 ; [2.5440589890613565] ; [0.97029970395100451]
771 ; 1 ; 149 ; 10 ; [1.8505103883775624] ; [1.4224766033435194]
771 ; 1 ; 149 ; 11 ; [0.89767166013509414] ; [2.5717792394018515]
771 ; 1 ; 149 ; 14 ; [1.2776762269876814] ; [2.7945770343706791]
771 ; 1 ; 149 ; 15 ; [2.3892549360649666] ; [1.5729694943762524]
771 ; 1 ; 149 ; 17 ; [8.6491471854551811] ; [0.87628595070053583]
771 ; 1 ; 149 ; 18 ; [4.3008455123913372] ; [2.4802478783175808]
771 ; 1 ; 149 ; 21 ; [1.8038113729919365] ; [1.8134598368602735]
771 ; 1 ; 149 ; 23 ; [1.8986861727082149] ; [2.0753294508460067]
771 ; 1 ; 149 ; 24 ; [1.7465808851638209] ; [7.4165497298048413]
771 ; 1 ; 149 ; 31 ; [3.0904646067501935] ; [0.82711975376051905]
771 ; 1 ; 150 ; 0 ; [-0.32604309779680163] ; [0.56435030981765877]
771 ; 1 ; 150 ; 1 ; [0.30186151077673085] ; [0.6182474370075457]
771 ; 1 ; 150 ; 2 ; [2.2376675991969837] ; [0.43337843767332629]
771 ; 1 ; 150 ; 5 ; [1.7179892324011172] ; [1.5976912083973775]
771 ; 1 ; 150 ; 6 ; [1.8863516004151211] ; [0.012200572870454984]
771 ; 1 ; 150 ; 7 ; [1.8928206533815819] ; [2.0893840923731855]
771 ; 1 ; 150 ; 9 ; [2.2478966660397175] ; [2.2378927763651757]
771 ; 1 ; 151 ; 0 ; [0.060204182835357833] ; [0.016718810214705143]
771 ; 1 ; 151 ; 1 ; [0.12933192585239953] ; [0.32971325425154746]
771 ; 1 ; 151 ; 2 ; [0.74980021998457869] ; [1.0190052741056224]
771 ; 1 ; 153 ; 0 ; [0.11275373739322817] ; [0.18751887869280054]
771 ; 1 ; 157 ; 2 ; [0.57937308089347694] ; [1.6352047105723151]
771 ; 1 ; 157 ; 3 ; [1.0204532534008812] ; [1.7273953201711523]
771 ; 1 ; 157 ; 5 ; [0.060472157280033051] ; [1.6365752416273627]
771 ; 1 ; 159 ; 0 ; [0.3922348955826922] ; [0.020748426690371958]
771 ; 1 ; 159 ; 1 ; [0.20053855464575332] ; [0.43727107258091297]
771 ; 1 ; 160 ; 0 ; [0.098797796241934813] ; [-0.00041179388727062913]
771 ; 1 ; 161 ; 0 ; [0.11524032010200391, 0.18529150181504175] ; [0.25473760304129983, 0.19457040373194465]
771 ; 1 ; 161 ; 1 ; [0.22335064608402524] ; [0.2901323876309983]
771 ; 1 ; 162 ; 0 ; [0.099090979734408502] ; [3.0393165547784053]
771 ; 1 ; 163 ; 0 ; [8.3962174386463655] ; [0.029782606763184713]
771 ; 1 ; 163 ; 1 ; [1.2839349262410773] ; [1.0034398176243378]
771 ; 1 ; 163 ; 2 ; [2.5349448477239598] ; [4.1185938836268097]
771 ; 1 ; 163 ; 3 ; [2.204267739707781] ; [6.8668304613902249]
771 ; 1 ; 163 ; 4 ; [0.7834245313649687] ; [0.12995878923361917]
771 ; 1 ; 163 ; 6 ; [4.9855882269083116] ; [6.4772264751059909]
771 ; 1 ; 163 ; 8 ; [0.85030265604753252] ; [3.6373845037729065]
771 ; 1 ; 163 ; 9 ; [2.4089573022513591] ; [2.3985479651722552]
771 ; 1 ; 163 ; 15 ; [0.46648284146988916] ; [2.7504693161982572]
771 ; 1 ; 164 ; 0 ; [0.4293255217250484] ; [0.013336205921340849]
771 ; 1 ; 164 ; 1 ; [0.089494609832274405] ; [0.081728407355864244]
771 ; 1 ; 164 ; 2 ; [0.014452878060865645] ; [0.73095725273517032]
771 ; 1 ; 164 ; 4 ; [1.183492843920781] ; [-0.02360556750576679]
771 ; 1 ; 164 ; 5 ; [2.0012586455147963] ; [-0.15962167361415952]
771 ; 1 ; 167 ; 0 ; [0.061881969851194492] ; [2.0575530954691703]
771 ; 1 ; 167 ; 2 ; [1.0849874541448532] ; [4.4094966466362688]
771 ; 1 ; 168 ; 0 ; [2.0043549006577845] ; [3.2589624726106248]
771 ; 1 ; 168 ; 1 ; [1.5808654290521873] ; [3.4640975484161607]
771 ; 1 ; 169 ; 0 ; [0.14839245696016198] ; [0.36006183776103229]
771 ; 1 ; 169 ; 1 ; [0.15644508145164898] ; [0.15909658844221708]
771 ; 1 ; 169 ; 2 ; [0.41012838980507044] ; [0.33346803004988002]
771 ; 1 ; 170 ; 0 ; [-0.006932384965793772, -0.0047443182621827694] ; [0.18727698265172352, 0.029469668213866096]
771 ; 1 ; 171 ; 0 ; [0.15973899558844426, 0.82777874444671462] ; [0.044382262620690276, 0.033435197822960797]
771 ; 1 ; 171 ; 1 ; [0.4079796960684674] ; [2.6777304360699401]
771 ; 1 ; 171 ; 2 ; [0.15179877839838907] ; [0.061407401325427824]
771 ; 1 ; 171 ; 3 ; [0.38038188181944227] ; [0.2053456668135995]
771 ; 1 ; 174 ; 0 ; [0.30734014092081652] ; [0.093326657256706302]
771 ; 1 ; 174 ; 3 ; [0.28861390864611136] ; [0.75161644699862995]
771 ; 1 ; 174 ; 4 ; [3.1857000233801189] ; [1.0881517661174895]
771 ; 1 ; 174 ; 7 ; [0.24155001560342756] ; [0.20254195198784172]
771 ; 1 ; 175 ; 0 ; [0.24995424687117365] ; [0.25738310190333291]
771 ; 1 ; 175 ; 1 ; [0.55368961011297346] ; [0.35714800316068845]
771 ; 1 ; 175 ; 3 ; [1.4394747313858409] ; [0.0076158910511920554]
771 ; 1 ; 176 ; 0 ; [0.5903647133599409] ; [3.4532086585201416]
771 ; 1 ; 176 ; 1 ; [1.7859343922090685] ; [1.331927221564349]
771 ; 1 ; 176 ; 2 ; [0.24688079688072317] ; [1.5273573931732161]
771 ; 1 ; 180 ; 0 ; [1.5922275498194054] ; [1.1655525509212497]
771 ; 1 ; 180 ; 1 ; [0.93747898645218897] ; [0.84890371160615041]
771 ; 1 ; 180 ; 2 ; [-0.053646600879870852] ; [0.46000427673535083]
771 ; 1 ; 180 ; 3 ; [1.4746265603062036] ; [0.44792589793121579]
771 ; 1 ; 180 ; 4 ; [0.45294634496648212] ; [0.54202019190665651]
771 ; 1 ; 180 ; 5 ; [1.2451712824098311] ; [1.0036504887522291]
771 ; 1 ; 180 ; 7 ; [1.8672337017121452] ; [0.78167690154993075]
771 ; 1 ; 180 ; 8 ; [2.0713877534264915] ; [1.4430697886292936]
771 ; 1 ; 180 ; 9 ; [2.6019534738751151] ; [3.7858012106088998]
771 ; 1 ; 180 ; 11 ; [0.98430258417352046] ; [0.68189723843585881]
771 ; 1 ; 180 ; 12 ; [2.7773080724480628] ; [1.0894079479550776]
771 ; 1 ; 180 ; 14 ; [0.58952336889858492] ; [0.30013779761675974]
771 ; 1 ; 180 ; 15 ; [1.7169703934287062] ; [2.3506563036720554]
771 ; 1 ; 181 ; 0 ; [0.3196045935862894] ; [0.041411711612763032]
771 ; 1 ; 182 ; 0 ; [0.55633059656203554] ; [0.079171153799173694]
771 ; 1 ; 183 ; 0 ; [0.60336130737079074] ; [1.3227155491424791]
771 ; 1 ; 183 ; 1 ; [0.66355395233346715] ; [3.7168571066063536]
771 ; 1 ; 183 ; 2 ; [0.39165492557454229] ; [1.2607143313110301]
771 ; 1 ; 183 ; 4 ; [1.4413147485506155] ; [0.15834863698345816]
771 ; 1 ; 183 ; 6 ; [2.9700688972816502] ; [4.0967336458646431]
771 ; 1 ; 183 ; 7 ; [0.15069818383527142] ; [2.0084501790280944]
771 ; 1 ; 183 ; 11 ; [1.0913055234680851] ; [1.9884260616147704]
771 ; 1 ; 184 ; 0 ; [0.57501470602834104] ; [0.68779070244129537]
771 ; 1 ; 184 ; 1 ; [1.685217507526773] ; [0.023702218137785658]
771 ; 1 ; 184 ; 2 ; [2.0122754804579879] ; [1.9827075816417952]
771 ; 1 ; 184 ; 4 ; [7.1883140572673128] ; [3.9972967593454816]
771 ; 1 ; 185 ; 0 ; [0.24807164624762559] ; [0.29079366898065173]
771 ; 1 ; 185 ; 1 ; [1.0707529924753949] ; [1.0149647086731932]
771 ; 1 ; 185 ; 2 ; [0.7292206833430005, 0.63351222327971468] ; [0.90760139778999527, 1.223254220352475]
771 ; 1 ; 185 ; 4 ; [1.3701153792777767] ; [1.1778576639559697]
771 ; 1 ; 185 ; 8 ; [0.34080260565924075] ; [0.95391392407723519]
771 ; 1 ; 185 ; 10 ; [2.9493344924487399] ; [2.3454363085198775]
771 ; 1 ; 185 ; 11 ; [1.3283488472557659] ; [2.1755168658283646]
771 ; 1 ; 185 ; 12 ; [2.7394128362245795] ; [0.86487543308283288]
771 ; 1 ; 185 ; 16 ; [0.47112657638445843] ; [1.9037452874863701]
771 ; 1 ; 186 ; 1 ; [1.9913897027259997] ; [3.2783875780030485]
771 ; 1 ; 187 ; 0 ; [0.041646354836572932] ; [0.6044313388408955]
771 ; 1 ; 187 ; 2 ; [0.5488953933625571] ; [0.70933968356562804]
771 ; 1 ; 187 ; 3 ; [1.4305815276419911] ; [0.99431704872163296]
771 ; 1 ; 188 ; 0 ; [0.4132627193564557] ; [0.65130019812858675]
771 ; 1 ; 188 ; 1 ; [1.1495737970230782] ; [2.4121676565529122]
771 ; 1 ; 189 ; 0 ; [0.21079985047286892] ; [0.66904558955307969]
771 ; 1 ; 190 ; 0 ; [6.3332674219670491] ; [0.29153085235255655]
771 ; 1 ; 191 ; 0 ; [0.23771066026414864, 0.068100573077919224] ; [0.4946018136969893, 0.035368956302580967]
771 ; 1 ; 191 ; 1 ; [-0.10085992974906399, -0.059747203756556136] ; [-0.0066699212698256823, 0.014601070879720728]
771 ; 1 ; 192 ; 0 ; [-0.048357238290623529] ; [0.068746714026801214]
771 ; 1 ; 192 ; 3 ; [0.82841126403196552] ; [0.093198466890971096]
771 ; 1 ; 193 ; 0 ; [-0.013940670431259452] ; [0.0064179807173441504]
771 ; 1 ; 193 ; 1 ; [0.87998843626366574] ; [2.2924821423684172]
771 ; 1 ; 195 ; 0 ; [0.51709191450484315, 0.021947907339073289] ; [0.22346148734015583, 0.12159163811288227]
771 ; 1 ; 195 ; 1 ; [1.9547610568316129] ; [0.074331444499519034]
771 ; 1 ; 195 ; 2 ; [2.2542014090379321] ; [0.57029087660791311]
771 ; 1 ; 195 ; 3 ; [0.097768344006158775] ; [2.123518429748676]
771 ; 1 ; 195 ; 4 ; [1.6455206064312171] ; [1.1360109492856265]
771 ; 1 ; 195 ; 6 ; [4.9649830568741686] ; [1.9889724208301964]
771 ; 1 ; 195 ; 7 ; [0.99107430445972766] ; [2.3946368469937798]
771 ; 1 ; 195 ; 8 ; [1.6507846299568243] ; [1.084828812359985]
771 ; 1 ; 195 ; 9 ; [1.2909320466233816] ; [1.606542515993701]
771 ; 1 ; 195 ; 15 ; [1.0218006452186679] ; [-0.12083948217815581]
771 ; 1 ; 195 ; 17 ; [0.60497200366646153] ; [2.1058431643751772]
771 ; 1 ; 195 ; 19 ; [0.10554983728043026] ; [0.050687659787519226]
771 ; 1 ; 197 ; 0 ; [1.140883325782091] ; [0.27539544221248891]
771 ; 1 ; 198 ; 1 ; [0.024254251061691486] ; [0.73729826194351378]
771 ; 1 ; 200 ; 0 ; [0.26402154309146869] ; [-0.01369439328880941]
771 ; 1 ; 201 ; 0 ; [0.14836428574324062] ; [-0.0071454821542693975]
771 ; 1 ; 201 ; 1 ; [0.15105557324245869] ; [0.050457294352061581]
771 ; 1 ; 202 ; 0 ; [0.047247128245186849] ; [0.16672915717644604]
771 ; 1 ; 204 ; 0 ; [0.0098058474926612446] ; [0.13639692051347377]
771 ; 1 ; 205 ; 0 ; [0.078303465114542947] ; [0.3209229405889526]
771 ; 1 ; 206 ; 0 ; [1.2502378831607832] ; [0.28552997457484636]
771 ; 1 ; 206 ; 6 ; [0.14255490807817364] ; [0.069135188326747102]
771 ; 1 ; 208 ; 0 ; [0.71178914865634757] ; [0.74817983317394077]
771 ; 1 ; 208 ; 1 ; [0.16463232325096716] ; [-0.0010416077278938159]
771 ; 1 ; 208 ; 2 ; [0.29161181662158925] ; [0.018867477842885037]
771 ; 1 ; 209 ; 0 ; [-0.0056510233622866068] ; [0.085209848928413254]
771 ; 1 ; 210 ; 0 ; [0.86454966760078611] ; [0.22803464921290703]
771 ; 1 ; 210 ; 1 ; [0.55253538893835141] ; [0.21221859799945561]
771 ; 1 ; 210 ; 2 ; [0.049242155891103173] ; [2.1905379153453164]
771 ; 1 ; 210 ; 4 ; [1.54580605360001] ; [1.3428361966072322]
771 ; 1 ; 210 ; 5 ; [1.0006369107058086] ; [1.0323393091275106]
771 ; 1 ; 210 ; 6 ; [0.44396419843096813] ; [0.74428062377566784]
771 ; 1 ; 210 ; 15 ; [1.8063097082476527] ; [1.6666026070500035]
771 ; 1 ; 210 ; 16 ; [1.9628825460740877] ; [0.56345952598165172]
771 ; 1 ; 212 ; 0 ; [0.11851620094560965] ; [0.41069015929933217]
771 ; 1 ; 212 ; 1 ; [0.097421055202463441] ; [0.37297777701624912]
771 ; 1 ; 213 ; 0 ; [0.56198919676625769] ; [0.53785312124227791]
771 ; 1 ; 213 ; 2 ; [-0.026868008462125052] ; [0.30346353110957042]
771 ; 1 ; 214 ; 0 ; [0.10855391728416018] ; [0.12330878243526454]
771 ; 1 ; 214 ; 1 ; [1.0524364711581116] ; [0.16539553161803219]
771 ; 1 ; 215 ; 0 ; [-8.2400916712518474e-05] ; [-0.06388998895350434]
771 ; 1 ; 215 ; 1 ; [0.028214203148840874] ; [-0.00178738323602369]
771 ; 1 ; 215 ; 2 ; [-0.050529785522510355] ; [0.0084487000454679887]
771 ; 1 ; 216 ; 0 ; [0.16424988372375598] ; [0.16039638239139428]
771 ; 1 ; 216 ; 1 ; [0.1646785394208812] ; [0.19738403575588104]
771 ; 1 ; 217 ; 0 ; [0.06295566305402843] ; [0.017120281766711706]
771 ; 1 ; 217 ; 1 ; [0.31404778255928906] ; [0.050576507011462067]
771 ; 1 ; 217 ; 3 ; [0.047338391528644205] ; [0.45772562313173676]
771 ; 1 ; 218 ; 0 ; [0.53495475467232223] ; [0.45034200047050987]
771 ; 1 ; 219 ; 0 ; [0.96021758362486553] ; [0.54314533906670726]
771 ; 1 ; 219 ; 1 ; [1.003968631656913] ; [0.17685657185882903]
771 ; 1 ; 219 ; 6 ; [1.161936207093875] ; [0.024008306174709542]
771 ; 1 ; 219 ; 8 ; [0.17094367467789023] ; [0.46233345355823441]
771 ; 1 ; 219 ; 9 ; [1.1681450596882756] ; [-0.0082949101480776343]
771 ; 1 ; 219 ; 10 ; [1.9705105561646525] ; [3.4944492179905473]
771 ; 1 ; 220 ; 0 ; [1.2807794951785694] ; [2.4138403278635225]
771 ; 1 ; 220 ; 1 ; [0.9307211791571971] ; [1.3540087008367929]
771 ; 1 ; 220 ; 3 ; [0.56948410001897243] ; [1.5546585711291463]
771 ; 1 ; 220 ; 4 ; [4.1136654096711114] ; [1.1310170025327777]
771 ; 1 ; 220 ; 5 ; [0.081058994141343405] ; [-0.048467544884076556]
771 ; 1 ; 221 ; 1 ; [0.017108429897045464] ; [0.10773129754823758]
771 ; 1 ; 222 ; 1 ; [0.00093388894200217647] ; [2.3403376154791844]
771 ; 1 ; 222 ; 2 ; [0.13439782397384326] ; [0.019957080315734534]
771 ; 1 ; 222 ; 4 ; [1.1230400109211927] ; [1.0620279064131821]
771 ; 1 ; 222 ; 5 ; [0.20969641065487335] ; [1.024094691521019]
771 ; 1 ; 223 ; 0 ; [0.039927870126102757] ; [0.40425648691821769]
771 ; 1 ; 223 ; 1 ; [0.35321107764908077] ; [-0.022701036319402589]
771 ; 1 ; 224 ; 0 ; [0.48147539049657362] ; [0.25245947069178354]
771 ; 1 ; 225 ; 0 ; [0.27801590324393971] ; [0.19350498911186886]
771 ; 1 ; 225 ; 1 ; [0.10436785456592348] ; [0.58631428479536329]
771 ; 1 ; 225 ; 3 ; [14.809461849535097] ; [0.62271689143202003]
771 ; 1 ; 226 ; 1 ; [1.8235341091167545] ; [0.35019096008318218]
771 ; 1 ; 226 ; 3 ; [2.7844182452261896] ; [1.4009547493456445]
771 ; 1 ; 226 ; 4 ; [0.73509925520327724] ; [2.4691598671789907]
771 ; 1 ; 226 ; 5 ; [1.9659492867476163] ; [1.7063868491749956]
771 ; 1 ; 226 ; 6 ; [1.3083497663682435] ; [5.2927580309293099]
771 ; 1 ; 226 ; 15 ; [3.2015389932505034] ; [0.67364678229893471]
771 ; 1 ; 228 ; 0 ; [0.41929452399742262] ; [0.91697760147365803]
771 ; 1 ; 231 ; 0 ; [0.035392535831254304] ; [0.14205128251418342]
771 ; 1 ; 231 ; 1 ; [0.04457866136490507] ; [0.33645455678394204]
771 ; 1 ; 231 ; 2 ; [1.1239688971106918] ; [2.5975108712530011]
771 ; 1 ; 231 ; 3 ; [0.16334379160487686] ; [1.4271279330222837]
771 ; 1 ; 231 ; 5 ; [0.88530839185868759] ; [0.64689367823498334]
771 ; 1 ; 231 ; 9 ; [0.90533820758495498] ; [0.33905743566022734]
771 ; 1 ; 231 ; 11 ; [0.020308974060442322] ; [0.029543225145422437]
771 ; 1 ; 231 ; 12 ; [0.0072993165970656974] ; [3.921008826564341]
771 ; 1 ; 231 ; 16 ; [2.79807732319418] ; [9.9322940881270902]
771 ; 1 ; 235 ; 0 ; [0.038616227380607958, 0.022325949201627598] ; [0.019509828220128731, -0.016967669192992075]
771 ; 1 ; 235 ; 1 ; [0.71434411273746945] ; [1.5844980238184438]
771 ; 1 ; 235 ; 2 ; [0.10204544450540647] ; [1.1838199501119098]
771 ; 1 ; 235 ; 6 ; [0.051617925160172141] ; [1.1534841884744331]
771 ; 1 ; 235 ; 7 ; [1.1961062820489552] ; [1.6915179285403599]
771 ; 1 ; 235 ; 8 ; [0.064872105516546555] ; [3.0524411307979231]
771 ; 1 ; 235 ; 11 ; [1.4442420311566981] ; [1.5744128256241383]
771 ; 1 ; 235 ; 14 ; [0.051346579412525538] ; [4.2805291464252804]
771 ; 1 ; 235 ; 15 ; [0.039838707896340794] ; [0.037984595122870828]
771 ; 1 ; 235 ; 19 ; [1.319321921378751] ; [1.9551504058854168]
771 ; 1 ; 240 ; 0 ; [0.055683435417251084] ; [0.42628290750032127]
771 ; 1 ; 242 ; 0 ; [3.6339476971433] ; [0.49983555576035243]
771 ; 1 ; 243 ; 0 ; [1.80674568667971, 1.1604920598875059] ; [0.086760443232148335, 0.30122858172136896]
771 ; 1 ; 243 ; 1 ; [0.37541522278814959] ; [1.2554272150383397]
771 ; 1 ; 243 ; 3 ; [2.2341094123497407] ; [2.5101917032854426]
771 ; 1 ; 243 ; 5 ; [2.7213645752474038] ; [0.97646483942287365]
771 ; 1 ; 243 ; 11 ; [1.8050900133320351] ; [0.88978438879708177]
771 ; 1 ; 243 ; 12 ; [3.9437005851459839] ; [2.4366883789795089]
771 ; 1 ; 243 ; 14 ; [2.6859815128986351] ; [0.13648244075389607]
771 ; 1 ; 243 ; 16 ; [1.1426561591069513] ; [4.8771023633662791]
771 ; 1 ; 243 ; 17 ; [1.4489058362303775] ; [1.8740177821802053]
771 ; 1 ; 243 ; 21 ; [8.9709400836544315] ; [0.51398518331894949]
771 ; 1 ; 243 ; 28 ; [4.9681412962866798] ; [0.30106632763285979]
771 ; 1 ; 245 ; 0 ; [0.53167065600801244] ; [0.69598481036339388]
771 ; 1 ; 245 ; 1 ; [0.33179161413337327] ; [0.25151423678219803]
771 ; 1 ; 245 ; 9 ; [0.24329395905343285] ; [0.34150075483673703]
771 ; 1 ; 247 ; 0 ; [0.13859852716093812] ; [-0.081647718974328681]
771 ; 1 ; 247 ; 1 ; [0.52746117678571891] ; [0.013751332079405536]
771 ; 1 ; 248 ; 2 ; [0.0051550970808728691] ; [0.10124982621930227]
771 ; 1 ; 249 ; 0 ; [0.96900985386766125] ; [0.5008197470628033]
771 ; 1 ; 249 ; 1 ; [-4.7251225350041042e-05] ; [0.15648614957730025]
771 ; 1 ; 252 ; 0 ; [0.2840621887611014, 0.1699820879597575] ; [0.019350354198029447, 0.051375347270121302]
771 ; 1 ; 252 ; 1 ; [0.35142146409093405] ; [0.092712866246346781]
771 ; 1 ; 253 ; 0 ; [-0.070643995673798185] ; [0.010829662526181186]
771 ; 1 ; 253 ; 1 ; [0.20174138577479178] ; [0.87169918621682596]
771 ; 1 ; 253 ; 2 ; [0.01371628757536497] ; [0.72316918962263388]
771 ; 1 ; 253 ; 7 ; [1.4963184366892266] ; [0.7697771209340446]
771 ; 1 ; 253 ; 11 ; [-0.00085643370822495392] ; [0.13755935737262479]
771 ; 1 ; 254 ; 3 ; [1.4081827034371206] ; [1.4252726610888873]
771 ; 1 ; 255 ; 0 ; [0.0034066789875244687] ; [0.13575321643067087]
771 ; 1 ; 255 ; 1 ; [1.0226591283731428] ; [-0.018410229560472356]
771 ; 1 ; 255 ; 2 ; [1.3499679306506649] ; [-0.035902459653627448]
771 ; 1 ; 256 ; 0 ; [0.3199003597080331] ; [0.459413171124822]
771 ; 1 ; 257 ; 0 ; [0.021112848263566217] ; [0.00099344242721524341]
771 ; 1 ; 258 ; 0 ; [0.14527200359300027] ; [0.5048770048733241]
771 ; 1 ; 260 ; 0 ; [0.014398436600567836] ; [0.56149775475619546]
771 ; 1 ; 262 ; 2 ; [0.01630403377457311] ; [-0.021321939701470741]
771 ; 1 ; 264 ; 0 ; [0.1824010518019015] ; [1.6015731570398464]
771 ; 1 ; 264 ; 1 ; [0.4303108774809048] ; [0.90237897997250383]
771 ; 1 ; 264 ; 4 ; [1.6561689172382461] ; [2.5309152879214891]
771 ; 1 ; 264 ; 6 ; [3.3591465096920188] ; [2.1167290987685004]
771 ; 1 ; 265 ; 0 ; [0.19364396968575512, -0.010507627611118155] ; [1.0690345504249184, 0.020037388002684314]
771 ; 1 ; 266 ; 0 ; [0.10708055979059576] ; [-0.041288792827489734]
771 ; 1 ; 266 ; 4 ; [-0.0027288980515933542] ; [0.84710783758482144]
771 ; 1 ; 267 ; 0 ; [0.28516487494947368] ; [0.19292361606254221]
771 ; 1 ; 269 ; 0 ; [0.71334959846247969] ; [0.1714964579726557]
771 ; 1 ; 269 ; 1 ; [1.5195104572067577] ; [1.6989717737446464]
771 ; 1 ; 269 ; 2 ; [0.93212185358627742] ; [2.4128557829793422]
771 ; 1 ; 269 ; 5 ; [0.42240103869326867] ; [0.37767553662658432]
771 ; 1 ; 270 ; 0 ; [0.050935543163635043] ; [0.18728452585012431]
771 ; 1 ; 270 ; 1 ; [0.32106072983420447] ; [0.29875780960784648]
771 ; 1 ; 270 ; 3 ; [1.5485436162210264] ; [0.31249182125349856]
771 ; 1 ; 270 ; 4 ; [0.019301780337298843] ; [0.0060810348248361715]
771 ; 1 ; 270 ; 9 ; [0.0021961815587562368] ; [0.99452222184667005]
771 ; 1 ; 271 ; 0 ; [0.28970629839790718] ; [0.035196217258585578]
771 ; 1 ; 271 ; 1 ; [0.098681056714297805] ; [0.27597199861162813]
771 ; 1 ; 271 ; 2 ; [4.4315536429519939] ; [0.15990784836367755]
771 ; 1 ; 275 ; 0 ; [-0.054360679653324459] ; [-0.022919221837856951]
771 ; 1 ; 277 ; 1 ; [0.013148548245097478] ; [-0.030562834180022792]
771 ; 1 ; 277 ; 2 ; [1.2766951789895564] ; [0.93864444301682803]
771 ; 1 ; 277 ; 6 ; [0.040448577971491553] ; [0.017676216008230026]
771 ; 1 ; 280 ; 0 ; [1.7483485538503323] ; [1.2091244228278144]
771 ; 1 ; 280 ; 1 ; [1.3371196823759761] ; [1.4898272570162581]
771 ; 1 ; 283 ; 4 ; [1.8118437563169849] ; [1.3084476293740483]
771 ; 1 ; 283 ; 5 ; [2.9688810451305216] ; [2.1644934693106563]
771 ; 1 ; 284 ; 0 ; [1.8677689352146571] ; [1.2713520088551917]
771 ; 1 ; 284 ; 1 ; [2.9746374229270471] ; [0.56867778076998365]
771 ; 1 ; 284 ; 3 ; [0.53739278069419805] ; [0.12487012681946642]
771 ; 1 ; 284 ; 5 ; [1.6073100798711724] ; [1.1752411956850455]
771 ; 1 ; 284 ; 6 ; [0.72940524640949467] ; [0.27096377030651403]
771 ; 1 ; 284 ; 10 ; [0.8270730152097685] ; [2.1147768419573008]
771 ; 1 ; 284 ; 15 ; [0.1540572489027309] ; [1.5508935122501446]
771 ; 1 ; 285 ; 0 ; [1.8231711704841369, 2.9254932891787084] ; [0.21135376376954054, 0.067673721292063851]
771 ; 1 ; 285 ; 1 ; [1.5229001128316473] ; [0.28102583930992542]
771 ; 1 ; 285 ; 4 ; [4.3108496702224217] ; [1.1016738610260406]
771 ; 1 ; 285 ; 5 ; [1.4118770856452232] ; [2.0751019421702357]
771 ; 1 ; 286 ; 0 ; [0.11075503463375483] ; [0.2377729747579736]
771 ; 1 ; 288 ; 0 ; [0.35044419084419071] ; [0.34523661232116254]
771 ; 1 ; 288 ; 2 ; [3.3033513586216392] ; [0.40455099449600324]
771 ; 1 ; 288 ; 3 ; [0.29409816990400151] ; [0.49974246362189451]
771 ; 1 ; 288 ; 6 ; [1.0968213654939984] ; [0.16102650891124107]
771 ; 1 ; 288 ; 10 ; [2.0915599892380303] ; [1.550927667029232]
771 ; 1 ; 289 ; 0 ; [1.2766874044585839] ; [1.4562344005663903]
771 ; 1 ; 289 ; 1 ; [1.0696082474538351] ; [0.78994116956830129]
771 ; 1 ; 289 ; 4 ; [0.21430550762457534] ; [0.57961994562481145]
771 ; 1 ; 289 ; 5 ; [4.2484072333276721] ; [2.9663864722065991]
771 ; 1 ; 289 ; 7 ; [1.4519589176973873] ; [1.5416395910507126]
771 ; 1 ; 289 ; 8 ; [4.2427484521343466] ; [0.47747578357191145]
771 ; 1 ; 289 ; 9 ; [1.1867217143311184] ; [1.5916804996005118]
771 ; 1 ; 289 ; 12 ; [1.2749222150878843] ; [0.99292647156112446]
771 ; 1 ; 289 ; 19 ; [0.8591404555497153] ; [1.5087493425014114]
771 ; 1 ; 289 ; 20 ; [1.2048808696509197] ; [3.2643361570258826]
771 ; 1 ; 289 ; 24 ; [1.4343202113491886] ; [0.60155457294614811]
771 ; 1 ; 291 ; 0 ; [0.16078905689853812, 0.1359124303085483] ; [0.025220134260452255, 0.11793412531760072]
771 ; 1 ; 291 ; 1 ; [0.10074460271019722] ; [-0.20168664122507551]
771 ; 1 ; 292 ; 0 ; [0.55517577359277959] ; [0.022228697363936404]
771 ; 1 ; 294 ; 0 ; [0.23438099970605339] ; [0.450170228083414]
771 ; 1 ; 295 ; 1 ; [1.6818108584413034] ; [1.9005950994908494]
771 ; 1 ; 295 ; 2 ; [0.91438950913223438] ; [0.58243518289893459]
771 ; 1 ; 297 ; 0 ; [0.14718230319253969] ; [0.42476485629853655]
771 ; 1 ; 297 ; 4 ; [0.00054904277672130622] ; [1.2836378269911193]
771 ; 1 ; 298 ; 0 ; [1.6322556619279949] ; [0.17177428702240347]
771 ; 1 ; 298 ; 3 ; [2.2405178916304349] ; [5.5574090919371999]
771 ; 1 ; 300 ; 0 ; [0.44814012514951596] ; [0.84272187284455513]
771 ; 1 ; 302 ; 0 ; [0.089167180360191084] ; [0.36557960637292092]
771 ; 1 ; 302 ; 1 ; [0.031320345715507084] ; [0.10276971447010221]
771 ; 1 ; 302 ; 3 ; [3.6767971807576409] ; [1.7569853556541106]
771 ; 1 ; 303 ; 0 ; [-0.036937383865563264] ; [0.44888021740338074]
771 ; 1 ; 304 ; 2 ; [6.663801705072796] ; [0.93354775986699201]
771 ; 1 ; 304 ; 4 ; [0.015463365856035747] ; [0.23798945896691481]
771 ; 1 ; 305 ; 0 ; [0.22830941334326388] ; [0.64296309192612877]
771 ; 1 ; 305 ; 2 ; [0.62011403367875906] ; [-0.0046975457131220952]
771 ; 1 ; 306 ; 1 ; [1.656579291068685] ; [0.57462393480948781]
771 ; 1 ; 306 ; 2 ; [1.7700563044220312] ; [2.9913865869538259]
771 ; 1 ; 306 ; 5 ; [2.2085872018102726] ; [2.4551862485886358]
771 ; 1 ; 307 ; 0 ; [0.043244850135538866] ; [0.20668858682804456]
771 ; 1 ; 307 ; 1 ; [3.8085023062473935] ; [2.0351220983100049]
771 ; 1 ; 308 ; 0 ; [0.78580531902854334] ; [4.0320481328951097]
771 ; 1 ; 308 ; 1 ; [1.3138498310817206] ; [0.1636944226192433]
771 ; 1 ; 308 ; 2 ; [0.23653396132264415] ; [3.104825549876244]
771 ; 1 ; 308 ; 4 ; [1.8926836741339883] ; [2.0615269349454426]
771 ; 1 ; 309 ; 0 ; [-0.0010430526801509037] ; [0.32895409923762192]
771 ; 1 ; 309 ; 2 ; [0.04221130997448256] ; [1.4609962420114178]
771 ; 1 ; 310 ; 0 ; [1.5469133580420391] ; [1.2382347308115871]
771 ; 1 ; 310 ; 1 ; [0.16679118891393943] ; [0.19183382503628585]
771 ; 1 ; 310 ; 4 ; [0.98149906362366024] ; [1.1717418451704407]
771 ; 1 ; 310 ; 7 ; [4.32576923480209] ; [1.7788094332872149]
771 ; 1 ; 310 ; 8 ; [1.122121524947592] ; [1.0169275139260621]
771 ; 1 ; 310 ; 11 ; [1.2676798208459816] ; [4.5605542115574291]
771 ; 1 ; 310 ; 13 ; [0.26141080092124153] ; [1.8008182752943265]
771 ; 1 ; 311 ; 0 ; [0.69919312157631464] ; [1.7984129948757235]
771 ; 1 ; 311 ; 1 ; [1.3481718495684918] ; [4.2639684571699501]
771 ; 1 ; 311 ; 4 ; [0.17964500231491543] ; [1.6127656167635824]
771 ; 1 ; 311 ; 5 ; [1.1385160512885624] ; [1.7607255600502636]
771 ; 1 ; 311 ; 7 ; [0.050366756048229704] ; [2.8761842391311365]
771 ; 1 ; 314 ; 0 ; [0.21105498019311184, 0.14513534448759544] ; [0.090256504046030084, 0.07041264200372635]
771 ; 1 ; 316 ; 0 ; [0.17322491942362411] ; [0.0072113065599691013]
771 ; 1 ; 316 ; 1 ; [0.90158039358837994] ; [0.23446828938107767]
771 ; 1 ; 317 ; 6 ; [0.91464399560108023] ; [0.56209119169810051]
771 ; 1 ; 317 ; 7 ; [0.58311637259501836] ; [1.2021200075549661]
771 ; 1 ; 318 ; 0 ; [0.15521103763962468, 0.05504606785996919] ; [0.11084605436760328, 0.33466659432939155]
771 ; 1 ; 318 ; 1 ; [0.27985669368011529] ; [0.30442563981367948]
771 ; 1 ; 318 ; 2 ; [0.16403165451951085] ; [2.1785356818931425]
771 ; 1 ; 318 ; 3 ; [0.086125093727902793] ; [1.6704822351898641]
771 ; 1 ; 319 ; 0 ; [0.35572402515335372, 0.0057546353061426105] ; [0.68308501597419835, 0.43256046912462115]
771 ; 1 ; 319 ; 1 ; [0.00055530994636765561] ; [4.8965919613212421]
771 ; 1 ; 320 ; 0 ; [-0.0039701353718526004] ; [0.16460573984491228]
771 ; 1 ; 323 ; 0 ; [0.20869623254125003] ; [0.12879091608853291]
771 ; 1 ; 323 ; 1 ; [0.032864107954554266] ; [0.53008409134901824]
771 ; 1 ; 323 ; 2 ; [0.99802960948133412] ; [0.0012416223820071056]
771 ; 1 ; 323 ; 3 ; [0.50665469005724517] ; [0.067271164406710354]
771 ; 1 ; 323 ; 6 ; [1.0977870902015177] ; [0.23708119879200376]
771 ; 1 ; 324 ; 0 ; [0.69776798977142684] ; [1.9784925505815043]
771 ; 1 ; 327 ; 2 ; [0.21343042176592145] ; [1.8259392945388861]
771 ; 1 ; 329 ; 3 ; [2.5486389143380217] ; [1.2123842263858353]
771 ; 1 ; 329 ; 4 ; [2.7176322585798158] ; [0.53754641217373034]
771 ; 1 ; 329 ; 5 ; [1.1890765082222632] ; [2.0184518935537619]
771 ; 1 ; 329 ; 6 ; [2.2431395695278979] ; [0.74365398872651112]
771 ; 1 ; 329 ; 7 ; [1.4207946421568369] ; [2.7582253264258334]
771 ; 1 ; 331 ; 1 ; [0.032533761082161043] ; [0.59978456841498229]
771 ; 1 ; 334 ; 0 ; [0.43863153357309587] ; [0.50263394533906525]
771 ; 1 ; 334 ; 4 ; [2.0253885437578001] ; [2.3138090273111738]
771 ; 1 ; 334 ; 11 ; [0.43128977519802536] ; [2.8115769837522473]
771 ; 1 ; 334 ; 12 ; [0.049924614921782767] ; [1.8595773863317189]