# Run ; Subrun ; Event ; Track ; Charge Ratios View 0 ; Charge Ratios View 1 #
771 ; 3 ; 1 ; 0 ; [0.0077059053418178135] ; [0.17632695340688281]
771 ; 3 ; 4 ; 0 ; [0.014895945943369284] ; [0.097397105787671592]
771 ; 3 ; 4 ; 2 ; [0.14526698153925355] ; [3.0896334395700613]
771 ; 3 ; 4 ; 3 ; [0.14156856321852224] ; [2.5645460330506422]
771 ; 3 ; 5 ; 0 ; [0.55065644941480496, 0.11375916432506085] ; [0.14981876861353702, 0.0085136627223775293]
771 ; 3 ; 6 ; 0 ; [0.29279715939653389] ; [0.0082819438093669224]
771 ; 3 ; 6 ; 2 ; [0.52409860652785223] ; [0.01458053748675919]
771 ; 3 ; 7 ; 0 ; [0.07638160082748098] ; [0.04953508337771366]
771 ; 3 ; 7 ; 1 ; [0.098232206870149372] ; [0.28630934148123371]
771 ; 3 ; 9 ; 0 ; [0.060487225442908625] ; [0.15444712910371089]
771 ; 3 ; 9 ; 1 ; [0.09187209592206165] ; [0.42057764129140196]
771 ; 3 ; 9 ; 2 ; [0.019298905165542089] ; [0.18975332371209458]
771 ; 3 ; 10 ; 0 ; [0.837975733340521] ; [0.1026399402188921]
771 ; 3 ; 10 ; 1 ; [0.45665240843613414] ; [0.45884129053364808]
771 ; 3 ; 13 ; 1 ; [0.71157935305806541] ; [1.4672253902310013]
771 ; 3 ; 13 ; 3 ; [1.3398269641313083] ; [1.3071627899627853]
771 ; 3 ; 13 ; 5 ; [1.5795055711029218] ; [1.5237739716522352]
771 ; 3 ; 13 ; 8 ; [0.023472254626722488] ; [1.478495469889914]
771 ; 3 ; 16 ; 0 ; [-0.078910438588721474] ; [0.065777737263857564]
771 ; 3 ; 16 ; 2 ; [-0.088098903123329561] ; [-0.056150185697259408]
771 ; 3 ; 17 ; 0 ; [3.2070839219370195] ; [0.32971820165241528]
771 ; 3 ; 17 ; 1 ; [2.3162673372599953] ; [0.68843060523692623]
771 ; 3 ; 17 ; 2 ; [1.0986670752779397] ; [0.84150547306626899]
771 ; 3 ; 17 ; 4 ; [0.17824121749109995] ; [1.0811602399870617]
771 ; 3 ; 17 ; 5 ; [1.6372853196354771] ; [2.0496166559161817]
771 ; 3 ; 17 ; 10 ; [2.9031691151730605] ; [1.2824868709421422]
771 ; 3 ; 17 ; 12 ; [2.2708110562579771] ; [0.39112305971651429]
771 ; 3 ; 17 ; 16 ; [0.86849781897975264] ; [1.944636203642677]
771 ; 3 ; 17 ; 21 ; [0.63428670535515719] ; [0.20960737786143963]
771 ; 3 ; 19 ; 0 ; [0.27658366488405228] ; [0.41824368999483269]
771 ; 3 ; 19 ; 1 ; [0.10561287769797356] ; [1.5703363772437893]
771 ; 3 ; 20 ; 0 ; [0.0028495324793628655] ; [0.015270589727402036]
771 ; 3 ; 20 ; 1 ; [0.16318294313459886] ; [0.33820005978817408]
771 ; 3 ; 23 ; 0 ; [-0.035618568178311161] ; [-0.25038297170478341]
771 ; 3 ; 24 ; 0 ; [1.0127648818564021] ; [1.0723862763816285]
771 ; 3 ; 24 ; 1 ; [9.0962095242641503] ; [0.43048758796275444]
771 ; 3 ; 24 ; 2 ; [1.2021402651448267] ; [1.3521959812020212]
771 ; 3 ; 24 ; 3 ; [0.94583675665278311] ; [0.811518077938992]
771 ; 3 ; 24 ; 6 ; [0.59445422448540219] ; [0.15687648967373602]
771 ; 3 ; 24 ; 7 ; [3.0804978407468342] ; [4.2373881779552436]
771 ; 3 ; 24 ; 8 ; [2.137223976388142] ; [1.1458858365186395]
771 ; 3 ; 24 ; 10 ; [2.9962280915517576] ; [1.5703756109017872]
771 ; 3 ; 24 ; 12 ; [1.8620374722937429] ; [2.2537872086588062]
771 ; 3 ; 24 ; 18 ; [1.9063656210901112] ; [2.7949426986835917]
771 ; 3 ; 24 ; 19 ; [0.69026863211840139] ; [1.1281165295802331]
771 ; 3 ; 24 ; 23 ; [1.6537524817823492] ; [1.6367220278734431]
771 ; 3 ; 24 ; 24 ; [0.25733412805532091] ; [1.4184297715177119]
771 ; 3 ; 24 ; 26 ; [2.5144586282481129] ; [1.7943748306334135]
771 ; 3 ; 24 ; 27 ; [0.9389502896030637] ; [4.6403934379976866]
771 ; 3 ; 24 ; 29 ; [2.0460165160539496] ; [1.1725334973232555]
771 ; 3 ; 24 ; 30 ; [3.3867957686743839] ; [4.6315977642318433]
771 ; 3 ; 24 ; 32 ; [1.5973604525822476] ; [3.7074472779646577]
771 ; 3 ; 24 ; 43 ; [0.73451099670804332] ; [1.2129234926513828]
771 ; 3 ; 24 ; 45 ; [1.0450465818705763] ; [0.63264467772278787]
771 ; 3 ; 24 ; 46 ; [1.0229313939946847] ; [1.7497397417578413]
771 ; 3 ; 24 ; 48 ; [4.9123803625606453] ; [3.2211752233858113]
771 ; 3 ; 24 ; 50 ; [3.5816540130865939] ; [3.7172982725095576]
771 ; 3 ; 24 ; 51 ; [0.94075743180794114] ; [2.3290768176325147]
771 ; 3 ; 24 ; 55 ; [0.52119797048804273] ; [0.58552986442199428]
771 ; 3 ; 24 ; 56 ; [2.6439242656619708] ; [1.0735071965583318]
771 ; 3 ; 24 ; 58 ; [2.253889470590225] ; [2.6692917902769144]
771 ; 3 ; 24 ; 59 ; [1.0576808580837713] ; [1.6518895494736696]
771 ; 3 ; 26 ; 0 ; [0.50505299989795005] ; [0.23944375181078412]
771 ; 3 ; 26 ; 2 ; [-0.01022281629755269] ; [-0.023787102761263477]
771 ; 3 ; 26 ; 4 ; [-0.0038142988922919142] ; [0.7678568312610059]
771 ; 3 ; 27 ; 0 ; [0.040615349735026084] ; [0.23697127834108878]
771 ; 3 ; 27 ; 2 ; [0.087527314444718368] ; [0.017153034591988171]
771 ; 3 ; 29 ; 0 ; [0.67829702585754248] ; [0.043851305186039136]
771 ; 3 ; 29 ; 1 ; [0.69150881831001965] ; [0.16759702660009193]
771 ; 3 ; 29 ; 2 ; [0.008991411279549397] ; [2.8829491696507903]
771 ; 3 ; 30 ; 0 ; [0.72968014381712576, 0.33738889263704847] ; [0.45282242434739095, 4.6491451492312885]
771 ; 3 ; 30 ; 1 ; [0.99180069902455226] ; [1.6460617899959415]
771 ; 3 ; 30 ; 2 ; [0.29951726186982686] ; [1.68816690384334]
771 ; 3 ; 30 ; 4 ; [0.11819306499320102] ; [0.35634398651913618]
771 ; 3 ; 33 ; 0 ; [0.68742520026901544] ; [0.74305414835341788]
771 ; 3 ; 33 ; 1 ; [0.31589178088812769] ; [0.86977132878246632]
771 ; 3 ; 33 ; 4 ; [0.48022917855145753] ; [1.1679720573507615]
771 ; 3 ; 33 ; 5 ; [1.3186986157208003] ; [1.3841737422394809]
771 ; 3 ; 33 ; 8 ; [0.083758398391157521] ; [0.45073277059973066]
771 ; 3 ; 36 ; 1 ; [1.6499985996006123] ; [0.28746226748291281]
771 ; 3 ; 36 ; 2 ; [0.90343366028893868] ; [1.2579282680242792]
771 ; 3 ; 36 ; 3 ; [2.6853986277461579] ; [1.9426245535822637]
771 ; 3 ; 36 ; 5 ; [1.1430973978875762] ; [3.1009753304764511]
771 ; 3 ; 36 ; 7 ; [1.7613718270504315] ; [2.5085656587798275]
771 ; 3 ; 38 ; 0 ; [0.020994635358413234] ; [0.18581012935301891]
771 ; 3 ; 39 ; 0 ; [-0.022933846781710465] ; [0.63387127171622026]
771 ; 3 ; 39 ; 1 ; [0.25548597642209925] ; [-0.033718272276704202]
771 ; 3 ; 39 ; 7 ; [0.36763270936699105] ; [0.3029012851403321]
771 ; 3 ; 43 ; 0 ; [0.6667440032659443] ; [0.49319383499897734]
771 ; 3 ; 43 ; 1 ; [0.5762094061207429] ; [0.25348209865057414]
771 ; 3 ; 43 ; 3 ; [0.064364431643232717] ; [0.57714104121098997]
771 ; 3 ; 44 ; 0 ; [0.27945396861222405] ; [-0.006315022617103999]
771 ; 3 ; 44 ; 1 ; [0.039758184996941934] ; [0.61911130384542079]
771 ; 3 ; 45 ; 0 ; [0.42214031143444691] ; [0.88738809479760827]
771 ; 3 ; 45 ; 1 ; [1.5024378072176936] ; [0.34140222927138747]
771 ; 3 ; 45 ; 2 ; [1.1655143529008047] ; [1.6568091133597131]
771 ; 3 ; 45 ; 3 ; [-0.029428734456168507] ; [-0.023498494287676405]
771 ; 3 ; 45 ; 4 ; [1.2766924772405746] ; [1.0917254962904412]
771 ; 3 ; 45 ; 6 ; [0.16634066441741699] ; [3.3962261887441598]
771 ; 3 ; 45 ; 7 ; [0.097934225389507745] ; [4.0512956724971865]
771 ; 3 ; 47 ; 0 ; [1.3544686858222112] ; [2.3008601705913603]
771 ; 3 ; 47 ; 1 ; [2.224100062423922] ; [2.9011928496995787]
771 ; 3 ; 48 ; 0 ; [1.8311369442010643] ; [-0.013600428539299521]
771 ; 3 ; 48 ; 2 ; [0.68586181547515468] ; [3.5614439345966424]
771 ; 3 ; 48 ; 4 ; [1.3731947793575581] ; [2.3738558914727839]
771 ; 3 ; 48 ; 5 ; [2.6096826945930522] ; [1.7509724214972247]
771 ; 3 ; 48 ; 6 ; [1.6444617017594347] ; [1.7744859405515017]
771 ; 3 ; 48 ; 7 ; [1.7506362073433359] ; [1.6963453230732055]
771 ; 3 ; 48 ; 8 ; [1.6254527609034208] ; [1.7772965266696661]
771 ; 3 ; 48 ; 10 ; [1.4250291231114098] ; [2.9200399263438861]
771 ; 3 ; 48 ; 14 ; [1.8499597153877396] ; [1.7170304200551749]
771 ; 3 ; 48 ; 15 ; [3.9311222717177796] ; [3.0775776267098918]
771 ; 3 ; 49 ; 0 ; [0.035573219942698762] ; [0.14648589093877545]
771 ; 3 ; 50 ; 0 ; [0.45743965893302518] ; [1.2875000084321966]
771 ; 3 ; 50 ; 1 ; [0.022985787500743891] ; [1.1941549111026624]
771 ; 3 ; 51 ; 0 ; [0.15970218962297675] ; [-0.0068673581523305775]
771 ; 3 ; 51 ; 2 ; [0.44452119410890045, 16.380596305180269] ; [-0.0046655221237568798, 0.03939578688020165]
771 ; 3 ; 53 ; 3 ; [1.2856051050405528] ; [1.2456066128486467]
771 ; 3 ; 55 ; 0 ; [0.32903388252634841] ; [0.31293445479711929]
771 ; 3 ; 55 ; 1 ; [0.60928814300567735] ; [0.1074672361191062]
771 ; 3 ; 56 ; 0 ; [0.18600033570278934] ; [-0.038026501859970634]
771 ; 3 ; 57 ; 0 ; [0.42835269838314133] ; [4.4737948915882999]
771 ; 3 ; 57 ; 4 ; [3.088037758918214] ; [6.5000248490849204]
771 ; 3 ; 58 ; 0 ; [0.24998278671280666] ; [0.36205287059351354]
771 ; 3 ; 59 ; 0 ; [1.4415628068632116, 1.4168583709649099] ; [0.094526504453435634, 0.12466777172243551]
771 ; 3 ; 59 ; 1 ; [0.07687782748784304] ; [2.0756774628548733]
771 ; 3 ; 59 ; 2 ; [0.052460362079205423] ; [4.8659906945282598]
771 ; 3 ; 59 ; 3 ; [1.1878076672126334] ; [2.8340093185027389]
771 ; 3 ; 59 ; 6 ; [1.6372047114190342] ; [2.7809553221786989]
771 ; 3 ; 61 ; 0 ; [0.18475289639131559] ; [0.3463640777330117]
771 ; 3 ; 61 ; 1 ; [0.59790640326782518] ; [2.8482168251977629]
771 ; 3 ; 62 ; 0 ; [-0.057946172390659828] ; [0.02426576190570106]
771 ; 3 ; 63 ; 0 ; [1.919614379561835] ; [2.0367703729253042]
771 ; 3 ; 63 ; 1 ; [0.060613505029212277] ; [3.080813633345497]
771 ; 3 ; 64 ; 0 ; [0.042304616283270161] ; [0.057110635968953272]
771 ; 3 ; 65 ; 0 ; [0.073837375180405992] ; [0.23319268180030558]
771 ; 3 ; 65 ; 1 ; [0.74560755632463349] ; [0.074252026842470911]
771 ; 3 ; 65 ; 3 ; [0.019997110625993929] ; [0.5224374908033228]
771 ; 3 ; 67 ; 0 ; [0.57948259952545822] ; [9.863845014018823]
771 ; 3 ; 67 ; 1 ; [2.6739907485902039] ; [0.13674293541530111]
771 ; 3 ; 67 ; 2 ; [0.19198133743786924] ; [0.2051620141216671]
771 ; 3 ; 69 ; 0 ; [0.1976341889066742] ; [0.086818907965267839]
771 ; 3 ; 70 ; 0 ; [0.50446441574055934] ; [0.38550930344333584]
771 ; 3 ; 70 ; 2 ; [1.2907833189798621] ; [0.16387862777719142]
771 ; 3 ; 70 ; 4 ; [1.6498781510257643] ; [1.5279445161774647]
771 ; 3 ; 71 ; 0 ; [0.13261803717686169] ; [0.031706586100962622]
771 ; 3 ; 74 ; 1 ; [0.6856809154681508] ; [0.70533988381538426]
771 ; 3 ; 74 ; 2 ; [1.7779179112448547] ; [2.1133593995125892]
771 ; 3 ; 74 ; 4 ; [0.50919635630206683] ; [2.2781312501465263]
771 ; 3 ; 74 ; 5 ; [0.73264684914869527] ; [0.98913428475338938]
771 ; 3 ; 74 ; 12 ; [1.9941949526419676] ; [2.4717775553480794]
771 ; 3 ; 74 ; 14 ; [1.9159304064099714] ; [5.1644338139333277]
771 ; 3 ; 74 ; 17 ; [2.2213097484034283] ; [1.321911026460187]
771 ; 3 ; 74 ; 24 ; [0.68605832856186466] ; [0.15738260747903074]
771 ; 3 ; 75 ; 3 ; [3.7005551846213236] ; [1.5182246269225479]
771 ; 3 ; 75 ; 6 ; [2.4782137848759755] ; [1.5609645465221476]
771 ; 3 ; 75 ; 9 ; [0.075530904185681536] ; [0.61187265616049535]
771 ; 3 ; 75 ; 10 ; [0.062025511604120447] ; [1.3583348717928598]
771 ; 3 ; 77 ; 7 ; [0.00072259372738813952] ; [0.0066871630585910689]
771 ; 3 ; 77 ; 10 ; [0.026013766270081437] ; [1.5324713724859331]
771 ; 3 ; 80 ; 3 ; [0.54628128250896391] ; [0.29663785741528348]
771 ; 3 ; 80 ; 14 ; [0.87952850954768624] ; [0.60147806788556057]
771 ; 3 ; 80 ; 15 ; [1.2252294526806402] ; [0.62884823197783923]
771 ; 3 ; 82 ; 0 ; [0.48445746690518915] ; [0.41877798016971818]
771 ; 3 ; 82 ; 2 ; [3.2501084146890786] ; [0.4616423741001045]
771 ; 3 ; 82 ; 3 ; [0.77720218254822104] ; [2.1962503296434548]
771 ; 3 ; 82 ; 5 ; [1.4343147932912312] ; [0.24463674958712267]
771 ; 3 ; 82 ; 16 ; [1.6506767910220053] ; [4.061150092681574]
771 ; 3 ; 82 ; 31 ; [0.73779798545234587] ; [0.80714348728304386]
771 ; 3 ; 82 ; 32 ; [0.38305782933233173] ; [1.0055959944142108]
771 ; 3 ; 85 ; 2 ; [6.042932218758815] ; [0.42187503194508857]
771 ; 3 ; 85 ; 5 ; [0.92818588875246111] ; [0.44030683135877458]
771 ; 3 ; 85 ; 7 ; [0.1498644751690911] ; [1.7071410740020239]
771 ; 3 ; 85 ; 8 ; [0.079752485031762035] ; [0.11321198718373318]
771 ; 3 ; 86 ; 0 ; [0.88443871257689721] ; [1.4246836997876691]
771 ; 3 ; 86 ; 5 ; [0.054004069385551384] ; [1.5750186699709015]
771 ; 3 ; 88 ; 0 ; [1.2221415883694977] ; [0.15231194081107749]
771 ; 3 ; 88 ; 2 ; [0.029526889452847045] ; [0.17411487558946742]
771 ; 3 ; 88 ; 3 ; [1.1461555766818952] ; [2.3816211867131081]
771 ; 3 ; 88 ; 5 ; [3.7634132728297507] ; [1.6834657670157878]
771 ; 3 ; 88 ; 7 ; [0.12483407427167814] ; [0.95960075679942702]
771 ; 3 ; 91 ; 0 ; [0.26970029372180665] ; [0.34737487282425372]
771 ; 3 ; 91 ; 1 ; [2.2610290001272397] ; [2.1006264580034029]
771 ; 3 ; 91 ; 2 ; [1.7834870099563067] ; [2.1396184693444491]
771 ; 3 ; 91 ; 3 ; [2.3539663291030082] ; [2.0796723874437615]
771 ; 3 ; 91 ; 4 ; [1.8280006704637848] ; [2.0532999967542249]
771 ; 3 ; 91 ; 6 ; [1.8609531672996698] ; [1.5514388240100752]
771 ; 3 ; 91 ; 7 ; [1.9021494160513457] ; [1.6488114162292884]
771 ; 3 ; 91 ; 8 ; [1.6278469838190135] ; [1.4326984797427607]
771 ; 3 ; 91 ; 12 ; [1.6889524559016158] ; [2.2336374868810287]
771 ; 3 ; 91 ; 13 ; [2.410269633951228] ; [1.8064495446978661]
771 ; 3 ; 91 ; 14 ; [2.235866911555314] ; [1.7154532294747455]
771 ; 3 ; 91 ; 15 ; [0.10136846231524922] ; [1.2858756479150324]
771 ; 3 ; 91 ; 18 ; [1.9419554870007694] ; [1.6817778996115791]
771 ; 3 ; 91 ; 21 ; [1.5227169248811203] ; [1.9612199954572571]
771 ; 3 ; 91 ; 30 ; [0.49937756433719421] ; [4.6534446947066526]
771 ; 3 ; 92 ; 0 ; [-0.10371179110024684] ; [0.21066387967956532]
771 ; 3 ; 97 ; 0 ; [0.66650030683599093] ; [1.7871012139427347]
771 ; 3 ; 97 ; 1 ; [2.0717080934223042] ; [2.7840821889802316]
771 ; 3 ; 97 ; 2 ; [2.5336376448924298] ; [2.2109838165324764]
771 ; 3 ; 97 ; 3 ; [2.010012084564551] ; [2.8213520573867554]
771 ; 3 ; 97 ; 4 ; [2.148584759084788] ; [2.7445276439751409]
771 ; 3 ; 97 ; 5 ; [3.2981889420766017] ; [4.0315183416494484]
771 ; 3 ; 99 ; 0 ; [-0.10742837587508779] ; [-0.020578575645497008]
771 ; 3 ; 100 ; 0 ; [1.7526806660151593] ; [2.6916369737514412]
771 ; 3 ; 100 ; 2 ; [0.57250244263551497] ; [2.332070495970167]
771 ; 3 ; 101 ; 0 ; [0.53451956295721004] ; [0.80205962360376604]
771 ; 3 ; 101 ; 1 ; [0.64993824281061874] ; [3.8400148463822363]
771 ; 3 ; 101 ; 2 ; [2.3573521304264813] ; [1.0424482967068835]
771 ; 3 ; 101 ; 5 ; [0.21054111196717307] ; [0.78051399756394535]
771 ; 3 ; 101 ; 8 ; [0.78750233562491256] ; [5.1380344458915399]
771 ; 3 ; 102 ; 0 ; [2.6779533460188452] ; [0.024978979962825918]
771 ; 3 ; 102 ; 1 ; [1.1211335241349845] ; [2.1873226555526388]
771 ; 3 ; 102 ; 2 ; [0.20328827847832145] ; [1.998239690139626]
771 ; 3 ; 102 ; 3 ; [0.84279245593609153] ; [1.5332954194043782]
771 ; 3 ; 102 ; 4 ; [1.2751281240514696] ; [2.5207154261429783]
771 ; 3 ; 102 ; 6 ; [5.2967265305203268] ; [1.7425079602773863]
771 ; 3 ; 102 ; 7 ; [0.52839567355182815] ; [0.63384427769581853]
771 ; 3 ; 102 ; 9 ; [0.63362582182057636] ; [0.27614497092100304]
771 ; 3 ; 102 ; 13 ; [2.044904143071212] ; [1.90638684191652]
771 ; 3 ; 102 ; 16 ; [1.2447293950097269] ; [4.1409721478744075]
771 ; 3 ; 102 ; 17 ; [2.0142138276224482] ; [0.58218280761099583]
771 ; 3 ; 102 ; 20 ; [1.9019160984399452] ; [2.370436509719493]
771 ; 3 ; 102 ; 23 ; [0.9170685211888614] ; [2.2645381436145011]
771 ; 3 ; 102 ; 29 ; [2.2552786018331092] ; [2.210438193302724]
771 ; 3 ; 102 ; 30 ; [0.34936074806119038] ; [2.1366949672129878]
771 ; 3 ; 102 ; 31 ; [0.16368000049376619] ; [2.1228454706238917]
771 ; 3 ; 102 ; 32 ; [2.3161831192714768] ; [1.4820220414667322]
771 ; 3 ; 102 ; 33 ; [1.7384117169243065] ; [1.0523735566462453]
771 ; 3 ; 103 ; 3 ; [0.2936995151864068] ; [2.0076342349442133]
771 ; 3 ; 103 ; 6 ; [0.033061748033775998] ; [1.1798057088867653]
771 ; 3 ; 103 ; 8 ; [0.011259283089157605] ; [1.1870144653847667]
771 ; 3 ; 103 ; 9 ; [0.97284658899596876] ; [1.0579547931773539]
771 ; 3 ; 103 ; 11 ; [1.934721735859668] ; [1.4775826158462728]
771 ; 3 ; 105 ; 0 ; [0.64039108661025812] ; [0.39860134516717022]
771 ; 3 ; 105 ; 1 ; [0.097888209710015855] ; [0.1578049600180918]
771 ; 3 ; 105 ; 5 ; [0.41985839352453275] ; [0.31027939714201597]
771 ; 3 ; 106 ; 0 ; [-0.0068645964002198752, -0.011376859502702763] ; [3.403050250831996, 0.35083275182233886]
771 ; 3 ; 106 ; 1 ; [0.41456439943282386] ; [2.6039528933450415]
771 ; 3 ; 109 ; 4 ; [3.1583830307339955] ; [3.072554737202934]
771 ; 3 ; 111 ; 0 ; [0.26853557562094132] ; [0.095106374583122752]
771 ; 3 ; 112 ; 0 ; [0.57938712409104187] ; [0.075840787946717725]
771 ; 3 ; 112 ; 2 ; [0.11843730032821587] ; [2.9093416349260717]
771 ; 3 ; 112 ; 3 ; [-0.028135114096232271] ; [2.5735690320026228]
771 ; 3 ; 113 ; 1 ; [0.78103233862577581] ; [1.6414730196390099]
771 ; 3 ; 113 ; 2 ; [0.29057161090770151] ; [1.3394399422743919]
771 ; 3 ; 113 ; 6 ; [2.9606717597850674] ; [1.7750743687522126]
771 ; 3 ; 113 ; 8 ; [0.87185889542252382] ; [4.0169432897811364]
771 ; 3 ; 113 ; 9 ; [2.0927535753275275] ; [2.0769454474176055]
771 ; 3 ; 115 ; 0 ; [0.0018457501918252947, -0.0018014044965205742] ; [0.14700323154154324, 0.11836098635288923]
771 ; 3 ; 115 ; 1 ; [0.0037479818380726552] ; [0.17152726286496858]
771 ; 3 ; 116 ; 0 ; [1.2469391964339585] ; [0.035078262332636743]
771 ; 3 ; 116 ; 1 ; [0.27392473734096667] ; [-0.040175398169250191]
771 ; 3 ; 116 ; 3 ; [0.11592882611836136] ; [0.47833506541863358]
771 ; 3 ; 116 ; 5 ; [0.41306416607793439] ; [0.56765489163936367]
771 ; 3 ; 116 ; 6 ; [0.078470812130215131] ; [0.37480503345474708]
771 ; 3 ; 116 ; 7 ; [1.2789393066133308] ; [0.59002407737069207]
771 ; 3 ; 116 ; 9 ; [0.68250696691925838] ; [0.42336534313103819]
771 ; 3 ; 116 ; 10 ; [1.542826406049381] ; [1.047440458281008]
771 ; 3 ; 116 ; 14 ; [2.3353922791491057] ; [0.35916703349092116]
771 ; 3 ; 116 ; 15 ; [0.6858440428097734] ; [0.27730612802190469]
771 ; 3 ; 116 ; 17 ; [3.2436444381804872] ; [4.3642936454595871]
771 ; 3 ; 116 ; 18 ; [0.34018115218055367] ; [0.36399433295595834]
771 ; 3 ; 116 ; 19 ; [1.8498208931532722] ; [0.53893986581587705]
771 ; 3 ; 116 ; 20 ; [1.5456103340747744] ; [0.56373235236201558]
771 ; 3 ; 117 ; 1 ; [0.76418020883057636] ; [1.3302248588745529]
771 ; 3 ; 117 ; 2 ; [1.1947796544675384] ; [0.81643369280321698]
771 ; 3 ; 119 ; 3 ; [2.3630131758202859] ; [0.65249983151118662]
771 ; 3 ; 121 ; 0 ; [1.5306785438127635] ; [0.60266305708945467]
771 ; 3 ; 121 ; 1 ; [1.8053805317727953] ; [1.44276399260165]
771 ; 3 ; 123 ; 0 ; [0.3460280362028863] ; [0.0038950564567184695]
771 ; 3 ; 123 ; 1 ; [0.064610724452445076] ; [0.56743128103368967]
771 ; 3 ; 123 ; 4 ; [0.0074962281645969851] ; [0.85840382703817064]
771 ; 3 ; 124 ; 0 ; [-0.052215208112800719] ; [0.0094182861801525488]
771 ; 3 ; 125 ; 4 ; [2.9154356943034512] ; [3.2931480603752012]
771 ; 3 ; 125 ; 9 ; [1.5719168876485055] ; [1.1495647082642471]
771 ; 3 ; 125 ; 11 ; [0.94187114848512243] ; [2.2407275388452947]
771 ; 3 ; 125 ; 12 ; [0.016923079606919769] ; [1.3782417508168461]
771 ; 3 ; 126 ; 0 ; [0.75273155193477714] ; [0.039440482853127623]
771 ; 3 ; 127 ; 0 ; [0.0044970038526779953] ; [0.044467049769743028]
771 ; 3 ; 128 ; 0 ; [1.4025928208555185] ; [1.9212076141820718]
771 ; 3 ; 128 ; 4 ; [0.074620318202255509] ; [3.4174549909917391]
771 ; 3 ; 129 ; 0 ; [0.046983090819528991] ; [0.42865708085149712]
771 ; 3 ; 129 ; 1 ; [0.02796086132895859] ; [0.17465221170993797]
771 ; 3 ; 129 ; 2 ; [0.51786440019169921] ; [0.69849876582790793]
771 ; 3 ; 129 ; 3 ; [0.20509616576354794] ; [3.1648664259897883]
771 ; 3 ; 129 ; 5 ; [0.015155248944923677] ; [0.0093921890246567198]
771 ; 3 ; 129 ; 6 ; [1.0845976738623488] ; [3.4332471656140839]
771 ; 3 ; 131 ; 0 ; [0.43213218009555637] ; [0.13660876622178827]
771 ; 3 ; 131 ; 3 ; [0.50674402341093505] ; [0.069778283089698578]
771 ; 3 ; 131 ; 8 ; [0.14957847967226134] ; [0.72996904842338561]
771 ; 3 ; 131 ; 12 ; [0.1714206184946645] ; [3.0570587479321416]
771 ; 3 ; 131 ; 13 ; [3.4655739663879568] ; [0.60010577979554947]
771 ; 3 ; 131 ; 18 ; [0.18979979154246268] ; [0.46251353224045311]
771 ; 3 ; 132 ; 0 ; [1.682554371916352] ; [0.044930368407254721]
771 ; 3 ; 132 ; 5 ; [2.2763779092292791] ; [1.4739633423101133]
771 ; 3 ; 132 ; 7 ; [1.373598871250036] ; [0.63733267682138706]
771 ; 3 ; 134 ; 0 ; [0.12969086770275257] ; [0.045672591031177441]
771 ; 3 ; 135 ; 0 ; [1.858317222102863] ; [0.45739872042861912]
771 ; 3 ; 136 ; 0 ; [0.35193962495411679] ; [0.01343054860351899]
771 ; 3 ; 136 ; 1 ; [1.2327145587691317] ; [0.6916223778823084]
771 ; 3 ; 136 ; 2 ; [0.37870897892258648] ; [0.35224981023918972]
771 ; 3 ; 136 ; 3 ; [0.76892404341915888] ; [1.0173008652765196]
771 ; 3 ; 136 ; 4 ; [0.41359423023616809] ; [-0.059194471133558579]
771 ; 3 ; 136 ; 9 ; [0.56557634650930644] ; [0.76019631351654782]
771 ; 3 ; 136 ; 12 ; [0.80279185766622951] ; [3.6683634191559102]
771 ; 3 ; 136 ; 14 ; [1.5102875507935827] ; [0.38844809159078347]
771 ; 3 ; 136 ; 17 ; [0.98418255121755549] ; [2.7210797280518464]
771 ; 3 ; 136 ; 26 ; [1.2140952014706372] ; [0.68147536461704561]
771 ; 3 ; 137 ; 0 ; [2.3139608075874056] ; [1.1208777102928402]
771 ; 3 ; 138 ; 0 ; [-0.014967200857439442, 1.1501574633292515] ; [0.038922219365332564, 0.11972593387433]
771 ; 3 ; 138 ; 1 ; [0.16383532057149644] ; [0.10794747771450938]
771 ; 3 ; 138 ; 2 ; [0.33491953314814676] ; [0.250375868842028]
771 ; 3 ; 139 ; 0 ; [0.050773242398366676] ; [0.21250375341577241]
771 ; 3 ; 141 ; 0 ; [0.44135835161918902] ; [1.0305534584318925]
771 ; 3 ; 142 ; 0 ; [0.060953100236653381] ; [0.10938457753103729]
771 ; 3 ; 142 ; 1 ; [0.32116093707966525] ; [1.6225987031711933]
771 ; 3 ; 142 ; 2 ; [1.059303228510817] ; [2.6378658079227724]
771 ; 3 ; 142 ; 3 ; [2.3824006991044056] ; [0.51454488893052996]
771 ; 3 ; 142 ; 4 ; [0.014133646506622485] ; [0.82621728919548432]
771 ; 3 ; 143 ; 0 ; [0.47099957826887601] ; [-0.062540123025196057]
771 ; 3 ; 143 ; 1 ; [1.7212813666553284] ; [1.8461213433911585]
771 ; 3 ; 144 ; 0 ; [5.1993138354618837] ; [0.82178171792392252]
771 ; 3 ; 144 ; 1 ; [0.56959332669562512] ; [2.0918230433767082]
771 ; 3 ; 144 ; 2 ; [0.43236196494773693] ; [2.9269950464756946]
771 ; 3 ; 144 ; 3 ; [1.7597214645437453] ; [1.7168102207957139]
771 ; 3 ; 144 ; 6 ; [0.56188644452948322] ; [2.1331380423527455]
771 ; 3 ; 146 ; 0 ; [0.36429743162328704] ; [0.34414381156892826]
771 ; 3 ; 146 ; 6 ; [0.45604000078907486] ; [-0.049023902472928642]
771 ; 3 ; 146 ; 9 ; [1.1016039705603544] ; [2.4182525235009518]
771 ; 3 ; 147 ; 0 ; [-0.012085394602934561, 0.038912472334966045] ; [0.012973652529959153, 0.042809928308704344]
771 ; 3 ; 147 ; 1 ; [0.090456203074349428] ; [-0.003706913116617068]
771 ; 3 ; 147 ; 2 ; [0.77424051772239277] ; [0.080383730024918429]
771 ; 3 ; 149 ; 0 ; [0.16139611864230802] ; [0.1427807956964236]
771 ; 3 ; 150 ; 0 ; [1.8212491289993737] ; [3.7494718425585898]
771 ; 3 ; 150 ; 1 ; [1.682214196925468] ; [2.5052934087034262]
771 ; 3 ; 150 ; 2 ; [1.4168840527967075, 3.3345525701595133] ; [4.4840398627077258, 2.3461936526293781]
771 ; 3 ; 150 ; 3 ; [2.0089174928562663] ; [1.6065525525087596]
771 ; 3 ; 150 ; 4 ; [4.7304834168622119] ; [0.69671421503705744]
771 ; 3 ; 150 ; 5 ; [4.4016948332136012] ; [10.475382853107165]
771 ; 3 ; 150 ; 6 ; [0.75983469030964257] ; [3.6264534145822185]
771 ; 3 ; 150 ; 7 ; [5.5001713008794919] ; [1.4191029561031081]
771 ; 3 ; 150 ; 11 ; [1.439777424574824] ; [1.5017676538260565]
771 ; 3 ; 150 ; 13 ; [0.742817984625051] ; [1.9773986529147143]
771 ; 3 ; 150 ; 14 ; [4.8349404198977393] ; [8.2501703946542815]
771 ; 3 ; 151 ; 0 ; [1.8748183325334351] ; [1.140135590260019]
771 ; 3 ; 151 ; 2 ; [1.6559328596705134] ; [2.6573288948857599]
771 ; 3 ; 151 ; 3 ; [1.3202356963339918] ; [2.207181483795063]
771 ; 3 ; 151 ; 5 ; [2.5057774570118085] ; [1.4173723673737439]
771 ; 3 ; 151 ; 6 ; [0.87080763321283527] ; [1.94280766426789]
771 ; 3 ; 151 ; 7 ; [2.5191969522053217] ; [1.7492391357639006]
771 ; 3 ; 151 ; 9 ; [0.95495382966483267] ; [1.1369784773684977]
771 ; 3 ; 151 ; 10 ; [2.823285602916823] ; [1.4717755793118166]
771 ; 3 ; 151 ; 11 ; [3.0811834105330176] ; [1.8901298495929575]
771 ; 3 ; 153 ; 0 ; [1.4403126955679675] ; [0.78371671093997519]
771 ; 3 ; 153 ; 1 ; [0.81226797763884662] ; [0.52239138562874132]
771 ; 3 ; 153 ; 4 ; [1.3438328111286466] ; [0.0049460894413639262]
771 ; 3 ; 153 ; 7 ; [1.6283808101001307] ; [1.393042583842921]
771 ; 3 ; 153 ; 11 ; [2.7696217711084832] ; [2.1254520267078219]
771 ; 3 ; 153 ; 15 ; [0.75161758490686814] ; [1.2742046371873244]
771 ; 3 ; 154 ; 0 ; [0.084086128325695134] ; [0.1709707419100546]
771 ; 3 ; 155 ; 1 ; [1.2126741663861491] ; [2.2527255656222613]
771 ; 3 ; 156 ; 0 ; [0.88513901167172149] ; [0.0021854917972464172]
771 ; 3 ; 160 ; 0 ; [0.26572703728049629] ; [0.08240447584536964]
771 ; 3 ; 160 ; 1 ; [0.0054302327979913649] ; [0.01901374022815196]
771 ; 3 ; 161 ; 0 ; [0.56112657198599536] ; [0.60195428212166302]
771 ; 3 ; 161 ; 1 ; [0.78317070921332665] ; [0.25527818966611449]
771 ; 3 ; 161 ; 3 ; [0.070158400223952019] ; [0.27985973228906075]
771 ; 3 ; 161 ; 5 ; [2.0161839865503666] ; [1.2514768135698935]
771 ; 3 ; 161 ; 7 ; [1.3150906747885571] ; [1.1647880798041415]
771 ; 3 ; 162 ; 0 ; [0.52347647611773829] ; [0.33618884496905238]
771 ; 3 ; 162 ; 6 ; [-0.14979415107715] ; [0.76244551974719055]
771 ; 3 ; 164 ; 1 ; [1.640928877901809] ; [3.1958254504611698]
771 ; 3 ; 164 ; 2 ; [0.073872844945960664] ; [2.7645096204828339]
771 ; 3 ; 165 ; 0 ; [7.5158930624339444] ; [0.16772478945157074]
771 ; 3 ; 167 ; 0 ; [2.1228112307296478] ; [2.6434994956034896]
771 ; 3 ; 167 ; 1 ; [0.016796556061180346] ; [2.5062694437096504]
771 ; 3 ; 167 ; 2 ; [0.47786920848322934] ; [2.1468750838857167]
771 ; 3 ; 167 ; 3 ; [0.16295123723217531] ; [0.54919695198988649]
771 ; 3 ; 167 ; 4 ; [0.02539119341440289] ; [2.2460311990176471]
771 ; 3 ; 168 ; 1 ; [0.20487045975292031] ; [0.08521120194021263]
771 ; 3 ; 169 ; 5 ; [1.1101873417518338] ; [-0.015122319689582785]
771 ; 3 ; 170 ; 0 ; [0.20531889672870202] ; [0.44153610471003035]
771 ; 3 ; 170 ; 1 ; [0.67499114264910487] ; [0.48781375522827092]
771 ; 3 ; 170 ; 2 ; [0.54990046460663278] ; [0.2697253280730828]
771 ; 3 ; 170 ; 3 ; [0.00083439138656853616] ; [0.17942245246752639]
771 ; 3 ; 171 ; 2 ; [0.57554111318328016] ; [1.8020539708080174]
771 ; 3 ; 172 ; 0 ; [0.89424464569961348] ; [0.21878948949766669]
771 ; 3 ; 172 ; 1 ; [1.3172212956906379] ; [0.034447653106003069]
771 ; 3 ; 172 ; 4 ; [1.6009238996156399] ; [1.0412845893239233]
771 ; 3 ; 173 ; 0 ; [0.012195740955658273, -0.0046308739669208418] ; [0.14429365597638949, 0.059449814807928762]
771 ; 3 ; 180 ; 0 ; [1.5895765844988543] ; [0.13018038058782139]
771 ; 3 ; 183 ; 0 ; [0.097669324039420399] ; [-0.0058387039930513345]
771 ; 3 ; 184 ; 1 ; [1.101819494921966] ; [1.1882478286781752]
771 ; 3 ; 185 ; 0 ; [0.096519246757378496] ; [0.0017922351560604702]
771 ; 3 ; 187 ; 0 ; [1.5857162634081181] ; [0.055010846166452784]
771 ; 3 ; 187 ; 2 ; [1.2690248157636395] ; [3.3492109983646201]
771 ; 3 ; 187 ; 4 ; [0.77970869751160032] ; [0.18116387679629101]
771 ; 3 ; 187 ; 5 ; [8.4318260696690537] ; [0.94121511420265069]
771 ; 3 ; 187 ; 6 ; [1.1100567483923267] ; [1.9103423999451326]
771 ; 3 ; 187 ; 10 ; [2.674560460219519] ; [0.53613383953719262]
771 ; 3 ; 187 ; 11 ; [1.3394799146785419] ; [3.6860965137719295]
771 ; 3 ; 187 ; 13 ; [1.5149067608520177] ; [1.0595994249596929]
771 ; 3 ; 187 ; 14 ; [0.22648475684199415] ; [1.3447733082312174]
771 ; 3 ; 187 ; 16 ; [0.23327914087961943] ; [3.523356518598741]
771 ; 3 ; 187 ; 22 ; [0.15434843413667138] ; [1.0946058151918547]
771 ; 3 ; 187 ; 24 ; [0.47749187726511699] ; [1.4285375586986624]
771 ; 3 ; 187 ; 31 ; [2.2759639093843314] ; [2.5808641770229102]
771 ; 3 ; 187 ; 32 ; [1.9093927384831861] ; [1.5729024016906872]
771 ; 3 ; 188 ; 1 ; [1.0105348609038007] ; [0.84019261120156097]
771 ; 3 ; 188 ; 2 ; [0.96551610722956605] ; [1.2381770001676371]
771 ; 3 ; 189 ; 0 ; [0.92932980143536503] ; [1.6138014587453275]
771 ; 3 ; 189 ; 2 ; [0.3328539323905767] ; [1.972838352319487]
771 ; 3 ; 189 ; 3 ; [0.11239556716097766] ; [3.5781128009014718]
771 ; 3 ; 189 ; 4 ; [0.72193323125429321] ; [0.98997356717561702]
771 ; 3 ; 189 ; 6 ; [0.043670725387711912] ; [2.6797793681263946]
771 ; 3 ; 189 ; 7 ; [1.6590110149748809] ; [0.3529824831533766]
771 ; 3 ; 190 ; 0 ; [0.21020883609596244] ; [0.38134936523846691]
771 ; 3 ; 190 ; 1 ; [2.3164882868239434] ; [0.55915750885673188]
771 ; 3 ; 190 ; 3 ; [0.20887141122884978] ; [0.051473403255483823]
771 ; 3 ; 190 ; 10 ; [0.94866984434643165] ; [0.92405568246778613]
771 ; 3 ; 190 ; 14 ; [0.4506041566647529] ; [0.53000303335536769]
771 ; 3 ; 191 ; 0 ; [0.28994901117208405] ; [0.69858048908823123]
771 ; 3 ; 194 ; 0 ; [-0.025127898417228366, 0.29398920357913688] ; [0.00069112168341401575, 0.00060237365140040108]
771 ; 3 ; 194 ; 1 ; [1.7966856608214989] ; [1.1499072902815328]
771 ; 3 ; 194 ; 2 ; [1.6638506029856368] ; [1.7267560668899231]
771 ; 3 ; 194 ; 4 ; [3.6694585865079885] ; [2.1982448598471431]
771 ; 3 ; 194 ; 8 ; [1.2024904719639029] ; [1.7764588760814271]
771 ; 3 ; 195 ; 1 ; [1.7776161322423234] ; [4.0996422254631719]
771 ; 3 ; 196 ; 1 ; [-0.40143220234816562] ; [0.69105256550814453]
771 ; 3 ; 197 ; 0 ; [0.5952271431631867] ; [3.1155622118679513]
771 ; 3 ; 197 ; 1 ; [0.63741938219148275] ; [2.8086572967116417]
771 ; 3 ; 197 ; 2 ; [0.55057849255010793] ; [2.0141840748781776]
771 ; 3 ; 197 ; 3 ; [0.072738922798581837] ; [2.5587510552506934]
771 ; 3 ; 198 ; 0 ; [0.12330884864474286] ; [0.12496801570535983]
771 ; 3 ; 198 ; 2 ; [0.30784076085426065] ; [1.3650379172773504]
771 ; 3 ; 198 ; 6 ; [0.1693649800738859] ; [0.71034790176932572]
771 ; 3 ; 199 ; 0 ; [0.12180474108566783] ; [1.262679752692335]
771 ; 3 ; 199 ; 1 ; [0.82048624282595994] ; [2.7444180143035815]
771 ; 3 ; 199 ; 4 ; [1.1168530363497466] ; [1.7538614899141542]
771 ; 3 ; 199 ; 5 ; [2.1785800117155381] ; [1.891506405800838]
771 ; 3 ; 199 ; 6 ; [4.468650363200303] ; [2.6380904977693906]
771 ; 3 ; 199 ; 7 ; [1.2781344698931059] ; [3.142008382245177]
771 ; 3 ; 199 ; 11 ; [1.3986826630978466] ; [0.06093096817999126]
771 ; 3 ; 199 ; 12 ; [1.3215989948102169] ; [0.69356472462995078]
771 ; 3 ; 199 ; 13 ; [0.68808553139880013] ; [2.0305405956671669]
771 ; 3 ; 199 ; 18 ; [1.307889577342354] ; [0.26089519954246082]
771 ; 3 ; 199 ; 22 ; [4.1843863870367173] ; [1.4831656121395063]
771 ; 3 ; 200 ; 6 ; [1.332951540653623] ; [1.6436655789728769]
771 ; 3 ; 200 ; 7 ; [0.92014566367135886] ; [0.10507368551122288]
771 ; 3 ; 202 ; 0 ; [0.040078382478172067] ; [0.050652128317838149]
771 ; 3 ; 202 ; 1 ; [3.0409919992935239] ; [0.36205048977988014]
771 ; 3 ; 204 ; 0 ; [0.033162850772506441] ; [0.19224653547733161]
771 ; 3 ; 205 ; 0 ; [0.18203886753641824] ; [0.37823058262229975]
771 ; 3 ; 206 ; 0 ; [0.53169228293275517] ; [1.0235649114022978]
771 ; 3 ; 206 ; 1 ; [0.49139458071431585] ; [1.5580028859323636]
771 ; 3 ; 206 ; 2 ; [1.7225867114726996] ; [2.2283382738594537]
771 ; 3 ; 206 ; 3 ; [1.1437091441276392] ; [3.9604641918141854]
771 ; 3 ; 207 ; 0 ; [0.05587423275469993] ; [-0.12590419229900773]
771 ; 3 ; 209 ; 0 ; [0.10710674223020697] ; [-0.026813611473314528]
771 ; 3 ; 210 ; 0 ; [0.22124166535854434] ; [0.24574158587386752]
771 ; 3 ; 210 ; 3 ; [0.31825900186663347] ; [-0.00025700005890019604]
771 ; 3 ; 210 ; 5 ; [1.9674563927395545] ; [0.059731178058614318]
771 ; 3 ; 211 ; 0 ; [0.82392206457727013] ; [-0.01021680830796191]
771 ; 3 ; 211 ; 1 ; [0.1607855953540184] ; [0.15674193230730651]
771 ; 3 ; 211 ; 2 ; [1.4618431354848658] ; [1.5421309190430861]
771 ; 3 ; 211 ; 3 ; [1.6870018377185971] ; [0.89828757854785835]
771 ; 3 ; 211 ; 4 ; [7.4504925542647689] ; [2.5037110979259127]
771 ; 3 ; 211 ; 6 ; [4.3290012295978313] ; [3.4462431751782581]
771 ; 3 ; 211 ; 10 ; [2.8879592374567924] ; [0.97507066956647603]
771 ; 3 ; 215 ; 0 ; [0.056340236837189958] ; [-0.0070977827200906533]
771 ; 3 ; 219 ; 0 ; [0.44522252740958862] ; [0.16241971637409558]
771 ; 3 ; 219 ; 1 ; [0.14659419001224372] ; [0.08604880690445206]
771 ; 3 ; 219 ; 9 ; [0.040090566348615984] ; [0.045291185566105757]
771 ; 3 ; 222 ; 0 ; [2.0686016850270597] ; [0.8685268573805901]
771 ; 3 ; 222 ; 1 ; [1.4695836787638774] ; [0.10210180097531155]
771 ; 3 ; 222 ; 2 ; [2.1639439993888332] ; [1.1729993463476942]
771 ; 3 ; 222 ; 4 ; [1.1857891810033947] ; [5.2535571268028551]
771 ; 3 ; 222 ; 5 ; [1.5831770525230329] ; [0.96328174002137146]
771 ; 3 ; 222 ; 6 ; [1.2711874890293797] ; [0.55299615800858692]
771 ; 3 ; 222 ; 7 ; [2.0036685560550866] ; [0.75955729688802032]
771 ; 3 ; 222 ; 11 ; [1.2905366404141074] ; [0.92883170199619147]
771 ; 3 ; 224 ; 0 ; [0.054794540087196315] ; [0.60289223094444089]
771 ; 3 ; 225 ; 1 ; [0.16498406510532276] ; [0.26897684230178387]
771 ; 3 ; 228 ; 0 ; [0.22027418830991843] ; [0.31272939195073313]
771 ; 3 ; 230 ; 0 ; [1.4100701378108398] ; [0.58378077444117782]
771 ; 3 ; 230 ; 1 ; [3.5032348051840634] ; [0.30012527672060324]
771 ; 3 ; 230 ; 2 ; [3.3667600487881209] ; [1.2640746639417646]
771 ; 3 ; 230 ; 3 ; [0.25995326318314121] ; [-0.0068574167652380377]
771 ; 3 ; 230 ; 5 ; [1.1458643532176283] ; [2.1188151116891896]
771 ; 3 ; 230 ; 7 ; [0.55270915022760281] ; [1.9907631628015563]
771 ; 3 ; 230 ; 8 ; [1.14891247859396] ; [0.51149201277461098]
771 ; 3 ; 234 ; 0 ; [0.57429236686397922] ; [3.7058885448514545]
771 ; 3 ; 236 ; 0 ; [0.069228944130253878] ; [0.017853441071945707]
771 ; 3 ; 236 ; 1 ; [0.34683692332909605] ; [0.0086444469051556432]
771 ; 3 ; 237 ; 0 ; [-0.041691282129203394] ; [-0.017659298194163876]
771 ; 3 ; 238 ; 0 ; [0.20237442387390528] ; [0.44179889017495222]
771 ; 3 ; 238 ; 1 ; [2.0135487672427188] ; [0.30039300166813998]
771 ; 3 ; 238 ; 2 ; [0.029036211336211148] ; [0.18670766219551471]
771 ; 3 ; 238 ; 7 ; [0.011280766101096225] ; [1.725787337961078]
771 ; 3 ; 239 ; 0 ; [0.36932835968073185] ; [0.3512470254525295]
771 ; 3 ; 239 ; 1 ; [2.3948923858614508] ; [0.42125955521618685]
771 ; 3 ; 239 ; 2 ; [0.60475972673547485] ; [0.39544980851110517]
771 ; 3 ; 239 ; 5 ; [2.6738516817800897] ; [2.2881812312789584]
771 ; 3 ; 239 ; 6 ; [2.5678262275847175] ; [2.8087700018485018]
771 ; 3 ; 239 ; 7 ; [1.7593961938287723] ; [1.954142854593623]
771 ; 3 ; 241 ; 0 ; [0.085397169483706903] ; [0.34947999466042629]
771 ; 3 ; 241 ; 2 ; [0.044709987397458219] ; [0.5795376310373912]
771 ; 3 ; 242 ; 0 ; [0.92855233101177881] ; [0.16683299075507699]
771 ; 3 ; 242 ; 2 ; [1.8656027058731379] ; [0.29345644764928286]
771 ; 3 ; 242 ; 7 ; [1.3596169856251621] ; [0.26388266036817409]
771 ; 3 ; 243 ; 0 ; [0.3828628463997269] ; [0.97881749406031138]
771 ; 3 ; 243 ; 1 ; [0.1068951749256741] ; [1.7685106175172327]
771 ; 3 ; 243 ; 2 ; [1.7432847507163098] ; [2.0462926595433815]
771 ; 3 ; 243 ; 3 ; [1.4758956020071656] ; [2.4388024445602126]
771 ; 3 ; 243 ; 4 ; [1.5310335374170658] ; [0.49971917412001138]
771 ; 3 ; 243 ; 9 ; [0.43458646729651079] ; [3.0476648294279851]
771 ; 3 ; 244 ; 1 ; [4.1221790196753734] ; [0.8790551527617142]
771 ; 3 ; 245 ; 2 ; [3.0007684275444748] ; [2.3343591849902046]
771 ; 3 ; 245 ; 4 ; [1.9218788053403755] ; [-0.019921195791898383]
771 ; 3 ; 245 ; 7 ; [1.4051699468539509] ; [1.5012008140323134]
771 ; 3 ; 245 ; 8 ; [1.8239183158270618] ; [12.466200595220847]
771 ; 3 ; 246 ; 0 ; [0.46599476298268039] ; [0.23150428577901833]
771 ; 3 ; 246 ; 1 ; [-0.075057240134772843] ; [0.13746566486172412]
771 ; 3 ; 247 ; 0 ; [2.5694291623009233] ; [1.1236486575740416]
771 ; 3 ; 247 ; 2 ; [1.3442420609252406] ; [1.6314511868092163]
771 ; 3 ; 247 ; 3 ; [3.5649472165930005] ; [8.1330761830566782]
771 ; 3 ; 247 ; 4 ; [0.80605212037227536] ; [0.49101911909067208]
771 ; 3 ; 247 ; 5 ; [1.990747148240323] ; [0.67201787074578678]
771 ; 3 ; 247 ; 9 ; [2.3368212428026531] ; [5.2190214319720196]
771 ; 3 ; 247 ; 10 ; [18.948808048804672] ; [1.599472870441182]
771 ; 3 ; 248 ; 0 ; [0.37961112694565269] ; [0.46440935940132289]
771 ; 3 ; 249 ; 0 ; [1.6537550613274961] ; [0.60599559014064242]
771 ; 3 ; 249 ; 3 ; [1.5311822086164613] ; [2.3081912880594295]
771 ; 3 ; 249 ; 4 ; [0.057285303871604298] ; [1.4533629696891963]
771 ; 3 ; 250 ; 0 ; [7.0884726819114787] ; [0.048068550032308179]
771 ; 3 ; 250 ; 1 ; [0.40311197237057933] ; [-0.0025336467788382579]
771 ; 3 ; 251 ; 0 ; [-0.020878560411736725, 0.065125447579746476] ; [0.074874339096004647, 0.17798984960206177]
771 ; 3 ; 251 ; 1 ; [-0.026790622169399994] ; [-0.034071340006460782]
771 ; 3 ; 252 ; 0 ; [0.51136582617255244, 0.58403734587638978] ; [-0.060578767047663434, -0.04676265738949021]
771 ; 3 ; 252 ; 1 ; [0.58247819344192053] ; [0.15622053232062458]
771 ; 3 ; 252 ; 2 ; [0.17170657566358261] ; [0.4757672893867006]
771 ; 3 ; 252 ; 3 ; [3.0335360749772038] ; [0.068980509388628208]
771 ; 3 ; 252 ; 4 ; [2.9491114936675822] ; [2.8075150448621371]
771 ; 3 ; 252 ; 5 ; [0.037801001124411732] ; [2.281725499529955]
771 ; 3 ; 252 ; 6 ; [-0.011084935075364927] ; [0.22082382390730304]
771 ; 3 ; 252 ; 7 ; [0.66344350641261329] ; [0.16990426442916345]
771 ; 3 ; 252 ; 8 ; [4.2139729997914914] ; [0.076002716497985318]
771 ; 3 ; 252 ; 9 ; [0.057462648369868551] ; [0.74675492464236493]
771 ; 3 ; 252 ; 10 ; [0.93549636310268747] ; [3.5978132925195871]
771 ; 3 ; 252 ; 11 ; [0.81932935711962973] ; [0.5722456288109018]
771 ; 3 ; 252 ; 17 ; [4.8800572832451019] ; [1.5484699591610938]
771 ; 3 ; 253 ; 0 ; [1.1734871419566613] ; [0.14706938002587985]
771 ; 3 ; 255 ; 0 ; [0.10059372734010666] ; [0.67079450280222286]
771 ; 3 ; 259 ; 0 ; [0.21079767982076109] ; [0.075168990867748087]
771 ; 3 ; 259 ; 4 ; [0.43493613992284053] ; [0.68975112794148286]
771 ; 3 ; 259 ; 7 ; [0.31721014799428315] ; [2.1688952269798314]
771 ; 3 ; 259 ; 8 ; [0.49325412317561507] ; [1.2360027925724075]
771 ; 3 ; 260 ; 0 ; [0.0015644160494779108] ; [0.014211926476742633]
771 ; 3 ; 261 ; 0 ; [0.21524450046030152] ; [0.20991266709704676]
771 ; 3 ; 262 ; 0 ; [0.46534810375745955] ; [2.888874347065177]
771 ; 3 ; 262 ; 1 ; [2.0846358507880356] ; [1.8787247319069567]
771 ; 3 ; 262 ; 4 ; [0.50894015708435181] ; [2.3436790805367393]
771 ; 3 ; 262 ; 5 ; [2.6755758486849448] ; [0.0010600966724117345]
771 ; 3 ; 262 ; 6 ; [2.0760294556469461] ; [7.7384903773225924]
771 ; 3 ; 262 ; 8 ; [2.0761390569001468] ; [1.4266566592575061]
771 ; 3 ; 262 ; 13 ; [0.041497436907154225] ; [0.074148355379009032]
771 ; 3 ; 263 ; 0 ; [0.13705606817652488] ; [-0.023205700170037053]
771 ; 3 ; 263 ; 1 ; [1.4081059814850549] ; [0.067405454753258057]
771 ; 3 ; 264 ; 0 ; [0.14226835219993769] ; [0.041839798355591068]
771 ; 3 ; 264 ; 1 ; [0.40033257563641533] ; [0.45939776528287068]
771 ; 3 ; 264 ; 2 ; [0.94095908271015016] ; [2.1588252464273006]
771 ; 3 ; 264 ; 3 ; [0.86391828455660746] ; [0.52476061684393016]
771 ; 3 ; 265 ; 0 ; [0.35695572633152639] ; [0.26109102590862793]
771 ; 3 ; 265 ; 1 ; [0.58389604632552095] ; [0.69265656528186126]
771 ; 3 ; 265 ; 4 ; [0.05917329112630354] ; [0.37393274723049968]
771 ; 3 ; 265 ; 5 ; [0.074131650030703961] ; [1.6433161964307101]
771 ; 3 ; 268 ; 0 ; [0.3950061384446375] ; [0.46743947902165789]
771 ; 3 ; 268 ; 1 ; [0.23653688806423384] ; [0.26140486583959405]
771 ; 3 ; 268 ; 2 ; [1.1278702045898878] ; [0.51906134801251702]
771 ; 3 ; 269 ; 1 ; [0.46384915907347624] ; [2.8477451687632884]
771 ; 3 ; 272 ; 0 ; [1.192153970345563] ; [0.0095513854202515219]
771 ; 3 ; 272 ; 1 ; [0.26046445919918126] ; [0.090919447065759398]
771 ; 3 ; 272 ; 2 ; [0.77403217107585509] ; [1.457690255666799]
771 ; 3 ; 272 ; 3 ; [0.41760804572304006] ; [2.1240344202214478]
771 ; 3 ; 273 ; 0 ; [0.036965486820063162] ; [0.27527324693160349]
771 ; 3 ; 273 ; 1 ; [2.187985468390214] ; [0.099022222622282816]
771 ; 3 ; 276 ; 0 ; [0.29337223711044741] ; [0.038194126240321952]
771 ; 3 ; 277 ; 0 ; [1.181008302606644] ; [0.67995490293476246]
771 ; 3 ; 277 ; 2 ; [6.0030661999954447] ; [0.83099096213908363]
771 ; 3 ; 278 ; 0 ; [-0.030610328334529851] ; [0.41724579226414482]
771 ; 3 ; 279 ; 0 ; [1.2781391458986151] ; [0.58448923946534281]
771 ; 3 ; 279 ; 11 ; [0.26391304422900247] ; [0.54599965457549238]
771 ; 3 ; 281 ; 0 ; [0.11921262114753785] ; [0.20261430306634348]
771 ; 3 ; 281 ; 1 ; [0.074337303317866976] ; [0.25979321521114174]
771 ; 3 ; 281 ; 2 ; [0.047045050293073563] ; [0.48319677624420287]
771 ; 3 ; 282 ; 0 ; [0.072881984405957362] ; [4.1315864159914666]
771 ; 3 ; 285 ; 6 ; [0.34150765481411172] ; [-0.0025037249268954052]
771 ; 3 ; 285 ; 10 ; [0.089574697167530928] ; [1.0598870860075602]
771 ; 3 ; 287 ; 0 ; [5.0936411425223067, -0.0061135272350596051] ; [0.54217374873152246, 0.0054985944027361499]
771 ; 3 ; 287 ; 5 ; [0.61644440230271569] ; [2.9238337243288117]
771 ; 3 ; 288 ; 1 ; [2.5428933943252607] ; [0.77580951725675118]
771 ; 3 ; 289 ; 0 ; [1.0075728182033057] ; [0.38315866788573422]
771 ; 3 ; 289 ; 1 ; [1.3615232451887751] ; [0.37972120557153149]
771 ; 3 ; 289 ; 2 ; [0.46960225767188324] ; [1.7130642389388833]
771 ; 3 ; 289 ; 3 ; [3.2099898087709433] ; [0.068855026565674188]
771 ; 3 ; 289 ; 4 ; [2.2186006318312228] ; [0.80572897811046684]
771 ; 3 ; 289 ; 7 ; [2.7130342876732336] ; [0.47922008926627091]
771 ; 3 ; 289 ; 10 ; [0.10307733652788967] ; [0.93230516787173312]
771 ; 3 ; 290 ; 0 ; [1.5497310804018518] ; [0.13930076700605484]
771 ; 3 ; 290 ; 2 ; [2.1042847770998736] ; [1.6263114190747603]
771 ; 3 ; 290 ; 4 ; [1.4928927825596501] ; [2.7556209951141306]
771 ; 3 ; 290 ; 6 ; [2.9743747897792385] ; [3.2478332847278653]
771 ; 3 ; 290 ; 7 ; [1.6460180853039796] ; [0.40268350845703094]
771 ; 3 ; 290 ; 13 ; [1.3511357919231044] ; [1.0664134646891255]
771 ; 3 ; 290 ; 14 ; [1.4238093836427193] ; [2.2653329161631701]
771 ; 3 ; 292 ; 0 ; [1.0590098730340243] ; [0.21633042141678754]
771 ; 3 ; 292 ; 1 ; [0.57018240769351936] ; [0.58993178373975297]
771 ; 3 ; 292 ; 2 ; [0.41489719128965252] ; [0.66083734995080023]
771 ; 3 ; 292 ; 3 ; [0.71560379538439423] ; [0.23215185260053897]
771 ; 3 ; 292 ; 11 ; [1.2469022849460871] ; [0.29385881572772549]
771 ; 3 ; 294 ; 0 ; [0.16782264326958454] ; [-0.13570429771196055]
771 ; 3 ; 295 ; 0 ; [5.2804013925891748] ; [0.013528501436011461]
771 ; 3 ; 295 ; 1 ; [1.0076607515038252] ; [1.0860877660588268]
771 ; 3 ; 295 ; 2 ; [0.0050991020943417301] ; [1.329512607944852]
771 ; 3 ; 295 ; 3 ; [10.766802514795485] ; [0.036972559326363855]
771 ; 3 ; 296 ; 0 ; [0.024271260713675614] ; [0.010091198650177637]
771 ; 3 ; 297 ; 0 ; [0.080947357124673616] ; [0.14145632872263703]
771 ; 3 ; 297 ; 2 ; [0.29977069337550782] ; [0.39854963657127784]
771 ; 3 ; 298 ; 0 ; [0.057436409948357636] ; [0.41631038180687352]
771 ; 3 ; 299 ; 0 ; [3.3557746972122042, 0.18177522143331432] ; [0.58646592949633825, 0.5192357331609031]
771 ; 3 ; 299 ; 2 ; [2.4949136375193182] ; [0.012140996689032608]
771 ; 3 ; 299 ; 3 ; [2.9809292132521126] ; [6.8866779036044372]
771 ; 3 ; 299 ; 4 ; [2.7086167887764456] ; [0.56128261642237698]
771 ; 3 ; 300 ; 1 ; [0.23684843042888126] ; [0.57127769574843112]
771 ; 3 ; 300 ; 2 ; [1.6539822534234847] ; [3.7116951677161243]
771 ; 3 ; 301 ; 0 ; [0.56094932091415661] ; [0.31159523774355158]
771 ; 3 ; 303 ; 0 ; [0.011248558917705456] ; [0.22692473114918546]
771 ; 3 ; 304 ; 0 ; [-1.0690052745950704] ; [0.31014346139399473]
771 ; 3 ; 304 ; 1 ; [1.4795302787409534] ; [0.34632962419950619]
771 ; 3 ; 304 ; 4 ; [1.789515906555218] ; [1.0778864035823912]
771 ; 3 ; 305 ; 0 ; [0.52993198914683948] ; [0.36604810877385419]
771 ; 3 ; 305 ; 1 ; [0.31867423538476702] ; [0.19508249305086048]
771 ; 3 ; 305 ; 2 ; [0.14030086996628749, 0.90442502013021142] ; [0.58127454261726974, 0.22348010720257061]
771 ; 3 ; 306 ; 0 ; [6.5555448111522461] ; [5.0278786504947615]
771 ; 3 ; 306 ; 1 ; [4.2014304883815621] ; [5.6560157179805985]
771 ; 3 ; 307 ; 0 ; [1.0537512181925346] ; [0.61444363960625237]
771 ; 3 ; 307 ; 1 ; [0.0012098930881692582] ; [0.047850254030247889]
771 ; 3 ; 308 ; 1 ; [0.13352156888092293] ; [2.3889942303983709]
771 ; 3 ; 308 ; 4 ; [0.029290970826751837] ; [0.61361910629834115]
771 ; 3 ; 308 ; 6 ; [1.1437537466750902] ; [0.7851655528199295]
771 ; 3 ; 308 ; 11 ; [1.0503223362362148] ; [0.75209753281448211]
771 ; 3 ; 308 ; 13 ; [0.1412778345755232] ; [2.4611133844192468]
771 ; 3 ; 308 ; 14 ; [0.06451457346637722] ; [2.5161460673864404]
771 ; 3 ; 310 ; 0 ; [0.88927606013489435] ; [0.0057668835756241668]
771 ; 3 ; 311 ; 1 ; [2.1710043913218455] ; [2.5743216743114612]
771 ; 3 ; 312 ; 0 ; [0.14022095946474572] ; [0.71397320675131226]
771 ; 3 ; 312 ; 1 ; [0.062089926023189905] ; [0.62358076734831502]
771 ; 3 ; 312 ; 2 ; [0.065162337948941454] ; [1.3806622097677532]
771 ; 3 ; 312 ; 3 ; [0.04243791241402517] ; [0.94544832870280404]
771 ; 3 ; 312 ; 7 ; [0.06571007886167704] ; [0.64945620570544604]
771 ; 3 ; 312 ; 8 ; [0.06349375390719772] ; [0.79516048148370277]
771 ; 3 ; 315 ; 0 ; [-0.00050957852584873392] ; [0.85606621969086383]
771 ; 3 ; 315 ; 1 ; [0.84260785272690253] ; [1.2449348884342279]
771 ; 3 ; 315 ; 2 ; [0.19964503514427775] ; [0.7339697489430741]
771 ; 3 ; 315 ; 4 ; [0.33539149351778047] ; [0.90679222019320327]
771 ; 3 ; 315 ; 7 ; [-0.00087486855464151219] ; [1.4236098235950103]
771 ; 3 ; 317 ; 0 ; [1.4296597492453653] ; [0.48949429993881816]
771 ; 3 ; 317 ; 1 ; [0.10031212764266918] ; [-0.013638164971442235]
771 ; 3 ; 317 ; 2 ; [0.15554773895413984] ; [0.26229370597516244]
771 ; 3 ; 318 ; 0 ; [-0.024503497875682401] ; [0.13077696971145383]
771 ; 3 ; 318 ; 2 ; [2.3600446404756608] ; [0.89456714751459965]
771 ; 3 ; 318 ; 4 ; [1.3181808825689896] ; [1.250736642930284]
771 ; 3 ; 318 ; 6 ; [1.7311401161776065] ; [2.4363752691909202]
771 ; 3 ; 318 ; 7 ; [3.6333923103081625] ; [1.605545954165339]
771 ; 3 ; 318 ; 8 ; [0.72785747551245739] ; [1.5990161347364078]
771 ; 3 ; 319 ; 0 ; [0.030025656783087506] ; [0.056331449736905993]
771 ; 3 ; 319 ; 1 ; [0.015034921230826202] ; [0.012957381929231819]
771 ; 3 ; 320 ; 0 ; [0.38238558155411806] ; [0.55897347960116306]
771 ; 3 ; 321 ; 0 ; [0.14396581342698833] ; [0.48364143008729032]
771 ; 3 ; 321 ; 2 ; [0.1803581007659027] ; [1.9290283335243914]
771 ; 3 ; 321 ; 3 ; [0.28329768113680864] ; [-0.062600616082864408]
771 ; 3 ; 321 ; 4 ; [0.052663629252964118] ; [0.0022892163044390076]
771 ; 3 ; 321 ; 5 ; [0.78741294724579736] ; [2.0712042748747517]
771 ; 3 ; 321 ; 8 ; [0.068461898408433641] ; [-0.057057728388667253]
771 ; 3 ; 323 ; 0 ; [0.29652449963028971] ; [0.42491338989665439]
771 ; 3 ; 323 ; 1 ; [0.12461061642074595] ; [0.2317605216883489]
771 ; 3 ; 323 ; 2 ; [0.20599611400251325] ; [1.8265641680654172]
771 ; 3 ; 323 ; 13 ; [1.2231505120792754] ; [1.2952416169904335]
771 ; 3 ; 323 ; 14 ; [0.78176678888081463] ; [0.77977838773546171]
771 ; 3 ; 324 ; 0 ; [0.18354913637675424] ; [3.4995712777794075]
771 ; 3 ; 324 ; 1 ; [0.41538146354224331] ; [0.047540653013862365]
771 ; 3 ; 324 ; 2 ; [0.13574520009150004] ; [0.87111738858729904]
771 ; 3 ; 326 ; 0 ; [0.059909389967638262] ; [-0.026172289574563894]
771 ; 3 ; 326 ; 1 ; [5.2392051448690014] ; [0.23749527037178644]
771 ; 3 ; 327 ; 0 ; [-0.0097588323497947108] ; [0.0043239651996286122]
771 ; 3 ; 327 ; 1 ; [0.24599405103617214] ; [1.451856889922829]
771 ; 3 ; 328 ; 0 ; [1.397103065028376, 0.023505418660591068] ; [-0.016197237422528179, -0.05605093654062978]
771 ; 3 ; 328 ; 1 ; [0.84683914987726494] ; [0.45445473926971336]
771 ; 3 ; 328 ; 2 ; [0.57395035054885302] ; [1.9272000100347533]
771 ; 3 ; 328 ; 3 ; [0.22654177633439396] ; [21.66656366094691]
771 ; 3 ; 329 ; 0 ; [0.00037827561394551549] ; [0.36696419328156815]
771 ; 3 ; 329 ; 2 ; [0.13998461959069186] ; [-0.0047163611522439289]
771 ; 3 ; 331 ; 0 ; [0.54924685187289646] ; [0.24915014456924295]
771 ; 3 ; 331 ; 1 ; [0.18960783326961167] ; [1.1373651872145401]
771 ; 3 ; 331 ; 2 ; [0.67735325481707298] ; [0.037174394199392738]
771 ; 3 ; 331 ; 4 ; [1.5309547677341702] ; [0.038060477507793226]
771 ; 3 ; 331 ; 5 ; [1.0289858516293107] ; [0.98751290522322333]
771 ; 3 ; 331 ; 6 ; [1.4250941705111762] ; [1.6658457392493997]
771 ; 3 ; 331 ; 7 ; [1.3659379869622921] ; [2.0804145176205786]
771 ; 3 ; 331 ; 9 ; [1.7808168899681789] ; [1.517881274377717]
771 ; 3 ; 331 ; 11 ; [1.160017165211662] ; [2.7518388099255939]
771 ; 3 ; 331 ; 12 ; [0.95993875290798258] ; [2.4644676217357318]
771 ; 3 ; 334 ; 0 ; [3.037272517242763] ; [0.046410838069207275]